before u = 10.000000 10.000000 10.000000 10.000000 10.000000 10.000000 10.000000 10.000000 10.000000 10.000000 10.000000 10.000000 10.000000 10.000000 10.000000 10.000000 10.000000 10.000000 10.000000 10.000000 10.000000 10.000000 10.000000 10.000000 10.000000 10.000000 10.000000 
before v = 10.000000 10.000000 10.000000 10.000000 10.000000 10.000000 10.000000 10.000000 10.000000 10.000000 10.000000 10.000000 10.000000 10.000000 10.000000 10.000000 10.000000 10.000000 10.000000 10.000000 10.000000 10.000000 10.000000 10.000000 10.000000 70.000000 10.000000 
Ibias = 9.400000 9.400000 9.400000 9.400000 9.400000 9.400000 9.400000 9.400000 2.000000 2.000000 2.000000 2.000000 2.000000 2.000000 2.000000 2.000000 2.000000 2.000000 2.000000 2.000000 2.000000 2.000000 -2.000000 16.000000 16.000000 10.000000 -11.000000 
fa1 = 28.900000 23.400000 23.400000 23.400000 23.400000 23.400000 23.400000 23.400000 20.000000 20.000000 20.000000 20.000000 20.000000 20.000000 20.000000 16.000000 16.000000 16.000000 16.000000 16.000000 16.000000 16.000000 12.000000 48.000000 48.000000 46.000000 13.000000 
fa2 = 28.584735 23.144948 23.144948 23.144948 23.144948 23.144948 23.144948 23.144948 19.782200 19.782200 19.782200 19.782200 19.782200 19.782200 19.782200 15.826056 15.826056 15.826056 15.826056 15.826056 15.826056 15.826056 11.869944 47.475104 47.475104 46.599716 12.857969 
fa3 = 28.588182 23.147739 23.147739 23.147739 23.147739 23.147739 23.147739 23.147739 19.784585 19.784585 19.784585 19.784585 19.784585 19.784585 19.784585 15.827962 15.827962 15.827962 15.827962 15.827962 15.827962 15.827962 11.871370 47.480823 47.480823 46.607563 12.859526 
fa4 = 28.277923 22.896488 22.896488 22.896488 22.896488 22.896488 22.896488 22.896488 19.569900 19.569900 19.569900 19.569900 19.569900 19.569900 19.569900 15.656383 15.656383 15.656383 15.656383 15.656383 15.656383 15.656383 11.742990 46.966030 46.966030 47.219676 12.719349 
fb1 = -0.360000 -0.360000 -0.360000 -0.360000 -0.360000 -0.360000 -0.360000 -0.360000 -0.360000 -0.360000 -0.360000 -0.360000 -0.360000 -0.360000 -0.360000 -0.360000 -0.360000 -0.360000 -0.360000 -0.360000 -0.360000 -0.360000 -0.360000 -0.160000 -0.160000 0.080000 -0.160000 
fb2 = -0.359350 -0.359460 -0.359460 -0.359460 -0.359460 -0.359460 -0.359460 -0.359460 -0.359528 -0.359528 -0.359528 -0.359528 -0.359528 -0.359528 -0.359528 -0.359608 -0.359608 -0.359608 -0.359608 -0.359608 -0.359608 -0.359608 -0.359688 -0.159024 -0.159024 0.080912 -0.159724 
fb3 = -0.359356 -0.359465 -0.359465 -0.359465 -0.359465 -0.359465 -0.359465 -0.359465 -0.359532 -0.359532 -0.359532 -0.359532 -0.359532 -0.359532 -0.359532 -0.359612 -0.359612 -0.359612 -0.359612 -0.359612 -0.359612 -0.359612 -0.359691 -0.159035 -0.159035 0.080924 -0.159727 
fb4 = -0.358713 -0.358930 -0.358930 -0.358930 -0.358930 -0.358930 -0.358930 -0.358930 -0.359065 -0.359065 -0.359065 -0.359065 -0.359065 -0.359065 -0.359065 -0.359223 -0.359223 -0.359223 -0.359223 -0.359223 -0.359223 -0.359223 -0.359381 -0.158069 -0.158069 0.081848 -0.159454 
I = 14.900000 9.400000 9.400000 9.400000 9.400000 9.400000 9.400000 9.400000 6.000000 6.000000 6.000000 6.000000 6.000000 6.000000 6.000000 2.000000 2.000000 2.000000 2.000000 2.000000 2.000000 2.000000 -2.000000 24.000000 24.000000 10.000000 -11.000000 
fa1 = 28.900000 23.400000 23.400000 23.400000 23.400000 23.400000 23.400000 23.400000 20.000000 20.000000 20.000000 20.000000 20.000000 20.000000 20.000000 16.000000 16.000000 16.000000 16.000000 16.000000 16.000000 16.000000 12.000000 48.000000 48.000000 46.000000 13.000000 
S1 = 0.000000 0.000000 0.000000 0.000000 0.000000 0.000000 0.000000 0.000000 0.000000 0.000000 0.000000 0.000000 0.000000 0.000000 0.000000 0.000000 0.000000 0.000000 0.000000 0.000000 0.000000 0.000000 0.000000 0.000000 0.000000 0.000000 0.000000 
S2 = 0.000000 0.000000 0.000000 0.000000 0.000000 0.000000 0.000000 0.000000 0.000000 0.000000 0.000000 0.000000 0.000000 0.000000 0.000000 0.000000 0.000000 0.000000 0.000000 0.000000 0.000000 0.000000 0.000000 0.000000 0.000000 0.000000 0.000000 
u = 9.996406 9.996405 9.996405 9.996405 9.996405 9.996405 9.996405 9.996405 9.996405 9.996405 9.996405 9.996405 9.996405 9.996405 9.996405 9.996404 9.996404 9.996404 9.996404 9.996404 9.996404 9.996404 9.996403 9.998410 9.998410 10.000809 9.998403 
v = 10.285873 10.231470 10.231470 10.231470 10.231470 10.231470 10.231470 10.231470 10.197839 10.197839 10.197839 10.197839 10.197839 10.197839 10.197839 10.158274 10.158274 10.158274 10.158274 10.158274 10.158274 10.158274 10.118709 10.474796 10.474796 70.466057 10.128591 
