1 23 1
23 1 -5.8
1 9 0.35
2 9 0
9 2 0.3
2 23 1
23 2 -5.8
2 10 0.35
3 10 0
10 3 0.3
2 16 0.35
1 16 0
16 1 0.3
3 23 1
23 3 -5.8
3 11 0.35
4 11 0
11 4 0.3
3 17 0.35
2 17 0
17 2 0.3
4 23 1
23 4 -5.8
4 12 0.35
5 12 0
12 5 0.3
4 18 0.35
3 18 0
18 3 0.3
5 23 1
23 5 -5.8
5 13 0.35
6 13 0
13 6 0.3
5 19 0.35
4 19 0
19 4 0.3
6 23 1
23 6 -5.8
6 14 0.35
7 14 0
14 7 0.3
6 20 0.35
5 20 0
20 5 0.3
7 23 1
23 7 -5.8
7 15 0.35
8 15 0
15 8 0.3
7 21 0.35
6 21 0
21 6 0.3
8 23 1
23 8 -5.8
8 22 0.35
7 22 0
22 7 0.3
27 27 0
