 s8
before u = 10; 10; 10; 10; 10; 10; 10; 10; 10; 10; 10; 10; 10; 10; 10; 10; 10; 10; 10; 10; 10; 10; 10; 10; 10; 10; 10;
before v = 10; 10; 10; 10; 10; 10; 10; 10; 10; 10; 10; 10; 10; 10; 10; 10; 10; 10; 10; 10; 10; 10; 10; 10; 10; 70; 10;
A = 0.04; 0.04; 0.04; 0.04; 0.04; 0.04; 0.04; 0.04; 0.04; 0.04; 0.04; 0.04; 0.04; 0.04; 0.04; 0.04; 0.04; 0.04; 0.04; 0.04; 0.04; 0.04; 0.04; 0.02; 0.02; 0.02; 0.02;
B = 0.10; 0.10; 0.10; 0.10; 0.10; 0.10; 0.10; 0.10; 0.10; 0.10; 0.10; 0.10; 0.10; 0.10; 0.10; 0.10; 0.10; 0.10; 0.10; 0.10; 0.10; 0.10; 0.10; 0.20; 0.20; 0.20; 0.20;
C =60.50; 60.50; 60.50; 60.50; 60.50; 60.50; 60.50; 60.50; 48; 48; 48; 48; 48; 48; 48; 48; 48; 48; 48; 48; 48; 48; 43; 55; 55; 60.50; 43; BoundNe: 8
D = 0.10; 0.10; 0.10; 0.10; 0.10; 0.10; 0.10; 0.10; 0.10; 0.10; 0.10; 0.10; 0.10; 0.10; 0.10; 0.10; 0.10; 0.10; 0.10; 0.10; 0.10; 0.10; 0.10; 0.10; 0.10; 0.10; 0.10; ***ExternalI***** 5.5; 0; 0; 0; 0; 0; 0; 0; 4; 4; 4; 4; 4; 4; 4; 0; 0; 0; 0; 0; 0; 0; 0; 8; 8; 0; 0; I 14.900000; 9.400000; 9.400000; 9.400000; 9.400000; 9.400000; 9.400000; 9.400000; 6; 6; 6; 6; 6; 6; 6; 2; 2; 2; 2; 2; 2; 2; -2; 24; 24; 10; -11;
Ibias =9.400000; 9.400000; 9.400000; 9.400000; 9.400000; 9.400000; 9.400000; 9.400000; 2; 2; 2; 2; 2; 2; 2; 2; 2; 2; 2; 2; 2; 2; -2; 16; 16; 10; -11;
fa1 = 28.900000; 23.400000; 23.400000; 23.400000; 23.400000; 23.400000; 23.400000; 23.400000; 20; 20; 20; 20; 20; 20; 20; 16; 16; 16; 16; 16; 16; 16; 12; 48; 48; 46; 13;
fa2 = 28.584736; 23.144949; 23.144949; 23.144949; 23.144949; 23.144949; 23.144949; 23.144949; 19.782198; 19.782198; 19.782198; 19.782198; 19.782198; 19.782198; 19.782198; 15.826056; 15.826056; 15.826056; 15.826056; 15.826056; 15.826056; 15.826056; 11.869944; 47.475105; 47.475105; 46.599731; 12.857969;
fa3 = 28.588182; 23.147739; 23.147739; 23.147739; 23.147739; 23.147739; 23.147739; 23.147739; 19.784584; 19.784584; 19.784584; 19.784584; 19.784584; 19.784584; 19.784584; 15.827962; 15.827962; 15.827962; 15.827962; 15.827962; 15.827962; 15.827962; 11.871368; 47.480824; 47.480824; 46.607571; 12.859525;
fa4 = 28.277922; 22.896486; 22.896486; 22.896486; 22.896486; 22.896486; 22.896486; 22.896486; 19.569901; 19.569901; 19.569901; 19.569901; 19.569901; 19.569901; 19.569901; 15.656384; 15.656384; 15.656384; 15.656384; 15.656384; 15.656384; 15.656384; 11.742991; 46.966030; 46.966030; 47.219658; 12.719349;
fb1 = -0.360000; -0.360000; -0.360000; -0.360000; -0.360000; -0.360000; -0.360000; -0.360000; -0.360000; -0.360000; -0.360000; -0.360000; -0.360000; -0.360000; -0.360000; -0.360000; -0.360000; -0.360000; -0.360000; -0.360000; -0.360000; -0.360000; -0.360000; -0.160000; -0.160000; 0.080000; -0.160000;
fb2 = -0.359350; -0.359460; -0.359460; -0.359460; -0.359460; -0.359460; -0.359460; -0.359460; -0.359528; -0.359528; -0.359528; -0.359528; -0.359528; -0.359528; -0.359528; -0.359608; -0.359608; -0.359608; -0.359608; -0.359608; -0.359608; -0.359608; -0.359688; -0.159024; -0.159024; 0.080912; -0.159724;
fb3 = -0.359356; -0.359465; -0.359465; -0.359465; -0.359465; -0.359465; -0.359465; -0.359465; -0.359532; -0.359532; -0.359532; -0.359532; -0.359532; -0.359532; -0.359532; -0.359612; -0.359612; -0.359612; -0.359612; -0.359612; -0.359612; -0.359612; -0.359691; -0.159035; -0.159035; 0.080924; -0.159727;
fb4 = -0.358713; -0.358930; -0.358930; -0.358930; -0.358930; -0.358930; -0.358930; -0.358930; -0.359065; -0.359065; -0.359065; -0.359065; -0.359065; -0.359065; -0.359065; -0.359223; -0.359223; -0.359223; -0.359223; -0.359223; -0.359223; -0.359223; -0.359381; -0.158069; -0.158069; 0.081848; -0.159454;
S1 = 0; 0; 0; 0; 0; 0; 0; 0; 0; 0; 0; 0; 0; 0; 0; 0; 0; 0; 0; 0; 0; 0; 0; 0; 0; 0; 0;
S2 = 0; 0; 0; 0; 0; 0; 0; 0; 0; 0; 0; 0; 0; 0; 0; 0; 0; 0; 0; 0; 0; 0; 0; 0; 0; 0; 0;
u = 9.996407; 9.996406; 9.996406; 9.996406; 9.996406; 9.996406; 9.996406; 9.996406; 9.996405; 9.996405; 9.996405; 9.996405; 9.996405; 9.996405; 9.996405; 9.996404; 9.996404; 9.996404; 9.996404; 9.996404; 9.996404; 9.996404; 9.996403; 9.998409; 9.998409; 10.000810; 9.998403;
v = 10.285872; 10.231470; 10.231470; 10.231470; 10.231470; 10.231470; 10.231470; 10.231470; 10.197839; 10.197839; 10.197839; 10.197839; 10.197839; 10.197839; 10.197839; 10.158274; 10.158274; 10.158274; 10.158274; 10.158274; 10.158274; 10.158274; 10.118710; 10.474796; 10.474796; 70.466057; 10.128591; --------------------- 