A
0.04; 0.04; 0.04; 0.04; 0.04; 0.04; 0.04; 0.04; 0.04; 0.04; 0.04; 0.04; 0.04; 0.04; 0.04; 0.04; 0.04; 0.04; 0.04; 0.04; 0.04; 0.04; 0.04; 0.02; 0.02; 0.02; 0.02; 
B
0.10; 0.10; 0.10; 0.10; 0.10; 0.10; 0.10; 0.10; 0.10; 0.10; 0.10; 0.10; 0.10; 0.10; 0.10; 0.10; 0.10; 0.10; 0.10; 0.10; 0.10; 0.10; 0.10; 0.20; 0.20; 0.20; 0.20; 
C
60.50; 60.50; 60.50; 60.50; 60.50; 60.50; 60.50; 60.50; 48.00; 48.00; 48.00; 48.00; 48.00; 48.00; 48.00; 48.00; 48.00; 48.00; 48.00; 48.00; 48.00; 48.00; 43.00; 55.00; 55.00; 60.50; 43.00; 
BoundNe: 8
D
0.10; 0.10; 0.10; 0.10; 0.10; 0.10; 0.10; 0.10; 0.10; 0.10; 0.10; 0.10; 0.10; 0.10; 0.10; 0.10; 0.10; 0.10; 0.10; 0.10; 0.10; 0.10; 0.10; 0.10; 0.10; 0.10; 0.10; 
***ExternalI*****
5.5; 0.0; 0.0; 0.0; 0.0; 0.0; 0.0; 0.0; 4.0; 4.0; 4.0; 4.0; 4.0; 4.0; 4.0; 0.0; 0.0; 0.0; 0.0; 0.0; 0.0; 0.0; 0.0; 1.0; 1.0; 0.0; 0.0; 
I
14.900000; 9.400000; 9.400000; 9.400000; 9.400000; 9.400000; 9.400000; 9.400000; 6.000000; 6.000000; 6.000000; 6.000000; 6.000000; 6.000000; 6.000000; 2.000000; 2.000000; 2.000000; 2.000000; 2.000000; 2.000000; 2.000000; -2.000000; 17.000000; 17.000000; 10.000000; -11.000000; 
Ibias
9.400000; 9.400000; 9.400000; 9.400000; 9.400000; 9.400000; 9.400000; 9.400000; 2.000000; 2.000000; 2.000000; 2.000000; 2.000000; 2.000000; 2.000000; 2.000000; 2.000000; 2.000000; 2.000000; 2.000000; 2.000000; 2.000000; -2.000000; 16.000000; 16.000000; 10.000000; -11.000000; 
fa1
64.900002; 59.400002; 59.400002; 59.400002; 59.400002; 59.400002; 59.400002; 59.400002; 56.000000; 56.000000; 56.000000; 56.000000; 56.000000; 56.000000; 56.000000; 52.000000; 52.000000; 52.000000; 52.000000; 52.000000; 52.000000; 52.000000; 48.000000; 77.000000; 77.000000; 70.000000; 49.000000; 
fa2
63.930710; 58.512527; 58.512527; 58.512527; 58.512527; 58.512527; 58.512527; 58.512527; 55.163136; 55.163136; 55.163136; 55.163136; 55.163136; 55.163136; 55.163136; 51.222706; 51.222706; 51.222706; 51.222706; 51.222706; 51.222706; 51.222706; 47.282303; 75.850929; 75.850929; 68.954903; 48.267403; 
fa3
63.945118; 58.525730; 58.525730; 58.525730; 58.525730; 58.525730; 58.525730; 58.525730; 55.175591; 55.175591; 55.175591; 55.175591; 55.175591; 55.175591; 55.175591; 51.234280; 51.234280; 51.234280; 51.234280; 51.234280; 51.234280; 51.234280; 47.292995; 75.867981; 75.867981; 68.970421; 48.278313; 
fa4
62.997990; 57.657917; 57.657917; 57.657917; 57.657917; 57.657917; 57.657917; 57.657917; 54.356899; 54.356899; 54.356899; 54.356899; 54.356899; 54.356899; 54.356899; 50.473461; 50.473461; 50.473461; 50.473461; 50.473461; 50.473461; 50.473461; 46.590149; 74.746971; 74.746971; 67.949898; 47.560963; 
fb1
0.000000; 0.000000; 0.000000; 0.000000; 0.000000; 0.000000; 0.000000; 0.000000; 0.000000; 0.000000; 0.000000; 0.000000; 0.000000; 0.000000; 0.000000; 0.000000; 0.000000; 0.000000; 0.000000; 0.000000; 0.000000; 0.000000; 0.000000; 0.000000; 0.000000; 0.000000; 0.000000; 
fb2
0.001298; 0.001188; 0.001188; 0.001188; 0.001188; 0.001188; 0.001188; 0.001188; 0.001120; 0.001120; 0.001120; 0.001120; 0.001120; 0.001120; 0.001120; 0.001040; 0.001040; 0.001040; 0.001040; 0.001040; 0.001040; 0.001040; 0.000960; 0.001540; 0.001540; 0.001400; 0.000980; 
fb3
0.001278; 0.001170; 0.001170; 0.001170; 0.001170; 0.001170; 0.001170; 0.001170; 0.001103; 0.001103; 0.001103; 0.001103; 0.001103; 0.001103; 0.001103; 0.001024; 0.001024; 0.001024; 0.001024; 0.001024; 0.001024; 0.001024; 0.000945; 0.001517; 0.001517; 0.001379; 0.000965; 
fb4
0.002557; 0.002341; 0.002341; 0.002341; 0.002341; 0.002341; 0.002341; 0.002341; 0.002207; 0.002207; 0.002207; 0.002207; 0.002207; 0.002207; 0.002207; 0.002049; 0.002049; 0.002049; 0.002049; 0.002049; 0.002049; 0.002049; 0.001891; 0.003034; 0.003034; 0.002759; 0.001931; 
S1
0.000000; 0.000000; 0.000000; 0.000000; 0.000000; 0.000000; 0.000000; 0.000000; 0.000000; 0.000000; 0.000000; 0.000000; 0.000000; 0.000000; 0.000000; 0.000000; 0.000000; 0.000000; 0.000000; 0.000000; 0.000000; 0.000000; 0.000000; 0.000000; 0.000000; 0.000000; 0.000000; 
S2
0.000000; 0.000000; 0.000000; 0.000000; 0.000000; 0.000000; 0.000000; 0.000000; 0.000000; 0.000000; 0.000000; 0.000000; 0.000000; 0.000000; 0.000000; 0.000000; 0.000000; 0.000000; 0.000000; 0.000000; 0.000000; 0.000000; 0.000000; 0.000000; 0.000000; 0.000000; 0.000000; 
u
0.000013; 0.000012; 0.000012; 0.000012; 0.000012; 0.000012; 0.000012; 0.000012; 0.000011; 0.000011; 0.000011; 0.000011; 0.000011; 0.000011; 0.000011; 0.000010; 0.000010; 0.000010; 0.000010; 0.000010; 0.000010; 0.000010; 0.000010; 0.000015; 0.000015; 0.000014; 0.000010; 
v
0.639416; 0.585224; 0.585224; 0.585224; 0.585224; 0.585224; 0.585224; 0.585224; 0.551724; 0.551724; 0.551724; 0.551724; 0.551724; 0.551724; 0.551724; 0.512312; 0.512312; 0.512312; 0.512312; 0.512312; 0.512312; 0.512312; 0.472901; 0.758641; 0.758641; 0.689668; 0.482754; 
---------------------

