ExternalI = 5.5000 0.0000 0.0000 0.0000 0.0000 0.0000 0.0000 0.0000 4.0000 4.0000 4.0000 4.0000 4.0000 4.0000 4.0000 0.0000 0.0000 0.0000 0.0000 0.0000 0.0000 0.0000 0.0000 8.0000 8.0000 0.0000 0.0000 
before u = 10.0000 10.0000 10.0000 10.0000 10.0000 10.0000 10.0000 10.0000 10.0000 10.0000 10.0000 10.0000 10.0000 10.0000 10.0000 10.0000 10.0000 10.0000 10.0000 10.0000 10.0000 10.0000 10.0000 10.0000 10.0000 10.0000 10.0000 
before v = 10.0000 10.0000 10.0000 10.0000 10.0000 10.0000 10.0000 10.0000 10.0000 10.0000 10.0000 10.0000 10.0000 10.0000 10.0000 10.0000 10.0000 10.0000 10.0000 10.0000 10.0000 10.0000 10.0000 10.0000 10.0000 70.0000 10.0000 
Ibias = 9.4000 9.4000 9.4000 9.4000 9.4000 9.4000 9.4000 9.4000 2.0000 2.0000 2.0000 2.0000 2.0000 2.0000 2.0000 2.0000 2.0000 2.0000 2.0000 2.0000 2.0000 2.0000 -2.0000 16.0000 16.0000 10.0000 -11.0000 
fa1 = 28.9000 23.4000 23.4000 23.4000 23.4000 23.4000 23.4000 23.4000 20.0000 20.0000 20.0000 20.0000 20.0000 20.0000 20.0000 16.0000 16.0000 16.0000 16.0000 16.0000 16.0000 16.0000 12.0000 48.0000 48.0000 46.0000 13.0000 
fa2 = 28.5847 23.1449 23.1449 23.1449 23.1449 23.1449 23.1449 23.1449 19.7822 19.7822 19.7822 19.7822 19.7822 19.7822 19.7822 15.8261 15.8261 15.8261 15.8261 15.8261 15.8261 15.8261 11.8699 47.4751 47.4751 46.5997 12.8580 
fa3 = 28.5882 23.1477 23.1477 23.1477 23.1477 23.1477 23.1477 23.1477 19.7846 19.7846 19.7846 19.7846 19.7846 19.7846 19.7846 15.8280 15.8280 15.8280 15.8280 15.8280 15.8280 15.8280 11.8714 47.4808 47.4808 46.6076 12.8595 
fa4 = 28.2779 22.8965 22.8965 22.8965 22.8965 22.8965 22.8965 22.8965 19.5699 19.5699 19.5699 19.5699 19.5699 19.5699 19.5699 15.6564 15.6564 15.6564 15.6564 15.6564 15.6564 15.6564 11.7430 46.9660 46.9660 47.2197 12.7193 
fb1 = -0.3600 -0.3600 -0.3600 -0.3600 -0.3600 -0.3600 -0.3600 -0.3600 -0.3600 -0.3600 -0.3600 -0.3600 -0.3600 -0.3600 -0.3600 -0.3600 -0.3600 -0.3600 -0.3600 -0.3600 -0.3600 -0.3600 -0.3600 -0.1600 -0.1600 0.0800 -0.1600 
fb2 = -0.3593 -0.3595 -0.3595 -0.3595 -0.3595 -0.3595 -0.3595 -0.3595 -0.3595 -0.3595 -0.3595 -0.3595 -0.3595 -0.3595 -0.3595 -0.3596 -0.3596 -0.3596 -0.3596 -0.3596 -0.3596 -0.3596 -0.3597 -0.1590 -0.1590 0.0809 -0.1597 
fb3 = -0.3594 -0.3595 -0.3595 -0.3595 -0.3595 -0.3595 -0.3595 -0.3595 -0.3595 -0.3595 -0.3595 -0.3595 -0.3595 -0.3595 -0.3595 -0.3596 -0.3596 -0.3596 -0.3596 -0.3596 -0.3596 -0.3596 -0.3597 -0.1590 -0.1590 0.0809 -0.1597 
fb4 = -0.3587 -0.3589 -0.3589 -0.3589 -0.3589 -0.3589 -0.3589 -0.3589 -0.3591 -0.3591 -0.3591 -0.3591 -0.3591 -0.3591 -0.3591 -0.3592 -0.3592 -0.3592 -0.3592 -0.3592 -0.3592 -0.3592 -0.3594 -0.1581 -0.1581 0.0818 -0.1595 
I = 14.9000 9.4000 9.4000 9.4000 9.4000 9.4000 9.4000 9.4000 6.0000 6.0000 6.0000 6.0000 6.0000 6.0000 6.0000 2.0000 2.0000 2.0000 2.0000 2.0000 2.0000 2.0000 -2.0000 24.0000 24.0000 10.0000 -11.0000 
S1 = 0.0000 0.0000 0.0000 0.0000 0.0000 0.0000 0.0000 0.0000 0.0000 0.0000 0.0000 0.0000 0.0000 0.0000 0.0000 0.0000 0.0000 0.0000 0.0000 0.0000 0.0000 0.0000 0.0000 0.0000 0.0000 0.0000 0.0000 
S2 = 0.0000 0.0000 0.0000 0.0000 0.0000 0.0000 0.0000 0.0000 0.0000 0.0000 0.0000 0.0000 0.0000 0.0000 0.0000 0.0000 0.0000 0.0000 0.0000 0.0000 0.0000 0.0000 0.0000 0.0000 0.0000 0.0000 0.0000 
u = 9.9964 9.9964 9.9964 9.9964 9.9964 9.9964 9.9964 9.9964 9.9964 9.9964 9.9964 9.9964 9.9964 9.9964 9.9964 9.9964 9.9964 9.9964 9.9964 9.9964 9.9964 9.9964 9.9964 9.9984 9.9984 10.0008 9.9984 
v = 10.2859 10.2315 10.2315 10.2315 10.2315 10.2315 10.2315 10.2315 10.1978 10.1978 10.1978 10.1978 10.1978 10.1978 10.1978 10.1583 10.1583 10.1583 10.1583 10.1583 10.1583 10.1583 10.1187 10.4748 10.4748 70.4661 10.1286 
