ExternalI = 5.5000 0.0000 0.0000 0.0000 0.0000 0.0000 0.0000 0.0000 4.0000 4.0000 4.0000 4.0000 4.0000 4.0000 4.0000 0.0000 0.0000 0.0000 0.0000 0.0000 0.0000 0.0000 0.0000 8.0000 8.0000 0.0000 0.0000 
before u = 9.9681 9.9680 9.9680 9.9680 9.9680 9.9680 9.9680 9.9680 9.9680 9.9680 9.9680 9.9680 9.9680 9.9680 9.9680 9.9679 9.9679 9.9679 9.9679 9.9679 9.9679 9.9679 9.9678 9.9863 9.9863 10.0080 9.9858 
before v = 12.3677 11.9164 11.9164 11.9164 11.9164 11.9164 11.9164 11.9164 11.6376 11.6376 11.6376 11.6376 11.6376 11.6376 11.6376 11.3098 11.3098 11.3098 11.3098 11.3098 11.3098 11.3098 10.9823 13.9383 13.9383 74.6903 11.0634 
Ibias = 9.4000 9.4000 9.4000 9.4000 9.4000 9.4000 9.4000 9.4000 2.0000 2.0000 2.0000 2.0000 2.0000 2.0000 2.0000 2.0000 2.0000 2.0000 2.0000 2.0000 2.0000 2.0000 -2.0000 16.0000 16.0000 10.0000 -11.0000 
fa1 = 23.9471 19.3629 19.3629 19.3629 19.3629 19.3629 19.3629 19.3629 16.5367 16.5367 16.5367 16.5367 16.5367 16.5367 16.5367 13.2191 13.2191 13.2191 13.2191 13.2191 13.2191 13.2191 9.9097 39.9698 39.9698 59.0668 10.7199 
fa2 = 23.7087 19.1669 19.1669 19.1669 19.1669 19.1669 19.1669 19.1669 16.3676 16.3676 16.3676 16.3676 16.3676 16.3676 16.3676 13.0826 13.0826 13.0826 13.0826 13.0826 13.0826 13.0826 9.8064 39.5954 39.5954 59.9485 10.6075 
fa3 = 23.7111 19.1689 19.1689 19.1689 19.1689 19.1689 19.1689 19.1689 16.3694 16.3694 16.3694 16.3694 16.3694 16.3694 16.3694 13.0840 13.0840 13.0840 13.0840 13.0840 13.0840 13.0840 9.8075 39.5989 39.5989 59.9617 10.6086 
fa4 = 23.4761 18.9755 18.9755 18.9755 18.9755 18.9755 18.9755 18.9755 16.2026 16.2026 16.2026 16.2026 16.2026 16.2026 16.2026 12.9492 12.9492 12.9492 12.9492 12.9492 12.9492 12.9492 9.7055 39.2311 39.2311 60.8642 10.4976 
fb1 = -0.3493 -0.3511 -0.3511 -0.3511 -0.3511 -0.3511 -0.3511 -0.3511 -0.3522 -0.3522 -0.3522 -0.3522 -0.3522 -0.3522 -0.3522 -0.3535 -0.3535 -0.3535 -0.3535 -0.3535 -0.3535 -0.3535 -0.3548 -0.1440 -0.1440 0.0986 -0.1555 
fb2 = -0.3487 -0.3506 -0.3506 -0.3506 -0.3506 -0.3506 -0.3506 -0.3506 -0.3518 -0.3518 -0.3518 -0.3518 -0.3518 -0.3518 -0.3518 -0.3531 -0.3531 -0.3531 -0.3531 -0.3531 -0.3531 -0.3531 -0.3545 -0.1432 -0.1432 0.0998 -0.1552 
fb3 = -0.3487 -0.3506 -0.3506 -0.3506 -0.3506 -0.3506 -0.3506 -0.3506 -0.3518 -0.3518 -0.3518 -0.3518 -0.3518 -0.3518 -0.3518 -0.3531 -0.3531 -0.3531 -0.3531 -0.3531 -0.3531 -0.3531 -0.3545 -0.1432 -0.1432 0.0998 -0.1552 
fb4 = -0.3482 -0.3501 -0.3501 -0.3501 -0.3501 -0.3501 -0.3501 -0.3501 -0.3514 -0.3514 -0.3514 -0.3514 -0.3514 -0.3514 -0.3514 -0.3528 -0.3528 -0.3528 -0.3528 -0.3528 -0.3528 -0.3528 -0.3543 -0.1424 -0.1424 0.1010 -0.1550 
I = 14.9000 9.4000 9.4000 9.4000 9.4000 9.4000 9.4000 9.4000 6.0000 6.0000 6.0000 6.0000 6.0000 6.0000 6.0000 2.0000 2.0000 2.0000 2.0000 2.0000 2.0000 2.0000 -2.0000 24.0000 24.0000 10.0000 -11.0000 
S1 = 0.0000 0.0000 0.0000 0.0000 0.0000 0.0000 0.0000 0.0000 0.0000 0.0000 0.0000 0.0000 0.0000 0.0000 0.0000 0.0000 0.0000 0.0000 0.0000 0.0000 0.0000 0.0000 0.0000 0.0000 0.0000 0.0000 0.0000 
S2 = 0.0000 0.0000 0.0000 0.0000 0.0000 0.0000 0.0000 0.0000 0.0000 0.0000 0.0000 0.0000 0.0000 0.0000 0.0000 0.0000 0.0000 0.0000 0.0000 0.0000 0.0000 0.0000 0.0000 0.0000 0.0000 0.0000 0.0000 
u = 9.9646 9.9645 9.9645 9.9645 9.9645 9.9645 9.9645 9.9645 9.9644 9.9644 9.9644 9.9644 9.9644 9.9644 9.9644 9.9644 9.9644 9.9644 9.9644 9.9644 9.9644 9.9644 9.9643 9.9849 9.9849 10.0090 9.9843 
v = 12.6048 12.1080 12.1080 12.1080 12.1080 12.1080 12.1080 12.1080 11.8013 11.8013 11.8013 11.8013 11.8013 11.8013 11.8013 11.4406 11.4406 11.4406 11.4406 11.4406 11.4406 11.4406 11.0804 14.3343 14.3343 75.2899 11.1695 
