ExternalI = 5.5000 0.0000 0.0000 0.0000 0.0000 0.0000 0.0000 0.0000 4.0000 4.0000 4.0000 4.0000 4.0000 4.0000 4.0000 0.0000 0.0000 0.0000 0.0000 0.0000 0.0000 0.0000 0.0000 8.0000 8.0000 0.0000 0.0000 
before u = 9.6750 9.6679 9.6679 9.6679 9.6679 9.6679 9.6679 9.6679 9.6636 9.6636 9.6636 9.6636 9.6636 9.6636 9.6636 9.6587 9.6587 9.6587 9.6587 9.6587 9.6587 9.6587 9.6540 9.9007 9.9007 10.2203 9.8539 
before v = 23.8871 20.8865 20.8865 20.8865 20.8865 20.8865 20.8865 20.8865 19.1351 19.1351 19.1351 19.1351 19.1351 19.1351 19.1351 17.1652 17.1652 17.1652 17.1652 17.1652 17.1652 17.1652 15.2842 36.3343 36.3343 87.7808 16.0135 
Ibias = 9.4000 9.4000 9.4000 9.4000 9.4000 9.4000 9.4000 9.4000 2.0000 2.0000 2.0000 2.0000 2.0000 2.0000 2.0000 2.0000 2.0000 2.0000 2.0000 2.0000 2.0000 2.0000 -2.0000 16.0000 16.0000 10.0000 -11.0000 
fa1 = 6.3875 4.5224 4.5224 4.5224 4.5224 4.5224 4.5224 4.5224 3.5771 3.5771 3.5771 3.5771 3.5771 3.5771 3.5771 2.6315 2.6315 2.6315 2.6315 2.6315 2.6315 2.6315 1.8376 17.9037 17.9037 104.6563 2.2604 
fa2 = 6.3542 4.4939 4.4939 4.4939 4.4939 4.4939 4.4939 4.4939 3.5524 3.5524 3.5524 3.5524 3.5524 3.5524 3.5524 2.6117 2.6117 2.6117 2.6117 2.6117 2.6117 2.6117 1.8229 17.8959 17.8959 106.7714 2.2416 
fa3 = 6.3544 4.4941 4.4941 4.4941 4.4941 4.4941 4.4941 4.4941 3.5526 3.5526 3.5526 3.5526 3.5526 3.5526 3.5526 2.6118 2.6118 2.6118 2.6118 2.6118 2.6118 2.6118 1.8231 17.8959 17.8959 106.8143 2.2418 
fa4 = 6.3213 4.4658 4.4658 4.4658 4.4658 4.4658 4.4658 4.4658 3.5281 3.5281 3.5281 3.5281 3.5281 3.5281 3.5281 2.5922 2.5922 2.5922 2.5922 2.5922 2.5922 2.5922 1.8085 17.8888 17.8888 108.9970 2.2232 
fb1 = -0.2915 -0.3032 -0.3032 -0.3032 -0.3032 -0.3032 -0.3032 -0.3032 -0.3100 -0.3100 -0.3100 -0.3100 -0.3100 -0.3100 -0.3100 -0.3177 -0.3177 -0.3177 -0.3177 -0.3177 -0.3177 -0.3177 -0.3250 -0.0527 -0.0527 0.1467 -0.1330 
fb2 = -0.2913 -0.3030 -0.3030 -0.3030 -0.3030 -0.3030 -0.3030 -0.3030 -0.3099 -0.3099 -0.3099 -0.3099 -0.3099 -0.3099 -0.3099 -0.3176 -0.3176 -0.3176 -0.3176 -0.3176 -0.3176 -0.3176 -0.3249 -0.0523 -0.0523 0.1488 -0.1330 
fb3 = -0.2913 -0.3030 -0.3030 -0.3030 -0.3030 -0.3030 -0.3030 -0.3030 -0.3099 -0.3099 -0.3099 -0.3099 -0.3099 -0.3099 -0.3099 -0.3176 -0.3176 -0.3176 -0.3176 -0.3176 -0.3176 -0.3176 -0.3249 -0.0523 -0.0523 0.1488 -0.1330 
fb4 = -0.2911 -0.3029 -0.3029 -0.3029 -0.3029 -0.3029 -0.3029 -0.3029 -0.3097 -0.3097 -0.3097 -0.3097 -0.3097 -0.3097 -0.3097 -0.3175 -0.3175 -0.3175 -0.3175 -0.3175 -0.3175 -0.3175 -0.3248 -0.0520 -0.0520 0.1510 -0.1329 
I = 14.9000 9.4000 9.4000 9.4000 9.4000 9.4000 9.4000 9.4000 6.0000 6.0000 6.0000 6.0000 6.0000 6.0000 6.0000 2.0000 2.0000 2.0000 2.0000 2.0000 2.0000 2.0000 -2.0000 24.0000 24.0000 10.0000 -10.1025 
S1 = 0.0000 0.0000 0.0000 0.0000 0.0000 0.0000 0.0000 0.0000 0.0000 0.0000 0.0000 0.0000 0.0000 0.0000 0.0000 0.0000 0.0000 0.0000 0.0000 0.0000 0.0000 0.0000 0.0000 0.0000 0.0000 0.0000 0.0000 
S2 = 0.0000 0.0000 0.0000 0.0000 0.0000 0.0000 0.0000 0.0000 0.0000 0.0000 0.0000 0.0000 0.0000 0.0000 0.0000 0.0000 0.0000 0.0000 0.0000 0.0000 0.0000 0.0000 0.0000 0.0000 0.0000 0.0000 0.8975 
u = 9.6721 9.6649 9.6649 9.6649 9.6649 9.6649 9.6649 9.6649 9.6605 9.6605 9.6605 9.6605 9.6605 9.6605 9.6605 9.6556 9.6556 9.6556 9.6556 9.6556 9.6556 9.6556 9.6507 9.9002 9.9002 10.2218 9.8525 
v = 23.9506 20.9315 20.9315 20.9315 20.9315 20.9315 20.9315 20.9315 19.1706 19.1706 19.1706 19.1706 19.1706 19.1706 19.1706 17.1913 17.1913 17.1913 17.1913 17.1913 17.1913 17.1913 15.3025 36.5133 36.5133 88.8489 16.0360 
