ExternalI = 5.5000 0.0000 0.0000 0.0000 0.0000 0.0000 0.0000 0.0000 4.0000 4.0000 4.0000 4.0000 4.0000 4.0000 4.0000 0.0000 0.0000 0.0000 0.0000 0.0000 0.0000 0.0000 0.0000 8.0000 8.0000 0.0000 0.0000 
before u = 9.6692 9.6618 9.6618 9.6618 9.6618 9.6618 9.6618 9.6618 9.6574 9.6574 9.6574 9.6574 9.6574 9.6574 9.6574 9.6524 9.6524 9.6524 9.6524 9.6524 9.6524 9.6524 9.6475 9.8996 9.8996 10.2233 9.8512 
before v = 24.0135 20.9758 20.9758 20.9758 20.9758 20.9758 20.9758 20.9758 19.2057 19.2057 19.2057 19.2057 19.2057 19.2057 19.2057 17.2170 17.2170 17.2170 17.2170 17.2170 17.2170 17.2170 15.3204 36.6921 36.6921 89.9617 16.0580 
Ibias = 9.4000 9.4000 9.4000 9.4000 9.4000 9.4000 9.4000 9.4000 2.0000 2.0000 2.0000 2.0000 2.0000 2.0000 2.0000 2.0000 2.0000 2.0000 2.0000 2.0000 2.0000 2.0000 -2.0000 16.0000 16.0000 10.0000 -11.0000 
fa1 = 6.2562 4.4101 4.4101 4.4101 4.4101 4.4101 4.4101 4.4101 3.4798 3.4798 3.4798 3.4798 3.4798 3.4798 3.4798 2.5536 2.5536 2.5536 2.5536 2.5536 2.5536 2.5536 1.7799 17.8765 17.8765 113.6159 2.1831 
fa2 = 6.2240 4.3825 4.3825 4.3825 4.3825 4.3825 4.3825 4.3825 3.4559 3.4559 3.4559 3.4559 3.4559 3.4559 3.4559 2.5345 2.5345 2.5345 2.5345 2.5345 2.5345 2.5345 1.7657 17.8713 17.8713 116.0123 2.1651 
fa3 = 6.2242 4.3826 4.3826 4.3826 4.3826 4.3826 4.3826 4.3826 3.4561 3.4561 3.4561 3.4561 3.4561 3.4561 3.4561 2.5346 2.5346 2.5346 2.5346 2.5346 2.5346 2.5346 1.7658 17.8713 17.8713 116.0631 2.1652 
fa4 = 6.1922 4.3552 4.3552 4.3552 4.3552 4.3552 4.3552 4.3552 3.4324 3.4324 3.4324 3.4324 3.4324 3.4324 3.4324 2.5157 2.5157 2.5157 2.5157 2.5157 2.5157 2.5157 1.7518 17.8667 17.8667 118.5393 2.1473 
fb1 = -0.2907 -0.3026 -0.3026 -0.3026 -0.3026 -0.3026 -0.3026 -0.3026 -0.3095 -0.3095 -0.3095 -0.3095 -0.3095 -0.3095 -0.3095 -0.3172 -0.3172 -0.3172 -0.3172 -0.3172 -0.3172 -0.3172 -0.3246 -0.0512 -0.0512 0.1554 -0.1328 
fb2 = -0.2905 -0.3024 -0.3024 -0.3024 -0.3024 -0.3024 -0.3024 -0.3024 -0.3093 -0.3093 -0.3093 -0.3093 -0.3093 -0.3093 -0.3093 -0.3171 -0.3171 -0.3171 -0.3171 -0.3171 -0.3171 -0.3171 -0.3245 -0.0509 -0.0509 0.1576 -0.1327 
fb3 = -0.2905 -0.3024 -0.3024 -0.3024 -0.3024 -0.3024 -0.3024 -0.3024 -0.3093 -0.3093 -0.3093 -0.3093 -0.3093 -0.3093 -0.3093 -0.3171 -0.3171 -0.3171 -0.3171 -0.3171 -0.3171 -0.3171 -0.3245 -0.0509 -0.0509 0.1577 -0.1327 
fb4 = -0.2903 -0.3023 -0.3023 -0.3023 -0.3023 -0.3023 -0.3023 -0.3023 -0.3092 -0.3092 -0.3092 -0.3092 -0.3092 -0.3092 -0.3092 -0.3170 -0.3170 -0.3170 -0.3170 -0.3170 -0.3170 -0.3170 -0.3244 -0.0505 -0.0505 0.1600 -0.1327 
I = 14.9000 9.4000 9.4000 9.4000 9.4000 9.4000 9.4000 9.4000 6.0000 6.0000 6.0000 6.0000 6.0000 6.0000 6.0000 2.0000 2.0000 2.0000 2.0000 2.0000 2.0000 2.0000 -2.0000 24.0000 24.0000 10.0000 -10.1061 
S1 = 0.0000 0.0000 0.0000 0.0000 0.0000 0.0000 0.0000 0.0000 0.0000 0.0000 0.0000 0.0000 0.0000 0.0000 0.0000 0.0000 0.0000 0.0000 0.0000 0.0000 0.0000 0.0000 0.0000 0.0000 0.0000 0.0000 0.0000 
S2 = 0.0000 0.0000 0.0000 0.0000 0.0000 0.0000 0.0000 0.0000 0.0000 0.0000 0.0000 0.0000 0.0000 0.0000 0.0000 0.0000 0.0000 0.0000 0.0000 0.0000 0.0000 0.0000 0.0000 0.0000 0.0000 0.0000 0.8939 
u = 9.6663 9.6588 9.6588 9.6588 9.6588 9.6588 9.6588 9.6588 9.6543 9.6543 9.6543 9.6543 9.6543 9.6543 9.6543 9.6492 9.6492 9.6492 9.6492 9.6492 9.6492 9.6492 9.6442 9.8991 9.8991 10.2249 9.8499 
v = 24.0758 21.0197 21.0197 21.0197 21.0197 21.0197 21.0197 21.0197 19.2402 19.2402 19.2402 19.2402 19.2402 19.2402 19.2402 17.2424 17.2424 17.2424 17.2424 17.2424 17.2424 17.2424 15.3381 36.8708 36.8708 91.1222 16.0796 
