ExternalI = 5.5000 0.0000 0.0000 0.0000 0.0000 0.0000 0.0000 0.0000 4.0000 4.0000 4.0000 4.0000 4.0000 4.0000 4.0000 0.0000 0.0000 0.0000 0.0000 0.0000 0.0000 0.0000 0.0000 8.0000 8.0000 0.0000 0.0000 
before u = 9.6605 9.6528 9.6528 9.6528 9.6528 9.6528 9.6528 9.6528 9.6482 9.6482 9.6482 9.6482 9.6482 9.6482 9.6482 9.6429 9.6429 9.6429 9.6429 9.6429 9.6429 9.6429 9.6378 9.8981 9.8981 10.2282 9.8472 
before v = 24.1983 21.1057 21.1057 21.1057 21.1057 21.1057 21.1057 21.1057 19.3080 19.3080 19.3080 19.3080 19.3080 19.3080 19.3080 17.2919 17.2919 17.2919 17.2919 17.2919 17.2919 17.2919 15.3726 37.2280 37.2280 93.5993 16.1218 
Ibias = 9.4000 9.4000 9.4000 9.4000 9.4000 9.4000 9.4000 9.4000 2.0000 2.0000 2.0000 2.0000 2.0000 2.0000 2.0000 2.0000 2.0000 2.0000 2.0000 2.0000 2.0000 2.0000 -2.0000 16.0000 16.0000 10.0000 -11.0000 
fa1 = 6.0669 4.2482 4.2482 4.2482 4.2482 4.2482 4.2482 4.2482 3.3398 3.3398 3.3398 3.3398 3.3398 3.3398 3.3398 2.4418 2.4418 2.4418 2.4418 2.4418 2.4418 2.4418 1.6972 17.8548 17.8548 129.4069 2.0724 
fa2 = 6.0361 4.2218 4.2218 4.2218 4.2218 4.2218 4.2218 4.2218 3.3171 3.3171 3.3171 3.3171 3.3171 3.3171 3.3171 2.4236 2.4236 2.4236 2.4236 2.4236 2.4236 2.4236 1.6838 17.8534 17.8534 132.3267 2.0553 
fa3 = 6.0363 4.2220 4.2220 4.2220 4.2220 4.2220 4.2220 4.2220 3.3173 3.3173 3.3173 3.3173 3.3173 3.3173 3.3173 2.4237 2.4237 2.4237 2.4237 2.4237 2.4237 2.4237 1.6839 17.8534 17.8534 132.3930 2.0555 
fa4 = 6.0057 4.1959 4.1959 4.1959 4.1959 4.1959 4.1959 4.1959 3.2947 3.2947 3.2947 3.2947 3.2947 3.2947 3.2947 2.4058 2.4058 2.4058 2.4058 2.4058 2.4058 2.4058 1.6706 17.8527 17.8527 135.4171 2.0386 
fb1 = -0.2896 -0.3017 -0.3017 -0.3017 -0.3017 -0.3017 -0.3017 -0.3017 -0.3087 -0.3087 -0.3087 -0.3087 -0.3087 -0.3087 -0.3087 -0.3165 -0.3165 -0.3165 -0.3165 -0.3165 -0.3165 -0.3165 -0.3240 -0.0491 -0.0491 0.1698 -0.1325 
fb2 = -0.2894 -0.3015 -0.3015 -0.3015 -0.3015 -0.3015 -0.3015 -0.3015 -0.3086 -0.3086 -0.3086 -0.3086 -0.3086 -0.3086 -0.3086 -0.3164 -0.3164 -0.3164 -0.3164 -0.3164 -0.3164 -0.3164 -0.3239 -0.0487 -0.0487 0.1724 -0.1324 
fb3 = -0.2894 -0.3015 -0.3015 -0.3015 -0.3015 -0.3015 -0.3015 -0.3015 -0.3086 -0.3086 -0.3086 -0.3086 -0.3086 -0.3086 -0.3086 -0.3164 -0.3164 -0.3164 -0.3164 -0.3164 -0.3164 -0.3164 -0.3239 -0.0487 -0.0487 0.1725 -0.1324 
fb4 = -0.2893 -0.3014 -0.3014 -0.3014 -0.3014 -0.3014 -0.3014 -0.3014 -0.3084 -0.3084 -0.3084 -0.3084 -0.3084 -0.3084 -0.3084 -0.3163 -0.3163 -0.3163 -0.3163 -0.3163 -0.3163 -0.3163 -0.3238 -0.0483 -0.0483 0.1751 -0.1323 
I = 14.9000 9.4000 9.4000 9.4000 9.4000 9.4000 9.4000 9.4000 6.0000 6.0000 6.0000 6.0000 6.0000 6.0000 6.0000 2.0000 2.0000 2.0000 2.0000 2.0000 2.0000 2.0000 -2.0000 24.0000 24.0000 10.0000 -10.1114 
S1 = 0.0000 0.0000 0.0000 0.0000 0.0000 0.0000 0.0000 0.0000 0.0000 0.0000 0.0000 0.0000 0.0000 0.0000 0.0000 0.0000 0.0000 0.0000 0.0000 0.0000 0.0000 0.0000 0.0000 0.0000 0.0000 0.0000 0.0000 
S2 = 0.0000 0.0000 0.0000 0.0000 0.0000 0.0000 0.0000 0.0000 0.0000 0.0000 0.0000 0.0000 0.0000 0.0000 0.0000 0.0000 0.0000 0.0000 0.0000 0.0000 0.0000 0.0000 0.0000 0.0000 0.0000 0.0000 0.8886 
u = 9.6576 9.6498 9.6498 9.6498 9.6498 9.6498 9.6498 9.6498 9.6451 9.6451 9.6451 9.6451 9.6451 9.6451 9.6451 9.6397 9.6397 9.6397 9.6397 9.6397 9.6397 9.6397 9.6345 9.8977 9.8977 10.2299 9.8459 
v = 24.2587 21.1479 21.1479 21.1479 21.1479 21.1479 21.1479 21.1479 19.3411 19.3411 19.3411 19.3411 19.3411 19.3411 19.3411 17.3162 17.3162 17.3162 17.3162 17.3162 17.3162 17.3162 15.3894 37.4065 37.4065 94.9230 16.1424 
