ExternalI = 5.5000 0.0000 0.0000 0.0000 0.0000 0.0000 0.0000 0.0000 4.0000 4.0000 4.0000 4.0000 4.0000 4.0000 4.0000 0.0000 0.0000 0.0000 0.0000 0.0000 0.0000 0.0000 0.0000 8.0000 8.0000 0.0000 0.0000 
before u = 9.9646 9.9645 9.9645 9.9645 9.9645 9.9645 9.9645 9.9645 9.9644 9.9644 9.9644 9.9644 9.9644 9.9644 9.9644 9.9644 9.9644 9.9644 9.9644 9.9644 9.9644 9.9644 9.9643 9.9849 9.9849 10.0090 9.9843 
before v = 12.6048 12.1080 12.1080 12.1080 12.1080 12.1080 12.1080 12.1080 11.8013 11.8013 11.8013 11.8013 11.8013 11.8013 11.8013 11.4406 11.4406 11.4406 11.4406 11.4406 11.4406 11.4406 11.0804 14.3343 14.3343 75.2899 11.1695 
Ibias = 9.4000 9.4000 9.4000 9.4000 9.4000 9.4000 9.4000 9.4000 2.0000 2.0000 2.0000 2.0000 2.0000 2.0000 2.0000 2.0000 2.0000 2.0000 2.0000 2.0000 2.0000 2.0000 -2.0000 16.0000 16.0000 10.0000 -11.0000 
fa1 = 23.4761 18.9756 18.9756 18.9756 18.9756 18.9756 18.9756 18.9756 16.2026 16.2026 16.2026 16.2026 16.2026 16.2026 16.2026 12.9492 12.9492 12.9492 12.9492 12.9492 12.9492 12.9492 9.7055 39.2311 39.2311 60.8641 10.4976 
fa2 = 23.2447 18.7849 18.7849 18.7849 18.7849 18.7849 18.7849 18.7849 16.0380 16.0380 16.0380 16.0380 16.0380 16.0380 16.0380 12.8162 12.8162 12.8162 12.8162 12.8162 12.8162 12.8162 9.6048 38.8698 38.8698 61.7873 10.3879 
fa3 = 23.2469 18.7869 18.7869 18.7869 18.7869 18.7869 18.7869 18.7869 16.0397 16.0397 16.0397 16.0397 16.0397 16.0397 16.0397 12.8176 12.8176 12.8176 12.8176 12.8176 12.8176 12.8176 9.6059 38.8731 38.8731 61.8014 10.3890 
fa4 = 23.0188 18.5988 18.5988 18.5988 18.5988 18.5988 18.5988 18.5988 15.8774 15.8774 15.8774 15.8774 15.8774 15.8774 15.8774 12.6862 12.6862 12.6862 12.6862 12.6862 12.6862 12.6862 9.5064 38.5181 38.5181 62.7468 10.2807 
fb1 = -0.3482 -0.3501 -0.3501 -0.3501 -0.3501 -0.3501 -0.3501 -0.3501 -0.3514 -0.3514 -0.3514 -0.3514 -0.3514 -0.3514 -0.3514 -0.3528 -0.3528 -0.3528 -0.3528 -0.3528 -0.3528 -0.3528 -0.3543 -0.1424 -0.1424 0.1010 -0.1550 
fb2 = -0.3476 -0.3497 -0.3497 -0.3497 -0.3497 -0.3497 -0.3497 -0.3497 -0.3510 -0.3510 -0.3510 -0.3510 -0.3510 -0.3510 -0.3510 -0.3525 -0.3525 -0.3525 -0.3525 -0.3525 -0.3525 -0.3525 -0.3540 -0.1416 -0.1416 0.1022 -0.1548 
fb3 = -0.3476 -0.3497 -0.3497 -0.3497 -0.3497 -0.3497 -0.3497 -0.3497 -0.3510 -0.3510 -0.3510 -0.3510 -0.3510 -0.3510 -0.3510 -0.3525 -0.3525 -0.3525 -0.3525 -0.3525 -0.3525 -0.3525 -0.3540 -0.1416 -0.1416 0.1022 -0.1548 
fb4 = -0.3471 -0.3493 -0.3493 -0.3493 -0.3493 -0.3493 -0.3493 -0.3493 -0.3506 -0.3506 -0.3506 -0.3506 -0.3506 -0.3506 -0.3506 -0.3522 -0.3522 -0.3522 -0.3522 -0.3522 -0.3522 -0.3522 -0.3537 -0.1408 -0.1408 0.1034 -0.1546 
I = 14.9000 9.4000 9.4000 9.4000 9.4000 9.4000 9.4000 9.4000 6.0000 6.0000 6.0000 6.0000 6.0000 6.0000 6.0000 2.0000 2.0000 2.0000 2.0000 2.0000 2.0000 2.0000 -2.0000 24.0000 24.0000 10.0000 -11.0000 
S1 = 0.0000 0.0000 0.0000 0.0000 0.0000 0.0000 0.0000 0.0000 0.0000 0.0000 0.0000 0.0000 0.0000 0.0000 0.0000 0.0000 0.0000 0.0000 0.0000 0.0000 0.0000 0.0000 0.0000 0.0000 0.0000 0.0000 0.0000 
S2 = 0.0000 0.0000 0.0000 0.0000 0.0000 0.0000 0.0000 0.0000 0.0000 0.0000 0.0000 0.0000 0.0000 0.0000 0.0000 0.0000 0.0000 0.0000 0.0000 0.0000 0.0000 0.0000 0.0000 0.0000 0.0000 0.0000 0.0000 
u = 9.9611 9.9610 9.9610 9.9610 9.9610 9.9610 9.9610 9.9610 9.9609 9.9609 9.9609 9.9609 9.9609 9.9609 9.9609 9.9608 9.9608 9.9608 9.9608 9.9608 9.9608 9.9608 9.9608 9.9835 9.9835 10.0100 9.9827 
v = 12.8373 12.2959 12.2959 12.2959 12.2959 12.2959 12.2959 12.2959 11.9616 11.9616 11.9616 11.9616 11.9616 11.9616 11.9616 11.5688 11.5688 11.5688 11.5688 11.5688 11.5688 11.5688 11.1764 14.7230 14.7230 75.9079 11.2734 
