ExternalI = 5.5000 0.0000 0.0000 0.0000 0.0000 0.0000 0.0000 0.0000 4.0000 4.0000 4.0000 4.0000 4.0000 4.0000 4.0000 0.0000 0.0000 0.0000 0.0000 0.0000 0.0000 0.0000 0.0000 8.0000 8.0000 0.0000 0.0000 
before u = 9.6489 9.6407 9.6407 9.6407 9.6407 9.6407 9.6407 9.6407 9.6358 9.6358 9.6358 9.6358 9.6358 9.6358 9.6358 9.6302 9.6302 9.6302 9.6302 9.6302 9.6302 9.6302 9.6248 9.8962 9.8962 10.2354 9.8419 
before v = 24.4362 21.2715 21.2715 21.2715 21.2715 21.2715 21.2715 21.2715 19.4380 19.4380 19.4380 19.4380 19.4380 19.4380 19.4380 17.3868 17.3868 17.3868 17.3868 17.3868 17.3868 17.3868 15.4383 37.9422 37.9422 99.2863 16.2020 
Ibias = 9.4000 9.4000 9.4000 9.4000 9.4000 9.4000 9.4000 9.4000 2.0000 2.0000 2.0000 2.0000 2.0000 2.0000 2.0000 2.0000 2.0000 2.0000 2.0000 2.0000 2.0000 2.0000 -2.0000 16.0000 16.0000 10.0000 -11.0000 
fa1 = 5.8276 4.0439 4.0439 4.0439 4.0439 4.0439 4.0439 4.0439 3.1636 3.1636 3.1636 3.1636 3.1636 3.1636 3.1636 2.3014 2.3014 2.3014 2.3014 2.3014 2.3014 2.3014 1.5938 17.8616 17.8616 156.2165 1.9338 
fa2 = 5.7987 4.0191 4.0191 4.0191 4.0191 4.0191 4.0191 4.0191 3.1423 3.1423 3.1423 3.1423 3.1423 3.1423 3.1423 2.2845 2.2845 2.2845 2.2845 2.2845 2.2845 2.2845 1.5814 17.8653 17.8653 160.1007 1.9180 
fa3 = 5.7988 4.0193 4.0193 4.0193 4.0193 4.0193 4.0193 4.0193 3.1424 3.1424 3.1424 3.1424 3.1424 3.1424 3.1424 2.2847 2.2847 2.2847 2.2847 2.2847 2.2847 2.2847 1.5815 17.8653 17.8653 160.1979 1.9181 
fa4 = 5.7700 3.9947 3.9947 3.9947 3.9947 3.9947 3.9947 3.9947 3.1213 3.1213 3.1213 3.1213 3.1213 3.1213 3.1213 2.2679 2.2679 2.2679 2.2679 2.2679 2.2679 2.2679 1.5692 17.8696 17.8696 164.2356 1.9025 
fb1 = -0.2882 -0.3005 -0.3005 -0.3005 -0.3005 -0.3005 -0.3005 -0.3005 -0.3077 -0.3077 -0.3077 -0.3077 -0.3077 -0.3077 -0.3077 -0.3157 -0.3157 -0.3157 -0.3157 -0.3157 -0.3157 -0.3157 -0.3232 -0.0462 -0.0462 0.1924 -0.1320 
fb2 = -0.2880 -0.3004 -0.3004 -0.3004 -0.3004 -0.3004 -0.3004 -0.3004 -0.3076 -0.3076 -0.3076 -0.3076 -0.3076 -0.3076 -0.3076 -0.3156 -0.3156 -0.3156 -0.3156 -0.3156 -0.3156 -0.3156 -0.3231 -0.0458 -0.0458 0.1955 -0.1320 
fb3 = -0.2880 -0.3004 -0.3004 -0.3004 -0.3004 -0.3004 -0.3004 -0.3004 -0.3076 -0.3076 -0.3076 -0.3076 -0.3076 -0.3076 -0.3076 -0.3156 -0.3156 -0.3156 -0.3156 -0.3156 -0.3156 -0.3156 -0.3231 -0.0458 -0.0458 0.1956 -0.1320 
fb4 = -0.2879 -0.3003 -0.3003 -0.3003 -0.3003 -0.3003 -0.3003 -0.3003 -0.3074 -0.3074 -0.3074 -0.3074 -0.3074 -0.3074 -0.3074 -0.3154 -0.3154 -0.3154 -0.3154 -0.3154 -0.3154 -0.3154 -0.3230 -0.0454 -0.0454 0.1988 -0.1319 
I = 14.9000 9.4000 9.4000 9.4000 9.4000 9.4000 9.4000 9.4000 6.0000 6.0000 6.0000 6.0000 6.0000 6.0000 6.0000 2.0000 2.0000 2.0000 2.0000 2.0000 2.0000 2.0000 -2.0000 24.0000 24.0000 10.0000 -10.1185 
S1 = 0.0000 0.0000 0.0000 0.0000 0.0000 0.0000 0.0000 0.0000 0.0000 0.0000 0.0000 0.0000 0.0000 0.0000 0.0000 0.0000 0.0000 0.0000 0.0000 0.0000 0.0000 0.0000 0.0000 0.0000 0.0000 0.0000 0.0000 
S2 = 0.0000 0.0000 0.0000 0.0000 0.0000 0.0000 0.0000 0.0000 0.0000 0.0000 0.0000 0.0000 0.0000 0.0000 0.0000 0.0000 0.0000 0.0000 0.0000 0.0000 0.0000 0.0000 0.0000 0.0000 0.0000 0.0000 0.8815 
u = 9.6460 9.6377 9.6377 9.6377 9.6377 9.6377 9.6377 9.6377 9.6328 9.6328 9.6328 9.6328 9.6328 9.6328 9.6328 9.6271 9.6271 9.6271 9.6271 9.6271 9.6271 9.6271 9.6216 9.8958 9.8958 10.2374 9.8406 
v = 24.4942 21.3117 21.3117 21.3117 21.3117 21.3117 21.3117 21.3117 19.4694 19.4694 19.4694 19.4694 19.4694 19.4694 19.4694 17.4096 17.4096 17.4096 17.4096 17.4096 17.4096 17.4096 15.4542 38.1209 38.1209 100.8880 16.2211 
