ExternalI = 5.5000 0.0000 0.0000 0.0000 0.0000 0.0000 0.0000 0.0000 4.0000 4.0000 4.0000 4.0000 4.0000 4.0000 4.0000 0.0000 0.0000 0.0000 0.0000 0.0000 0.0000 0.0000 0.0000 8.0000 8.0000 0.0000 0.0000 
before u = 9.6460 9.6377 9.6377 9.6377 9.6377 9.6377 9.6377 9.6377 9.6328 9.6328 9.6328 9.6328 9.6328 9.6328 9.6328 9.6271 9.6271 9.6271 9.6271 9.6271 9.6271 9.6271 9.6216 9.8958 9.8958 10.2374 9.8406 
before v = 24.4942 21.3117 21.3117 21.3117 21.3117 21.3117 21.3117 21.3117 19.4694 19.4694 19.4694 19.4694 19.4694 19.4694 19.4694 17.4096 17.4096 17.4096 17.4096 17.4096 17.4096 17.4096 15.4542 38.1209 38.1209 100.8880 16.2211 
Ibias = 9.4000 9.4000 9.4000 9.4000 9.4000 9.4000 9.4000 9.4000 2.0000 2.0000 2.0000 2.0000 2.0000 2.0000 2.0000 2.0000 2.0000 2.0000 2.0000 2.0000 2.0000 2.0000 -2.0000 16.0000 16.0000 10.0000 -11.0000 
fa1 = 5.7700 3.9947 3.9947 3.9947 3.9947 3.9947 3.9947 3.9947 3.1213 3.1213 3.1213 3.1213 3.1213 3.1213 3.1213 2.2679 2.2679 2.2679 2.2679 2.2679 2.2679 2.2679 1.5692 17.8696 17.8696 164.2344 1.9007 
fa2 = 5.7415 3.9704 3.9704 3.9704 3.9704 3.9704 3.9704 3.9704 3.1003 3.1003 3.1003 3.1003 3.1003 3.1003 3.1003 2.2512 2.2512 2.2512 2.2512 2.2512 2.2512 2.2512 1.5570 17.8746 17.8746 168.4246 1.8852 
fa3 = 5.7416 3.9706 3.9706 3.9706 3.9706 3.9706 3.9706 3.9706 3.1005 3.1005 3.1005 3.1005 3.1005 3.1005 3.1005 2.2514 2.2514 2.2514 2.2514 2.2514 2.2514 2.2514 1.5571 17.8746 17.8746 168.5322 1.8853 
fa4 = 5.7133 3.9464 3.9464 3.9464 3.9464 3.9464 3.9464 3.9464 3.0797 3.0797 3.0797 3.0797 3.0797 3.0797 3.0797 2.2349 2.2349 2.2349 2.2349 2.2349 2.2349 2.2349 1.5450 17.8802 17.8802 172.8923 1.8699 
fb1 = -0.2879 -0.3003 -0.3003 -0.3003 -0.3003 -0.3003 -0.3003 -0.3003 -0.3074 -0.3074 -0.3074 -0.3074 -0.3074 -0.3074 -0.3074 -0.3154 -0.3154 -0.3154 -0.3154 -0.3154 -0.3154 -0.3154 -0.3230 -0.0454 -0.0454 0.1988 -0.1319 
fb2 = -0.2877 -0.3001 -0.3001 -0.3001 -0.3001 -0.3001 -0.3001 -0.3001 -0.3073 -0.3073 -0.3073 -0.3073 -0.3073 -0.3073 -0.3073 -0.3153 -0.3153 -0.3153 -0.3153 -0.3153 -0.3153 -0.3153 -0.3230 -0.0451 -0.0451 0.2021 -0.1319 
fb3 = -0.2877 -0.3001 -0.3001 -0.3001 -0.3001 -0.3001 -0.3001 -0.3001 -0.3073 -0.3073 -0.3073 -0.3073 -0.3073 -0.3073 -0.3073 -0.3153 -0.3153 -0.3153 -0.3153 -0.3153 -0.3153 -0.3153 -0.3230 -0.0451 -0.0451 0.2022 -0.1319 
fb4 = -0.2875 -0.3000 -0.3000 -0.3000 -0.3000 -0.3000 -0.3000 -0.3000 -0.3072 -0.3072 -0.3072 -0.3072 -0.3072 -0.3072 -0.3072 -0.3152 -0.3152 -0.3152 -0.3152 -0.3152 -0.3152 -0.3152 -0.3229 -0.0447 -0.0447 0.2055 -0.1318 
I = 14.9000 9.4000 9.4000 9.4000 9.4000 9.4000 9.4000 9.4000 6.0000 6.0000 6.0000 6.0000 6.0000 6.0000 6.0000 2.0000 2.0000 2.0000 2.0000 2.0000 2.0000 2.0000 -2.0000 24.0000 24.0000 10.0000 -10.1203 
S1 = 0.0000 0.0000 0.0000 0.0000 0.0000 0.0000 0.0000 0.0000 0.0000 0.0000 0.0000 0.0000 0.0000 0.0000 0.0000 0.0000 0.0000 0.0000 0.0000 0.0000 0.0000 0.0000 0.0000 0.0000 0.0000 0.0000 0.0000 
S2 = 0.0000 0.0000 0.0000 0.0000 0.0000 0.0000 0.0000 0.0000 0.0000 0.0000 0.0000 0.0000 0.0000 0.0000 0.0000 0.0000 0.0000 0.0000 0.0000 0.0000 0.0000 0.0000 0.0000 0.0000 0.0000 0.0000 0.8797 
u = 9.6431 9.6347 9.6347 9.6347 9.6347 9.6347 9.6347 9.6347 9.6297 9.6297 9.6297 9.6297 9.6297 9.6297 9.6297 9.6239 9.6239 9.6239 9.6239 9.6239 9.6239 9.6239 9.6184 9.8953 9.8953 10.2394 9.8393 
v = 24.5516 21.3514 21.3514 21.3514 21.3514 21.3514 21.3514 21.3514 19.5004 19.5004 19.5004 19.5004 19.5004 19.5004 19.5004 17.4321 17.4321 17.4321 17.4321 17.4321 17.4321 17.4321 15.4697 38.2996 38.2996 102.5731 16.2400 
