ExternalI = 5.5000 0.0000 0.0000 0.0000 0.0000 0.0000 0.0000 0.0000 4.0000 4.0000 4.0000 4.0000 4.0000 4.0000 4.0000 0.0000 0.0000 0.0000 0.0000 0.0000 0.0000 0.0000 0.0000 8.0000 8.0000 0.0000 0.0000 
before u = 9.6374 9.6287 9.6287 9.6287 9.6287 9.6287 9.6287 9.6287 9.6236 9.6236 9.6236 9.6236 9.6236 9.6236 9.6236 9.6176 9.6176 9.6176 9.6176 9.6176 9.6176 9.6176 9.6119 9.8945 9.8945 10.2436 9.8367 
before v = 24.6647 21.4294 21.4294 21.4294 21.4294 21.4294 21.4294 21.4294 19.5612 19.5612 19.5612 19.5612 19.5612 19.5612 19.5612 17.4762 17.4762 17.4762 17.4762 17.4762 17.4762 17.4762 15.5002 38.6575 38.6575 106.2209 16.2767 
Ibias = 9.4000 9.4000 9.4000 9.4000 9.4000 9.4000 9.4000 9.4000 2.0000 2.0000 2.0000 2.0000 2.0000 2.0000 2.0000 2.0000 2.0000 2.0000 2.0000 2.0000 2.0000 2.0000 -2.0000 16.0000 16.0000 10.0000 -11.0000 
fa1 = 5.6024 3.8519 3.8519 3.8519 3.8519 3.8519 3.8519 3.8519 2.9985 2.9985 2.9985 2.9985 2.9985 2.9985 2.9985 2.1705 2.1705 2.1705 2.1705 2.1705 2.1705 2.1705 1.4978 17.9091 17.9091 192.4086 1.8049 
fa2 = 5.5751 3.8286 3.8286 3.8286 3.8286 3.8286 3.8286 3.8286 2.9785 2.9785 2.9785 2.9785 2.9785 2.9785 2.9785 2.1547 2.1547 2.1547 2.1547 2.1547 2.1547 2.1547 1.4863 17.9180 17.9180 197.7335 1.7902 
fa3 = 5.5752 3.8288 3.8288 3.8288 3.8288 3.8288 3.8288 3.8288 2.9786 2.9786 2.9786 2.9786 2.9786 2.9786 2.9786 2.1548 2.1548 2.1548 2.1548 2.1548 2.1548 2.1548 1.4864 17.9180 17.9180 197.8820 1.7903 
fa4 = 5.5481 3.8057 3.8057 3.8057 3.8057 3.8057 3.8057 3.8057 2.9588 2.9588 2.9588 2.9588 2.9588 2.9588 2.9588 2.1392 2.1392 2.1392 2.1392 2.1392 2.1392 2.1392 1.4749 17.9274 17.9274 203.4419 1.7758 
fb1 = -0.2868 -0.2994 -0.2994 -0.2994 -0.2994 -0.2994 -0.2994 -0.2994 -0.3067 -0.3067 -0.3067 -0.3067 -0.3067 -0.3067 -0.3067 -0.3148 -0.3148 -0.3148 -0.3148 -0.3148 -0.3148 -0.3148 -0.3225 -0.0433 -0.0433 0.2200 -0.1316 
fb2 = -0.2867 -0.2993 -0.2993 -0.2993 -0.2993 -0.2993 -0.2993 -0.2993 -0.3066 -0.3066 -0.3066 -0.3066 -0.3066 -0.3066 -0.3066 -0.3147 -0.3147 -0.3147 -0.3147 -0.3147 -0.3147 -0.3147 -0.3224 -0.0429 -0.0429 0.2238 -0.1316 
fb3 = -0.2867 -0.2993 -0.2993 -0.2993 -0.2993 -0.2993 -0.2993 -0.2993 -0.3066 -0.3066 -0.3066 -0.3066 -0.3066 -0.3066 -0.3066 -0.3147 -0.3147 -0.3147 -0.3147 -0.3147 -0.3147 -0.3147 -0.3224 -0.0429 -0.0429 0.2239 -0.1316 
fb4 = -0.2865 -0.2992 -0.2992 -0.2992 -0.2992 -0.2992 -0.2992 -0.2992 -0.3065 -0.3065 -0.3065 -0.3065 -0.3065 -0.3065 -0.3065 -0.3146 -0.3146 -0.3146 -0.3146 -0.3146 -0.3146 -0.3146 -0.3223 -0.0425 -0.0425 0.2279 -0.1315 
I = 14.9000 9.4000 9.4000 9.4000 9.4000 9.4000 9.4000 9.4000 6.0000 6.0000 6.0000 6.0000 6.0000 6.0000 6.0000 2.0000 2.0000 2.0000 2.0000 2.0000 2.0000 2.0000 -2.0000 24.0000 24.0000 10.0000 -10.1255 
S1 = 0.0000 0.0000 0.0000 0.0000 0.0000 0.0000 0.0000 0.0000 0.0000 0.0000 0.0000 0.0000 0.0000 0.0000 0.0000 0.0000 0.0000 0.0000 0.0000 0.0000 0.0000 0.0000 0.0000 0.0000 0.0000 0.0000 0.0000 
S2 = 0.0000 0.0000 0.0000 0.0000 0.0000 0.0000 0.0000 0.0000 0.0000 0.0000 0.0000 0.0000 0.0000 0.0000 0.0000 0.0000 0.0000 0.0000 0.0000 0.0000 0.0000 0.0000 0.0000 0.0000 0.0000 0.0000 0.8745 
u = 9.6345 9.6257 9.6257 9.6257 9.6257 9.6257 9.6257 9.6257 9.6205 9.6205 9.6205 9.6205 9.6205 9.6205 9.6205 9.6145 9.6145 9.6145 9.6145 9.6145 9.6145 9.6145 9.6087 9.8940 9.8940 10.2459 9.8354 
v = 24.7205 21.4677 21.4677 21.4677 21.4677 21.4677 21.4677 21.4677 19.5910 19.5910 19.5910 19.5910 19.5910 19.5910 19.5910 17.4977 17.4977 17.4977 17.4977 17.4977 17.4977 17.4977 15.5150 38.8367 38.8367 108.1993 16.2946 
