ExternalI = 5.5000 0.0000 0.0000 0.0000 0.0000 0.0000 0.0000 0.0000 4.0000 4.0000 4.0000 4.0000 4.0000 4.0000 4.0000 0.0000 0.0000 0.0000 0.0000 0.0000 0.0000 0.0000 0.0000 8.0000 8.0000 0.0000 0.0000 
before u = 9.6345 9.6257 9.6257 9.6257 9.6257 9.6257 9.6257 9.6257 9.6205 9.6205 9.6205 9.6205 9.6205 9.6205 9.6205 9.6145 9.6145 9.6145 9.6145 9.6145 9.6145 9.6145 9.6087 9.8940 9.8940 10.2459 9.8354 
before v = 24.7205 21.4677 21.4677 21.4677 21.4677 21.4677 21.4677 21.4677 19.5910 19.5910 19.5910 19.5910 19.5910 19.5910 19.5910 17.4977 17.4977 17.4977 17.4977 17.4977 17.4977 17.4977 15.5150 38.8367 38.8367 108.1993 16.2946 
Ibias = 9.4000 9.4000 9.4000 9.4000 9.4000 9.4000 9.4000 9.4000 2.0000 2.0000 2.0000 2.0000 2.0000 2.0000 2.0000 2.0000 2.0000 2.0000 2.0000 2.0000 2.0000 2.0000 -2.0000 16.0000 16.0000 10.0000 -11.0000 
fa1 = 5.5481 3.8057 3.8057 3.8057 3.8057 3.8057 3.8057 3.8057 2.9588 2.9588 2.9588 2.9588 2.9588 2.9588 2.9588 2.1392 2.1392 2.1392 2.1392 2.1392 2.1392 2.1392 1.4749 17.9274 17.9274 203.4399 1.7741 
fa2 = 5.5212 3.7828 3.7828 3.7828 3.7828 3.7828 3.7828 3.7828 2.9392 2.9392 2.9392 2.9392 2.9392 2.9392 2.9392 2.1236 2.1236 2.1236 2.1236 2.1236 2.1236 2.1236 1.4635 17.9376 17.9376 209.2334 1.7597 
fa3 = 5.5213 3.7830 3.7830 3.7830 3.7830 3.7830 3.7830 3.7830 2.9393 2.9393 2.9393 2.9393 2.9393 2.9393 2.9393 2.1237 2.1237 2.1237 2.1237 2.1237 2.1237 2.1237 1.4636 17.9376 17.9376 209.3996 1.7598 
fa4 = 5.4946 3.7602 3.7602 3.7602 3.7602 3.7602 3.7602 3.7602 2.9198 2.9198 2.9198 2.9198 2.9198 2.9198 2.9198 2.1083 2.1083 2.1083 2.1083 2.1083 2.1083 2.1083 1.4524 17.9483 17.9483 215.4565 1.7455 
fb1 = -0.2865 -0.2992 -0.2992 -0.2992 -0.2992 -0.2992 -0.2992 -0.2992 -0.3065 -0.3065 -0.3065 -0.3065 -0.3065 -0.3065 -0.3065 -0.3146 -0.3146 -0.3146 -0.3146 -0.3146 -0.3146 -0.3146 -0.3223 -0.0425 -0.0425 0.2279 -0.1315 
fb2 = -0.2863 -0.2990 -0.2990 -0.2990 -0.2990 -0.2990 -0.2990 -0.2990 -0.3063 -0.3063 -0.3063 -0.3063 -0.3063 -0.3063 -0.3063 -0.3145 -0.3145 -0.3145 -0.3145 -0.3145 -0.3145 -0.3145 -0.3222 -0.0422 -0.0422 0.2319 -0.1315 
fb3 = -0.2863 -0.2990 -0.2990 -0.2990 -0.2990 -0.2990 -0.2990 -0.2990 -0.3063 -0.3063 -0.3063 -0.3063 -0.3063 -0.3063 -0.3063 -0.3145 -0.3145 -0.3145 -0.3145 -0.3145 -0.3145 -0.3145 -0.3222 -0.0422 -0.0422 0.2320 -0.1315 
fb4 = -0.2862 -0.2989 -0.2989 -0.2989 -0.2989 -0.2989 -0.2989 -0.2989 -0.3062 -0.3062 -0.3062 -0.3062 -0.3062 -0.3062 -0.3062 -0.3144 -0.3144 -0.3144 -0.3144 -0.3144 -0.3144 -0.3144 -0.3221 -0.0418 -0.0418 0.2362 -0.1314 
I = 14.9000 9.4000 9.4000 9.4000 9.4000 9.4000 9.4000 9.4000 6.0000 6.0000 6.0000 6.0000 6.0000 6.0000 6.0000 2.0000 2.0000 2.0000 2.0000 2.0000 2.0000 2.0000 -2.0000 24.0000 24.0000 10.0000 -10.1273 
S1 = 0.0000 0.0000 0.0000 0.0000 0.0000 0.0000 0.0000 0.0000 0.0000 0.0000 0.0000 0.0000 0.0000 0.0000 0.0000 0.0000 0.0000 0.0000 0.0000 0.0000 0.0000 0.0000 0.0000 0.0000 0.0000 0.0000 0.0000 
S2 = 0.0000 0.0000 0.0000 0.0000 0.0000 0.0000 0.0000 0.0000 0.0000 0.0000 0.0000 0.0000 0.0000 0.0000 0.0000 0.0000 0.0000 0.0000 0.0000 0.0000 0.0000 0.0000 0.0000 0.0000 0.0000 0.0000 0.8727 
u = 9.6317 9.6227 9.6227 9.6227 9.6227 9.6227 9.6227 9.6227 9.6174 9.6174 9.6174 9.6174 9.6174 9.6174 9.6174 9.6113 9.6113 9.6113 9.6113 9.6113 9.6113 9.6113 9.6055 9.8936 9.8936 10.2482 9.8340 
v = 24.7757 21.5055 21.5055 21.5055 21.5055 21.5055 21.5055 21.5055 19.6204 19.6204 19.6204 19.6204 19.6204 19.6204 19.6204 17.5190 17.5190 17.5190 17.5190 17.5190 17.5190 17.5190 15.5297 39.0160 39.0160 110.2929 16.3122 
