ExternalI = 5.5000 0.0000 0.0000 0.0000 0.0000 0.0000 0.0000 0.0000 4.0000 4.0000 4.0000 4.0000 4.0000 4.0000 4.0000 0.0000 0.0000 0.0000 0.0000 0.0000 0.0000 0.0000 0.0000 8.0000 8.0000 0.0000 0.0000 
before u = 9.6288 9.6198 9.6198 9.6198 9.6198 9.6198 9.6198 9.6198 9.6144 9.6144 9.6144 9.6144 9.6144 9.6144 9.6144 9.6082 9.6082 9.6082 9.6082 9.6082 9.6082 9.6082 9.6022 9.8932 9.8932 10.2506 9.8327 
before v = 24.8304 21.5429 21.5429 21.5429 21.5429 21.5429 21.5429 21.5429 19.6494 19.6494 19.6494 19.6494 19.6494 19.6494 19.6494 17.5399 17.5399 17.5399 17.5399 17.5399 17.5399 17.5399 15.5441 39.1956 39.1956 112.5121 16.3295 
Ibias = 9.4000 9.4000 9.4000 9.4000 9.4000 9.4000 9.4000 9.4000 2.0000 2.0000 2.0000 2.0000 2.0000 2.0000 2.0000 2.0000 2.0000 2.0000 2.0000 2.0000 2.0000 2.0000 -2.0000 16.0000 16.0000 10.0000 -11.0000 
fa1 = 5.4420 3.7155 3.7155 3.7155 3.7155 3.7155 3.7155 3.7155 2.8814 2.8814 2.8814 2.8814 2.8814 2.8814 2.8814 2.0780 2.0780 2.0780 2.0780 2.0780 2.0780 2.0780 1.4303 17.9718 17.9718 228.5719 1.7141 
fa2 = 5.4158 3.6933 3.6933 3.6933 3.6933 3.6933 3.6933 3.6933 2.8624 2.8624 2.8624 2.8624 2.8624 2.8624 2.8624 2.0630 2.0630 2.0630 2.0630 2.0630 2.0630 2.0630 1.4193 17.9845 17.9845 235.4812 1.7002 
fa3 = 5.4160 3.6934 3.6934 3.6934 3.6934 3.6934 3.6934 3.6934 2.8625 2.8625 2.8625 2.8625 2.8625 2.8625 2.8625 2.0631 2.0631 2.0631 2.0631 2.0631 2.0631 2.0631 1.4194 17.9845 17.9845 235.6917 1.7003 
fa4 = 5.3900 3.6713 3.6713 3.6713 3.6713 3.6713 3.6713 3.6713 2.8436 2.8436 2.8436 2.8436 2.8436 2.8436 2.8436 2.0483 2.0483 2.0483 2.0483 2.0483 2.0483 2.0483 1.4086 17.9979 17.9979 242.9354 1.6866 
fb1 = -0.2858 -0.2986 -0.2986 -0.2986 -0.2986 -0.2986 -0.2986 -0.2986 -0.3060 -0.3060 -0.3060 -0.3060 -0.3060 -0.3060 -0.3060 -0.3142 -0.3142 -0.3142 -0.3142 -0.3142 -0.3142 -0.3142 -0.3219 -0.0411 -0.0411 0.2450 -0.1313 
fb2 = -0.2857 -0.2985 -0.2985 -0.2985 -0.2985 -0.2985 -0.2985 -0.2985 -0.3059 -0.3059 -0.3059 -0.3059 -0.3059 -0.3059 -0.3059 -0.3141 -0.3141 -0.3141 -0.3141 -0.3141 -0.3141 -0.3141 -0.3218 -0.0407 -0.0407 0.2496 -0.1313 
fb3 = -0.2857 -0.2985 -0.2985 -0.2985 -0.2985 -0.2985 -0.2985 -0.2985 -0.3059 -0.3059 -0.3059 -0.3059 -0.3059 -0.3059 -0.3059 -0.3141 -0.3141 -0.3141 -0.3141 -0.3141 -0.3141 -0.3141 -0.3218 -0.0407 -0.0407 0.2497 -0.1313 
fb4 = -0.2855 -0.2984 -0.2984 -0.2984 -0.2984 -0.2984 -0.2984 -0.2984 -0.3057 -0.3057 -0.3057 -0.3057 -0.3057 -0.3057 -0.3057 -0.3140 -0.3140 -0.3140 -0.3140 -0.3140 -0.3140 -0.3140 -0.3217 -0.0404 -0.0404 0.2544 -0.1312 
I = 14.9000 9.4000 9.4000 9.4000 9.4000 9.4000 9.4000 9.4000 6.0000 6.0000 6.0000 6.0000 6.0000 6.0000 6.0000 2.0000 2.0000 2.0000 2.0000 2.0000 2.0000 2.0000 -2.0000 24.0000 24.0000 10.0000 -10.1308 
S1 = 0.0000 0.0000 0.0000 0.0000 0.0000 0.0000 0.0000 0.0000 0.0000 0.0000 0.0000 0.0000 0.0000 0.0000 0.0000 0.0000 0.0000 0.0000 0.0000 0.0000 0.0000 0.0000 0.0000 0.0000 0.0000 0.0000 0.0000 
S2 = 0.0000 0.0000 0.0000 0.0000 0.0000 0.0000 0.0000 0.0000 0.0000 0.0000 0.0000 0.0000 0.0000 0.0000 0.0000 0.0000 0.0000 0.0000 0.0000 0.0000 0.0000 0.0000 0.0000 0.0000 0.0000 0.0000 0.8692 
u = 9.6260 9.6168 9.6168 9.6168 9.6168 9.6168 9.6168 9.6168 9.6113 9.6113 9.6113 9.6113 9.6113 9.6113 9.6113 9.6051 9.6051 9.6051 9.6051 9.6051 9.6051 9.6051 9.5990 9.8928 9.8928 10.2531 9.8314 
v = 24.8845 21.5798 21.5798 21.5798 21.5798 21.5798 21.5798 21.5798 19.6780 19.6780 19.6780 19.6780 19.6780 19.6780 19.6780 17.5605 17.5605 17.5605 17.5605 17.5605 17.5605 17.5605 15.5583 39.3755 39.3755 114.8685 16.3465 
