ExternalI = 5.5000 0.0000 0.0000 0.0000 0.0000 0.0000 0.0000 0.0000 4.0000 4.0000 4.0000 4.0000 4.0000 4.0000 4.0000 0.0000 0.0000 0.0000 0.0000 0.0000 0.0000 0.0000 0.0000 8.0000 8.0000 0.0000 0.0000 
before u = 9.9611 9.9610 9.9610 9.9610 9.9610 9.9610 9.9610 9.9610 9.9609 9.9609 9.9609 9.9609 9.9609 9.9609 9.9609 9.9608 9.9608 9.9608 9.9608 9.9608 9.9608 9.9608 9.9608 9.9835 9.9835 10.0100 9.9827 
before v = 12.8373 12.2959 12.2959 12.2959 12.2959 12.2959 12.2959 12.2959 11.9616 11.9616 11.9616 11.9616 11.9616 11.9616 11.9616 11.5688 11.5688 11.5688 11.5688 11.5688 11.5688 11.5688 11.1764 14.7230 14.7230 75.9079 11.2734 
Ibias = 9.4000 9.4000 9.4000 9.4000 9.4000 9.4000 9.4000 9.4000 2.0000 2.0000 2.0000 2.0000 2.0000 2.0000 2.0000 2.0000 2.0000 2.0000 2.0000 2.0000 2.0000 2.0000 -2.0000 16.0000 16.0000 10.0000 -11.0000 
fa1 = 23.0188 18.5988 18.5988 18.5988 18.5988 18.5988 18.5988 18.5988 15.8774 15.8774 15.8774 15.8774 15.8774 15.8774 15.8774 12.6862 12.6862 12.6862 12.6862 12.6862 12.6862 12.6862 9.5064 38.5181 38.5181 62.7467 10.2807 
fa2 = 22.7940 18.4134 18.4134 18.4134 18.4134 18.4134 18.4134 18.4134 15.7172 15.7172 15.7172 15.7172 15.7172 15.7172 15.7172 12.5565 12.5565 12.5565 12.5565 12.5565 12.5565 12.5565 9.4082 38.1694 38.1694 63.7141 10.1738 
fa3 = 22.7962 18.4153 18.4153 18.4153 18.4153 18.4153 18.4153 18.4153 15.7188 15.7188 15.7188 15.7188 15.7188 15.7188 15.7188 12.5579 12.5579 12.5579 12.5579 12.5579 12.5579 12.5579 9.4092 38.1725 38.1725 63.7290 10.1749 
fa4 = 22.5746 18.2324 18.2324 18.2324 18.2324 18.2324 18.2324 18.2324 15.5607 15.5607 15.5607 15.5607 15.5607 15.5607 15.5607 12.4298 12.4298 12.4298 12.4298 12.4298 12.4298 12.4298 9.3122 37.8298 37.8298 64.7200 10.0692 
fb1 = -0.3471 -0.3493 -0.3493 -0.3493 -0.3493 -0.3493 -0.3493 -0.3493 -0.3506 -0.3506 -0.3506 -0.3506 -0.3506 -0.3506 -0.3506 -0.3522 -0.3522 -0.3522 -0.3522 -0.3522 -0.3522 -0.3522 -0.3537 -0.1408 -0.1408 0.1034 -0.1546 
fb2 = -0.3466 -0.3488 -0.3488 -0.3488 -0.3488 -0.3488 -0.3488 -0.3488 -0.3502 -0.3502 -0.3502 -0.3502 -0.3502 -0.3502 -0.3502 -0.3518 -0.3518 -0.3518 -0.3518 -0.3518 -0.3518 -0.3518 -0.3535 -0.1400 -0.1400 0.1047 -0.1543 
fb3 = -0.3466 -0.3488 -0.3488 -0.3488 -0.3488 -0.3488 -0.3488 -0.3488 -0.3502 -0.3502 -0.3502 -0.3502 -0.3502 -0.3502 -0.3502 -0.3518 -0.3518 -0.3518 -0.3518 -0.3518 -0.3518 -0.3518 -0.3535 -0.1400 -0.1400 0.1047 -0.1543 
fb4 = -0.3460 -0.3484 -0.3484 -0.3484 -0.3484 -0.3484 -0.3484 -0.3484 -0.3498 -0.3498 -0.3498 -0.3498 -0.3498 -0.3498 -0.3498 -0.3515 -0.3515 -0.3515 -0.3515 -0.3515 -0.3515 -0.3515 -0.3532 -0.1392 -0.1392 0.1060 -0.1541 
I = 14.9000 9.4000 9.4000 9.4000 9.4000 9.4000 9.4000 9.4000 6.0000 6.0000 6.0000 6.0000 6.0000 6.0000 6.0000 2.0000 2.0000 2.0000 2.0000 2.0000 2.0000 2.0000 -2.0000 24.0000 24.0000 10.0000 -11.0000 
S1 = 0.0000 0.0000 0.0000 0.0000 0.0000 0.0000 0.0000 0.0000 0.0000 0.0000 0.0000 0.0000 0.0000 0.0000 0.0000 0.0000 0.0000 0.0000 0.0000 0.0000 0.0000 0.0000 0.0000 0.0000 0.0000 0.0000 0.0000 
S2 = 0.0000 0.0000 0.0000 0.0000 0.0000 0.0000 0.0000 0.0000 0.0000 0.0000 0.0000 0.0000 0.0000 0.0000 0.0000 0.0000 0.0000 0.0000 0.0000 0.0000 0.0000 0.0000 0.0000 0.0000 0.0000 0.0000 0.0000 
u = 9.9577 9.9575 9.9575 9.9575 9.9575 9.9575 9.9575 9.9575 9.9574 9.9574 9.9574 9.9574 9.9574 9.9574 9.9574 9.9573 9.9573 9.9573 9.9573 9.9573 9.9573 9.9573 9.9572 9.9821 9.9821 10.0111 9.9812 
v = 13.0653 12.4801 12.4801 12.4801 12.4801 12.4801 12.4801 12.4801 12.1188 12.1188 12.1188 12.1188 12.1188 12.1188 12.1188 11.6944 11.6944 11.6944 11.6944 11.6944 11.6944 11.6944 11.2705 15.1047 15.1047 76.5452 11.3751 
