ExternalI = 5.5000 0.0000 0.0000 0.0000 0.0000 0.0000 0.0000 0.0000 4.0000 4.0000 4.0000 4.0000 4.0000 4.0000 4.0000 0.0000 0.0000 0.0000 0.0000 0.0000 0.0000 0.0000 0.0000 8.0000 8.0000 0.0000 0.0000 
before u = 9.6260 9.6168 9.6168 9.6168 9.6168 9.6168 9.6168 9.6168 9.6113 9.6113 9.6113 9.6113 9.6113 9.6113 9.6113 9.6051 9.6051 9.6051 9.6051 9.6051 9.6051 9.6051 9.5990 9.8928 9.8928 10.2531 9.8314 
before v = 24.8845 21.5798 21.5798 21.5798 21.5798 21.5798 21.5798 21.5798 19.6780 19.6780 19.6780 19.6780 19.6780 19.6780 19.6780 17.5605 17.5605 17.5605 17.5605 17.5605 17.5605 17.5605 15.5583 39.3755 39.3755 114.8685 16.3465 
Ibias = 9.4000 9.4000 9.4000 9.4000 9.4000 9.4000 9.4000 9.4000 2.0000 2.0000 2.0000 2.0000 2.0000 2.0000 2.0000 2.0000 2.0000 2.0000 2.0000 2.0000 2.0000 2.0000 -2.0000 16.0000 16.0000 10.0000 -11.0000 
fa1 = 5.3900 3.6713 3.6713 3.6713 3.6713 3.6713 3.6713 3.6713 2.8436 2.8436 2.8436 2.8436 2.8436 2.8436 2.8436 2.0483 2.0483 2.0483 2.0483 2.0483 2.0483 2.0483 1.4086 17.9979 17.9979 242.9323 1.6848 
fa2 = 5.3643 3.6495 3.6495 3.6495 3.6495 3.6495 3.6495 3.6495 2.8249 2.8249 2.8249 2.8249 2.8249 2.8249 2.8249 2.0335 2.0335 2.0335 2.0335 2.0335 2.0335 2.0335 1.3978 18.0119 18.0119 250.5082 1.6712 
fa3 = 5.3644 3.6496 3.6496 3.6496 3.6496 3.6496 3.6496 3.6496 2.8250 2.8250 2.8250 2.8250 2.8250 2.8250 2.8250 2.0336 2.0336 2.0336 2.0336 2.0336 2.0336 2.0336 1.3979 18.0120 18.0120 250.7464 1.6714 
fa4 = 5.3389 3.6279 3.6279 3.6279 3.6279 3.6279 3.6279 3.6279 2.8064 2.8064 2.8064 2.8064 2.8064 2.8064 2.8064 2.0190 2.0190 2.0190 2.0190 2.0190 2.0190 2.0190 1.3873 18.0266 18.0266 258.7011 1.6579 
fb1 = -0.2855 -0.2984 -0.2984 -0.2984 -0.2984 -0.2984 -0.2984 -0.2984 -0.3057 -0.3057 -0.3057 -0.3057 -0.3057 -0.3057 -0.3057 -0.3140 -0.3140 -0.3140 -0.3140 -0.3140 -0.3140 -0.3140 -0.3217 -0.0404 -0.0404 0.2544 -0.1312 
fb2 = -0.2853 -0.2982 -0.2982 -0.2982 -0.2982 -0.2982 -0.2982 -0.2982 -0.3056 -0.3056 -0.3056 -0.3056 -0.3056 -0.3056 -0.3056 -0.3139 -0.3139 -0.3139 -0.3139 -0.3139 -0.3139 -0.3139 -0.3216 -0.0400 -0.0400 0.2592 -0.1312 
fb3 = -0.2853 -0.2982 -0.2982 -0.2982 -0.2982 -0.2982 -0.2982 -0.2982 -0.3056 -0.3056 -0.3056 -0.3056 -0.3056 -0.3056 -0.3056 -0.3139 -0.3139 -0.3139 -0.3139 -0.3139 -0.3139 -0.3139 -0.3216 -0.0400 -0.0400 0.2594 -0.1312 
fb4 = -0.2852 -0.2981 -0.2981 -0.2981 -0.2981 -0.2981 -0.2981 -0.2981 -0.3055 -0.3055 -0.3055 -0.3055 -0.3055 -0.3055 -0.3055 -0.3138 -0.3138 -0.3138 -0.3138 -0.3138 -0.3138 -0.3138 -0.3215 -0.0396 -0.0396 0.2644 -0.1311 
I = 14.9000 9.4000 9.4000 9.4000 9.4000 9.4000 9.4000 9.4000 6.0000 6.0000 6.0000 6.0000 6.0000 6.0000 6.0000 2.0000 2.0000 2.0000 2.0000 2.0000 2.0000 2.0000 -2.0000 24.0000 24.0000 10.0000 -10.1325 
S1 = 0.0000 0.0000 0.0000 0.0000 0.0000 0.0000 0.0000 0.0000 0.0000 0.0000 0.0000 0.0000 0.0000 0.0000 0.0000 0.0000 0.0000 0.0000 0.0000 0.0000 0.0000 0.0000 0.0000 0.0000 0.0000 0.0000 0.0000 
S2 = 0.0000 0.0000 0.0000 0.0000 0.0000 0.0000 0.0000 0.0000 0.0000 0.0000 0.0000 0.0000 0.0000 0.0000 0.0000 0.0000 0.0000 0.0000 0.0000 0.0000 0.0000 0.0000 0.0000 0.0000 0.0000 0.0000 0.8675 
u = 9.6231 9.6138 9.6138 9.6138 9.6138 9.6138 9.6138 9.6138 9.6082 9.6082 9.6082 9.6082 9.6082 9.6082 9.6082 9.6019 9.6019 9.6019 9.6019 9.6019 9.6019 9.6019 9.5958 9.8924 9.8924 10.2557 9.8301 
v = 24.9382 21.6163 21.6163 21.6163 21.6163 21.6163 21.6163 21.6163 19.7063 19.7063 19.7063 19.7063 19.7063 19.7063 19.7063 17.5809 17.5809 17.5809 17.5809 17.5809 17.5809 17.5809 15.5722 39.5556 39.5556 117.3754 16.3633 
