ExternalI = 5.5000 0.0000 0.0000 0.0000 0.0000 0.0000 0.0000 0.0000 4.0000 4.0000 4.0000 4.0000 4.0000 4.0000 4.0000 0.0000 0.0000 0.0000 0.0000 0.0000 0.0000 0.0000 0.0000 8.0000 8.0000 0.0000 0.0000 
before u = 9.6202 9.6108 9.6108 9.6108 9.6108 9.6108 9.6108 9.6108 9.6052 9.6052 9.6052 9.6052 9.6052 9.6052 9.6052 9.5988 9.5988 9.5988 9.5988 9.5988 9.5988 9.5988 9.5926 9.8920 9.8920 10.2584 9.8288 
before v = 24.9913 21.6524 21.6524 21.6524 21.6524 21.6524 21.6524 21.6524 19.7341 19.7341 19.7341 19.7341 19.7341 19.7341 19.7341 17.6009 17.6009 17.6009 17.6009 17.6009 17.6009 17.6009 15.5860 39.7360 39.7360 120.0478 16.3797 
Ibias = 9.4000 9.4000 9.4000 9.4000 9.4000 9.4000 9.4000 9.4000 2.0000 2.0000 2.0000 2.0000 2.0000 2.0000 2.0000 2.0000 2.0000 2.0000 2.0000 2.0000 2.0000 2.0000 -2.0000 16.0000 16.0000 10.0000 -11.0000 
fa1 = 5.2884 3.5851 3.5851 3.5851 3.5851 3.5851 3.5851 3.5851 2.7698 2.7698 2.7698 2.7698 2.7698 2.7698 2.7698 1.9902 1.9902 1.9902 1.9902 1.9902 1.9902 1.9902 1.3663 18.0580 18.0580 276.0570 1.6280 
fa2 = 5.2634 3.5639 3.5639 3.5639 3.5639 3.5639 3.5639 3.5639 2.7517 2.7517 2.7517 2.7517 2.7517 2.7517 2.7517 1.9759 1.9759 1.9759 1.9759 1.9759 1.9759 1.9759 1.3560 18.0747 18.0747 285.2470 1.6149 
fa3 = 5.2635 3.5640 3.5640 3.5640 3.5640 3.5640 3.5640 3.5640 2.7518 2.7518 2.7518 2.7518 2.7518 2.7518 2.7518 1.9760 1.9760 1.9760 1.9760 1.9760 1.9760 1.9760 1.3561 18.0747 18.0747 285.5556 1.6150 
fa4 = 5.2387 3.5430 3.5430 3.5430 3.5430 3.5430 3.5430 3.5430 2.7338 2.7338 2.7338 2.7338 2.7338 2.7338 2.7338 1.9619 1.9619 1.9619 1.9619 1.9619 1.9619 1.9619 1.3458 18.0920 18.0920 295.2379 1.6020 
fb1 = -0.2848 -0.2978 -0.2978 -0.2978 -0.2978 -0.2978 -0.2978 -0.2978 -0.3053 -0.3053 -0.3053 -0.3053 -0.3053 -0.3053 -0.3053 -0.3135 -0.3135 -0.3135 -0.3135 -0.3135 -0.3135 -0.3135 -0.3214 -0.0389 -0.0389 0.2750 -0.1311 
fb2 = -0.2847 -0.2977 -0.2977 -0.2977 -0.2977 -0.2977 -0.2977 -0.2977 -0.3052 -0.3052 -0.3052 -0.3052 -0.3052 -0.3052 -0.3052 -0.3134 -0.3134 -0.3134 -0.3134 -0.3134 -0.3134 -0.3134 -0.3213 -0.0385 -0.0385 0.2805 -0.1310 
fb3 = -0.2847 -0.2977 -0.2977 -0.2977 -0.2977 -0.2977 -0.2977 -0.2977 -0.3052 -0.3052 -0.3052 -0.3052 -0.3052 -0.3052 -0.3052 -0.3134 -0.3134 -0.3134 -0.3134 -0.3134 -0.3134 -0.3134 -0.3213 -0.0385 -0.0385 0.2807 -0.1310 
fb4 = -0.2845 -0.2976 -0.2976 -0.2976 -0.2976 -0.2976 -0.2976 -0.2976 -0.3050 -0.3050 -0.3050 -0.3050 -0.3050 -0.3050 -0.3050 -0.3133 -0.3133 -0.3133 -0.3133 -0.3133 -0.3133 -0.3133 -0.3212 -0.0382 -0.0382 0.2864 -0.1310 
I = 14.9000 9.4000 9.4000 9.4000 9.4000 9.4000 9.4000 9.4000 6.0000 6.0000 6.0000 6.0000 6.0000 6.0000 6.0000 2.0000 2.0000 2.0000 2.0000 2.0000 2.0000 2.0000 -2.0000 24.0000 24.0000 10.0000 -10.1360 
S1 = 0.0000 0.0000 0.0000 0.0000 0.0000 0.0000 0.0000 0.0000 0.0000 0.0000 0.0000 0.0000 0.0000 0.0000 0.0000 0.0000 0.0000 0.0000 0.0000 0.0000 0.0000 0.0000 0.0000 0.0000 0.0000 0.0000 0.0000 
S2 = 0.0000 0.0000 0.0000 0.0000 0.0000 0.0000 0.0000 0.0000 0.0000 0.0000 0.0000 0.0000 0.0000 0.0000 0.0000 0.0000 0.0000 0.0000 0.0000 0.0000 0.0000 0.0000 0.0000 0.0000 0.0000 0.0000 0.8640 
u = 9.6174 9.6078 9.6078 9.6078 9.6078 9.6078 9.6078 9.6078 9.6021 9.6021 9.6021 9.6021 9.6021 9.6021 9.6021 9.5957 9.5957 9.5957 9.5957 9.5957 9.5957 9.5957 9.5894 9.8916 9.8916 10.2612 9.8275 
v = 25.0440 21.6880 21.6880 21.6880 21.6880 21.6880 21.6880 21.6880 19.7617 19.7617 19.7617 19.7617 19.7617 19.7617 19.7617 17.6207 17.6207 17.6207 17.6207 17.6207 17.6207 17.6207 15.5996 39.9168 39.9168 122.9026 16.3958 
