ExternalI = 5.5000 0.0000 0.0000 0.0000 0.0000 0.0000 0.0000 0.0000 4.0000 4.0000 4.0000 4.0000 4.0000 4.0000 4.0000 0.0000 0.0000 0.0000 0.0000 0.0000 0.0000 0.0000 0.0000 8.0000 8.0000 0.0000 0.0000 
before u = 9.6060 9.5959 9.5959 9.5959 9.5959 9.5959 9.5959 9.5959 9.5900 9.5900 9.5900 9.5900 9.5900 9.5900 9.5900 9.5831 9.5831 9.5831 9.5831 9.5831 9.5831 9.5831 9.5765 9.8901 9.8901 10.3707 9.8222 
before v = 25.2496 21.8264 21.8264 21.8264 21.8264 21.8264 21.8264 21.8264 19.8682 19.8682 19.8682 19.8682 19.8682 19.8682 19.8682 17.6969 17.6969 17.6969 17.6969 17.6969 17.6969 17.6969 15.6518 40.6436 40.6436 60.7477 16.4676 
Ibias = 9.4000 9.4000 9.4000 9.4000 9.4000 9.4000 9.4000 9.4000 2.0000 2.0000 2.0000 2.0000 2.0000 2.0000 2.0000 2.0000 2.0000 2.0000 2.0000 2.0000 2.0000 2.0000 -2.0000 16.0000 16.0000 10.0000 -11.0000 
fa1 = 5.0468 3.3805 3.3805 3.3805 3.3805 3.3805 3.3805 3.3805 2.5952 2.5952 2.5952 2.5952 2.5952 2.5952 2.5952 1.8533 1.8533 1.8533 1.8533 1.8533 1.8533 1.8533 1.2672 18.2551 18.2551 24.9975 2.4756 
fa2 = 5.0235 3.3608 3.3608 3.3608 3.3608 3.3608 3.3608 3.3608 2.5785 2.5785 2.5785 2.5785 2.5785 2.5785 2.5785 1.8402 1.8402 1.8402 1.8402 1.8402 1.8402 1.8402 1.2577 18.2786 18.2786 25.2304 2.4554 
fa3 = 5.0236 3.3609 3.3609 3.3609 3.3609 3.3609 3.3609 3.3609 2.5786 2.5786 2.5786 2.5786 2.5786 2.5786 2.5786 1.8403 1.8403 1.8403 1.8403 1.8403 1.8403 1.8403 1.2578 18.2786 18.2786 25.2325 2.4556 
fa4 = 5.0005 3.3414 3.3414 3.3414 3.3414 3.3414 3.3414 3.3414 2.5619 2.5619 2.5619 2.5619 2.5619 2.5619 2.5619 1.8273 1.8273 1.8273 1.8273 1.8273 1.8273 1.8273 1.2484 18.3028 18.3028 25.4689 2.4356 
fb1 = -0.2832 -0.2965 -0.2965 -0.2965 -0.2965 -0.2965 -0.2965 -0.2965 -0.3041 -0.3041 -0.3041 -0.3041 -0.3041 -0.3041 -0.3041 -0.3125 -0.3125 -0.3125 -0.3125 -0.3125 -0.3125 -0.3125 -0.3205 -0.0352 -0.0352 0.0356 -0.1306 
fb2 = -0.2831 -0.2964 -0.2964 -0.2964 -0.2964 -0.2964 -0.2964 -0.2964 -0.3040 -0.3040 -0.3040 -0.3040 -0.3040 -0.3040 -0.3040 -0.3124 -0.3124 -0.3124 -0.3124 -0.3124 -0.3124 -0.3124 -0.3204 -0.0349 -0.0349 0.0361 -0.1305 
fb3 = -0.2831 -0.2964 -0.2964 -0.2964 -0.2964 -0.2964 -0.2964 -0.2964 -0.3040 -0.3040 -0.3040 -0.3040 -0.3040 -0.3040 -0.3040 -0.3124 -0.3124 -0.3124 -0.3124 -0.3124 -0.3124 -0.3124 -0.3204 -0.0349 -0.0349 0.0361 -0.1305 
fb4 = -0.2829 -0.2963 -0.2963 -0.2963 -0.2963 -0.2963 -0.2963 -0.2963 -0.3039 -0.3039 -0.3039 -0.3039 -0.3039 -0.3039 -0.3039 -0.3123 -0.3123 -0.3123 -0.3123 -0.3123 -0.3123 -0.3123 -0.3203 -0.0345 -0.0345 0.0366 -0.1304 
I = 14.9000 9.4000 9.4000 9.4000 9.4000 9.4000 9.4000 9.4000 6.0000 6.0000 6.0000 6.0000 6.0000 6.0000 6.0000 2.0000 2.0000 2.0000 2.0000 2.0000 2.0000 2.0000 -2.0000 24.0000 24.0000 10.0000 -9.1466 
S1 = 0.0000 0.0000 0.0000 0.0000 0.0000 0.0000 0.0000 0.0000 0.0000 0.0000 0.0000 0.0000 0.0000 0.0000 0.0000 0.0000 0.0000 0.0000 0.0000 0.0000 0.0000 0.0000 0.0000 0.0000 0.0000 0.0000 0.0000 
S2 = 0.0000 0.0000 0.0000 0.0000 0.0000 0.0000 0.0000 0.0000 0.0000 0.0000 0.0000 0.0000 0.0000 0.0000 0.0000 0.0000 0.0000 0.0000 0.0000 0.0000 0.0000 0.0000 0.0000 0.0000 0.0000 0.0000 1.8534 
u = 9.6032 9.5930 9.5930 9.5930 9.5930 9.5930 9.5930 9.5930 9.5869 9.5869 9.5869 9.5869 9.5869 9.5869 9.5869 9.5800 9.5800 9.5800 9.5800 9.5800 9.5800 9.5800 9.5733 9.8898 9.8898 10.3711 9.8209 
v = 25.2999 21.8600 21.8600 21.8600 21.8600 21.8600 21.8600 21.8600 19.8940 19.8940 19.8940 19.8940 19.8940 19.8940 19.8940 17.7153 17.7153 17.7153 17.7153 17.7153 17.7153 17.7153 15.6644 40.8264 40.8264 61.0000 16.4922 
