ExternalI = 5.5000 0.0000 0.0000 0.0000 0.0000 0.0000 0.0000 0.0000 4.0000 4.0000 4.0000 4.0000 4.0000 4.0000 4.0000 0.0000 0.0000 0.0000 0.0000 0.0000 0.0000 0.0000 0.0000 8.0000 8.0000 0.0000 0.0000 
before u = 9.5919 9.5812 9.5812 9.5812 9.5812 9.5812 9.5812 9.5812 9.5748 9.5748 9.5748 9.5748 9.5748 9.5748 9.5748 9.5675 9.5675 9.5675 9.5675 9.5675 9.5675 9.5675 9.5605 9.8885 9.8885 10.3726 9.8157 
before v = 25.4963 21.9906 21.9906 21.9906 21.9906 21.9906 21.9906 21.9906 19.9939 19.9939 19.9939 19.9939 19.9939 19.9939 19.9939 17.7864 17.7864 17.7864 17.7864 17.7864 17.7864 17.7864 15.7129 41.5627 41.5627 62.0586 16.5862 
Ibias = 9.4000 9.4000 9.4000 9.4000 9.4000 9.4000 9.4000 9.4000 2.0000 2.0000 2.0000 2.0000 2.0000 2.0000 2.0000 2.0000 2.0000 2.0000 2.0000 2.0000 2.0000 2.0000 -2.0000 16.0000 16.0000 10.0000 -11.0000 
fa1 = 4.8216 3.1904 3.1904 3.1904 3.1904 3.1904 3.1904 3.1904 2.4338 2.4338 2.4338 2.4338 2.4338 2.4338 2.4338 1.7275 1.7275 1.7275 1.7275 1.7275 1.7275 1.7275 1.1766 18.5218 18.5218 27.5024 2.2648 
fa2 = 4.7999 3.1721 3.1721 3.1721 3.1721 3.1721 3.1721 3.1721 2.4183 2.4183 2.4183 2.4183 2.4183 2.4183 2.4183 1.7154 1.7154 1.7154 1.7154 1.7154 1.7154 1.7154 1.1680 18.5524 18.5524 27.7731 2.2465 
fa3 = 4.8000 3.1723 3.1723 3.1723 3.1723 3.1723 3.1723 3.1723 2.4184 2.4184 2.4184 2.4184 2.4184 2.4184 2.4184 1.7155 1.7155 1.7155 1.7155 1.7155 1.7155 1.7155 1.1680 18.5524 18.5524 27.7758 2.2466 
fa4 = 4.7785 3.1541 3.1541 3.1541 3.1541 3.1541 3.1541 3.1541 2.4030 2.4030 2.4030 2.4030 2.4030 2.4030 2.4030 1.7036 1.7036 1.7036 1.7036 1.7036 1.7036 1.7036 1.1595 18.5837 18.5837 28.0508 2.2285 
fb1 = -0.2817 -0.2953 -0.2953 -0.2953 -0.2953 -0.2953 -0.2953 -0.2953 -0.3030 -0.3030 -0.3030 -0.3030 -0.3030 -0.3030 -0.3030 -0.3116 -0.3116 -0.3116 -0.3116 -0.3116 -0.3116 -0.3116 -0.3196 -0.0315 -0.0315 0.0408 -0.1300 
fb2 = -0.2815 -0.2952 -0.2952 -0.2952 -0.2952 -0.2952 -0.2952 -0.2952 -0.3029 -0.3029 -0.3029 -0.3029 -0.3029 -0.3029 -0.3029 -0.3115 -0.3115 -0.3115 -0.3115 -0.3115 -0.3115 -0.3115 -0.3195 -0.0311 -0.0311 0.0413 -0.1299 
fb3 = -0.2815 -0.2952 -0.2952 -0.2952 -0.2952 -0.2952 -0.2952 -0.2952 -0.3029 -0.3029 -0.3029 -0.3029 -0.3029 -0.3029 -0.3029 -0.3115 -0.3115 -0.3115 -0.3115 -0.3115 -0.3115 -0.3115 -0.3195 -0.0311 -0.0311 0.0413 -0.1299 
fb4 = -0.2814 -0.2950 -0.2950 -0.2950 -0.2950 -0.2950 -0.2950 -0.2950 -0.3028 -0.3028 -0.3028 -0.3028 -0.3028 -0.3028 -0.3028 -0.3114 -0.3114 -0.3114 -0.3114 -0.3114 -0.3114 -0.3114 -0.3194 -0.0308 -0.0308 0.0419 -0.1299 
I = 14.9000 9.4000 9.4000 9.4000 9.4000 9.4000 9.4000 9.4000 6.0000 6.0000 6.0000 6.0000 6.0000 6.0000 6.0000 2.0000 2.0000 2.0000 2.0000 2.0000 2.0000 2.0000 -2.0000 24.0000 24.0000 10.0000 -9.1650 
S1 = 0.0000 0.0000 0.0000 0.0000 0.0000 0.0000 0.0000 0.0000 0.0000 0.0000 0.0000 0.0000 0.0000 0.0000 0.0000 0.0000 0.0000 0.0000 0.0000 0.0000 0.0000 0.0000 0.0000 0.0000 0.0000 0.0000 0.0000 
S2 = 0.0000 0.0000 0.0000 0.0000 0.0000 0.0000 0.0000 0.0000 0.0000 0.0000 0.0000 0.0000 0.0000 0.0000 0.0000 0.0000 0.0000 0.0000 0.0000 0.0000 0.0000 0.0000 0.0000 0.0000 0.0000 0.0000 1.8350 
u = 9.5891 9.5782 9.5782 9.5782 9.5782 9.5782 9.5782 9.5782 9.5718 9.5718 9.5718 9.5718 9.5718 9.5718 9.5718 9.5644 9.5644 9.5644 9.5644 9.5644 9.5644 9.5644 9.5573 9.8882 9.8882 10.3730 9.8144 
v = 25.5443 22.0224 22.0224 22.0224 22.0224 22.0224 22.0224 22.0224 20.0181 20.0181 20.0181 20.0181 20.0181 20.0181 20.0181 17.8036 17.8036 17.8036 17.8036 17.8036 17.8036 17.8036 15.7246 41.7482 41.7482 62.3364 16.6086 
