ExternalI = 5.5000 0.0000 0.0000 0.0000 0.0000 0.0000 0.0000 0.0000 4.0000 4.0000 4.0000 4.0000 4.0000 4.0000 4.0000 0.0000 0.0000 0.0000 0.0000 0.0000 0.0000 0.0000 0.0000 8.0000 8.0000 0.0000 0.0000 
before u = 9.5863 9.5753 9.5753 9.5753 9.5753 9.5753 9.5753 9.5753 9.5687 9.5687 9.5687 9.5687 9.5687 9.5687 9.5687 9.5613 9.5613 9.5613 9.5613 9.5613 9.5613 9.5613 9.5541 9.8878 9.8878 10.3735 9.8131 
before v = 25.5919 22.0537 22.0537 22.0537 22.0537 22.0537 22.0537 22.0537 20.0419 20.0419 20.0419 20.0419 20.0419 20.0419 20.0419 17.8205 17.8205 17.8205 17.8205 17.8205 17.8205 17.8205 15.7361 41.9344 41.9344 62.6197 16.6307 
Ibias = 9.4000 9.4000 9.4000 9.4000 9.4000 9.4000 9.4000 9.4000 2.0000 2.0000 2.0000 2.0000 2.0000 2.0000 2.0000 2.0000 2.0000 2.0000 2.0000 2.0000 2.0000 2.0000 -2.0000 16.0000 16.0000 10.0000 -11.0000 
fa1 = 4.7359 3.1182 3.1182 3.1182 3.1182 3.1182 3.1182 3.1182 2.3726 2.3726 2.3726 2.3726 2.3726 2.3726 2.3726 1.6800 1.6800 1.6800 1.6800 1.6800 1.6800 1.6800 1.1426 18.6487 18.6487 28.6165 2.1856 
fa2 = 4.7147 3.1005 3.1005 3.1005 3.1005 3.1005 3.1005 3.1005 2.3576 2.3576 2.3576 2.3576 2.3576 2.3576 2.3576 1.6684 1.6684 1.6684 1.6684 1.6684 1.6684 1.6684 1.1343 18.6823 18.6823 28.9046 2.1680 
fa3 = 4.7148 3.1006 3.1006 3.1006 3.1006 3.1006 3.1006 3.1006 2.3577 2.3577 2.3577 2.3577 2.3577 2.3577 2.3577 1.6684 1.6684 1.6684 1.6684 1.6684 1.6684 1.6684 1.1343 18.6823 18.6823 28.9075 2.1682 
fa4 = 4.6938 3.0829 3.0829 3.0829 3.0829 3.0829 3.0829 3.0829 2.3427 2.3427 2.3427 2.3427 2.3427 2.3427 2.3427 1.6569 1.6569 1.6569 1.6569 1.6569 1.6569 1.6569 1.1261 18.7167 18.7167 29.2003 2.1507 
fb1 = -0.2811 -0.2948 -0.2948 -0.2948 -0.2948 -0.2948 -0.2948 -0.2948 -0.3026 -0.3026 -0.3026 -0.3026 -0.3026 -0.3026 -0.3026 -0.3112 -0.3112 -0.3112 -0.3112 -0.3112 -0.3112 -0.3112 -0.3192 -0.0300 -0.0300 0.0430 -0.1297 
fb2 = -0.2809 -0.2947 -0.2947 -0.2947 -0.2947 -0.2947 -0.2947 -0.2947 -0.3025 -0.3025 -0.3025 -0.3025 -0.3025 -0.3025 -0.3025 -0.3111 -0.3111 -0.3111 -0.3111 -0.3111 -0.3111 -0.3111 -0.3191 -0.0296 -0.0296 0.0436 -0.1297 
fb3 = -0.2809 -0.2947 -0.2947 -0.2947 -0.2947 -0.2947 -0.2947 -0.2947 -0.3025 -0.3025 -0.3025 -0.3025 -0.3025 -0.3025 -0.3025 -0.3111 -0.3111 -0.3111 -0.3111 -0.3111 -0.3111 -0.3111 -0.3191 -0.0296 -0.0296 0.0436 -0.1297 
fb4 = -0.2808 -0.2946 -0.2946 -0.2946 -0.2946 -0.2946 -0.2946 -0.2946 -0.3024 -0.3024 -0.3024 -0.3024 -0.3024 -0.3024 -0.3024 -0.3110 -0.3110 -0.3110 -0.3110 -0.3110 -0.3110 -0.3110 -0.3190 -0.0293 -0.0293 0.0442 -0.1296 
I = 14.9000 9.4000 9.4000 9.4000 9.4000 9.4000 9.4000 9.4000 6.0000 6.0000 6.0000 6.0000 6.0000 6.0000 6.0000 2.0000 2.0000 2.0000 2.0000 2.0000 2.0000 2.0000 -2.0000 24.0000 24.0000 10.0000 -9.1724 
S1 = 0.0000 0.0000 0.0000 0.0000 0.0000 0.0000 0.0000 0.0000 0.0000 0.0000 0.0000 0.0000 0.0000 0.0000 0.0000 0.0000 0.0000 0.0000 0.0000 0.0000 0.0000 0.0000 0.0000 0.0000 0.0000 0.0000 0.0000 
S2 = 0.0000 0.0000 0.0000 0.0000 0.0000 0.0000 0.0000 0.0000 0.0000 0.0000 0.0000 0.0000 0.0000 0.0000 0.0000 0.0000 0.0000 0.0000 0.0000 0.0000 0.0000 0.0000 0.0000 0.0000 0.0000 0.0000 1.8276 
u = 9.5835 9.5723 9.5723 9.5723 9.5723 9.5723 9.5723 9.5723 9.5657 9.5657 9.5657 9.5657 9.5657 9.5657 9.5657 9.5582 9.5582 9.5582 9.5582 9.5582 9.5582 9.5582 9.5510 9.8876 9.8876 10.3739 9.8118 
v = 25.6390 22.0847 22.0847 22.0847 22.0847 22.0847 22.0847 22.0847 20.0655 20.0655 20.0655 20.0655 20.0655 20.0655 20.0655 17.8372 17.8372 17.8372 17.8372 17.8372 17.8372 17.8372 15.7474 42.1212 42.1212 62.9087 16.6524 
