ExternalI = 5.5000 0.0000 0.0000 0.0000 0.0000 0.0000 0.0000 0.0000 4.0000 4.0000 4.0000 4.0000 4.0000 4.0000 4.0000 0.0000 0.0000 0.0000 0.0000 0.0000 0.0000 0.0000 0.0000 8.0000 8.0000 0.0000 0.0000 
before u = 9.5807 9.5694 9.5694 9.5694 9.5694 9.5694 9.5694 9.5694 9.5627 9.5627 9.5627 9.5627 9.5627 9.5627 9.5627 9.5551 9.5551 9.5551 9.5551 9.5551 9.5551 9.5551 9.5478 9.8873 9.8873 10.3743 9.8105 
before v = 25.6857 22.1154 22.1154 22.1154 22.1154 22.1154 22.1154 22.1154 20.0888 20.0888 20.0888 20.0888 20.0888 20.0888 20.0888 17.8536 17.8536 17.8536 17.8536 17.8536 17.8536 17.8536 15.7586 42.3087 42.3087 63.2037 16.6737 
Ibias = 9.4000 9.4000 9.4000 9.4000 9.4000 9.4000 9.4000 9.4000 2.0000 2.0000 2.0000 2.0000 2.0000 2.0000 2.0000 2.0000 2.0000 2.0000 2.0000 2.0000 2.0000 2.0000 -2.0000 16.0000 16.0000 10.0000 -11.0000 
fa1 = 4.6524 3.0481 3.0481 3.0481 3.0481 3.0481 3.0481 3.0481 2.3133 2.3133 2.3133 2.3133 2.3133 2.3133 2.3133 1.6341 1.6341 1.6341 1.6341 1.6341 1.6341 1.6341 1.1098 18.7877 18.7877 29.8030 2.1092 
fa2 = 4.6318 3.0308 3.0308 3.0308 3.0308 3.0308 3.0308 3.0308 2.2987 2.2987 2.2987 2.2987 2.2987 2.2987 2.2987 1.6228 1.6228 1.6228 1.6228 1.6228 1.6228 1.6228 1.1017 18.8243 18.8243 30.1100 2.0923 
fa3 = 4.6319 3.0309 3.0309 3.0309 3.0309 3.0309 3.0309 3.0309 2.2988 2.2988 2.2988 2.2988 2.2988 2.2988 2.2988 1.6229 1.6229 1.6229 1.6229 1.6229 1.6229 1.6229 1.1018 18.8244 18.8244 30.1132 2.0924 
fa4 = 4.6115 3.0138 3.0138 3.0138 3.0138 3.0138 3.0138 3.0138 2.2843 2.2843 2.2843 2.2843 2.2843 2.2843 2.2843 1.6117 1.6117 1.6117 1.6117 1.6117 1.6117 1.6117 1.0938 18.8618 18.8618 30.4253 2.0757 
fb1 = -0.2805 -0.2943 -0.2943 -0.2943 -0.2943 -0.2943 -0.2943 -0.2943 -0.3022 -0.3022 -0.3022 -0.3022 -0.3022 -0.3022 -0.3022 -0.3108 -0.3108 -0.3108 -0.3108 -0.3108 -0.3108 -0.3108 -0.3189 -0.0285 -0.0285 0.0453 -0.1295 
fb2 = -0.2803 -0.2942 -0.2942 -0.2942 -0.2942 -0.2942 -0.2942 -0.2942 -0.3020 -0.3020 -0.3020 -0.3020 -0.3020 -0.3020 -0.3020 -0.3107 -0.3107 -0.3107 -0.3107 -0.3107 -0.3107 -0.3107 -0.3188 -0.0281 -0.0281 0.0459 -0.1295 
fb3 = -0.2803 -0.2942 -0.2942 -0.2942 -0.2942 -0.2942 -0.2942 -0.2942 -0.3020 -0.3020 -0.3020 -0.3020 -0.3020 -0.3020 -0.3020 -0.3107 -0.3107 -0.3107 -0.3107 -0.3107 -0.3107 -0.3107 -0.3188 -0.0281 -0.0281 0.0459 -0.1295 
fb4 = -0.2802 -0.2941 -0.2941 -0.2941 -0.2941 -0.2941 -0.2941 -0.2941 -0.3019 -0.3019 -0.3019 -0.3019 -0.3019 -0.3019 -0.3019 -0.3106 -0.3106 -0.3106 -0.3106 -0.3106 -0.3106 -0.3106 -0.3187 -0.0278 -0.0278 0.0465 -0.1294 
I = 14.9000 9.4000 9.4000 9.4000 9.4000 9.4000 9.4000 9.4000 6.0000 6.0000 6.0000 6.0000 6.0000 6.0000 6.0000 2.0000 2.0000 2.0000 2.0000 2.0000 2.0000 2.0000 -2.0000 24.0000 24.0000 10.0000 -9.1797 
S1 = 0.0000 0.0000 0.0000 0.0000 0.0000 0.0000 0.0000 0.0000 0.0000 0.0000 0.0000 0.0000 0.0000 0.0000 0.0000 0.0000 0.0000 0.0000 0.0000 0.0000 0.0000 0.0000 0.0000 0.0000 0.0000 0.0000 0.0000 
S2 = 0.0000 0.0000 0.0000 0.0000 0.0000 0.0000 0.0000 0.0000 0.0000 0.0000 0.0000 0.0000 0.0000 0.0000 0.0000 0.0000 0.0000 0.0000 0.0000 0.0000 0.0000 0.0000 0.0000 0.0000 0.0000 0.0000 1.8203 
u = 9.5779 9.5664 9.5664 9.5664 9.5664 9.5664 9.5664 9.5664 9.5597 9.5597 9.5597 9.5597 9.5597 9.5597 9.5597 9.5520 9.5520 9.5520 9.5520 9.5520 9.5520 9.5520 9.5446 9.8870 9.8870 10.3748 9.8092 
v = 25.7320 22.1457 22.1457 22.1457 22.1457 22.1457 22.1457 22.1457 20.1118 20.1118 20.1118 20.1118 20.1118 20.1118 20.1118 17.8699 17.8699 17.8699 17.8699 17.8699 17.8699 17.8699 15.7696 42.4970 42.4970 63.5049 16.6946 
