ExternalI = 5.5000 0.0000 0.0000 0.0000 0.0000 0.0000 0.0000 0.0000 4.0000 4.0000 4.0000 4.0000 4.0000 4.0000 4.0000 0.0000 0.0000 0.0000 0.0000 0.0000 0.0000 0.0000 0.0000 8.0000 8.0000 0.0000 0.0000 
before u = 9.5779 9.5664 9.5664 9.5664 9.5664 9.5664 9.5664 9.5664 9.5597 9.5597 9.5597 9.5597 9.5597 9.5597 9.5597 9.5520 9.5520 9.5520 9.5520 9.5520 9.5520 9.5520 9.5446 9.8870 9.8870 10.3748 9.8092 
before v = 25.7320 22.1457 22.1457 22.1457 22.1457 22.1457 22.1457 22.1457 20.1118 20.1118 20.1118 20.1118 20.1118 20.1118 20.1118 17.8699 17.8699 17.8699 17.8699 17.8699 17.8699 17.8699 15.7696 42.4970 42.4970 63.5049 16.6946 
Ibias = 9.4000 9.4000 9.4000 9.4000 9.4000 9.4000 9.4000 9.4000 2.0000 2.0000 2.0000 2.0000 2.0000 2.0000 2.0000 2.0000 2.0000 2.0000 2.0000 2.0000 2.0000 2.0000 -2.0000 16.0000 16.0000 10.0000 -11.0000 
fa1 = 4.6115 3.0138 3.0138 3.0138 3.0138 3.0138 3.0138 3.0138 2.2843 2.2843 2.2843 2.2843 2.2843 2.2843 2.2843 1.6117 1.6117 1.6117 1.6117 1.6117 1.6117 1.6117 1.0938 18.8618 18.8618 30.4253 2.0720 
fa2 = 4.5912 2.9967 2.9967 2.9967 2.9967 2.9967 2.9967 2.9967 2.2700 2.2700 2.2700 2.2700 2.2700 2.2700 2.2700 1.6006 1.6006 1.6006 1.6006 1.6006 1.6006 1.6006 1.0859 18.9000 18.9000 30.7425 2.0554 
fa3 = 4.5913 2.9968 2.9968 2.9968 2.9968 2.9968 2.9968 2.9968 2.2701 2.2701 2.2701 2.2701 2.2701 2.2701 2.2701 1.6007 1.6007 1.6007 1.6007 1.6007 1.6007 1.6007 1.0860 18.9001 18.9001 30.7458 2.0556 
fa4 = 4.5712 2.9799 2.9799 2.9799 2.9799 2.9799 2.9799 2.9799 2.2558 2.2558 2.2558 2.2558 2.2558 2.2558 2.2558 1.5897 1.5897 1.5897 1.5897 1.5897 1.5897 1.5897 1.0781 18.9391 18.9391 31.0683 2.0391 
fb1 = -0.2802 -0.2941 -0.2941 -0.2941 -0.2941 -0.2941 -0.2941 -0.2941 -0.3019 -0.3019 -0.3019 -0.3019 -0.3019 -0.3019 -0.3019 -0.3106 -0.3106 -0.3106 -0.3106 -0.3106 -0.3106 -0.3106 -0.3187 -0.0278 -0.0278 0.0465 -0.1294 
fb2 = -0.2800 -0.2940 -0.2940 -0.2940 -0.2940 -0.2940 -0.2940 -0.2940 -0.3018 -0.3018 -0.3018 -0.3018 -0.3018 -0.3018 -0.3018 -0.3105 -0.3105 -0.3105 -0.3105 -0.3105 -0.3105 -0.3105 -0.3186 -0.0274 -0.0274 0.0471 -0.1294 
fb3 = -0.2800 -0.2940 -0.2940 -0.2940 -0.2940 -0.2940 -0.2940 -0.2940 -0.3018 -0.3018 -0.3018 -0.3018 -0.3018 -0.3018 -0.3018 -0.3105 -0.3105 -0.3105 -0.3105 -0.3105 -0.3105 -0.3105 -0.3186 -0.0274 -0.0274 0.0471 -0.1294 
fb4 = -0.2799 -0.2938 -0.2938 -0.2938 -0.2938 -0.2938 -0.2938 -0.2938 -0.3017 -0.3017 -0.3017 -0.3017 -0.3017 -0.3017 -0.3017 -0.3104 -0.3104 -0.3104 -0.3104 -0.3104 -0.3104 -0.3104 -0.3185 -0.0270 -0.0270 0.0477 -0.1293 
I = 14.9000 9.4000 9.4000 9.4000 9.4000 9.4000 9.4000 9.4000 6.0000 6.0000 6.0000 6.0000 6.0000 6.0000 6.0000 2.0000 2.0000 2.0000 2.0000 2.0000 2.0000 2.0000 -2.0000 24.0000 24.0000 10.0000 -9.1833 
S1 = 0.0000 0.0000 0.0000 0.0000 0.0000 0.0000 0.0000 0.0000 0.0000 0.0000 0.0000 0.0000 0.0000 0.0000 0.0000 0.0000 0.0000 0.0000 0.0000 0.0000 0.0000 0.0000 0.0000 0.0000 0.0000 0.0000 0.0000 
S2 = 0.0000 0.0000 0.0000 0.0000 0.0000 0.0000 0.0000 0.0000 0.0000 0.0000 0.0000 0.0000 0.0000 0.0000 0.0000 0.0000 0.0000 0.0000 0.0000 0.0000 0.0000 0.0000 0.0000 0.0000 0.0000 0.0000 1.8167 
u = 9.5751 9.5635 9.5635 9.5635 9.5635 9.5635 9.5635 9.5635 9.5566 9.5566 9.5566 9.5566 9.5566 9.5566 9.5566 9.5489 9.5489 9.5489 9.5489 9.5489 9.5489 9.5489 9.5414 9.8867 9.8867 10.3753 9.8080 
v = 25.7780 22.1757 22.1757 22.1757 22.1757 22.1757 22.1757 22.1757 20.1345 20.1345 20.1345 20.1345 20.1345 20.1345 20.1345 17.8859 17.8859 17.8859 17.8859 17.8859 17.8859 17.8859 15.7805 42.6860 42.6860 63.8123 16.7152 
