ExternalI = 5.5000 0.0000 0.0000 0.0000 0.0000 0.0000 0.0000 0.0000 4.0000 4.0000 4.0000 4.0000 4.0000 4.0000 4.0000 0.0000 0.0000 0.0000 0.0000 0.0000 0.0000 0.0000 0.0000 8.0000 8.0000 0.0000 0.0000 
before u = 9.5751 9.5635 9.5635 9.5635 9.5635 9.5635 9.5635 9.5635 9.5566 9.5566 9.5566 9.5566 9.5566 9.5566 9.5566 9.5489 9.5489 9.5489 9.5489 9.5489 9.5489 9.5489 9.5414 9.8867 9.8867 10.3753 9.8080 
before v = 25.7780 22.1757 22.1757 22.1757 22.1757 22.1757 22.1757 22.1757 20.1345 20.1345 20.1345 20.1345 20.1345 20.1345 20.1345 17.8859 17.8859 17.8859 17.8859 17.8859 17.8859 17.8859 15.7805 42.6860 42.6860 63.8123 16.7152 
Ibias = 9.4000 9.4000 9.4000 9.4000 9.4000 9.4000 9.4000 9.4000 2.0000 2.0000 2.0000 2.0000 2.0000 2.0000 2.0000 2.0000 2.0000 2.0000 2.0000 2.0000 2.0000 2.0000 -2.0000 16.0000 16.0000 10.0000 -11.0000 
fa1 = 4.5712 2.9799 2.9799 2.9799 2.9799 2.9799 2.9799 2.9799 2.2558 2.2558 2.2558 2.2558 2.2558 2.2558 2.2558 1.5897 1.5897 1.5897 1.5897 1.5897 1.5897 1.5897 1.0781 18.9391 18.9391 31.0683 2.0355 
fa2 = 4.5512 2.9631 2.9631 2.9631 2.9631 2.9631 2.9631 2.9631 2.2416 2.2416 2.2416 2.2416 2.2416 2.2416 2.2416 1.5788 1.5788 1.5788 1.5788 1.5788 1.5788 1.5788 1.0704 18.9788 18.9788 31.3960 2.0192 
fa3 = 4.5512 2.9632 2.9632 2.9632 2.9632 2.9632 2.9632 2.9632 2.2417 2.2417 2.2417 2.2417 2.2417 2.2417 2.2417 1.5789 1.5789 1.5789 1.5789 1.5789 1.5789 1.5789 1.0704 18.9789 18.9789 31.3994 2.0193 
fa4 = 4.5314 2.9466 2.9466 2.9466 2.9466 2.9466 2.9466 2.9466 2.2277 2.2277 2.2277 2.2277 2.2277 2.2277 2.2277 1.5680 1.5680 1.5680 1.5680 1.5680 1.5680 1.5680 1.0627 19.0195 19.0195 31.7327 2.0032 
fb1 = -0.2799 -0.2938 -0.2938 -0.2938 -0.2938 -0.2938 -0.2938 -0.2938 -0.3017 -0.3017 -0.3017 -0.3017 -0.3017 -0.3017 -0.3017 -0.3104 -0.3104 -0.3104 -0.3104 -0.3104 -0.3104 -0.3104 -0.3185 -0.0270 -0.0270 0.0477 -0.1293 
fb2 = -0.2797 -0.2937 -0.2937 -0.2937 -0.2937 -0.2937 -0.2937 -0.2937 -0.3016 -0.3016 -0.3016 -0.3016 -0.3016 -0.3016 -0.3016 -0.3103 -0.3103 -0.3103 -0.3103 -0.3103 -0.3103 -0.3103 -0.3184 -0.0266 -0.0266 0.0484 -0.1292 
fb3 = -0.2797 -0.2937 -0.2937 -0.2937 -0.2937 -0.2937 -0.2937 -0.2937 -0.3016 -0.3016 -0.3016 -0.3016 -0.3016 -0.3016 -0.3016 -0.3103 -0.3103 -0.3103 -0.3103 -0.3103 -0.3103 -0.3103 -0.3184 -0.0266 -0.0266 0.0484 -0.1292 
fb4 = -0.2796 -0.2936 -0.2936 -0.2936 -0.2936 -0.2936 -0.2936 -0.2936 -0.3015 -0.3015 -0.3015 -0.3015 -0.3015 -0.3015 -0.3015 -0.3102 -0.3102 -0.3102 -0.3102 -0.3102 -0.3102 -0.3102 -0.3184 -0.0262 -0.0262 0.0490 -0.1292 
I = 14.9000 9.4000 9.4000 9.4000 9.4000 9.4000 9.4000 9.4000 6.0000 6.0000 6.0000 6.0000 6.0000 6.0000 6.0000 2.0000 2.0000 2.0000 2.0000 2.0000 2.0000 2.0000 -2.0000 24.0000 24.0000 10.0000 -9.1869 
S1 = 0.0000 0.0000 0.0000 0.0000 0.0000 0.0000 0.0000 0.0000 0.0000 0.0000 0.0000 0.0000 0.0000 0.0000 0.0000 0.0000 0.0000 0.0000 0.0000 0.0000 0.0000 0.0000 0.0000 0.0000 0.0000 0.0000 0.0000 
S2 = 0.0000 0.0000 0.0000 0.0000 0.0000 0.0000 0.0000 0.0000 0.0000 0.0000 0.0000 0.0000 0.0000 0.0000 0.0000 0.0000 0.0000 0.0000 0.0000 0.0000 0.0000 0.0000 0.0000 0.0000 0.0000 0.0000 1.8131 
u = 9.5723 9.5605 9.5605 9.5605 9.5605 9.5605 9.5605 9.5605 9.5536 9.5536 9.5536 9.5536 9.5536 9.5536 9.5536 9.5458 9.5458 9.5458 9.5458 9.5458 9.5458 9.5458 9.5382 9.8864 9.8864 10.3757 9.8067 
v = 25.8235 22.2053 22.2053 22.2053 22.2053 22.2053 22.2053 22.2053 20.1569 20.1569 20.1569 20.1569 20.1569 20.1569 20.1569 17.9016 17.9016 17.9016 17.9016 17.9016 17.9016 17.9016 15.7912 42.8758 42.8758 64.1263 16.7354 
