ExternalI = 5.5000 0.0000 0.0000 0.0000 0.0000 0.0000 0.0000 0.0000 4.0000 4.0000 4.0000 4.0000 4.0000 4.0000 4.0000 0.0000 0.0000 0.0000 0.0000 0.0000 0.0000 0.0000 0.0000 8.0000 8.0000 0.0000 0.0000 
before u = 9.5723 9.5605 9.5605 9.5605 9.5605 9.5605 9.5605 9.5605 9.5536 9.5536 9.5536 9.5536 9.5536 9.5536 9.5536 9.5458 9.5458 9.5458 9.5458 9.5458 9.5458 9.5458 9.5382 9.8864 9.8864 10.3757 9.8067 
before v = 25.8235 22.2053 22.2053 22.2053 22.2053 22.2053 22.2053 22.2053 20.1569 20.1569 20.1569 20.1569 20.1569 20.1569 20.1569 17.9016 17.9016 17.9016 17.9016 17.9016 17.9016 17.9016 15.7912 42.8758 42.8758 64.1263 16.7354 
Ibias = 9.4000 9.4000 9.4000 9.4000 9.4000 9.4000 9.4000 9.4000 2.0000 2.0000 2.0000 2.0000 2.0000 2.0000 2.0000 2.0000 2.0000 2.0000 2.0000 2.0000 2.0000 2.0000 -2.0000 16.0000 16.0000 10.0000 -11.0000 
fa1 = 4.5314 2.9466 2.9466 2.9466 2.9466 2.9466 2.9466 2.9466 2.2277 2.2277 2.2277 2.2277 2.2277 2.2277 2.2277 1.5680 1.5680 1.5680 1.5680 1.5680 1.5680 1.5680 1.0627 19.0195 19.0195 31.7327 1.9996 
fa2 = 4.5116 2.9300 2.9300 2.9300 2.9300 2.9300 2.9300 2.9300 2.2138 2.2138 2.2138 2.2138 2.2138 2.2138 2.2138 1.5573 1.5573 1.5573 1.5573 1.5573 1.5573 1.5573 1.0551 19.0609 19.0609 32.0714 1.9836 
fa3 = 4.5117 2.9301 2.9301 2.9301 2.9301 2.9301 2.9301 2.9301 2.2138 2.2138 2.2138 2.2138 2.2138 2.2138 2.2138 1.5574 1.5574 1.5574 1.5574 1.5574 1.5574 1.5574 1.0552 19.0610 19.0610 32.0750 1.9838 
fa4 = 4.4921 2.9137 2.9137 2.9137 2.9137 2.9137 2.9137 2.9137 2.2000 2.2000 2.2000 2.2000 2.2000 2.2000 2.2000 1.5467 1.5467 1.5467 1.5467 1.5467 1.5467 1.5467 1.0476 19.1032 19.1032 32.4195 1.9679 
fb1 = -0.2796 -0.2936 -0.2936 -0.2936 -0.2936 -0.2936 -0.2936 -0.2936 -0.3015 -0.3015 -0.3015 -0.3015 -0.3015 -0.3015 -0.3015 -0.3102 -0.3102 -0.3102 -0.3102 -0.3102 -0.3102 -0.3102 -0.3184 -0.0262 -0.0262 0.0490 -0.1292 
fb2 = -0.2795 -0.2935 -0.2935 -0.2935 -0.2935 -0.2935 -0.2935 -0.2935 -0.3014 -0.3014 -0.3014 -0.3014 -0.3014 -0.3014 -0.3014 -0.3101 -0.3101 -0.3101 -0.3101 -0.3101 -0.3101 -0.3101 -0.3183 -0.0258 -0.0258 0.0496 -0.1291 
fb3 = -0.2795 -0.2935 -0.2935 -0.2935 -0.2935 -0.2935 -0.2935 -0.2935 -0.3014 -0.3014 -0.3014 -0.3014 -0.3014 -0.3014 -0.3014 -0.3101 -0.3101 -0.3101 -0.3101 -0.3101 -0.3101 -0.3101 -0.3183 -0.0258 -0.0258 0.0496 -0.1291 
fb4 = -0.2793 -0.2934 -0.2934 -0.2934 -0.2934 -0.2934 -0.2934 -0.2934 -0.3013 -0.3013 -0.3013 -0.3013 -0.3013 -0.3013 -0.3013 -0.3100 -0.3100 -0.3100 -0.3100 -0.3100 -0.3100 -0.3100 -0.3182 -0.0255 -0.0255 0.0503 -0.1291 
I = 14.9000 9.4000 9.4000 9.4000 9.4000 9.4000 9.4000 9.4000 6.0000 6.0000 6.0000 6.0000 6.0000 6.0000 6.0000 2.0000 2.0000 2.0000 2.0000 2.0000 2.0000 2.0000 -2.0000 24.0000 24.0000 10.0000 -9.1906 
S1 = 0.0000 0.0000 0.0000 0.0000 0.0000 0.0000 0.0000 0.0000 0.0000 0.0000 0.0000 0.0000 0.0000 0.0000 0.0000 0.0000 0.0000 0.0000 0.0000 0.0000 0.0000 0.0000 0.0000 0.0000 0.0000 0.0000 0.0000 
S2 = 0.0000 0.0000 0.0000 0.0000 0.0000 0.0000 0.0000 0.0000 0.0000 0.0000 0.0000 0.0000 0.0000 0.0000 0.0000 0.0000 0.0000 0.0000 0.0000 0.0000 0.0000 0.0000 0.0000 0.0000 0.0000 0.0000 1.8094 
u = 9.5695 9.5576 9.5576 9.5576 9.5576 9.5576 9.5576 9.5576 9.5506 9.5506 9.5506 9.5506 9.5506 9.5506 9.5506 9.5427 9.5427 9.5427 9.5427 9.5427 9.5427 9.5427 9.5350 9.8862 9.8862 10.3762 9.8054 
v = 25.8686 22.2346 22.2346 22.2346 22.2346 22.2346 22.2346 22.2346 20.1790 20.1790 20.1790 20.1790 20.1790 20.1790 20.1790 17.9172 17.9172 17.9172 17.9172 17.9172 17.9172 17.9172 15.8017 43.0664 43.0664 64.4470 16.7552 
