ExternalI = 5.5000 0.0000 0.0000 0.0000 0.0000 0.0000 0.0000 0.0000 4.0000 4.0000 4.0000 4.0000 4.0000 4.0000 4.0000 0.0000 0.0000 0.0000 0.0000 0.0000 0.0000 0.0000 0.0000 8.0000 8.0000 0.0000 0.0000 
before u = 9.5695 9.5576 9.5576 9.5576 9.5576 9.5576 9.5576 9.5576 9.5506 9.5506 9.5506 9.5506 9.5506 9.5506 9.5506 9.5427 9.5427 9.5427 9.5427 9.5427 9.5427 9.5427 9.5350 9.8862 9.8862 10.3762 9.8054 
before v = 25.8686 22.2346 22.2346 22.2346 22.2346 22.2346 22.2346 22.2346 20.1790 20.1790 20.1790 20.1790 20.1790 20.1790 20.1790 17.9172 17.9172 17.9172 17.9172 17.9172 17.9172 17.9172 15.8017 43.0664 43.0664 64.4470 16.7552 
Ibias = 9.4000 9.4000 9.4000 9.4000 9.4000 9.4000 9.4000 9.4000 2.0000 2.0000 2.0000 2.0000 2.0000 2.0000 2.0000 2.0000 2.0000 2.0000 2.0000 2.0000 2.0000 2.0000 -2.0000 16.0000 16.0000 10.0000 -11.0000 
fa1 = 4.4921 2.9137 2.9137 2.9137 2.9137 2.9137 2.9137 2.9137 2.2000 2.2000 2.2000 2.2000 2.2000 2.2000 2.2000 1.5467 1.5467 1.5467 1.5467 1.5467 1.5467 1.5467 1.0476 19.1032 19.1032 32.4195 1.9643 
fa2 = 4.4726 2.8974 2.8974 2.8974 2.8974 2.8974 2.8974 2.8974 2.1863 2.1863 2.1863 2.1863 2.1863 2.1863 2.1863 1.5362 1.5362 1.5362 1.5362 1.5362 1.5362 1.5362 1.0401 19.1462 19.1462 32.7697 1.9487 
fa3 = 4.4727 2.8975 2.8975 2.8975 2.8975 2.8975 2.8975 2.8975 2.1864 2.1864 2.1864 2.1864 2.1864 2.1864 2.1864 1.5363 1.5363 1.5363 1.5363 1.5363 1.5363 1.5363 1.0402 19.1463 19.1463 32.7735 1.9488 
fa4 = 4.4534 2.8813 2.8813 2.8813 2.8813 2.8813 2.8813 2.8813 2.1727 2.1727 2.1727 2.1727 2.1727 2.1727 2.1727 1.5258 1.5258 1.5258 1.5258 1.5258 1.5258 1.5258 1.0327 19.1902 19.1902 33.1298 1.9333 
fb1 = -0.2793 -0.2934 -0.2934 -0.2934 -0.2934 -0.2934 -0.2934 -0.2934 -0.3013 -0.3013 -0.3013 -0.3013 -0.3013 -0.3013 -0.3013 -0.3100 -0.3100 -0.3100 -0.3100 -0.3100 -0.3100 -0.3100 -0.3182 -0.0255 -0.0255 0.0503 -0.1291 
fb2 = -0.2792 -0.2932 -0.2932 -0.2932 -0.2932 -0.2932 -0.2932 -0.2932 -0.3012 -0.3012 -0.3012 -0.3012 -0.3012 -0.3012 -0.3012 -0.3099 -0.3099 -0.3099 -0.3099 -0.3099 -0.3099 -0.3099 -0.3181 -0.0251 -0.0251 0.0509 -0.1290 
fb3 = -0.2792 -0.2932 -0.2932 -0.2932 -0.2932 -0.2932 -0.2932 -0.2932 -0.3012 -0.3012 -0.3012 -0.3012 -0.3012 -0.3012 -0.3012 -0.3099 -0.3099 -0.3099 -0.3099 -0.3099 -0.3099 -0.3099 -0.3181 -0.0251 -0.0251 0.0509 -0.1290 
fb4 = -0.2790 -0.2931 -0.2931 -0.2931 -0.2931 -0.2931 -0.2931 -0.2931 -0.3011 -0.3011 -0.3011 -0.3011 -0.3011 -0.3011 -0.3011 -0.3099 -0.3099 -0.3099 -0.3099 -0.3099 -0.3099 -0.3099 -0.3180 -0.0247 -0.0247 0.0516 -0.1290 
I = 14.9000 9.4000 9.4000 9.4000 9.4000 9.4000 9.4000 9.4000 6.0000 6.0000 6.0000 6.0000 6.0000 6.0000 6.0000 2.0000 2.0000 2.0000 2.0000 2.0000 2.0000 2.0000 -2.0000 24.0000 24.0000 10.0000 -9.1942 
S1 = 0.0000 0.0000 0.0000 0.0000 0.0000 0.0000 0.0000 0.0000 0.0000 0.0000 0.0000 0.0000 0.0000 0.0000 0.0000 0.0000 0.0000 0.0000 0.0000 0.0000 0.0000 0.0000 0.0000 0.0000 0.0000 0.0000 0.0000 
S2 = 0.0000 0.0000 0.0000 0.0000 0.0000 0.0000 0.0000 0.0000 0.0000 0.0000 0.0000 0.0000 0.0000 0.0000 0.0000 0.0000 0.0000 0.0000 0.0000 0.0000 0.0000 0.0000 0.0000 0.0000 0.0000 0.0000 1.8058 
u = 9.5667 9.5547 9.5547 9.5547 9.5547 9.5547 9.5547 9.5547 9.5476 9.5476 9.5476 9.5476 9.5476 9.5476 9.5476 9.5396 9.5396 9.5396 9.5396 9.5396 9.5396 9.5396 9.5318 9.8859 9.8859 10.3768 9.8041 
v = 25.9133 22.2636 22.2636 22.2636 22.2636 22.2636 22.2636 22.2636 20.2009 20.2009 20.2009 20.2009 20.2009 20.2009 20.2009 17.9326 17.9326 17.9326 17.9326 17.9326 17.9326 17.9326 15.8121 43.2578 43.2578 64.7748 16.7747 
