ExternalI = 5.5000 0.0000 0.0000 0.0000 0.0000 0.0000 0.0000 0.0000 4.0000 4.0000 4.0000 4.0000 4.0000 4.0000 4.0000 0.0000 0.0000 0.0000 0.0000 0.0000 0.0000 0.0000 0.0000 8.0000 8.0000 0.0000 0.0000 
before u = 9.5667 9.5547 9.5547 9.5547 9.5547 9.5547 9.5547 9.5547 9.5476 9.5476 9.5476 9.5476 9.5476 9.5476 9.5476 9.5396 9.5396 9.5396 9.5396 9.5396 9.5396 9.5396 9.5318 9.8859 9.8859 10.3768 9.8041 
before v = 25.9133 22.2636 22.2636 22.2636 22.2636 22.2636 22.2636 22.2636 20.2009 20.2009 20.2009 20.2009 20.2009 20.2009 20.2009 17.9326 17.9326 17.9326 17.9326 17.9326 17.9326 17.9326 15.8121 43.2578 43.2578 64.7748 16.7747 
Ibias = 9.4000 9.4000 9.4000 9.4000 9.4000 9.4000 9.4000 9.4000 2.0000 2.0000 2.0000 2.0000 2.0000 2.0000 2.0000 2.0000 2.0000 2.0000 2.0000 2.0000 2.0000 2.0000 -2.0000 16.0000 16.0000 10.0000 -11.0000 
fa1 = 4.4534 2.8813 2.8813 2.8813 2.8813 2.8813 2.8813 2.8813 2.1727 2.1727 2.1727 2.1727 2.1727 2.1727 2.1727 1.5258 1.5258 1.5258 1.5258 1.5258 1.5258 1.5258 1.0327 19.1902 19.1902 33.1298 1.9297 
fa2 = 4.4341 2.8652 2.8652 2.8652 2.8652 2.8652 2.8652 2.8652 2.1592 2.1592 2.1592 2.1592 2.1592 2.1592 2.1592 1.5154 1.5154 1.5154 1.5154 1.5154 1.5154 1.5154 1.0254 19.2349 19.2349 33.4921 1.9143 
fa3 = 4.4342 2.8653 2.8653 2.8653 2.8653 2.8653 2.8653 2.8653 2.1593 2.1593 2.1593 2.1593 2.1593 2.1593 2.1593 1.5155 1.5155 1.5155 1.5155 1.5155 1.5155 1.5155 1.0254 19.2350 19.2350 33.4960 1.9144 
fa4 = 4.4151 2.8493 2.8493 2.8493 2.8493 2.8493 2.8493 2.8493 2.1459 2.1459 2.1459 2.1459 2.1459 2.1459 2.1459 1.5052 1.5052 1.5052 1.5052 1.5052 1.5052 1.5052 1.0181 19.2805 19.2805 33.8646 1.8992 
fb1 = -0.2790 -0.2931 -0.2931 -0.2931 -0.2931 -0.2931 -0.2931 -0.2931 -0.3011 -0.3011 -0.3011 -0.3011 -0.3011 -0.3011 -0.3011 -0.3099 -0.3099 -0.3099 -0.3099 -0.3099 -0.3099 -0.3099 -0.3180 -0.0247 -0.0247 0.0516 -0.1290 
fb2 = -0.2789 -0.2930 -0.2930 -0.2930 -0.2930 -0.2930 -0.2930 -0.2930 -0.3010 -0.3010 -0.3010 -0.3010 -0.3010 -0.3010 -0.3010 -0.3098 -0.3098 -0.3098 -0.3098 -0.3098 -0.3098 -0.3098 -0.3179 -0.0243 -0.0243 0.0522 -0.1289 
fb3 = -0.2789 -0.2930 -0.2930 -0.2930 -0.2930 -0.2930 -0.2930 -0.2930 -0.3010 -0.3010 -0.3010 -0.3010 -0.3010 -0.3010 -0.3010 -0.3098 -0.3098 -0.3098 -0.3098 -0.3098 -0.3098 -0.3098 -0.3179 -0.0243 -0.0243 0.0522 -0.1289 
fb4 = -0.2787 -0.2929 -0.2929 -0.2929 -0.2929 -0.2929 -0.2929 -0.2929 -0.3009 -0.3009 -0.3009 -0.3009 -0.3009 -0.3009 -0.3009 -0.3097 -0.3097 -0.3097 -0.3097 -0.3097 -0.3097 -0.3097 -0.3179 -0.0239 -0.0239 0.0529 -0.1289 
I = 14.9000 9.4000 9.4000 9.4000 9.4000 9.4000 9.4000 9.4000 6.0000 6.0000 6.0000 6.0000 6.0000 6.0000 6.0000 2.0000 2.0000 2.0000 2.0000 2.0000 2.0000 2.0000 -2.0000 24.0000 24.0000 10.0000 -9.1978 
S1 = 0.0000 0.0000 0.0000 0.0000 0.0000 0.0000 0.0000 0.0000 0.0000 0.0000 0.0000 0.0000 0.0000 0.0000 0.0000 0.0000 0.0000 0.0000 0.0000 0.0000 0.0000 0.0000 0.0000 0.0000 0.0000 0.0000 0.0000 
S2 = 0.0000 0.0000 0.0000 0.0000 0.0000 0.0000 0.0000 0.0000 0.0000 0.0000 0.0000 0.0000 0.0000 0.0000 0.0000 0.0000 0.0000 0.0000 0.0000 0.0000 0.0000 0.0000 0.0000 0.0000 0.0000 0.0000 1.8022 
u = 9.5639 9.5517 9.5517 9.5517 9.5517 9.5517 9.5517 9.5517 9.5446 9.5446 9.5446 9.5446 9.5446 9.5446 9.5446 9.5365 9.5365 9.5365 9.5365 9.5365 9.5365 9.5365 9.5287 9.8857 9.8857 10.3773 9.8028 
v = 25.9577 22.2922 22.2922 22.2922 22.2922 22.2922 22.2922 22.2922 20.2225 20.2225 20.2225 20.2225 20.2225 20.2225 20.2225 17.9477 17.9477 17.9477 17.9477 17.9477 17.9477 17.9477 15.8224 43.4502 43.4502 65.1097 16.7938 
