ExternalI = 5.5000 0.0000 0.0000 0.0000 0.0000 0.0000 0.0000 0.0000 4.0000 4.0000 4.0000 4.0000 4.0000 4.0000 4.0000 0.0000 0.0000 0.0000 0.0000 0.0000 0.0000 0.0000 0.0000 8.0000 8.0000 0.0000 0.0000 
before u = 9.5639 9.5517 9.5517 9.5517 9.5517 9.5517 9.5517 9.5517 9.5446 9.5446 9.5446 9.5446 9.5446 9.5446 9.5446 9.5365 9.5365 9.5365 9.5365 9.5365 9.5365 9.5365 9.5287 9.8857 9.8857 10.3773 9.8028 
before v = 25.9577 22.2922 22.2922 22.2922 22.2922 22.2922 22.2922 22.2922 20.2225 20.2225 20.2225 20.2225 20.2225 20.2225 20.2225 17.9477 17.9477 17.9477 17.9477 17.9477 17.9477 17.9477 15.8224 43.4502 43.4502 65.1097 16.7938 
Ibias = 9.4000 9.4000 9.4000 9.4000 9.4000 9.4000 9.4000 9.4000 2.0000 2.0000 2.0000 2.0000 2.0000 2.0000 2.0000 2.0000 2.0000 2.0000 2.0000 2.0000 2.0000 2.0000 -2.0000 16.0000 16.0000 10.0000 -11.0000 
fa1 = 4.4151 2.8493 2.8493 2.8493 2.8493 2.8493 2.8493 2.8493 2.1459 2.1459 2.1459 2.1459 2.1459 2.1459 2.1459 1.5052 1.5052 1.5052 1.5052 1.5052 1.5052 1.5052 1.0181 19.2805 19.2805 33.8646 1.8956 
fa2 = 4.3961 2.8335 2.8335 2.8335 2.8335 2.8335 2.8335 2.8335 2.1326 2.1326 2.1326 2.1326 2.1326 2.1326 2.1326 1.4949 1.4949 1.4949 1.4949 1.4949 1.4949 1.4949 1.0109 19.3269 19.3269 34.2395 1.8806 
fa3 = 4.3962 2.8335 2.8335 2.8335 2.8335 2.8335 2.8335 2.8335 2.1327 2.1327 2.1327 2.1327 2.1327 2.1327 2.1327 1.4950 1.4950 1.4950 1.4950 1.4950 1.4950 1.4950 1.0109 19.3270 19.3270 34.2436 1.8807 
fa4 = 4.3774 2.8178 2.8178 2.8178 2.8178 2.8178 2.8178 2.8178 2.1194 2.1194 2.1194 2.1194 2.1194 2.1194 2.1194 1.4849 1.4849 1.4849 1.4849 1.4849 1.4849 1.4849 1.0038 19.3742 19.3742 34.6251 1.8658 
fb1 = -0.2787 -0.2929 -0.2929 -0.2929 -0.2929 -0.2929 -0.2929 -0.2929 -0.3009 -0.3009 -0.3009 -0.3009 -0.3009 -0.3009 -0.3009 -0.3097 -0.3097 -0.3097 -0.3097 -0.3097 -0.3097 -0.3097 -0.3179 -0.0239 -0.0239 0.0529 -0.1289 
fb2 = -0.2786 -0.2928 -0.2928 -0.2928 -0.2928 -0.2928 -0.2928 -0.2928 -0.3008 -0.3008 -0.3008 -0.3008 -0.3008 -0.3008 -0.3008 -0.3096 -0.3096 -0.3096 -0.3096 -0.3096 -0.3096 -0.3096 -0.3178 -0.0235 -0.0235 0.0536 -0.1288 
fb3 = -0.2786 -0.2928 -0.2928 -0.2928 -0.2928 -0.2928 -0.2928 -0.2928 -0.3008 -0.3008 -0.3008 -0.3008 -0.3008 -0.3008 -0.3008 -0.3096 -0.3096 -0.3096 -0.3096 -0.3096 -0.3096 -0.3096 -0.3178 -0.0235 -0.0235 0.0536 -0.1288 
fb4 = -0.2784 -0.2927 -0.2927 -0.2927 -0.2927 -0.2927 -0.2927 -0.2927 -0.3007 -0.3007 -0.3007 -0.3007 -0.3007 -0.3007 -0.3007 -0.3095 -0.3095 -0.3095 -0.3095 -0.3095 -0.3095 -0.3095 -0.3177 -0.0231 -0.0231 0.0543 -0.1288 
I = 14.9000 9.4000 9.4000 9.4000 9.4000 9.4000 9.4000 9.4000 6.0000 6.0000 6.0000 6.0000 6.0000 6.0000 6.0000 2.0000 2.0000 2.0000 2.0000 2.0000 2.0000 2.0000 -2.0000 24.0000 24.0000 10.0000 -9.2014 
S1 = 0.0000 0.0000 0.0000 0.0000 0.0000 0.0000 0.0000 0.0000 0.0000 0.0000 0.0000 0.0000 0.0000 0.0000 0.0000 0.0000 0.0000 0.0000 0.0000 0.0000 0.0000 0.0000 0.0000 0.0000 0.0000 0.0000 0.0000 
S2 = 0.0000 0.0000 0.0000 0.0000 0.0000 0.0000 0.0000 0.0000 0.0000 0.0000 0.0000 0.0000 0.0000 0.0000 0.0000 0.0000 0.0000 0.0000 0.0000 0.0000 0.0000 0.0000 0.0000 0.0000 0.0000 0.0000 1.7986 
u = 9.5611 9.5488 9.5488 9.5488 9.5488 9.5488 9.5488 9.5488 9.5416 9.5416 9.5416 9.5416 9.5416 9.5416 9.5416 9.5334 9.5334 9.5334 9.5334 9.5334 9.5334 9.5334 9.5255 9.8855 9.8855 10.3778 9.8015 
v = 26.0016 22.3206 22.3206 22.3206 22.3206 22.3206 22.3206 22.3206 20.2438 20.2438 20.2438 20.2438 20.2438 20.2438 20.2438 17.9627 17.9627 17.9627 17.9627 17.9627 17.9627 17.9627 15.8325 43.6435 43.6435 65.4521 16.8126 
