ExternalI = 5.5000 0.0000 0.0000 0.0000 0.0000 0.0000 0.0000 0.0000 4.0000 4.0000 4.0000 4.0000 4.0000 4.0000 4.0000 0.0000 0.0000 0.0000 0.0000 0.0000 0.0000 0.0000 0.0000 8.0000 8.0000 0.0000 0.0000 
before u = 9.5556 9.5430 9.5430 9.5430 9.5430 9.5430 9.5430 9.5430 9.5356 9.5356 9.5356 9.5356 9.5356 9.5356 9.5356 9.5272 9.5272 9.5272 9.5272 9.5272 9.5272 9.5272 9.5191 9.8850 9.8850 10.3789 9.7989 
before v = 26.0884 22.3763 22.3763 22.3763 22.3763 22.3763 22.3763 22.3763 20.2857 20.2857 20.2857 20.2857 20.2857 20.2857 20.2857 17.9920 17.9920 17.9920 17.9920 17.9920 17.9920 17.9920 15.8523 44.0329 44.0329 66.1605 16.8493 
Ibias = 9.4000 9.4000 9.4000 9.4000 9.4000 9.4000 9.4000 9.4000 2.0000 2.0000 2.0000 2.0000 2.0000 2.0000 2.0000 2.0000 2.0000 2.0000 2.0000 2.0000 2.0000 2.0000 -2.0000 16.0000 16.0000 10.0000 -11.0000 
fa1 = 4.3034 2.7561 2.7561 2.7561 2.7561 2.7561 2.7561 2.7561 2.0677 2.0677 2.0677 2.0677 2.0677 2.0677 2.0677 1.4453 1.4453 1.4453 1.4453 1.4453 1.4453 1.4453 0.9758 19.5721 19.5721 36.2280 1.7970 
fa2 = 4.2852 2.7409 2.7409 2.7409 2.7409 2.7409 2.7409 2.7409 2.0550 2.0550 2.0550 2.0550 2.0550 2.0550 2.0550 1.4356 1.4356 1.4356 1.4356 1.4356 1.4356 1.4356 0.9690 19.6238 19.6238 36.6444 1.7828 
fa3 = 4.2853 2.7410 2.7410 2.7410 2.7410 2.7410 2.7410 2.7410 2.0551 2.0551 2.0551 2.0551 2.0551 2.0551 2.0551 1.4357 1.4357 1.4357 1.4357 1.4357 1.4357 1.4357 0.9690 19.6239 19.6239 36.6492 1.7829 
fa4 = 4.2671 2.7259 2.7259 2.7259 2.7259 2.7259 2.7259 2.7259 2.0424 2.0424 2.0424 2.0424 2.0424 2.0424 2.0424 1.4260 1.4260 1.4260 1.4260 1.4260 1.4260 1.4260 0.9622 19.6765 19.6765 37.0731 1.7689 
fb1 = -0.2779 -0.2922 -0.2922 -0.2922 -0.2922 -0.2922 -0.2922 -0.2922 -0.3003 -0.3003 -0.3003 -0.3003 -0.3003 -0.3003 -0.3003 -0.3091 -0.3091 -0.3091 -0.3091 -0.3091 -0.3091 -0.3091 -0.3174 -0.0216 -0.0216 0.0571 -0.1286 
fb2 = -0.2777 -0.2921 -0.2921 -0.2921 -0.2921 -0.2921 -0.2921 -0.2921 -0.3002 -0.3002 -0.3002 -0.3002 -0.3002 -0.3002 -0.3002 -0.3090 -0.3090 -0.3090 -0.3090 -0.3090 -0.3090 -0.3090 -0.3173 -0.0212 -0.0212 0.0578 -0.1285 
fb3 = -0.2777 -0.2921 -0.2921 -0.2921 -0.2921 -0.2921 -0.2921 -0.2921 -0.3002 -0.3002 -0.3002 -0.3002 -0.3002 -0.3002 -0.3002 -0.3090 -0.3090 -0.3090 -0.3090 -0.3090 -0.3090 -0.3090 -0.3173 -0.0212 -0.0212 0.0578 -0.1285 
fb4 = -0.2776 -0.2920 -0.2920 -0.2920 -0.2920 -0.2920 -0.2920 -0.2920 -0.3001 -0.3001 -0.3001 -0.3001 -0.3001 -0.3001 -0.3001 -0.3089 -0.3089 -0.3089 -0.3089 -0.3089 -0.3089 -0.3089 -0.3172 -0.0208 -0.0208 0.0585 -0.1285 
I = 14.9000 9.4000 9.4000 9.4000 9.4000 9.4000 9.4000 9.4000 6.0000 6.0000 6.0000 6.0000 6.0000 6.0000 6.0000 2.0000 2.0000 2.0000 2.0000 2.0000 2.0000 2.0000 -2.0000 24.0000 24.0000 10.0000 -9.2122 
S1 = 0.0000 0.0000 0.0000 0.0000 0.0000 0.0000 0.0000 0.0000 0.0000 0.0000 0.0000 0.0000 0.0000 0.0000 0.0000 0.0000 0.0000 0.0000 0.0000 0.0000 0.0000 0.0000 0.0000 0.0000 0.0000 0.0000 0.0000 
S2 = 0.0000 0.0000 0.0000 0.0000 0.0000 0.0000 0.0000 0.0000 0.0000 0.0000 0.0000 0.0000 0.0000 0.0000 0.0000 0.0000 0.0000 0.0000 0.0000 0.0000 0.0000 0.0000 0.0000 0.0000 0.0000 0.0000 1.7878 
u = 9.5528 9.5400 9.5400 9.5400 9.5400 9.5400 9.5400 9.5400 9.5326 9.5326 9.5326 9.5326 9.5326 9.5326 9.5326 9.5241 9.5241 9.5241 9.5241 9.5241 9.5241 9.5241 9.5160 9.8848 9.8848 10.3795 9.7976 
v = 26.1313 22.4037 22.4037 22.4037 22.4037 22.4037 22.4037 22.4037 20.3062 20.3062 20.3062 20.3062 20.3062 20.3062 20.3062 18.0063 18.0063 18.0063 18.0063 18.0063 18.0063 18.0063 15.8620 44.2291 44.2291 66.5270 16.8671 
