ExternalI = 5.5000 0.0000 0.0000 0.0000 0.0000 0.0000 0.0000 0.0000 4.0000 4.0000 4.0000 4.0000 4.0000 4.0000 4.0000 0.0000 0.0000 0.0000 0.0000 0.0000 0.0000 0.0000 0.0000 8.0000 8.0000 0.0000 0.0000 
before u = 9.5528 9.5400 9.5400 9.5400 9.5400 9.5400 9.5400 9.5400 9.5326 9.5326 9.5326 9.5326 9.5326 9.5326 9.5326 9.5241 9.5241 9.5241 9.5241 9.5241 9.5241 9.5241 9.5160 9.8848 9.8848 10.3795 9.7976 
before v = 26.1313 22.4037 22.4037 22.4037 22.4037 22.4037 22.4037 22.4037 20.3062 20.3062 20.3062 20.3062 20.3062 20.3062 20.3062 18.0063 18.0063 18.0063 18.0063 18.0063 18.0063 18.0063 15.8620 44.2291 44.2291 66.5270 16.8671 
Ibias = 9.4000 9.4000 9.4000 9.4000 9.4000 9.4000 9.4000 9.4000 2.0000 2.0000 2.0000 2.0000 2.0000 2.0000 2.0000 2.0000 2.0000 2.0000 2.0000 2.0000 2.0000 2.0000 -2.0000 16.0000 16.0000 10.0000 -11.0000 
fa1 = 4.2671 2.7259 2.7259 2.7259 2.7259 2.7259 2.7259 2.7259 2.0424 2.0424 2.0424 2.0424 2.0424 2.0424 2.0424 1.4260 1.4260 1.4260 1.4260 1.4260 1.4260 1.4260 0.9622 19.6765 19.6765 37.0731 1.7653 
fa2 = 4.2491 2.7109 2.7109 2.7109 2.7109 2.7109 2.7109 2.7109 2.0299 2.0299 2.0299 2.0299 2.0299 2.0299 2.0299 1.4164 1.4164 1.4164 1.4164 1.4164 1.4164 1.4164 0.9555 19.7299 19.7299 37.5046 1.7514 
fa3 = 4.2492 2.7110 2.7110 2.7110 2.7110 2.7110 2.7110 2.7110 2.0300 2.0300 2.0300 2.0300 2.0300 2.0300 2.0300 1.4165 1.4165 1.4165 1.4165 1.4165 1.4165 1.4165 0.9555 19.7300 19.7300 37.5097 1.7515 
fa4 = 4.2313 2.6961 2.6961 2.6961 2.6961 2.6961 2.6961 2.6961 2.0175 2.0175 2.0175 2.0175 2.0175 2.0175 2.0175 1.4070 1.4070 1.4070 1.4070 1.4070 1.4070 1.4070 0.9488 19.7844 19.7844 37.9492 1.7377 
fb1 = -0.2776 -0.2920 -0.2920 -0.2920 -0.2920 -0.2920 -0.2920 -0.2920 -0.3001 -0.3001 -0.3001 -0.3001 -0.3001 -0.3001 -0.3001 -0.3089 -0.3089 -0.3089 -0.3089 -0.3089 -0.3089 -0.3089 -0.3172 -0.0208 -0.0208 0.0585 -0.1285 
fb2 = -0.2774 -0.2919 -0.2919 -0.2919 -0.2919 -0.2919 -0.2919 -0.2919 -0.3000 -0.3000 -0.3000 -0.3000 -0.3000 -0.3000 -0.3000 -0.3088 -0.3088 -0.3088 -0.3088 -0.3088 -0.3088 -0.3088 -0.3171 -0.0204 -0.0204 0.0593 -0.1284 
fb3 = -0.2774 -0.2919 -0.2919 -0.2919 -0.2919 -0.2919 -0.2919 -0.2919 -0.3000 -0.3000 -0.3000 -0.3000 -0.3000 -0.3000 -0.3000 -0.3088 -0.3088 -0.3088 -0.3088 -0.3088 -0.3088 -0.3088 -0.3171 -0.0204 -0.0204 0.0593 -0.1284 
fb4 = -0.2773 -0.2918 -0.2918 -0.2918 -0.2918 -0.2918 -0.2918 -0.2918 -0.2999 -0.2999 -0.2999 -0.2999 -0.2999 -0.2999 -0.2999 -0.3088 -0.3088 -0.3088 -0.3088 -0.3088 -0.3088 -0.3088 -0.3170 -0.0200 -0.0200 0.0600 -0.1284 
I = 14.9000 9.4000 9.4000 9.4000 9.4000 9.4000 9.4000 9.4000 6.0000 6.0000 6.0000 6.0000 6.0000 6.0000 6.0000 2.0000 2.0000 2.0000 2.0000 2.0000 2.0000 2.0000 -2.0000 24.0000 24.0000 10.0000 -9.2158 
S1 = 0.0000 0.0000 0.0000 0.0000 0.0000 0.0000 0.0000 0.0000 0.0000 0.0000 0.0000 0.0000 0.0000 0.0000 0.0000 0.0000 0.0000 0.0000 0.0000 0.0000 0.0000 0.0000 0.0000 0.0000 0.0000 0.0000 0.0000 
S2 = 0.0000 0.0000 0.0000 0.0000 0.0000 0.0000 0.0000 0.0000 0.0000 0.0000 0.0000 0.0000 0.0000 0.0000 0.0000 0.0000 0.0000 0.0000 0.0000 0.0000 0.0000 0.0000 0.0000 0.0000 0.0000 0.0000 1.7842 
u = 9.5500 9.5371 9.5371 9.5371 9.5371 9.5371 9.5371 9.5371 9.5296 9.5296 9.5296 9.5296 9.5296 9.5296 9.5296 9.5210 9.5210 9.5210 9.5210 9.5210 9.5210 9.5210 9.5128 9.8846 9.8846 10.3801 9.7964 
v = 26.1738 22.4308 22.4308 22.4308 22.4308 22.4308 22.4308 22.4308 20.3265 20.3265 20.3265 20.3265 20.3265 20.3265 20.3265 18.0205 18.0205 18.0205 18.0205 18.0205 18.0205 18.0205 15.8715 44.4264 44.4264 66.9021 16.8846 
