ExternalI = 5.5000 0.0000 0.0000 0.0000 0.0000 0.0000 0.0000 0.0000 4.0000 4.0000 4.0000 4.0000 4.0000 4.0000 4.0000 0.0000 0.0000 0.0000 0.0000 0.0000 0.0000 0.0000 0.0000 8.0000 8.0000 0.0000 0.0000 
before u = 9.5472 9.5342 9.5342 9.5342 9.5342 9.5342 9.5342 9.5342 9.5266 9.5266 9.5266 9.5266 9.5266 9.5266 9.5266 9.5179 9.5179 9.5179 9.5179 9.5179 9.5179 9.5179 9.5096 9.8844 9.8844 10.3807 9.7951 
before v = 26.2159 22.4576 22.4576 22.4576 22.4576 22.4576 22.4576 22.4576 20.3466 20.3466 20.3466 20.3466 20.3466 20.3466 20.3466 18.0345 18.0345 18.0345 18.0345 18.0345 18.0345 18.0345 15.8809 44.6248 44.6248 67.2861 16.9018 
Ibias = 9.4000 9.4000 9.4000 9.4000 9.4000 9.4000 9.4000 9.4000 2.0000 2.0000 2.0000 2.0000 2.0000 2.0000 2.0000 2.0000 2.0000 2.0000 2.0000 2.0000 2.0000 2.0000 -2.0000 16.0000 16.0000 10.0000 -11.0000 
fa1 = 4.1960 2.6667 2.6667 2.6667 2.6667 2.6667 2.6667 2.6667 1.9930 1.9930 1.9930 1.9930 1.9930 1.9930 1.9930 1.3883 1.3883 1.3883 1.3883 1.3883 1.3883 1.3883 0.9357 19.8961 19.8961 38.8577 1.7035 
fa2 = 4.1785 2.6521 2.6521 2.6521 2.6521 2.6521 2.6521 2.6521 1.9808 1.9808 1.9808 1.9808 1.9808 1.9808 1.9808 1.3791 1.3791 1.3791 1.3791 1.3791 1.3791 1.3791 0.9292 19.9533 19.9533 39.3219 1.6901 
fa3 = 4.1785 2.6522 2.6522 2.6522 2.6522 2.6522 2.6522 2.6522 1.9809 1.9809 1.9809 1.9809 1.9809 1.9809 1.9809 1.3791 1.3791 1.3791 1.3791 1.3791 1.3791 1.3791 0.9293 19.9535 19.9535 39.3274 1.6902 
fa4 = 4.1611 2.6377 2.6377 2.6377 2.6377 2.6377 2.6377 2.6377 1.9688 1.9688 1.9688 1.9688 1.9688 1.9688 1.9688 1.3699 1.3699 1.3699 1.3699 1.3699 1.3699 1.3699 0.9228 20.0116 20.0116 39.8004 1.6769 
fb1 = -0.2770 -0.2915 -0.2915 -0.2915 -0.2915 -0.2915 -0.2915 -0.2915 -0.2997 -0.2997 -0.2997 -0.2997 -0.2997 -0.2997 -0.2997 -0.3086 -0.3086 -0.3086 -0.3086 -0.3086 -0.3086 -0.3086 -0.3169 -0.0192 -0.0192 0.0615 -0.1283 
fb2 = -0.2769 -0.2914 -0.2914 -0.2914 -0.2914 -0.2914 -0.2914 -0.2914 -0.2996 -0.2996 -0.2996 -0.2996 -0.2996 -0.2996 -0.2996 -0.3085 -0.3085 -0.3085 -0.3085 -0.3085 -0.3085 -0.3085 -0.3168 -0.0188 -0.0188 0.0623 -0.1282 
fb3 = -0.2769 -0.2914 -0.2914 -0.2914 -0.2914 -0.2914 -0.2914 -0.2914 -0.2996 -0.2996 -0.2996 -0.2996 -0.2996 -0.2996 -0.2996 -0.3085 -0.3085 -0.3085 -0.3085 -0.3085 -0.3085 -0.3085 -0.3168 -0.0188 -0.0188 0.0623 -0.1282 
fb4 = -0.2767 -0.2913 -0.2913 -0.2913 -0.2913 -0.2913 -0.2913 -0.2913 -0.2995 -0.2995 -0.2995 -0.2995 -0.2995 -0.2995 -0.2995 -0.3084 -0.3084 -0.3084 -0.3084 -0.3084 -0.3084 -0.3084 -0.3167 -0.0184 -0.0184 0.0631 -0.1282 
I = 14.9000 9.4000 9.4000 9.4000 9.4000 9.4000 9.4000 9.4000 6.0000 6.0000 6.0000 6.0000 6.0000 6.0000 6.0000 2.0000 2.0000 2.0000 2.0000 2.0000 2.0000 2.0000 -2.0000 24.0000 24.0000 10.0000 -9.2229 
S1 = 0.0000 0.0000 0.0000 0.0000 0.0000 0.0000 0.0000 0.0000 0.0000 0.0000 0.0000 0.0000 0.0000 0.0000 0.0000 0.0000 0.0000 0.0000 0.0000 0.0000 0.0000 0.0000 0.0000 0.0000 0.0000 0.0000 0.0000 
S2 = 0.0000 0.0000 0.0000 0.0000 0.0000 0.0000 0.0000 0.0000 0.0000 0.0000 0.0000 0.0000 0.0000 0.0000 0.0000 0.0000 0.0000 0.0000 0.0000 0.0000 0.0000 0.0000 0.0000 0.0000 0.0000 0.0000 1.7771 
u = 9.5445 9.5313 9.5313 9.5313 9.5313 9.5313 9.5313 9.5313 9.5236 9.5236 9.5236 9.5236 9.5236 9.5236 9.5236 9.5148 9.5148 9.5148 9.5148 9.5148 9.5148 9.5148 9.5065 9.8842 9.8842 10.3813 9.7938 
v = 26.2577 22.4842 22.4842 22.4842 22.4842 22.4842 22.4842 22.4842 20.3664 20.3664 20.3664 20.3664 20.3664 20.3664 20.3664 18.0483 18.0483 18.0483 18.0483 18.0483 18.0483 18.0483 15.8902 44.8244 44.8244 67.6793 16.9187 
