ExternalI = 5.5000 0.0000 0.0000 0.0000 0.0000 0.0000 0.0000 0.0000 4.0000 4.0000 4.0000 4.0000 4.0000 4.0000 4.0000 0.0000 0.0000 0.0000 0.0000 0.0000 0.0000 0.0000 0.0000 8.0000 8.0000 0.0000 0.0000 
before u = 9.5445 9.5313 9.5313 9.5313 9.5313 9.5313 9.5313 9.5313 9.5236 9.5236 9.5236 9.5236 9.5236 9.5236 9.5236 9.5148 9.5148 9.5148 9.5148 9.5148 9.5148 9.5148 9.5065 9.8842 9.8842 10.3813 9.7938 
before v = 26.2577 22.4842 22.4842 22.4842 22.4842 22.4842 22.4842 22.4842 20.3664 20.3664 20.3664 20.3664 20.3664 20.3664 20.3664 18.0483 18.0483 18.0483 18.0483 18.0483 18.0483 18.0483 15.8902 44.8244 44.8244 67.6793 16.9187 
Ibias = 9.4000 9.4000 9.4000 9.4000 9.4000 9.4000 9.4000 9.4000 2.0000 2.0000 2.0000 2.0000 2.0000 2.0000 2.0000 2.0000 2.0000 2.0000 2.0000 2.0000 2.0000 2.0000 -2.0000 16.0000 16.0000 10.0000 -11.0000 
fa1 = 4.1611 2.6377 2.6377 2.6377 2.6377 2.6377 2.6377 2.6377 1.9688 1.9688 1.9688 1.9688 1.9688 1.9688 1.9688 1.3699 1.3699 1.3699 1.3699 1.3699 1.3699 1.3699 0.9228 20.0116 20.0116 39.8003 1.6734 
fa2 = 4.1438 2.6234 2.6234 2.6234 2.6234 2.6234 2.6234 2.6234 1.9568 1.9568 1.9568 1.9568 1.9568 1.9568 1.9568 1.3608 1.3608 1.3608 1.3608 1.3608 1.3608 1.3608 0.9164 20.0708 20.0708 40.2821 1.6602 
fa3 = 4.1439 2.6234 2.6234 2.6234 2.6234 2.6234 2.6234 2.6234 1.9569 1.9569 1.9569 1.9569 1.9569 1.9569 1.9569 1.3609 1.3609 1.3609 1.3609 1.3609 1.3609 1.3609 0.9165 20.0709 20.0709 40.2879 1.6603 
fa4 = 4.1267 2.6092 2.6092 2.6092 2.6092 2.6092 2.6092 2.6092 1.9450 1.9450 1.9450 1.9450 1.9450 1.9450 1.9450 1.3519 1.3519 1.3519 1.3519 1.3519 1.3519 1.3519 0.9101 20.1310 20.1310 40.7789 1.6473 
fb1 = -0.2767 -0.2913 -0.2913 -0.2913 -0.2913 -0.2913 -0.2913 -0.2913 -0.2995 -0.2995 -0.2995 -0.2995 -0.2995 -0.2995 -0.2995 -0.3084 -0.3084 -0.3084 -0.3084 -0.3084 -0.3084 -0.3084 -0.3167 -0.0184 -0.0184 0.0631 -0.1282 
fb2 = -0.2766 -0.2912 -0.2912 -0.2912 -0.2912 -0.2912 -0.2912 -0.2912 -0.2994 -0.2994 -0.2994 -0.2994 -0.2994 -0.2994 -0.2994 -0.3083 -0.3083 -0.3083 -0.3083 -0.3083 -0.3083 -0.3083 -0.3166 -0.0180 -0.0180 0.0639 -0.1282 
fb3 = -0.2766 -0.2912 -0.2912 -0.2912 -0.2912 -0.2912 -0.2912 -0.2912 -0.2994 -0.2994 -0.2994 -0.2994 -0.2994 -0.2994 -0.2994 -0.3083 -0.3083 -0.3083 -0.3083 -0.3083 -0.3083 -0.3083 -0.3166 -0.0180 -0.0180 0.0639 -0.1282 
fb4 = -0.2765 -0.2911 -0.2911 -0.2911 -0.2911 -0.2911 -0.2911 -0.2911 -0.2993 -0.2993 -0.2993 -0.2993 -0.2993 -0.2993 -0.2993 -0.3082 -0.3082 -0.3082 -0.3082 -0.3082 -0.3082 -0.3082 -0.3165 -0.0176 -0.0176 0.0647 -0.1281 
I = 14.9000 9.4000 9.4000 9.4000 9.4000 9.4000 9.4000 9.4000 6.0000 6.0000 6.0000 6.0000 6.0000 6.0000 6.0000 2.0000 2.0000 2.0000 2.0000 2.0000 2.0000 2.0000 -2.0000 24.0000 24.0000 10.0000 -9.2264 
S1 = 0.0000 0.0000 0.0000 0.0000 0.0000 0.0000 0.0000 0.0000 0.0000 0.0000 0.0000 0.0000 0.0000 0.0000 0.0000 0.0000 0.0000 0.0000 0.0000 0.0000 0.0000 0.0000 0.0000 0.0000 0.0000 0.0000 0.0000 
S2 = 0.0000 0.0000 0.0000 0.0000 0.0000 0.0000 0.0000 0.0000 0.0000 0.0000 0.0000 0.0000 0.0000 0.0000 0.0000 0.0000 0.0000 0.0000 0.0000 0.0000 0.0000 0.0000 0.0000 0.0000 0.0000 0.0000 1.7736 
u = 9.5417 9.5284 9.5284 9.5284 9.5284 9.5284 9.5284 9.5284 9.5206 9.5206 9.5206 9.5206 9.5206 9.5206 9.5206 9.5118 9.5118 9.5118 9.5118 9.5118 9.5118 9.5118 9.5033 9.8840 9.8840 10.3820 9.7925 
v = 26.2991 22.5104 22.5104 22.5104 22.5104 22.5104 22.5104 22.5104 20.3860 20.3860 20.3860 20.3860 20.3860 20.3860 20.3860 18.0619 18.0619 18.0619 18.0619 18.0619 18.0619 18.0619 15.8994 45.0251 45.0251 68.0822 16.9353 
