ExternalI = 5.5000 0.0000 0.0000 0.0000 0.0000 0.0000 0.0000 0.0000 4.0000 4.0000 4.0000 4.0000 4.0000 4.0000 4.0000 0.0000 0.0000 0.0000 0.0000 0.0000 0.0000 0.0000 0.0000 8.0000 8.0000 0.0000 0.0000 
before u = 9.5417 9.5284 9.5284 9.5284 9.5284 9.5284 9.5284 9.5284 9.5206 9.5206 9.5206 9.5206 9.5206 9.5206 9.5206 9.5118 9.5118 9.5118 9.5118 9.5118 9.5118 9.5118 9.5033 9.8840 9.8840 10.3820 9.7925 
before v = 26.2991 22.5104 22.5104 22.5104 22.5104 22.5104 22.5104 22.5104 20.3860 20.3860 20.3860 20.3860 20.3860 20.3860 20.3860 18.0619 18.0619 18.0619 18.0619 18.0619 18.0619 18.0619 15.8994 45.0251 45.0251 68.0822 16.9353 
Ibias = 9.4000 9.4000 9.4000 9.4000 9.4000 9.4000 9.4000 9.4000 2.0000 2.0000 2.0000 2.0000 2.0000 2.0000 2.0000 2.0000 2.0000 2.0000 2.0000 2.0000 2.0000 2.0000 -2.0000 16.0000 16.0000 10.0000 -11.0000 
fa1 = 4.1267 2.6092 2.6092 2.6092 2.6092 2.6092 2.6092 2.6092 1.9450 1.9450 1.9450 1.9450 1.9450 1.9450 1.9450 1.3519 1.3519 1.3519 1.3519 1.3519 1.3519 1.3519 0.9101 20.1310 20.1310 40.7789 1.6438 
fa2 = 4.1096 2.5950 2.5950 2.5950 2.5950 2.5950 2.5950 2.5950 1.9332 1.9332 1.9332 1.9332 1.9332 1.9332 1.9332 1.3429 1.3429 1.3429 1.3429 1.3429 1.3429 1.3429 0.9039 20.1921 20.1921 41.2790 1.6309 
fa3 = 4.1097 2.5951 2.5951 2.5951 2.5951 2.5951 2.5951 2.5951 1.9333 1.9333 1.9333 1.9333 1.9333 1.9333 1.9333 1.3430 1.3430 1.3430 1.3430 1.3430 1.3430 1.3430 0.9039 20.1923 20.1923 41.2852 1.6310 
fa4 = 4.0927 2.5810 2.5810 2.5810 2.5810 2.5810 2.5810 2.5810 1.9216 1.9216 1.9216 1.9216 1.9216 1.9216 1.9216 1.3341 1.3341 1.3341 1.3341 1.3341 1.3341 1.3341 0.8977 20.2544 20.2544 41.7951 1.6182 
fb1 = -0.2765 -0.2911 -0.2911 -0.2911 -0.2911 -0.2911 -0.2911 -0.2911 -0.2993 -0.2993 -0.2993 -0.2993 -0.2993 -0.2993 -0.2993 -0.3082 -0.3082 -0.3082 -0.3082 -0.3082 -0.3082 -0.3082 -0.3165 -0.0176 -0.0176 0.0647 -0.1281 
fb2 = -0.2763 -0.2910 -0.2910 -0.2910 -0.2910 -0.2910 -0.2910 -0.2910 -0.2992 -0.2992 -0.2992 -0.2992 -0.2992 -0.2992 -0.2992 -0.3081 -0.3081 -0.3081 -0.3081 -0.3081 -0.3081 -0.3081 -0.3165 -0.0172 -0.0172 0.0655 -0.1281 
fb3 = -0.2763 -0.2910 -0.2910 -0.2910 -0.2910 -0.2910 -0.2910 -0.2910 -0.2992 -0.2992 -0.2992 -0.2992 -0.2992 -0.2992 -0.2992 -0.3081 -0.3081 -0.3081 -0.3081 -0.3081 -0.3081 -0.3081 -0.3165 -0.0172 -0.0172 0.0655 -0.1281 
fb4 = -0.2762 -0.2909 -0.2909 -0.2909 -0.2909 -0.2909 -0.2909 -0.2909 -0.2991 -0.2991 -0.2991 -0.2991 -0.2991 -0.2991 -0.2991 -0.3080 -0.3080 -0.3080 -0.3080 -0.3080 -0.3080 -0.3080 -0.3164 -0.0168 -0.0168 0.0663 -0.1280 
I = 14.9000 9.4000 9.4000 9.4000 9.4000 9.4000 9.4000 9.4000 6.0000 6.0000 6.0000 6.0000 6.0000 6.0000 6.0000 2.0000 2.0000 2.0000 2.0000 2.0000 2.0000 2.0000 -2.0000 24.0000 24.0000 10.0000 -9.2300 
S1 = 0.0000 0.0000 0.0000 0.0000 0.0000 0.0000 0.0000 0.0000 0.0000 0.0000 0.0000 0.0000 0.0000 0.0000 0.0000 0.0000 0.0000 0.0000 0.0000 0.0000 0.0000 0.0000 0.0000 0.0000 0.0000 0.0000 0.0000 
S2 = 0.0000 0.0000 0.0000 0.0000 0.0000 0.0000 0.0000 0.0000 0.0000 0.0000 0.0000 0.0000 0.0000 0.0000 0.0000 0.0000 0.0000 0.0000 0.0000 0.0000 0.0000 0.0000 0.0000 0.0000 0.0000 0.0000 1.7700 
u = 9.5389 9.5255 9.5255 9.5255 9.5255 9.5255 9.5255 9.5255 9.5176 9.5176 9.5176 9.5176 9.5176 9.5176 9.5176 9.5087 9.5087 9.5087 9.5087 9.5087 9.5087 9.5087 9.5001 9.8839 9.8839 10.3826 9.7912 
v = 26.3402 22.5363 22.5363 22.5363 22.5363 22.5363 22.5363 22.5363 20.4053 20.4053 20.4053 20.4053 20.4053 20.4053 20.4053 18.0753 18.0753 18.0753 18.0753 18.0753 18.0753 18.0753 15.9084 45.2270 45.2270 68.4950 16.9516 
