ExternalI = 5.5000 0.0000 0.0000 0.0000 0.0000 0.0000 0.0000 0.0000 4.0000 4.0000 4.0000 4.0000 4.0000 4.0000 4.0000 0.0000 0.0000 0.0000 0.0000 0.0000 0.0000 0.0000 0.0000 8.0000 8.0000 0.0000 0.0000 
before u = 9.5389 9.5255 9.5255 9.5255 9.5255 9.5255 9.5255 9.5255 9.5176 9.5176 9.5176 9.5176 9.5176 9.5176 9.5176 9.5087 9.5087 9.5087 9.5087 9.5087 9.5087 9.5087 9.5001 9.8839 9.8839 10.3826 9.7912 
before v = 26.3402 22.5363 22.5363 22.5363 22.5363 22.5363 22.5363 22.5363 20.4053 20.4053 20.4053 20.4053 20.4053 20.4053 20.4053 18.0753 18.0753 18.0753 18.0753 18.0753 18.0753 18.0753 15.9084 45.2270 45.2270 68.4950 16.9516 
Ibias = 9.4000 9.4000 9.4000 9.4000 9.4000 9.4000 9.4000 9.4000 2.0000 2.0000 2.0000 2.0000 2.0000 2.0000 2.0000 2.0000 2.0000 2.0000 2.0000 2.0000 2.0000 2.0000 -2.0000 16.0000 16.0000 10.0000 -11.0000 
fa1 = 4.0927 2.5810 2.5810 2.5810 2.5810 2.5810 2.5810 2.5810 1.9216 1.9216 1.9216 1.9216 1.9216 1.9216 1.9216 1.3341 1.3341 1.3341 1.3341 1.3341 1.3341 1.3341 0.8977 20.2544 20.2544 41.7951 1.6147 
fa2 = 4.0758 2.5670 2.5670 2.5670 2.5670 2.5670 2.5670 2.5670 1.9099 1.9099 1.9099 1.9099 1.9099 1.9099 1.9099 1.3252 1.3252 1.3252 1.3252 1.3252 1.3252 1.3252 0.8915 20.3175 20.3175 42.3146 1.6021 
fa3 = 4.0759 2.5671 2.5671 2.5671 2.5671 2.5671 2.5671 2.5671 1.9100 1.9100 1.9100 1.9100 1.9100 1.9100 1.9100 1.3253 1.3253 1.3253 1.3253 1.3253 1.3253 1.3253 0.8916 20.3177 20.3177 42.3211 1.6022 
fa4 = 4.0591 2.5532 2.5532 2.5532 2.5532 2.5532 2.5532 2.5532 1.8984 1.8984 1.8984 1.8984 1.8984 1.8984 1.8984 1.3165 1.3165 1.3165 1.3165 1.3165 1.3165 1.3165 0.8855 20.3818 20.3818 42.8509 1.5896 
fb1 = -0.2762 -0.2909 -0.2909 -0.2909 -0.2909 -0.2909 -0.2909 -0.2909 -0.2991 -0.2991 -0.2991 -0.2991 -0.2991 -0.2991 -0.2991 -0.3080 -0.3080 -0.3080 -0.3080 -0.3080 -0.3080 -0.3080 -0.3164 -0.0168 -0.0168 0.0663 -0.1280 
fb2 = -0.2761 -0.2908 -0.2908 -0.2908 -0.2908 -0.2908 -0.2908 -0.2908 -0.2990 -0.2990 -0.2990 -0.2990 -0.2990 -0.2990 -0.2990 -0.3080 -0.3080 -0.3080 -0.3080 -0.3080 -0.3080 -0.3080 -0.3163 -0.0164 -0.0164 0.0672 -0.1280 
fb3 = -0.2761 -0.2908 -0.2908 -0.2908 -0.2908 -0.2908 -0.2908 -0.2908 -0.2990 -0.2990 -0.2990 -0.2990 -0.2990 -0.2990 -0.2990 -0.3080 -0.3080 -0.3080 -0.3080 -0.3080 -0.3080 -0.3080 -0.3163 -0.0164 -0.0164 0.0672 -0.1280 
fb4 = -0.2759 -0.2907 -0.2907 -0.2907 -0.2907 -0.2907 -0.2907 -0.2907 -0.2989 -0.2989 -0.2989 -0.2989 -0.2989 -0.2989 -0.2989 -0.3079 -0.3079 -0.3079 -0.3079 -0.3079 -0.3079 -0.3079 -0.3162 -0.0160 -0.0160 0.0680 -0.1279 
I = 14.9000 9.4000 9.4000 9.4000 9.4000 9.4000 9.4000 9.4000 6.0000 6.0000 6.0000 6.0000 6.0000 6.0000 6.0000 2.0000 2.0000 2.0000 2.0000 2.0000 2.0000 2.0000 -2.0000 24.0000 24.0000 10.0000 -9.2335 
S1 = 0.0000 0.0000 0.0000 0.0000 0.0000 0.0000 0.0000 0.0000 0.0000 0.0000 0.0000 0.0000 0.0000 0.0000 0.0000 0.0000 0.0000 0.0000 0.0000 0.0000 0.0000 0.0000 0.0000 0.0000 0.0000 0.0000 0.0000 
S2 = 0.0000 0.0000 0.0000 0.0000 0.0000 0.0000 0.0000 0.0000 0.0000 0.0000 0.0000 0.0000 0.0000 0.0000 0.0000 0.0000 0.0000 0.0000 0.0000 0.0000 0.0000 0.0000 0.0000 0.0000 0.0000 0.0000 1.7665 
u = 9.5362 9.5226 9.5226 9.5226 9.5226 9.5226 9.5226 9.5226 9.5146 9.5146 9.5146 9.5146 9.5146 9.5146 9.5146 9.5056 9.5056 9.5056 9.5056 9.5056 9.5056 9.5056 9.4970 9.8837 9.8837 10.3833 9.7900 
v = 26.3810 22.5620 22.5620 22.5620 22.5620 22.5620 22.5620 22.5620 20.4244 20.4244 20.4244 20.4244 20.4244 20.4244 20.4244 18.0886 18.0886 18.0886 18.0886 18.0886 18.0886 18.0886 15.9174 45.4302 45.4302 68.9182 16.9676 
