ExternalI = 5.5000 0.0000 0.0000 0.0000 0.0000 0.0000 0.0000 0.0000 4.0000 4.0000 4.0000 4.0000 4.0000 4.0000 4.0000 0.0000 0.0000 0.0000 0.0000 0.0000 0.0000 0.0000 0.0000 8.0000 8.0000 0.0000 0.0000 
before u = 9.5334 9.5197 9.5197 9.5197 9.5197 9.5197 9.5197 9.5197 9.5116 9.5116 9.5116 9.5116 9.5116 9.5116 9.5116 9.5025 9.5025 9.5025 9.5025 9.5025 9.5025 9.5025 9.4938 9.8835 9.8835 10.3840 9.7887 
before v = 26.4214 22.5874 22.5874 22.5874 22.5874 22.5874 22.5874 22.5874 20.4433 20.4433 20.4433 20.4433 20.4433 20.4433 20.4433 18.1016 18.1016 18.1016 18.1016 18.1016 18.1016 18.1016 15.9262 45.6347 45.6347 69.3522 16.9834 
Ibias = 9.4000 9.4000 9.4000 9.4000 9.4000 9.4000 9.4000 9.4000 2.0000 2.0000 2.0000 2.0000 2.0000 2.0000 2.0000 2.0000 2.0000 2.0000 2.0000 2.0000 2.0000 2.0000 -2.0000 16.0000 16.0000 10.0000 -11.0000 
fa1 = 4.0260 2.5258 2.5258 2.5258 2.5258 2.5258 2.5258 2.5258 1.8757 1.8757 1.8757 1.8757 1.8757 1.8757 1.8757 1.2993 1.2993 1.2993 1.2993 1.2993 1.2993 1.2993 0.8734 20.5134 20.5134 43.9485 1.5580 
fa2 = 4.0095 2.5122 2.5122 2.5122 2.5122 2.5122 2.5122 2.5122 1.8644 1.8644 1.8644 1.8644 1.8644 1.8644 1.8644 1.2908 1.2908 1.2908 1.2908 1.2908 1.2908 1.2908 0.8675 20.5806 20.5806 44.5100 1.5459 
fa3 = 4.0096 2.5122 2.5122 2.5122 2.5122 2.5122 2.5122 2.5122 1.8644 1.8644 1.8644 1.8644 1.8644 1.8644 1.8644 1.2908 1.2908 1.2908 1.2908 1.2908 1.2908 1.2908 0.8675 20.5808 20.5808 44.5172 1.5460 
fa4 = 3.9933 2.4987 2.4987 2.4987 2.4987 2.4987 2.4987 2.4987 1.8532 1.8532 1.8532 1.8532 1.8532 1.8532 1.8532 1.2824 1.2824 1.2824 1.2824 1.2824 1.2824 1.2824 0.8616 20.6491 20.6491 45.0901 1.5339 
fb1 = -0.2757 -0.2904 -0.2904 -0.2904 -0.2904 -0.2904 -0.2904 -0.2904 -0.2987 -0.2987 -0.2987 -0.2987 -0.2987 -0.2987 -0.2987 -0.3077 -0.3077 -0.3077 -0.3077 -0.3077 -0.3077 -0.3077 -0.3160 -0.0151 -0.0151 0.0697 -0.1278 
fb2 = -0.2755 -0.2903 -0.2903 -0.2903 -0.2903 -0.2903 -0.2903 -0.2903 -0.2986 -0.2986 -0.2986 -0.2986 -0.2986 -0.2986 -0.2986 -0.3076 -0.3076 -0.3076 -0.3076 -0.3076 -0.3076 -0.3076 -0.3160 -0.0147 -0.0147 0.0706 -0.1278 
fb3 = -0.2755 -0.2903 -0.2903 -0.2903 -0.2903 -0.2903 -0.2903 -0.2903 -0.2986 -0.2986 -0.2986 -0.2986 -0.2986 -0.2986 -0.2986 -0.3076 -0.3076 -0.3076 -0.3076 -0.3076 -0.3076 -0.3076 -0.3160 -0.0147 -0.0147 0.0706 -0.1278 
fb4 = -0.2754 -0.2902 -0.2902 -0.2902 -0.2902 -0.2902 -0.2902 -0.2902 -0.2985 -0.2985 -0.2985 -0.2985 -0.2985 -0.2985 -0.2985 -0.3075 -0.3075 -0.3075 -0.3075 -0.3075 -0.3075 -0.3075 -0.3159 -0.0143 -0.0143 0.0715 -0.1278 
I = 14.9000 9.4000 9.4000 9.4000 9.4000 9.4000 9.4000 9.4000 6.0000 6.0000 6.0000 6.0000 6.0000 6.0000 6.0000 2.0000 2.0000 2.0000 2.0000 2.0000 2.0000 2.0000 -2.0000 24.0000 24.0000 10.0000 -9.2406 
S1 = 0.0000 0.0000 0.0000 0.0000 0.0000 0.0000 0.0000 0.0000 0.0000 0.0000 0.0000 0.0000 0.0000 0.0000 0.0000 0.0000 0.0000 0.0000 0.0000 0.0000 0.0000 0.0000 0.0000 0.0000 0.0000 0.0000 0.0000 
S2 = 0.0000 0.0000 0.0000 0.0000 0.0000 0.0000 0.0000 0.0000 0.0000 0.0000 0.0000 0.0000 0.0000 0.0000 0.0000 0.0000 0.0000 0.0000 0.0000 0.0000 0.0000 0.0000 0.0000 0.0000 0.0000 0.0000 1.7594 
u = 9.5307 9.5168 9.5168 9.5168 9.5168 9.5168 9.5168 9.5168 9.5086 9.5086 9.5086 9.5086 9.5086 9.5086 9.5086 9.4994 9.4994 9.4994 9.4994 9.4994 9.4994 9.4994 9.4906 9.8834 9.8834 10.3847 9.7874 
v = 26.4615 22.6125 22.6125 22.6125 22.6125 22.6125 22.6125 22.6125 20.4619 20.4619 20.4619 20.4619 20.4619 20.4619 20.4619 18.1146 18.1146 18.1146 18.1146 18.1146 18.1146 18.1146 15.9348 45.8405 45.8405 69.7973 16.9988 
