ExternalI = 5.5000 0.0000 0.0000 0.0000 0.0000 0.0000 0.0000 0.0000 4.0000 4.0000 4.0000 4.0000 4.0000 4.0000 4.0000 0.0000 0.0000 0.0000 0.0000 0.0000 0.0000 0.0000 0.0000 8.0000 8.0000 0.0000 0.0000 
before u = 9.5279 9.5139 9.5139 9.5139 9.5139 9.5139 9.5139 9.5139 9.5056 9.5056 9.5056 9.5056 9.5056 9.5056 9.5056 9.4964 9.4964 9.4964 9.4964 9.4964 9.4964 9.4964 9.4875 9.8833 9.8833 10.3854 9.7861 
before v = 26.5013 22.6374 22.6374 22.6374 22.6374 22.6374 22.6374 22.6374 20.4803 20.4803 20.4803 20.4803 20.4803 20.4803 20.4803 18.1273 18.1273 18.1273 18.1273 18.1273 18.1273 18.1273 15.9434 46.0476 46.0476 70.2541 17.0140 
Ibias = 9.4000 9.4000 9.4000 9.4000 9.4000 9.4000 9.4000 9.4000 2.0000 2.0000 2.0000 2.0000 2.0000 2.0000 2.0000 2.0000 2.0000 2.0000 2.0000 2.0000 2.0000 2.0000 -2.0000 16.0000 16.0000 10.0000 -11.0000 
fa1 = 3.9610 2.4720 2.4720 2.4720 2.4720 2.4720 2.4720 2.4720 1.8311 1.8311 1.8311 1.8311 1.8311 1.8311 1.8311 1.2657 1.2657 1.2657 1.2657 1.2657 1.2657 1.2657 0.8500 20.7892 20.7892 46.2779 1.5033 
fa2 = 3.9449 2.4588 2.4588 2.4588 2.4588 2.4588 2.4588 2.4588 1.8201 1.8201 1.8201 1.8201 1.8201 1.8201 1.8201 1.2574 1.2574 1.2574 1.2574 1.2574 1.2574 1.2574 0.8443 20.8608 20.8608 46.8860 1.4916 
fa3 = 3.9450 2.4589 2.4589 2.4589 2.4589 2.4589 2.4589 2.4589 1.8202 1.8202 1.8202 1.8202 1.8202 1.8202 1.8202 1.2575 1.2575 1.2575 1.2575 1.2575 1.2575 1.2575 0.8443 20.8611 20.8611 46.8941 1.4917 
fa4 = 3.9291 2.4457 2.4457 2.4457 2.4457 2.4457 2.4457 2.4457 1.8093 1.8093 1.8093 1.8093 1.8093 1.8093 1.8093 1.2493 1.2493 1.2493 1.2493 1.2493 1.2493 1.2493 0.8386 20.9338 20.9338 47.5148 1.4801 
fb1 = -0.2751 -0.2900 -0.2900 -0.2900 -0.2900 -0.2900 -0.2900 -0.2900 -0.2983 -0.2983 -0.2983 -0.2983 -0.2983 -0.2983 -0.2983 -0.3073 -0.3073 -0.3073 -0.3073 -0.3073 -0.3073 -0.3073 -0.3157 -0.0135 -0.0135 0.0733 -0.1277 
fb2 = -0.2750 -0.2899 -0.2899 -0.2899 -0.2899 -0.2899 -0.2899 -0.2899 -0.2982 -0.2982 -0.2982 -0.2982 -0.2982 -0.2982 -0.2982 -0.3073 -0.3073 -0.3073 -0.3073 -0.3073 -0.3073 -0.3073 -0.3156 -0.0131 -0.0131 0.0742 -0.1276 
fb3 = -0.2750 -0.2899 -0.2899 -0.2899 -0.2899 -0.2899 -0.2899 -0.2899 -0.2982 -0.2982 -0.2982 -0.2982 -0.2982 -0.2982 -0.2982 -0.3073 -0.3073 -0.3073 -0.3073 -0.3073 -0.3073 -0.3073 -0.3156 -0.0131 -0.0131 0.0742 -0.1276 
fb4 = -0.2748 -0.2898 -0.2898 -0.2898 -0.2898 -0.2898 -0.2898 -0.2898 -0.2981 -0.2981 -0.2981 -0.2981 -0.2981 -0.2981 -0.2981 -0.3072 -0.3072 -0.3072 -0.3072 -0.3072 -0.3072 -0.3072 -0.3156 -0.0126 -0.0126 0.0752 -0.1276 
I = 14.9000 9.4000 9.4000 9.4000 9.4000 9.4000 9.4000 9.4000 6.0000 6.0000 6.0000 6.0000 6.0000 6.0000 6.0000 2.0000 2.0000 2.0000 2.0000 2.0000 2.0000 2.0000 -2.0000 24.0000 24.0000 10.0000 -9.2476 
S1 = 0.0000 0.0000 0.0000 0.0000 0.0000 0.0000 0.0000 0.0000 0.0000 0.0000 0.0000 0.0000 0.0000 0.0000 0.0000 0.0000 0.0000 0.0000 0.0000 0.0000 0.0000 0.0000 0.0000 0.0000 0.0000 0.0000 0.0000 
S2 = 0.0000 0.0000 0.0000 0.0000 0.0000 0.0000 0.0000 0.0000 0.0000 0.0000 0.0000 0.0000 0.0000 0.0000 0.0000 0.0000 0.0000 0.0000 0.0000 0.0000 0.0000 0.0000 0.0000 0.0000 0.0000 0.0000 1.7524 
u = 9.5252 9.5110 9.5110 9.5110 9.5110 9.5110 9.5110 9.5110 9.5027 9.5027 9.5027 9.5027 9.5027 9.5027 9.5027 9.4933 9.4933 9.4933 9.4933 9.4933 9.4933 9.4933 9.4843 9.8831 9.8831 10.3862 9.7848 
v = 26.5407 22.6620 22.6620 22.6620 22.6620 22.6620 22.6620 22.6620 20.4985 20.4985 20.4985 20.4985 20.4985 20.4985 20.4985 18.1399 18.1399 18.1399 18.1399 18.1399 18.1399 18.1399 15.9518 46.2563 46.2563 70.7231 17.0289 
