ExternalI = 5.5000 0.0000 0.0000 0.0000 0.0000 0.0000 0.0000 0.0000 4.0000 4.0000 4.0000 4.0000 4.0000 4.0000 4.0000 0.0000 0.0000 0.0000 0.0000 0.0000 0.0000 0.0000 0.0000 8.0000 8.0000 0.0000 0.0000 
before u = 9.5224 9.5081 9.5081 9.5081 9.5081 9.5081 9.5081 9.5081 9.4997 9.4997 9.4997 9.4997 9.4997 9.4997 9.4997 9.4902 9.4902 9.4902 9.4902 9.4902 9.4902 9.4902 9.4812 9.8830 9.8830 10.3869 9.7836 
before v = 26.5799 22.6863 22.6863 22.6863 22.6863 22.6863 22.6863 22.6863 20.5165 20.5165 20.5165 20.5165 20.5165 20.5165 20.5165 18.1523 18.1523 18.1523 18.1523 18.1523 18.1523 18.1523 15.9602 46.4663 46.4663 71.2046 17.0436 
Ibias = 9.4000 9.4000 9.4000 9.4000 9.4000 9.4000 9.4000 9.4000 2.0000 2.0000 2.0000 2.0000 2.0000 2.0000 2.0000 2.0000 2.0000 2.0000 2.0000 2.0000 2.0000 2.0000 -2.0000 16.0000 16.0000 10.0000 -11.0000 
fa1 = 3.8976 2.4198 2.4198 2.4198 2.4198 2.4198 2.4198 2.4198 1.7879 1.7879 1.7879 1.7879 1.7879 1.7879 1.7879 1.2331 1.2331 1.2331 1.2331 1.2331 1.2331 1.2331 0.8274 21.0828 21.0828 48.8031 1.4504 
fa2 = 3.8819 2.4069 2.4069 2.4069 2.4069 2.4069 2.4069 2.4069 1.7772 1.7772 1.7772 1.7772 1.7772 1.7772 1.7772 1.2251 1.2251 1.2251 1.2251 1.2251 1.2251 1.2251 0.8219 21.1589 21.1589 49.4631 1.4392 
fa3 = 3.8820 2.4070 2.4070 2.4070 2.4070 2.4070 2.4070 2.4070 1.7773 1.7773 1.7773 1.7773 1.7773 1.7773 1.7773 1.2252 1.2252 1.2252 1.2252 1.2252 1.2252 1.2252 0.8219 21.1592 21.1592 49.4720 1.4393 
fa4 = 3.8665 2.3942 2.3942 2.3942 2.3942 2.3942 2.3942 2.3942 1.7667 1.7667 1.7667 1.7667 1.7667 1.7667 1.7667 1.2173 1.2173 1.2173 1.2173 1.2173 1.2173 1.2173 0.8164 21.2365 21.2365 50.1461 1.4281 
fb1 = -0.2746 -0.2896 -0.2896 -0.2896 -0.2896 -0.2896 -0.2896 -0.2896 -0.2979 -0.2979 -0.2979 -0.2979 -0.2979 -0.2979 -0.2979 -0.3070 -0.3070 -0.3070 -0.3070 -0.3070 -0.3070 -0.3070 -0.3154 -0.0118 -0.0118 0.0771 -0.1275 
fb2 = -0.2744 -0.2895 -0.2895 -0.2895 -0.2895 -0.2895 -0.2895 -0.2895 -0.2978 -0.2978 -0.2978 -0.2978 -0.2978 -0.2978 -0.2978 -0.3069 -0.3069 -0.3069 -0.3069 -0.3069 -0.3069 -0.3069 -0.3153 -0.0114 -0.0114 0.0780 -0.1275 
fb3 = -0.2744 -0.2895 -0.2895 -0.2895 -0.2895 -0.2895 -0.2895 -0.2895 -0.2978 -0.2978 -0.2978 -0.2978 -0.2978 -0.2978 -0.2978 -0.3069 -0.3069 -0.3069 -0.3069 -0.3069 -0.3069 -0.3069 -0.3153 -0.0114 -0.0114 0.0781 -0.1275 
fb4 = -0.2743 -0.2894 -0.2894 -0.2894 -0.2894 -0.2894 -0.2894 -0.2894 -0.2977 -0.2977 -0.2977 -0.2977 -0.2977 -0.2977 -0.2977 -0.3068 -0.3068 -0.3068 -0.3068 -0.3068 -0.3068 -0.3068 -0.3152 -0.0109 -0.0109 0.0790 -0.1274 
I = 14.9000 9.4000 9.4000 9.4000 9.4000 9.4000 9.4000 9.4000 6.0000 6.0000 6.0000 6.0000 6.0000 6.0000 6.0000 2.0000 2.0000 2.0000 2.0000 2.0000 2.0000 2.0000 -2.0000 24.0000 24.0000 10.0000 -9.2546 
S1 = 0.0000 0.0000 0.0000 0.0000 0.0000 0.0000 0.0000 0.0000 0.0000 0.0000 0.0000 0.0000 0.0000 0.0000 0.0000 0.0000 0.0000 0.0000 0.0000 0.0000 0.0000 0.0000 0.0000 0.0000 0.0000 0.0000 0.0000 
S2 = 0.0000 0.0000 0.0000 0.0000 0.0000 0.0000 0.0000 0.0000 0.0000 0.0000 0.0000 0.0000 0.0000 0.0000 0.0000 0.0000 0.0000 0.0000 0.0000 0.0000 0.0000 0.0000 0.0000 0.0000 0.0000 0.0000 1.7454 
u = 9.5197 9.5052 9.5052 9.5052 9.5052 9.5052 9.5052 9.5052 9.4967 9.4967 9.4967 9.4967 9.4967 9.4967 9.4967 9.4872 9.4872 9.4872 9.4872 9.4872 9.4872 9.4872 9.4780 9.8829 9.8829 10.3877 9.7823 
v = 26.6187 22.7104 22.7104 22.7104 22.7104 22.7104 22.7104 22.7104 20.5343 20.5343 20.5343 20.5343 20.5343 20.5343 20.5343 18.1645 18.1645 18.1645 18.1645 18.1645 18.1645 18.1645 15.9684 46.6779 46.6779 71.6993 17.0580 
