ExternalI = 5.5000 0.0000 0.0000 0.0000 0.0000 0.0000 0.0000 0.0000 4.0000 4.0000 4.0000 4.0000 4.0000 4.0000 4.0000 0.0000 0.0000 0.0000 0.0000 0.0000 0.0000 0.0000 0.0000 8.0000 8.0000 0.0000 0.0000 
before u = 9.5169 9.5023 9.5023 9.5023 9.5023 9.5023 9.5023 9.5023 9.4937 9.4937 9.4937 9.4937 9.4937 9.4937 9.4937 9.4841 9.4841 9.4841 9.4841 9.4841 9.4841 9.4841 9.4749 9.8828 9.8828 10.3885 9.7810 
before v = 26.6572 22.7342 22.7342 22.7342 22.7342 22.7342 22.7342 22.7342 20.5519 20.5519 20.5519 20.5519 20.5519 20.5519 20.5519 18.1766 18.1766 18.1766 18.1766 18.1766 18.1766 18.1766 15.9765 46.8911 46.8911 72.2077 17.0721 
Ibias = 9.4000 9.4000 9.4000 9.4000 9.4000 9.4000 9.4000 9.4000 2.0000 2.0000 2.0000 2.0000 2.0000 2.0000 2.0000 2.0000 2.0000 2.0000 2.0000 2.0000 2.0000 2.0000 -2.0000 16.0000 16.0000 10.0000 -11.0000 
fa1 = 3.8357 2.3689 2.3689 2.3689 2.3689 2.3689 2.3689 2.3689 1.7458 1.7458 1.7458 1.7458 1.7458 1.7458 1.7458 1.2016 1.2016 1.2016 1.2016 1.2016 1.2016 1.2016 0.8056 21.3949 21.3949 51.5465 1.3993 
fa2 = 3.8205 2.3564 2.3564 2.3564 2.3564 2.3564 2.3564 2.3564 1.7355 1.7355 1.7355 1.7355 1.7355 1.7355 1.7355 1.1939 1.1939 1.1939 1.1939 1.1939 1.1939 1.1939 0.8002 21.4758 21.4758 52.2644 1.3885 
fa3 = 3.8205 2.3564 2.3564 2.3564 2.3564 2.3564 2.3564 2.3564 1.7356 1.7356 1.7356 1.7356 1.7356 1.7356 1.7356 1.1939 1.1939 1.1939 1.1939 1.1939 1.1939 1.1939 0.8003 21.4761 21.4761 52.2744 1.3886 
fa4 = 3.8054 2.3440 2.3440 2.3440 2.3440 2.3440 2.3440 2.3440 1.7253 1.7253 1.7253 1.7253 1.7253 1.7253 1.7253 1.1862 1.1862 1.1862 1.1862 1.1862 1.1862 1.1862 0.7950 21.5582 21.5582 53.0081 1.3779 
fb1 = -0.2740 -0.2892 -0.2892 -0.2892 -0.2892 -0.2892 -0.2892 -0.2892 -0.2975 -0.2975 -0.2975 -0.2975 -0.2975 -0.2975 -0.2975 -0.3067 -0.3067 -0.3067 -0.3067 -0.3067 -0.3067 -0.3067 -0.3151 -0.0101 -0.0101 0.0811 -0.1273 
fb2 = -0.2739 -0.2890 -0.2890 -0.2890 -0.2890 -0.2890 -0.2890 -0.2890 -0.2974 -0.2974 -0.2974 -0.2974 -0.2974 -0.2974 -0.2974 -0.3066 -0.3066 -0.3066 -0.3066 -0.3066 -0.3066 -0.3066 -0.3150 -0.0097 -0.0097 0.0821 -0.1273 
fb3 = -0.2739 -0.2890 -0.2890 -0.2890 -0.2890 -0.2890 -0.2890 -0.2890 -0.2974 -0.2974 -0.2974 -0.2974 -0.2974 -0.2974 -0.2974 -0.3066 -0.3066 -0.3066 -0.3066 -0.3066 -0.3066 -0.3066 -0.3150 -0.0097 -0.0097 0.0821 -0.1273 
fb4 = -0.2738 -0.2889 -0.2889 -0.2889 -0.2889 -0.2889 -0.2889 -0.2889 -0.2974 -0.2974 -0.2974 -0.2974 -0.2974 -0.2974 -0.2974 -0.3065 -0.3065 -0.3065 -0.3065 -0.3065 -0.3065 -0.3065 -0.3149 -0.0092 -0.0092 0.0831 -0.1273 
I = 14.9000 9.4000 9.4000 9.4000 9.4000 9.4000 9.4000 9.4000 6.0000 6.0000 6.0000 6.0000 6.0000 6.0000 6.0000 2.0000 2.0000 2.0000 2.0000 2.0000 2.0000 2.0000 -2.0000 24.0000 24.0000 10.0000 -9.2616 
S1 = 0.0000 0.0000 0.0000 0.0000 0.0000 0.0000 0.0000 0.0000 0.0000 0.0000 0.0000 0.0000 0.0000 0.0000 0.0000 0.0000 0.0000 0.0000 0.0000 0.0000 0.0000 0.0000 0.0000 0.0000 0.0000 0.0000 0.0000 
S2 = 0.0000 0.0000 0.0000 0.0000 0.0000 0.0000 0.0000 0.0000 0.0000 0.0000 0.0000 0.0000 0.0000 0.0000 0.0000 0.0000 0.0000 0.0000 0.0000 0.0000 0.0000 0.0000 0.0000 0.0000 0.0000 0.0000 1.7384 
u = 9.5142 9.4994 9.4994 9.4994 9.4994 9.4994 9.4994 9.4994 9.4907 9.4907 9.4907 9.4907 9.4907 9.4907 9.4907 9.4810 9.4810 9.4810 9.4810 9.4810 9.4810 9.4810 9.4717 9.8827 9.8827 10.3893 9.7797 
v = 26.6954 22.7577 22.7577 22.7577 22.7577 22.7577 22.7577 22.7577 20.5692 20.5692 20.5692 20.5692 20.5692 20.5692 20.5692 18.1886 18.1886 18.1886 18.1886 18.1886 18.1886 18.1886 15.9845 47.1058 47.1058 72.7304 17.0860 
