ExternalI = 5.5000 0.0000 0.0000 0.0000 0.0000 0.0000 0.0000 0.0000 4.0000 4.0000 4.0000 4.0000 4.0000 4.0000 4.0000 0.0000 0.0000 0.0000 0.0000 0.0000 0.0000 0.0000 0.0000 8.0000 8.0000 0.0000 0.0000 
before u = 9.9473 9.9471 9.9471 9.9471 9.9471 9.9471 9.9471 9.9471 9.9470 9.9470 9.9470 9.9470 9.9470 9.9470 9.9470 9.9468 9.9468 9.9468 9.9468 9.9468 9.9468 9.9468 9.9466 9.9780 9.9780 10.0144 9.9766 
before v = 13.7234 13.0112 13.0112 13.0112 13.0112 13.0112 13.0112 13.0112 12.5720 12.5720 12.5720 12.5720 12.5720 12.5720 12.5720 12.0562 12.0562 12.0562 12.0562 12.0562 12.0562 12.0562 11.5415 16.2102 16.2102 78.5822 11.6680 
Ibias = 9.4000 9.4000 9.4000 9.4000 9.4000 9.4000 9.4000 9.4000 2.0000 2.0000 2.0000 2.0000 2.0000 2.0000 2.0000 2.0000 2.0000 2.0000 2.0000 2.0000 2.0000 2.0000 -2.0000 16.0000 16.0000 10.0000 -11.0000 
fa1 = 21.3158 17.1910 17.1910 17.1910 17.1910 17.1910 17.1910 17.1910 14.6593 14.6593 14.6593 14.6593 14.6593 14.6593 14.6593 11.6987 11.6987 11.6987 11.6987 11.6987 11.6987 11.6987 8.7572 35.9022 35.9022 71.2457 9.4651 
fa2 = 21.1153 17.0246 17.0246 17.0246 17.0246 17.0246 17.0246 17.0246 14.5151 14.5151 14.5151 14.5151 14.5151 14.5151 14.5151 11.5815 11.5815 11.5815 11.5815 11.5815 11.5815 11.5815 8.6681 35.5984 35.5984 72.4209 9.3681 
fa3 = 21.1172 17.0262 17.0262 17.0262 17.0262 17.0262 17.0262 17.0262 14.5165 14.5165 14.5165 14.5165 14.5165 14.5165 14.5165 11.5827 11.5827 11.5827 11.5827 11.5827 11.5827 11.5827 8.6690 35.6010 35.6010 72.4404 9.3691 
fa4 = 20.9194 16.8620 16.8620 16.8620 16.8620 16.8620 16.8620 16.8620 14.3741 14.3741 14.3741 14.3741 14.3741 14.3741 14.3741 11.4670 11.4670 11.4670 11.4670 11.4670 11.4670 11.4670 8.5810 35.3023 35.3023 73.6463 9.2733 
fb1 = -0.3430 -0.3458 -0.3458 -0.3458 -0.3458 -0.3458 -0.3458 -0.3458 -0.3476 -0.3476 -0.3476 -0.3476 -0.3476 -0.3476 -0.3476 -0.3496 -0.3496 -0.3496 -0.3496 -0.3496 -0.3496 -0.3496 -0.3517 -0.1347 -0.1347 0.1140 -0.1529 
fb2 = -0.3425 -0.3454 -0.3454 -0.3454 -0.3454 -0.3454 -0.3454 -0.3454 -0.3472 -0.3472 -0.3472 -0.3472 -0.3472 -0.3472 -0.3472 -0.3493 -0.3493 -0.3493 -0.3493 -0.3493 -0.3493 -0.3493 -0.3515 -0.1340 -0.1340 0.1155 -0.1527 
fb3 = -0.3425 -0.3454 -0.3454 -0.3454 -0.3454 -0.3454 -0.3454 -0.3454 -0.3472 -0.3472 -0.3472 -0.3472 -0.3472 -0.3472 -0.3472 -0.3493 -0.3493 -0.3493 -0.3493 -0.3493 -0.3493 -0.3493 -0.3515 -0.1340 -0.1340 0.1155 -0.1527 
fb4 = -0.3420 -0.3450 -0.3450 -0.3450 -0.3450 -0.3450 -0.3450 -0.3450 -0.3469 -0.3469 -0.3469 -0.3469 -0.3469 -0.3469 -0.3469 -0.3490 -0.3490 -0.3490 -0.3490 -0.3490 -0.3490 -0.3490 -0.3512 -0.1333 -0.1333 0.1169 -0.1525 
I = 14.9000 9.4000 9.4000 9.4000 9.4000 9.4000 9.4000 9.4000 6.0000 6.0000 6.0000 6.0000 6.0000 6.0000 6.0000 2.0000 2.0000 2.0000 2.0000 2.0000 2.0000 2.0000 -2.0000 24.0000 24.0000 10.0000 -11.0000 
S1 = 0.0000 0.0000 0.0000 0.0000 0.0000 0.0000 0.0000 0.0000 0.0000 0.0000 0.0000 0.0000 0.0000 0.0000 0.0000 0.0000 0.0000 0.0000 0.0000 0.0000 0.0000 0.0000 0.0000 0.0000 0.0000 0.0000 0.0000 
S2 = 0.0000 0.0000 0.0000 0.0000 0.0000 0.0000 0.0000 0.0000 0.0000 0.0000 0.0000 0.0000 0.0000 0.0000 0.0000 0.0000 0.0000 0.0000 0.0000 0.0000 0.0000 0.0000 0.0000 0.0000 0.0000 0.0000 0.0000 
u = 9.9439 9.9437 9.9437 9.9437 9.9437 9.9437 9.9437 9.9437 9.9435 9.9435 9.9435 9.9435 9.9435 9.9435 9.9435 9.9433 9.9433 9.9433 9.9433 9.9433 9.9433 9.9433 9.9431 9.9766 9.9766 10.0155 9.9750 
v = 13.9345 13.1814 13.1814 13.1814 13.1814 13.1814 13.1814 13.1814 12.7171 12.7171 12.7171 12.7171 12.7171 12.7171 12.7171 12.1720 12.1720 12.1720 12.1720 12.1720 12.1720 12.1720 11.6282 16.5662 16.5662 79.3066 11.7617 
