ExternalI = 5.5000 0.0000 0.0000 0.0000 0.0000 0.0000 0.0000 0.0000 4.0000 4.0000 4.0000 4.0000 4.0000 4.0000 4.0000 0.0000 0.0000 0.0000 0.0000 0.0000 0.0000 0.0000 0.0000 8.0000 8.0000 0.0000 0.0000 
before u = 9.5033 9.4878 9.4878 9.4878 9.4878 9.4878 9.4878 9.4878 9.4789 9.4789 9.4789 9.4789 9.4789 9.4789 9.4789 9.4688 9.4688 9.4688 9.4688 9.4688 9.4688 9.4688 9.4591 9.8824 9.8824 10.3928 9.7747 
before v = 26.8452 22.8496 22.8496 22.8496 22.8496 22.8496 22.8496 22.8496 20.6366 20.6366 20.6366 20.6366 20.6366 20.6366 20.6366 18.2348 18.2348 18.2348 18.2348 18.2348 18.2348 18.2348 16.0155 47.9820 47.9820 74.9775 17.1391 
Ibias = 9.4000 9.4000 9.4000 9.4000 9.4000 9.4000 9.4000 9.4000 2.0000 2.0000 2.0000 2.0000 2.0000 2.0000 2.0000 2.0000 2.0000 2.0000 2.0000 2.0000 2.0000 2.0000 -2.0000 16.0000 16.0000 10.0000 -11.0000 
fa1 = 3.6877 2.2476 2.2476 2.2476 2.2476 2.2476 2.2476 2.2476 1.6461 1.6461 1.6461 1.6461 1.6461 1.6461 1.6461 1.1271 1.1271 1.1271 1.1271 1.1271 1.1271 1.1271 0.7543 22.2625 22.2625 59.5398 1.2790 
fa2 = 3.6734 2.2359 2.2359 2.2359 2.2359 2.2359 2.2359 2.2359 1.6364 1.6364 1.6364 1.6364 1.6364 1.6364 1.6364 1.1200 1.1200 1.1200 1.1200 1.1200 1.1200 1.1200 0.7494 22.3564 22.3564 60.4354 1.2693 
fa3 = 3.6734 2.2359 2.2359 2.2359 2.2359 2.2359 2.2359 2.2359 1.6365 1.6365 1.6365 1.6365 1.6365 1.6365 1.6365 1.1200 1.1200 1.1200 1.1200 1.1200 1.1200 1.1200 0.7494 22.3568 22.3568 60.4489 1.2693 
fa4 = 3.6592 2.2243 2.2243 2.2243 2.2243 2.2243 2.2243 2.2243 1.6270 1.6270 1.6270 1.6270 1.6270 1.6270 1.6270 1.1129 1.1129 1.1129 1.1129 1.1129 1.1129 1.1129 0.7445 22.4520 22.4520 61.3658 1.2596 
fb1 = -0.2727 -0.2881 -0.2881 -0.2881 -0.2881 -0.2881 -0.2881 -0.2881 -0.2966 -0.2966 -0.2966 -0.2966 -0.2966 -0.2966 -0.2966 -0.3058 -0.3058 -0.3058 -0.3058 -0.3058 -0.3058 -0.3058 -0.3143 -0.0057 -0.0057 0.0921 -0.1269 
fb2 = -0.2726 -0.2880 -0.2880 -0.2880 -0.2880 -0.2880 -0.2880 -0.2880 -0.2965 -0.2965 -0.2965 -0.2965 -0.2965 -0.2965 -0.2965 -0.3057 -0.3057 -0.3057 -0.3057 -0.3057 -0.3057 -0.3057 -0.3142 -0.0053 -0.0053 0.0932 -0.1269 
fb3 = -0.2726 -0.2880 -0.2880 -0.2880 -0.2880 -0.2880 -0.2880 -0.2880 -0.2965 -0.2965 -0.2965 -0.2965 -0.2965 -0.2965 -0.2965 -0.3057 -0.3057 -0.3057 -0.3057 -0.3057 -0.3057 -0.3057 -0.3142 -0.0053 -0.0053 0.0933 -0.1269 
fb4 = -0.2725 -0.2879 -0.2879 -0.2879 -0.2879 -0.2879 -0.2879 -0.2879 -0.2964 -0.2964 -0.2964 -0.2964 -0.2964 -0.2964 -0.2964 -0.3056 -0.3056 -0.3056 -0.3056 -0.3056 -0.3056 -0.3056 -0.3141 -0.0048 -0.0048 0.0945 -0.1269 
I = 14.9000 9.4000 9.4000 9.4000 9.4000 9.4000 9.4000 9.4000 6.0000 6.0000 6.0000 6.0000 6.0000 6.0000 6.0000 2.0000 2.0000 2.0000 2.0000 2.0000 2.0000 2.0000 -2.0000 24.0000 24.0000 10.0000 -9.2789 
S1 = 0.0000 0.0000 0.0000 0.0000 0.0000 0.0000 0.0000 0.0000 0.0000 0.0000 0.0000 0.0000 0.0000 0.0000 0.0000 0.0000 0.0000 0.0000 0.0000 0.0000 0.0000 0.0000 0.0000 0.0000 0.0000 0.0000 0.0000 
S2 = 0.0000 0.0000 0.0000 0.0000 0.0000 0.0000 0.0000 0.0000 0.0000 0.0000 0.0000 0.0000 0.0000 0.0000 0.0000 0.0000 0.0000 0.0000 0.0000 0.0000 0.0000 0.0000 0.0000 0.0000 0.0000 0.0000 1.7211 
u = 9.5005 9.4850 9.4850 9.4850 9.4850 9.4850 9.4850 9.4850 9.4759 9.4759 9.4759 9.4759 9.4759 9.4759 9.4759 9.4657 9.4657 9.4657 9.4657 9.4657 9.4657 9.4657 9.4560 9.8823 9.8823 10.3937 9.7734 
v = 26.8820 22.8719 22.8719 22.8719 22.8719 22.8719 22.8719 22.8719 20.6530 20.6530 20.6530 20.6530 20.6530 20.6530 20.6530 18.2460 18.2460 18.2460 18.2460 18.2460 18.2460 18.2460 16.0230 48.2055 48.2055 75.5820 17.1518 
