ExternalI = 5.5000 0.0000 0.0000 0.0000 0.0000 0.0000 0.0000 0.0000 4.0000 4.0000 4.0000 4.0000 4.0000 4.0000 4.0000 0.0000 0.0000 0.0000 0.0000 0.0000 0.0000 0.0000 0.0000 8.0000 8.0000 0.0000 0.0000 
before u = 9.5005 9.4850 9.4850 9.4850 9.4850 9.4850 9.4850 9.4850 9.4759 9.4759 9.4759 9.4759 9.4759 9.4759 9.4759 9.4657 9.4657 9.4657 9.4657 9.4657 9.4657 9.4657 9.4560 9.8823 9.8823 10.3937 9.7734 
before v = 26.8820 22.8719 22.8719 22.8719 22.8719 22.8719 22.8719 22.8719 20.6530 20.6530 20.6530 20.6530 20.6530 20.6530 20.6530 18.2460 18.2460 18.2460 18.2460 18.2460 18.2460 18.2460 16.0230 48.2055 48.2055 75.5820 17.1518 
Ibias = 9.4000 9.4000 9.4000 9.4000 9.4000 9.4000 9.4000 9.4000 2.0000 2.0000 2.0000 2.0000 2.0000 2.0000 2.0000 2.0000 2.0000 2.0000 2.0000 2.0000 2.0000 2.0000 -2.0000 16.0000 16.0000 10.0000 -11.0000 
fa1 = 3.6592 2.2243 2.2243 2.2243 2.2243 2.2243 2.2243 2.2243 1.6270 1.6270 1.6270 1.6270 1.6270 1.6270 1.6270 1.1129 1.1129 1.1129 1.1129 1.1129 1.1129 1.1129 0.7445 22.4520 22.4520 61.3657 1.2562 
fa2 = 3.6450 2.2127 2.2127 2.2127 2.2127 2.2127 2.2127 2.2127 1.6175 1.6175 1.6175 1.6175 1.6175 1.6175 1.6175 1.1059 1.1059 1.1059 1.1059 1.1059 1.1059 1.1059 0.7397 22.5487 22.5487 62.3038 1.2466 
fa3 = 3.6451 2.2128 2.2128 2.2128 2.2128 2.2128 2.2128 2.2128 1.6175 1.6175 1.6175 1.6175 1.6175 1.6175 1.6175 1.1059 1.1059 1.1059 1.1059 1.1059 1.1059 1.1059 0.7398 22.5491 22.5491 62.3182 1.2467 
fa4 = 3.6310 2.2013 2.2013 2.2013 2.2013 2.2013 2.2013 2.2013 1.6081 1.6081 1.6081 1.6081 1.6081 1.6081 1.6081 1.0989 1.0989 1.0989 1.0989 1.0989 1.0989 1.0989 0.7350 22.6472 22.6472 63.2789 1.2372 
fb1 = -0.2725 -0.2879 -0.2879 -0.2879 -0.2879 -0.2879 -0.2879 -0.2879 -0.2964 -0.2964 -0.2964 -0.2964 -0.2964 -0.2964 -0.2964 -0.3056 -0.3056 -0.3056 -0.3056 -0.3056 -0.3056 -0.3056 -0.3141 -0.0048 -0.0048 0.0945 -0.1269 
fb2 = -0.2724 -0.2878 -0.2878 -0.2878 -0.2878 -0.2878 -0.2878 -0.2878 -0.2963 -0.2963 -0.2963 -0.2963 -0.2963 -0.2963 -0.2963 -0.3056 -0.3056 -0.3056 -0.3056 -0.3056 -0.3056 -0.3056 -0.3141 -0.0044 -0.0044 0.0957 -0.1268 
fb3 = -0.2724 -0.2878 -0.2878 -0.2878 -0.2878 -0.2878 -0.2878 -0.2878 -0.2963 -0.2963 -0.2963 -0.2963 -0.2963 -0.2963 -0.2963 -0.3056 -0.3056 -0.3056 -0.3056 -0.3056 -0.3056 -0.3056 -0.3141 -0.0044 -0.0044 0.0957 -0.1268 
fb4 = -0.2722 -0.2877 -0.2877 -0.2877 -0.2877 -0.2877 -0.2877 -0.2877 -0.2962 -0.2962 -0.2962 -0.2962 -0.2962 -0.2962 -0.2962 -0.3055 -0.3055 -0.3055 -0.3055 -0.3055 -0.3055 -0.3055 -0.3140 -0.0039 -0.0039 0.0969 -0.1268 
I = 14.9000 9.4000 9.4000 9.4000 9.4000 9.4000 9.4000 9.4000 6.0000 6.0000 6.0000 6.0000 6.0000 6.0000 6.0000 2.0000 2.0000 2.0000 2.0000 2.0000 2.0000 2.0000 -2.0000 24.0000 24.0000 10.0000 -9.2823 
S1 = 0.0000 0.0000 0.0000 0.0000 0.0000 0.0000 0.0000 0.0000 0.0000 0.0000 0.0000 0.0000 0.0000 0.0000 0.0000 0.0000 0.0000 0.0000 0.0000 0.0000 0.0000 0.0000 0.0000 0.0000 0.0000 0.0000 0.0000 
S2 = 0.0000 0.0000 0.0000 0.0000 0.0000 0.0000 0.0000 0.0000 0.0000 0.0000 0.0000 0.0000 0.0000 0.0000 0.0000 0.0000 0.0000 0.0000 0.0000 0.0000 0.0000 0.0000 0.0000 0.0000 0.0000 0.0000 1.7177 
u = 9.4978 9.4821 9.4821 9.4821 9.4821 9.4821 9.4821 9.4821 9.4729 9.4729 9.4729 9.4729 9.4729 9.4729 9.4729 9.4627 9.4627 9.4627 9.4627 9.4627 9.4627 9.4627 9.4529 9.8823 9.8823 10.3947 9.7721 
v = 26.9184 22.8940 22.8940 22.8940 22.8940 22.8940 22.8940 22.8940 20.6692 20.6692 20.6692 20.6692 20.6692 20.6692 20.6692 18.2571 18.2571 18.2571 18.2571 18.2571 18.2571 18.2571 16.0304 48.4310 48.4310 76.2051 17.1643 
