ExternalI = 5.5000 0.0000 0.0000 0.0000 0.0000 0.0000 0.0000 0.0000 4.0000 4.0000 4.0000 4.0000 4.0000 4.0000 4.0000 0.0000 0.0000 0.0000 0.0000 0.0000 0.0000 0.0000 0.0000 8.0000 8.0000 0.0000 0.0000 
before u = 9.4951 9.4792 9.4792 9.4792 9.4792 9.4792 9.4792 9.4792 9.4700 9.4700 9.4700 9.4700 9.4700 9.4700 9.4700 9.4596 9.4596 9.4596 9.4596 9.4596 9.4596 9.4596 9.4497 9.8823 9.8823 10.3957 9.7709 
before v = 26.9546 22.9159 22.9159 22.9159 22.9159 22.9159 22.9159 22.9159 20.6852 20.6852 20.6852 20.6852 20.6852 20.6852 20.6852 18.2680 18.2680 18.2680 18.2680 18.2680 18.2680 18.2680 16.0377 48.6585 48.6585 76.8479 17.1765 
Ibias = 9.4000 9.4000 9.4000 9.4000 9.4000 9.4000 9.4000 9.4000 2.0000 2.0000 2.0000 2.0000 2.0000 2.0000 2.0000 2.0000 2.0000 2.0000 2.0000 2.0000 2.0000 2.0000 -2.0000 16.0000 16.0000 10.0000 -11.0000 
fa1 = 3.6031 2.1786 2.1786 2.1786 2.1786 2.1786 2.1786 2.1786 1.5896 1.5896 1.5896 1.5896 1.5896 1.5896 1.5896 1.0852 1.0852 1.0852 1.0852 1.0852 1.0852 1.0852 0.7256 22.8482 22.8482 65.2845 1.2117 
fa2 = 3.5893 2.1673 2.1673 2.1673 2.1673 2.1673 2.1673 2.1673 1.5804 1.5804 1.5804 1.5804 1.5804 1.5804 1.5804 1.0784 1.0784 1.0784 1.0784 1.0784 1.0784 1.0784 0.7209 22.9508 22.9508 66.3158 1.2025 
fa3 = 3.5894 2.1674 2.1674 2.1674 2.1674 2.1674 2.1674 2.1674 1.5804 1.5804 1.5804 1.5804 1.5804 1.5804 1.5804 1.0784 1.0784 1.0784 1.0784 1.0784 1.0784 1.0784 0.7210 22.9512 22.9512 66.3321 1.2025 
fa4 = 3.5756 2.1562 2.1562 2.1562 2.1562 2.1562 2.1562 2.1562 1.5713 1.5713 1.5713 1.5713 1.5713 1.5713 1.5713 1.0716 1.0716 1.0716 1.0716 1.0716 1.0716 1.0716 0.7163 23.0553 23.0553 67.3891 1.1934 
fb1 = -0.2720 -0.2875 -0.2875 -0.2875 -0.2875 -0.2875 -0.2875 -0.2875 -0.2961 -0.2961 -0.2961 -0.2961 -0.2961 -0.2961 -0.2961 -0.3053 -0.3053 -0.3053 -0.3053 -0.3053 -0.3053 -0.3053 -0.3138 -0.0030 -0.0030 0.0995 -0.1267 
fb2 = -0.2719 -0.2874 -0.2874 -0.2874 -0.2874 -0.2874 -0.2874 -0.2874 -0.2960 -0.2960 -0.2960 -0.2960 -0.2960 -0.2960 -0.2960 -0.3052 -0.3052 -0.3052 -0.3052 -0.3052 -0.3052 -0.3052 -0.3138 -0.0026 -0.0026 0.1008 -0.1267 
fb3 = -0.2719 -0.2874 -0.2874 -0.2874 -0.2874 -0.2874 -0.2874 -0.2874 -0.2960 -0.2960 -0.2960 -0.2960 -0.2960 -0.2960 -0.2960 -0.3052 -0.3052 -0.3052 -0.3052 -0.3052 -0.3052 -0.3052 -0.3138 -0.0026 -0.0026 0.1008 -0.1267 
fb4 = -0.2717 -0.2873 -0.2873 -0.2873 -0.2873 -0.2873 -0.2873 -0.2873 -0.2959 -0.2959 -0.2959 -0.2959 -0.2959 -0.2959 -0.2959 -0.3051 -0.3051 -0.3051 -0.3051 -0.3051 -0.3051 -0.3051 -0.3137 -0.0021 -0.0021 0.1021 -0.1266 
I = 14.9000 9.4000 9.4000 9.4000 9.4000 9.4000 9.4000 9.4000 6.0000 6.0000 6.0000 6.0000 6.0000 6.0000 6.0000 2.0000 2.0000 2.0000 2.0000 2.0000 2.0000 2.0000 -2.0000 24.0000 24.0000 10.0000 -9.2892 
S1 = 0.0000 0.0000 0.0000 0.0000 0.0000 0.0000 0.0000 0.0000 0.0000 0.0000 0.0000 0.0000 0.0000 0.0000 0.0000 0.0000 0.0000 0.0000 0.0000 0.0000 0.0000 0.0000 0.0000 0.0000 0.0000 0.0000 0.0000 
S2 = 0.0000 0.0000 0.0000 0.0000 0.0000 0.0000 0.0000 0.0000 0.0000 0.0000 0.0000 0.0000 0.0000 0.0000 0.0000 0.0000 0.0000 0.0000 0.0000 0.0000 0.0000 0.0000 0.0000 0.0000 0.0000 0.0000 1.7108 
u = 9.4924 9.4763 9.4763 9.4763 9.4763 9.4763 9.4763 9.4763 9.4670 9.4670 9.4670 9.4670 9.4670 9.4670 9.4670 9.4566 9.4566 9.4566 9.4566 9.4566 9.4566 9.4566 9.4466 9.8822 9.8822 10.3967 9.7696 
v = 26.9905 22.9376 22.9376 22.9376 22.9376 22.9376 22.9376 22.9376 20.7010 20.7010 20.7010 20.7010 20.7010 20.7010 20.7010 18.2788 18.2788 18.2788 18.2788 18.2788 18.2788 18.2788 16.0449 48.8880 48.8880 77.5111 17.1886 
