ExternalI = 5.5000 0.0000 0.0000 0.0000 0.0000 0.0000 0.0000 0.0000 4.0000 4.0000 4.0000 4.0000 4.0000 4.0000 4.0000 0.0000 0.0000 0.0000 0.0000 0.0000 0.0000 0.0000 0.0000 8.0000 8.0000 0.0000 0.0000 
before u = 9.4897 9.4735 9.4735 9.4735 9.4735 9.4735 9.4735 9.4735 9.4641 9.4641 9.4641 9.4641 9.4641 9.4641 9.4641 9.4535 9.4535 9.4535 9.4535 9.4535 9.4535 9.4535 9.4434 9.8822 9.8822 10.3977 9.7683 
before v = 27.0261 22.9591 22.9591 22.9591 22.9591 22.9591 22.9591 22.9591 20.7166 20.7166 20.7166 20.7166 20.7166 20.7166 20.7166 18.2894 18.2894 18.2894 18.2894 18.2894 18.2894 18.2894 16.0520 49.1196 49.1196 78.1960 17.2004 
Ibias = 9.4000 9.4000 9.4000 9.4000 9.4000 9.4000 9.4000 9.4000 2.0000 2.0000 2.0000 2.0000 2.0000 2.0000 2.0000 2.0000 2.0000 2.0000 2.0000 2.0000 2.0000 2.0000 -2.0000 16.0000 16.0000 10.0000 -11.0000 
fa1 = 3.5484 2.1341 2.1341 2.1341 2.1341 2.1341 2.1341 2.1341 1.5533 1.5533 1.5533 1.5533 1.5533 1.5533 1.5533 1.0583 1.0583 1.0583 1.0583 1.0583 1.0583 1.0583 0.7073 23.2684 23.2684 69.5988 1.1686 
fa2 = 3.5350 2.1231 2.1231 2.1231 2.1231 2.1231 2.1231 2.1231 1.5443 1.5443 1.5443 1.5443 1.5443 1.5443 1.5443 1.0517 1.0517 1.0517 1.0517 1.0517 1.0517 1.0517 0.7028 23.3771 23.3771 70.7361 1.1598 
fa3 = 3.5350 2.1232 2.1232 2.1232 2.1232 2.1232 2.1232 2.1232 1.5444 1.5444 1.5444 1.5444 1.5444 1.5444 1.5444 1.0518 1.0518 1.0518 1.0518 1.0518 1.0518 1.0518 0.7028 23.3776 23.3776 70.7548 1.1599 
fa4 = 3.5216 2.1123 2.1123 2.1123 2.1123 2.1123 2.1123 2.1123 1.5355 1.5355 1.5355 1.5355 1.5355 1.5355 1.5355 1.0452 1.0452 1.0452 1.0452 1.0452 1.0452 1.0452 0.6983 23.4879 23.4879 71.9213 1.1511 
fb1 = -0.2715 -0.2871 -0.2871 -0.2871 -0.2871 -0.2871 -0.2871 -0.2871 -0.2957 -0.2957 -0.2957 -0.2957 -0.2957 -0.2957 -0.2957 -0.3050 -0.3050 -0.3050 -0.3050 -0.3050 -0.3050 -0.3050 -0.3135 -0.0012 -0.0012 0.1048 -0.1266 
fb2 = -0.2714 -0.2870 -0.2870 -0.2870 -0.2870 -0.2870 -0.2870 -0.2870 -0.2956 -0.2956 -0.2956 -0.2956 -0.2956 -0.2956 -0.2956 -0.3049 -0.3049 -0.3049 -0.3049 -0.3049 -0.3049 -0.3049 -0.3135 -0.0007 -0.0007 0.1062 -0.1265 
fb3 = -0.2714 -0.2870 -0.2870 -0.2870 -0.2870 -0.2870 -0.2870 -0.2870 -0.2956 -0.2956 -0.2956 -0.2956 -0.2956 -0.2956 -0.2956 -0.3049 -0.3049 -0.3049 -0.3049 -0.3049 -0.3049 -0.3049 -0.3135 -0.0007 -0.0007 0.1062 -0.1265 
fb4 = -0.2712 -0.2869 -0.2869 -0.2869 -0.2869 -0.2869 -0.2869 -0.2869 -0.2955 -0.2955 -0.2955 -0.2955 -0.2955 -0.2955 -0.2955 -0.3048 -0.3048 -0.3048 -0.3048 -0.3048 -0.3048 -0.3048 -0.3134 -0.0002 -0.0002 0.1076 -0.1265 
I = 14.9000 9.4000 9.4000 9.4000 9.4000 9.4000 9.4000 9.4000 6.0000 6.0000 6.0000 6.0000 6.0000 6.0000 6.0000 2.0000 2.0000 2.0000 2.0000 2.0000 2.0000 2.0000 -2.0000 24.0000 24.0000 10.0000 -9.2960 
S1 = 0.0000 0.0000 0.0000 0.0000 0.0000 0.0000 0.0000 0.0000 0.0000 0.0000 0.0000 0.0000 0.0000 0.0000 0.0000 0.0000 0.0000 0.0000 0.0000 0.0000 0.0000 0.0000 0.0000 0.0000 0.0000 0.0000 0.0000 
S2 = 0.0000 0.0000 0.0000 0.0000 0.0000 0.0000 0.0000 0.0000 0.0000 0.0000 0.0000 0.0000 0.0000 0.0000 0.0000 0.0000 0.0000 0.0000 0.0000 0.0000 0.0000 0.0000 0.0000 0.0000 0.0000 0.0000 1.7040 
u = 9.4869 9.4706 9.4706 9.4706 9.4706 9.4706 9.4706 9.4706 9.4611 9.4611 9.4611 9.4611 9.4611 9.4611 9.4611 9.4505 9.4505 9.4505 9.4505 9.4505 9.4505 9.4505 9.4403 9.8822 9.8822 10.3988 9.7671 
v = 27.0615 22.9803 22.9803 22.9803 22.9803 22.9803 22.9803 22.9803 20.7320 20.7320 20.7320 20.7320 20.7320 20.7320 20.7320 18.3000 18.3000 18.3000 18.3000 18.3000 18.3000 18.3000 16.0590 49.3534 49.3534 78.9035 17.2120 
