ExternalI = 5.5000 0.0000 0.0000 0.0000 0.0000 0.0000 0.0000 0.0000 4.0000 4.0000 4.0000 4.0000 4.0000 4.0000 4.0000 0.0000 0.0000 0.0000 0.0000 0.0000 0.0000 0.0000 0.0000 8.0000 8.0000 0.0000 0.0000 
before u = 9.4815 9.4649 9.4649 9.4649 9.4649 9.4649 9.4649 9.4649 9.4552 9.4552 9.4552 9.4552 9.4552 9.4552 9.4552 9.4444 9.4444 9.4444 9.4444 9.4444 9.4444 9.4444 9.4340 9.8822 9.8822 10.4010 9.7645 
before v = 27.1314 23.0221 23.0221 23.0221 23.0221 23.0221 23.0221 23.0221 20.7624 20.7624 20.7624 20.7624 20.7624 20.7624 20.7624 18.3206 18.3206 18.3206 18.3206 18.3206 18.3206 18.3206 16.0728 49.8277 49.8277 80.3912 17.2345 
Ibias = 9.4000 9.4000 9.4000 9.4000 9.4000 9.4000 9.4000 9.4000 2.0000 2.0000 2.0000 2.0000 2.0000 2.0000 2.0000 2.0000 2.0000 2.0000 2.0000 2.0000 2.0000 2.0000 -2.0000 16.0000 16.0000 10.0000 -11.0000 
fa1 = 3.4688 2.0695 2.0695 2.0695 2.0695 2.0695 2.0695 2.0695 1.5007 1.5007 1.5007 1.5007 1.5007 1.5007 1.5007 1.0196 1.0196 1.0196 1.0196 1.0196 1.0196 1.0196 0.6809 23.9467 23.9467 76.9352 1.1068 
fa2 = 3.4558 2.0590 2.0590 2.0590 2.0590 2.0590 2.0590 2.0590 1.4921 1.4921 1.4921 1.4921 1.4921 1.4921 1.4921 1.0133 1.0133 1.0133 1.0133 1.0133 1.0133 1.0133 0.6767 24.0653 24.0653 78.2605 1.0984 
fa3 = 3.4559 2.0590 2.0590 2.0590 2.0590 2.0590 2.0590 2.0590 1.4922 1.4922 1.4922 1.4922 1.4922 1.4922 1.4922 1.0134 1.0134 1.0134 1.0134 1.0134 1.0134 1.0134 0.6767 24.0659 24.0659 78.2834 1.0985 
fa4 = 3.4429 2.0485 2.0485 2.0485 2.0485 2.0485 2.0485 2.0485 1.4837 1.4837 1.4837 1.4837 1.4837 1.4837 1.4837 1.0071 1.0071 1.0071 1.0071 1.0071 1.0071 1.0071 0.6725 24.1863 24.1863 79.6447 1.0902 
fb1 = -0.2707 -0.2865 -0.2865 -0.2865 -0.2865 -0.2865 -0.2865 -0.2865 -0.2952 -0.2952 -0.2952 -0.2952 -0.2952 -0.2952 -0.2952 -0.3045 -0.3045 -0.3045 -0.3045 -0.3045 -0.3045 -0.3045 -0.3131 0.0017 0.0017 0.1135 -0.1264 
fb2 = -0.2706 -0.2864 -0.2864 -0.2864 -0.2864 -0.2864 -0.2864 -0.2864 -0.2951 -0.2951 -0.2951 -0.2951 -0.2951 -0.2951 -0.2951 -0.3044 -0.3044 -0.3044 -0.3044 -0.3044 -0.3044 -0.3044 -0.3130 0.0021 0.0021 0.1151 -0.1263 
fb3 = -0.2706 -0.2864 -0.2864 -0.2864 -0.2864 -0.2864 -0.2864 -0.2864 -0.2951 -0.2951 -0.2951 -0.2951 -0.2951 -0.2951 -0.2951 -0.3044 -0.3044 -0.3044 -0.3044 -0.3044 -0.3044 -0.3044 -0.3130 0.0021 0.0021 0.1151 -0.1263 
fb4 = -0.2705 -0.2863 -0.2863 -0.2863 -0.2863 -0.2863 -0.2863 -0.2863 -0.2950 -0.2950 -0.2950 -0.2950 -0.2950 -0.2950 -0.2950 -0.3043 -0.3043 -0.3043 -0.3043 -0.3043 -0.3043 -0.3043 -0.3129 0.0026 0.0026 0.1167 -0.1263 
I = 14.9000 9.4000 9.4000 9.4000 9.4000 9.4000 9.4000 9.4000 6.0000 6.0000 6.0000 6.0000 6.0000 6.0000 6.0000 2.0000 2.0000 2.0000 2.0000 2.0000 2.0000 2.0000 -2.0000 24.0000 24.0000 10.0000 -9.3062 
S1 = 0.0000 0.0000 0.0000 0.0000 0.0000 0.0000 0.0000 0.0000 0.0000 0.0000 0.0000 0.0000 0.0000 0.0000 0.0000 0.0000 0.0000 0.0000 0.0000 0.0000 0.0000 0.0000 0.0000 0.0000 0.0000 0.0000 0.0000 
S2 = 0.0000 0.0000 0.0000 0.0000 0.0000 0.0000 0.0000 0.0000 0.0000 0.0000 0.0000 0.0000 0.0000 0.0000 0.0000 0.0000 0.0000 0.0000 0.0000 0.0000 0.0000 0.0000 0.0000 0.0000 0.0000 0.0000 1.6938 
u = 9.4788 9.4620 9.4620 9.4620 9.4620 9.4620 9.4620 9.4620 9.4522 9.4522 9.4522 9.4522 9.4522 9.4522 9.4522 9.4413 9.4413 9.4413 9.4413 9.4413 9.4413 9.4413 9.4309 9.8822 9.8822 10.4022 9.7633 
v = 27.1659 23.0427 23.0427 23.0427 23.0427 23.0427 23.0427 23.0427 20.7773 20.7773 20.7773 20.7773 20.7773 20.7773 20.7773 18.3307 18.3307 18.3307 18.3307 18.3307 18.3307 18.3307 16.0796 50.0684 50.0684 81.1740 17.2455 
