ExternalI = 5.5000 0.0000 0.0000 0.0000 0.0000 0.0000 0.0000 0.0000 4.0000 4.0000 4.0000 4.0000 4.0000 4.0000 4.0000 0.0000 0.0000 0.0000 0.0000 0.0000 0.0000 0.0000 0.0000 8.0000 8.0000 0.0000 0.0000 
before u = 9.4734 9.4563 9.4563 9.4563 9.4563 9.4563 9.4563 9.4563 9.4464 9.4464 9.4464 9.4464 9.4464 9.4464 9.4464 9.4352 9.4352 9.4352 9.4352 9.4352 9.4352 9.4352 9.4247 9.8823 9.8823 10.4046 9.7607 
before v = 27.2343 23.0833 23.0833 23.0833 23.0833 23.0833 23.0833 23.0833 20.8067 20.8067 20.8067 20.8067 20.8067 20.8067 20.8067 18.3506 18.3506 18.3506 18.3506 18.3506 18.3506 18.3506 16.0929 50.5571 50.5571 82.8245 17.2669 
Ibias = 9.4000 9.4000 9.4000 9.4000 9.4000 9.4000 9.4000 9.4000 2.0000 2.0000 2.0000 2.0000 2.0000 2.0000 2.0000 2.0000 2.0000 2.0000 2.0000 2.0000 2.0000 2.0000 -2.0000 16.0000 16.0000 10.0000 -11.0000 
fa1 = 3.3920 2.0074 2.0074 2.0074 2.0074 2.0074 2.0074 2.0074 1.4504 1.4504 1.4504 1.4504 1.4504 1.4504 1.4504 0.9827 0.9827 0.9827 0.9827 0.9827 0.9827 0.9827 0.6560 24.6872 24.6872 85.5180 1.0480 
fa2 = 3.3794 1.9973 1.9973 1.9973 1.9973 1.9973 1.9973 1.9973 1.4422 1.4422 1.4422 1.4422 1.4422 1.4422 1.4422 0.9767 0.9767 0.9767 0.9767 0.9767 0.9767 0.9767 0.6519 24.8167 24.8167 87.0751 1.0401 
fa3 = 3.3795 1.9973 1.9973 1.9973 1.9973 1.9973 1.9973 1.9973 1.4422 1.4422 1.4422 1.4422 1.4422 1.4422 1.4422 0.9767 0.9767 0.9767 0.9767 0.9767 0.9767 0.9767 0.6520 24.8174 24.8174 87.1036 1.0402 
fa4 = 3.3670 1.9873 1.9873 1.9873 1.9873 1.9873 1.9873 1.9873 1.4341 1.4341 1.4341 1.4341 1.4341 1.4341 1.4341 0.9708 0.9708 0.9708 0.9708 0.9708 0.9708 0.9708 0.6479 24.9488 24.9488 88.7055 1.0324 
fb1 = -0.2700 -0.2859 -0.2859 -0.2859 -0.2859 -0.2859 -0.2859 -0.2859 -0.2946 -0.2946 -0.2946 -0.2946 -0.2946 -0.2946 -0.2946 -0.3040 -0.3040 -0.3040 -0.3040 -0.3040 -0.3040 -0.3040 -0.3126 0.0046 0.0046 0.1232 -0.1261 
fb2 = -0.2699 -0.2858 -0.2858 -0.2858 -0.2858 -0.2858 -0.2858 -0.2858 -0.2945 -0.2945 -0.2945 -0.2945 -0.2945 -0.2945 -0.2945 -0.3039 -0.3039 -0.3039 -0.3039 -0.3039 -0.3039 -0.3039 -0.3125 0.0051 0.0051 0.1249 -0.1261 
fb3 = -0.2699 -0.2858 -0.2858 -0.2858 -0.2858 -0.2858 -0.2858 -0.2858 -0.2945 -0.2945 -0.2945 -0.2945 -0.2945 -0.2945 -0.2945 -0.3039 -0.3039 -0.3039 -0.3039 -0.3039 -0.3039 -0.3039 -0.3125 0.0051 0.0051 0.1249 -0.1261 
fb4 = -0.2698 -0.2857 -0.2857 -0.2857 -0.2857 -0.2857 -0.2857 -0.2857 -0.2945 -0.2945 -0.2945 -0.2945 -0.2945 -0.2945 -0.2945 -0.3038 -0.3038 -0.3038 -0.3038 -0.3038 -0.3038 -0.3038 -0.3125 0.0056 0.0056 0.1267 -0.1261 
I = 14.9000 9.4000 9.4000 9.4000 9.4000 9.4000 9.4000 9.4000 6.0000 6.0000 6.0000 6.0000 6.0000 6.0000 6.0000 2.0000 2.0000 2.0000 2.0000 2.0000 2.0000 2.0000 -2.0000 24.0000 24.0000 10.0000 -9.3164 
S1 = 0.0000 0.0000 0.0000 0.0000 0.0000 0.0000 0.0000 0.0000 0.0000 0.0000 0.0000 0.0000 0.0000 0.0000 0.0000 0.0000 0.0000 0.0000 0.0000 0.0000 0.0000 0.0000 0.0000 0.0000 0.0000 0.0000 0.0000 
S2 = 0.0000 0.0000 0.0000 0.0000 0.0000 0.0000 0.0000 0.0000 0.0000 0.0000 0.0000 0.0000 0.0000 0.0000 0.0000 0.0000 0.0000 0.0000 0.0000 0.0000 0.0000 0.0000 0.0000 0.0000 0.0000 0.0000 1.6836 
u = 9.4707 9.4534 9.4534 9.4534 9.4534 9.4534 9.4534 9.4534 9.4434 9.4434 9.4434 9.4434 9.4434 9.4434 9.4434 9.4322 9.4322 9.4322 9.4322 9.4322 9.4322 9.4322 9.4215 9.8824 9.8824 10.4058 9.7595 
v = 27.2681 23.1032 23.1032 23.1032 23.1032 23.1032 23.1032 23.1032 20.8211 20.8211 20.8211 20.8211 20.8211 20.8211 20.8211 18.3604 18.3604 18.3604 18.3604 18.3604 18.3604 18.3604 16.0994 50.8052 50.8052 83.6955 17.2773 
