ExternalI = 5.5000 0.0000 0.0000 0.0000 0.0000 0.0000 0.0000 0.0000 4.0000 4.0000 4.0000 4.0000 4.0000 4.0000 4.0000 0.0000 0.0000 0.0000 0.0000 0.0000 0.0000 0.0000 0.0000 8.0000 8.0000 0.0000 0.0000 
before u = 9.9405 9.9402 9.9402 9.9402 9.9402 9.9402 9.9402 9.9402 9.9400 9.9400 9.9400 9.9400 9.9400 9.9400 9.9400 9.9398 9.9398 9.9398 9.9398 9.9398 9.9398 9.9398 9.9396 9.9753 9.9753 10.0167 9.9735 
before v = 14.1418 13.3485 13.3485 13.3485 13.3485 13.3485 13.3485 13.3485 12.8595 12.8595 12.8595 12.8595 12.8595 12.8595 12.8595 12.2855 12.2855 12.2855 12.2855 12.2855 12.2855 12.2855 11.7131 16.9163 16.9163 80.0556 11.8535 
Ibias = 9.4000 9.4000 9.4000 9.4000 9.4000 9.4000 9.4000 9.4000 2.0000 2.0000 2.0000 2.0000 2.0000 2.0000 2.0000 2.0000 2.0000 2.0000 2.0000 2.0000 2.0000 2.0000 -2.0000 16.0000 16.0000 10.0000 -11.0000 
fa1 = 20.5338 16.5417 16.5417 16.5417 16.5417 16.5417 16.5417 16.5417 14.0962 14.0962 14.0962 14.0962 14.0962 14.0962 14.0962 11.2409 11.2409 11.2409 11.2409 11.2409 11.2409 11.2409 8.4089 34.7222 34.7222 76.1724 9.0862 
fa2 = 20.3440 16.3839 16.3839 16.3839 16.3839 16.3839 16.3839 16.3839 13.9592 13.9592 13.9592 13.9592 13.9592 13.9592 13.9592 11.1294 11.1294 11.1294 11.1294 11.1294 11.1294 11.1294 8.3240 34.4382 34.4382 77.4742 8.9938 
fa3 = 20.3458 16.3854 16.3854 16.3854 16.3854 16.3854 16.3854 16.3854 13.9606 13.9606 13.9606 13.9606 13.9606 13.9606 13.9606 11.1305 11.1305 11.1305 11.1305 11.1305 11.1305 11.1305 8.3249 34.4405 34.4405 77.4966 8.9948 
fa4 = 20.1586 16.2296 16.2296 16.2296 16.2296 16.2296 16.2296 16.2296 13.8253 13.8253 13.8253 13.8253 13.8253 13.8253 13.8253 11.0204 11.0204 11.0204 11.0204 11.0204 11.0204 11.0204 8.2410 34.1611 34.1611 78.8335 8.9035 
fb1 = -0.3411 -0.3442 -0.3442 -0.3442 -0.3442 -0.3442 -0.3442 -0.3442 -0.3462 -0.3462 -0.3462 -0.3462 -0.3462 -0.3462 -0.3462 -0.3485 -0.3485 -0.3485 -0.3485 -0.3485 -0.3485 -0.3485 -0.3507 -0.1318 -0.1318 0.1199 -0.1521 
fb2 = -0.3406 -0.3438 -0.3438 -0.3438 -0.3438 -0.3438 -0.3438 -0.3438 -0.3458 -0.3458 -0.3458 -0.3458 -0.3458 -0.3458 -0.3458 -0.3482 -0.3482 -0.3482 -0.3482 -0.3482 -0.3482 -0.3482 -0.3505 -0.1311 -0.1311 0.1214 -0.1519 
fb3 = -0.3406 -0.3438 -0.3438 -0.3438 -0.3438 -0.3438 -0.3438 -0.3438 -0.3458 -0.3458 -0.3458 -0.3458 -0.3458 -0.3458 -0.3458 -0.3482 -0.3482 -0.3482 -0.3482 -0.3482 -0.3482 -0.3482 -0.3505 -0.1311 -0.1311 0.1214 -0.1519 
fb4 = -0.3401 -0.3434 -0.3434 -0.3434 -0.3434 -0.3434 -0.3434 -0.3434 -0.3455 -0.3455 -0.3455 -0.3455 -0.3455 -0.3455 -0.3455 -0.3479 -0.3479 -0.3479 -0.3479 -0.3479 -0.3479 -0.3479 -0.3503 -0.1304 -0.1304 0.1230 -0.1517 
I = 14.9000 9.4000 9.4000 9.4000 9.4000 9.4000 9.4000 9.4000 6.0000 6.0000 6.0000 6.0000 6.0000 6.0000 6.0000 2.0000 2.0000 2.0000 2.0000 2.0000 2.0000 2.0000 -2.0000 24.0000 24.0000 10.0000 -11.0000 
S1 = 0.0000 0.0000 0.0000 0.0000 0.0000 0.0000 0.0000 0.0000 0.0000 0.0000 0.0000 0.0000 0.0000 0.0000 0.0000 0.0000 0.0000 0.0000 0.0000 0.0000 0.0000 0.0000 0.0000 0.0000 0.0000 0.0000 0.0000 
S2 = 0.0000 0.0000 0.0000 0.0000 0.0000 0.0000 0.0000 0.0000 0.0000 0.0000 0.0000 0.0000 0.0000 0.0000 0.0000 0.0000 0.0000 0.0000 0.0000 0.0000 0.0000 0.0000 0.0000 0.0000 0.0000 0.0000 0.0000 
u = 9.9371 9.9368 9.9368 9.9368 9.9368 9.9368 9.9368 9.9368 9.9366 9.9366 9.9366 9.9366 9.9366 9.9366 9.9366 9.9363 9.9363 9.9363 9.9363 9.9363 9.9363 9.9363 9.9361 9.9740 9.9740 10.0179 9.9720 
v = 14.3452 13.5123 13.5123 13.5123 13.5123 13.5123 13.5123 13.5123 12.9991 12.9991 12.9991 12.9991 12.9991 12.9991 12.9991 12.3968 12.3968 12.3968 12.3968 12.3968 12.3968 12.3968 11.7963 17.2607 17.2607 80.8305 11.9435 
