ExternalI = 5.5000 0.0000 0.0000 0.0000 0.0000 0.0000 0.0000 0.0000 4.0000 4.0000 4.0000 4.0000 4.0000 4.0000 4.0000 0.0000 0.0000 0.0000 0.0000 0.0000 0.0000 0.0000 0.0000 8.0000 8.0000 0.0000 0.0000 
before u = 9.4599 9.4420 9.4420 9.4420 9.4420 9.4420 9.4420 9.4420 9.4316 9.4316 9.4316 9.4316 9.4316 9.4316 9.4316 9.4201 9.4201 9.4201 9.4201 9.4201 9.4201 9.4201 9.4090 9.8827 9.8827 10.4112 9.7544 
before v = 27.4008 23.1812 23.1812 23.1812 23.1812 23.1812 23.1812 23.1812 20.8772 20.8772 20.8772 20.8772 20.8772 20.8772 20.8772 18.3983 18.3983 18.3983 18.3983 18.3983 18.3983 18.3983 16.1247 51.8253 51.8253 87.5271 17.3171 
Ibias = 9.4000 9.4000 9.4000 9.4000 9.4000 9.4000 9.4000 9.4000 2.0000 2.0000 2.0000 2.0000 2.0000 2.0000 2.0000 2.0000 2.0000 2.0000 2.0000 2.0000 2.0000 2.0000 -2.0000 16.0000 16.0000 10.0000 -11.0000 
fa1 = 3.2698 1.9092 1.9092 1.9092 1.9092 1.9092 1.9092 1.9092 1.3711 1.3711 1.3711 1.3711 1.3711 1.3711 1.3711 0.9249 0.9249 0.9249 0.9249 0.9249 0.9249 0.9249 0.6171 26.0759 26.0759 103.4473 0.9564 
fa2 = 3.2580 1.8997 1.8997 1.8997 1.8997 1.8997 1.8997 1.8997 1.3635 1.3635 1.3635 1.3635 1.3635 1.3635 1.3635 0.9194 0.9194 0.9194 0.9194 0.9194 0.9194 0.9194 0.6134 26.2259 26.2259 105.5273 0.9493 
fa3 = 3.2580 1.8997 1.8997 1.8997 1.8997 1.8997 1.8997 1.8997 1.3635 1.3635 1.3635 1.3635 1.3635 1.3635 1.3635 0.9194 0.9194 0.9194 0.9194 0.9194 0.9194 0.9194 0.6135 26.2268 26.2268 105.5694 0.9494 
fa4 = 3.2462 1.8903 1.8903 1.8903 1.8903 1.8903 1.8903 1.8903 1.3559 1.3559 1.3559 1.3559 1.3559 1.3559 1.3559 0.9139 0.9139 0.9139 0.9139 0.9139 0.9139 0.9139 0.6098 26.3791 26.3791 107.7155 0.9424 
fb1 = -0.2688 -0.2850 -0.2850 -0.2850 -0.2850 -0.2850 -0.2850 -0.2850 -0.2938 -0.2938 -0.2938 -0.2938 -0.2938 -0.2938 -0.2938 -0.3032 -0.3032 -0.3032 -0.3032 -0.3032 -0.3032 -0.3032 -0.3119 0.0096 0.0096 0.1419 -0.1258 
fb2 = -0.2687 -0.2849 -0.2849 -0.2849 -0.2849 -0.2849 -0.2849 -0.2849 -0.2937 -0.2937 -0.2937 -0.2937 -0.2937 -0.2937 -0.2937 -0.3031 -0.3031 -0.3031 -0.3031 -0.3031 -0.3031 -0.3031 -0.3118 0.0102 0.0102 0.1439 -0.1258 
fb3 = -0.2687 -0.2849 -0.2849 -0.2849 -0.2849 -0.2849 -0.2849 -0.2849 -0.2937 -0.2937 -0.2937 -0.2937 -0.2937 -0.2937 -0.2937 -0.3031 -0.3031 -0.3031 -0.3031 -0.3031 -0.3031 -0.3031 -0.3118 0.0102 0.0102 0.1440 -0.1258 
fb4 = -0.2686 -0.2848 -0.2848 -0.2848 -0.2848 -0.2848 -0.2848 -0.2848 -0.2936 -0.2936 -0.2936 -0.2936 -0.2936 -0.2936 -0.2936 -0.3031 -0.3031 -0.3031 -0.3031 -0.3031 -0.3031 -0.3031 -0.3117 0.0107 0.0107 0.1461 -0.1258 
I = 14.9000 9.4000 9.4000 9.4000 9.4000 9.4000 9.4000 9.4000 6.0000 6.0000 6.0000 6.0000 6.0000 6.0000 6.0000 2.0000 2.0000 2.0000 2.0000 2.0000 2.0000 2.0000 -2.0000 24.0000 24.0000 10.0000 -9.3332 
S1 = 0.0000 0.0000 0.0000 0.0000 0.0000 0.0000 0.0000 0.0000 0.0000 0.0000 0.0000 0.0000 0.0000 0.0000 0.0000 0.0000 0.0000 0.0000 0.0000 0.0000 0.0000 0.0000 0.0000 0.0000 0.0000 0.0000 0.0000 
S2 = 0.0000 0.0000 0.0000 0.0000 0.0000 0.0000 0.0000 0.0000 0.0000 0.0000 0.0000 0.0000 0.0000 0.0000 0.0000 0.0000 0.0000 0.0000 0.0000 0.0000 0.0000 0.0000 0.0000 0.0000 0.0000 0.0000 1.6668 
u = 9.4572 9.4392 9.4392 9.4392 9.4392 9.4392 9.4392 9.4392 9.4287 9.4287 9.4287 9.4287 9.4287 9.4287 9.4287 9.4170 9.4170 9.4170 9.4170 9.4170 9.4170 9.4170 9.4059 9.8828 9.8828 10.4126 9.7532 
v = 27.4334 23.2001 23.2001 23.2001 23.2001 23.2001 23.2001 23.2001 20.8908 20.8908 20.8908 20.8908 20.8908 20.8908 20.8908 18.4075 18.4075 18.4075 18.4075 18.4075 18.4075 18.4075 16.1308 52.0876 52.0876 88.5827 17.3266 
