ExternalI = 5.5000 0.0000 0.0000 0.0000 0.0000 0.0000 0.0000 0.0000 4.0000 4.0000 4.0000 4.0000 4.0000 4.0000 4.0000 0.0000 0.0000 0.0000 0.0000 0.0000 0.0000 0.0000 0.0000 8.0000 8.0000 0.0000 0.0000 
before u = 9.4492 9.4306 9.4306 9.4306 9.4306 9.4306 9.4306 9.4306 9.4199 9.4199 9.4199 9.4199 9.4199 9.4199 9.4199 9.4079 9.4079 9.4079 9.4079 9.4079 9.4079 9.4079 9.3966 9.8831 9.8831 10.4172 9.7494 
before v = 27.5297 23.2560 23.2560 23.2560 23.2560 23.2560 23.2560 23.2560 20.9308 20.9308 20.9308 20.9308 20.9308 20.9308 20.9308 18.4344 18.4344 18.4344 18.4344 18.4344 18.4344 18.4344 16.1488 52.8932 52.8932 92.0252 17.3540 
Ibias = 9.4000 9.4000 9.4000 9.4000 9.4000 9.4000 9.4000 9.4000 2.0000 2.0000 2.0000 2.0000 2.0000 2.0000 2.0000 2.0000 2.0000 2.0000 2.0000 2.0000 2.0000 2.0000 -2.0000 16.0000 16.0000 10.0000 -11.0000 
fa1 = 3.1771 1.8350 1.8350 1.8350 1.8350 1.8350 1.8350 1.8350 1.3116 1.3116 1.3116 1.3116 1.3116 1.3116 1.3116 0.8819 0.8819 0.8819 0.8819 0.8819 0.8819 0.8819 0.5884 27.3449 27.3449 122.2529 0.8886 
fa2 = 3.1657 1.8260 1.8260 1.8260 1.8260 1.8260 1.8260 1.8260 1.3044 1.3044 1.3044 1.3044 1.3044 1.3044 1.3044 0.8767 0.8767 0.8767 0.8767 0.8767 0.8767 0.8767 0.5849 27.5139 27.5139 124.9334 0.8820 
fa3 = 3.1658 1.8260 1.8260 1.8260 1.8260 1.8260 1.8260 1.8260 1.3044 1.3044 1.3044 1.3044 1.3044 1.3044 1.3044 0.8767 0.8767 0.8767 0.8767 0.8767 0.8767 0.8767 0.5850 27.5150 27.5150 124.9925 0.8821 
fa4 = 3.1545 1.8171 1.8171 1.8171 1.8171 1.8171 1.8171 1.8171 1.2973 1.2973 1.2973 1.2973 1.2973 1.2973 1.2973 0.8716 0.8716 0.8716 0.8716 0.8716 0.8716 0.8716 0.5815 27.6866 27.6866 127.7659 0.8756 
fb1 = -0.2678 -0.2842 -0.2842 -0.2842 -0.2842 -0.2842 -0.2842 -0.2842 -0.2931 -0.2931 -0.2931 -0.2931 -0.2931 -0.2931 -0.2931 -0.3026 -0.3026 -0.3026 -0.3026 -0.3026 -0.3026 -0.3026 -0.3113 0.0139 0.0139 0.1598 -0.1256 
fb2 = -0.2677 -0.2841 -0.2841 -0.2841 -0.2841 -0.2841 -0.2841 -0.2841 -0.2930 -0.2930 -0.2930 -0.2930 -0.2930 -0.2930 -0.2930 -0.3025 -0.3025 -0.3025 -0.3025 -0.3025 -0.3025 -0.3025 -0.3112 0.0145 0.0145 0.1622 -0.1255 
fb3 = -0.2677 -0.2841 -0.2841 -0.2841 -0.2841 -0.2841 -0.2841 -0.2841 -0.2930 -0.2930 -0.2930 -0.2930 -0.2930 -0.2930 -0.2930 -0.3025 -0.3025 -0.3025 -0.3025 -0.3025 -0.3025 -0.3025 -0.3112 0.0145 0.0145 0.1622 -0.1255 
fb4 = -0.2676 -0.2840 -0.2840 -0.2840 -0.2840 -0.2840 -0.2840 -0.2840 -0.2929 -0.2929 -0.2929 -0.2929 -0.2929 -0.2929 -0.2929 -0.3024 -0.3024 -0.3024 -0.3024 -0.3024 -0.3024 -0.3024 -0.3111 0.0150 0.0150 0.1647 -0.1255 
I = 14.9000 9.4000 9.4000 9.4000 9.4000 9.4000 9.4000 9.4000 6.0000 6.0000 6.0000 6.0000 6.0000 6.0000 6.0000 2.0000 2.0000 2.0000 2.0000 2.0000 2.0000 2.0000 -2.0000 24.0000 24.0000 10.0000 -9.3465 
S1 = 0.0000 0.0000 0.0000 0.0000 0.0000 0.0000 0.0000 0.0000 0.0000 0.0000 0.0000 0.0000 0.0000 0.0000 0.0000 0.0000 0.0000 0.0000 0.0000 0.0000 0.0000 0.0000 0.0000 0.0000 0.0000 0.0000 0.0000 
S2 = 0.0000 0.0000 0.0000 0.0000 0.0000 0.0000 0.0000 0.0000 0.0000 0.0000 0.0000 0.0000 0.0000 0.0000 0.0000 0.0000 0.0000 0.0000 0.0000 0.0000 0.0000 0.0000 0.0000 0.0000 0.0000 0.0000 1.6535 
u = 9.4465 9.4278 9.4278 9.4278 9.4278 9.4278 9.4278 9.4278 9.4170 9.4170 9.4170 9.4170 9.4170 9.4170 9.4170 9.4049 9.4049 9.4049 9.4049 9.4049 9.4049 9.4049 9.3935 9.8833 9.8833 10.4188 9.7482 
v = 27.5614 23.2743 23.2743 23.2743 23.2743 23.2743 23.2743 23.2743 20.9439 20.9439 20.9439 20.9439 20.9439 20.9439 20.9439 18.4432 18.4432 18.4432 18.4432 18.4432 18.4432 18.4432 16.1546 53.1683 53.1683 93.2750 17.3628 
