ExternalI = 5.5000 0.0000 0.0000 0.0000 0.0000 0.0000 0.0000 0.0000 4.0000 4.0000 4.0000 4.0000 4.0000 4.0000 4.0000 0.0000 0.0000 0.0000 0.0000 0.0000 0.0000 0.0000 0.0000 8.0000 8.0000 0.0000 0.0000 
before u = 9.9371 9.9368 9.9368 9.9368 9.9368 9.9368 9.9368 9.9368 9.9366 9.9366 9.9366 9.9366 9.9366 9.9366 9.9366 9.9363 9.9363 9.9363 9.9363 9.9363 9.9363 9.9363 9.9361 9.9740 9.9740 10.0179 9.9720 
before v = 14.3452 13.5123 13.5123 13.5123 13.5123 13.5123 13.5123 13.5123 12.9991 12.9991 12.9991 12.9991 12.9991 12.9991 12.9991 12.3968 12.3968 12.3968 12.3968 12.3968 12.3968 12.3968 11.7963 17.2607 17.2607 80.8305 11.9435 
Ibias = 9.4000 9.4000 9.4000 9.4000 9.4000 9.4000 9.4000 9.4000 2.0000 2.0000 2.0000 2.0000 2.0000 2.0000 2.0000 2.0000 2.0000 2.0000 2.0000 2.0000 2.0000 2.0000 -2.0000 16.0000 16.0000 10.0000 -11.0000 
fa1 = 20.1586 16.2296 16.2296 16.2296 16.2296 16.2296 16.2296 16.2296 13.8253 13.8253 13.8253 13.8253 13.8253 13.8253 13.8253 11.0204 11.0204 11.0204 11.0204 11.0204 11.0204 11.0204 8.2410 34.1611 34.1611 78.8334 8.9035 
fa2 = 19.9740 16.0759 16.0759 16.0759 16.0759 16.0759 16.0759 16.0759 13.6917 13.6917 13.6917 13.6917 13.6917 13.6917 13.6917 10.9116 10.9116 10.9116 10.9116 10.9116 10.9116 10.9116 8.1581 33.8864 33.8864 80.2053 8.8133 
fa3 = 19.9757 16.0773 16.0773 16.0773 16.0773 16.0773 16.0773 16.0773 13.6930 13.6930 13.6930 13.6930 13.6930 13.6930 13.6930 10.9127 10.9127 10.9127 10.9127 10.9127 10.9127 10.9127 8.1589 33.8886 33.8886 80.2293 8.8142 
fa4 = 19.7936 15.9255 15.9255 15.9255 15.9255 15.9255 15.9255 15.9255 13.5611 13.5611 13.5611 13.5611 13.5611 13.5611 13.5611 10.8052 10.8052 10.8052 10.8052 10.8052 10.8052 10.8052 8.0770 33.6183 33.6183 81.6390 8.7251 
fb1 = -0.3401 -0.3434 -0.3434 -0.3434 -0.3434 -0.3434 -0.3434 -0.3434 -0.3455 -0.3455 -0.3455 -0.3455 -0.3455 -0.3455 -0.3455 -0.3479 -0.3479 -0.3479 -0.3479 -0.3479 -0.3479 -0.3479 -0.3503 -0.1304 -0.1304 0.1230 -0.1517 
fb2 = -0.3396 -0.3430 -0.3430 -0.3430 -0.3430 -0.3430 -0.3430 -0.3430 -0.3451 -0.3451 -0.3451 -0.3451 -0.3451 -0.3451 -0.3451 -0.3476 -0.3476 -0.3476 -0.3476 -0.3476 -0.3476 -0.3476 -0.3500 -0.1297 -0.1297 0.1245 -0.1515 
fb3 = -0.3396 -0.3430 -0.3430 -0.3430 -0.3430 -0.3430 -0.3430 -0.3430 -0.3451 -0.3451 -0.3451 -0.3451 -0.3451 -0.3451 -0.3451 -0.3476 -0.3476 -0.3476 -0.3476 -0.3476 -0.3476 -0.3476 -0.3500 -0.1297 -0.1297 0.1246 -0.1515 
fb4 = -0.3392 -0.3426 -0.3426 -0.3426 -0.3426 -0.3426 -0.3426 -0.3426 -0.3448 -0.3448 -0.3448 -0.3448 -0.3448 -0.3448 -0.3448 -0.3473 -0.3473 -0.3473 -0.3473 -0.3473 -0.3473 -0.3473 -0.3498 -0.1291 -0.1291 0.1261 -0.1513 
I = 14.9000 9.4000 9.4000 9.4000 9.4000 9.4000 9.4000 9.4000 6.0000 6.0000 6.0000 6.0000 6.0000 6.0000 6.0000 2.0000 2.0000 2.0000 2.0000 2.0000 2.0000 2.0000 -2.0000 24.0000 24.0000 10.0000 -11.0000 
S1 = 0.0000 0.0000 0.0000 0.0000 0.0000 0.0000 0.0000 0.0000 0.0000 0.0000 0.0000 0.0000 0.0000 0.0000 0.0000 0.0000 0.0000 0.0000 0.0000 0.0000 0.0000 0.0000 0.0000 0.0000 0.0000 0.0000 0.0000 
S2 = 0.0000 0.0000 0.0000 0.0000 0.0000 0.0000 0.0000 0.0000 0.0000 0.0000 0.0000 0.0000 0.0000 0.0000 0.0000 0.0000 0.0000 0.0000 0.0000 0.0000 0.0000 0.0000 0.0000 0.0000 0.0000 0.0000 0.0000 
u = 9.9337 9.9333 9.9333 9.9333 9.9333 9.9333 9.9333 9.9333 9.9331 9.9331 9.9331 9.9331 9.9331 9.9331 9.9331 9.9329 9.9329 9.9329 9.9329 9.9329 9.9329 9.9329 9.9326 9.9727 9.9727 10.0192 9.9705 
v = 14.5450 13.6731 13.6731 13.6731 13.6731 13.6731 13.6731 13.6731 13.1360 13.1360 13.1360 13.1360 13.1360 13.1360 13.1360 12.5060 12.5060 12.5060 12.5060 12.5060 12.5060 12.5060 11.8779 17.5996 17.5996 81.6327 12.0316 
