ExternalI = 5.5000 0.0000 0.0000 0.0000 0.0000 0.0000 0.0000 0.0000 4.0000 4.0000 4.0000 4.0000 4.0000 4.0000 4.0000 0.0000 0.0000 0.0000 0.0000 0.0000 0.0000 0.0000 0.0000 8.0000 8.0000 0.0000 0.0000 
before u = 9.4278 9.4079 9.4079 9.4079 9.4079 9.4079 9.4079 9.4079 9.3965 9.3965 9.3965 9.3965 9.3965 9.3965 9.3965 9.3838 9.3838 9.3838 9.3838 9.3838 9.3838 9.3838 9.3717 9.8846 9.8846 10.4317 9.7394 
before v = 27.7768 23.3972 23.3972 23.3972 23.3972 23.3972 23.3972 23.3972 21.0313 21.0313 21.0313 21.0313 21.0313 21.0313 21.0313 18.5018 18.5018 18.5018 18.5018 18.5018 18.5018 18.5018 16.1937 55.1978 55.1978 103.8761 17.4202 
Ibias = 9.4000 9.4000 9.4000 9.4000 9.4000 9.4000 9.4000 9.4000 2.0000 2.0000 2.0000 2.0000 2.0000 2.0000 2.0000 2.0000 2.0000 2.0000 2.0000 2.0000 2.0000 2.0000 -2.0000 16.0000 16.0000 10.0000 -11.0000 
fa1 = 3.0037 1.6976 1.6976 1.6976 1.6976 1.6976 1.6976 1.6976 1.2022 1.2022 1.2022 1.2022 1.2022 1.2022 1.2022 0.8035 0.8035 0.8035 0.8035 0.8035 0.8035 0.8035 0.5366 30.3938 30.3938 179.5495 0.7658 
fa2 = 2.9934 1.6894 1.6894 1.6894 1.6894 1.6894 1.6894 1.6894 1.1958 1.1958 1.1958 1.1958 1.1958 1.1958 1.1958 0.7989 0.7989 0.7989 0.7989 0.7989 0.7989 0.7989 0.5335 30.6098 30.6098 184.3478 0.7603 
fa3 = 2.9934 1.6895 1.6895 1.6895 1.6895 1.6895 1.6895 1.6895 1.1958 1.1958 1.1958 1.1958 1.1958 1.1958 1.1958 0.7989 0.7989 0.7989 0.7989 0.7989 0.7989 0.7989 0.5336 30.6113 30.6113 184.4769 0.7603 
fa4 = 2.9832 1.6814 1.6814 1.6814 1.6814 1.6814 1.6814 1.6814 1.1894 1.1894 1.1894 1.1894 1.1894 1.1894 1.1894 0.7944 0.7944 0.7944 0.7944 0.7944 0.7944 0.7944 0.5306 30.8307 30.8307 189.4794 0.7548 
fb1 = -0.2660 -0.2827 -0.2827 -0.2827 -0.2827 -0.2827 -0.2827 -0.2827 -0.2917 -0.2917 -0.2917 -0.2917 -0.2917 -0.2917 -0.2917 -0.3013 -0.3013 -0.3013 -0.3013 -0.3013 -0.3013 -0.3013 -0.3101 0.0231 0.0231 0.2069 -0.1251 
fb2 = -0.2659 -0.2826 -0.2826 -0.2826 -0.2826 -0.2826 -0.2826 -0.2826 -0.2917 -0.2917 -0.2917 -0.2917 -0.2917 -0.2917 -0.2917 -0.3013 -0.3013 -0.3013 -0.3013 -0.3013 -0.3013 -0.3013 -0.3100 0.0237 0.0237 0.2104 -0.1251 
fb3 = -0.2659 -0.2826 -0.2826 -0.2826 -0.2826 -0.2826 -0.2826 -0.2826 -0.2917 -0.2917 -0.2917 -0.2917 -0.2917 -0.2917 -0.2917 -0.3013 -0.3013 -0.3013 -0.3013 -0.3013 -0.3013 -0.3013 -0.3100 0.0237 0.0237 0.2105 -0.1251 
fb4 = -0.2658 -0.2825 -0.2825 -0.2825 -0.2825 -0.2825 -0.2825 -0.2825 -0.2916 -0.2916 -0.2916 -0.2916 -0.2916 -0.2916 -0.2916 -0.3012 -0.3012 -0.3012 -0.3012 -0.3012 -0.3012 -0.3012 -0.3099 0.0243 0.0243 0.2142 -0.1251 
I = 14.9000 9.4000 9.4000 9.4000 9.4000 9.4000 9.4000 9.4000 6.0000 6.0000 6.0000 6.0000 6.0000 6.0000 6.0000 2.0000 2.0000 2.0000 2.0000 2.0000 2.0000 2.0000 -2.0000 24.0000 24.0000 10.0000 -9.3727 
S1 = 0.0000 0.0000 0.0000 0.0000 0.0000 0.0000 0.0000 0.0000 0.0000 0.0000 0.0000 0.0000 0.0000 0.0000 0.0000 0.0000 0.0000 0.0000 0.0000 0.0000 0.0000 0.0000 0.0000 0.0000 0.0000 0.0000 0.0000 
S2 = 0.0000 0.0000 0.0000 0.0000 0.0000 0.0000 0.0000 0.0000 0.0000 0.0000 0.0000 0.0000 0.0000 0.0000 0.0000 0.0000 0.0000 0.0000 0.0000 0.0000 0.0000 0.0000 0.0000 0.0000 0.0000 0.0000 1.6273 
u = 9.4252 9.4051 9.4051 9.4051 9.4051 9.4051 9.4051 9.4051 9.3936 9.3936 9.3936 9.3936 9.3936 9.3936 9.3936 9.3808 9.3808 9.3808 9.3808 9.3808 9.3808 9.3808 9.3686 9.8848 9.8848 10.4338 9.7381 
v = 27.8068 23.4141 23.4141 23.4141 23.4141 23.4141 23.4141 23.4141 21.0432 21.0432 21.0432 21.0432 21.0432 21.0432 21.0432 18.5098 18.5098 18.5098 18.5098 18.5098 18.5098 18.5098 16.1991 55.5039 55.5039 105.7205 17.4278 
