ExternalI = 5.5000 0.0000 0.0000 0.0000 0.0000 0.0000 0.0000 0.0000 4.0000 4.0000 4.0000 4.0000 4.0000 4.0000 4.0000 0.0000 0.0000 0.0000 0.0000 0.0000 0.0000 0.0000 0.0000 8.0000 8.0000 0.0000 0.0000 
before u = 9.9236 9.9231 9.9231 9.9231 9.9231 9.9231 9.9231 9.9231 9.9228 9.9228 9.9228 9.9228 9.9228 9.9228 9.9228 9.9225 9.9225 9.9225 9.9225 9.9225 9.9225 9.9225 9.9221 9.9689 9.9689 10.0231 9.9660 
before v = 15.1230 14.1377 14.1377 14.1377 14.1377 14.1377 14.1377 14.1377 13.5314 13.5314 13.5314 13.5314 13.5314 13.5314 13.5314 12.8208 12.8208 12.8208 12.8208 12.8208 12.8208 12.8208 12.1131 18.5849 18.5849 84.2189 12.2856 
Ibias = 9.4000 9.4000 9.4000 9.4000 9.4000 9.4000 9.4000 9.4000 2.0000 2.0000 2.0000 2.0000 2.0000 2.0000 2.0000 2.0000 2.0000 2.0000 2.0000 2.0000 2.0000 2.0000 -2.0000 16.0000 16.0000 10.0000 -11.0000 
fa1 = 18.7556 15.0588 15.0588 15.0588 15.0588 15.0588 15.0588 15.0588 12.8070 12.8070 12.8070 12.8070 12.8070 12.8070 12.8070 10.1901 10.1901 10.1901 10.1901 10.1901 10.1901 10.1901 7.6076 32.0923 32.0923 91.0332 8.2147 
fa2 = 18.5898 14.9200 14.9200 14.9200 14.9200 14.9200 14.9200 14.9200 12.6861 12.6861 12.6861 12.6861 12.6861 12.6861 12.6861 10.0913 10.0913 10.0913 10.0913 10.0913 10.0913 10.0913 7.5321 31.8512 31.8512 92.7420 8.1327 
fa3 = 18.5913 14.9213 14.9213 14.9213 14.9213 14.9213 14.9213 14.9213 12.6872 12.6872 12.6872 12.6872 12.6872 12.6872 12.6872 10.0923 10.0923 10.0923 10.0923 10.0923 10.0923 10.0923 7.5329 31.8530 31.8530 92.7742 8.1335 
fa4 = 18.4276 14.7842 14.7842 14.7842 14.7842 14.7842 14.7842 14.7842 12.5678 12.5678 12.5678 12.5678 12.5678 12.5678 12.5678 9.9947 9.9947 9.9947 9.9947 9.9947 9.9947 9.9947 7.4583 31.6156 31.6156 94.5337 8.0524 
fb1 = -0.3365 -0.3404 -0.3404 -0.3404 -0.3404 -0.3404 -0.3404 -0.3404 -0.3428 -0.3428 -0.3428 -0.3428 -0.3428 -0.3428 -0.3428 -0.3456 -0.3456 -0.3456 -0.3456 -0.3456 -0.3456 -0.3456 -0.3484 -0.1250 -0.1250 0.1364 -0.1502 
fb2 = -0.3360 -0.3400 -0.3400 -0.3400 -0.3400 -0.3400 -0.3400 -0.3400 -0.3425 -0.3425 -0.3425 -0.3425 -0.3425 -0.3425 -0.3425 -0.3453 -0.3453 -0.3453 -0.3453 -0.3453 -0.3453 -0.3453 -0.3482 -0.1244 -0.1244 0.1382 -0.1500 
fb3 = -0.3360 -0.3400 -0.3400 -0.3400 -0.3400 -0.3400 -0.3400 -0.3400 -0.3425 -0.3425 -0.3425 -0.3425 -0.3425 -0.3425 -0.3425 -0.3453 -0.3453 -0.3453 -0.3453 -0.3453 -0.3453 -0.3453 -0.3482 -0.1244 -0.1244 0.1383 -0.1500 
fb4 = -0.3356 -0.3396 -0.3396 -0.3396 -0.3396 -0.3396 -0.3396 -0.3396 -0.3421 -0.3421 -0.3421 -0.3421 -0.3421 -0.3421 -0.3421 -0.3451 -0.3451 -0.3451 -0.3451 -0.3451 -0.3451 -0.3451 -0.3480 -0.1237 -0.1237 0.1401 -0.1498 
I = 14.9000 9.4000 9.4000 9.4000 9.4000 9.4000 9.4000 9.4000 6.0000 6.0000 6.0000 6.0000 6.0000 6.0000 6.0000 2.0000 2.0000 2.0000 2.0000 2.0000 2.0000 2.0000 -2.0000 24.0000 24.0000 10.0000 -11.0000 
S1 = 0.0000 0.0000 0.0000 0.0000 0.0000 0.0000 0.0000 0.0000 0.0000 0.0000 0.0000 0.0000 0.0000 0.0000 0.0000 0.0000 0.0000 0.0000 0.0000 0.0000 0.0000 0.0000 0.0000 0.0000 0.0000 0.0000 0.0000 
S2 = 0.0000 0.0000 0.0000 0.0000 0.0000 0.0000 0.0000 0.0000 0.0000 0.0000 0.0000 0.0000 0.0000 0.0000 0.0000 0.0000 0.0000 0.0000 0.0000 0.0000 0.0000 0.0000 0.0000 0.0000 0.0000 0.0000 0.0000 
u = 9.9202 9.9197 9.9197 9.9197 9.9197 9.9197 9.9197 9.9197 9.9194 9.9194 9.9194 9.9194 9.9194 9.9194 9.9194 9.9190 9.9190 9.9190 9.9190 9.9190 9.9190 9.9190 9.9187 9.9677 9.9677 10.0245 9.9645 
v = 15.3089 14.2869 14.2869 14.2869 14.2869 14.2869 14.2869 14.2869 13.6582 13.6582 13.6582 13.6582 13.6582 13.6582 13.6582 12.9217 12.9217 12.9217 12.9217 12.9217 12.9217 12.9217 12.1884 18.9034 18.9034 85.1466 12.3669 
