ExternalI = 5.5000 0.0000 0.0000 0.0000 0.0000 0.0000 0.0000 0.0000 4.0000 4.0000 4.0000 4.0000 4.0000 4.0000 4.0000 0.0000 0.0000 0.0000 0.0000 0.0000 0.0000 0.0000 0.0000 8.0000 8.0000 0.0000 0.0000 
before u = 9.9168 9.9163 9.9163 9.9163 9.9163 9.9163 9.9163 9.9163 9.9160 9.9160 9.9160 9.9160 9.9160 9.9160 9.9160 9.9156 9.9156 9.9156 9.9156 9.9156 9.9156 9.9156 9.9152 9.9664 9.9664 10.0259 9.9630 
before v = 15.4916 14.4334 14.4334 14.4334 14.4334 14.4334 14.4334 14.4334 13.7827 13.7827 13.7827 13.7827 13.7827 13.7827 13.7827 13.0207 13.0207 13.0207 13.0207 13.0207 13.0207 13.0207 12.2623 19.2173 19.2173 86.1103 12.4467 
Ibias = 9.4000 9.4000 9.4000 9.4000 9.4000 9.4000 9.4000 9.4000 2.0000 2.0000 2.0000 2.0000 2.0000 2.0000 2.0000 2.0000 2.0000 2.0000 2.0000 2.0000 2.0000 2.0000 -2.0000 16.0000 16.0000 10.0000 -11.0000 
fa1 = 18.1080 14.5164 14.5164 14.5164 14.5164 14.5164 14.5164 14.5164 12.3344 12.3344 12.3344 12.3344 12.3344 12.3344 12.3344 9.8039 9.8039 9.8039 9.8039 9.8039 9.8039 9.8039 7.3125 31.1539 31.1539 98.2425 7.8938 
fa2 = 17.9505 14.3844 14.3844 14.3844 14.3844 14.3844 14.3844 14.3844 12.2192 12.2192 12.2192 12.2192 12.2192 12.2192 12.2192 9.7097 9.7097 9.7097 9.7097 9.7097 9.7097 9.7097 7.2404 30.9277 30.9277 100.1616 7.8155 
fa3 = 17.9519 14.3856 14.3856 14.3856 14.3856 14.3856 14.3856 14.3856 12.2203 12.2203 12.2203 12.2203 12.2203 12.2203 12.2203 9.7106 9.7106 9.7106 9.7106 9.7106 9.7106 9.7106 7.2412 30.9293 30.9293 100.1993 7.8163 
fa4 = 17.7965 14.2552 14.2552 14.2552 14.2552 14.2552 14.2552 14.2552 12.1065 12.1065 12.1065 12.1065 12.1065 12.1065 12.1065 9.6175 9.6175 9.6175 9.6175 9.6175 9.6175 9.6175 7.1700 30.7066 30.7066 102.1777 7.7389 
fb1 = -0.3347 -0.3389 -0.3389 -0.3389 -0.3389 -0.3389 -0.3389 -0.3389 -0.3415 -0.3415 -0.3415 -0.3415 -0.3415 -0.3415 -0.3415 -0.3445 -0.3445 -0.3445 -0.3445 -0.3445 -0.3445 -0.3445 -0.3476 -0.1225 -0.1225 0.1439 -0.1495 
fb2 = -0.3343 -0.3386 -0.3386 -0.3386 -0.3386 -0.3386 -0.3386 -0.3386 -0.3412 -0.3412 -0.3412 -0.3412 -0.3412 -0.3412 -0.3412 -0.3443 -0.3443 -0.3443 -0.3443 -0.3443 -0.3443 -0.3443 -0.3473 -0.1218 -0.1218 0.1459 -0.1493 
fb3 = -0.3343 -0.3386 -0.3386 -0.3386 -0.3386 -0.3386 -0.3386 -0.3386 -0.3412 -0.3412 -0.3412 -0.3412 -0.3412 -0.3412 -0.3412 -0.3443 -0.3443 -0.3443 -0.3443 -0.3443 -0.3443 -0.3443 -0.3473 -0.1218 -0.1218 0.1459 -0.1493 
fb4 = -0.3339 -0.3382 -0.3382 -0.3382 -0.3382 -0.3382 -0.3382 -0.3382 -0.3409 -0.3409 -0.3409 -0.3409 -0.3409 -0.3409 -0.3409 -0.3440 -0.3440 -0.3440 -0.3440 -0.3440 -0.3440 -0.3440 -0.3471 -0.1212 -0.1212 0.1479 -0.1491 
I = 14.9000 9.4000 9.4000 9.4000 9.4000 9.4000 9.4000 9.4000 6.0000 6.0000 6.0000 6.0000 6.0000 6.0000 6.0000 2.0000 2.0000 2.0000 2.0000 2.0000 2.0000 2.0000 -2.0000 24.0000 24.0000 10.0000 -11.0000 
S1 = 0.0000 0.0000 0.0000 0.0000 0.0000 0.0000 0.0000 0.0000 0.0000 0.0000 0.0000 0.0000 0.0000 0.0000 0.0000 0.0000 0.0000 0.0000 0.0000 0.0000 0.0000 0.0000 0.0000 0.0000 0.0000 0.0000 0.0000 
S2 = 0.0000 0.0000 0.0000 0.0000 0.0000 0.0000 0.0000 0.0000 0.0000 0.0000 0.0000 0.0000 0.0000 0.0000 0.0000 0.0000 0.0000 0.0000 0.0000 0.0000 0.0000 0.0000 0.0000 0.0000 0.0000 0.0000 0.0000 
u = 9.9135 9.9129 9.9129 9.9129 9.9129 9.9129 9.9129 9.9129 9.9126 9.9126 9.9126 9.9126 9.9126 9.9126 9.9126 9.9121 9.9121 9.9121 9.9121 9.9121 9.9121 9.9121 9.9117 9.9652 9.9652 10.0274 9.9615 
v = 15.6711 14.5772 14.5772 14.5772 14.5772 14.5772 14.5772 14.5772 13.9049 13.9049 13.9049 13.9049 13.9049 13.9049 13.9049 13.1178 13.1178 13.1178 13.1178 13.1178 13.1178 13.1178 12.3347 19.5266 19.5266 87.1122 12.5248 
