ExternalI = 5.5000 0.0000 0.0000 0.0000 0.0000 0.0000 0.0000 0.0000 4.0000 4.0000 4.0000 4.0000 4.0000 4.0000 4.0000 0.0000 0.0000 0.0000 0.0000 0.0000 0.0000 0.0000 0.0000 8.0000 8.0000 0.0000 0.0000 
before u = 9.9135 9.9129 9.9129 9.9129 9.9129 9.9129 9.9129 9.9129 9.9126 9.9126 9.9126 9.9126 9.9126 9.9126 9.9126 9.9121 9.9121 9.9121 9.9121 9.9121 9.9121 9.9121 9.9117 9.9652 9.9652 10.0274 9.9615 
before v = 15.6711 14.5772 14.5772 14.5772 14.5772 14.5772 14.5772 14.5772 13.9049 13.9049 13.9049 13.9049 13.9049 13.9049 13.9049 13.1178 13.1178 13.1178 13.1178 13.1178 13.1178 13.1178 12.3347 19.5266 19.5266 87.1122 12.5248 
Ibias = 9.4000 9.4000 9.4000 9.4000 9.4000 9.4000 9.4000 9.4000 2.0000 2.0000 2.0000 2.0000 2.0000 2.0000 2.0000 2.0000 2.0000 2.0000 2.0000 2.0000 2.0000 2.0000 -2.0000 16.0000 16.0000 10.0000 -11.0000 
fa1 = 17.7965 14.2552 14.2552 14.2552 14.2552 14.2552 14.2552 14.2552 12.1065 12.1065 12.1065 12.1065 12.1065 12.1065 12.1065 9.6175 9.6175 9.6175 9.6175 9.6175 9.6175 9.6175 7.1700 30.7066 30.7066 102.1774 7.7389 
fa2 = 17.6431 14.1264 14.1264 14.1264 14.1264 14.1264 14.1264 14.1264 11.9941 11.9941 11.9941 11.9941 11.9941 11.9941 11.9941 9.5256 9.5256 9.5256 9.5256 9.5256 9.5256 9.5256 7.0996 30.4874 30.4874 104.2148 7.6624 
fa3 = 17.6444 14.1276 14.1276 14.1276 14.1276 14.1276 14.1276 14.1276 11.9952 11.9952 11.9952 11.9952 11.9952 11.9952 11.9952 9.5264 9.5264 9.5264 9.5264 9.5264 9.5264 9.5264 7.1003 30.4889 30.4889 104.2556 7.6632 
fa4 = 17.4930 14.0003 14.0003 14.0003 14.0003 14.0003 14.0003 14.0003 11.8841 11.8841 11.8841 11.8841 11.8841 11.8841 11.8841 9.4355 9.4355 9.4355 9.4355 9.4355 9.4355 9.4355 7.0307 30.2731 30.2731 106.3572 7.5875 
fb1 = -0.3339 -0.3382 -0.3382 -0.3382 -0.3382 -0.3382 -0.3382 -0.3382 -0.3409 -0.3409 -0.3409 -0.3409 -0.3409 -0.3409 -0.3409 -0.3440 -0.3440 -0.3440 -0.3440 -0.3440 -0.3440 -0.3440 -0.3471 -0.1212 -0.1212 0.1479 -0.1491 
fb2 = -0.3334 -0.3379 -0.3379 -0.3379 -0.3379 -0.3379 -0.3379 -0.3379 -0.3406 -0.3406 -0.3406 -0.3406 -0.3406 -0.3406 -0.3406 -0.3438 -0.3438 -0.3438 -0.3438 -0.3438 -0.3438 -0.3438 -0.3469 -0.1206 -0.1206 0.1499 -0.1490 
fb3 = -0.3334 -0.3379 -0.3379 -0.3379 -0.3379 -0.3379 -0.3379 -0.3379 -0.3406 -0.3406 -0.3406 -0.3406 -0.3406 -0.3406 -0.3406 -0.3438 -0.3438 -0.3438 -0.3438 -0.3438 -0.3438 -0.3438 -0.3469 -0.1206 -0.1206 0.1500 -0.1490 
fb4 = -0.3330 -0.3375 -0.3375 -0.3375 -0.3375 -0.3375 -0.3375 -0.3375 -0.3403 -0.3403 -0.3403 -0.3403 -0.3403 -0.3403 -0.3403 -0.3435 -0.3435 -0.3435 -0.3435 -0.3435 -0.3435 -0.3435 -0.3467 -0.1200 -0.1200 0.1520 -0.1488 
I = 14.9000 9.4000 9.4000 9.4000 9.4000 9.4000 9.4000 9.4000 6.0000 6.0000 6.0000 6.0000 6.0000 6.0000 6.0000 2.0000 2.0000 2.0000 2.0000 2.0000 2.0000 2.0000 -2.0000 24.0000 24.0000 10.0000 -11.0000 
S1 = 0.0000 0.0000 0.0000 0.0000 0.0000 0.0000 0.0000 0.0000 0.0000 0.0000 0.0000 0.0000 0.0000 0.0000 0.0000 0.0000 0.0000 0.0000 0.0000 0.0000 0.0000 0.0000 0.0000 0.0000 0.0000 0.0000 0.0000 
S2 = 0.0000 0.0000 0.0000 0.0000 0.0000 0.0000 0.0000 0.0000 0.0000 0.0000 0.0000 0.0000 0.0000 0.0000 0.0000 0.0000 0.0000 0.0000 0.0000 0.0000 0.0000 0.0000 0.0000 0.0000 0.0000 0.0000 0.0000 
u = 9.9102 9.9095 9.9095 9.9095 9.9095 9.9095 9.9095 9.9095 9.9092 9.9092 9.9092 9.9092 9.9092 9.9092 9.9092 9.9087 9.9087 9.9087 9.9087 9.9087 9.9087 9.9087 9.9082 9.9640 9.9640 10.0289 9.9600 
v = 15.8476 14.7185 14.7185 14.7185 14.7185 14.7185 14.7185 14.7185 14.0249 14.0249 14.0249 14.0249 14.0249 14.0249 14.0249 13.2131 13.2131 13.2131 13.2131 13.2131 13.2131 13.2131 12.4057 19.8314 19.8314 88.1546 12.6014 
