ExternalI = 5.5000 0.0000 0.0000 0.0000 0.0000 0.0000 0.0000 0.0000 4.0000 4.0000 4.0000 4.0000 4.0000 4.0000 4.0000 0.0000 0.0000 0.0000 0.0000 0.0000 0.0000 0.0000 0.0000 8.0000 8.0000 0.0000 0.0000 
before u = 9.9102 9.9095 9.9095 9.9095 9.9095 9.9095 9.9095 9.9095 9.9092 9.9092 9.9092 9.9092 9.9092 9.9092 9.9092 9.9087 9.9087 9.9087 9.9087 9.9087 9.9087 9.9087 9.9082 9.9640 9.9640 10.0289 9.9600 
before v = 15.8476 14.7185 14.7185 14.7185 14.7185 14.7185 14.7185 14.7185 14.0249 14.0249 14.0249 14.0249 14.0249 14.0249 14.0249 13.2131 13.2131 13.2131 13.2131 13.2131 13.2131 13.2131 12.4057 19.8314 19.8314 88.1546 12.6014 
Ibias = 9.4000 9.4000 9.4000 9.4000 9.4000 9.4000 9.4000 9.4000 2.0000 2.0000 2.0000 2.0000 2.0000 2.0000 2.0000 2.0000 2.0000 2.0000 2.0000 2.0000 2.0000 2.0000 -2.0000 16.0000 16.0000 10.0000 -11.0000 
fa1 = 17.4930 14.0003 14.0003 14.0003 14.0003 14.0003 14.0003 14.0003 11.8841 11.8841 11.8841 11.8841 11.8841 11.8841 11.8841 9.4355 9.4355 9.4355 9.4355 9.4355 9.4355 9.4355 7.0307 30.2731 30.2731 106.3569 7.5875 
fa2 = 17.3434 13.8746 13.8746 13.8746 13.8746 13.8746 13.8746 13.8746 11.7743 11.7743 11.7743 11.7743 11.7743 11.7743 11.7743 9.3457 9.3457 9.3457 9.3457 9.3457 9.3457 9.3457 6.9619 30.0607 30.0607 108.5224 7.5128 
fa3 = 17.3447 13.8758 13.8758 13.8758 13.8758 13.8758 13.8758 13.8758 11.7754 11.7754 11.7754 11.7754 11.7754 11.7754 11.7754 9.3465 9.3465 9.3465 9.3465 9.3465 9.3465 9.3465 6.9626 30.0622 30.0622 108.5667 7.5135 
fa4 = 17.1971 13.7516 13.7516 13.7516 13.7516 13.7516 13.7516 13.7516 11.6669 11.6669 11.6669 11.6669 11.6669 11.6669 11.6669 9.2577 9.2577 9.2577 9.2577 9.2577 9.2577 9.2577 6.8946 29.8530 29.8530 110.8020 7.4396 
fb1 = -0.3330 -0.3375 -0.3375 -0.3375 -0.3375 -0.3375 -0.3375 -0.3375 -0.3403 -0.3403 -0.3403 -0.3403 -0.3403 -0.3403 -0.3403 -0.3435 -0.3435 -0.3435 -0.3435 -0.3435 -0.3435 -0.3435 -0.3467 -0.1200 -0.1200 0.1520 -0.1488 
fb2 = -0.3326 -0.3372 -0.3372 -0.3372 -0.3372 -0.3372 -0.3372 -0.3372 -0.3400 -0.3400 -0.3400 -0.3400 -0.3400 -0.3400 -0.3400 -0.3432 -0.3432 -0.3432 -0.3432 -0.3432 -0.3432 -0.3432 -0.3465 -0.1193 -0.1193 0.1542 -0.1486 
fb3 = -0.3326 -0.3372 -0.3372 -0.3372 -0.3372 -0.3372 -0.3372 -0.3372 -0.3400 -0.3400 -0.3400 -0.3400 -0.3400 -0.3400 -0.3400 -0.3432 -0.3432 -0.3432 -0.3432 -0.3432 -0.3432 -0.3432 -0.3465 -0.1193 -0.1193 0.1542 -0.1486 
fb4 = -0.3322 -0.3368 -0.3368 -0.3368 -0.3368 -0.3368 -0.3368 -0.3368 -0.3397 -0.3397 -0.3397 -0.3397 -0.3397 -0.3397 -0.3397 -0.3430 -0.3430 -0.3430 -0.3430 -0.3430 -0.3430 -0.3430 -0.3463 -0.1187 -0.1187 0.1564 -0.1485 
I = 14.9000 9.4000 9.4000 9.4000 9.4000 9.4000 9.4000 9.4000 6.0000 6.0000 6.0000 6.0000 6.0000 6.0000 6.0000 2.0000 2.0000 2.0000 2.0000 2.0000 2.0000 2.0000 -2.0000 24.0000 24.0000 10.0000 -11.0000 
S1 = 0.0000 0.0000 0.0000 0.0000 0.0000 0.0000 0.0000 0.0000 0.0000 0.0000 0.0000 0.0000 0.0000 0.0000 0.0000 0.0000 0.0000 0.0000 0.0000 0.0000 0.0000 0.0000 0.0000 0.0000 0.0000 0.0000 0.0000 
S2 = 0.0000 0.0000 0.0000 0.0000 0.0000 0.0000 0.0000 0.0000 0.0000 0.0000 0.0000 0.0000 0.0000 0.0000 0.0000 0.0000 0.0000 0.0000 0.0000 0.0000 0.0000 0.0000 0.0000 0.0000 0.0000 0.0000 0.0000 
u = 9.9068 9.9062 9.9062 9.9062 9.9062 9.9062 9.9062 9.9062 9.9058 9.9058 9.9058 9.9058 9.9058 9.9058 9.9058 9.9053 9.9053 9.9053 9.9053 9.9053 9.9053 9.9053 9.9048 9.9628 9.9628 10.0304 9.9585 
v = 16.0210 14.8573 14.8573 14.8573 14.8573 14.8573 14.8573 14.8573 14.1426 14.1426 14.1426 14.1426 14.1426 14.1426 14.1426 13.3065 13.3065 13.3065 13.3065 13.3065 13.3065 13.3065 12.4753 20.1321 20.1321 89.2402 12.6766 
