ExternalI = 5.5000 0.0000 0.0000 0.0000 0.0000 0.0000 0.0000 0.0000 4.0000 4.0000 4.0000 4.0000 4.0000 4.0000 4.0000 0.0000 0.0000 0.0000 0.0000 0.0000 0.0000 0.0000 0.0000 8.0000 8.0000 0.0000 0.0000 
before u = 9.9068 9.9062 9.9062 9.9062 9.9062 9.9062 9.9062 9.9062 9.9058 9.9058 9.9058 9.9058 9.9058 9.9058 9.9058 9.9053 9.9053 9.9053 9.9053 9.9053 9.9053 9.9053 9.9048 9.9628 9.9628 10.0304 9.9585 
before v = 16.0210 14.8573 14.8573 14.8573 14.8573 14.8573 14.8573 14.8573 14.1426 14.1426 14.1426 14.1426 14.1426 14.1426 14.1426 13.3065 13.3065 13.3065 13.3065 13.3065 13.3065 13.3065 12.4753 20.1321 20.1321 89.2402 12.6766 
Ibias = 9.4000 9.4000 9.4000 9.4000 9.4000 9.4000 9.4000 9.4000 2.0000 2.0000 2.0000 2.0000 2.0000 2.0000 2.0000 2.0000 2.0000 2.0000 2.0000 2.0000 2.0000 2.0000 -2.0000 16.0000 16.0000 10.0000 -11.0000 
fa1 = 17.1971 13.7516 13.7516 13.7516 13.7516 13.7516 13.7516 13.7516 11.6669 11.6669 11.6669 11.6669 11.6669 11.6669 11.6669 9.2577 9.2577 9.2577 9.2577 9.2577 9.2577 9.2577 6.8946 29.8530 29.8530 110.8015 7.4396 
fa2 = 17.0513 13.6289 13.6289 13.6289 13.6289 13.6289 13.6289 13.6289 11.5597 11.5597 11.5597 11.5597 11.5597 11.5597 11.5597 9.1699 9.1699 9.1699 9.1699 9.1699 9.1699 9.1699 6.8273 29.6471 29.6471 113.1062 7.3665 
fa3 = 17.0525 13.6300 13.6300 13.6300 13.6300 13.6300 13.6300 13.6300 11.5607 11.5607 11.5607 11.5607 11.5607 11.5607 11.5607 9.1708 9.1708 9.1708 9.1708 9.1708 9.1708 9.1708 6.8280 29.6485 29.6485 113.1544 7.3672 
fa4 = 16.9085 13.5088 13.5088 13.5088 13.5088 13.5088 13.5088 13.5088 11.4548 11.4548 11.4548 11.4548 11.4548 11.4548 11.4548 9.0840 9.0840 9.0840 9.0840 9.0840 9.0840 9.0840 6.7615 29.4458 29.4458 115.5349 7.2950 
fb1 = -0.3322 -0.3368 -0.3368 -0.3368 -0.3368 -0.3368 -0.3368 -0.3368 -0.3397 -0.3397 -0.3397 -0.3397 -0.3397 -0.3397 -0.3397 -0.3430 -0.3430 -0.3430 -0.3430 -0.3430 -0.3430 -0.3430 -0.3463 -0.1187 -0.1187 0.1564 -0.1485 
fb2 = -0.3318 -0.3365 -0.3365 -0.3365 -0.3365 -0.3365 -0.3365 -0.3365 -0.3394 -0.3394 -0.3394 -0.3394 -0.3394 -0.3394 -0.3394 -0.3427 -0.3427 -0.3427 -0.3427 -0.3427 -0.3427 -0.3427 -0.3461 -0.1181 -0.1181 0.1586 -0.1483 
fb3 = -0.3318 -0.3365 -0.3365 -0.3365 -0.3365 -0.3365 -0.3365 -0.3365 -0.3394 -0.3394 -0.3394 -0.3394 -0.3394 -0.3394 -0.3394 -0.3427 -0.3427 -0.3427 -0.3427 -0.3427 -0.3427 -0.3427 -0.3461 -0.1181 -0.1181 0.1586 -0.1483 
fb4 = -0.3314 -0.3361 -0.3361 -0.3361 -0.3361 -0.3361 -0.3361 -0.3361 -0.3391 -0.3391 -0.3391 -0.3391 -0.3391 -0.3391 -0.3391 -0.3425 -0.3425 -0.3425 -0.3425 -0.3425 -0.3425 -0.3425 -0.3459 -0.1175 -0.1175 0.1608 -0.1481 
I = 14.9000 9.4000 9.4000 9.4000 9.4000 9.4000 9.4000 9.4000 6.0000 6.0000 6.0000 6.0000 6.0000 6.0000 6.0000 2.0000 2.0000 2.0000 2.0000 2.0000 2.0000 2.0000 -2.0000 24.0000 24.0000 10.0000 -11.0000 
S1 = 0.0000 0.0000 0.0000 0.0000 0.0000 0.0000 0.0000 0.0000 0.0000 0.0000 0.0000 0.0000 0.0000 0.0000 0.0000 0.0000 0.0000 0.0000 0.0000 0.0000 0.0000 0.0000 0.0000 0.0000 0.0000 0.0000 0.0000 
S2 = 0.0000 0.0000 0.0000 0.0000 0.0000 0.0000 0.0000 0.0000 0.0000 0.0000 0.0000 0.0000 0.0000 0.0000 0.0000 0.0000 0.0000 0.0000 0.0000 0.0000 0.0000 0.0000 0.0000 0.0000 0.0000 0.0000 0.0000 
u = 9.9035 9.9028 9.9028 9.9028 9.9028 9.9028 9.9028 9.9028 9.9024 9.9024 9.9024 9.9024 9.9024 9.9024 9.9024 9.9018 9.9018 9.9018 9.9018 9.9018 9.9018 9.9018 9.9013 9.9616 9.9616 10.0320 9.9570 
v = 16.1915 14.9936 14.9936 14.9936 14.9936 14.9936 14.9936 14.9936 14.2582 14.2582 14.2582 14.2582 14.2582 14.2582 14.2582 13.3982 13.3982 13.3982 13.3982 13.3982 13.3982 13.3982 12.5436 20.4285 20.4285 90.3716 12.7503 
