ExternalI = 5.5000 0.0000 0.0000 0.0000 0.0000 0.0000 0.0000 0.0000 4.0000 4.0000 4.0000 4.0000 4.0000 4.0000 4.0000 0.0000 0.0000 0.0000 0.0000 0.0000 0.0000 0.0000 0.0000 8.0000 8.0000 0.0000 0.0000 
before u = 9.9928 9.9928 9.9928 9.9928 9.9928 9.9928 9.9928 9.9928 9.9928 9.9928 9.9928 9.9928 9.9928 9.9928 9.9928 9.9928 9.9928 9.9928 9.9928 9.9928 9.9928 9.9928 9.9928 9.9968 9.9968 10.0016 9.9968 
before v = 10.5656 10.4580 10.4580 10.4580 10.4580 10.4580 10.4580 10.4580 10.3914 10.3914 10.3914 10.3914 10.3914 10.3914 10.3914 10.3132 10.3132 10.3132 10.3132 10.3132 10.3132 10.3132 10.2349 10.9395 10.9395 70.9446 10.2544 
Ibias = 9.4000 9.4000 9.4000 9.4000 9.4000 9.4000 9.4000 9.4000 2.0000 2.0000 2.0000 2.0000 2.0000 2.0000 2.0000 2.0000 2.0000 2.0000 2.0000 2.0000 2.0000 2.0000 -2.0000 16.0000 16.0000 10.0000 -11.0000 
fa1 = 27.6756 22.4080 22.4080 22.4080 22.4080 22.4080 22.4080 22.4080 19.1521 19.1521 19.1521 19.1521 19.1521 19.1521 19.1521 15.3222 15.3222 15.3222 15.3222 15.3222 15.3222 15.3222 11.4927 45.9717 45.9717 48.4899 12.4461 
fa2 = 27.3800 22.1679 22.1679 22.1679 22.1679 22.1679 22.1679 22.1679 18.9466 18.9466 18.9466 18.9466 18.9466 18.9466 18.9466 15.1576 15.1576 15.1576 15.1576 15.1576 15.1576 15.1576 11.3692 45.4861 45.4861 49.1405 12.3114 
fa3 = 27.3831 22.1705 22.1705 22.1705 22.1705 22.1705 22.1705 22.1705 18.9488 18.9488 18.9488 18.9488 18.9488 18.9488 18.9488 15.1593 15.1593 15.1593 15.1593 15.1593 15.1593 15.1593 11.3706 45.4913 45.4913 49.1493 12.3128 
fa4 = 27.0921 21.9339 21.9339 21.9339 21.9339 21.9339 21.9339 21.9339 18.7462 18.7462 18.7462 18.7462 18.7462 18.7462 18.7462 14.9969 14.9969 14.9969 14.9969 14.9969 14.9969 14.9969 11.2487 45.0149 45.0149 49.8137 12.1799 
fb1 = -0.3575 -0.3579 -0.3579 -0.3579 -0.3579 -0.3579 -0.3579 -0.3579 -0.3581 -0.3581 -0.3581 -0.3581 -0.3581 -0.3581 -0.3581 -0.3585 -0.3585 -0.3585 -0.3585 -0.3585 -0.3585 -0.3585 -0.3588 -0.1562 -0.1562 0.0837 -0.1589 
fb2 = -0.3568 -0.3574 -0.3574 -0.3574 -0.3574 -0.3574 -0.3574 -0.3574 -0.3577 -0.3577 -0.3577 -0.3577 -0.3577 -0.3577 -0.3577 -0.3581 -0.3581 -0.3581 -0.3581 -0.3581 -0.3581 -0.3581 -0.3585 -0.1552 -0.1552 0.0847 -0.1587 
fb3 = -0.3568 -0.3574 -0.3574 -0.3574 -0.3574 -0.3574 -0.3574 -0.3574 -0.3577 -0.3577 -0.3577 -0.3577 -0.3577 -0.3577 -0.3577 -0.3581 -0.3581 -0.3581 -0.3581 -0.3581 -0.3581 -0.3581 -0.3585 -0.1553 -0.1553 0.0847 -0.1587 
fb4 = -0.3562 -0.3569 -0.3569 -0.3569 -0.3569 -0.3569 -0.3569 -0.3569 -0.3572 -0.3572 -0.3572 -0.3572 -0.3572 -0.3572 -0.3572 -0.3577 -0.3577 -0.3577 -0.3577 -0.3577 -0.3577 -0.3577 -0.3582 -0.1543 -0.1543 0.0857 -0.1584 
I = 14.9000 9.4000 9.4000 9.4000 9.4000 9.4000 9.4000 9.4000 6.0000 6.0000 6.0000 6.0000 6.0000 6.0000 6.0000 2.0000 2.0000 2.0000 2.0000 2.0000 2.0000 2.0000 -2.0000 24.0000 24.0000 10.0000 -11.0000 
S1 = 0.0000 0.0000 0.0000 0.0000 0.0000 0.0000 0.0000 0.0000 0.0000 0.0000 0.0000 0.0000 0.0000 0.0000 0.0000 0.0000 0.0000 0.0000 0.0000 0.0000 0.0000 0.0000 0.0000 0.0000 0.0000 0.0000 0.0000 
S2 = 0.0000 0.0000 0.0000 0.0000 0.0000 0.0000 0.0000 0.0000 0.0000 0.0000 0.0000 0.0000 0.0000 0.0000 0.0000 0.0000 0.0000 0.0000 0.0000 0.0000 0.0000 0.0000 0.0000 0.0000 0.0000 0.0000 0.0000 
u = 9.9893 9.9892 9.9892 9.9892 9.9892 9.9892 9.9892 9.9892 9.9892 9.9892 9.9892 9.9892 9.9892 9.9892 9.9892 9.9892 9.9892 9.9892 9.9892 9.9892 9.9892 9.9892 9.9892 9.9953 9.9953 10.0025 9.9952 
v = 10.8394 10.6797 10.6797 10.6797 10.6797 10.6797 10.6797 10.6797 10.5809 10.5809 10.5809 10.5809 10.5809 10.5809 10.5809 10.4647 10.4647 10.4647 10.4647 10.4647 10.4647 10.4647 10.3486 11.3944 11.3944 71.4360 10.3775 
