ExternalI = 5.5000 0.0000 0.0000 0.0000 0.0000 0.0000 0.0000 0.0000 4.0000 4.0000 4.0000 4.0000 4.0000 4.0000 4.0000 0.0000 0.0000 0.0000 0.0000 0.0000 0.0000 0.0000 0.0000 8.0000 8.0000 0.0000 0.0000 
before u = 9.8969 9.8961 9.8961 9.8961 9.8961 9.8961 9.8961 9.8961 9.8956 9.8956 9.8956 9.8956 9.8956 9.8956 9.8956 9.8950 9.8950 9.8950 9.8950 9.8950 9.8950 9.8950 9.8944 9.9593 9.9593 10.0353 9.9541 
before v = 16.5241 15.2590 15.2590 15.2590 15.2590 15.2590 15.2590 15.2590 14.4832 14.4832 14.4832 14.4832 14.4832 14.4832 14.4832 13.5765 13.5765 13.5765 13.5765 13.5765 13.5765 13.5765 12.6763 21.0096 21.0096 92.7844 12.8933 
Ibias = 9.4000 9.4000 9.4000 9.4000 9.4000 9.4000 9.4000 9.4000 2.0000 2.0000 2.0000 2.0000 2.0000 2.0000 2.0000 2.0000 2.0000 2.0000 2.0000 2.0000 2.0000 2.0000 -2.0000 16.0000 16.0000 10.0000 -11.0000 
fa1 = 16.3527 13.0404 13.0404 13.0404 13.0404 13.0404 13.0404 13.0404 11.0453 11.0453 11.0453 11.0453 11.0453 11.0453 11.0453 8.7483 8.7483 8.7483 8.7483 8.7483 8.7483 8.7483 6.5043 28.6680 28.6680 125.9693 7.0155 
fa2 = 16.2174 12.9262 12.9262 12.9262 12.9262 12.9262 12.9262 12.9262 10.9454 10.9454 10.9454 10.9454 10.9454 10.9454 10.9454 8.6664 8.6664 8.6664 8.6664 8.6664 8.6664 8.6664 6.4415 28.4803 28.4803 128.7699 6.9472 
fa3 = 16.2185 12.9272 12.9272 12.9272 12.9272 12.9272 12.9272 12.9272 10.9463 10.9463 10.9463 10.9463 10.9463 10.9463 10.9463 8.6672 8.6672 8.6672 8.6672 8.6672 8.6672 8.6672 6.4421 28.4815 28.4815 128.8326 6.9479 
fa4 = 16.0848 12.8144 12.8144 12.8144 12.8144 12.8144 12.8144 12.8144 10.8476 10.8476 10.8476 10.8476 10.8476 10.8476 10.8476 8.5861 8.5861 8.5861 8.5861 8.5861 8.5861 8.5861 6.3800 28.2967 28.2967 131.7319 6.8804 
fb1 = -0.3298 -0.3348 -0.3348 -0.3348 -0.3348 -0.3348 -0.3348 -0.3348 -0.3379 -0.3379 -0.3379 -0.3379 -0.3379 -0.3379 -0.3379 -0.3415 -0.3415 -0.3415 -0.3415 -0.3415 -0.3415 -0.3415 -0.3451 -0.1151 -0.1151 0.1704 -0.1475 
fb2 = -0.3294 -0.3345 -0.3345 -0.3345 -0.3345 -0.3345 -0.3345 -0.3345 -0.3376 -0.3376 -0.3376 -0.3376 -0.3376 -0.3376 -0.3376 -0.3413 -0.3413 -0.3413 -0.3413 -0.3413 -0.3413 -0.3413 -0.3449 -0.1146 -0.1146 0.1729 -0.1474 
fb3 = -0.3294 -0.3345 -0.3345 -0.3345 -0.3345 -0.3345 -0.3345 -0.3345 -0.3376 -0.3376 -0.3376 -0.3376 -0.3376 -0.3376 -0.3376 -0.3413 -0.3413 -0.3413 -0.3413 -0.3413 -0.3413 -0.3413 -0.3449 -0.1146 -0.1146 0.1730 -0.1474 
fb4 = -0.3290 -0.3342 -0.3342 -0.3342 -0.3342 -0.3342 -0.3342 -0.3342 -0.3373 -0.3373 -0.3373 -0.3373 -0.3373 -0.3373 -0.3373 -0.3410 -0.3410 -0.3410 -0.3410 -0.3410 -0.3410 -0.3410 -0.3447 -0.1140 -0.1140 0.1756 -0.1472 
I = 14.9000 9.4000 9.4000 9.4000 9.4000 9.4000 9.4000 9.4000 6.0000 6.0000 6.0000 6.0000 6.0000 6.0000 6.0000 2.0000 2.0000 2.0000 2.0000 2.0000 2.0000 2.0000 -2.0000 24.0000 24.0000 10.0000 -11.0000 
S1 = 0.0000 0.0000 0.0000 0.0000 0.0000 0.0000 0.0000 0.0000 0.0000 0.0000 0.0000 0.0000 0.0000 0.0000 0.0000 0.0000 0.0000 0.0000 0.0000 0.0000 0.0000 0.0000 0.0000 0.0000 0.0000 0.0000 0.0000 
S2 = 0.0000 0.0000 0.0000 0.0000 0.0000 0.0000 0.0000 0.0000 0.0000 0.0000 0.0000 0.0000 0.0000 0.0000 0.0000 0.0000 0.0000 0.0000 0.0000 0.0000 0.0000 0.0000 0.0000 0.0000 0.0000 0.0000 0.0000 
u = 9.8936 9.8927 9.8927 9.8927 9.8927 9.8927 9.8927 9.8927 9.8922 9.8922 9.8922 9.8922 9.8922 9.8922 9.8922 9.8916 9.8916 9.8916 9.8916 9.8916 9.8916 9.8916 9.8910 9.9582 9.9582 10.0370 9.9526 
v = 16.6863 15.3883 15.3883 15.3883 15.3883 15.3883 15.3883 15.3883 14.5927 14.5927 14.5927 14.5927 14.5927 14.5927 14.5927 13.6632 13.6632 13.6632 13.6632 13.6632 13.6632 13.6632 12.7407 21.2944 21.2944 94.0726 12.9628 
