ExternalI = 5.5000 0.0000 0.0000 0.0000 0.0000 0.0000 0.0000 0.0000 4.0000 4.0000 4.0000 4.0000 4.0000 4.0000 4.0000 0.0000 0.0000 0.0000 0.0000 0.0000 0.0000 0.0000 0.0000 8.0000 8.0000 0.0000 0.0000 
before u = 9.8936 9.8927 9.8927 9.8927 9.8927 9.8927 9.8927 9.8927 9.8922 9.8922 9.8922 9.8922 9.8922 9.8922 9.8922 9.8916 9.8916 9.8916 9.8916 9.8916 9.8916 9.8916 9.8910 9.9582 9.9582 10.0370 9.9526 
before v = 16.6863 15.3883 15.3883 15.3883 15.3883 15.3883 15.3883 15.3883 14.5927 14.5927 14.5927 14.5927 14.5927 14.5927 14.5927 13.6632 13.6632 13.6632 13.6632 13.6632 13.6632 13.6632 12.7407 21.2944 21.2944 94.0726 12.9628 
Ibias = 9.4000 9.4000 9.4000 9.4000 9.4000 9.4000 9.4000 9.4000 2.0000 2.0000 2.0000 2.0000 2.0000 2.0000 2.0000 2.0000 2.0000 2.0000 2.0000 2.0000 2.0000 2.0000 -2.0000 16.0000 16.0000 10.0000 -11.0000 
fa1 = 16.0848 12.8144 12.8144 12.8144 12.8144 12.8144 12.8144 12.8144 10.8476 10.8476 10.8476 10.8476 10.8476 10.8476 10.8476 8.5862 8.5862 8.5862 8.5862 8.5862 8.5862 8.5862 6.3800 28.2967 28.2967 131.7312 6.8804 
fa2 = 15.9528 12.7029 12.7029 12.7029 12.7029 12.7029 12.7029 12.7029 10.7500 10.7500 10.7500 10.7500 10.7500 10.7500 10.7500 8.5061 8.5061 8.5061 8.5061 8.5061 8.5061 8.5061 6.3186 28.1146 28.1146 134.7286 6.8136 
fa3 = 15.9539 12.7038 12.7038 12.7038 12.7038 12.7038 12.7038 12.7038 10.7509 10.7509 10.7509 10.7509 10.7509 10.7509 10.7509 8.5068 8.5068 8.5068 8.5068 8.5068 8.5068 8.5068 6.3192 28.1158 28.1158 134.7972 6.8143 
fa4 = 15.8235 12.5936 12.5936 12.5936 12.5936 12.5936 12.5936 12.5936 10.6544 10.6544 10.6544 10.6544 10.6544 10.6544 10.6544 8.4276 8.4276 8.4276 8.4276 8.4276 8.4276 8.4276 6.2585 27.9365 27.9365 137.9027 6.7483 
fb1 = -0.3290 -0.3342 -0.3342 -0.3342 -0.3342 -0.3342 -0.3342 -0.3342 -0.3373 -0.3373 -0.3373 -0.3373 -0.3373 -0.3373 -0.3373 -0.3410 -0.3410 -0.3410 -0.3410 -0.3410 -0.3410 -0.3410 -0.3447 -0.1140 -0.1140 0.1755 -0.1472 
fb2 = -0.3286 -0.3338 -0.3338 -0.3338 -0.3338 -0.3338 -0.3338 -0.3338 -0.3370 -0.3370 -0.3370 -0.3370 -0.3370 -0.3370 -0.3370 -0.3408 -0.3408 -0.3408 -0.3408 -0.3408 -0.3408 -0.3408 -0.3445 -0.1134 -0.1134 0.1782 -0.1470 
fb3 = -0.3286 -0.3338 -0.3338 -0.3338 -0.3338 -0.3338 -0.3338 -0.3338 -0.3370 -0.3370 -0.3370 -0.3370 -0.3370 -0.3370 -0.3370 -0.3408 -0.3408 -0.3408 -0.3408 -0.3408 -0.3408 -0.3408 -0.3445 -0.1134 -0.1134 0.1782 -0.1470 
fb4 = -0.3282 -0.3335 -0.3335 -0.3335 -0.3335 -0.3335 -0.3335 -0.3335 -0.3368 -0.3368 -0.3368 -0.3368 -0.3368 -0.3368 -0.3368 -0.3405 -0.3405 -0.3405 -0.3405 -0.3405 -0.3405 -0.3405 -0.3443 -0.1128 -0.1128 0.1809 -0.1469 
I = 14.9000 9.4000 9.4000 9.4000 9.4000 9.4000 9.4000 9.4000 6.0000 6.0000 6.0000 6.0000 6.0000 6.0000 6.0000 2.0000 2.0000 2.0000 2.0000 2.0000 2.0000 2.0000 -2.0000 24.0000 24.0000 10.0000 -11.0000 
S1 = 0.0000 0.0000 0.0000 0.0000 0.0000 0.0000 0.0000 0.0000 0.0000 0.0000 0.0000 0.0000 0.0000 0.0000 0.0000 0.0000 0.0000 0.0000 0.0000 0.0000 0.0000 0.0000 0.0000 0.0000 0.0000 0.0000 0.0000 
S2 = 0.0000 0.0000 0.0000 0.0000 0.0000 0.0000 0.0000 0.0000 0.0000 0.0000 0.0000 0.0000 0.0000 0.0000 0.0000 0.0000 0.0000 0.0000 0.0000 0.0000 0.0000 0.0000 0.0000 0.0000 0.0000 0.0000 0.0000 
u = 9.8903 9.8894 9.8894 9.8894 9.8894 9.8894 9.8894 9.8894 9.8888 9.8888 9.8888 9.8888 9.8888 9.8888 9.8888 9.8882 9.8882 9.8882 9.8882 9.8882 9.8882 9.8882 9.8875 9.9570 9.9570 10.0388 9.9511 
v = 16.8458 15.5153 15.5153 15.5153 15.5153 15.5153 15.5153 15.5153 14.7002 14.7002 14.7002 14.7002 14.7002 14.7002 14.7002 13.7483 13.7483 13.7483 13.7483 13.7483 13.7483 13.7483 12.8039 21.5756 21.5756 95.4204 13.0310 
