ExternalI = 5.5000 0.0000 0.0000 0.0000 0.0000 0.0000 0.0000 0.0000 4.0000 4.0000 4.0000 4.0000 4.0000 4.0000 4.0000 0.0000 0.0000 0.0000 0.0000 0.0000 0.0000 0.0000 0.0000 8.0000 8.0000 0.0000 0.0000 
before u = 9.8903 9.8894 9.8894 9.8894 9.8894 9.8894 9.8894 9.8894 9.8888 9.8888 9.8888 9.8888 9.8888 9.8888 9.8888 9.8882 9.8882 9.8882 9.8882 9.8882 9.8882 9.8882 9.8875 9.9570 9.9570 10.0388 9.9511 
before v = 16.8458 15.5153 15.5153 15.5153 15.5153 15.5153 15.5153 15.5153 14.7002 14.7002 14.7002 14.7002 14.7002 14.7002 14.7002 13.7483 13.7483 13.7483 13.7483 13.7483 13.7483 13.7483 12.8039 21.5756 21.5756 95.4204 13.0310 
Ibias = 9.4000 9.4000 9.4000 9.4000 9.4000 9.4000 9.4000 9.4000 2.0000 2.0000 2.0000 2.0000 2.0000 2.0000 2.0000 2.0000 2.0000 2.0000 2.0000 2.0000 2.0000 2.0000 -2.0000 16.0000 16.0000 10.0000 -11.0000 
fa1 = 15.8235 12.5936 12.5936 12.5936 12.5936 12.5936 12.5936 12.5936 10.6544 10.6544 10.6544 10.6544 10.6544 10.6544 10.6544 8.4276 8.4276 8.4276 8.4276 8.4276 8.4276 8.4276 6.2585 27.9365 27.9365 137.9020 6.7483 
fa2 = 15.6947 12.4847 12.4847 12.4847 12.4847 12.4847 12.4847 12.4847 10.5591 10.5591 10.5591 10.5591 10.5591 10.5591 10.5591 8.3493 8.3493 8.3493 8.3493 8.3493 8.3493 8.3493 6.1984 27.7599 27.7599 141.1150 6.6830 
fa3 = 15.6957 12.4857 12.4857 12.4857 12.4857 12.4857 12.4857 12.4857 10.5599 10.5599 10.5599 10.5599 10.5599 10.5599 10.5599 8.3501 8.3501 8.3501 8.3501 8.3501 8.3501 8.3501 6.1990 27.7610 27.7610 141.1904 6.6836 
fa4 = 15.5684 12.3780 12.3780 12.3780 12.3780 12.3780 12.3780 12.3780 10.4656 10.4656 10.4656 10.4656 10.4656 10.4656 10.4656 8.2727 8.2727 8.2727 8.2727 8.2727 8.2727 8.2727 6.1396 27.5870 27.5870 144.5221 6.6191 
fb1 = -0.3282 -0.3335 -0.3335 -0.3335 -0.3335 -0.3335 -0.3335 -0.3335 -0.3368 -0.3368 -0.3368 -0.3368 -0.3368 -0.3368 -0.3368 -0.3405 -0.3405 -0.3405 -0.3405 -0.3405 -0.3405 -0.3405 -0.3443 -0.1128 -0.1128 0.1809 -0.1469 
fb2 = -0.3278 -0.3332 -0.3332 -0.3332 -0.3332 -0.3332 -0.3332 -0.3332 -0.3365 -0.3365 -0.3365 -0.3365 -0.3365 -0.3365 -0.3365 -0.3403 -0.3403 -0.3403 -0.3403 -0.3403 -0.3403 -0.3403 -0.3441 -0.1123 -0.1123 0.1836 -0.1467 
fb3 = -0.3279 -0.3332 -0.3332 -0.3332 -0.3332 -0.3332 -0.3332 -0.3332 -0.3365 -0.3365 -0.3365 -0.3365 -0.3365 -0.3365 -0.3365 -0.3403 -0.3403 -0.3403 -0.3403 -0.3403 -0.3403 -0.3403 -0.3441 -0.1123 -0.1123 0.1837 -0.1468 
fb4 = -0.3275 -0.3329 -0.3329 -0.3329 -0.3329 -0.3329 -0.3329 -0.3329 -0.3362 -0.3362 -0.3362 -0.3362 -0.3362 -0.3362 -0.3362 -0.3401 -0.3401 -0.3401 -0.3401 -0.3401 -0.3401 -0.3401 -0.3439 -0.1117 -0.1117 0.1865 -0.1466 
I = 14.9000 9.4000 9.4000 9.4000 9.4000 9.4000 9.4000 9.4000 6.0000 6.0000 6.0000 6.0000 6.0000 6.0000 6.0000 2.0000 2.0000 2.0000 2.0000 2.0000 2.0000 2.0000 -2.0000 24.0000 24.0000 10.0000 -11.0000 
S1 = 0.0000 0.0000 0.0000 0.0000 0.0000 0.0000 0.0000 0.0000 0.0000 0.0000 0.0000 0.0000 0.0000 0.0000 0.0000 0.0000 0.0000 0.0000 0.0000 0.0000 0.0000 0.0000 0.0000 0.0000 0.0000 0.0000 0.0000 
S2 = 0.0000 0.0000 0.0000 0.0000 0.0000 0.0000 0.0000 0.0000 0.0000 0.0000 0.0000 0.0000 0.0000 0.0000 0.0000 0.0000 0.0000 0.0000 0.0000 0.0000 0.0000 0.0000 0.0000 0.0000 0.0000 0.0000 0.0000 
u = 9.8871 9.8861 9.8861 9.8861 9.8861 9.8861 9.8861 9.8861 9.8855 9.8855 9.8855 9.8855 9.8855 9.8855 9.8855 9.8848 9.8848 9.8848 9.8848 9.8848 9.8848 9.8848 9.8841 9.9559 9.9559 10.0406 9.9496 
v = 17.0028 15.6402 15.6402 15.6402 15.6402 15.6402 15.6402 15.6402 14.8058 14.8058 14.8058 14.8058 14.8058 14.8058 14.8058 13.8318 13.8318 13.8318 13.8318 13.8318 13.8318 13.8318 12.8658 21.8532 21.8532 96.8321 13.0978 
