ExternalI = 5.5000 0.0000 0.0000 0.0000 0.0000 0.0000 0.0000 0.0000 4.0000 4.0000 4.0000 4.0000 4.0000 4.0000 4.0000 0.0000 0.0000 0.0000 0.0000 0.0000 0.0000 0.0000 0.0000 8.0000 8.0000 0.0000 0.0000 
before u = 9.8871 9.8861 9.8861 9.8861 9.8861 9.8861 9.8861 9.8861 9.8855 9.8855 9.8855 9.8855 9.8855 9.8855 9.8855 9.8848 9.8848 9.8848 9.8848 9.8848 9.8848 9.8848 9.8841 9.9559 9.9559 10.0406 9.9496 
before v = 17.0028 15.6402 15.6402 15.6402 15.6402 15.6402 15.6402 15.6402 14.8058 14.8058 14.8058 14.8058 14.8058 14.8058 14.8058 13.8318 13.8318 13.8318 13.8318 13.8318 13.8318 13.8318 12.8658 21.8532 21.8532 96.8321 13.0978 
Ibias = 9.4000 9.4000 9.4000 9.4000 9.4000 9.4000 9.4000 9.4000 2.0000 2.0000 2.0000 2.0000 2.0000 2.0000 2.0000 2.0000 2.0000 2.0000 2.0000 2.0000 2.0000 2.0000 -2.0000 16.0000 16.0000 10.0000 -11.0000 
fa1 = 15.5684 12.3780 12.3780 12.3780 12.3780 12.3780 12.3780 12.3780 10.4656 10.4656 10.4656 10.4656 10.4656 10.4656 10.4656 8.2727 8.2727 8.2727 8.2727 8.2727 8.2727 8.2727 6.1396 27.5870 27.5870 144.5213 6.6191 
fa2 = 15.4427 12.2716 12.2716 12.2716 12.2716 12.2716 12.2716 12.2716 10.3724 10.3724 10.3724 10.3724 10.3724 10.3724 10.3724 8.1961 8.1961 8.1961 8.1961 8.1961 8.1961 8.1961 6.0808 27.4157 27.4157 147.9711 6.5552 
fa3 = 15.4437 12.2725 12.2725 12.2725 12.2725 12.2725 12.2725 12.2725 10.3733 10.3733 10.3733 10.3733 10.3733 10.3733 10.3733 8.1968 8.1968 8.1968 8.1968 8.1968 8.1968 8.1968 6.0814 27.4167 27.4167 148.0540 6.5559 
fa4 = 15.3194 12.1673 12.1673 12.1673 12.1673 12.1673 12.1673 12.1673 10.2811 10.2811 10.2811 10.2811 10.2811 10.2811 10.2811 8.1211 8.1211 8.1211 8.1211 8.1211 8.1211 8.1211 6.0233 27.2479 27.2479 151.6346 6.4927 
fb1 = -0.3275 -0.3329 -0.3329 -0.3329 -0.3329 -0.3329 -0.3329 -0.3329 -0.3362 -0.3362 -0.3362 -0.3362 -0.3362 -0.3362 -0.3362 -0.3401 -0.3401 -0.3401 -0.3401 -0.3401 -0.3401 -0.3401 -0.3439 -0.1117 -0.1117 0.1865 -0.1466 
fb2 = -0.3271 -0.3326 -0.3326 -0.3326 -0.3326 -0.3326 -0.3326 -0.3326 -0.3359 -0.3359 -0.3359 -0.3359 -0.3359 -0.3359 -0.3359 -0.3398 -0.3398 -0.3398 -0.3398 -0.3398 -0.3398 -0.3398 -0.3437 -0.1111 -0.1111 0.1894 -0.1465 
fb3 = -0.3271 -0.3326 -0.3326 -0.3326 -0.3326 -0.3326 -0.3326 -0.3326 -0.3359 -0.3359 -0.3359 -0.3359 -0.3359 -0.3359 -0.3359 -0.3398 -0.3398 -0.3398 -0.3398 -0.3398 -0.3398 -0.3398 -0.3437 -0.1111 -0.1111 0.1895 -0.1465 
fb4 = -0.3267 -0.3323 -0.3323 -0.3323 -0.3323 -0.3323 -0.3323 -0.3323 -0.3356 -0.3356 -0.3356 -0.3356 -0.3356 -0.3356 -0.3356 -0.3396 -0.3396 -0.3396 -0.3396 -0.3396 -0.3396 -0.3396 -0.3435 -0.1106 -0.1106 0.1924 -0.1463 
I = 14.9000 9.4000 9.4000 9.4000 9.4000 9.4000 9.4000 9.4000 6.0000 6.0000 6.0000 6.0000 6.0000 6.0000 6.0000 2.0000 2.0000 2.0000 2.0000 2.0000 2.0000 2.0000 -2.0000 24.0000 24.0000 10.0000 -11.0000 
S1 = 0.0000 0.0000 0.0000 0.0000 0.0000 0.0000 0.0000 0.0000 0.0000 0.0000 0.0000 0.0000 0.0000 0.0000 0.0000 0.0000 0.0000 0.0000 0.0000 0.0000 0.0000 0.0000 0.0000 0.0000 0.0000 0.0000 0.0000 
S2 = 0.0000 0.0000 0.0000 0.0000 0.0000 0.0000 0.0000 0.0000 0.0000 0.0000 0.0000 0.0000 0.0000 0.0000 0.0000 0.0000 0.0000 0.0000 0.0000 0.0000 0.0000 0.0000 0.0000 0.0000 0.0000 0.0000 0.0000 
u = 9.8838 9.8828 9.8828 9.8828 9.8828 9.8828 9.8828 9.8828 9.8821 9.8821 9.8821 9.8821 9.8821 9.8821 9.8821 9.8814 9.8814 9.8814 9.8814 9.8814 9.8814 9.8814 9.8806 9.9548 9.9548 10.0425 9.9482 
v = 17.1572 15.7629 15.7629 15.7629 15.7629 15.7629 15.7629 15.7629 14.9095 14.9095 14.9095 14.9095 14.9095 14.9095 14.9095 13.9137 13.9137 13.9137 13.9137 13.9137 13.9137 13.9137 12.9267 22.1273 22.1273 98.3124 13.1633 
