ExternalI = 5.5000 0.0000 0.0000 0.0000 0.0000 0.0000 0.0000 0.0000 4.0000 4.0000 4.0000 4.0000 4.0000 4.0000 4.0000 0.0000 0.0000 0.0000 0.0000 0.0000 0.0000 0.0000 0.0000 8.0000 8.0000 0.0000 0.0000 
before u = 9.8838 9.8828 9.8828 9.8828 9.8828 9.8828 9.8828 9.8828 9.8821 9.8821 9.8821 9.8821 9.8821 9.8821 9.8821 9.8814 9.8814 9.8814 9.8814 9.8814 9.8814 9.8814 9.8806 9.9548 9.9548 10.0425 9.9482 
before v = 17.1572 15.7629 15.7629 15.7629 15.7629 15.7629 15.7629 15.7629 14.9095 14.9095 14.9095 14.9095 14.9095 14.9095 14.9095 13.9137 13.9137 13.9137 13.9137 13.9137 13.9137 13.9137 12.9267 22.1273 22.1273 98.3124 13.1633 
Ibias = 9.4000 9.4000 9.4000 9.4000 9.4000 9.4000 9.4000 9.4000 2.0000 2.0000 2.0000 2.0000 2.0000 2.0000 2.0000 2.0000 2.0000 2.0000 2.0000 2.0000 2.0000 2.0000 -2.0000 16.0000 16.0000 10.0000 -11.0000 
fa1 = 15.3194 12.1673 12.1673 12.1673 12.1673 12.1673 12.1673 12.1673 10.2811 10.2811 10.2811 10.2811 10.2811 10.2811 10.2811 8.1211 8.1211 8.1211 8.1211 8.1211 8.1211 8.1211 6.0233 27.2479 27.2479 151.6336 6.4927 
fa2 = 15.1966 12.0633 12.0633 12.0633 12.0633 12.0633 12.0633 12.0633 10.1900 10.1900 10.1900 10.1900 10.1900 10.1900 10.1900 8.0463 8.0463 8.0463 8.0463 8.0463 8.0463 8.0463 5.9659 27.0817 27.0817 155.3441 6.4303 
fa3 = 15.1976 12.0642 12.0642 12.0642 12.0642 12.0642 12.0642 12.0642 10.1908 10.1908 10.1908 10.1908 10.1908 10.1908 10.1908 8.0470 8.0470 8.0470 8.0470 8.0470 8.0470 8.0470 5.9664 27.0827 27.0827 155.4355 6.4309 
fa4 = 15.0763 11.9614 11.9614 11.9614 11.9614 11.9614 11.9614 11.9614 10.1007 10.1007 10.1007 10.1007 10.1007 10.1007 10.1007 7.9729 7.9729 7.9729 7.9729 7.9729 7.9729 7.9729 5.9096 26.9189 26.9189 159.2902 6.3692 
fb1 = -0.3267 -0.3323 -0.3323 -0.3323 -0.3323 -0.3323 -0.3323 -0.3323 -0.3356 -0.3356 -0.3356 -0.3356 -0.3356 -0.3356 -0.3356 -0.3396 -0.3396 -0.3396 -0.3396 -0.3396 -0.3396 -0.3396 -0.3435 -0.1106 -0.1106 0.1924 -0.1463 
fb2 = -0.3264 -0.3319 -0.3319 -0.3319 -0.3319 -0.3319 -0.3319 -0.3319 -0.3354 -0.3354 -0.3354 -0.3354 -0.3354 -0.3354 -0.3354 -0.3394 -0.3394 -0.3394 -0.3394 -0.3394 -0.3394 -0.3394 -0.3433 -0.1100 -0.1100 0.1954 -0.1462 
fb3 = -0.3264 -0.3320 -0.3320 -0.3320 -0.3320 -0.3320 -0.3320 -0.3320 -0.3354 -0.3354 -0.3354 -0.3354 -0.3354 -0.3354 -0.3354 -0.3394 -0.3394 -0.3394 -0.3394 -0.3394 -0.3394 -0.3394 -0.3433 -0.1100 -0.1100 0.1955 -0.1462 
fb4 = -0.3260 -0.3316 -0.3316 -0.3316 -0.3316 -0.3316 -0.3316 -0.3316 -0.3351 -0.3351 -0.3351 -0.3351 -0.3351 -0.3351 -0.3351 -0.3391 -0.3391 -0.3391 -0.3391 -0.3391 -0.3391 -0.3391 -0.3431 -0.1095 -0.1095 0.1986 -0.1460 
I = 14.9000 9.4000 9.4000 9.4000 9.4000 9.4000 9.4000 9.4000 6.0000 6.0000 6.0000 6.0000 6.0000 6.0000 6.0000 2.0000 2.0000 2.0000 2.0000 2.0000 2.0000 2.0000 -2.0000 24.0000 24.0000 10.0000 -11.0000 
S1 = 0.0000 0.0000 0.0000 0.0000 0.0000 0.0000 0.0000 0.0000 0.0000 0.0000 0.0000 0.0000 0.0000 0.0000 0.0000 0.0000 0.0000 0.0000 0.0000 0.0000 0.0000 0.0000 0.0000 0.0000 0.0000 0.0000 0.0000 
S2 = 0.0000 0.0000 0.0000 0.0000 0.0000 0.0000 0.0000 0.0000 0.0000 0.0000 0.0000 0.0000 0.0000 0.0000 0.0000 0.0000 0.0000 0.0000 0.0000 0.0000 0.0000 0.0000 0.0000 0.0000 0.0000 0.0000 0.0000 
u = 9.8805 9.8794 9.8794 9.8794 9.8794 9.8794 9.8794 9.8794 9.8788 9.8788 9.8788 9.8788 9.8788 9.8788 9.8788 9.8780 9.8780 9.8780 9.8780 9.8780 9.8780 9.8780 9.8772 9.9537 9.9537 10.0445 9.9467 
v = 17.3092 15.8835 15.8835 15.8835 15.8835 15.8835 15.8835 15.8835 15.0114 15.0114 15.0114 15.0114 15.0114 15.0114 15.0114 13.9942 13.9942 13.9942 13.9942 13.9942 13.9942 13.9942 12.9863 22.3982 22.3982 99.8666 13.2276 
