ExternalI = 5.5000 0.0000 0.0000 0.0000 0.0000 0.0000 0.0000 0.0000 4.0000 4.0000 4.0000 4.0000 4.0000 4.0000 4.0000 0.0000 0.0000 0.0000 0.0000 0.0000 0.0000 0.0000 0.0000 8.0000 8.0000 0.0000 0.0000 
before u = 9.8773 9.8761 9.8761 9.8761 9.8761 9.8761 9.8761 9.8761 9.8754 9.8754 9.8754 9.8754 9.8754 9.8754 9.8754 9.8746 9.8746 9.8746 9.8746 9.8746 9.8746 9.8746 9.8738 9.9526 9.9526 10.0465 9.9453 
before v = 17.4587 16.0021 16.0021 16.0021 16.0021 16.0021 16.0021 16.0021 15.1115 15.1115 15.1115 15.1115 15.1115 15.1115 15.1115 14.0732 14.0732 14.0732 14.0732 14.0732 14.0732 14.0732 13.0449 22.6658 22.6658 101.5002 13.2907 
Ibias = 9.4000 9.4000 9.4000 9.4000 9.4000 9.4000 9.4000 9.4000 2.0000 2.0000 2.0000 2.0000 2.0000 2.0000 2.0000 2.0000 2.0000 2.0000 2.0000 2.0000 2.0000 2.0000 -2.0000 16.0000 16.0000 10.0000 -11.0000 
fa1 = 14.8388 11.7602 11.7602 11.7602 11.7602 11.7602 11.7602 11.7602 9.9243 9.9243 9.9243 9.9243 9.9243 9.9243 9.9243 7.8280 7.8280 7.8280 7.8280 7.8280 7.8280 7.8280 5.7984 26.5996 26.5996 167.5446 6.2483 
fa2 = 14.7217 11.6609 11.6609 11.6609 11.6609 11.6609 11.6609 11.6609 9.8372 9.8372 9.8372 9.8372 9.8372 9.8372 9.8372 7.7564 7.7564 7.7564 7.7564 7.7564 7.7564 7.7564 5.7434 26.4430 26.4430 171.8608 6.1885 
fa3 = 14.7227 11.6617 11.6617 11.6617 11.6617 11.6617 11.6617 11.6617 9.8380 9.8380 9.8380 9.8380 9.8380 9.8380 9.8380 7.7571 7.7571 7.7571 7.7571 7.7571 7.7571 7.7571 5.7439 26.4439 26.4439 171.9728 6.1891 
fa4 = 14.6069 11.5635 11.5635 11.5635 11.5635 11.5635 11.5635 11.5635 9.7518 9.7518 9.7518 9.7518 9.7518 9.7518 9.7518 7.6863 7.6863 7.6863 7.6863 7.6863 7.6863 7.6863 5.6896 26.2896 26.2896 176.4659 6.1300 
fb1 = -0.3253 -0.3310 -0.3310 -0.3310 -0.3310 -0.3310 -0.3310 -0.3310 -0.3346 -0.3346 -0.3346 -0.3346 -0.3346 -0.3346 -0.3346 -0.3387 -0.3387 -0.3387 -0.3387 -0.3387 -0.3387 -0.3387 -0.3428 -0.1084 -0.1084 0.2051 -0.1457 
fb2 = -0.3249 -0.3307 -0.3307 -0.3307 -0.3307 -0.3307 -0.3307 -0.3307 -0.3343 -0.3343 -0.3343 -0.3343 -0.3343 -0.3343 -0.3343 -0.3385 -0.3385 -0.3385 -0.3385 -0.3385 -0.3385 -0.3385 -0.3426 -0.1078 -0.1078 0.2084 -0.1456 
fb3 = -0.3249 -0.3307 -0.3307 -0.3307 -0.3307 -0.3307 -0.3307 -0.3307 -0.3343 -0.3343 -0.3343 -0.3343 -0.3343 -0.3343 -0.3343 -0.3385 -0.3385 -0.3385 -0.3385 -0.3385 -0.3385 -0.3385 -0.3426 -0.1078 -0.1078 0.2085 -0.1456 
fb4 = -0.3245 -0.3304 -0.3304 -0.3304 -0.3304 -0.3304 -0.3304 -0.3304 -0.3340 -0.3340 -0.3340 -0.3340 -0.3340 -0.3340 -0.3340 -0.3382 -0.3382 -0.3382 -0.3382 -0.3382 -0.3382 -0.3382 -0.3424 -0.1073 -0.1073 0.2119 -0.1455 
I = 14.9000 9.4000 9.4000 9.4000 9.4000 9.4000 9.4000 9.4000 6.0000 6.0000 6.0000 6.0000 6.0000 6.0000 6.0000 2.0000 2.0000 2.0000 2.0000 2.0000 2.0000 2.0000 -2.0000 24.0000 24.0000 10.0000 -11.0000 
S1 = 0.0000 0.0000 0.0000 0.0000 0.0000 0.0000 0.0000 0.0000 0.0000 0.0000 0.0000 0.0000 0.0000 0.0000 0.0000 0.0000 0.0000 0.0000 0.0000 0.0000 0.0000 0.0000 0.0000 0.0000 0.0000 0.0000 0.0000 
S2 = 0.0000 0.0000 0.0000 0.0000 0.0000 0.0000 0.0000 0.0000 0.0000 0.0000 0.0000 0.0000 0.0000 0.0000 0.0000 0.0000 0.0000 0.0000 0.0000 0.0000 0.0000 0.0000 0.0000 0.0000 0.0000 0.0000 0.0000 
u = 9.8740 9.8728 9.8728 9.8728 9.8728 9.8728 9.8728 9.8728 9.8721 9.8721 9.8721 9.8721 9.8721 9.8721 9.8721 9.8712 9.8712 9.8712 9.8712 9.8712 9.8712 9.8712 9.8703 9.9515 9.9515 10.0486 9.9438 
v = 17.6060 16.1188 16.1188 16.1188 16.1188 16.1188 16.1188 16.1188 15.2099 15.2099 15.2099 15.2099 15.2099 15.2099 15.2099 14.1508 14.1508 14.1508 14.1508 14.1508 14.1508 14.1508 13.1023 22.9302 22.9302 103.2197 13.3526 
