ExternalI = 5.5000 0.0000 0.0000 0.0000 0.0000 0.0000 0.0000 0.0000 4.0000 4.0000 4.0000 4.0000 4.0000 4.0000 4.0000 0.0000 0.0000 0.0000 0.0000 0.0000 0.0000 0.0000 0.0000 8.0000 8.0000 0.0000 0.0000 
before u = 9.8740 9.8728 9.8728 9.8728 9.8728 9.8728 9.8728 9.8728 9.8721 9.8721 9.8721 9.8721 9.8721 9.8721 9.8721 9.8712 9.8712 9.8712 9.8712 9.8712 9.8712 9.8712 9.8703 9.9515 9.9515 10.0486 9.9438 
before v = 17.6060 16.1188 16.1188 16.1188 16.1188 16.1188 16.1188 16.1188 15.2099 15.2099 15.2099 15.2099 15.2099 15.2099 15.2099 14.1508 14.1508 14.1508 14.1508 14.1508 14.1508 14.1508 13.1023 22.9302 22.9302 103.2197 13.3526 
Ibias = 9.4000 9.4000 9.4000 9.4000 9.4000 9.4000 9.4000 9.4000 2.0000 2.0000 2.0000 2.0000 2.0000 2.0000 2.0000 2.0000 2.0000 2.0000 2.0000 2.0000 2.0000 2.0000 -2.0000 16.0000 16.0000 10.0000 -11.0000 
fa1 = 14.6069 11.5635 11.5635 11.5635 11.5635 11.5635 11.5635 11.5635 9.7518 9.7518 9.7518 9.7518 9.7518 9.7518 9.7518 7.6863 7.6863 7.6863 7.6863 7.6863 7.6863 7.6863 5.6896 26.2896 26.2896 176.4645 6.1300 
fa2 = 14.4925 11.4664 11.4664 11.4664 11.4664 11.4664 11.4664 11.4664 9.6667 9.6667 9.6667 9.6667 9.6667 9.6667 9.6667 7.6162 7.6162 7.6162 7.6162 7.6162 7.6162 7.6162 5.6358 26.1377 26.1377 181.1335 6.0716 
fa3 = 14.4934 11.4672 11.4672 11.4672 11.4672 11.4672 11.4672 11.4672 9.6674 9.6674 9.6674 9.6674 9.6674 9.6674 9.6674 7.6169 7.6169 7.6169 7.6169 7.6169 7.6169 7.6169 5.6363 26.1385 26.1385 181.2578 6.0721 
fa4 = 14.3803 11.3712 11.3712 11.3712 11.3712 11.3712 11.3712 11.3712 9.5832 9.5832 9.5832 9.5832 9.5832 9.5832 9.5832 7.5476 7.5476 7.5476 7.5476 7.5476 7.5476 7.5476 5.5831 25.9888 25.9888 186.1235 6.0143 
fb1 = -0.3245 -0.3304 -0.3304 -0.3304 -0.3304 -0.3304 -0.3304 -0.3304 -0.3340 -0.3340 -0.3340 -0.3340 -0.3340 -0.3340 -0.3340 -0.3382 -0.3382 -0.3382 -0.3382 -0.3382 -0.3382 -0.3382 -0.3424 -0.1073 -0.1073 0.2119 -0.1455 
fb2 = -0.3242 -0.3301 -0.3301 -0.3301 -0.3301 -0.3301 -0.3301 -0.3301 -0.3338 -0.3338 -0.3338 -0.3338 -0.3338 -0.3338 -0.3338 -0.3380 -0.3380 -0.3380 -0.3380 -0.3380 -0.3380 -0.3380 -0.3422 -0.1068 -0.1068 0.2154 -0.1453 
fb3 = -0.3242 -0.3301 -0.3301 -0.3301 -0.3301 -0.3301 -0.3301 -0.3301 -0.3338 -0.3338 -0.3338 -0.3338 -0.3338 -0.3338 -0.3338 -0.3380 -0.3380 -0.3380 -0.3380 -0.3380 -0.3380 -0.3380 -0.3422 -0.1068 -0.1068 0.2155 -0.1453 
fb4 = -0.3238 -0.3298 -0.3298 -0.3298 -0.3298 -0.3298 -0.3298 -0.3298 -0.3335 -0.3335 -0.3335 -0.3335 -0.3335 -0.3335 -0.3335 -0.3378 -0.3378 -0.3378 -0.3378 -0.3378 -0.3378 -0.3378 -0.3420 -0.1062 -0.1062 0.2191 -0.1452 
I = 14.9000 9.4000 9.4000 9.4000 9.4000 9.4000 9.4000 9.4000 6.0000 6.0000 6.0000 6.0000 6.0000 6.0000 6.0000 2.0000 2.0000 2.0000 2.0000 2.0000 2.0000 2.0000 -2.0000 24.0000 24.0000 10.0000 -11.0000 
S1 = 0.0000 0.0000 0.0000 0.0000 0.0000 0.0000 0.0000 0.0000 0.0000 0.0000 0.0000 0.0000 0.0000 0.0000 0.0000 0.0000 0.0000 0.0000 0.0000 0.0000 0.0000 0.0000 0.0000 0.0000 0.0000 0.0000 0.0000 
S2 = 0.0000 0.0000 0.0000 0.0000 0.0000 0.0000 0.0000 0.0000 0.0000 0.0000 0.0000 0.0000 0.0000 0.0000 0.0000 0.0000 0.0000 0.0000 0.0000 0.0000 0.0000 0.0000 0.0000 0.0000 0.0000 0.0000 0.0000 
u = 9.8708 9.8695 9.8695 9.8695 9.8695 9.8695 9.8695 9.8695 9.8687 9.8687 9.8687 9.8687 9.8687 9.8687 9.8687 9.8678 9.8678 9.8678 9.8678 9.8678 9.8678 9.8678 9.8669 9.9505 9.9505 10.0508 9.9423 
v = 17.7509 16.2334 16.2334 16.2334 16.2334 16.2334 16.2334 16.2334 15.3066 15.3066 15.3066 15.3066 15.3066 15.3066 15.3066 14.2269 14.2269 14.2269 14.2269 14.2269 14.2269 14.2269 13.1587 23.1916 23.1916 105.0320 13.4133 
