ExternalI = 5.5000 0.0000 0.0000 0.0000 0.0000 0.0000 0.0000 0.0000 4.0000 4.0000 4.0000 4.0000 4.0000 4.0000 4.0000 0.0000 0.0000 0.0000 0.0000 0.0000 0.0000 0.0000 0.0000 8.0000 8.0000 0.0000 0.0000 
before u = 9.8708 9.8695 9.8695 9.8695 9.8695 9.8695 9.8695 9.8695 9.8687 9.8687 9.8687 9.8687 9.8687 9.8687 9.8687 9.8678 9.8678 9.8678 9.8678 9.8678 9.8678 9.8678 9.8669 9.9505 9.9505 10.0508 9.9423 
before v = 17.7509 16.2334 16.2334 16.2334 16.2334 16.2334 16.2334 16.2334 15.3066 15.3066 15.3066 15.3066 15.3066 15.3066 15.3066 14.2269 14.2269 14.2269 14.2269 14.2269 14.2269 14.2269 13.1587 23.1916 23.1916 105.0320 13.4133 
Ibias = 9.4000 9.4000 9.4000 9.4000 9.4000 9.4000 9.4000 9.4000 2.0000 2.0000 2.0000 2.0000 2.0000 2.0000 2.0000 2.0000 2.0000 2.0000 2.0000 2.0000 2.0000 2.0000 -2.0000 16.0000 16.0000 10.0000 -11.0000 
fa1 = 14.3803 11.3712 11.3712 11.3712 11.3712 11.3712 11.3712 11.3712 9.5832 9.5832 9.5832 9.5832 9.5832 9.5832 9.5832 7.5476 7.5476 7.5476 7.5476 7.5476 7.5476 7.5476 5.5831 25.9888 25.9888 186.1219 6.0143 
fa2 = 14.2685 11.2762 11.2762 11.2762 11.2762 11.2762 11.2762 11.2762 9.4999 9.4999 9.4999 9.4999 9.4999 9.4999 9.4999 7.4791 7.4791 7.4791 7.4791 7.4791 7.4791 7.4791 5.5305 25.8412 25.8412 191.1832 5.9571 
fa3 = 14.2694 11.2770 11.2770 11.2770 11.2770 11.2770 11.2770 11.2770 9.5006 9.5006 9.5006 9.5006 9.5006 9.5006 9.5006 7.4797 7.4797 7.4797 7.4797 7.4797 7.4797 7.4797 5.5310 25.8421 25.8421 191.3218 5.9577 
fa4 = 14.1589 11.1831 11.1831 11.1831 11.1831 11.1831 11.1831 11.1831 9.4182 9.4182 9.4182 9.4182 9.4182 9.4182 9.4182 7.4119 7.4119 7.4119 7.4119 7.4119 7.4119 7.4119 5.4789 25.6967 25.6967 196.6024 5.9011 
fb1 = -0.3238 -0.3298 -0.3298 -0.3298 -0.3298 -0.3298 -0.3298 -0.3298 -0.3335 -0.3335 -0.3335 -0.3335 -0.3335 -0.3335 -0.3335 -0.3378 -0.3378 -0.3378 -0.3378 -0.3378 -0.3378 -0.3378 -0.3420 -0.1062 -0.1062 0.2191 -0.1452 
fb2 = -0.3235 -0.3296 -0.3296 -0.3296 -0.3296 -0.3296 -0.3296 -0.3296 -0.3333 -0.3333 -0.3333 -0.3333 -0.3333 -0.3333 -0.3333 -0.3376 -0.3376 -0.3376 -0.3376 -0.3376 -0.3376 -0.3376 -0.3419 -0.1057 -0.1057 0.2228 -0.1451 
fb3 = -0.3235 -0.3296 -0.3296 -0.3296 -0.3296 -0.3296 -0.3296 -0.3296 -0.3333 -0.3333 -0.3333 -0.3333 -0.3333 -0.3333 -0.3333 -0.3376 -0.3376 -0.3376 -0.3376 -0.3376 -0.3376 -0.3376 -0.3419 -0.1057 -0.1057 0.2229 -0.1451 
fb4 = -0.3231 -0.3293 -0.3293 -0.3293 -0.3293 -0.3293 -0.3293 -0.3293 -0.3330 -0.3330 -0.3330 -0.3330 -0.3330 -0.3330 -0.3330 -0.3374 -0.3374 -0.3374 -0.3374 -0.3374 -0.3374 -0.3374 -0.3417 -0.1052 -0.1052 0.2267 -0.1449 
I = 14.9000 9.4000 9.4000 9.4000 9.4000 9.4000 9.4000 9.4000 6.0000 6.0000 6.0000 6.0000 6.0000 6.0000 6.0000 2.0000 2.0000 2.0000 2.0000 2.0000 2.0000 2.0000 -2.0000 24.0000 24.0000 10.0000 -11.0000 
S1 = 0.0000 0.0000 0.0000 0.0000 0.0000 0.0000 0.0000 0.0000 0.0000 0.0000 0.0000 0.0000 0.0000 0.0000 0.0000 0.0000 0.0000 0.0000 0.0000 0.0000 0.0000 0.0000 0.0000 0.0000 0.0000 0.0000 0.0000 
S2 = 0.0000 0.0000 0.0000 0.0000 0.0000 0.0000 0.0000 0.0000 0.0000 0.0000 0.0000 0.0000 0.0000 0.0000 0.0000 0.0000 0.0000 0.0000 0.0000 0.0000 0.0000 0.0000 0.0000 0.0000 0.0000 0.0000 0.0000 
u = 9.8675 9.8662 9.8662 9.8662 9.8662 9.8662 9.8662 9.8662 9.8654 9.8654 9.8654 9.8654 9.8654 9.8654 9.8654 9.8645 9.8645 9.8645 9.8645 9.8645 9.8645 9.8645 9.8635 9.9494 9.9494 10.0530 9.9409 
v = 17.8936 16.3462 16.3462 16.3462 16.3462 16.3462 16.3462 16.3462 15.4016 15.4016 15.4016 15.4016 15.4016 15.4016 15.4016 14.3017 14.3017 14.3017 14.3017 14.3017 14.3017 14.3017 13.2140 23.4500 23.4500 106.9449 13.4729 
