ExternalI = 5.5000 0.0000 0.0000 0.0000 0.0000 0.0000 0.0000 0.0000 4.0000 4.0000 4.0000 4.0000 4.0000 4.0000 4.0000 0.0000 0.0000 0.0000 0.0000 0.0000 0.0000 0.0000 0.0000 8.0000 8.0000 0.0000 0.0000 
before u = 9.8675 9.8662 9.8662 9.8662 9.8662 9.8662 9.8662 9.8662 9.8654 9.8654 9.8654 9.8654 9.8654 9.8654 9.8654 9.8645 9.8645 9.8645 9.8645 9.8645 9.8645 9.8645 9.8635 9.9494 9.9494 10.0530 9.9409 
before v = 17.8936 16.3462 16.3462 16.3462 16.3462 16.3462 16.3462 16.3462 15.4016 15.4016 15.4016 15.4016 15.4016 15.4016 15.4016 14.3017 14.3017 14.3017 14.3017 14.3017 14.3017 14.3017 13.2140 23.4500 23.4500 106.9449 13.4729 
Ibias = 9.4000 9.4000 9.4000 9.4000 9.4000 9.4000 9.4000 9.4000 2.0000 2.0000 2.0000 2.0000 2.0000 2.0000 2.0000 2.0000 2.0000 2.0000 2.0000 2.0000 2.0000 2.0000 -2.0000 16.0000 16.0000 10.0000 -11.0000 
fa1 = 14.1589 11.1831 11.1831 11.1831 11.1831 11.1831 11.1831 11.1831 9.4182 9.4182 9.4182 9.4182 9.4182 9.4182 9.4182 7.4119 7.4119 7.4119 7.4119 7.4119 7.4119 7.4119 5.4789 25.6967 25.6967 196.6006 5.9011 
fa2 = 14.0497 11.0903 11.0903 11.0903 11.0903 11.0903 11.0903 11.0903 9.3367 9.3367 9.3367 9.3367 9.3367 9.3367 9.3367 7.3449 7.3449 7.3449 7.3449 7.3449 7.3449 7.3449 5.4275 25.5535 25.5535 202.0993 5.8452 
fa3 = 14.0506 11.0911 11.0911 11.0911 11.0911 11.0911 11.0911 11.0911 9.3374 9.3374 9.3374 9.3374 9.3374 9.3374 9.3374 7.3455 7.3455 7.3455 7.3455 7.3455 7.3455 7.3455 5.4280 25.5543 25.5543 202.2542 5.8457 
fa4 = 13.9426 10.9992 10.9992 10.9992 10.9992 10.9992 10.9992 10.9992 9.2568 9.2568 9.2568 9.2568 9.2568 9.2568 9.2568 7.2792 7.2792 7.2792 7.2792 7.2792 7.2792 7.2792 5.3770 25.4131 25.4131 207.9983 5.7903 
fb1 = -0.3231 -0.3293 -0.3293 -0.3293 -0.3293 -0.3293 -0.3293 -0.3293 -0.3330 -0.3330 -0.3330 -0.3330 -0.3330 -0.3330 -0.3330 -0.3374 -0.3374 -0.3374 -0.3374 -0.3374 -0.3374 -0.3374 -0.3417 -0.1052 -0.1052 0.2267 -0.1449 
fb2 = -0.3228 -0.3290 -0.3290 -0.3290 -0.3290 -0.3290 -0.3290 -0.3290 -0.3328 -0.3328 -0.3328 -0.3328 -0.3328 -0.3328 -0.3328 -0.3372 -0.3372 -0.3372 -0.3372 -0.3372 -0.3372 -0.3372 -0.3415 -0.1047 -0.1047 0.2306 -0.1448 
fb3 = -0.3228 -0.3290 -0.3290 -0.3290 -0.3290 -0.3290 -0.3290 -0.3290 -0.3328 -0.3328 -0.3328 -0.3328 -0.3328 -0.3328 -0.3328 -0.3372 -0.3372 -0.3372 -0.3372 -0.3372 -0.3372 -0.3372 -0.3415 -0.1047 -0.1047 0.2307 -0.1448 
fb4 = -0.3224 -0.3287 -0.3287 -0.3287 -0.3287 -0.3287 -0.3287 -0.3287 -0.3325 -0.3325 -0.3325 -0.3325 -0.3325 -0.3325 -0.3325 -0.3369 -0.3369 -0.3369 -0.3369 -0.3369 -0.3369 -0.3369 -0.3413 -0.1041 -0.1041 0.2348 -0.1447 
I = 14.9000 9.4000 9.4000 9.4000 9.4000 9.4000 9.4000 9.4000 6.0000 6.0000 6.0000 6.0000 6.0000 6.0000 6.0000 2.0000 2.0000 2.0000 2.0000 2.0000 2.0000 2.0000 -2.0000 24.0000 24.0000 10.0000 -11.0000 
S1 = 0.0000 0.0000 0.0000 0.0000 0.0000 0.0000 0.0000 0.0000 0.0000 0.0000 0.0000 0.0000 0.0000 0.0000 0.0000 0.0000 0.0000 0.0000 0.0000 0.0000 0.0000 0.0000 0.0000 0.0000 0.0000 0.0000 0.0000 
S2 = 0.0000 0.0000 0.0000 0.0000 0.0000 0.0000 0.0000 0.0000 0.0000 0.0000 0.0000 0.0000 0.0000 0.0000 0.0000 0.0000 0.0000 0.0000 0.0000 0.0000 0.0000 0.0000 0.0000 0.0000 0.0000 0.0000 0.0000 
u = 9.8643 9.8629 9.8629 9.8629 9.8629 9.8629 9.8629 9.8629 9.8621 9.8621 9.8621 9.8621 9.8621 9.8621 9.8621 9.8611 9.8611 9.8611 9.8611 9.8611 9.8611 9.8611 9.8601 9.9483 9.9483 10.0553 9.9394 
v = 18.0341 16.4571 16.4571 16.4571 16.4571 16.4571 16.4571 16.4571 15.4950 15.4950 15.4950 15.4950 15.4950 15.4950 15.4950 14.3752 14.3752 14.3752 14.3752 14.3752 14.3752 14.3752 13.2682 23.7055 23.7055 108.9670 13.5314 
