ExternalI = 5.5000 0.0000 0.0000 0.0000 0.0000 0.0000 0.0000 0.0000 4.0000 4.0000 4.0000 4.0000 4.0000 4.0000 4.0000 0.0000 0.0000 0.0000 0.0000 0.0000 0.0000 0.0000 0.0000 8.0000 8.0000 0.0000 0.0000 
before u = 9.8579 9.8564 9.8564 9.8564 9.8564 9.8564 9.8564 9.8564 9.8554 9.8554 9.8554 9.8554 9.8554 9.8554 9.8554 9.8543 9.8543 9.8543 9.8543 9.8543 9.8543 9.8543 9.8533 9.9463 9.9463 10.0602 9.9366 
before v = 18.3087 16.6735 16.6735 16.6735 16.6735 16.6735 16.6735 16.6735 15.6770 15.6770 15.6770 15.6770 15.6770 15.6770 15.6770 14.5182 14.5182 14.5182 14.5182 14.5182 14.5182 14.5182 13.3738 24.2083 24.2083 113.3793 13.6450 
Ibias = 9.4000 9.4000 9.4000 9.4000 9.4000 9.4000 9.4000 9.4000 2.0000 2.0000 2.0000 2.0000 2.0000 2.0000 2.0000 2.0000 2.0000 2.0000 2.0000 2.0000 2.0000 2.0000 -2.0000 16.0000 16.0000 10.0000 -11.0000 
fa1 = 13.5243 10.6434 10.6434 10.6434 10.6434 10.6434 10.6434 10.6434 8.9444 8.9444 8.9444 8.9444 8.9444 8.9444 8.9444 7.0222 7.0222 7.0222 7.0222 7.0222 7.0222 7.0222 5.1797 24.8705 24.8705 233.9964 5.5758 
fa2 = 13.4223 10.5564 10.5564 10.5564 10.5564 10.5564 10.5564 10.5564 8.8680 8.8680 8.8680 8.8680 8.8680 8.8680 8.8680 6.9594 6.9594 6.9594 6.9594 6.9594 6.9594 6.9594 5.1314 24.7394 24.7394 241.1521 5.5234 
fa3 = 13.4231 10.5572 10.5572 10.5572 10.5572 10.5572 10.5572 10.5572 8.8687 8.8687 8.8687 8.8687 8.8687 8.8687 8.8687 6.9600 6.9600 6.9600 6.9600 6.9600 6.9600 6.9600 5.1319 24.7400 24.7400 241.3726 5.5239 
fa4 = 13.3222 10.4712 10.4712 10.4712 10.4712 10.4712 10.4712 10.4712 8.7932 8.7932 8.7932 8.7932 8.7932 8.7932 8.7932 6.8978 6.8978 6.8978 6.8978 6.8978 6.8978 6.8978 5.0841 24.6109 24.6109 248.8790 5.4720 
fb1 = -0.3211 -0.3276 -0.3276 -0.3276 -0.3276 -0.3276 -0.3276 -0.3276 -0.3315 -0.3315 -0.3315 -0.3315 -0.3315 -0.3315 -0.3315 -0.3361 -0.3361 -0.3361 -0.3361 -0.3361 -0.3361 -0.3361 -0.3406 -0.1021 -0.1021 0.2523 -0.1442 
fb2 = -0.3207 -0.3273 -0.3273 -0.3273 -0.3273 -0.3273 -0.3273 -0.3273 -0.3313 -0.3313 -0.3313 -0.3313 -0.3313 -0.3313 -0.3313 -0.3359 -0.3359 -0.3359 -0.3359 -0.3359 -0.3359 -0.3359 -0.3405 -0.1016 -0.1016 0.2570 -0.1440 
fb3 = -0.3207 -0.3273 -0.3273 -0.3273 -0.3273 -0.3273 -0.3273 -0.3273 -0.3313 -0.3313 -0.3313 -0.3313 -0.3313 -0.3313 -0.3313 -0.3359 -0.3359 -0.3359 -0.3359 -0.3359 -0.3359 -0.3359 -0.3405 -0.1016 -0.1016 0.2571 -0.1440 
fb4 = -0.3204 -0.3270 -0.3270 -0.3270 -0.3270 -0.3270 -0.3270 -0.3270 -0.3310 -0.3310 -0.3310 -0.3310 -0.3310 -0.3310 -0.3310 -0.3357 -0.3357 -0.3357 -0.3357 -0.3357 -0.3357 -0.3357 -0.3403 -0.1011 -0.1011 0.2619 -0.1439 
I = 14.9000 9.4000 9.4000 9.4000 9.4000 9.4000 9.4000 9.4000 6.0000 6.0000 6.0000 6.0000 6.0000 6.0000 6.0000 2.0000 2.0000 2.0000 2.0000 2.0000 2.0000 2.0000 -2.0000 24.0000 24.0000 10.0000 -11.0000 
S1 = 0.0000 0.0000 0.0000 0.0000 0.0000 0.0000 0.0000 0.0000 0.0000 0.0000 0.0000 0.0000 0.0000 0.0000 0.0000 0.0000 0.0000 0.0000 0.0000 0.0000 0.0000 0.0000 0.0000 0.0000 0.0000 0.0000 0.0000 
S2 = 0.0000 0.0000 0.0000 0.0000 0.0000 0.0000 0.0000 0.0000 0.0000 0.0000 0.0000 0.0000 0.0000 0.0000 0.0000 0.0000 0.0000 0.0000 0.0000 0.0000 0.0000 0.0000 0.0000 0.0000 0.0000 0.0000 0.0000 
u = 9.8547 9.8531 9.8531 9.8531 9.8531 9.8531 9.8531 9.8531 9.8521 9.8521 9.8521 9.8521 9.8521 9.8521 9.8521 9.8510 9.8510 9.8510 9.8510 9.8510 9.8510 9.8510 9.8499 9.9453 9.9453 10.0627 9.9351 
v = 18.4430 16.7791 16.7791 16.7791 16.7791 16.7791 16.7791 16.7791 15.7656 15.7656 15.7656 15.7656 15.7656 15.7656 15.7656 14.5878 14.5878 14.5878 14.5878 14.5878 14.5878 14.5878 13.4251 24.4557 24.4557 115.7925 13.7003 
