ExternalI = 5.5000 0.0000 0.0000 0.0000 0.0000 0.0000 0.0000 0.0000 4.0000 4.0000 4.0000 4.0000 4.0000 4.0000 4.0000 0.0000 0.0000 0.0000 0.0000 0.0000 0.0000 0.0000 0.0000 8.0000 8.0000 0.0000 0.0000 
before u = 9.8419 9.8401 9.8401 9.8401 9.8401 9.8401 9.8401 9.8401 9.8389 9.8389 9.8389 9.8389 9.8389 9.8389 9.8389 9.8376 9.8376 9.8376 9.8376 9.8376 9.8376 9.8376 9.8363 9.9413 9.9413 10.0741 9.9294 
before v = 18.9603 17.1847 17.1847 17.1847 17.1847 17.1847 17.1847 17.1847 16.1057 16.1057 16.1057 16.1057 16.1057 16.1057 16.1057 14.8541 14.8541 14.8541 14.8541 14.8541 14.8541 14.8541 13.6211 25.4205 25.4205 127.1739 13.9111 
Ibias = 9.4000 9.4000 9.4000 9.4000 9.4000 9.4000 9.4000 9.4000 2.0000 2.0000 2.0000 2.0000 2.0000 2.0000 2.0000 2.0000 2.0000 2.0000 2.0000 2.0000 2.0000 2.0000 -2.0000 16.0000 16.0000 10.0000 -11.0000 
fa1 = 12.5569 9.8184 9.8184 9.8184 9.8184 9.8184 9.8184 9.8184 8.2197 8.2197 8.2197 8.2197 8.2197 8.2197 8.2197 6.4259 6.4259 6.4259 6.4259 6.4259 6.4259 6.4259 4.7217 23.6453 23.6453 325.3324 5.0780 
fa2 = 12.4655 9.7404 9.7404 9.7404 9.7404 9.7404 9.7404 9.7404 8.1510 8.1510 8.1510 8.1510 8.1510 8.1510 8.1510 6.3694 6.3694 6.3694 6.3694 6.3694 6.3694 6.3694 4.6783 23.5321 23.5321 337.1062 5.0308 
fa3 = 12.4662 9.7410 9.7410 9.7410 9.7410 9.7410 9.7410 9.7410 8.1516 8.1516 8.1516 8.1516 8.1516 8.1516 8.1516 6.3699 6.3699 6.3699 6.3699 6.3699 6.3699 6.3699 4.6788 23.5326 23.5326 337.5363 5.0312 
fa4 = 12.3758 9.6638 9.6638 9.6638 9.6638 9.6638 9.6638 9.6638 8.0837 8.0837 8.0837 8.0837 8.0837 8.0837 8.0837 6.3140 6.3140 6.3140 6.3140 6.3140 6.3140 6.3140 4.6358 23.4211 23.4211 349.9995 4.9846 
fb1 = -0.3178 -0.3249 -0.3249 -0.3249 -0.3249 -0.3249 -0.3249 -0.3249 -0.3291 -0.3291 -0.3291 -0.3291 -0.3291 -0.3291 -0.3291 -0.3341 -0.3341 -0.3341 -0.3341 -0.3341 -0.3341 -0.3341 -0.3390 -0.0971 -0.0971 0.3072 -0.1429 
fb2 = -0.3175 -0.3246 -0.3246 -0.3246 -0.3246 -0.3246 -0.3246 -0.3246 -0.3289 -0.3289 -0.3289 -0.3289 -0.3289 -0.3289 -0.3289 -0.3339 -0.3339 -0.3339 -0.3339 -0.3339 -0.3339 -0.3339 -0.3388 -0.0967 -0.0967 0.3137 -0.1428 
fb3 = -0.3175 -0.3246 -0.3246 -0.3246 -0.3246 -0.3246 -0.3246 -0.3246 -0.3289 -0.3289 -0.3289 -0.3289 -0.3289 -0.3289 -0.3289 -0.3339 -0.3339 -0.3339 -0.3339 -0.3339 -0.3339 -0.3339 -0.3388 -0.0967 -0.0967 0.3139 -0.1428 
fb4 = -0.3172 -0.3243 -0.3243 -0.3243 -0.3243 -0.3243 -0.3243 -0.3243 -0.3287 -0.3287 -0.3287 -0.3287 -0.3287 -0.3287 -0.3287 -0.3337 -0.3337 -0.3337 -0.3337 -0.3337 -0.3337 -0.3337 -0.3386 -0.0962 -0.0962 0.3207 -0.1427 
I = 14.9000 9.4000 9.4000 9.4000 9.4000 9.4000 9.4000 9.4000 6.0000 6.0000 6.0000 6.0000 6.0000 6.0000 6.0000 2.0000 2.0000 2.0000 2.0000 2.0000 2.0000 2.0000 -2.0000 24.0000 24.0000 10.0000 -11.0000 
S1 = 0.0000 0.0000 0.0000 0.0000 0.0000 0.0000 0.0000 0.0000 0.0000 0.0000 0.0000 0.0000 0.0000 0.0000 0.0000 0.0000 0.0000 0.0000 0.0000 0.0000 0.0000 0.0000 0.0000 0.0000 0.0000 0.0000 0.0000 
S2 = 0.0000 0.0000 0.0000 0.0000 0.0000 0.0000 0.0000 0.0000 0.0000 0.0000 0.0000 0.0000 0.0000 0.0000 0.0000 0.0000 0.0000 0.0000 0.0000 0.0000 0.0000 0.0000 0.0000 0.0000 0.0000 0.0000 0.0000 
u = 9.8387 9.8368 9.8368 9.8368 9.8368 9.8368 9.8368 9.8368 9.8356 9.8356 9.8356 9.8356 9.8356 9.8356 9.8356 9.8343 9.8343 9.8343 9.8343 9.8343 9.8343 9.8343 9.8329 9.9403 9.9403 10.0772 9.9280 
v = 19.0850 17.2821 17.2821 17.2821 17.2821 17.2821 17.2821 17.2821 16.1872 16.1872 16.1872 16.1872 16.1872 16.1872 16.1872 14.9178 14.9178 14.9178 14.9178 14.9178 14.9178 14.9178 13.6679 25.6558 25.6558 130.5483 13.9615 
