ExternalI = 5.5000 0.0000 0.0000 0.0000 0.0000 0.0000 0.0000 0.0000 4.0000 4.0000 4.0000 4.0000 4.0000 4.0000 4.0000 0.0000 0.0000 0.0000 0.0000 0.0000 0.0000 0.0000 0.0000 8.0000 8.0000 0.0000 0.0000 
before u = 9.8356 9.8336 9.8336 9.8336 9.8336 9.8336 9.8336 9.8336 9.8323 9.8323 9.8323 9.8323 9.8323 9.8323 9.8323 9.8309 9.8309 9.8309 9.8309 9.8309 9.8309 9.8309 9.8295 9.9394 9.9394 10.1776 9.9265 
before v = 19.2078 17.3780 17.3780 17.3780 17.3780 17.3780 17.3780 17.3780 16.2674 16.2674 16.2674 16.2674 16.2674 16.2674 16.2674 14.9804 14.9804 14.9804 14.9804 14.9804 14.9804 14.9804 13.7139 25.8889 25.8889 60.7496 14.0208 
Ibias = 9.4000 9.4000 9.4000 9.4000 9.4000 9.4000 9.4000 9.4000 2.0000 2.0000 2.0000 2.0000 2.0000 2.0000 2.0000 2.0000 2.0000 2.0000 2.0000 2.0000 2.0000 2.0000 -2.0000 16.0000 16.0000 10.0000 -11.0000 
fa1 = 12.1986 9.5123 9.5123 9.5123 9.5123 9.5123 9.5123 9.5123 7.9506 7.9506 7.9506 7.9506 7.9506 7.9506 7.9506 6.2044 6.2044 6.2044 6.2044 6.2044 6.2044 6.2044 4.5517 23.2033 23.2033 25.1942 5.8725 
fa2 = 12.1110 9.4374 9.4374 9.4374 9.4374 9.4374 9.4374 9.4374 7.8847 7.8847 7.8847 7.8847 7.8847 7.8847 7.8847 6.1502 6.1502 6.1502 6.1502 6.1502 6.1502 6.1502 4.5101 23.0966 23.0966 25.4289 5.8181 
fa3 = 12.1117 9.4380 9.4380 9.4380 9.4380 9.4380 9.4380 9.4380 7.8853 7.8853 7.8853 7.8853 7.8853 7.8853 7.8853 6.1507 6.1507 6.1507 6.1507 6.1507 6.1507 6.1507 4.5105 23.0970 23.0970 25.4311 5.8186 
fa4 = 12.0251 9.3639 9.3639 9.3639 9.3639 9.3639 9.3639 9.3639 7.8201 7.8201 7.8201 7.8201 7.8201 7.8201 7.8201 6.0971 6.0971 6.0971 6.0971 6.0971 6.0971 6.0971 4.4694 22.9918 22.9918 25.6694 5.7647 
fb1 = -0.3166 -0.3238 -0.3238 -0.3238 -0.3238 -0.3238 -0.3238 -0.3238 -0.3282 -0.3282 -0.3282 -0.3282 -0.3282 -0.3282 -0.3282 -0.3333 -0.3333 -0.3333 -0.3333 -0.3333 -0.3333 -0.3333 -0.3383 -0.0952 -0.0952 0.0394 -0.1424 
fb2 = -0.3163 -0.3236 -0.3236 -0.3236 -0.3236 -0.3236 -0.3236 -0.3236 -0.3280 -0.3280 -0.3280 -0.3280 -0.3280 -0.3280 -0.3280 -0.3331 -0.3331 -0.3331 -0.3331 -0.3331 -0.3331 -0.3331 -0.3382 -0.0948 -0.0948 0.0399 -0.1423 
fb3 = -0.3163 -0.3236 -0.3236 -0.3236 -0.3236 -0.3236 -0.3236 -0.3236 -0.3280 -0.3280 -0.3280 -0.3280 -0.3280 -0.3280 -0.3280 -0.3331 -0.3331 -0.3331 -0.3331 -0.3331 -0.3331 -0.3331 -0.3382 -0.0948 -0.0948 0.0400 -0.1423 
fb4 = -0.3160 -0.3233 -0.3233 -0.3233 -0.3233 -0.3233 -0.3233 -0.3233 -0.3278 -0.3278 -0.3278 -0.3278 -0.3278 -0.3278 -0.3278 -0.3329 -0.3329 -0.3329 -0.3329 -0.3329 -0.3329 -0.3329 -0.3380 -0.0943 -0.0943 0.0405 -0.1422 
I = 14.9000 9.4000 9.4000 9.4000 9.4000 9.4000 9.4000 9.4000 6.0000 6.0000 6.0000 6.0000 6.0000 6.0000 6.0000 2.0000 2.0000 2.0000 2.0000 2.0000 2.0000 2.0000 -2.0000 24.0000 24.0000 10.0000 -10.0020 
S1 = 0.0000 0.0000 0.0000 0.0000 0.0000 0.0000 0.0000 0.0000 0.0000 0.0000 0.0000 0.0000 0.0000 0.0000 0.0000 0.0000 0.0000 0.0000 0.0000 0.0000 0.0000 0.0000 0.0000 0.0000 0.0000 0.0000 0.0000 
S2 = 0.0000 0.0000 0.0000 0.0000 0.0000 0.0000 0.0000 0.0000 0.0000 0.0000 0.0000 0.0000 0.0000 0.0000 0.0000 0.0000 0.0000 0.0000 0.0000 0.0000 0.0000 0.0000 0.0000 0.0000 0.0000 0.0000 0.9980 
u = 9.8324 9.8303 9.8303 9.8303 9.8303 9.8303 9.8303 9.8303 9.8291 9.8291 9.8291 9.8291 9.8291 9.8291 9.8291 9.8276 9.8276 9.8276 9.8276 9.8276 9.8276 9.8276 9.8261 9.9384 9.9384 10.1780 9.9251 
v = 19.3290 17.4723 17.4723 17.4723 17.4723 17.4723 17.4723 17.4723 16.3463 16.3463 16.3463 16.3463 16.3463 16.3463 16.3463 15.0419 15.0419 15.0419 15.0419 15.0419 15.0419 15.0419 13.7590 26.1199 26.1199 61.0039 14.0789 
