ExternalI = 5.5000 0.0000 0.0000 0.0000 0.0000 0.0000 0.0000 0.0000 4.0000 4.0000 4.0000 4.0000 4.0000 4.0000 4.0000 0.0000 0.0000 0.0000 0.0000 0.0000 0.0000 0.0000 0.0000 8.0000 8.0000 0.0000 0.0000 
before u = 9.8292 9.8271 9.8271 9.8271 9.8271 9.8271 9.8271 9.8271 9.8258 9.8258 9.8258 9.8258 9.8258 9.8258 9.8258 9.8243 9.8243 9.8243 9.8243 9.8243 9.8243 9.8243 9.8227 9.9375 9.9375 10.1784 9.9237 
before v = 19.4484 17.5653 17.5653 17.5653 17.5653 17.5653 17.5653 17.5653 16.4238 16.4238 16.4238 16.4238 16.4238 16.4238 16.4238 15.1023 15.1023 15.1023 15.1023 15.1023 15.1023 15.1023 13.8032 26.3488 26.3488 61.2631 14.1360 
Ibias = 9.4000 9.4000 9.4000 9.4000 9.4000 9.4000 9.4000 9.4000 2.0000 2.0000 2.0000 2.0000 2.0000 2.0000 2.0000 2.0000 2.0000 2.0000 2.0000 2.0000 2.0000 2.0000 -2.0000 16.0000 16.0000 10.0000 -11.0000 
fa1 = 11.8552 9.2187 9.2187 9.2187 9.2187 9.2187 9.2187 9.2187 7.6924 7.6924 7.6924 7.6924 7.6924 7.6924 7.6924 5.9919 5.9919 5.9919 5.9919 5.9919 5.9919 5.9919 4.3887 22.7865 22.7865 26.1589 5.6553 
fa2 = 11.7714 9.1469 9.1469 9.1469 9.1469 9.1469 9.1469 9.1469 7.6293 7.6293 7.6293 7.6293 7.6293 7.6293 7.6293 5.9399 5.9399 5.9399 5.9399 5.9399 5.9399 5.9399 4.3488 22.6858 22.6858 26.4080 5.6032 
fa3 = 11.7720 9.1474 9.1474 9.1474 9.1474 9.1474 9.1474 9.1474 7.6298 7.6298 7.6298 7.6298 7.6298 7.6298 7.6298 5.9404 5.9404 5.9404 5.9404 5.9404 5.9404 5.9404 4.3492 22.6863 22.6863 26.4104 5.6037 
fa4 = 11.6889 9.0763 9.0763 9.0763 9.0763 9.0763 9.0763 9.0763 7.5673 7.5673 7.5673 7.5673 7.5673 7.5673 7.5673 5.8890 5.8890 5.8890 5.8890 5.8890 5.8890 5.8890 4.3097 22.5871 22.5871 26.6634 5.5521 
fb1 = -0.3154 -0.3228 -0.3228 -0.3228 -0.3228 -0.3228 -0.3228 -0.3228 -0.3273 -0.3273 -0.3273 -0.3273 -0.3273 -0.3273 -0.3273 -0.3326 -0.3326 -0.3326 -0.3326 -0.3326 -0.3326 -0.3326 -0.3377 -0.0934 -0.0934 0.0415 -0.1419 
fb2 = -0.3151 -0.3226 -0.3226 -0.3226 -0.3226 -0.3226 -0.3226 -0.3226 -0.3271 -0.3271 -0.3271 -0.3271 -0.3271 -0.3271 -0.3271 -0.3324 -0.3324 -0.3324 -0.3324 -0.3324 -0.3324 -0.3324 -0.3375 -0.0929 -0.0929 0.0420 -0.1418 
fb3 = -0.3151 -0.3226 -0.3226 -0.3226 -0.3226 -0.3226 -0.3226 -0.3226 -0.3271 -0.3271 -0.3271 -0.3271 -0.3271 -0.3271 -0.3271 -0.3324 -0.3324 -0.3324 -0.3324 -0.3324 -0.3324 -0.3324 -0.3375 -0.0929 -0.0929 0.0420 -0.1418 
fb4 = -0.3148 -0.3223 -0.3223 -0.3223 -0.3223 -0.3223 -0.3223 -0.3223 -0.3269 -0.3269 -0.3269 -0.3269 -0.3269 -0.3269 -0.3269 -0.3322 -0.3322 -0.3322 -0.3322 -0.3322 -0.3322 -0.3322 -0.3374 -0.0924 -0.0924 0.0425 -0.1417 
I = 14.9000 9.4000 9.4000 9.4000 9.4000 9.4000 9.4000 9.4000 6.0000 6.0000 6.0000 6.0000 6.0000 6.0000 6.0000 2.0000 2.0000 2.0000 2.0000 2.0000 2.0000 2.0000 -2.0000 24.0000 24.0000 10.0000 -10.0060 
S1 = 0.0000 0.0000 0.0000 0.0000 0.0000 0.0000 0.0000 0.0000 0.0000 0.0000 0.0000 0.0000 0.0000 0.0000 0.0000 0.0000 0.0000 0.0000 0.0000 0.0000 0.0000 0.0000 0.0000 0.0000 0.0000 0.0000 0.0000 
S2 = 0.0000 0.0000 0.0000 0.0000 0.0000 0.0000 0.0000 0.0000 0.0000 0.0000 0.0000 0.0000 0.0000 0.0000 0.0000 0.0000 0.0000 0.0000 0.0000 0.0000 0.0000 0.0000 0.0000 0.0000 0.0000 0.0000 0.9940 
u = 9.8261 9.8239 9.8239 9.8239 9.8239 9.8239 9.8239 9.8239 9.8225 9.8225 9.8225 9.8225 9.8225 9.8225 9.8225 9.8209 9.8209 9.8209 9.8209 9.8209 9.8209 9.8209 9.8194 9.9366 9.9366 10.1788 9.9223 
v = 19.5661 17.6567 17.6567 17.6567 17.6567 17.6567 17.6567 17.6567 16.5001 16.5001 16.5001 16.5001 16.5001 16.5001 16.5001 15.1617 15.1617 15.1617 15.1617 15.1617 15.1617 15.1617 13.8467 26.5756 26.5756 61.5272 14.1921 
