ExternalI = 5.5000 0.0000 0.0000 0.0000 0.0000 0.0000 0.0000 0.0000 4.0000 4.0000 4.0000 4.0000 4.0000 4.0000 4.0000 0.0000 0.0000 0.0000 0.0000 0.0000 0.0000 0.0000 0.0000 8.0000 8.0000 0.0000 0.0000 
before u = 9.8229 9.8207 9.8207 9.8207 9.8207 9.8207 9.8207 9.8207 9.8193 9.8193 9.8193 9.8193 9.8193 9.8193 9.8193 9.8176 9.8176 9.8176 9.8176 9.8176 9.8176 9.8176 9.8160 9.9356 9.9356 10.1793 9.9209 
before v = 19.6821 17.7468 17.7468 17.7468 17.7468 17.7468 17.7468 17.7468 16.5752 16.5752 16.5752 16.5752 16.5752 16.5752 16.5752 15.2201 15.2201 15.2201 15.2201 15.2201 15.2201 15.2201 13.8894 26.8005 26.8005 61.7964 14.2471 
Ibias = 9.4000 9.4000 9.4000 9.4000 9.4000 9.4000 9.4000 9.4000 2.0000 2.0000 2.0000 2.0000 2.0000 2.0000 2.0000 2.0000 2.0000 2.0000 2.0000 2.0000 2.0000 2.0000 -2.0000 16.0000 16.0000 10.0000 -11.0000 
fa1 = 11.5261 8.9369 8.9369 8.9369 8.9369 8.9369 8.9369 8.9369 7.4447 7.4447 7.4447 7.4447 7.4447 7.4447 7.4447 5.7881 5.7881 5.7881 5.7881 5.7881 5.7881 5.7881 4.2323 22.3935 22.3935 27.1833 5.4472 
fa2 = 11.4457 8.8680 8.8680 8.8680 8.8680 8.8680 8.8680 8.8680 7.3840 7.3840 7.3840 7.3840 7.3840 7.3840 7.3840 5.7382 5.7382 5.7382 5.7382 5.7382 5.7382 5.7382 4.1941 22.2986 22.2986 27.4480 5.3972 
fa3 = 11.4462 8.8685 8.8685 8.8685 8.8685 8.8685 8.8685 8.8685 7.3846 7.3846 7.3846 7.3846 7.3846 7.3846 7.3846 5.7386 5.7386 5.7386 5.7386 5.7386 5.7386 5.7386 4.1944 22.2990 22.2990 27.4506 5.3977 
fa4 = 11.3666 8.8003 8.8003 8.8003 8.8003 8.8003 8.8003 8.8003 7.3245 7.3245 7.3245 7.3245 7.3245 7.3245 7.3245 5.6892 5.6892 5.6892 5.6892 5.6892 5.6892 5.6892 4.1565 22.2055 22.2055 27.7194 5.3483 
fb1 = -0.3142 -0.3218 -0.3218 -0.3218 -0.3218 -0.3218 -0.3218 -0.3218 -0.3265 -0.3265 -0.3265 -0.3265 -0.3265 -0.3265 -0.3265 -0.3318 -0.3318 -0.3318 -0.3318 -0.3318 -0.3318 -0.3318 -0.3371 -0.0915 -0.0915 0.0436 -0.1414 
fb2 = -0.3139 -0.3216 -0.3216 -0.3216 -0.3216 -0.3216 -0.3216 -0.3216 -0.3263 -0.3263 -0.3263 -0.3263 -0.3263 -0.3263 -0.3263 -0.3316 -0.3316 -0.3316 -0.3316 -0.3316 -0.3316 -0.3316 -0.3369 -0.0911 -0.0911 0.0441 -0.1413 
fb3 = -0.3139 -0.3216 -0.3216 -0.3216 -0.3216 -0.3216 -0.3216 -0.3216 -0.3263 -0.3263 -0.3263 -0.3263 -0.3263 -0.3263 -0.3263 -0.3316 -0.3316 -0.3316 -0.3316 -0.3316 -0.3316 -0.3316 -0.3369 -0.0911 -0.0911 0.0441 -0.1413 
fb4 = -0.3136 -0.3214 -0.3214 -0.3214 -0.3214 -0.3214 -0.3214 -0.3214 -0.3260 -0.3260 -0.3260 -0.3260 -0.3260 -0.3260 -0.3260 -0.3315 -0.3315 -0.3315 -0.3315 -0.3315 -0.3315 -0.3315 -0.3368 -0.0906 -0.0906 0.0447 -0.1412 
I = 14.9000 9.4000 9.4000 9.4000 9.4000 9.4000 9.4000 9.4000 6.0000 6.0000 6.0000 6.0000 6.0000 6.0000 6.0000 2.0000 2.0000 2.0000 2.0000 2.0000 2.0000 2.0000 -2.0000 24.0000 24.0000 10.0000 -10.0100 
S1 = 0.0000 0.0000 0.0000 0.0000 0.0000 0.0000 0.0000 0.0000 0.0000 0.0000 0.0000 0.0000 0.0000 0.0000 0.0000 0.0000 0.0000 0.0000 0.0000 0.0000 0.0000 0.0000 0.0000 0.0000 0.0000 0.0000 0.0000 
S2 = 0.0000 0.0000 0.0000 0.0000 0.0000 0.0000 0.0000 0.0000 0.0000 0.0000 0.0000 0.0000 0.0000 0.0000 0.0000 0.0000 0.0000 0.0000 0.0000 0.0000 0.0000 0.0000 0.0000 0.0000 0.0000 0.0000 0.9900 
u = 9.8198 9.8174 9.8174 9.8174 9.8174 9.8174 9.8174 9.8174 9.8160 9.8160 9.8160 9.8160 9.8160 9.8160 9.8160 9.8143 9.8143 9.8143 9.8143 9.8143 9.8143 9.8143 9.8126 9.9347 9.9347 10.1797 9.9194 
v = 19.7966 17.8355 17.8355 17.8355 17.8355 17.8355 17.8355 17.8355 16.6490 16.6490 16.6490 16.6490 16.6490 16.6490 16.6490 15.2775 15.2775 15.2775 15.2775 15.2775 15.2775 15.2775 13.9314 27.0235 27.0235 62.0709 14.3010 
