ExternalI = 5.5000 0.0000 0.0000 0.0000 0.0000 0.0000 0.0000 0.0000 4.0000 4.0000 4.0000 4.0000 4.0000 4.0000 4.0000 0.0000 0.0000 0.0000 0.0000 0.0000 0.0000 0.0000 0.0000 8.0000 8.0000 0.0000 0.0000 
before u = 9.8198 9.8174 9.8174 9.8174 9.8174 9.8174 9.8174 9.8174 9.8160 9.8160 9.8160 9.8160 9.8160 9.8160 9.8160 9.8143 9.8143 9.8143 9.8143 9.8143 9.8143 9.8143 9.8126 9.9347 9.9347 10.1797 9.9194 
before v = 19.7966 17.8355 17.8355 17.8355 17.8355 17.8355 17.8355 17.8355 16.6490 16.6490 16.6490 16.6490 16.6490 16.6490 16.6490 15.2775 15.2775 15.2775 15.2775 15.2775 15.2775 15.2775 13.9314 27.0235 27.0235 62.0709 14.3010 
Ibias = 9.4000 9.4000 9.4000 9.4000 9.4000 9.4000 9.4000 9.4000 2.0000 2.0000 2.0000 2.0000 2.0000 2.0000 2.0000 2.0000 2.0000 2.0000 2.0000 2.0000 2.0000 2.0000 -2.0000 16.0000 16.0000 10.0000 -11.0000 
fa1 = 11.3666 8.8003 8.8003 8.8003 8.8003 8.8003 8.8003 8.8003 7.3245 7.3245 7.3245 7.3245 7.3245 7.3245 7.3245 5.6892 5.6892 5.6892 5.6892 5.6892 5.6892 5.6892 4.1565 22.2055 22.2055 27.7194 5.3463 
fa2 = 11.2878 8.7328 8.7328 8.7328 8.7328 8.7328 8.7328 8.7328 7.2651 7.2651 7.2651 7.2651 7.2651 7.2651 7.2651 5.6404 5.6404 5.6404 5.6404 5.6404 5.6404 5.6404 4.1191 22.1134 22.1134 27.9924 5.2974 
fa3 = 11.2884 8.7333 8.7333 8.7333 8.7333 8.7333 8.7333 8.7333 7.2656 7.2656 7.2656 7.2656 7.2656 7.2656 7.2656 5.6408 5.6408 5.6408 5.6408 5.6408 5.6408 5.6408 4.1194 22.1138 22.1138 27.9951 5.2979 
fa4 = 11.2104 8.6664 8.6664 8.6664 8.6664 8.6664 8.6664 8.6664 7.2068 7.2068 7.2068 7.2068 7.2068 7.2068 7.2068 5.5924 5.5924 5.5924 5.5924 5.5924 5.5924 5.5924 4.0823 22.0230 22.0230 28.2724 5.2495 
fb1 = -0.3136 -0.3214 -0.3214 -0.3214 -0.3214 -0.3214 -0.3214 -0.3214 -0.3260 -0.3260 -0.3260 -0.3260 -0.3260 -0.3260 -0.3260 -0.3315 -0.3315 -0.3315 -0.3315 -0.3315 -0.3315 -0.3315 -0.3368 -0.0906 -0.0906 0.0447 -0.1412 
fb2 = -0.3133 -0.3211 -0.3211 -0.3211 -0.3211 -0.3211 -0.3211 -0.3211 -0.3258 -0.3258 -0.3258 -0.3258 -0.3258 -0.3258 -0.3258 -0.3313 -0.3313 -0.3313 -0.3313 -0.3313 -0.3313 -0.3313 -0.3366 -0.0901 -0.0901 0.0452 -0.1411 
fb3 = -0.3133 -0.3211 -0.3211 -0.3211 -0.3211 -0.3211 -0.3211 -0.3211 -0.3258 -0.3258 -0.3258 -0.3258 -0.3258 -0.3258 -0.3258 -0.3313 -0.3313 -0.3313 -0.3313 -0.3313 -0.3313 -0.3313 -0.3366 -0.0901 -0.0901 0.0452 -0.1411 
fb4 = -0.3130 -0.3209 -0.3209 -0.3209 -0.3209 -0.3209 -0.3209 -0.3209 -0.3256 -0.3256 -0.3256 -0.3256 -0.3256 -0.3256 -0.3256 -0.3311 -0.3311 -0.3311 -0.3311 -0.3311 -0.3311 -0.3311 -0.3365 -0.0897 -0.0897 0.0458 -0.1409 
I = 14.9000 9.4000 9.4000 9.4000 9.4000 9.4000 9.4000 9.4000 6.0000 6.0000 6.0000 6.0000 6.0000 6.0000 6.0000 2.0000 2.0000 2.0000 2.0000 2.0000 2.0000 2.0000 -2.0000 24.0000 24.0000 10.0000 -10.0119 
S1 = 0.0000 0.0000 0.0000 0.0000 0.0000 0.0000 0.0000 0.0000 0.0000 0.0000 0.0000 0.0000 0.0000 0.0000 0.0000 0.0000 0.0000 0.0000 0.0000 0.0000 0.0000 0.0000 0.0000 0.0000 0.0000 0.0000 0.0000 
S2 = 0.0000 0.0000 0.0000 0.0000 0.0000 0.0000 0.0000 0.0000 0.0000 0.0000 0.0000 0.0000 0.0000 0.0000 0.0000 0.0000 0.0000 0.0000 0.0000 0.0000 0.0000 0.0000 0.0000 0.0000 0.0000 0.0000 0.9881 
u = 9.8167 9.8142 9.8142 9.8142 9.8142 9.8142 9.8142 9.8142 9.8127 9.8127 9.8127 9.8127 9.8127 9.8127 9.8127 9.8110 9.8110 9.8110 9.8110 9.8110 9.8110 9.8110 9.8093 9.9338 9.9338 10.1802 9.9180 
v = 19.9095 17.9228 17.9228 17.9228 17.9228 17.9228 17.9228 17.9228 16.7217 16.7217 16.7217 16.7217 16.7217 16.7217 16.7217 15.3339 15.3339 15.3339 15.3339 15.3339 15.3339 15.3339 13.9726 27.2447 27.2447 62.3508 14.3540 
