ExternalI = 5.5000 0.0000 0.0000 0.0000 0.0000 0.0000 0.0000 0.0000 4.0000 4.0000 4.0000 4.0000 4.0000 4.0000 4.0000 0.0000 0.0000 0.0000 0.0000 0.0000 0.0000 0.0000 0.0000 8.0000 8.0000 0.0000 0.0000 
before u = 9.8135 9.8110 9.8110 9.8110 9.8110 9.8110 9.8110 9.8110 9.8095 9.8095 9.8095 9.8095 9.8095 9.8095 9.8095 9.8077 9.8077 9.8077 9.8077 9.8077 9.8077 9.8077 9.8059 9.9329 9.9329 10.1806 9.9166 
before v = 20.0208 18.0088 18.0088 18.0088 18.0088 18.0088 18.0088 18.0088 16.7932 16.7932 16.7932 16.7932 16.7932 16.7932 16.7932 15.3894 15.3894 15.3894 15.3894 15.3894 15.3894 15.3894 14.0130 27.4640 27.4640 62.6364 14.4060 
Ibias = 9.4000 9.4000 9.4000 9.4000 9.4000 9.4000 9.4000 9.4000 2.0000 2.0000 2.0000 2.0000 2.0000 2.0000 2.0000 2.0000 2.0000 2.0000 2.0000 2.0000 2.0000 2.0000 -2.0000 16.0000 16.0000 10.0000 -11.0000 
fa1 = 11.0573 8.5352 8.5352 8.5352 8.5352 8.5352 8.5352 8.5352 7.0914 7.0914 7.0914 7.0914 7.0914 7.0914 7.0914 5.4975 5.4975 5.4975 5.4975 5.4975 5.4975 5.4975 4.0096 21.8459 21.8459 28.8429 5.1508 
fa2 = 10.9817 8.4704 8.4704 8.4704 8.4704 8.4704 8.4704 8.4704 7.0344 7.0344 7.0344 7.0344 7.0344 7.0344 7.0344 5.4506 5.4506 5.4506 5.4506 5.4506 5.4506 5.4506 3.9736 21.7591 21.7591 29.1335 5.1039 
fa3 = 10.9822 8.4709 8.4709 8.4709 8.4709 8.4709 8.4709 8.4709 7.0348 7.0348 7.0348 7.0348 7.0348 7.0348 7.0348 5.4510 5.4510 5.4510 5.4510 5.4510 5.4510 5.4510 3.9740 21.7595 21.7595 29.1364 5.1044 
fa4 = 10.9074 8.4066 8.4066 8.4066 8.4066 8.4066 8.4066 8.4066 6.9783 6.9783 6.9783 6.9783 6.9783 6.9783 6.9783 5.4045 5.4045 5.4045 5.4045 5.4045 5.4045 5.4045 3.9383 21.6740 21.6740 29.4317 5.0580 
fb1 = -0.3125 -0.3204 -0.3204 -0.3204 -0.3204 -0.3204 -0.3204 -0.3204 -0.3252 -0.3252 -0.3252 -0.3252 -0.3252 -0.3252 -0.3252 -0.3307 -0.3307 -0.3307 -0.3307 -0.3307 -0.3307 -0.3307 -0.3362 -0.0888 -0.0888 0.0469 -0.1407 
fb2 = -0.3122 -0.3202 -0.3202 -0.3202 -0.3202 -0.3202 -0.3202 -0.3202 -0.3250 -0.3250 -0.3250 -0.3250 -0.3250 -0.3250 -0.3250 -0.3306 -0.3306 -0.3306 -0.3306 -0.3306 -0.3306 -0.3306 -0.3360 -0.0884 -0.0884 0.0475 -0.1406 
fb3 = -0.3122 -0.3202 -0.3202 -0.3202 -0.3202 -0.3202 -0.3202 -0.3202 -0.3250 -0.3250 -0.3250 -0.3250 -0.3250 -0.3250 -0.3250 -0.3306 -0.3306 -0.3306 -0.3306 -0.3306 -0.3306 -0.3306 -0.3360 -0.0884 -0.0884 0.0475 -0.1406 
fb4 = -0.3119 -0.3199 -0.3199 -0.3199 -0.3199 -0.3199 -0.3199 -0.3199 -0.3248 -0.3248 -0.3248 -0.3248 -0.3248 -0.3248 -0.3248 -0.3304 -0.3304 -0.3304 -0.3304 -0.3304 -0.3304 -0.3304 -0.3359 -0.0879 -0.0879 0.0481 -0.1405 
I = 14.9000 9.4000 9.4000 9.4000 9.4000 9.4000 9.4000 9.4000 6.0000 6.0000 6.0000 6.0000 6.0000 6.0000 6.0000 2.0000 2.0000 2.0000 2.0000 2.0000 2.0000 2.0000 -2.0000 24.0000 24.0000 10.0000 -10.0159 
S1 = 0.0000 0.0000 0.0000 0.0000 0.0000 0.0000 0.0000 0.0000 0.0000 0.0000 0.0000 0.0000 0.0000 0.0000 0.0000 0.0000 0.0000 0.0000 0.0000 0.0000 0.0000 0.0000 0.0000 0.0000 0.0000 0.0000 0.0000 
S2 = 0.0000 0.0000 0.0000 0.0000 0.0000 0.0000 0.0000 0.0000 0.0000 0.0000 0.0000 0.0000 0.0000 0.0000 0.0000 0.0000 0.0000 0.0000 0.0000 0.0000 0.0000 0.0000 0.0000 0.0000 0.0000 0.0000 0.9841 
u = 9.8104 9.8078 9.8078 9.8078 9.8078 9.8078 9.8078 9.8078 9.8062 9.8062 9.8062 9.8062 9.8062 9.8062 9.8062 9.8044 9.8044 9.8044 9.8044 9.8044 9.8044 9.8044 9.8025 9.9321 9.9321 10.1811 9.9152 
v = 20.1306 18.0935 18.0935 18.0935 18.0935 18.0935 18.0935 18.0935 16.8635 16.8635 16.8635 16.8635 16.8635 16.8635 16.8635 15.4439 15.4439 15.4439 15.4439 15.4439 15.4439 15.4439 14.0528 27.6816 27.6816 62.9277 14.4571 
