ExternalI = 5.5000 0.0000 0.0000 0.0000 0.0000 0.0000 0.0000 0.0000 4.0000 4.0000 4.0000 4.0000 4.0000 4.0000 4.0000 0.0000 0.0000 0.0000 0.0000 0.0000 0.0000 0.0000 0.0000 8.0000 8.0000 0.0000 0.0000 
before u = 9.8011 9.7982 9.7982 9.7982 9.7982 9.7982 9.7982 9.7982 9.7965 9.7965 9.7965 9.7965 9.7965 9.7965 9.7965 9.7945 9.7945 9.7945 9.7945 9.7945 9.7945 9.7945 9.7925 9.9295 9.9295 10.1826 9.9110 
before v = 20.4513 18.3401 18.3401 18.3401 18.3401 18.3401 18.3401 18.3401 17.0679 17.0679 17.0679 17.0679 17.0679 17.0679 17.0679 15.6020 15.6020 15.6020 15.6020 15.6020 15.6020 15.6020 14.1678 28.3244 28.3244 63.8385 14.6046 
Ibias = 9.4000 9.4000 9.4000 9.4000 9.4000 9.4000 9.4000 9.4000 2.0000 2.0000 2.0000 2.0000 2.0000 2.0000 2.0000 2.0000 2.0000 2.0000 2.0000 2.0000 2.0000 2.0000 -2.0000 16.0000 16.0000 10.0000 -11.0000 
fa1 = 10.4752 8.0358 8.0358 8.0358 8.0358 8.0358 8.0358 8.0358 6.6523 6.6523 6.6523 6.6523 6.6523 6.6523 6.6523 5.1365 5.1365 5.1365 5.1365 5.1365 5.1365 5.1365 3.7331 21.1882 21.1882 31.3161 4.7832 
fa2 = 10.4054 7.9759 7.9759 7.9759 7.9759 7.9759 7.9759 7.9759 6.5996 6.5996 6.5996 6.5996 6.5996 6.5996 6.5996 5.0932 5.0932 5.0932 5.0932 5.0932 5.0932 5.0932 3.7000 21.1113 21.1113 31.6467 4.7401 
fa3 = 10.4059 7.9764 7.9764 7.9764 7.9764 7.9764 7.9764 7.9764 6.6000 6.6000 6.6000 6.6000 6.6000 6.6000 6.6000 5.0936 5.0936 5.0936 5.0936 5.0936 5.0936 5.0936 3.7003 21.1116 21.1116 31.6502 4.7405 
fa4 = 10.3368 7.9170 7.9170 7.9170 7.9170 7.9170 7.9170 7.9170 6.5478 6.5478 6.5478 6.5478 6.5478 6.5478 6.5478 5.0507 5.0507 5.0507 5.0507 5.0507 5.0507 5.0507 3.6675 21.0359 21.0359 31.9865 4.6978 
fb1 = -0.3102 -0.3186 -0.3186 -0.3186 -0.3186 -0.3186 -0.3186 -0.3186 -0.3236 -0.3236 -0.3236 -0.3236 -0.3236 -0.3236 -0.3236 -0.3294 -0.3294 -0.3294 -0.3294 -0.3294 -0.3294 -0.3294 -0.3350 -0.0853 -0.0853 0.0517 -0.1398 
fb2 = -0.3100 -0.3183 -0.3183 -0.3183 -0.3183 -0.3183 -0.3183 -0.3183 -0.3234 -0.3234 -0.3234 -0.3234 -0.3234 -0.3234 -0.3234 -0.3292 -0.3292 -0.3292 -0.3292 -0.3292 -0.3292 -0.3292 -0.3349 -0.0849 -0.0849 0.0523 -0.1397 
fb3 = -0.3100 -0.3183 -0.3183 -0.3183 -0.3183 -0.3183 -0.3183 -0.3183 -0.3234 -0.3234 -0.3234 -0.3234 -0.3234 -0.3234 -0.3234 -0.3292 -0.3292 -0.3292 -0.3292 -0.3292 -0.3292 -0.3292 -0.3349 -0.0849 -0.0849 0.0523 -0.1397 
fb4 = -0.3097 -0.3181 -0.3181 -0.3181 -0.3181 -0.3181 -0.3181 -0.3181 -0.3232 -0.3232 -0.3232 -0.3232 -0.3232 -0.3232 -0.3232 -0.3290 -0.3290 -0.3290 -0.3290 -0.3290 -0.3290 -0.3290 -0.3347 -0.0844 -0.0844 0.0530 -0.1396 
I = 14.9000 9.4000 9.4000 9.4000 9.4000 9.4000 9.4000 9.4000 6.0000 6.0000 6.0000 6.0000 6.0000 6.0000 6.0000 2.0000 2.0000 2.0000 2.0000 2.0000 2.0000 2.0000 -2.0000 24.0000 24.0000 10.0000 -10.0237 
S1 = 0.0000 0.0000 0.0000 0.0000 0.0000 0.0000 0.0000 0.0000 0.0000 0.0000 0.0000 0.0000 0.0000 0.0000 0.0000 0.0000 0.0000 0.0000 0.0000 0.0000 0.0000 0.0000 0.0000 0.0000 0.0000 0.0000 0.0000 
S2 = 0.0000 0.0000 0.0000 0.0000 0.0000 0.0000 0.0000 0.0000 0.0000 0.0000 0.0000 0.0000 0.0000 0.0000 0.0000 0.0000 0.0000 0.0000 0.0000 0.0000 0.0000 0.0000 0.0000 0.0000 0.0000 0.0000 0.9763 
u = 9.7980 9.7951 9.7951 9.7951 9.7951 9.7951 9.7951 9.7951 9.7933 9.7933 9.7933 9.7933 9.7933 9.7933 9.7933 9.7912 9.7912 9.7912 9.7912 9.7912 9.7912 9.7912 9.7891 9.9286 9.9286 10.1831 9.9096 
v = 20.5554 18.4199 18.4199 18.4199 18.4199 18.4199 18.4199 18.4199 17.1339 17.1339 17.1339 17.1339 17.1339 17.1339 17.1339 15.6529 15.6529 15.6529 15.6529 15.6529 15.6529 15.6529 14.2048 28.5355 28.5355 64.1550 14.6520 
