ExternalI = 5.5000 0.0000 0.0000 0.0000 0.0000 0.0000 0.0000 0.0000 4.0000 4.0000 4.0000 4.0000 4.0000 4.0000 4.0000 0.0000 0.0000 0.0000 0.0000 0.0000 0.0000 0.0000 0.0000 8.0000 8.0000 0.0000 0.0000 
before u = 9.7949 9.7919 9.7919 9.7919 9.7919 9.7919 9.7919 9.7919 9.7900 9.7900 9.7900 9.7900 9.7900 9.7900 9.7900 9.7879 9.7879 9.7879 9.7879 9.7879 9.7879 9.7879 9.7858 9.9278 9.9278 10.1836 9.9082 
before v = 20.6581 18.4984 18.4984 18.4984 18.4984 18.4984 18.4984 18.4984 17.1989 17.1989 17.1989 17.1989 17.1989 17.1989 17.1989 15.7030 15.7030 15.7030 15.7030 15.7030 15.7030 15.7030 14.2412 28.7452 28.7452 64.4783 14.6986 
Ibias = 9.4000 9.4000 9.4000 9.4000 9.4000 9.4000 9.4000 9.4000 2.0000 2.0000 2.0000 2.0000 2.0000 2.0000 2.0000 2.0000 2.0000 2.0000 2.0000 2.0000 2.0000 2.0000 -2.0000 16.0000 16.0000 10.0000 -11.0000 
fa1 = 10.2011 7.8005 7.8005 7.8005 7.8005 7.8005 7.8005 7.8005 6.4454 6.4454 6.4454 6.4454 6.4454 6.4454 6.4454 4.9665 4.9665 4.9665 4.9665 4.9665 4.9665 4.9665 3.6031 20.8881 20.8881 32.6795 4.6103 
fa2 = 10.1341 7.7428 7.7428 7.7428 7.7428 7.7428 7.7428 7.7428 6.3947 6.3947 6.3947 6.3947 6.3947 6.3947 6.3947 4.9249 4.9249 4.9249 4.9249 4.9249 4.9249 4.9249 3.5713 20.8158 20.8158 33.0330 4.5690 
fa3 = 10.1345 7.7433 7.7433 7.7433 7.7433 7.7433 7.7433 7.7433 6.3951 6.3951 6.3951 6.3951 6.3951 6.3951 6.3951 4.9252 4.9252 4.9252 4.9252 4.9252 4.9252 4.9252 3.5716 20.8161 20.8161 33.0368 4.5694 
fa4 = 10.0681 7.6862 7.6862 7.6862 7.6862 7.6862 7.6862 7.6862 6.3449 6.3449 6.3449 6.3449 6.3449 6.3449 6.3449 4.8840 4.8840 4.8840 4.8840 4.8840 4.8840 4.8840 3.5401 20.7449 20.7449 33.3963 4.5285 
fb1 = -0.3092 -0.3177 -0.3177 -0.3177 -0.3177 -0.3177 -0.3177 -0.3177 -0.3228 -0.3228 -0.3228 -0.3228 -0.3228 -0.3228 -0.3228 -0.3287 -0.3287 -0.3287 -0.3287 -0.3287 -0.3287 -0.3287 -0.3345 -0.0836 -0.0836 0.0542 -0.1394 
fb2 = -0.3089 -0.3175 -0.3175 -0.3175 -0.3175 -0.3175 -0.3175 -0.3175 -0.3226 -0.3226 -0.3226 -0.3226 -0.3226 -0.3226 -0.3226 -0.3285 -0.3285 -0.3285 -0.3285 -0.3285 -0.3285 -0.3285 -0.3343 -0.0831 -0.0831 0.0549 -0.1393 
fb3 = -0.3089 -0.3175 -0.3175 -0.3175 -0.3175 -0.3175 -0.3175 -0.3175 -0.3226 -0.3226 -0.3226 -0.3226 -0.3226 -0.3226 -0.3226 -0.3285 -0.3285 -0.3285 -0.3285 -0.3285 -0.3285 -0.3285 -0.3343 -0.0832 -0.0832 0.0549 -0.1393 
fb4 = -0.3086 -0.3172 -0.3172 -0.3172 -0.3172 -0.3172 -0.3172 -0.3172 -0.3224 -0.3224 -0.3224 -0.3224 -0.3224 -0.3224 -0.3224 -0.3284 -0.3284 -0.3284 -0.3284 -0.3284 -0.3284 -0.3284 -0.3342 -0.0827 -0.0827 0.0556 -0.1392 
I = 14.9000 9.4000 9.4000 9.4000 9.4000 9.4000 9.4000 9.4000 6.0000 6.0000 6.0000 6.0000 6.0000 6.0000 6.0000 2.0000 2.0000 2.0000 2.0000 2.0000 2.0000 2.0000 -2.0000 24.0000 24.0000 10.0000 -10.0276 
S1 = 0.0000 0.0000 0.0000 0.0000 0.0000 0.0000 0.0000 0.0000 0.0000 0.0000 0.0000 0.0000 0.0000 0.0000 0.0000 0.0000 0.0000 0.0000 0.0000 0.0000 0.0000 0.0000 0.0000 0.0000 0.0000 0.0000 0.0000 
S2 = 0.0000 0.0000 0.0000 0.0000 0.0000 0.0000 0.0000 0.0000 0.0000 0.0000 0.0000 0.0000 0.0000 0.0000 0.0000 0.0000 0.0000 0.0000 0.0000 0.0000 0.0000 0.0000 0.0000 0.0000 0.0000 0.0000 0.9724 
u = 9.7918 9.7887 9.7887 9.7887 9.7887 9.7887 9.7887 9.7887 9.7868 9.7868 9.7868 9.7868 9.7868 9.7868 9.7868 9.7846 9.7846 9.7846 9.7846 9.7846 9.7846 9.7846 9.7824 9.9269 9.9269 10.1842 9.9068 
v = 20.7594 18.5759 18.5759 18.5759 18.5759 18.5759 18.5759 18.5759 17.2628 17.2628 17.2628 17.2628 17.2628 17.2628 17.2628 15.7522 15.7522 15.7522 15.7522 15.7522 15.7522 15.7522 14.2769 28.9533 28.9533 64.8087 14.7443 
