ExternalI = 5.5000 0.0000 0.0000 0.0000 0.0000 0.0000 0.0000 0.0000 4.0000 4.0000 4.0000 4.0000 4.0000 4.0000 4.0000 0.0000 0.0000 0.0000 0.0000 0.0000 0.0000 0.0000 0.0000 8.0000 8.0000 0.0000 0.0000 
before u = 9.7918 9.7887 9.7887 9.7887 9.7887 9.7887 9.7887 9.7887 9.7868 9.7868 9.7868 9.7868 9.7868 9.7868 9.7868 9.7846 9.7846 9.7846 9.7846 9.7846 9.7846 9.7846 9.7824 9.9269 9.9269 10.1842 9.9068 
before v = 20.7594 18.5759 18.5759 18.5759 18.5759 18.5759 18.5759 18.5759 17.2628 17.2628 17.2628 17.2628 17.2628 17.2628 17.2628 15.7522 15.7522 15.7522 15.7522 15.7522 15.7522 15.7522 14.2769 28.9533 28.9533 64.8087 14.7443 
Ibias = 9.4000 9.4000 9.4000 9.4000 9.4000 9.4000 9.4000 9.4000 2.0000 2.0000 2.0000 2.0000 2.0000 2.0000 2.0000 2.0000 2.0000 2.0000 2.0000 2.0000 2.0000 2.0000 -2.0000 16.0000 16.0000 10.0000 -11.0000 
fa1 = 10.0681 7.6862 7.6862 7.6862 7.6862 7.6862 7.6862 7.6862 6.3449 6.3449 6.3449 6.3449 6.3449 6.3449 6.3449 4.8840 4.8840 4.8840 4.8840 4.8840 4.8840 4.8840 3.5401 20.7449 20.7449 33.3963 4.5265 
fa2 = 10.0023 7.6297 7.6297 7.6297 7.6297 7.6297 7.6297 7.6297 6.2952 6.2952 6.2952 6.2952 6.2952 6.2952 6.2952 4.8432 4.8432 4.8432 4.8432 4.8432 4.8432 4.8432 3.5089 20.6748 20.6748 33.7620 4.4860 
fa3 = 10.0028 7.6301 7.6301 7.6301 7.6301 7.6301 7.6301 7.6301 6.2956 6.2956 6.2956 6.2956 6.2956 6.2956 6.2956 4.8435 4.8435 4.8435 4.8435 4.8435 4.8435 4.8435 3.5092 20.6750 20.6750 33.7660 4.4864 
fa4 = 9.9376 7.5741 7.5741 7.5741 7.5741 7.5741 7.5741 7.5741 6.2464 6.2464 6.2464 6.2464 6.2464 6.2464 6.2464 4.8031 4.8031 4.8031 4.8031 4.8031 4.8031 4.8031 3.4783 20.6061 20.6061 34.1380 4.4463 
fb1 = -0.3086 -0.3172 -0.3172 -0.3172 -0.3172 -0.3172 -0.3172 -0.3172 -0.3224 -0.3224 -0.3224 -0.3224 -0.3224 -0.3224 -0.3224 -0.3284 -0.3284 -0.3284 -0.3284 -0.3284 -0.3284 -0.3284 -0.3342 -0.0827 -0.0827 0.0556 -0.1392 
fb2 = -0.3084 -0.3170 -0.3170 -0.3170 -0.3170 -0.3170 -0.3170 -0.3170 -0.3222 -0.3222 -0.3222 -0.3222 -0.3222 -0.3222 -0.3222 -0.3282 -0.3282 -0.3282 -0.3282 -0.3282 -0.3282 -0.3282 -0.3341 -0.0823 -0.0823 0.0562 -0.1391 
fb3 = -0.3084 -0.3170 -0.3170 -0.3170 -0.3170 -0.3170 -0.3170 -0.3170 -0.3222 -0.3222 -0.3222 -0.3222 -0.3222 -0.3222 -0.3222 -0.3282 -0.3282 -0.3282 -0.3282 -0.3282 -0.3282 -0.3282 -0.3341 -0.0823 -0.0823 0.0562 -0.1391 
fb4 = -0.3081 -0.3168 -0.3168 -0.3168 -0.3168 -0.3168 -0.3168 -0.3168 -0.3220 -0.3220 -0.3220 -0.3220 -0.3220 -0.3220 -0.3220 -0.3281 -0.3281 -0.3281 -0.3281 -0.3281 -0.3281 -0.3281 -0.3339 -0.0819 -0.0819 0.0569 -0.1390 
I = 14.9000 9.4000 9.4000 9.4000 9.4000 9.4000 9.4000 9.4000 6.0000 6.0000 6.0000 6.0000 6.0000 6.0000 6.0000 2.0000 2.0000 2.0000 2.0000 2.0000 2.0000 2.0000 -2.0000 24.0000 24.0000 10.0000 -10.0296 
S1 = 0.0000 0.0000 0.0000 0.0000 0.0000 0.0000 0.0000 0.0000 0.0000 0.0000 0.0000 0.0000 0.0000 0.0000 0.0000 0.0000 0.0000 0.0000 0.0000 0.0000 0.0000 0.0000 0.0000 0.0000 0.0000 0.0000 0.0000 
S2 = 0.0000 0.0000 0.0000 0.0000 0.0000 0.0000 0.0000 0.0000 0.0000 0.0000 0.0000 0.0000 0.0000 0.0000 0.0000 0.0000 0.0000 0.0000 0.0000 0.0000 0.0000 0.0000 0.0000 0.0000 0.0000 0.0000 0.9704 
u = 9.7887 9.7855 9.7855 9.7855 9.7855 9.7855 9.7855 9.7855 9.7836 9.7836 9.7836 9.7836 9.7836 9.7836 9.7836 9.7813 9.7813 9.7813 9.7813 9.7813 9.7813 9.7813 9.7791 9.9261 9.9261 10.1848 9.9054 
v = 20.8594 18.6522 18.6522 18.6522 18.6522 18.6522 18.6522 18.6522 17.3258 17.3258 17.3258 17.3258 17.3258 17.3258 17.3258 15.8007 15.8007 15.8007 15.8007 15.8007 15.8007 15.8007 14.3120 29.1601 29.1601 65.1463 14.7891 
