ExternalI = 5.5000 0.0000 0.0000 0.0000 0.0000 0.0000 0.0000 0.0000 4.0000 4.0000 4.0000 4.0000 4.0000 4.0000 4.0000 0.0000 0.0000 0.0000 0.0000 0.0000 0.0000 0.0000 0.0000 8.0000 8.0000 0.0000 0.0000 
before u = 9.7826 9.7792 9.7792 9.7792 9.7792 9.7792 9.7792 9.7792 9.7772 9.7772 9.7772 9.7772 9.7772 9.7772 9.7772 9.7748 9.7748 9.7748 9.7748 9.7748 9.7748 9.7748 9.7724 9.9245 9.9245 10.1859 9.9027 
before v = 21.0556 18.8015 18.8015 18.8015 18.8015 18.8015 18.8015 18.8015 17.4488 17.4488 17.4488 17.4488 17.4488 17.4488 17.4488 15.8951 15.8951 15.8951 15.8951 15.8951 15.8951 15.8951 14.3803 29.5695 29.5695 65.8445 14.8764 
Ibias = 9.4000 9.4000 9.4000 9.4000 9.4000 9.4000 9.4000 9.4000 2.0000 2.0000 2.0000 2.0000 2.0000 2.0000 2.0000 2.0000 2.0000 2.0000 2.0000 2.0000 2.0000 2.0000 -2.0000 16.0000 16.0000 10.0000 -11.0000 
fa1 = 9.6841 7.3562 7.3562 7.3562 7.3562 7.3562 7.3562 7.3562 6.0549 6.0549 6.0549 6.0549 6.0549 6.0549 6.0549 4.6460 4.6460 4.6460 4.6460 4.6460 4.6460 4.6460 3.3583 20.3412 20.3412 35.7005 4.2850 
fa2 = 9.6220 7.3028 7.3028 7.3028 7.3028 7.3028 7.3028 7.3028 6.0080 6.0080 6.0080 6.0080 6.0080 6.0080 6.0080 4.6075 4.6075 4.6075 4.6075 4.6075 4.6075 4.6075 3.3289 20.2775 20.2775 36.1063 4.2469 
fa3 = 9.6225 7.3032 7.3032 7.3032 7.3032 7.3032 7.3032 7.3032 6.0083 6.0083 6.0083 6.0083 6.0083 6.0083 6.0083 4.6079 4.6079 4.6079 4.6079 4.6079 4.6079 4.6079 3.3292 20.2777 20.2777 36.1109 4.2473 
fa4 = 9.5610 7.2503 7.2503 7.2503 7.2503 7.2503 7.2503 7.2503 5.9619 5.9619 5.9619 5.9619 5.9619 5.9619 5.9619 4.5697 4.5697 4.5697 4.5697 4.5697 4.5697 4.5697 3.3001 20.2150 20.2150 36.5240 4.2096 
fb1 = -0.3071 -0.3160 -0.3160 -0.3160 -0.3160 -0.3160 -0.3160 -0.3160 -0.3213 -0.3213 -0.3213 -0.3213 -0.3213 -0.3213 -0.3213 -0.3274 -0.3274 -0.3274 -0.3274 -0.3274 -0.3274 -0.3274 -0.3334 -0.0802 -0.0802 0.0597 -0.1385 
fb2 = -0.3068 -0.3158 -0.3158 -0.3158 -0.3158 -0.3158 -0.3158 -0.3158 -0.3211 -0.3211 -0.3211 -0.3211 -0.3211 -0.3211 -0.3211 -0.3273 -0.3273 -0.3273 -0.3273 -0.3273 -0.3273 -0.3273 -0.3332 -0.0798 -0.0798 0.0604 -0.1384 
fb3 = -0.3068 -0.3158 -0.3158 -0.3158 -0.3158 -0.3158 -0.3158 -0.3158 -0.3211 -0.3211 -0.3211 -0.3211 -0.3211 -0.3211 -0.3211 -0.3273 -0.3273 -0.3273 -0.3273 -0.3273 -0.3273 -0.3273 -0.3332 -0.0798 -0.0798 0.0604 -0.1384 
fb4 = -0.3066 -0.3155 -0.3155 -0.3155 -0.3155 -0.3155 -0.3155 -0.3155 -0.3209 -0.3209 -0.3209 -0.3209 -0.3209 -0.3209 -0.3209 -0.3271 -0.3271 -0.3271 -0.3271 -0.3271 -0.3271 -0.3271 -0.3331 -0.0794 -0.0794 0.0611 -0.1383 
I = 14.9000 9.4000 9.4000 9.4000 9.4000 9.4000 9.4000 9.4000 6.0000 6.0000 6.0000 6.0000 6.0000 6.0000 6.0000 2.0000 2.0000 2.0000 2.0000 2.0000 2.0000 2.0000 -2.0000 24.0000 24.0000 10.0000 -10.0354 
S1 = 0.0000 0.0000 0.0000 0.0000 0.0000 0.0000 0.0000 0.0000 0.0000 0.0000 0.0000 0.0000 0.0000 0.0000 0.0000 0.0000 0.0000 0.0000 0.0000 0.0000 0.0000 0.0000 0.0000 0.0000 0.0000 0.0000 0.0000 
S2 = 0.0000 0.0000 0.0000 0.0000 0.0000 0.0000 0.0000 0.0000 0.0000 0.0000 0.0000 0.0000 0.0000 0.0000 0.0000 0.0000 0.0000 0.0000 0.0000 0.0000 0.0000 0.0000 0.0000 0.0000 0.0000 0.0000 0.9646 
u = 9.7795 9.7760 9.7760 9.7760 9.7760 9.7760 9.7760 9.7760 9.7739 9.7739 9.7739 9.7739 9.7739 9.7739 9.7739 9.7715 9.7715 9.7715 9.7715 9.7715 9.7715 9.7715 9.7691 9.9237 9.9237 10.1865 9.9013 
v = 21.1519 18.8745 18.8745 18.8745 18.8745 18.8745 18.8745 18.8745 17.5089 17.5089 17.5089 17.5089 17.5089 17.5089 17.5089 15.9412 15.9412 15.9412 15.9412 15.9412 15.9412 15.9412 14.4136 29.7723 29.7723 66.2056 14.9189 
