ExternalI = 5.5000 0.0000 0.0000 0.0000 0.0000 0.0000 0.0000 0.0000 4.0000 4.0000 4.0000 4.0000 4.0000 4.0000 4.0000 0.0000 0.0000 0.0000 0.0000 0.0000 0.0000 0.0000 0.0000 8.0000 8.0000 0.0000 0.0000 
before u = 9.7795 9.7760 9.7760 9.7760 9.7760 9.7760 9.7760 9.7760 9.7739 9.7739 9.7739 9.7739 9.7739 9.7739 9.7739 9.7715 9.7715 9.7715 9.7715 9.7715 9.7715 9.7715 9.7691 9.9237 9.9237 10.1865 9.9013 
before v = 21.1519 18.8745 18.8745 18.8745 18.8745 18.8745 18.8745 18.8745 17.5089 17.5089 17.5089 17.5089 17.5089 17.5089 17.5089 15.9412 15.9412 15.9412 15.9412 15.9412 15.9412 15.9412 14.4136 29.7723 29.7723 66.2056 14.9189 
Ibias = 9.4000 9.4000 9.4000 9.4000 9.4000 9.4000 9.4000 9.4000 2.0000 2.0000 2.0000 2.0000 2.0000 2.0000 2.0000 2.0000 2.0000 2.0000 2.0000 2.0000 2.0000 2.0000 -2.0000 16.0000 16.0000 10.0000 -11.0000 
fa1 = 9.5610 7.2503 7.2503 7.2503 7.2503 7.2503 7.2503 7.2503 5.9619 5.9619 5.9619 5.9619 5.9619 5.9619 5.9619 4.5697 4.5697 4.5697 4.5697 4.5697 4.5697 4.5697 3.3001 20.2150 20.2150 36.5240 4.2076 
fa2 = 9.5001 7.1979 7.1979 7.1979 7.1979 7.1979 7.1979 7.1979 5.9158 5.9158 5.9158 5.9158 5.9158 5.9158 5.9158 4.5320 4.5320 4.5320 4.5320 4.5320 4.5320 4.5320 3.2713 20.1533 20.1533 36.9444 4.1703 
fa3 = 9.5005 7.1983 7.1983 7.1983 7.1983 7.1983 7.1983 7.1983 5.9162 5.9162 5.9162 5.9162 5.9162 5.9162 5.9162 4.5323 4.5323 4.5323 4.5323 4.5323 4.5323 4.5323 3.2716 20.1535 20.1535 36.9492 4.1707 
fa4 = 9.4401 7.1464 7.1464 7.1464 7.1464 7.1464 7.1464 7.1464 5.8706 5.8706 5.8706 5.8706 5.8706 5.8706 5.8706 4.4949 4.4949 4.4949 4.4949 4.4949 4.4949 4.4949 3.2431 20.0928 20.0928 37.3773 4.1337 
fb1 = -0.3066 -0.3155 -0.3155 -0.3155 -0.3155 -0.3155 -0.3155 -0.3155 -0.3209 -0.3209 -0.3209 -0.3209 -0.3209 -0.3209 -0.3209 -0.3271 -0.3271 -0.3271 -0.3271 -0.3271 -0.3271 -0.3271 -0.3331 -0.0794 -0.0794 0.0611 -0.1383 
fb2 = -0.3063 -0.3153 -0.3153 -0.3153 -0.3153 -0.3153 -0.3153 -0.3153 -0.3207 -0.3207 -0.3207 -0.3207 -0.3207 -0.3207 -0.3207 -0.3269 -0.3269 -0.3269 -0.3269 -0.3269 -0.3269 -0.3269 -0.3330 -0.0790 -0.0790 0.0618 -0.1383 
fb3 = -0.3063 -0.3153 -0.3153 -0.3153 -0.3153 -0.3153 -0.3153 -0.3153 -0.3207 -0.3207 -0.3207 -0.3207 -0.3207 -0.3207 -0.3207 -0.3269 -0.3269 -0.3269 -0.3269 -0.3269 -0.3269 -0.3269 -0.3330 -0.0790 -0.0790 0.0618 -0.1383 
fb4 = -0.3061 -0.3151 -0.3151 -0.3151 -0.3151 -0.3151 -0.3151 -0.3151 -0.3206 -0.3206 -0.3206 -0.3206 -0.3206 -0.3206 -0.3206 -0.3268 -0.3268 -0.3268 -0.3268 -0.3268 -0.3268 -0.3268 -0.3328 -0.0786 -0.0786 0.0626 -0.1382 
I = 14.9000 9.4000 9.4000 9.4000 9.4000 9.4000 9.4000 9.4000 6.0000 6.0000 6.0000 6.0000 6.0000 6.0000 6.0000 2.0000 2.0000 2.0000 2.0000 2.0000 2.0000 2.0000 -2.0000 24.0000 24.0000 10.0000 -10.0373 
S1 = 0.0000 0.0000 0.0000 0.0000 0.0000 0.0000 0.0000 0.0000 0.0000 0.0000 0.0000 0.0000 0.0000 0.0000 0.0000 0.0000 0.0000 0.0000 0.0000 0.0000 0.0000 0.0000 0.0000 0.0000 0.0000 0.0000 0.0000 
S2 = 0.0000 0.0000 0.0000 0.0000 0.0000 0.0000 0.0000 0.0000 0.0000 0.0000 0.0000 0.0000 0.0000 0.0000 0.0000 0.0000 0.0000 0.0000 0.0000 0.0000 0.0000 0.0000 0.0000 0.0000 0.0000 0.0000 0.9627 
u = 9.7764 9.7729 9.7729 9.7729 9.7729 9.7729 9.7729 9.7729 9.7707 9.7707 9.7707 9.7707 9.7707 9.7707 9.7707 9.7682 9.7682 9.7682 9.7682 9.7682 9.7682 9.7682 9.7658 9.9229 9.9229 10.1871 9.8999 
v = 21.2469 18.9465 18.9465 18.9465 18.9465 18.9465 18.9465 18.9465 17.5680 17.5680 17.5680 17.5680 17.5680 17.5680 17.5680 15.9865 15.9865 15.9865 15.9865 15.9865 15.9865 15.9865 14.4463 29.9738 29.9738 66.5751 14.9606 
