ExternalI = 5.5000 0.0000 0.0000 0.0000 0.0000 0.0000 0.0000 0.0000 4.0000 4.0000 4.0000 4.0000 4.0000 4.0000 4.0000 0.0000 0.0000 0.0000 0.0000 0.0000 0.0000 0.0000 0.0000 8.0000 8.0000 0.0000 0.0000 
before u = 9.7764 9.7729 9.7729 9.7729 9.7729 9.7729 9.7729 9.7729 9.7707 9.7707 9.7707 9.7707 9.7707 9.7707 9.7707 9.7682 9.7682 9.7682 9.7682 9.7682 9.7682 9.7682 9.7658 9.9229 9.9229 10.1871 9.8999 
before v = 21.2469 18.9465 18.9465 18.9465 18.9465 18.9465 18.9465 18.9465 17.5680 17.5680 17.5680 17.5680 17.5680 17.5680 17.5680 15.9865 15.9865 15.9865 15.9865 15.9865 15.9865 15.9865 14.4463 29.9738 29.9738 66.5751 14.9606 
Ibias = 9.4000 9.4000 9.4000 9.4000 9.4000 9.4000 9.4000 9.4000 2.0000 2.0000 2.0000 2.0000 2.0000 2.0000 2.0000 2.0000 2.0000 2.0000 2.0000 2.0000 2.0000 2.0000 -2.0000 16.0000 16.0000 10.0000 -11.0000 
fa1 = 9.4401 7.1464 7.1464 7.1464 7.1464 7.1464 7.1464 7.1464 5.8706 5.8706 5.8706 5.8706 5.8706 5.8706 5.8706 4.4949 4.4949 4.4949 4.4949 4.4949 4.4949 4.4949 3.2431 20.0928 20.0928 37.3773 4.1318 
fa2 = 9.3804 7.0950 7.0950 7.0950 7.0950 7.0950 7.0950 7.0950 5.8254 5.8254 5.8254 5.8254 5.8254 5.8254 5.8254 4.4579 4.4579 4.4579 4.4579 4.4579 4.4579 4.4579 3.2148 20.0331 20.0331 37.8131 4.0953 
fa3 = 9.3808 7.0954 7.0954 7.0954 7.0954 7.0954 7.0954 7.0954 5.8258 5.8258 5.8258 5.8258 5.8258 5.8258 5.8258 4.4582 4.4582 4.4582 4.4582 4.4582 4.4582 4.4582 3.2151 20.0333 20.0333 37.8182 4.0956 
fa4 = 9.3216 7.0445 7.0445 7.0445 7.0445 7.0445 7.0445 7.0445 5.7810 5.7810 5.7810 5.7810 5.7810 5.7810 5.7810 4.4215 4.4215 4.4215 4.4215 4.4215 4.4215 4.4215 3.1872 19.9746 19.9746 38.2620 4.0594 
fb1 = -0.3061 -0.3151 -0.3151 -0.3151 -0.3151 -0.3151 -0.3151 -0.3151 -0.3206 -0.3206 -0.3206 -0.3206 -0.3206 -0.3206 -0.3206 -0.3268 -0.3268 -0.3268 -0.3268 -0.3268 -0.3268 -0.3268 -0.3328 -0.0786 -0.0786 0.0626 -0.1382 
fb2 = -0.3058 -0.3149 -0.3149 -0.3149 -0.3149 -0.3149 -0.3149 -0.3149 -0.3204 -0.3204 -0.3204 -0.3204 -0.3204 -0.3204 -0.3204 -0.3266 -0.3266 -0.3266 -0.3266 -0.3266 -0.3266 -0.3266 -0.3327 -0.0782 -0.0782 0.0633 -0.1381 
fb3 = -0.3058 -0.3149 -0.3149 -0.3149 -0.3149 -0.3149 -0.3149 -0.3149 -0.3204 -0.3204 -0.3204 -0.3204 -0.3204 -0.3204 -0.3204 -0.3266 -0.3266 -0.3266 -0.3266 -0.3266 -0.3266 -0.3266 -0.3327 -0.0782 -0.0782 0.0633 -0.1381 
fb4 = -0.3056 -0.3147 -0.3147 -0.3147 -0.3147 -0.3147 -0.3147 -0.3147 -0.3202 -0.3202 -0.3202 -0.3202 -0.3202 -0.3202 -0.3202 -0.3265 -0.3265 -0.3265 -0.3265 -0.3265 -0.3265 -0.3265 -0.3326 -0.0777 -0.0777 0.0641 -0.1380 
I = 14.9000 9.4000 9.4000 9.4000 9.4000 9.4000 9.4000 9.4000 6.0000 6.0000 6.0000 6.0000 6.0000 6.0000 6.0000 2.0000 2.0000 2.0000 2.0000 2.0000 2.0000 2.0000 -2.0000 24.0000 24.0000 10.0000 -10.0392 
S1 = 0.0000 0.0000 0.0000 0.0000 0.0000 0.0000 0.0000 0.0000 0.0000 0.0000 0.0000 0.0000 0.0000 0.0000 0.0000 0.0000 0.0000 0.0000 0.0000 0.0000 0.0000 0.0000 0.0000 0.0000 0.0000 0.0000 0.0000 
S2 = 0.0000 0.0000 0.0000 0.0000 0.0000 0.0000 0.0000 0.0000 0.0000 0.0000 0.0000 0.0000 0.0000 0.0000 0.0000 0.0000 0.0000 0.0000 0.0000 0.0000 0.0000 0.0000 0.0000 0.0000 0.0000 0.0000 0.9608 
u = 9.7734 9.7697 9.7697 9.7697 9.7697 9.7697 9.7697 9.7697 9.7675 9.7675 9.7675 9.7675 9.7675 9.7675 9.7675 9.7650 9.7650 9.7650 9.7650 9.7650 9.7650 9.7650 9.7624 9.9221 9.9221 10.1878 9.8985 
v = 21.3407 19.0174 19.0174 19.0174 19.0174 19.0174 19.0174 19.0174 17.6263 17.6263 17.6263 17.6263 17.6263 17.6263 17.6263 16.0311 16.0311 16.0311 16.0311 16.0311 16.0311 16.0311 14.4785 30.1742 30.1742 66.9533 15.0016 
