ExternalI = 5.5000 0.0000 0.0000 0.0000 0.0000 0.0000 0.0000 0.0000 4.0000 4.0000 4.0000 4.0000 4.0000 4.0000 4.0000 0.0000 0.0000 0.0000 0.0000 0.0000 0.0000 0.0000 0.0000 8.0000 8.0000 0.0000 0.0000 
before u = 9.7703 9.7666 9.7666 9.7666 9.7666 9.7666 9.7666 9.7666 9.7643 9.7643 9.7643 9.7643 9.7643 9.7643 9.7643 9.7617 9.7617 9.7617 9.7617 9.7617 9.7617 9.7617 9.7591 9.9214 9.9214 10.1884 9.8971 
before v = 21.4333 19.0874 19.0874 19.0874 19.0874 19.0874 19.0874 19.0874 17.6837 17.6837 17.6837 17.6837 17.6837 17.6837 17.6837 16.0750 16.0750 16.0750 16.0750 16.0750 16.0750 16.0750 14.5101 30.3733 30.3733 67.3404 15.0418 
Ibias = 9.4000 9.4000 9.4000 9.4000 9.4000 9.4000 9.4000 9.4000 2.0000 2.0000 2.0000 2.0000 2.0000 2.0000 2.0000 2.0000 2.0000 2.0000 2.0000 2.0000 2.0000 2.0000 -2.0000 16.0000 16.0000 10.0000 -11.0000 
fa1 = 9.2052 6.9444 6.9444 6.9444 6.9444 6.9444 6.9444 6.9444 5.6932 5.6932 5.6932 5.6932 5.6932 5.6932 5.6932 4.3496 4.3496 4.3496 4.3496 4.3496 4.3496 4.3496 3.1323 19.8602 19.8602 39.1797 3.9846 
fa2 = 9.1477 6.8949 6.8949 6.8949 6.8949 6.8949 6.8949 6.8949 5.6497 5.6497 5.6497 5.6497 5.6497 5.6497 5.6497 4.3139 4.3139 4.3139 4.3139 4.3139 4.3139 4.3139 3.1052 19.8044 19.8044 39.6485 3.9495 
fa3 = 9.1480 6.8952 6.8952 6.8952 6.8952 6.8952 6.8952 6.8952 5.6500 5.6500 5.6500 5.6500 5.6500 5.6500 5.6500 4.3142 4.3142 4.3142 4.3142 4.3142 4.3142 4.3142 3.1054 19.8045 19.8045 39.6542 3.9499 
fa4 = 9.0910 6.8462 6.8462 6.8462 6.8462 6.8462 6.8462 6.8462 5.6069 5.6069 5.6069 5.6069 5.6069 5.6069 5.6069 4.2789 4.2789 4.2789 4.2789 4.2789 4.2789 4.2789 3.0786 19.7496 19.7496 40.1319 3.9151 
fb1 = -0.3051 -0.3143 -0.3143 -0.3143 -0.3143 -0.3143 -0.3143 -0.3143 -0.3198 -0.3198 -0.3198 -0.3198 -0.3198 -0.3198 -0.3198 -0.3262 -0.3262 -0.3262 -0.3262 -0.3262 -0.3262 -0.3262 -0.3323 -0.0769 -0.0769 0.0656 -0.1378 
fb2 = -0.3048 -0.3141 -0.3141 -0.3141 -0.3141 -0.3141 -0.3141 -0.3141 -0.3197 -0.3197 -0.3197 -0.3197 -0.3197 -0.3197 -0.3197 -0.3260 -0.3260 -0.3260 -0.3260 -0.3260 -0.3260 -0.3260 -0.3322 -0.0765 -0.0765 0.0664 -0.1377 
fb3 = -0.3048 -0.3141 -0.3141 -0.3141 -0.3141 -0.3141 -0.3141 -0.3141 -0.3197 -0.3197 -0.3197 -0.3197 -0.3197 -0.3197 -0.3197 -0.3260 -0.3260 -0.3260 -0.3260 -0.3260 -0.3260 -0.3260 -0.3322 -0.0765 -0.0765 0.0664 -0.1377 
fb4 = -0.3046 -0.3139 -0.3139 -0.3139 -0.3139 -0.3139 -0.3139 -0.3139 -0.3195 -0.3195 -0.3195 -0.3195 -0.3195 -0.3195 -0.3195 -0.3259 -0.3259 -0.3259 -0.3259 -0.3259 -0.3259 -0.3259 -0.3321 -0.0761 -0.0761 0.0672 -0.1376 
I = 14.9000 9.4000 9.4000 9.4000 9.4000 9.4000 9.4000 9.4000 6.0000 6.0000 6.0000 6.0000 6.0000 6.0000 6.0000 2.0000 2.0000 2.0000 2.0000 2.0000 2.0000 2.0000 -2.0000 24.0000 24.0000 10.0000 -10.0431 
S1 = 0.0000 0.0000 0.0000 0.0000 0.0000 0.0000 0.0000 0.0000 0.0000 0.0000 0.0000 0.0000 0.0000 0.0000 0.0000 0.0000 0.0000 0.0000 0.0000 0.0000 0.0000 0.0000 0.0000 0.0000 0.0000 0.0000 0.0000 
S2 = 0.0000 0.0000 0.0000 0.0000 0.0000 0.0000 0.0000 0.0000 0.0000 0.0000 0.0000 0.0000 0.0000 0.0000 0.0000 0.0000 0.0000 0.0000 0.0000 0.0000 0.0000 0.0000 0.0000 0.0000 0.0000 0.0000 0.9569 
u = 9.7673 9.7635 9.7635 9.7635 9.7635 9.7635 9.7635 9.7635 9.7611 9.7611 9.7611 9.7611 9.7611 9.7611 9.7611 9.7584 9.7584 9.7584 9.7584 9.7584 9.7584 9.7584 9.7558 9.9206 9.9206 10.1891 9.8958 
v = 21.5248 19.1563 19.1563 19.1563 19.1563 19.1563 19.1563 19.1563 17.7402 17.7402 17.7402 17.7402 17.7402 17.7402 17.7402 16.1181 16.1181 16.1181 16.1181 16.1181 16.1181 16.1181 14.5411 30.5714 30.5714 67.7370 15.0813 
