ExternalI = 5.5000 0.0000 0.0000 0.0000 0.0000 0.0000 0.0000 0.0000 4.0000 4.0000 4.0000 4.0000 4.0000 4.0000 4.0000 0.0000 0.0000 0.0000 0.0000 0.0000 0.0000 0.0000 0.0000 8.0000 8.0000 0.0000 0.0000 
before u = 9.7673 9.7635 9.7635 9.7635 9.7635 9.7635 9.7635 9.7635 9.7611 9.7611 9.7611 9.7611 9.7611 9.7611 9.7611 9.7584 9.7584 9.7584 9.7584 9.7584 9.7584 9.7584 9.7558 9.9206 9.9206 10.1891 9.8958 
before v = 21.5248 19.1563 19.1563 19.1563 19.1563 19.1563 19.1563 19.1563 17.7402 17.7402 17.7402 17.7402 17.7402 17.7402 17.7402 16.1181 16.1181 16.1181 16.1181 16.1181 16.1181 16.1181 14.5411 30.5714 30.5714 67.7370 15.0813 
Ibias = 9.4000 9.4000 9.4000 9.4000 9.4000 9.4000 9.4000 9.4000 2.0000 2.0000 2.0000 2.0000 2.0000 2.0000 2.0000 2.0000 2.0000 2.0000 2.0000 2.0000 2.0000 2.0000 -2.0000 16.0000 16.0000 10.0000 -11.0000 
fa1 = 9.0910 6.8462 6.8462 6.8462 6.8462 6.8462 6.8462 6.8462 5.6069 5.6069 5.6069 5.6069 5.6069 5.6069 5.6069 4.2790 4.2790 4.2790 4.2790 4.2790 4.2790 4.2790 3.0786 19.7496 19.7496 40.1319 3.9132 
fa2 = 9.0345 6.7975 6.7975 6.7975 6.7975 6.7975 6.7975 6.7975 5.5642 5.5642 5.5642 5.5642 5.5642 5.5642 5.5642 4.2440 4.2440 4.2440 4.2440 4.2440 4.2440 4.2440 3.0520 19.6957 19.6957 40.6186 3.8788 
fa3 = 9.0349 6.7979 6.7979 6.7979 6.7979 6.7979 6.7979 6.7979 5.5646 5.5646 5.5646 5.5646 5.5646 5.5646 5.5646 4.2443 4.2443 4.2443 4.2443 4.2443 4.2443 4.2443 3.0522 19.6958 19.6958 40.6245 3.8791 
fa4 = 8.9789 6.7497 6.7497 6.7497 6.7497 6.7497 6.7497 6.7497 5.5223 5.5223 5.5223 5.5223 5.5223 5.5223 5.5223 4.2097 4.2097 4.2097 4.2097 4.2097 4.2097 4.2097 3.0259 19.6428 19.6428 41.1205 3.8451 
fb1 = -0.3046 -0.3139 -0.3139 -0.3139 -0.3139 -0.3139 -0.3139 -0.3139 -0.3195 -0.3195 -0.3195 -0.3195 -0.3195 -0.3195 -0.3195 -0.3259 -0.3259 -0.3259 -0.3259 -0.3259 -0.3259 -0.3259 -0.3321 -0.0761 -0.0761 0.0672 -0.1376 
fb2 = -0.3043 -0.3137 -0.3137 -0.3137 -0.3137 -0.3137 -0.3137 -0.3137 -0.3193 -0.3193 -0.3193 -0.3193 -0.3193 -0.3193 -0.3193 -0.3257 -0.3257 -0.3257 -0.3257 -0.3257 -0.3257 -0.3257 -0.3319 -0.0757 -0.0757 0.0680 -0.1375 
fb3 = -0.3044 -0.3137 -0.3137 -0.3137 -0.3137 -0.3137 -0.3137 -0.3137 -0.3193 -0.3193 -0.3193 -0.3193 -0.3193 -0.3193 -0.3193 -0.3257 -0.3257 -0.3257 -0.3257 -0.3257 -0.3257 -0.3257 -0.3319 -0.0757 -0.0757 0.0680 -0.1375 
fb4 = -0.3041 -0.3135 -0.3135 -0.3135 -0.3135 -0.3135 -0.3135 -0.3135 -0.3191 -0.3191 -0.3191 -0.3191 -0.3191 -0.3191 -0.3191 -0.3256 -0.3256 -0.3256 -0.3256 -0.3256 -0.3256 -0.3256 -0.3318 -0.0753 -0.0753 0.0688 -0.1374 
I = 14.9000 9.4000 9.4000 9.4000 9.4000 9.4000 9.4000 9.4000 6.0000 6.0000 6.0000 6.0000 6.0000 6.0000 6.0000 2.0000 2.0000 2.0000 2.0000 2.0000 2.0000 2.0000 -2.0000 24.0000 24.0000 10.0000 -10.0450 
S1 = 0.0000 0.0000 0.0000 0.0000 0.0000 0.0000 0.0000 0.0000 0.0000 0.0000 0.0000 0.0000 0.0000 0.0000 0.0000 0.0000 0.0000 0.0000 0.0000 0.0000 0.0000 0.0000 0.0000 0.0000 0.0000 0.0000 0.0000 
S2 = 0.0000 0.0000 0.0000 0.0000 0.0000 0.0000 0.0000 0.0000 0.0000 0.0000 0.0000 0.0000 0.0000 0.0000 0.0000 0.0000 0.0000 0.0000 0.0000 0.0000 0.0000 0.0000 0.0000 0.0000 0.0000 0.0000 0.9550 
u = 9.7642 9.7603 9.7603 9.7603 9.7603 9.7603 9.7603 9.7603 9.7579 9.7579 9.7579 9.7579 9.7579 9.7579 9.7579 9.7552 9.7552 9.7552 9.7552 9.7552 9.7552 9.7552 9.7525 9.9198 9.9198 10.1898 9.8944 
v = 21.6151 19.2243 19.2243 19.2243 19.2243 19.2243 19.2243 19.2243 17.7958 17.7958 17.7958 17.7958 17.7958 17.7958 17.7958 16.1606 16.1606 16.1606 16.1606 16.1606 16.1606 16.1606 14.5717 30.7683 30.7683 68.1432 15.1201 
