ExternalI = 5.5000 0.0000 0.0000 0.0000 0.0000 0.0000 0.0000 0.0000 4.0000 4.0000 4.0000 4.0000 4.0000 4.0000 4.0000 0.0000 0.0000 0.0000 0.0000 0.0000 0.0000 0.0000 0.0000 8.0000 8.0000 0.0000 0.0000 
before u = 9.7491 9.7447 9.7447 9.7447 9.7447 9.7447 9.7447 9.7447 9.7420 9.7420 9.7420 9.7420 9.7420 9.7420 9.7420 9.7389 9.7389 9.7389 9.7389 9.7389 9.7389 9.7389 9.7359 9.9162 9.9162 10.1934 9.8875 
before v = 22.0506 19.5502 19.5502 19.5502 19.5502 19.5502 19.5502 19.5502 18.0618 18.0618 18.0618 18.0618 18.0618 18.0618 18.0618 16.3627 16.3627 16.3627 16.3627 16.3627 16.3627 16.3627 14.7166 31.7381 31.7381 70.3336 15.3039 
Ibias = 9.4000 9.4000 9.4000 9.4000 9.4000 9.4000 9.4000 9.4000 2.0000 2.0000 2.0000 2.0000 2.0000 2.0000 2.0000 2.0000 2.0000 2.0000 2.0000 2.0000 2.0000 2.0000 -2.0000 16.0000 16.0000 10.0000 -11.0000 
fa1 = 8.4483 6.2931 6.2931 6.2931 6.2931 6.2931 6.2931 6.2931 5.1218 5.1218 5.1218 5.1218 5.1218 5.1218 5.1218 3.8824 3.8824 3.8824 3.8824 3.8824 3.8824 3.8824 2.7773 19.1618 19.1618 46.6785 3.5128 
fa2 = 8.3976 6.2495 6.2495 6.2495 6.2495 6.2495 6.2495 6.2495 5.0836 5.0836 5.0836 5.0836 5.0836 5.0836 5.0836 3.8512 3.8512 3.8512 3.8512 3.8512 3.8512 3.8512 2.7537 19.1184 19.1184 47.2934 3.4823 
fa3 = 8.3979 6.2498 6.2498 6.2498 6.2498 6.2498 6.2498 6.2498 5.0839 5.0839 5.0839 5.0839 5.0839 5.0839 5.0839 3.8515 3.8515 3.8515 3.8515 3.8515 3.8515 3.8515 2.7539 19.1185 19.1185 47.3015 3.4825 
fa4 = 8.3478 6.2066 6.2066 6.2066 6.2066 6.2066 6.2066 6.2066 5.0460 5.0460 5.0460 5.0460 5.0460 5.0460 5.0460 3.8206 3.8206 3.8206 3.8206 3.8206 3.8206 3.8206 2.7305 19.0759 19.0759 47.9291 3.4523 
fb1 = -0.3018 -0.3116 -0.3116 -0.3116 -0.3116 -0.3116 -0.3116 -0.3116 -0.3174 -0.3174 -0.3174 -0.3174 -0.3174 -0.3174 -0.3174 -0.3241 -0.3241 -0.3241 -0.3241 -0.3241 -0.3241 -0.3241 -0.3306 -0.0714 -0.0714 0.0775 -0.1365 
fb2 = -0.3015 -0.3114 -0.3114 -0.3114 -0.3114 -0.3114 -0.3114 -0.3114 -0.3173 -0.3173 -0.3173 -0.3173 -0.3173 -0.3173 -0.3173 -0.3240 -0.3240 -0.3240 -0.3240 -0.3240 -0.3240 -0.3240 -0.3304 -0.0710 -0.0710 0.0784 -0.1365 
fb3 = -0.3015 -0.3114 -0.3114 -0.3114 -0.3114 -0.3114 -0.3114 -0.3114 -0.3173 -0.3173 -0.3173 -0.3173 -0.3173 -0.3173 -0.3173 -0.3240 -0.3240 -0.3240 -0.3240 -0.3240 -0.3240 -0.3240 -0.3304 -0.0710 -0.0710 0.0784 -0.1365 
fb4 = -0.3013 -0.3112 -0.3112 -0.3112 -0.3112 -0.3112 -0.3112 -0.3112 -0.3171 -0.3171 -0.3171 -0.3171 -0.3171 -0.3171 -0.3171 -0.3238 -0.3238 -0.3238 -0.3238 -0.3238 -0.3238 -0.3238 -0.3303 -0.0706 -0.0706 0.0793 -0.1364 
I = 14.9000 9.4000 9.4000 9.4000 9.4000 9.4000 9.4000 9.4000 6.0000 6.0000 6.0000 6.0000 6.0000 6.0000 6.0000 2.0000 2.0000 2.0000 2.0000 2.0000 2.0000 2.0000 -2.0000 24.0000 24.0000 10.0000 -10.0564 
S1 = 0.0000 0.0000 0.0000 0.0000 0.0000 0.0000 0.0000 0.0000 0.0000 0.0000 0.0000 0.0000 0.0000 0.0000 0.0000 0.0000 0.0000 0.0000 0.0000 0.0000 0.0000 0.0000 0.0000 0.0000 0.0000 0.0000 0.0000 
S2 = 0.0000 0.0000 0.0000 0.0000 0.0000 0.0000 0.0000 0.0000 0.0000 0.0000 0.0000 0.0000 0.0000 0.0000 0.0000 0.0000 0.0000 0.0000 0.0000 0.0000 0.0000 0.0000 0.0000 0.0000 0.0000 0.0000 0.9436 
u = 9.7461 9.7416 9.7416 9.7416 9.7416 9.7416 9.7416 9.7416 9.7389 9.7389 9.7389 9.7389 9.7389 9.7389 9.7389 9.7357 9.7357 9.7357 9.7357 9.7357 9.7357 9.7357 9.7326 9.9155 9.9155 10.1942 9.8862 
v = 22.1346 19.6127 19.6127 19.6127 19.6127 19.6127 19.6127 19.6127 18.1126 18.1126 18.1126 18.1126 18.1126 18.1126 18.1126 16.4012 16.4012 16.4012 16.4012 16.4012 16.4012 16.4012 14.7442 31.9293 31.9293 70.8066 15.3387 
