ExternalI = 5.5000 0.0000 0.0000 0.0000 0.0000 0.0000 0.0000 0.0000 4.0000 4.0000 4.0000 4.0000 4.0000 4.0000 4.0000 0.0000 0.0000 0.0000 0.0000 0.0000 0.0000 0.0000 0.0000 8.0000 8.0000 0.0000 0.0000 
before u = 9.7461 9.7416 9.7416 9.7416 9.7416 9.7416 9.7416 9.7416 9.7389 9.7389 9.7389 9.7389 9.7389 9.7389 9.7389 9.7357 9.7357 9.7357 9.7357 9.7357 9.7357 9.7357 9.7326 9.9155 9.9155 10.1942 9.8862 
before v = 22.1346 19.6127 19.6127 19.6127 19.6127 19.6127 19.6127 19.6127 18.1126 18.1126 18.1126 18.1126 18.1126 18.1126 18.1126 16.4012 16.4012 16.4012 16.4012 16.4012 16.4012 16.4012 14.7442 31.9293 31.9293 70.8066 15.3387 
Ibias = 9.4000 9.4000 9.4000 9.4000 9.4000 9.4000 9.4000 9.4000 2.0000 2.0000 2.0000 2.0000 2.0000 2.0000 2.0000 2.0000 2.0000 2.0000 2.0000 2.0000 2.0000 2.0000 -2.0000 16.0000 16.0000 10.0000 -11.0000 
fa1 = 8.3478 6.2066 6.2066 6.2066 6.2066 6.2066 6.2066 6.2066 5.0460 5.0460 5.0460 5.0460 5.0460 5.0460 5.0460 3.8206 3.8206 3.8206 3.8206 3.8206 3.8206 3.8206 2.7305 19.0759 19.0759 47.9291 3.4505 
fa2 = 8.2980 6.1638 6.1638 6.1638 6.1638 6.1638 6.1638 6.1638 5.0085 5.0085 5.0085 5.0085 5.0085 5.0085 5.0085 3.7900 3.7900 3.7900 3.7900 3.7900 3.7900 3.7900 2.7073 19.0341 19.0341 48.5695 3.4206 
fa3 = 8.2983 6.1641 6.1641 6.1641 6.1641 6.1641 6.1641 6.1641 5.0088 5.0088 5.0088 5.0088 5.0088 5.0088 5.0088 3.7902 3.7902 3.7902 3.7902 3.7902 3.7902 3.7902 2.7075 19.0342 19.0342 48.5781 3.4208 
fa4 = 8.2490 6.1217 6.1217 6.1217 6.1217 6.1217 6.1217 6.1217 4.9716 4.9716 4.9716 4.9716 4.9716 4.9716 4.9716 3.7599 3.7599 3.7599 3.7599 3.7599 3.7599 3.7599 2.6845 18.9932 18.9932 49.2321 3.3912 
fb1 = -0.3013 -0.3112 -0.3112 -0.3112 -0.3112 -0.3112 -0.3112 -0.3112 -0.3171 -0.3171 -0.3171 -0.3171 -0.3171 -0.3171 -0.3171 -0.3238 -0.3238 -0.3238 -0.3238 -0.3238 -0.3238 -0.3238 -0.3303 -0.0706 -0.0706 0.0793 -0.1364 
fb2 = -0.3011 -0.3110 -0.3110 -0.3110 -0.3110 -0.3110 -0.3110 -0.3110 -0.3169 -0.3169 -0.3169 -0.3169 -0.3169 -0.3169 -0.3169 -0.3237 -0.3237 -0.3237 -0.3237 -0.3237 -0.3237 -0.3237 -0.3302 -0.0702 -0.0702 0.0803 -0.1363 
fb3 = -0.3011 -0.3110 -0.3110 -0.3110 -0.3110 -0.3110 -0.3110 -0.3110 -0.3169 -0.3169 -0.3169 -0.3169 -0.3169 -0.3169 -0.3169 -0.3237 -0.3237 -0.3237 -0.3237 -0.3237 -0.3237 -0.3237 -0.3302 -0.0702 -0.0702 0.0803 -0.1363 
fb4 = -0.3009 -0.3108 -0.3108 -0.3108 -0.3108 -0.3108 -0.3108 -0.3108 -0.3168 -0.3168 -0.3168 -0.3168 -0.3168 -0.3168 -0.3168 -0.3235 -0.3235 -0.3235 -0.3235 -0.3235 -0.3235 -0.3235 -0.3301 -0.0698 -0.0698 0.0813 -0.1362 
I = 14.9000 9.4000 9.4000 9.4000 9.4000 9.4000 9.4000 9.4000 6.0000 6.0000 6.0000 6.0000 6.0000 6.0000 6.0000 2.0000 2.0000 2.0000 2.0000 2.0000 2.0000 2.0000 -2.0000 24.0000 24.0000 10.0000 -10.0583 
S1 = 0.0000 0.0000 0.0000 0.0000 0.0000 0.0000 0.0000 0.0000 0.0000 0.0000 0.0000 0.0000 0.0000 0.0000 0.0000 0.0000 0.0000 0.0000 0.0000 0.0000 0.0000 0.0000 0.0000 0.0000 0.0000 0.0000 0.0000 
S2 = 0.0000 0.0000 0.0000 0.0000 0.0000 0.0000 0.0000 0.0000 0.0000 0.0000 0.0000 0.0000 0.0000 0.0000 0.0000 0.0000 0.0000 0.0000 0.0000 0.0000 0.0000 0.0000 0.0000 0.0000 0.0000 0.0000 0.9417 
u = 9.7431 9.7385 9.7385 9.7385 9.7385 9.7385 9.7385 9.7385 9.7357 9.7357 9.7357 9.7357 9.7357 9.7357 9.7357 9.7325 9.7325 9.7325 9.7325 9.7325 9.7325 9.7325 9.7293 9.9148 9.9148 10.1950 9.8848 
v = 22.2176 19.6743 19.6743 19.6743 19.6743 19.6743 19.6743 19.6743 18.1627 18.1627 18.1627 18.1627 18.1627 18.1627 18.1627 16.4391 16.4391 16.4391 16.4391 16.4391 16.4391 16.4391 14.7713 32.1196 32.1196 71.2924 15.3729 
