ExternalI = 5.5000 0.0000 0.0000 0.0000 0.0000 0.0000 0.0000 0.0000 4.0000 4.0000 4.0000 4.0000 4.0000 4.0000 4.0000 0.0000 0.0000 0.0000 0.0000 0.0000 0.0000 0.0000 0.0000 8.0000 8.0000 0.0000 0.0000 
before u = 9.7401 9.7354 9.7354 9.7354 9.7354 9.7354 9.7354 9.7354 9.7325 9.7325 9.7325 9.7325 9.7325 9.7325 9.7325 9.7292 9.7292 9.7292 9.7292 9.7292 9.7292 9.7292 9.7260 9.9141 9.9141 10.1958 9.8834 
before v = 22.2996 19.7351 19.7351 19.7351 19.7351 19.7351 19.7351 19.7351 18.2120 18.2120 18.2120 18.2120 18.2120 18.2120 18.2120 16.4764 16.4764 16.4764 16.4764 16.4764 16.4764 16.4764 14.7979 32.3091 32.3091 71.7915 15.4065 
Ibias = 9.4000 9.4000 9.4000 9.4000 9.4000 9.4000 9.4000 9.4000 2.0000 2.0000 2.0000 2.0000 2.0000 2.0000 2.0000 2.0000 2.0000 2.0000 2.0000 2.0000 2.0000 2.0000 -2.0000 16.0000 16.0000 10.0000 -11.0000 
fa1 = 8.1521 6.0382 6.0382 6.0382 6.0382 6.0382 6.0382 6.0382 4.8985 4.8985 4.8985 4.8985 4.8985 4.8985 4.8985 3.7004 3.7004 3.7004 3.7004 3.7004 3.7004 3.7004 2.6395 18.9137 18.9137 50.5904 3.3294 
fa2 = 8.1041 5.9969 5.9969 5.9969 5.9969 5.9969 5.9969 5.9969 4.8623 4.8623 4.8623 4.8623 4.8623 4.8623 4.8623 3.6709 3.6709 3.6709 3.6709 3.6709 3.6709 3.6709 2.6171 18.8752 18.8752 51.2864 3.3006 
fa3 = 8.1044 5.9972 5.9972 5.9972 5.9972 5.9972 5.9972 5.9972 4.8626 4.8626 4.8626 4.8626 4.8626 4.8626 4.8626 3.6711 3.6711 3.6711 3.6711 3.6711 3.6711 3.6711 2.6173 18.8752 18.8752 51.2960 3.3009 
fa4 = 8.0568 5.9563 5.9563 5.9563 5.9563 5.9563 5.9563 5.9563 4.8267 4.8267 4.8267 4.8267 4.8267 4.8267 4.8267 3.6419 3.6419 3.6419 3.6419 3.6419 3.6419 3.6419 2.5952 18.8375 18.8375 52.0073 3.2724 
fb1 = -0.3004 -0.3105 -0.3105 -0.3105 -0.3105 -0.3105 -0.3105 -0.3105 -0.3165 -0.3165 -0.3165 -0.3165 -0.3165 -0.3165 -0.3165 -0.3233 -0.3233 -0.3233 -0.3233 -0.3233 -0.3233 -0.3233 -0.3298 -0.0690 -0.0690 0.0832 -0.1360 
fb2 = -0.3002 -0.3103 -0.3103 -0.3103 -0.3103 -0.3103 -0.3103 -0.3103 -0.3163 -0.3163 -0.3163 -0.3163 -0.3163 -0.3163 -0.3163 -0.3231 -0.3231 -0.3231 -0.3231 -0.3231 -0.3231 -0.3231 -0.3297 -0.0687 -0.0687 0.0843 -0.1360 
fb3 = -0.3002 -0.3103 -0.3103 -0.3103 -0.3103 -0.3103 -0.3103 -0.3103 -0.3163 -0.3163 -0.3163 -0.3163 -0.3163 -0.3163 -0.3163 -0.3231 -0.3231 -0.3231 -0.3231 -0.3231 -0.3231 -0.3231 -0.3297 -0.0687 -0.0687 0.0843 -0.1360 
fb4 = -0.3000 -0.3101 -0.3101 -0.3101 -0.3101 -0.3101 -0.3101 -0.3101 -0.3161 -0.3161 -0.3161 -0.3161 -0.3161 -0.3161 -0.3161 -0.3230 -0.3230 -0.3230 -0.3230 -0.3230 -0.3230 -0.3230 -0.3296 -0.0683 -0.0683 0.0853 -0.1359 
I = 14.9000 9.4000 9.4000 9.4000 9.4000 9.4000 9.4000 9.4000 6.0000 6.0000 6.0000 6.0000 6.0000 6.0000 6.0000 2.0000 2.0000 2.0000 2.0000 2.0000 2.0000 2.0000 -2.0000 24.0000 24.0000 10.0000 -10.0621 
S1 = 0.0000 0.0000 0.0000 0.0000 0.0000 0.0000 0.0000 0.0000 0.0000 0.0000 0.0000 0.0000 0.0000 0.0000 0.0000 0.0000 0.0000 0.0000 0.0000 0.0000 0.0000 0.0000 0.0000 0.0000 0.0000 0.0000 0.0000 
S2 = 0.0000 0.0000 0.0000 0.0000 0.0000 0.0000 0.0000 0.0000 0.0000 0.0000 0.0000 0.0000 0.0000 0.0000 0.0000 0.0000 0.0000 0.0000 0.0000 0.0000 0.0000 0.0000 0.0000 0.0000 0.0000 0.0000 0.9379 
u = 9.7371 9.7323 9.7323 9.7323 9.7323 9.7323 9.7323 9.7323 9.7294 9.7294 9.7294 9.7294 9.7294 9.7294 9.7294 9.7260 9.7260 9.7260 9.7260 9.7260 9.7260 9.7260 9.7227 9.9134 9.9134 10.1967 9.8821 
v = 22.3806 19.7951 19.7951 19.7951 19.7951 19.7951 19.7951 19.7951 18.2607 18.2607 18.2607 18.2607 18.2607 18.2607 18.2607 16.5132 16.5132 16.5132 16.5132 16.5132 16.5132 16.5132 14.8240 32.4979 32.4979 72.3044 15.4395 
