ExternalI = 5.5000 0.0000 0.0000 0.0000 0.0000 0.0000 0.0000 0.0000 4.0000 4.0000 4.0000 4.0000 4.0000 4.0000 4.0000 0.0000 0.0000 0.0000 0.0000 0.0000 0.0000 0.0000 0.0000 8.0000 8.0000 0.0000 0.0000 
before u = 9.7251 9.7199 9.7199 9.7199 9.7199 9.7199 9.7199 9.7199 9.7167 9.7167 9.7167 9.7167 9.7167 9.7167 9.7167 9.7131 9.7131 9.7131 9.7131 9.7131 9.7131 9.7131 9.7095 9.9107 9.9107 10.2003 9.8767 
before v = 22.6955 20.0270 20.0270 20.0270 20.0270 20.0270 20.0270 20.0270 18.4482 18.4482 18.4482 18.4482 18.4482 18.4482 18.4482 16.6543 16.6543 16.6543 16.6543 16.6543 16.6543 16.6543 14.9244 33.2458 33.2458 74.5075 15.5658 
Ibias = 9.4000 9.4000 9.4000 9.4000 9.4000 9.4000 9.4000 9.4000 2.0000 2.0000 2.0000 2.0000 2.0000 2.0000 2.0000 2.0000 2.0000 2.0000 2.0000 2.0000 2.0000 2.0000 -2.0000 16.0000 16.0000 10.0000 -11.0000 
fa1 = 7.6918 5.6423 5.6423 5.6423 5.6423 5.6423 5.6423 5.6423 4.5522 4.5522 4.5522 4.5522 4.5522 4.5522 4.5522 3.4186 3.4186 3.4186 3.4186 3.4186 3.4186 3.4186 2.4267 18.5632 18.5632 58.3319 3.0462 
fa2 = 7.6478 5.6045 5.6045 5.6045 5.6045 5.6045 5.6045 5.6045 4.5191 4.5191 4.5191 4.5191 4.5191 4.5191 4.5191 3.3917 3.3917 3.3917 3.3917 3.3917 3.3917 3.3917 2.4064 18.5323 18.5323 59.1983 3.0202 
fa3 = 7.6481 5.6047 5.6047 5.6047 5.6047 5.6047 5.6047 5.6047 4.5193 4.5193 4.5193 4.5193 4.5193 4.5193 4.5193 3.3919 3.3919 3.3919 3.3919 3.3919 3.3919 3.3919 2.4066 18.5324 18.5324 59.2112 3.0204 
fa4 = 7.6045 5.5672 5.5672 5.5672 5.5672 5.5672 5.5672 5.5672 4.4865 4.4865 4.4865 4.4865 4.4865 4.4865 4.4865 3.3653 3.3653 3.3653 3.3653 3.3653 3.3653 3.3653 2.3865 18.5022 18.5022 60.0979 2.9946 
fb1 = -0.2982 -0.3087 -0.3087 -0.3087 -0.3087 -0.3087 -0.3087 -0.3087 -0.3149 -0.3149 -0.3149 -0.3149 -0.3149 -0.3149 -0.3149 -0.3219 -0.3219 -0.3219 -0.3219 -0.3219 -0.3219 -0.3219 -0.3287 -0.0652 -0.0652 0.0940 -0.1353 
fb2 = -0.2980 -0.3085 -0.3085 -0.3085 -0.3085 -0.3085 -0.3085 -0.3085 -0.3147 -0.3147 -0.3147 -0.3147 -0.3147 -0.3147 -0.3147 -0.3218 -0.3218 -0.3218 -0.3218 -0.3218 -0.3218 -0.3218 -0.3286 -0.0649 -0.0649 0.0952 -0.1352 
fb3 = -0.2980 -0.3085 -0.3085 -0.3085 -0.3085 -0.3085 -0.3085 -0.3085 -0.3147 -0.3147 -0.3147 -0.3147 -0.3147 -0.3147 -0.3147 -0.3218 -0.3218 -0.3218 -0.3218 -0.3218 -0.3218 -0.3218 -0.3286 -0.0649 -0.0649 0.0952 -0.1352 
fb4 = -0.2978 -0.3083 -0.3083 -0.3083 -0.3083 -0.3083 -0.3083 -0.3083 -0.3146 -0.3146 -0.3146 -0.3146 -0.3146 -0.3146 -0.3146 -0.3216 -0.3216 -0.3216 -0.3216 -0.3216 -0.3216 -0.3216 -0.3285 -0.0645 -0.0645 0.0964 -0.1351 
I = 14.9000 9.4000 9.4000 9.4000 9.4000 9.4000 9.4000 9.4000 6.0000 6.0000 6.0000 6.0000 6.0000 6.0000 6.0000 2.0000 2.0000 2.0000 2.0000 2.0000 2.0000 2.0000 -2.0000 24.0000 24.0000 10.0000 -10.0714 
S1 = 0.0000 0.0000 0.0000 0.0000 0.0000 0.0000 0.0000 0.0000 0.0000 0.0000 0.0000 0.0000 0.0000 0.0000 0.0000 0.0000 0.0000 0.0000 0.0000 0.0000 0.0000 0.0000 0.0000 0.0000 0.0000 0.0000 0.0000 
S2 = 0.0000 0.0000 0.0000 0.0000 0.0000 0.0000 0.0000 0.0000 0.0000 0.0000 0.0000 0.0000 0.0000 0.0000 0.0000 0.0000 0.0000 0.0000 0.0000 0.0000 0.0000 0.0000 0.0000 0.0000 0.0000 0.0000 0.9286 
u = 9.7221 9.7168 9.7168 9.7168 9.7168 9.7168 9.7168 9.7168 9.7136 9.7136 9.7136 9.7136 9.7136 9.7136 9.7136 9.7099 9.7099 9.7099 9.7099 9.7099 9.7099 9.7099 9.7063 9.9101 9.9101 10.2012 9.8753 
v = 22.7720 20.0831 20.0831 20.0831 20.0831 20.0831 20.0831 20.0831 18.4934 18.4934 18.4934 18.4934 18.4934 18.4934 18.4934 16.6882 16.6882 16.6882 16.6882 16.6882 16.6882 16.6882 14.9485 33.4311 33.4311 75.0996 15.5960 
