ExternalI = 5.5000 0.0000 0.0000 0.0000 0.0000 0.0000 0.0000 0.0000 4.0000 4.0000 4.0000 4.0000 4.0000 4.0000 4.0000 0.0000 0.0000 0.0000 0.0000 0.0000 0.0000 0.0000 0.0000 8.0000 8.0000 0.0000 0.0000 
before u = 9.7221 9.7168 9.7168 9.7168 9.7168 9.7168 9.7168 9.7168 9.7136 9.7136 9.7136 9.7136 9.7136 9.7136 9.7136 9.7099 9.7099 9.7099 9.7099 9.7099 9.7099 9.7099 9.7063 9.9101 9.9101 10.2012 9.8753 
before v = 22.7720 20.0831 20.0831 20.0831 20.0831 20.0831 20.0831 20.0831 18.4934 18.4934 18.4934 18.4934 18.4934 18.4934 18.4934 16.6882 16.6882 16.6882 16.6882 16.6882 16.6882 16.6882 14.9485 33.4311 33.4311 75.0996 15.5960 
Ibias = 9.4000 9.4000 9.4000 9.4000 9.4000 9.4000 9.4000 9.4000 2.0000 2.0000 2.0000 2.0000 2.0000 2.0000 2.0000 2.0000 2.0000 2.0000 2.0000 2.0000 2.0000 2.0000 -2.0000 16.0000 16.0000 10.0000 -11.0000 
fa1 = 7.6045 5.5672 5.5672 5.5672 5.5672 5.5672 5.5672 5.5672 4.4865 4.4865 4.4865 4.4865 4.4865 4.4865 4.4865 3.3653 3.3653 3.3653 3.3653 3.3653 3.3653 3.3653 2.3865 18.5022 18.5022 60.0978 2.9928 
fa2 = 7.5612 5.5300 5.5300 5.5300 5.5300 5.5300 5.5300 5.5300 4.4540 4.4540 4.4540 4.4540 4.4540 4.4540 4.4540 3.3389 3.3389 3.3389 3.3389 3.3389 3.3389 3.3389 2.3667 18.4727 18.4727 61.0048 2.9672 
fa3 = 7.5615 5.5302 5.5302 5.5302 5.5302 5.5302 5.5302 5.5302 4.4542 4.4542 4.4542 4.4542 4.4542 4.4542 4.4542 3.3391 3.3391 3.3391 3.3391 3.3391 3.3391 3.3391 2.3668 18.4728 18.4728 61.0186 2.9674 
fa4 = 7.5186 5.4933 5.4933 5.4933 5.4933 5.4933 5.4933 5.4933 4.4220 4.4220 4.4220 4.4220 4.4220 4.4220 4.4220 3.3130 3.3130 3.3130 3.3130 3.3130 3.3130 3.3130 2.3471 18.4441 18.4441 61.9472 2.9421 
fb1 = -0.2978 -0.3083 -0.3083 -0.3083 -0.3083 -0.3083 -0.3083 -0.3083 -0.3146 -0.3146 -0.3146 -0.3146 -0.3146 -0.3146 -0.3146 -0.3216 -0.3216 -0.3216 -0.3216 -0.3216 -0.3216 -0.3216 -0.3285 -0.0645 -0.0645 0.0964 -0.1351 
fb2 = -0.2976 -0.3082 -0.3082 -0.3082 -0.3082 -0.3082 -0.3082 -0.3082 -0.3144 -0.3144 -0.3144 -0.3144 -0.3144 -0.3144 -0.3144 -0.3215 -0.3215 -0.3215 -0.3215 -0.3215 -0.3215 -0.3215 -0.3283 -0.0641 -0.0641 0.0976 -0.1350 
fb3 = -0.2976 -0.3082 -0.3082 -0.3082 -0.3082 -0.3082 -0.3082 -0.3082 -0.3144 -0.3144 -0.3144 -0.3144 -0.3144 -0.3144 -0.3144 -0.3215 -0.3215 -0.3215 -0.3215 -0.3215 -0.3215 -0.3215 -0.3283 -0.0641 -0.0641 0.0976 -0.1350 
fb4 = -0.2974 -0.3080 -0.3080 -0.3080 -0.3080 -0.3080 -0.3080 -0.3080 -0.3143 -0.3143 -0.3143 -0.3143 -0.3143 -0.3143 -0.3143 -0.3214 -0.3214 -0.3214 -0.3214 -0.3214 -0.3214 -0.3214 -0.3282 -0.0637 -0.0637 0.0988 -0.1350 
I = 14.9000 9.4000 9.4000 9.4000 9.4000 9.4000 9.4000 9.4000 6.0000 6.0000 6.0000 6.0000 6.0000 6.0000 6.0000 2.0000 2.0000 2.0000 2.0000 2.0000 2.0000 2.0000 -2.0000 24.0000 24.0000 10.0000 -10.0733 
S1 = 0.0000 0.0000 0.0000 0.0000 0.0000 0.0000 0.0000 0.0000 0.0000 0.0000 0.0000 0.0000 0.0000 0.0000 0.0000 0.0000 0.0000 0.0000 0.0000 0.0000 0.0000 0.0000 0.0000 0.0000 0.0000 0.0000 0.0000 
S2 = 0.0000 0.0000 0.0000 0.0000 0.0000 0.0000 0.0000 0.0000 0.0000 0.0000 0.0000 0.0000 0.0000 0.0000 0.0000 0.0000 0.0000 0.0000 0.0000 0.0000 0.0000 0.0000 0.0000 0.0000 0.0000 0.0000 0.9267 
u = 9.7191 9.7137 9.7137 9.7137 9.7137 9.7137 9.7137 9.7137 9.7104 9.7104 9.7104 9.7104 9.7104 9.7104 9.7104 9.7067 9.7067 9.7067 9.7067 9.7067 9.7067 9.7067 9.7030 9.9094 9.9094 10.2022 9.8740 
v = 22.8476 20.1384 20.1384 20.1384 20.1384 20.1384 20.1384 20.1384 18.5379 18.5379 18.5379 18.5379 18.5379 18.5379 18.5379 16.7216 16.7216 16.7216 16.7216 16.7216 16.7216 16.7216 14.9722 33.6158 33.6158 75.7097 15.6257 
