ExternalI = 5.5000 0.0000 0.0000 0.0000 0.0000 0.0000 0.0000 0.0000 4.0000 4.0000 4.0000 4.0000 4.0000 4.0000 4.0000 0.0000 0.0000 0.0000 0.0000 0.0000 0.0000 0.0000 0.0000 8.0000 8.0000 0.0000 0.0000 
before u = 9.7191 9.7137 9.7137 9.7137 9.7137 9.7137 9.7137 9.7137 9.7104 9.7104 9.7104 9.7104 9.7104 9.7104 9.7104 9.7067 9.7067 9.7067 9.7067 9.7067 9.7067 9.7067 9.7030 9.9094 9.9094 10.2022 9.8740 
before v = 22.8476 20.1384 20.1384 20.1384 20.1384 20.1384 20.1384 20.1384 18.5379 18.5379 18.5379 18.5379 18.5379 18.5379 18.5379 16.7216 16.7216 16.7216 16.7216 16.7216 16.7216 16.7216 14.9722 33.6158 33.6158 75.7097 15.6257 
Ibias = 9.4000 9.4000 9.4000 9.4000 9.4000 9.4000 9.4000 9.4000 2.0000 2.0000 2.0000 2.0000 2.0000 2.0000 2.0000 2.0000 2.0000 2.0000 2.0000 2.0000 2.0000 2.0000 -2.0000 16.0000 16.0000 10.0000 -11.0000 
fa1 = 7.5186 5.4933 5.4933 5.4933 5.4933 5.4933 5.4933 5.4933 4.4220 4.4220 4.4220 4.4220 4.4220 4.4220 4.4220 3.3130 3.3130 3.3130 3.3130 3.3130 3.3130 3.3130 2.3471 18.4441 18.4441 61.9471 2.9403 
fa2 = 7.4761 5.4568 5.4568 5.4568 5.4568 5.4568 5.4568 5.4568 4.3901 4.3901 4.3901 4.3901 4.3901 4.3901 4.3901 3.2870 3.2870 3.2870 3.2870 3.2870 3.2870 3.2870 2.3276 18.4161 18.4161 62.8972 2.9153 
fa3 = 7.4763 5.4570 5.4570 5.4570 5.4570 5.4570 5.4570 5.4570 4.3903 4.3903 4.3903 4.3903 4.3903 4.3903 4.3903 3.2873 3.2873 3.2873 3.2873 3.2873 3.2873 3.2873 2.3278 18.4161 18.4161 62.9118 2.9155 
fa4 = 7.4341 5.4207 5.4207 5.4207 5.4207 5.4207 5.4207 5.4207 4.3586 4.3586 4.3586 4.3586 4.3586 4.3586 4.3586 3.2616 3.2616 3.2616 3.2616 3.2616 3.2616 3.2616 2.3085 18.3888 18.3888 63.8850 2.8907 
fb1 = -0.2974 -0.3080 -0.3080 -0.3080 -0.3080 -0.3080 -0.3080 -0.3080 -0.3143 -0.3143 -0.3143 -0.3143 -0.3143 -0.3143 -0.3143 -0.3214 -0.3214 -0.3214 -0.3214 -0.3214 -0.3214 -0.3214 -0.3282 -0.0637 -0.0637 0.0988 -0.1350 
fb2 = -0.2972 -0.3078 -0.3078 -0.3078 -0.3078 -0.3078 -0.3078 -0.3078 -0.3141 -0.3141 -0.3141 -0.3141 -0.3141 -0.3141 -0.3141 -0.3212 -0.3212 -0.3212 -0.3212 -0.3212 -0.3212 -0.3212 -0.3281 -0.0633 -0.0633 0.1000 -0.1349 
fb3 = -0.2972 -0.3078 -0.3078 -0.3078 -0.3078 -0.3078 -0.3078 -0.3078 -0.3141 -0.3141 -0.3141 -0.3141 -0.3141 -0.3141 -0.3141 -0.3213 -0.3213 -0.3213 -0.3213 -0.3213 -0.3213 -0.3213 -0.3281 -0.0634 -0.0634 0.1000 -0.1349 
fb4 = -0.2970 -0.3077 -0.3077 -0.3077 -0.3077 -0.3077 -0.3077 -0.3077 -0.3140 -0.3140 -0.3140 -0.3140 -0.3140 -0.3140 -0.3140 -0.3211 -0.3211 -0.3211 -0.3211 -0.3211 -0.3211 -0.3211 -0.3280 -0.0630 -0.0630 0.1013 -0.1348 
I = 14.9000 9.4000 9.4000 9.4000 9.4000 9.4000 9.4000 9.4000 6.0000 6.0000 6.0000 6.0000 6.0000 6.0000 6.0000 2.0000 2.0000 2.0000 2.0000 2.0000 2.0000 2.0000 -2.0000 24.0000 24.0000 10.0000 -10.0751 
S1 = 0.0000 0.0000 0.0000 0.0000 0.0000 0.0000 0.0000 0.0000 0.0000 0.0000 0.0000 0.0000 0.0000 0.0000 0.0000 0.0000 0.0000 0.0000 0.0000 0.0000 0.0000 0.0000 0.0000 0.0000 0.0000 0.0000 0.0000 
S2 = 0.0000 0.0000 0.0000 0.0000 0.0000 0.0000 0.0000 0.0000 0.0000 0.0000 0.0000 0.0000 0.0000 0.0000 0.0000 0.0000 0.0000 0.0000 0.0000 0.0000 0.0000 0.0000 0.0000 0.0000 0.0000 0.0000 0.9249 
u = 9.7162 9.7106 9.7106 9.7106 9.7106 9.7106 9.7106 9.7106 9.7073 9.7073 9.7073 9.7073 9.7073 9.7073 9.7073 9.7035 9.7035 9.7035 9.7035 9.7035 9.7035 9.7035 9.6997 9.9088 9.9088 10.2032 9.8726 
v = 22.9224 20.1929 20.1929 20.1929 20.1929 20.1929 20.1929 20.1929 18.5818 18.5818 18.5818 18.5818 18.5818 18.5818 18.5818 16.7545 16.7545 16.7545 16.7545 16.7545 16.7545 16.7545 14.9955 33.8000 33.8000 76.3388 15.6549 
