ExternalI = 5.5000 0.0000 0.0000 0.0000 0.0000 0.0000 0.0000 0.0000 4.0000 4.0000 4.0000 4.0000 4.0000 4.0000 4.0000 0.0000 0.0000 0.0000 0.0000 0.0000 0.0000 0.0000 0.0000 8.0000 8.0000 0.0000 0.0000 
before u = 9.7162 9.7106 9.7106 9.7106 9.7106 9.7106 9.7106 9.7106 9.7073 9.7073 9.7073 9.7073 9.7073 9.7073 9.7073 9.7035 9.7035 9.7035 9.7035 9.7035 9.7035 9.7035 9.6997 9.9088 9.9088 10.2032 9.8726 
before v = 22.9224 20.1929 20.1929 20.1929 20.1929 20.1929 20.1929 20.1929 18.5818 18.5818 18.5818 18.5818 18.5818 18.5818 18.5818 16.7545 16.7545 16.7545 16.7545 16.7545 16.7545 16.7545 14.9955 33.8000 33.8000 76.3388 15.6549 
Ibias = 9.4000 9.4000 9.4000 9.4000 9.4000 9.4000 9.4000 9.4000 2.0000 2.0000 2.0000 2.0000 2.0000 2.0000 2.0000 2.0000 2.0000 2.0000 2.0000 2.0000 2.0000 2.0000 -2.0000 16.0000 16.0000 10.0000 -11.0000 
fa1 = 7.4341 5.4207 5.4207 5.4207 5.4207 5.4207 5.4207 5.4207 4.3586 4.3586 4.3586 4.3586 4.3586 4.3586 4.3586 3.2616 3.2616 3.2616 3.2616 3.2616 3.2616 3.2616 2.3085 18.3888 18.3888 63.8849 2.8888 
fa2 = 7.3923 5.3848 5.3848 5.3848 5.3848 5.3848 5.3848 5.3848 4.3272 4.3272 4.3272 4.3272 4.3272 4.3272 4.3272 3.2361 3.2361 3.2361 3.2361 3.2361 3.2361 3.2361 2.2894 18.3623 18.3623 64.8809 2.8643 
fa3 = 7.3926 5.3850 5.3850 5.3850 5.3850 5.3850 5.3850 5.3850 4.3275 4.3275 4.3275 4.3275 4.3275 4.3275 4.3275 3.2363 3.2363 3.2363 3.2363 3.2363 3.2363 3.2363 2.2895 18.3623 18.3623 64.8965 2.8645 
fa4 = 7.3511 5.3494 5.3494 5.3494 5.3494 5.3494 5.3494 5.3494 4.2963 4.2963 4.2963 4.2963 4.2963 4.2963 4.2963 3.2111 3.2111 3.2111 3.2111 3.2111 3.2111 3.2111 2.2706 18.3365 18.3365 65.9171 2.8401 
fb1 = -0.2970 -0.3077 -0.3077 -0.3077 -0.3077 -0.3077 -0.3077 -0.3077 -0.3140 -0.3140 -0.3140 -0.3140 -0.3140 -0.3140 -0.3140 -0.3211 -0.3211 -0.3211 -0.3211 -0.3211 -0.3211 -0.3211 -0.3280 -0.0630 -0.0630 0.1013 -0.1348 
fb2 = -0.2967 -0.3075 -0.3075 -0.3075 -0.3075 -0.3075 -0.3075 -0.3075 -0.3138 -0.3138 -0.3138 -0.3138 -0.3138 -0.3138 -0.3138 -0.3210 -0.3210 -0.3210 -0.3210 -0.3210 -0.3210 -0.3210 -0.3279 -0.0626 -0.0626 0.1026 -0.1348 
fb3 = -0.2967 -0.3075 -0.3075 -0.3075 -0.3075 -0.3075 -0.3075 -0.3075 -0.3138 -0.3138 -0.3138 -0.3138 -0.3138 -0.3138 -0.3138 -0.3210 -0.3210 -0.3210 -0.3210 -0.3210 -0.3210 -0.3210 -0.3279 -0.0626 -0.0626 0.1026 -0.1348 
fb4 = -0.2965 -0.3073 -0.3073 -0.3073 -0.3073 -0.3073 -0.3073 -0.3073 -0.3137 -0.3137 -0.3137 -0.3137 -0.3137 -0.3137 -0.3137 -0.3209 -0.3209 -0.3209 -0.3209 -0.3209 -0.3209 -0.3209 -0.3278 -0.0622 -0.0622 0.1039 -0.1347 
I = 14.9000 9.4000 9.4000 9.4000 9.4000 9.4000 9.4000 9.4000 6.0000 6.0000 6.0000 6.0000 6.0000 6.0000 6.0000 2.0000 2.0000 2.0000 2.0000 2.0000 2.0000 2.0000 -2.0000 24.0000 24.0000 10.0000 -10.0770 
S1 = 0.0000 0.0000 0.0000 0.0000 0.0000 0.0000 0.0000 0.0000 0.0000 0.0000 0.0000 0.0000 0.0000 0.0000 0.0000 0.0000 0.0000 0.0000 0.0000 0.0000 0.0000 0.0000 0.0000 0.0000 0.0000 0.0000 0.0000 
S2 = 0.0000 0.0000 0.0000 0.0000 0.0000 0.0000 0.0000 0.0000 0.0000 0.0000 0.0000 0.0000 0.0000 0.0000 0.0000 0.0000 0.0000 0.0000 0.0000 0.0000 0.0000 0.0000 0.0000 0.0000 0.0000 0.0000 0.9230 
u = 9.7132 9.7076 9.7076 9.7076 9.7076 9.7076 9.7076 9.7076 9.7042 9.7042 9.7042 9.7042 9.7042 9.7042 9.7042 9.7002 9.7002 9.7002 9.7002 9.7002 9.7002 9.7002 9.6964 9.9082 9.9082 10.2042 9.8713 
v = 22.9963 20.2468 20.2468 20.2468 20.2468 20.2468 20.2468 20.2468 18.6251 18.6251 18.6251 18.6251 18.6251 18.6251 18.6251 16.7869 16.7869 16.7869 16.7869 16.7869 16.7869 16.7869 15.0184 33.9836 33.9836 76.9877 15.6835 
