ExternalI = 5.5000 0.0000 0.0000 0.0000 0.0000 0.0000 0.0000 0.0000 4.0000 4.0000 4.0000 4.0000 4.0000 4.0000 4.0000 0.0000 0.0000 0.0000 0.0000 0.0000 0.0000 0.0000 0.0000 8.0000 8.0000 0.0000 0.0000 
before u = 9.7102 9.7045 9.7045 9.7045 9.7045 9.7045 9.7045 9.7045 9.7010 9.7010 9.7010 9.7010 9.7010 9.7010 9.7010 9.6970 9.6970 9.6970 9.6970 9.6970 9.6970 9.6970 9.6931 9.9075 9.9075 10.2053 9.8699 
before v = 23.0694 20.2999 20.2999 20.2999 20.2999 20.2999 20.2999 20.2999 18.6677 18.6677 18.6677 18.6677 18.6677 18.6677 18.6677 16.8187 16.8187 16.8187 16.8187 16.8187 16.8187 16.8187 15.0409 34.1667 34.1667 77.6575 15.7117 
Ibias = 9.4000 9.4000 9.4000 9.4000 9.4000 9.4000 9.4000 9.4000 2.0000 2.0000 2.0000 2.0000 2.0000 2.0000 2.0000 2.0000 2.0000 2.0000 2.0000 2.0000 2.0000 2.0000 -2.0000 16.0000 16.0000 10.0000 -11.0000 
fa1 = 7.2695 5.2792 5.2792 5.2792 5.2792 5.2792 5.2792 5.2792 4.2351 4.2351 4.2351 4.2351 4.2351 4.2351 4.2351 3.1616 3.1616 3.1616 3.1616 3.1616 3.1616 3.1616 2.2334 18.2869 18.2869 68.0496 2.7887 
fa2 = 7.2290 5.2445 5.2445 5.2445 5.2445 5.2445 5.2445 5.2445 4.2048 4.2048 4.2048 4.2048 4.2048 4.2048 4.2048 3.1370 3.1370 3.1370 3.1370 3.1370 3.1370 3.1370 2.2149 18.2632 18.2632 69.1468 2.7651 
fa3 = 7.2293 5.2447 5.2447 5.2447 5.2447 5.2447 5.2447 5.2447 4.2050 4.2050 4.2050 4.2050 4.2050 4.2050 4.2050 3.1372 3.1372 3.1372 3.1372 3.1372 3.1372 3.1372 2.2151 18.2632 18.2632 69.1646 2.7653 
fa4 = 7.1892 5.2102 5.2102 5.2102 5.2102 5.2102 5.2102 5.2102 4.1750 4.1750 4.1750 4.1750 4.1750 4.1750 4.1750 3.1129 3.1129 3.1129 3.1129 3.1129 3.1129 3.1129 2.1969 18.2401 18.2401 70.2896 2.7419 
fb1 = -0.2961 -0.3070 -0.3070 -0.3070 -0.3070 -0.3070 -0.3070 -0.3070 -0.3134 -0.3134 -0.3134 -0.3134 -0.3134 -0.3134 -0.3134 -0.3206 -0.3206 -0.3206 -0.3206 -0.3206 -0.3206 -0.3206 -0.3276 -0.0615 -0.0615 0.1065 -0.1346 
fb2 = -0.2959 -0.3068 -0.3068 -0.3068 -0.3068 -0.3068 -0.3068 -0.3068 -0.3132 -0.3132 -0.3132 -0.3132 -0.3132 -0.3132 -0.3132 -0.3205 -0.3205 -0.3205 -0.3205 -0.3205 -0.3205 -0.3205 -0.3275 -0.0611 -0.0611 0.1079 -0.1345 
fb3 = -0.2959 -0.3068 -0.3068 -0.3068 -0.3068 -0.3068 -0.3068 -0.3068 -0.3132 -0.3132 -0.3132 -0.3132 -0.3132 -0.3132 -0.3132 -0.3205 -0.3205 -0.3205 -0.3205 -0.3205 -0.3205 -0.3205 -0.3275 -0.0611 -0.0611 0.1079 -0.1345 
fb4 = -0.2957 -0.3066 -0.3066 -0.3066 -0.3066 -0.3066 -0.3066 -0.3066 -0.3131 -0.3131 -0.3131 -0.3131 -0.3131 -0.3131 -0.3131 -0.3204 -0.3204 -0.3204 -0.3204 -0.3204 -0.3204 -0.3204 -0.3273 -0.0607 -0.0607 0.1093 -0.1344 
I = 14.9000 9.4000 9.4000 9.4000 9.4000 9.4000 9.4000 9.4000 6.0000 6.0000 6.0000 6.0000 6.0000 6.0000 6.0000 2.0000 2.0000 2.0000 2.0000 2.0000 2.0000 2.0000 -2.0000 24.0000 24.0000 10.0000 -10.0806 
S1 = 0.0000 0.0000 0.0000 0.0000 0.0000 0.0000 0.0000 0.0000 0.0000 0.0000 0.0000 0.0000 0.0000 0.0000 0.0000 0.0000 0.0000 0.0000 0.0000 0.0000 0.0000 0.0000 0.0000 0.0000 0.0000 0.0000 0.0000 
S2 = 0.0000 0.0000 0.0000 0.0000 0.0000 0.0000 0.0000 0.0000 0.0000 0.0000 0.0000 0.0000 0.0000 0.0000 0.0000 0.0000 0.0000 0.0000 0.0000 0.0000 0.0000 0.0000 0.0000 0.0000 0.0000 0.0000 0.9194 
u = 9.7073 9.7014 9.7014 9.7014 9.7014 9.7014 9.7014 9.7014 9.6979 9.6979 9.6979 9.6979 9.6979 9.6979 9.6979 9.6938 9.6938 9.6938 9.6938 9.6938 9.6938 9.6938 9.6899 9.9069 9.9069 10.2063 9.8686 
v = 23.1417 20.3524 20.3524 20.3524 20.3524 20.3524 20.3524 20.3524 18.7098 18.7098 18.7098 18.7098 18.7098 18.7098 18.7098 16.8501 16.8501 16.8501 16.8501 16.8501 16.8501 16.8501 15.0630 34.3493 34.3493 78.3491 15.7393 
