ExternalI = 5.5000 0.0000 0.0000 0.0000 0.0000 0.0000 0.0000 0.0000 4.0000 4.0000 4.0000 4.0000 4.0000 4.0000 4.0000 0.0000 0.0000 0.0000 0.0000 0.0000 0.0000 0.0000 0.0000 8.0000 8.0000 0.0000 0.0000 
before u = 9.7073 9.7014 9.7014 9.7014 9.7014 9.7014 9.7014 9.7014 9.6979 9.6979 9.6979 9.6979 9.6979 9.6979 9.6979 9.6938 9.6938 9.6938 9.6938 9.6938 9.6938 9.6938 9.6899 9.9069 9.9069 10.2063 9.8686 
before v = 23.1417 20.3524 20.3524 20.3524 20.3524 20.3524 20.3524 20.3524 18.7098 18.7098 18.7098 18.7098 18.7098 18.7098 18.7098 16.8501 16.8501 16.8501 16.8501 16.8501 16.8501 16.8501 15.0630 34.3493 34.3493 78.3491 15.7393 
Ibias = 9.4000 9.4000 9.4000 9.4000 9.4000 9.4000 9.4000 9.4000 2.0000 2.0000 2.0000 2.0000 2.0000 2.0000 2.0000 2.0000 2.0000 2.0000 2.0000 2.0000 2.0000 2.0000 -2.0000 16.0000 16.0000 10.0000 -11.0000 
fa1 = 7.1892 5.2102 5.2102 5.2102 5.2102 5.2102 5.2102 5.2102 4.1750 4.1750 4.1750 4.1750 4.1750 4.1750 4.1750 3.1129 3.1129 3.1129 3.1129 3.1129 3.1129 3.1129 2.1969 18.2401 18.2401 70.2895 2.7400 
fa2 = 7.1494 5.1761 5.1761 5.1761 5.1761 5.1761 5.1761 5.1761 4.1452 4.1452 4.1452 4.1452 4.1452 4.1452 4.1452 3.0888 3.0888 3.0888 3.0888 3.0888 3.0888 3.0888 2.1788 18.2178 18.2178 71.4424 2.7169 
fa3 = 7.1497 5.1763 5.1763 5.1763 5.1763 5.1763 5.1763 5.1763 4.1454 4.1454 4.1454 4.1454 4.1454 4.1454 4.1454 3.0890 3.0890 3.0890 3.0890 3.0890 3.0890 3.0890 2.1789 18.2178 18.2178 71.4614 2.7171 
fa4 = 7.1102 5.1424 5.1424 5.1424 5.1424 5.1424 5.1424 5.1424 4.1159 4.1159 4.1159 4.1159 4.1159 4.1159 4.1159 3.0651 3.0651 3.0651 3.0651 3.0651 3.0651 3.0651 2.1610 18.1962 18.1962 72.6441 2.6941 
fb1 = -0.2957 -0.3066 -0.3066 -0.3066 -0.3066 -0.3066 -0.3066 -0.3066 -0.3131 -0.3131 -0.3131 -0.3131 -0.3131 -0.3131 -0.3131 -0.3204 -0.3204 -0.3204 -0.3204 -0.3204 -0.3204 -0.3204 -0.3273 -0.0607 -0.0607 0.1093 -0.1344 
fb2 = -0.2955 -0.3065 -0.3065 -0.3065 -0.3065 -0.3065 -0.3065 -0.3065 -0.3129 -0.3129 -0.3129 -0.3129 -0.3129 -0.3129 -0.3129 -0.3202 -0.3202 -0.3202 -0.3202 -0.3202 -0.3202 -0.3202 -0.3272 -0.0604 -0.0604 0.1107 -0.1343 
fb3 = -0.2955 -0.3065 -0.3065 -0.3065 -0.3065 -0.3065 -0.3065 -0.3065 -0.3129 -0.3129 -0.3129 -0.3129 -0.3129 -0.3129 -0.3129 -0.3202 -0.3202 -0.3202 -0.3202 -0.3202 -0.3202 -0.3202 -0.3272 -0.0604 -0.0604 0.1107 -0.1343 
fb4 = -0.2953 -0.3063 -0.3063 -0.3063 -0.3063 -0.3063 -0.3063 -0.3063 -0.3128 -0.3128 -0.3128 -0.3128 -0.3128 -0.3128 -0.3128 -0.3201 -0.3201 -0.3201 -0.3201 -0.3201 -0.3201 -0.3201 -0.3271 -0.0600 -0.0600 0.1121 -0.1343 
I = 14.9000 9.4000 9.4000 9.4000 9.4000 9.4000 9.4000 9.4000 6.0000 6.0000 6.0000 6.0000 6.0000 6.0000 6.0000 2.0000 2.0000 2.0000 2.0000 2.0000 2.0000 2.0000 -2.0000 24.0000 24.0000 10.0000 -10.0825 
S1 = 0.0000 0.0000 0.0000 0.0000 0.0000 0.0000 0.0000 0.0000 0.0000 0.0000 0.0000 0.0000 0.0000 0.0000 0.0000 0.0000 0.0000 0.0000 0.0000 0.0000 0.0000 0.0000 0.0000 0.0000 0.0000 0.0000 0.0000 
S2 = 0.0000 0.0000 0.0000 0.0000 0.0000 0.0000 0.0000 0.0000 0.0000 0.0000 0.0000 0.0000 0.0000 0.0000 0.0000 0.0000 0.0000 0.0000 0.0000 0.0000 0.0000 0.0000 0.0000 0.0000 0.0000 0.0000 0.9175 
u = 9.7043 9.6984 9.6984 9.6984 9.6984 9.6984 9.6984 9.6984 9.6948 9.6948 9.6948 9.6948 9.6948 9.6948 9.6948 9.6906 9.6906 9.6906 9.6906 9.6906 9.6906 9.6906 9.6866 9.9063 9.9063 10.2074 9.8672 
v = 23.2132 20.4041 20.4041 20.4041 20.4041 20.4041 20.4041 20.4041 18.7512 18.7512 18.7512 18.7512 18.7512 18.7512 18.7512 16.8810 16.8810 16.8810 16.8810 16.8810 16.8810 16.8810 15.0848 34.5315 34.5315 79.0636 15.7665 
