ExternalI = 5.5000 0.0000 0.0000 0.0000 0.0000 0.0000 0.0000 0.0000 4.0000 4.0000 4.0000 4.0000 4.0000 4.0000 4.0000 0.0000 0.0000 0.0000 0.0000 0.0000 0.0000 0.0000 0.0000 8.0000 8.0000 0.0000 0.0000 
before u = 9.7014 9.6953 9.6953 9.6953 9.6953 9.6953 9.6953 9.6953 9.6916 9.6916 9.6916 9.6916 9.6916 9.6916 9.6916 9.6874 9.6874 9.6874 9.6874 9.6874 9.6874 9.6874 9.6833 9.9057 9.9057 10.2086 9.8659 
before v = 23.2839 20.4552 20.4552 20.4552 20.4552 20.4552 20.4552 20.4552 18.7921 18.7921 18.7921 18.7921 18.7921 18.7921 18.7921 16.9114 16.9114 16.9114 16.9114 16.9114 16.9114 16.9114 15.1062 34.7133 34.7133 79.8024 15.7932 
Ibias = 9.4000 9.4000 9.4000 9.4000 9.4000 9.4000 9.4000 9.4000 2.0000 2.0000 2.0000 2.0000 2.0000 2.0000 2.0000 2.0000 2.0000 2.0000 2.0000 2.0000 2.0000 2.0000 -2.0000 16.0000 16.0000 10.0000 -11.0000 
fa1 = 7.0325 5.0757 5.0757 5.0757 5.0757 5.0757 5.0757 5.0757 4.0578 4.0578 4.0578 4.0578 4.0578 4.0578 4.0578 3.0182 3.0182 3.0182 3.0182 3.0182 3.0182 3.0182 2.1259 18.1549 18.1549 75.1210 2.6454 
fa2 = 6.9941 5.0426 5.0426 5.0426 5.0426 5.0426 5.0426 5.0426 4.0290 4.0290 4.0290 4.0290 4.0290 4.0290 4.0290 2.9949 2.9949 2.9949 2.9949 2.9949 2.9949 2.9949 2.1085 18.1353 18.1353 76.3972 2.6231 
fa3 = 6.9943 5.0429 5.0429 5.0429 5.0429 5.0429 5.0429 5.0429 4.0292 4.0292 4.0292 4.0292 4.0292 4.0292 4.0292 2.9951 2.9951 2.9951 2.9951 2.9951 2.9951 2.9951 2.1086 18.1353 18.1353 76.4190 2.6233 
fa4 = 6.9561 5.0101 5.0101 5.0101 5.0101 5.0101 5.0101 5.0101 4.0007 4.0007 4.0007 4.0007 4.0007 4.0007 4.0007 2.9721 2.9721 2.9721 2.9721 2.9721 2.9721 2.9721 2.0914 18.1164 18.1164 77.7293 2.6012 
fb1 = -0.2949 -0.3060 -0.3060 -0.3060 -0.3060 -0.3060 -0.3060 -0.3060 -0.3125 -0.3125 -0.3125 -0.3125 -0.3125 -0.3125 -0.3125 -0.3199 -0.3199 -0.3199 -0.3199 -0.3199 -0.3199 -0.3199 -0.3269 -0.0593 -0.0593 0.1150 -0.1341 
fb2 = -0.2947 -0.3058 -0.3058 -0.3058 -0.3058 -0.3058 -0.3058 -0.3058 -0.3124 -0.3124 -0.3124 -0.3124 -0.3124 -0.3124 -0.3124 -0.3197 -0.3197 -0.3197 -0.3197 -0.3197 -0.3197 -0.3197 -0.3268 -0.0589 -0.0589 0.1165 -0.1341 
fb3 = -0.2947 -0.3058 -0.3058 -0.3058 -0.3058 -0.3058 -0.3058 -0.3058 -0.3124 -0.3124 -0.3124 -0.3124 -0.3124 -0.3124 -0.3124 -0.3197 -0.3197 -0.3197 -0.3197 -0.3197 -0.3197 -0.3197 -0.3268 -0.0589 -0.0589 0.1166 -0.1341 
fb4 = -0.2945 -0.3057 -0.3057 -0.3057 -0.3057 -0.3057 -0.3057 -0.3057 -0.3122 -0.3122 -0.3122 -0.3122 -0.3122 -0.3122 -0.3122 -0.3196 -0.3196 -0.3196 -0.3196 -0.3196 -0.3196 -0.3196 -0.3267 -0.0585 -0.0585 0.1181 -0.1340 
I = 14.9000 9.4000 9.4000 9.4000 9.4000 9.4000 9.4000 9.4000 6.0000 6.0000 6.0000 6.0000 6.0000 6.0000 6.0000 2.0000 2.0000 2.0000 2.0000 2.0000 2.0000 2.0000 -2.0000 24.0000 24.0000 10.0000 -10.0862 
S1 = 0.0000 0.0000 0.0000 0.0000 0.0000 0.0000 0.0000 0.0000 0.0000 0.0000 0.0000 0.0000 0.0000 0.0000 0.0000 0.0000 0.0000 0.0000 0.0000 0.0000 0.0000 0.0000 0.0000 0.0000 0.0000 0.0000 0.0000 
S2 = 0.0000 0.0000 0.0000 0.0000 0.0000 0.0000 0.0000 0.0000 0.0000 0.0000 0.0000 0.0000 0.0000 0.0000 0.0000 0.0000 0.0000 0.0000 0.0000 0.0000 0.0000 0.0000 0.0000 0.0000 0.0000 0.0000 0.9138 
u = 9.6984 9.6922 9.6922 9.6922 9.6922 9.6922 9.6922 9.6922 9.6885 9.6885 9.6885 9.6885 9.6885 9.6885 9.6885 9.6842 9.6842 9.6842 9.6842 9.6842 9.6842 9.6842 9.6801 9.9051 9.9051 10.2097 9.8645 
v = 23.3538 20.5056 20.5056 20.5056 20.5056 20.5056 20.5056 20.5056 18.8324 18.8324 18.8324 18.8324 18.8324 18.8324 18.8324 16.9413 16.9413 16.9413 16.9413 16.9413 16.9413 16.9413 15.1273 34.8946 34.8946 80.5665 15.8194 
