ExternalI = 5.5000 0.0000 0.0000 0.0000 0.0000 0.0000 0.0000 0.0000 4.0000 4.0000 4.0000 4.0000 4.0000 4.0000 4.0000 0.0000 0.0000 0.0000 0.0000 0.0000 0.0000 0.0000 0.0000 8.0000 8.0000 0.0000 0.0000 
before u = 9.6955 9.6892 9.6892 9.6892 9.6892 9.6892 9.6892 9.6892 9.6854 9.6854 9.6854 9.6854 9.6854 9.6854 9.6854 9.6810 9.6810 9.6810 9.6810 9.6810 9.6810 9.6810 9.6768 9.9046 9.9046 10.2109 9.8632 
before v = 23.4230 20.5554 20.5554 20.5554 20.5554 20.5554 20.5554 20.5554 18.8721 18.8721 18.8721 18.8721 18.8721 18.8721 18.8721 16.9708 16.9708 16.9708 16.9708 16.9708 16.9708 16.9708 15.1481 35.0756 35.0756 81.3574 15.8452 
Ibias = 9.4000 9.4000 9.4000 9.4000 9.4000 9.4000 9.4000 9.4000 2.0000 2.0000 2.0000 2.0000 2.0000 2.0000 2.0000 2.0000 2.0000 2.0000 2.0000 2.0000 2.0000 2.0000 -2.0000 16.0000 16.0000 10.0000 -11.0000 
fa1 = 6.8810 4.9456 4.9456 4.9456 4.9456 4.9456 4.9456 4.9456 3.9445 3.9445 3.9445 3.9445 3.9445 3.9445 3.9445 2.9268 2.9268 2.9268 2.9268 2.9268 2.9268 2.9268 2.0576 18.0806 18.0806 80.4779 2.5542 
fa2 = 6.8438 4.9136 4.9136 4.9136 4.9136 4.9136 4.9136 4.9136 3.9167 3.9167 3.9167 3.9167 3.9167 3.9167 3.9167 2.9044 2.9044 2.9044 2.9044 2.9044 2.9044 2.9044 2.0408 18.0636 18.0636 81.8956 2.5328 
fa3 = 6.8440 4.9138 4.9138 4.9138 4.9138 4.9138 4.9138 4.9138 3.9169 3.9169 3.9169 3.9169 3.9169 3.9169 3.9169 2.9046 2.9046 2.9046 2.9046 2.9046 2.9046 2.9046 2.0410 18.0636 18.0636 81.9207 2.5330 
fa4 = 6.8070 4.8821 4.8821 4.8821 4.8821 4.8821 4.8821 4.8821 3.8893 3.8893 3.8893 3.8893 3.8893 3.8893 3.8893 2.8823 2.8823 2.8823 2.8823 2.8823 2.8823 2.8823 2.0243 18.0474 18.0474 83.3778 2.5117 
fb1 = -0.2941 -0.3053 -0.3053 -0.3053 -0.3053 -0.3053 -0.3053 -0.3053 -0.3119 -0.3119 -0.3119 -0.3119 -0.3119 -0.3119 -0.3119 -0.3194 -0.3194 -0.3194 -0.3194 -0.3194 -0.3194 -0.3194 -0.3265 -0.0578 -0.0578 0.1212 -0.1339 
fb2 = -0.2939 -0.3052 -0.3052 -0.3052 -0.3052 -0.3052 -0.3052 -0.3052 -0.3118 -0.3118 -0.3118 -0.3118 -0.3118 -0.3118 -0.3118 -0.3192 -0.3192 -0.3192 -0.3192 -0.3192 -0.3192 -0.3192 -0.3264 -0.0574 -0.0574 0.1228 -0.1338 
fb3 = -0.2939 -0.3052 -0.3052 -0.3052 -0.3052 -0.3052 -0.3052 -0.3052 -0.3118 -0.3118 -0.3118 -0.3118 -0.3118 -0.3118 -0.3118 -0.3192 -0.3192 -0.3192 -0.3192 -0.3192 -0.3192 -0.3192 -0.3264 -0.0574 -0.0574 0.1228 -0.1338 
fb4 = -0.2937 -0.3050 -0.3050 -0.3050 -0.3050 -0.3050 -0.3050 -0.3050 -0.3116 -0.3116 -0.3116 -0.3116 -0.3116 -0.3116 -0.3116 -0.3191 -0.3191 -0.3191 -0.3191 -0.3191 -0.3191 -0.3191 -0.3263 -0.0571 -0.0571 0.1245 -0.1338 
I = 14.9000 9.4000 9.4000 9.4000 9.4000 9.4000 9.4000 9.4000 6.0000 6.0000 6.0000 6.0000 6.0000 6.0000 6.0000 2.0000 2.0000 2.0000 2.0000 2.0000 2.0000 2.0000 -2.0000 24.0000 24.0000 10.0000 -10.0898 
S1 = 0.0000 0.0000 0.0000 0.0000 0.0000 0.0000 0.0000 0.0000 0.0000 0.0000 0.0000 0.0000 0.0000 0.0000 0.0000 0.0000 0.0000 0.0000 0.0000 0.0000 0.0000 0.0000 0.0000 0.0000 0.0000 0.0000 0.0000 
S2 = 0.0000 0.0000 0.0000 0.0000 0.0000 0.0000 0.0000 0.0000 0.0000 0.0000 0.0000 0.0000 0.0000 0.0000 0.0000 0.0000 0.0000 0.0000 0.0000 0.0000 0.0000 0.0000 0.0000 0.0000 0.0000 0.0000 0.9102 
u = 9.6925 9.6861 9.6861 9.6861 9.6861 9.6861 9.6861 9.6861 9.6823 9.6823 9.6823 9.6823 9.6823 9.6823 9.6823 9.6779 9.6779 9.6779 9.6779 9.6779 9.6779 9.6779 9.6735 9.9040 9.9040 10.2122 9.8619 
v = 23.4915 20.6046 20.6046 20.6046 20.6046 20.6046 20.6046 20.6046 18.9113 18.9113 18.9113 18.9113 18.9113 18.9113 18.9113 16.9999 16.9999 16.9999 16.9999 16.9999 16.9999 16.9999 15.1685 35.2562 35.2562 82.1766 15.8705 
