ExternalI = 5.5000 0.0000 0.0000 0.0000 0.0000 0.0000 0.0000 0.0000 4.0000 4.0000 4.0000 4.0000 4.0000 4.0000 4.0000 0.0000 0.0000 0.0000 0.0000 0.0000 0.0000 0.0000 0.0000 8.0000 8.0000 0.0000 0.0000 
before u = 9.6925 9.6861 9.6861 9.6861 9.6861 9.6861 9.6861 9.6861 9.6823 9.6823 9.6823 9.6823 9.6823 9.6823 9.6823 9.6779 9.6779 9.6779 9.6779 9.6779 9.6779 9.6779 9.6735 9.9040 9.9040 10.2122 9.8619 
before v = 23.4915 20.6046 20.6046 20.6046 20.6046 20.6046 20.6046 20.6046 18.9113 18.9113 18.9113 18.9113 18.9113 18.9113 18.9113 16.9999 16.9999 16.9999 16.9999 16.9999 16.9999 16.9999 15.1685 35.2562 35.2562 82.1766 15.8705 
Ibias = 9.4000 9.4000 9.4000 9.4000 9.4000 9.4000 9.4000 9.4000 2.0000 2.0000 2.0000 2.0000 2.0000 2.0000 2.0000 2.0000 2.0000 2.0000 2.0000 2.0000 2.0000 2.0000 -2.0000 16.0000 16.0000 10.0000 -11.0000 
fa1 = 6.8070 4.8821 4.8821 4.8821 4.8821 4.8821 4.8821 4.8821 3.8893 3.8893 3.8893 3.8893 3.8893 3.8893 3.8893 2.8823 2.8823 2.8823 2.8823 2.8823 2.8823 2.8823 2.0243 18.0474 18.0474 83.3776 2.5099 
fa2 = 6.7704 4.8507 4.8507 4.8507 4.8507 4.8507 4.8507 4.8507 3.8620 3.8620 3.8620 3.8620 3.8620 3.8620 3.8620 2.8603 2.8603 2.8603 2.8603 2.8603 2.8603 2.8603 2.0079 18.0318 18.0318 84.8739 2.4888 
fa3 = 6.7706 4.8509 4.8509 4.8509 4.8509 4.8509 4.8509 4.8509 3.8622 3.8622 3.8622 3.8622 3.8622 3.8622 3.8622 2.8605 2.8605 2.8605 2.8605 2.8605 2.8605 2.8605 2.0080 18.0318 18.0318 84.9009 2.4890 
fa4 = 6.7343 4.8197 4.8197 4.8197 4.8197 4.8197 4.8197 4.8197 3.8351 3.8351 3.8351 3.8351 3.8351 3.8351 3.8351 2.8386 2.8386 2.8386 2.8386 2.8386 2.8386 2.8386 1.9917 18.0169 18.0169 86.4396 2.4682 
fb1 = -0.2937 -0.3050 -0.3050 -0.3050 -0.3050 -0.3050 -0.3050 -0.3050 -0.3116 -0.3116 -0.3116 -0.3116 -0.3116 -0.3116 -0.3116 -0.3191 -0.3191 -0.3191 -0.3191 -0.3191 -0.3191 -0.3191 -0.3263 -0.0571 -0.0571 0.1245 -0.1338 
fb2 = -0.2935 -0.3049 -0.3049 -0.3049 -0.3049 -0.3049 -0.3049 -0.3049 -0.3115 -0.3115 -0.3115 -0.3115 -0.3115 -0.3115 -0.3115 -0.3190 -0.3190 -0.3190 -0.3190 -0.3190 -0.3190 -0.3190 -0.3262 -0.0567 -0.0567 0.1261 -0.1337 
fb3 = -0.2935 -0.3049 -0.3049 -0.3049 -0.3049 -0.3049 -0.3049 -0.3049 -0.3115 -0.3115 -0.3115 -0.3115 -0.3115 -0.3115 -0.3115 -0.3190 -0.3190 -0.3190 -0.3190 -0.3190 -0.3190 -0.3190 -0.3262 -0.0567 -0.0567 0.1261 -0.1337 
fb4 = -0.2933 -0.3047 -0.3047 -0.3047 -0.3047 -0.3047 -0.3047 -0.3047 -0.3114 -0.3114 -0.3114 -0.3114 -0.3114 -0.3114 -0.3114 -0.3189 -0.3189 -0.3189 -0.3189 -0.3189 -0.3189 -0.3189 -0.3261 -0.0563 -0.0563 0.1278 -0.1336 
I = 14.9000 9.4000 9.4000 9.4000 9.4000 9.4000 9.4000 9.4000 6.0000 6.0000 6.0000 6.0000 6.0000 6.0000 6.0000 2.0000 2.0000 2.0000 2.0000 2.0000 2.0000 2.0000 -2.0000 24.0000 24.0000 10.0000 -10.0916 
S1 = 0.0000 0.0000 0.0000 0.0000 0.0000 0.0000 0.0000 0.0000 0.0000 0.0000 0.0000 0.0000 0.0000 0.0000 0.0000 0.0000 0.0000 0.0000 0.0000 0.0000 0.0000 0.0000 0.0000 0.0000 0.0000 0.0000 0.0000 
S2 = 0.0000 0.0000 0.0000 0.0000 0.0000 0.0000 0.0000 0.0000 0.0000 0.0000 0.0000 0.0000 0.0000 0.0000 0.0000 0.0000 0.0000 0.0000 0.0000 0.0000 0.0000 0.0000 0.0000 0.0000 0.0000 0.0000 0.9084 
u = 9.6896 9.6831 9.6831 9.6831 9.6831 9.6831 9.6831 9.6831 9.6792 9.6792 9.6792 9.6792 9.6792 9.6792 9.6792 9.6747 9.6747 9.6747 9.6747 9.6747 9.6747 9.6747 9.6703 9.9034 9.9034 10.2134 9.8605 
v = 23.5592 20.6531 20.6531 20.6531 20.6531 20.6531 20.6531 20.6531 18.9499 18.9499 18.9499 18.9499 18.9499 18.9499 18.9499 17.0285 17.0285 17.0285 17.0285 17.0285 17.0285 17.0285 15.1886 35.4366 35.4366 83.0255 15.8954 
