ExternalI = 5.5000 0.0000 0.0000 0.0000 0.0000 0.0000 0.0000 0.0000 4.0000 4.0000 4.0000 4.0000 4.0000 4.0000 4.0000 0.0000 0.0000 0.0000 0.0000 0.0000 0.0000 0.0000 0.0000 8.0000 8.0000 0.0000 0.0000 
before u = 9.6837 9.6770 9.6770 9.6770 9.6770 9.6770 9.6770 9.6770 9.6729 9.6729 9.6729 9.6729 9.6729 9.6729 9.6729 9.6683 9.6683 9.6683 9.6683 9.6683 9.6683 9.6683 9.6637 9.9023 9.9023 10.2161 9.8581 
before v = 23.6924 20.7482 20.7482 20.7482 20.7482 20.7482 20.7482 20.7482 19.0255 19.0255 19.0255 19.0255 19.0255 19.0255 19.0255 17.0844 17.0844 17.0844 17.0844 17.0844 17.0844 17.0844 15.2278 35.7964 35.7964 84.8196 16.1029 
Ibias = 9.4000 9.4000 9.4000 9.4000 9.4000 9.4000 9.4000 9.4000 2.0000 2.0000 2.0000 2.0000 2.0000 2.0000 2.0000 2.0000 2.0000 2.0000 2.0000 2.0000 2.0000 2.0000 -2.0000 16.0000 16.0000 10.0000 -11.0000 
fa1 = 6.5922 4.6979 4.6979 4.6979 4.6979 4.6979 4.6979 4.6979 3.7293 3.7293 3.7293 3.7293 3.7293 3.7293 3.7293 2.7536 2.7536 2.7536 2.7536 2.7536 2.7536 2.7536 1.9284 17.9638 17.9638 93.0999 2.5598 
fa2 = 6.5573 4.6679 4.6679 4.6679 4.6679 4.6679 4.6679 4.6679 3.7033 3.7033 3.7033 3.7033 3.7033 3.7033 3.7033 2.7327 2.7327 2.7327 2.7327 2.7327 2.7327 2.7327 1.9128 17.9522 17.9522 94.8700 2.5385 
fa3 = 6.5575 4.6681 4.6681 4.6681 4.6681 4.6681 4.6681 4.6681 3.7035 3.7035 3.7035 3.7035 3.7035 3.7035 3.7035 2.7328 2.7328 2.7328 2.7328 2.7328 2.7328 2.7328 1.9130 17.9522 17.9522 94.9039 2.5387 
fa4 = 6.5229 4.6384 4.6384 4.6384 4.6384 4.6384 4.6384 4.6384 3.6777 3.6777 3.6777 3.6777 3.6777 3.6777 3.6777 2.7121 2.7121 2.7121 2.7121 2.7121 2.7121 2.7121 1.8976 17.9412 17.9412 96.7272 2.5177 
fb1 = -0.2926 -0.3041 -0.3041 -0.3041 -0.3041 -0.3041 -0.3041 -0.3041 -0.3108 -0.3108 -0.3108 -0.3108 -0.3108 -0.3108 -0.3108 -0.3184 -0.3184 -0.3184 -0.3184 -0.3184 -0.3184 -0.3184 -0.3256 -0.0549 -0.0549 0.1350 -0.1327 
fb2 = -0.2924 -0.3039 -0.3039 -0.3039 -0.3039 -0.3039 -0.3039 -0.3039 -0.3107 -0.3107 -0.3107 -0.3107 -0.3107 -0.3107 -0.3107 -0.3183 -0.3183 -0.3183 -0.3183 -0.3183 -0.3183 -0.3183 -0.3255 -0.0545 -0.0545 0.1368 -0.1327 
fb3 = -0.2924 -0.3039 -0.3039 -0.3039 -0.3039 -0.3039 -0.3039 -0.3039 -0.3107 -0.3107 -0.3107 -0.3107 -0.3107 -0.3107 -0.3107 -0.3183 -0.3183 -0.3183 -0.3183 -0.3183 -0.3183 -0.3183 -0.3255 -0.0545 -0.0545 0.1368 -0.1327 
fb4 = -0.2922 -0.3038 -0.3038 -0.3038 -0.3038 -0.3038 -0.3038 -0.3038 -0.3105 -0.3105 -0.3105 -0.3105 -0.3105 -0.3105 -0.3105 -0.3182 -0.3182 -0.3182 -0.3182 -0.3182 -0.3182 -0.3182 -0.3254 -0.0541 -0.0541 0.1387 -0.1326 
I = 14.9000 9.4000 9.4000 9.4000 9.4000 9.4000 9.4000 9.4000 6.0000 6.0000 6.0000 6.0000 6.0000 6.0000 6.0000 2.0000 2.0000 2.0000 2.0000 2.0000 2.0000 2.0000 -2.0000 24.0000 24.0000 10.0000 -9.6456 
S1 = 0.0000 0.0000 0.0000 0.0000 0.0000 0.0000 0.0000 0.0000 0.0000 0.0000 0.0000 0.0000 0.0000 0.0000 0.0000 0.0000 0.0000 0.0000 0.0000 0.0000 0.0000 0.0000 0.0000 0.0000 0.0000 0.0000 0.0000 
S2 = 0.0000 0.0000 0.0000 0.0000 0.0000 0.0000 0.0000 0.0000 0.0000 0.0000 0.0000 0.0000 0.0000 0.0000 0.0000 0.0000 0.0000 0.0000 0.0000 0.0000 0.0000 0.0000 0.0000 0.0000 0.0000 0.0000 1.3544 
u = 9.6808 9.6740 9.6740 9.6740 9.6740 9.6740 9.6740 9.6740 9.6698 9.6698 9.6698 9.6698 9.6698 9.6698 9.6698 9.6651 9.6651 9.6651 9.6651 9.6651 9.6651 9.6651 9.6605 9.9018 9.9018 10.2174 9.8567 
v = 23.7580 20.7949 20.7949 20.7949 20.7949 20.7949 20.7949 20.7949 19.0626 19.0626 19.0626 19.0626 19.0626 19.0626 19.0626 17.1117 17.1117 17.1117 17.1117 17.1117 17.1117 17.1117 15.2469 35.9759 35.9759 85.7686 16.1283 
