ExternalI = 5.5000 0.0000 0.0000 0.0000 0.0000 0.0000 0.0000 0.0000 4.0000 4.0000 4.0000 4.0000 4.0000 4.0000 4.0000 0.0000 0.0000 0.0000 0.0000 0.0000 0.0000 0.0000 0.0000 8.0000 8.0000 0.0000 0.0000 
before u = 9.6808 9.6740 9.6740 9.6740 9.6740 9.6740 9.6740 9.6740 9.6698 9.6698 9.6698 9.6698 9.6698 9.6698 9.6698 9.6651 9.6651 9.6651 9.6651 9.6651 9.6651 9.6651 9.6605 9.9018 9.9018 10.2174 9.8567 
before v = 23.7580 20.7949 20.7949 20.7949 20.7949 20.7949 20.7949 20.7949 19.0626 19.0626 19.0626 19.0626 19.0626 19.0626 19.0626 17.1117 17.1117 17.1117 17.1117 17.1117 17.1117 17.1117 15.2469 35.9759 35.9759 85.7686 16.1283 
Ibias = 9.4000 9.4000 9.4000 9.4000 9.4000 9.4000 9.4000 9.4000 2.0000 2.0000 2.0000 2.0000 2.0000 2.0000 2.0000 2.0000 2.0000 2.0000 2.0000 2.0000 2.0000 2.0000 -2.0000 16.0000 16.0000 10.0000 -11.0000 
fa1 = 6.5229 4.6384 4.6384 4.6384 4.6384 4.6384 4.6384 4.6384 3.6777 3.6777 3.6777 3.6777 3.6777 3.6777 3.6777 2.7121 2.7121 2.7121 2.7121 2.7121 2.7121 2.7121 1.8976 17.9412 17.9412 96.7269 2.5149 
fa2 = 6.4885 4.6090 4.6090 4.6090 4.6090 4.6090 4.6090 4.6090 3.6521 3.6521 3.6521 3.6521 3.6521 3.6521 3.6521 2.6916 2.6916 2.6916 2.6916 2.6916 2.6916 2.6916 1.8823 17.9308 17.9308 98.6031 2.4941 
fa3 = 6.4887 4.6092 4.6092 4.6092 4.6092 4.6092 4.6092 4.6092 3.6523 3.6523 3.6523 3.6523 3.6523 3.6523 3.6523 2.6918 2.6918 2.6918 2.6918 2.6918 2.6918 2.6918 1.8824 17.9308 17.9308 98.6397 2.4943 
fa4 = 6.4546 4.5800 4.5800 4.5800 4.5800 4.5800 4.5800 4.5800 3.6270 3.6270 3.6270 3.6270 3.6270 3.6270 3.6270 2.6714 2.6714 2.6714 2.6714 2.6714 2.6714 2.6714 1.8673 17.9211 17.9211 100.5733 2.4737 
fb1 = -0.2922 -0.3038 -0.3038 -0.3038 -0.3038 -0.3038 -0.3038 -0.3038 -0.3105 -0.3105 -0.3105 -0.3105 -0.3105 -0.3105 -0.3105 -0.3182 -0.3182 -0.3182 -0.3182 -0.3182 -0.3182 -0.3182 -0.3254 -0.0541 -0.0541 0.1387 -0.1326 
fb2 = -0.2920 -0.3036 -0.3036 -0.3036 -0.3036 -0.3036 -0.3036 -0.3036 -0.3104 -0.3104 -0.3104 -0.3104 -0.3104 -0.3104 -0.3104 -0.3180 -0.3180 -0.3180 -0.3180 -0.3180 -0.3180 -0.3180 -0.3253 -0.0538 -0.0538 0.1406 -0.1326 
fb3 = -0.2920 -0.3036 -0.3036 -0.3036 -0.3036 -0.3036 -0.3036 -0.3036 -0.3104 -0.3104 -0.3104 -0.3104 -0.3104 -0.3104 -0.3104 -0.3180 -0.3180 -0.3180 -0.3180 -0.3180 -0.3180 -0.3180 -0.3253 -0.0538 -0.0538 0.1407 -0.1326 
fb4 = -0.2918 -0.3035 -0.3035 -0.3035 -0.3035 -0.3035 -0.3035 -0.3035 -0.3103 -0.3103 -0.3103 -0.3103 -0.3103 -0.3103 -0.3103 -0.3179 -0.3179 -0.3179 -0.3179 -0.3179 -0.3179 -0.3179 -0.3252 -0.0534 -0.0534 0.1426 -0.1325 
I = 14.9000 9.4000 9.4000 9.4000 9.4000 9.4000 9.4000 9.4000 6.0000 6.0000 6.0000 6.0000 6.0000 6.0000 6.0000 2.0000 2.0000 2.0000 2.0000 2.0000 2.0000 2.0000 -2.0000 24.0000 24.0000 10.0000 -9.6483 
S1 = 0.0000 0.0000 0.0000 0.0000 0.0000 0.0000 0.0000 0.0000 0.0000 0.0000 0.0000 0.0000 0.0000 0.0000 0.0000 0.0000 0.0000 0.0000 0.0000 0.0000 0.0000 0.0000 0.0000 0.0000 0.0000 0.0000 0.0000 
S2 = 0.0000 0.0000 0.0000 0.0000 0.0000 0.0000 0.0000 0.0000 0.0000 0.0000 0.0000 0.0000 0.0000 0.0000 0.0000 0.0000 0.0000 0.0000 0.0000 0.0000 0.0000 0.0000 0.0000 0.0000 0.0000 0.0000 1.3517 
u = 9.6779 9.6709 9.6709 9.6709 9.6709 9.6709 9.6709 9.6709 9.6667 9.6667 9.6667 9.6667 9.6667 9.6667 9.6667 9.6619 9.6619 9.6619 9.6619 9.6619 9.6619 9.6619 9.6572 9.9012 9.9012 10.2188 9.8554 
v = 23.8229 20.8410 20.8410 20.8410 20.8410 20.8410 20.8410 20.8410 19.0991 19.0991 19.0991 19.0991 19.0991 19.0991 19.0991 17.1387 17.1387 17.1387 17.1387 17.1387 17.1387 17.1387 15.2657 36.1552 36.1552 86.7549 16.1532 
