ExternalI = 5.5000 0.0000 0.0000 0.0000 0.0000 0.0000 0.0000 0.0000 4.0000 4.0000 4.0000 4.0000 4.0000 4.0000 4.0000 0.0000 0.0000 0.0000 0.0000 0.0000 0.0000 0.0000 0.0000 8.0000 8.0000 0.0000 0.0000 
before u = 9.6779 9.6709 9.6709 9.6709 9.6709 9.6709 9.6709 9.6709 9.6667 9.6667 9.6667 9.6667 9.6667 9.6667 9.6667 9.6619 9.6619 9.6619 9.6619 9.6619 9.6619 9.6619 9.6572 9.9012 9.9012 10.2188 9.8554 
before v = 23.8229 20.8410 20.8410 20.8410 20.8410 20.8410 20.8410 20.8410 19.0991 19.0991 19.0991 19.0991 19.0991 19.0991 19.0991 17.1387 17.1387 17.1387 17.1387 17.1387 17.1387 17.1387 15.2657 36.1552 36.1552 86.7549 16.1532 
Ibias = 9.4000 9.4000 9.4000 9.4000 9.4000 9.4000 9.4000 9.4000 2.0000 2.0000 2.0000 2.0000 2.0000 2.0000 2.0000 2.0000 2.0000 2.0000 2.0000 2.0000 2.0000 2.0000 -2.0000 16.0000 16.0000 10.0000 -11.0000 
fa1 = 6.4546 4.5800 4.5800 4.5800 4.5800 4.5800 4.5800 4.5800 3.6270 3.6270 3.6270 3.6270 3.6270 3.6270 3.6270 2.6714 2.6714 2.6714 2.6714 2.6714 2.6714 2.6714 1.8673 17.9211 17.9211 100.5730 2.4709 
fa2 = 6.4208 4.5510 4.5510 4.5510 4.5510 4.5510 4.5510 4.5510 3.6019 3.6019 3.6019 3.6019 3.6019 3.6019 3.6019 2.6513 2.6513 2.6513 2.6513 2.6513 2.6513 2.6513 1.8523 17.9121 17.9121 102.5639 2.4505 
fa3 = 6.4210 4.5512 4.5512 4.5512 4.5512 4.5512 4.5512 4.5512 3.6020 3.6020 3.6020 3.6020 3.6020 3.6020 3.6020 2.6515 2.6515 2.6515 2.6515 2.6515 2.6515 2.6515 1.8525 17.9121 17.9121 102.6035 2.4507 
fa4 = 6.3875 4.5224 4.5224 4.5224 4.5224 4.5224 4.5224 4.5224 3.5771 3.5771 3.5771 3.5771 3.5771 3.5771 3.5771 2.6315 2.6315 2.6315 2.6315 2.6315 2.6315 2.6315 1.8376 17.9037 17.9037 104.6566 2.4304 
fb1 = -0.2918 -0.3035 -0.3035 -0.3035 -0.3035 -0.3035 -0.3035 -0.3035 -0.3103 -0.3103 -0.3103 -0.3103 -0.3103 -0.3103 -0.3103 -0.3179 -0.3179 -0.3179 -0.3179 -0.3179 -0.3179 -0.3179 -0.3252 -0.0534 -0.0534 0.1426 -0.1325 
fb2 = -0.2916 -0.3033 -0.3033 -0.3033 -0.3033 -0.3033 -0.3033 -0.3033 -0.3101 -0.3101 -0.3101 -0.3101 -0.3101 -0.3101 -0.3101 -0.3178 -0.3178 -0.3178 -0.3178 -0.3178 -0.3178 -0.3178 -0.3251 -0.0530 -0.0530 0.1446 -0.1324 
fb3 = -0.2916 -0.3033 -0.3033 -0.3033 -0.3033 -0.3033 -0.3033 -0.3033 -0.3101 -0.3101 -0.3101 -0.3101 -0.3101 -0.3101 -0.3101 -0.3178 -0.3178 -0.3178 -0.3178 -0.3178 -0.3178 -0.3178 -0.3251 -0.0530 -0.0530 0.1447 -0.1324 
fb4 = -0.2915 -0.3032 -0.3032 -0.3032 -0.3032 -0.3032 -0.3032 -0.3032 -0.3100 -0.3100 -0.3100 -0.3100 -0.3100 -0.3100 -0.3100 -0.3177 -0.3177 -0.3177 -0.3177 -0.3177 -0.3177 -0.3177 -0.3250 -0.0527 -0.0527 0.1467 -0.1324 
I = 14.9000 9.4000 9.4000 9.4000 9.4000 9.4000 9.4000 9.4000 6.0000 6.0000 6.0000 6.0000 6.0000 6.0000 6.0000 2.0000 2.0000 2.0000 2.0000 2.0000 2.0000 2.0000 -2.0000 24.0000 24.0000 10.0000 -9.6510 
S1 = 0.0000 0.0000 0.0000 0.0000 0.0000 0.0000 0.0000 0.0000 0.0000 0.0000 0.0000 0.0000 0.0000 0.0000 0.0000 0.0000 0.0000 0.0000 0.0000 0.0000 0.0000 0.0000 0.0000 0.0000 0.0000 0.0000 0.0000 
S2 = 0.0000 0.0000 0.0000 0.0000 0.0000 0.0000 0.0000 0.0000 0.0000 0.0000 0.0000 0.0000 0.0000 0.0000 0.0000 0.0000 0.0000 0.0000 0.0000 0.0000 0.0000 0.0000 0.0000 0.0000 0.0000 0.0000 1.3490 
u = 9.6750 9.6679 9.6679 9.6679 9.6679 9.6679 9.6679 9.6679 9.6636 9.6636 9.6636 9.6636 9.6636 9.6636 9.6636 9.6587 9.6587 9.6587 9.6587 9.6587 9.6587 9.6587 9.6540 9.9007 9.9007 10.2203 9.8541 
v = 23.8871 20.8865 20.8865 20.8865 20.8865 20.8865 20.8865 20.8865 19.1351 19.1351 19.1351 19.1351 19.1351 19.1351 19.1351 17.1652 17.1652 17.1652 17.1652 17.1652 17.1652 17.1652 15.2842 36.3343 36.3343 87.7808 16.1778 
