ExternalI = 5.5000 0.0000 0.0000 0.0000 0.0000 0.0000 0.0000 0.0000 4.0000 4.0000 4.0000 4.0000 4.0000 4.0000 4.0000 0.0000 0.0000 0.0000 0.0000 0.0000 0.0000 0.0000 0.0000 8.0000 8.0000 0.0000 0.0000 
before u = 9.6721 9.6649 9.6649 9.6649 9.6649 9.6649 9.6649 9.6649 9.6605 9.6605 9.6605 9.6605 9.6605 9.6605 9.6605 9.6556 9.6556 9.6556 9.6556 9.6556 9.6556 9.6556 9.6507 9.9002 9.9002 10.2218 9.8528 
before v = 23.9506 20.9315 20.9315 20.9315 20.9315 20.9315 20.9315 20.9315 19.1706 19.1706 19.1706 19.1706 19.1706 19.1706 19.1706 17.1913 17.1913 17.1913 17.1913 17.1913 17.1913 17.1913 15.3025 36.5133 36.5133 88.8489 16.2018 
Ibias = 9.4000 9.4000 9.4000 9.4000 9.4000 9.4000 9.4000 9.4000 2.0000 2.0000 2.0000 2.0000 2.0000 2.0000 2.0000 2.0000 2.0000 2.0000 2.0000 2.0000 2.0000 2.0000 -2.0000 16.0000 16.0000 10.0000 -11.0000 
fa1 = 6.3213 4.4658 4.4658 4.4658 4.4658 4.4658 4.4658 4.4658 3.5281 3.5281 3.5281 3.5281 3.5281 3.5281 3.5281 2.5922 2.5922 2.5922 2.5922 2.5922 2.5922 2.5922 1.8085 17.8888 17.8888 108.9966 2.3853 
fa2 = 6.2886 4.4377 4.4377 4.4377 4.4377 4.4377 4.4377 4.4377 3.5038 3.5038 3.5038 3.5038 3.5038 3.5038 3.5038 2.5727 2.5727 2.5727 2.5727 2.5727 2.5727 2.5727 1.7941 17.8823 17.8823 111.2464 2.3657 
fa3 = 6.2888 4.4379 4.4379 4.4379 4.4379 4.4379 4.4379 4.4379 3.5039 3.5039 3.5039 3.5039 3.5039 3.5039 3.5039 2.5729 2.5729 2.5729 2.5729 2.5729 2.5729 2.5729 1.7942 17.8823 17.8823 111.2931 2.3658 
fa4 = 6.2562 4.4101 4.4101 4.4101 4.4101 4.4101 4.4101 4.4101 3.4798 3.4798 3.4798 3.4798 3.4798 3.4798 3.4798 2.5536 2.5536 2.5536 2.5536 2.5536 2.5536 2.5536 1.7799 17.8765 17.8765 113.6164 2.3464 
fb1 = -0.2911 -0.3029 -0.3029 -0.3029 -0.3029 -0.3029 -0.3029 -0.3029 -0.3097 -0.3097 -0.3097 -0.3097 -0.3097 -0.3097 -0.3097 -0.3175 -0.3175 -0.3175 -0.3175 -0.3175 -0.3175 -0.3175 -0.3248 -0.0520 -0.0520 0.1510 -0.1322 
fb2 = -0.2909 -0.3027 -0.3027 -0.3027 -0.3027 -0.3027 -0.3027 -0.3027 -0.3096 -0.3096 -0.3096 -0.3096 -0.3096 -0.3096 -0.3096 -0.3173 -0.3173 -0.3173 -0.3173 -0.3173 -0.3173 -0.3173 -0.3247 -0.0516 -0.0516 0.1531 -0.1322 
fb3 = -0.2909 -0.3027 -0.3027 -0.3027 -0.3027 -0.3027 -0.3027 -0.3027 -0.3096 -0.3096 -0.3096 -0.3096 -0.3096 -0.3096 -0.3096 -0.3173 -0.3173 -0.3173 -0.3173 -0.3173 -0.3173 -0.3173 -0.3247 -0.0516 -0.0516 0.1532 -0.1322 
fb4 = -0.2907 -0.3026 -0.3026 -0.3026 -0.3026 -0.3026 -0.3026 -0.3026 -0.3095 -0.3095 -0.3095 -0.3095 -0.3095 -0.3095 -0.3095 -0.3172 -0.3172 -0.3172 -0.3172 -0.3172 -0.3172 -0.3172 -0.3246 -0.0512 -0.0512 0.1554 -0.1321 
I = 14.9000 9.4000 9.4000 9.4000 9.4000 9.4000 9.4000 9.4000 6.0000 6.0000 6.0000 6.0000 6.0000 6.0000 6.0000 2.0000 2.0000 2.0000 2.0000 2.0000 2.0000 2.0000 -2.0000 24.0000 24.0000 10.0000 -9.6564 
S1 = 0.0000 0.0000 0.0000 0.0000 0.0000 0.0000 0.0000 0.0000 0.0000 0.0000 0.0000 0.0000 0.0000 0.0000 0.0000 0.0000 0.0000 0.0000 0.0000 0.0000 0.0000 0.0000 0.0000 0.0000 0.0000 0.0000 0.0000 
S2 = 0.0000 0.0000 0.0000 0.0000 0.0000 0.0000 0.0000 0.0000 0.0000 0.0000 0.0000 0.0000 0.0000 0.0000 0.0000 0.0000 0.0000 0.0000 0.0000 0.0000 0.0000 0.0000 0.0000 0.0000 0.0000 0.0000 1.3436 
u = 9.6692 9.6618 9.6618 9.6618 9.6618 9.6618 9.6618 9.6618 9.6574 9.6574 9.6574 9.6574 9.6574 9.6574 9.6574 9.6524 9.6524 9.6524 9.6524 9.6524 9.6524 9.6524 9.6475 9.8996 9.8996 10.2233 9.8514 
v = 24.0135 20.9758 20.9758 20.9758 20.9758 20.9758 20.9758 20.9758 19.2057 19.2057 19.2057 19.2057 19.2057 19.2057 19.2057 17.2170 17.2170 17.2170 17.2170 17.2170 17.2170 17.2170 15.3204 36.6921 36.6921 89.9617 16.2255 
