ExternalI = 5.5000 0.0000 0.0000 0.0000 0.0000 0.0000 0.0000 0.0000 4.0000 4.0000 4.0000 4.0000 4.0000 4.0000 4.0000 0.0000 0.0000 0.0000 0.0000 0.0000 0.0000 0.0000 0.0000 8.0000 8.0000 0.0000 0.0000 
before u = 9.6663 9.6588 9.6588 9.6588 9.6588 9.6588 9.6588 9.6588 9.6543 9.6543 9.6543 9.6543 9.6543 9.6543 9.6543 9.6492 9.6492 9.6492 9.6492 9.6492 9.6492 9.6492 9.6442 9.8991 9.8991 10.2249 9.8501 
before v = 24.0758 21.0197 21.0197 21.0197 21.0197 21.0197 21.0197 21.0197 19.2402 19.2402 19.2402 19.2402 19.2402 19.2402 19.2402 17.2424 17.2424 17.2424 17.2424 17.2424 17.2424 17.2424 15.3381 36.8708 36.8708 91.1222 16.2487 
Ibias = 9.4000 9.4000 9.4000 9.4000 9.4000 9.4000 9.4000 9.4000 2.0000 2.0000 2.0000 2.0000 2.0000 2.0000 2.0000 2.0000 2.0000 2.0000 2.0000 2.0000 2.0000 2.0000 -2.0000 16.0000 16.0000 10.0000 -11.0000 
fa1 = 6.1922 4.3553 4.3553 4.3553 4.3553 4.3553 4.3553 4.3553 3.4324 3.4324 3.4324 3.4324 3.4324 3.4324 3.4324 2.5157 2.5157 2.5157 2.5157 2.5157 2.5157 2.5157 1.7518 17.8667 17.8667 118.5388 2.3028 
fa2 = 6.1604 4.3281 4.3281 4.3281 4.3281 4.3281 4.3281 4.3281 3.4089 3.4089 3.4089 3.4089 3.4089 3.4089 3.4089 2.4969 2.4969 2.4969 2.4969 2.4969 2.4969 2.4969 1.7379 17.8628 17.8628 121.0946 2.2839 
fa3 = 6.1606 4.3282 4.3282 4.3282 4.3282 4.3282 4.3282 4.3282 3.4091 3.4091 3.4091 3.4091 3.4091 3.4091 3.4091 2.4970 2.4970 2.4970 2.4970 2.4970 2.4970 2.4970 1.7380 17.8628 17.8628 121.1500 2.2840 
fa4 = 6.1290 4.3013 4.3013 4.3013 4.3013 4.3013 4.3013 4.3013 3.3857 3.3857 3.3857 3.3857 3.3857 3.3857 3.3857 2.4784 2.4784 2.4784 2.4784 2.4784 2.4784 2.4784 1.7243 17.8595 17.8595 123.7930 2.2653 
fb1 = -0.2903 -0.3023 -0.3023 -0.3023 -0.3023 -0.3023 -0.3023 -0.3023 -0.3092 -0.3092 -0.3092 -0.3092 -0.3092 -0.3092 -0.3092 -0.3170 -0.3170 -0.3170 -0.3170 -0.3170 -0.3170 -0.3170 -0.3244 -0.0505 -0.0505 0.1600 -0.1320 
fb2 = -0.2902 -0.3021 -0.3021 -0.3021 -0.3021 -0.3021 -0.3021 -0.3021 -0.3091 -0.3091 -0.3091 -0.3091 -0.3091 -0.3091 -0.3091 -0.3169 -0.3169 -0.3169 -0.3169 -0.3169 -0.3169 -0.3169 -0.3243 -0.0501 -0.0501 0.1623 -0.1319 
fb3 = -0.2902 -0.3021 -0.3021 -0.3021 -0.3021 -0.3021 -0.3021 -0.3021 -0.3091 -0.3091 -0.3091 -0.3091 -0.3091 -0.3091 -0.3091 -0.3169 -0.3169 -0.3169 -0.3169 -0.3169 -0.3169 -0.3169 -0.3243 -0.0501 -0.0501 0.1624 -0.1319 
fb4 = -0.2900 -0.3020 -0.3020 -0.3020 -0.3020 -0.3020 -0.3020 -0.3020 -0.3090 -0.3090 -0.3090 -0.3090 -0.3090 -0.3090 -0.3090 -0.3168 -0.3168 -0.3168 -0.3168 -0.3168 -0.3168 -0.3168 -0.3242 -0.0498 -0.0498 0.1648 -0.1319 
I = 14.9000 9.4000 9.4000 9.4000 9.4000 9.4000 9.4000 9.4000 6.0000 6.0000 6.0000 6.0000 6.0000 6.0000 6.0000 2.0000 2.0000 2.0000 2.0000 2.0000 2.0000 2.0000 -2.0000 24.0000 24.0000 10.0000 -9.6618 
S1 = 0.0000 0.0000 0.0000 0.0000 0.0000 0.0000 0.0000 0.0000 0.0000 0.0000 0.0000 0.0000 0.0000 0.0000 0.0000 0.0000 0.0000 0.0000 0.0000 0.0000 0.0000 0.0000 0.0000 0.0000 0.0000 0.0000 0.0000 
S2 = 0.0000 0.0000 0.0000 0.0000 0.0000 0.0000 0.0000 0.0000 0.0000 0.0000 0.0000 0.0000 0.0000 0.0000 0.0000 0.0000 0.0000 0.0000 0.0000 0.0000 0.0000 0.0000 0.0000 0.0000 0.0000 0.0000 1.3382 
u = 9.6634 9.6558 9.6558 9.6558 9.6558 9.6558 9.6558 9.6558 9.6513 9.6513 9.6513 9.6513 9.6513 9.6513 9.6513 9.6461 9.6461 9.6461 9.6461 9.6461 9.6461 9.6461 9.6410 9.8986 9.8986 10.2265 9.8488 
v = 24.1374 21.0629 21.0629 21.0629 21.0629 21.0629 21.0629 21.0629 19.2743 19.2743 19.2743 19.2743 19.2743 19.2743 19.2743 17.2673 17.2673 17.2673 17.2673 17.2673 17.2673 17.2673 15.3554 37.0494 37.0494 92.3336 16.2716 
