ExternalI = 5.5000 0.0000 0.0000 0.0000 0.0000 0.0000 0.0000 0.0000 4.0000 4.0000 4.0000 4.0000 4.0000 4.0000 4.0000 0.0000 0.0000 0.0000 0.0000 0.0000 0.0000 0.0000 0.0000 8.0000 8.0000 0.0000 0.0000 
before u = 9.6634 9.6558 9.6558 9.6558 9.6558 9.6558 9.6558 9.6558 9.6513 9.6513 9.6513 9.6513 9.6513 9.6513 9.6513 9.6461 9.6461 9.6461 9.6461 9.6461 9.6461 9.6461 9.6410 9.8986 9.8986 10.2265 9.8488 
before v = 24.1374 21.0629 21.0629 21.0629 21.0629 21.0629 21.0629 21.0629 19.2743 19.2743 19.2743 19.2743 19.2743 19.2743 19.2743 17.2673 17.2673 17.2673 17.2673 17.2673 17.2673 17.2673 15.3554 37.0494 37.0494 92.3336 16.2716 
Ibias = 9.4000 9.4000 9.4000 9.4000 9.4000 9.4000 9.4000 9.4000 2.0000 2.0000 2.0000 2.0000 2.0000 2.0000 2.0000 2.0000 2.0000 2.0000 2.0000 2.0000 2.0000 2.0000 -2.0000 16.0000 16.0000 10.0000 -11.0000 
fa1 = 6.1290 4.3013 4.3013 4.3013 4.3013 4.3013 4.3013 4.3013 3.3857 3.3857 3.3857 3.3857 3.3857 3.3857 3.3857 2.4784 2.4784 2.4784 2.4784 2.4784 2.4784 2.4784 1.7243 17.8595 17.8595 123.7924 2.2626 
fa2 = 6.0978 4.2745 4.2745 4.2745 4.2745 4.2745 4.2745 4.2745 3.3626 3.3626 3.3626 3.3626 3.3626 3.3626 3.3626 2.4599 2.4599 2.4599 2.4599 2.4599 2.4599 2.4599 1.7106 17.8568 17.8568 126.5221 2.2441 
fa3 = 6.0979 4.2747 4.2747 4.2747 4.2747 4.2747 4.2747 4.2747 3.3628 3.3628 3.3628 3.3628 3.3628 3.3628 3.3628 2.4601 2.4601 2.4601 2.4601 2.4601 2.4601 2.4601 1.7107 17.8568 17.8568 126.5826 2.2442 
fa4 = 6.0669 4.2482 4.2482 4.2482 4.2482 4.2482 4.2482 4.2482 3.3398 3.3398 3.3398 3.3398 3.3398 3.3398 3.3398 2.4418 2.4418 2.4418 2.4418 2.4418 2.4418 2.4418 1.6972 17.8548 17.8548 129.4076 2.2258 
fb1 = -0.2900 -0.3020 -0.3020 -0.3020 -0.3020 -0.3020 -0.3020 -0.3020 -0.3090 -0.3090 -0.3090 -0.3090 -0.3090 -0.3090 -0.3090 -0.3168 -0.3168 -0.3168 -0.3168 -0.3168 -0.3168 -0.3168 -0.3242 -0.0498 -0.0498 0.1648 -0.1319 
fb2 = -0.2898 -0.3018 -0.3018 -0.3018 -0.3018 -0.3018 -0.3018 -0.3018 -0.3088 -0.3088 -0.3088 -0.3088 -0.3088 -0.3088 -0.3088 -0.3167 -0.3167 -0.3167 -0.3167 -0.3167 -0.3167 -0.3167 -0.3241 -0.0494 -0.0494 0.1673 -0.1318 
fb3 = -0.2898 -0.3018 -0.3018 -0.3018 -0.3018 -0.3018 -0.3018 -0.3018 -0.3088 -0.3088 -0.3088 -0.3088 -0.3088 -0.3088 -0.3088 -0.3167 -0.3167 -0.3167 -0.3167 -0.3167 -0.3167 -0.3167 -0.3241 -0.0494 -0.0494 0.1673 -0.1318 
fb4 = -0.2896 -0.3017 -0.3017 -0.3017 -0.3017 -0.3017 -0.3017 -0.3017 -0.3087 -0.3087 -0.3087 -0.3087 -0.3087 -0.3087 -0.3087 -0.3165 -0.3165 -0.3165 -0.3165 -0.3165 -0.3165 -0.3165 -0.3240 -0.0491 -0.0491 0.1698 -0.1318 
I = 14.9000 9.4000 9.4000 9.4000 9.4000 9.4000 9.4000 9.4000 6.0000 6.0000 6.0000 6.0000 6.0000 6.0000 6.0000 2.0000 2.0000 2.0000 2.0000 2.0000 2.0000 2.0000 -2.0000 24.0000 24.0000 10.0000 -9.6644 
S1 = 0.0000 0.0000 0.0000 0.0000 0.0000 0.0000 0.0000 0.0000 0.0000 0.0000 0.0000 0.0000 0.0000 0.0000 0.0000 0.0000 0.0000 0.0000 0.0000 0.0000 0.0000 0.0000 0.0000 0.0000 0.0000 0.0000 0.0000 
S2 = 0.0000 0.0000 0.0000 0.0000 0.0000 0.0000 0.0000 0.0000 0.0000 0.0000 0.0000 0.0000 0.0000 0.0000 0.0000 0.0000 0.0000 0.0000 0.0000 0.0000 0.0000 0.0000 0.0000 0.0000 0.0000 0.0000 1.3356 
u = 9.6605 9.6528 9.6528 9.6528 9.6528 9.6528 9.6528 9.6528 9.6482 9.6482 9.6482 9.6482 9.6482 9.6482 9.6482 9.6429 9.6429 9.6429 9.6429 9.6429 9.6429 9.6429 9.6378 9.8981 9.8981 10.2282 9.8475 
v = 24.1983 21.1057 21.1057 21.1057 21.1057 21.1057 21.1057 21.1057 19.3080 19.3080 19.3080 19.3080 19.3080 19.3080 19.3080 17.2919 17.2919 17.2919 17.2919 17.2919 17.2919 17.2919 15.3726 37.2280 37.2280 93.5993 16.2940 
