ExternalI = 5.5000 0.0000 0.0000 0.0000 0.0000 0.0000 0.0000 0.0000 4.0000 4.0000 4.0000 4.0000 4.0000 4.0000 4.0000 0.0000 0.0000 0.0000 0.0000 0.0000 0.0000 0.0000 0.0000 8.0000 8.0000 0.0000 0.0000 
before u = 9.6576 9.6498 9.6498 9.6498 9.6498 9.6498 9.6498 9.6498 9.6451 9.6451 9.6451 9.6451 9.6451 9.6451 9.6451 9.6397 9.6397 9.6397 9.6397 9.6397 9.6397 9.6397 9.6345 9.8977 9.8977 10.2299 9.8462 
before v = 24.2587 21.1479 21.1479 21.1479 21.1479 21.1479 21.1479 21.1479 19.3411 19.3411 19.3411 19.3411 19.3411 19.3411 19.3411 17.3162 17.3162 17.3162 17.3162 17.3162 17.3162 17.3162 15.3894 37.4065 37.4065 94.9230 16.3161 
Ibias = 9.4000 9.4000 9.4000 9.4000 9.4000 9.4000 9.4000 9.4000 2.0000 2.0000 2.0000 2.0000 2.0000 2.0000 2.0000 2.0000 2.0000 2.0000 2.0000 2.0000 2.0000 2.0000 -2.0000 16.0000 16.0000 10.0000 -11.0000 
fa1 = 6.0057 4.1959 4.1959 4.1959 4.1959 4.1959 4.1959 4.1959 3.2947 3.2947 3.2947 3.2947 3.2947 3.2947 3.2947 2.4058 2.4058 2.4058 2.4058 2.4058 2.4058 2.4058 1.6706 17.8527 17.8527 135.4163 2.1844 
fa2 = 5.9754 4.1700 4.1700 4.1700 4.1700 4.1700 4.1700 4.1700 3.2723 3.2723 3.2723 3.2723 3.2723 3.2723 3.2723 2.3879 2.3879 2.3879 2.3879 2.3879 2.3879 2.3879 1.6575 17.8526 17.8526 138.5442 2.1666 
fa3 = 5.9755 4.1701 4.1701 4.1701 4.1701 4.1701 4.1701 4.1701 3.2725 3.2725 3.2725 3.2725 3.2725 3.2725 3.2725 2.3881 2.3881 2.3881 2.3881 2.3881 2.3881 2.3881 1.6576 17.8526 17.8526 138.6169 2.1667 
fa4 = 5.9454 4.1444 4.1444 4.1444 4.1444 4.1444 4.1444 4.1444 3.2503 3.2503 3.2503 3.2503 3.2503 3.2503 3.2503 2.3704 2.3704 2.3704 2.3704 2.3704 2.3704 2.3704 1.6446 17.8531 17.8531 141.8593 2.1490 
fb1 = -0.2893 -0.3014 -0.3014 -0.3014 -0.3014 -0.3014 -0.3014 -0.3014 -0.3084 -0.3084 -0.3084 -0.3084 -0.3084 -0.3084 -0.3084 -0.3163 -0.3163 -0.3163 -0.3163 -0.3163 -0.3163 -0.3163 -0.3238 -0.0483 -0.0483 0.1751 -0.1317 
fb2 = -0.2891 -0.3013 -0.3013 -0.3013 -0.3013 -0.3013 -0.3013 -0.3013 -0.3083 -0.3083 -0.3083 -0.3083 -0.3083 -0.3083 -0.3083 -0.3162 -0.3162 -0.3162 -0.3162 -0.3162 -0.3162 -0.3162 -0.3237 -0.0480 -0.0480 0.1778 -0.1316 
fb3 = -0.2891 -0.3013 -0.3013 -0.3013 -0.3013 -0.3013 -0.3013 -0.3013 -0.3083 -0.3083 -0.3083 -0.3083 -0.3083 -0.3083 -0.3083 -0.3162 -0.3162 -0.3162 -0.3162 -0.3162 -0.3162 -0.3162 -0.3237 -0.0480 -0.0480 0.1778 -0.1316 
fb4 = -0.2889 -0.3011 -0.3011 -0.3011 -0.3011 -0.3011 -0.3011 -0.3011 -0.3082 -0.3082 -0.3082 -0.3082 -0.3082 -0.3082 -0.3082 -0.3161 -0.3161 -0.3161 -0.3161 -0.3161 -0.3161 -0.3161 -0.3236 -0.0476 -0.0476 0.1806 -0.1315 
I = 14.9000 9.4000 9.4000 9.4000 9.4000 9.4000 9.4000 9.4000 6.0000 6.0000 6.0000 6.0000 6.0000 6.0000 6.0000 2.0000 2.0000 2.0000 2.0000 2.0000 2.0000 2.0000 -2.0000 24.0000 24.0000 10.0000 -9.6698 
S1 = 0.0000 0.0000 0.0000 0.0000 0.0000 0.0000 0.0000 0.0000 0.0000 0.0000 0.0000 0.0000 0.0000 0.0000 0.0000 0.0000 0.0000 0.0000 0.0000 0.0000 0.0000 0.0000 0.0000 0.0000 0.0000 0.0000 0.0000 
S2 = 0.0000 0.0000 0.0000 0.0000 0.0000 0.0000 0.0000 0.0000 0.0000 0.0000 0.0000 0.0000 0.0000 0.0000 0.0000 0.0000 0.0000 0.0000 0.0000 0.0000 0.0000 0.0000 0.0000 0.0000 0.0000 0.0000 1.3302 
u = 9.6547 9.6467 9.6467 9.6467 9.6467 9.6467 9.6467 9.6467 9.6420 9.6420 9.6420 9.6420 9.6420 9.6420 9.6420 9.6366 9.6366 9.6366 9.6366 9.6366 9.6366 9.6366 9.6313 9.8972 9.8972 10.2317 9.8448 
v = 24.3185 21.1896 21.1896 21.1896 21.1896 21.1896 21.1896 21.1896 19.3739 19.3739 19.3739 19.3739 19.3739 19.3739 19.3739 17.3400 17.3400 17.3400 17.3400 17.3400 17.3400 17.3400 15.4060 37.5851 37.5851 96.3090 16.3377 
