ExternalI = 5.5000 0.0000 0.0000 0.0000 0.0000 0.0000 0.0000 0.0000 4.0000 4.0000 4.0000 4.0000 4.0000 4.0000 4.0000 0.0000 0.0000 0.0000 0.0000 0.0000 0.0000 0.0000 0.0000 8.0000 8.0000 0.0000 0.0000 
before u = 9.6547 9.6467 9.6467 9.6467 9.6467 9.6467 9.6467 9.6467 9.6420 9.6420 9.6420 9.6420 9.6420 9.6420 9.6420 9.6366 9.6366 9.6366 9.6366 9.6366 9.6366 9.6366 9.6313 9.8972 9.8972 10.2317 9.8448 
before v = 24.3185 21.1896 21.1896 21.1896 21.1896 21.1896 21.1896 21.1896 19.3739 19.3739 19.3739 19.3739 19.3739 19.3739 19.3739 17.3400 17.3400 17.3400 17.3400 17.3400 17.3400 17.3400 15.4060 37.5851 37.5851 96.3090 16.3377 
Ibias = 9.4000 9.4000 9.4000 9.4000 9.4000 9.4000 9.4000 9.4000 2.0000 2.0000 2.0000 2.0000 2.0000 2.0000 2.0000 2.0000 2.0000 2.0000 2.0000 2.0000 2.0000 2.0000 -2.0000 16.0000 16.0000 10.0000 -11.0000 
fa1 = 5.9454 4.1444 4.1444 4.1444 4.1444 4.1444 4.1444 4.1444 3.2503 3.2503 3.2503 3.2503 3.2503 3.2503 3.2503 2.3704 2.3704 2.3704 2.3704 2.3704 2.3704 2.3704 1.6446 17.8531 17.8531 141.8584 2.1464 
fa2 = 5.9156 4.1189 4.1189 4.1189 4.1189 4.1189 4.1189 4.1189 3.2283 3.2283 3.2283 3.2283 3.2283 3.2283 3.2283 2.3529 2.3529 2.3529 2.3529 2.3529 2.3529 2.3529 1.6317 17.8543 17.8543 145.2147 2.1289 
fa3 = 5.9157 4.1191 4.1191 4.1191 4.1191 4.1191 4.1191 4.1191 3.2284 3.2284 3.2284 3.2284 3.2284 3.2284 3.2284 2.3530 2.3530 2.3530 2.3530 2.3530 2.3530 2.3530 1.6318 17.8543 17.8543 145.2946 2.1290 
fa4 = 5.8861 4.0937 4.0937 4.0937 4.0937 4.0937 4.0937 4.0937 3.2066 3.2066 3.2066 3.2066 3.2066 3.2066 3.2066 2.3356 2.3356 2.3356 2.3356 2.3356 2.3356 2.3356 1.6190 17.8561 17.8561 148.7768 2.1117 
fb1 = -0.2889 -0.3011 -0.3011 -0.3011 -0.3011 -0.3011 -0.3011 -0.3011 -0.3082 -0.3082 -0.3082 -0.3082 -0.3082 -0.3082 -0.3082 -0.3161 -0.3161 -0.3161 -0.3161 -0.3161 -0.3161 -0.3161 -0.3236 -0.0476 -0.0476 0.1806 -0.1315 
fb2 = -0.2887 -0.3010 -0.3010 -0.3010 -0.3010 -0.3010 -0.3010 -0.3010 -0.3081 -0.3081 -0.3081 -0.3081 -0.3081 -0.3081 -0.3081 -0.3160 -0.3160 -0.3160 -0.3160 -0.3160 -0.3160 -0.3160 -0.3235 -0.0472 -0.0472 0.1834 -0.1315 
fb3 = -0.2887 -0.3010 -0.3010 -0.3010 -0.3010 -0.3010 -0.3010 -0.3010 -0.3081 -0.3081 -0.3081 -0.3081 -0.3081 -0.3081 -0.3081 -0.3160 -0.3160 -0.3160 -0.3160 -0.3160 -0.3160 -0.3160 -0.3235 -0.0472 -0.0472 0.1835 -0.1315 
fb4 = -0.2886 -0.3008 -0.3008 -0.3008 -0.3008 -0.3008 -0.3008 -0.3008 -0.3079 -0.3079 -0.3079 -0.3079 -0.3079 -0.3079 -0.3079 -0.3159 -0.3159 -0.3159 -0.3159 -0.3159 -0.3159 -0.3159 -0.3234 -0.0469 -0.0469 0.1864 -0.1314 
I = 14.9000 9.4000 9.4000 9.4000 9.4000 9.4000 9.4000 9.4000 6.0000 6.0000 6.0000 6.0000 6.0000 6.0000 6.0000 2.0000 2.0000 2.0000 2.0000 2.0000 2.0000 2.0000 -2.0000 24.0000 24.0000 10.0000 -9.6724 
S1 = 0.0000 0.0000 0.0000 0.0000 0.0000 0.0000 0.0000 0.0000 0.0000 0.0000 0.0000 0.0000 0.0000 0.0000 0.0000 0.0000 0.0000 0.0000 0.0000 0.0000 0.0000 0.0000 0.0000 0.0000 0.0000 0.0000 0.0000 
S2 = 0.0000 0.0000 0.0000 0.0000 0.0000 0.0000 0.0000 0.0000 0.0000 0.0000 0.0000 0.0000 0.0000 0.0000 0.0000 0.0000 0.0000 0.0000 0.0000 0.0000 0.0000 0.0000 0.0000 0.0000 0.0000 0.0000 1.3276 
u = 9.6518 9.6437 9.6437 9.6437 9.6437 9.6437 9.6437 9.6437 9.6389 9.6389 9.6389 9.6389 9.6389 9.6389 9.6389 9.6334 9.6334 9.6334 9.6334 9.6334 9.6334 9.6334 9.6280 9.8967 9.8967 10.2335 9.8435 
v = 24.3776 21.2308 21.2308 21.2308 21.2308 21.2308 21.2308 21.2308 19.4061 19.4061 19.4061 19.4061 19.4061 19.4061 19.4061 17.3636 17.3636 17.3636 17.3636 17.3636 17.3636 17.3636 15.4223 37.7636 37.7636 97.7618 16.3590 
