ExternalI = 5.5000 0.0000 0.0000 0.0000 0.0000 0.0000 0.0000 0.0000 4.0000 4.0000 4.0000 4.0000 4.0000 4.0000 4.0000 0.0000 0.0000 0.0000 0.0000 0.0000 0.0000 0.0000 0.0000 8.0000 8.0000 0.0000 0.0000 
before u = 9.6518 9.6437 9.6437 9.6437 9.6437 9.6437 9.6437 9.6437 9.6389 9.6389 9.6389 9.6389 9.6389 9.6389 9.6389 9.6334 9.6334 9.6334 9.6334 9.6334 9.6334 9.6334 9.6280 9.8967 9.8967 10.2335 9.8435 
before v = 24.3776 21.2308 21.2308 21.2308 21.2308 21.2308 21.2308 21.2308 19.4061 19.4061 19.4061 19.4061 19.4061 19.4061 19.4061 17.3636 17.3636 17.3636 17.3636 17.3636 17.3636 17.3636 15.4223 37.7636 37.7636 97.7618 16.3590 
Ibias = 9.4000 9.4000 9.4000 9.4000 9.4000 9.4000 9.4000 9.4000 2.0000 2.0000 2.0000 2.0000 2.0000 2.0000 2.0000 2.0000 2.0000 2.0000 2.0000 2.0000 2.0000 2.0000 -2.0000 16.0000 16.0000 10.0000 -11.0000 
fa1 = 5.8861 4.0937 4.0937 4.0937 4.0937 4.0937 4.0937 4.0937 3.2066 3.2066 3.2066 3.2066 3.2066 3.2066 3.2066 2.3356 2.3356 2.3356 2.3356 2.3356 2.3356 2.3356 1.6190 17.8561 17.8561 148.7758 2.1090 
fa2 = 5.8567 4.0686 4.0686 4.0686 4.0686 4.0686 4.0686 4.0686 3.1849 3.1849 3.1849 3.1849 3.1849 3.1849 3.1849 2.3184 2.3184 2.3184 2.3184 2.3184 2.3184 2.3184 1.6063 17.8585 17.8585 152.3832 2.0918 
fa3 = 5.8568 4.0688 4.0688 4.0688 4.0688 4.0688 4.0688 4.0688 3.1851 3.1851 3.1851 3.1851 3.1851 3.1851 3.1851 2.3185 2.3185 2.3185 2.3185 2.3185 2.3185 2.3185 1.6064 17.8585 17.8585 152.4713 2.0920 
fa4 = 5.8276 4.0439 4.0439 4.0439 4.0439 4.0439 4.0439 4.0439 3.1636 3.1636 3.1636 3.1636 3.1636 3.1636 3.1636 2.3014 2.3014 2.3014 2.3014 2.3014 2.3014 2.3014 1.5938 17.8616 17.8616 156.2175 2.0750 
fb1 = -0.2886 -0.3008 -0.3008 -0.3008 -0.3008 -0.3008 -0.3008 -0.3008 -0.3079 -0.3079 -0.3079 -0.3079 -0.3079 -0.3079 -0.3079 -0.3159 -0.3159 -0.3159 -0.3159 -0.3159 -0.3159 -0.3159 -0.3234 -0.0469 -0.0469 0.1864 -0.1314 
fb2 = -0.2884 -0.3007 -0.3007 -0.3007 -0.3007 -0.3007 -0.3007 -0.3007 -0.3078 -0.3078 -0.3078 -0.3078 -0.3078 -0.3078 -0.3078 -0.3158 -0.3158 -0.3158 -0.3158 -0.3158 -0.3158 -0.3158 -0.3233 -0.0465 -0.0465 0.1893 -0.1314 
fb3 = -0.2884 -0.3007 -0.3007 -0.3007 -0.3007 -0.3007 -0.3007 -0.3007 -0.3078 -0.3078 -0.3078 -0.3078 -0.3078 -0.3078 -0.3078 -0.3158 -0.3158 -0.3158 -0.3158 -0.3158 -0.3158 -0.3158 -0.3233 -0.0465 -0.0465 0.1894 -0.1314 
fb4 = -0.2882 -0.3005 -0.3005 -0.3005 -0.3005 -0.3005 -0.3005 -0.3005 -0.3077 -0.3077 -0.3077 -0.3077 -0.3077 -0.3077 -0.3077 -0.3157 -0.3157 -0.3157 -0.3157 -0.3157 -0.3157 -0.3157 -0.3232 -0.0462 -0.0462 0.1924 -0.1313 
I = 14.9000 9.4000 9.4000 9.4000 9.4000 9.4000 9.4000 9.4000 6.0000 6.0000 6.0000 6.0000 6.0000 6.0000 6.0000 2.0000 2.0000 2.0000 2.0000 2.0000 2.0000 2.0000 -2.0000 24.0000 24.0000 10.0000 -9.6751 
S1 = 0.0000 0.0000 0.0000 0.0000 0.0000 0.0000 0.0000 0.0000 0.0000 0.0000 0.0000 0.0000 0.0000 0.0000 0.0000 0.0000 0.0000 0.0000 0.0000 0.0000 0.0000 0.0000 0.0000 0.0000 0.0000 0.0000 0.0000 
S2 = 0.0000 0.0000 0.0000 0.0000 0.0000 0.0000 0.0000 0.0000 0.0000 0.0000 0.0000 0.0000 0.0000 0.0000 0.0000 0.0000 0.0000 0.0000 0.0000 0.0000 0.0000 0.0000 0.0000 0.0000 0.0000 0.0000 1.3249 
u = 9.6489 9.6407 9.6407 9.6407 9.6407 9.6407 9.6407 9.6407 9.6358 9.6358 9.6358 9.6358 9.6358 9.6358 9.6358 9.6302 9.6302 9.6302 9.6302 9.6302 9.6302 9.6302 9.6248 9.8962 9.8962 10.2354 9.8422 
v = 24.4362 21.2715 21.2715 21.2715 21.2715 21.2715 21.2715 21.2715 19.4380 19.4380 19.4380 19.4380 19.4380 19.4380 19.4380 17.3868 17.3868 17.3868 17.3868 17.3868 17.3868 17.3868 15.4383 37.9422 37.9422 99.2863 16.3799 
