ExternalI = 5.5000 0.0000 0.0000 0.0000 0.0000 0.0000 0.0000 0.0000 4.0000 4.0000 4.0000 4.0000 4.0000 4.0000 4.0000 0.0000 0.0000 0.0000 0.0000 0.0000 0.0000 0.0000 0.0000 8.0000 8.0000 0.0000 0.0000 
before u = 9.6431 9.6347 9.6347 9.6347 9.6347 9.6347 9.6347 9.6347 9.6297 9.6297 9.6297 9.6297 9.6297 9.6297 9.6297 9.6239 9.6239 9.6239 9.6239 9.6239 9.6239 9.6239 9.6184 9.8953 9.8953 10.2394 9.8396 
before v = 24.5516 21.3514 21.3514 21.3514 21.3514 21.3514 21.3514 21.3514 19.5004 19.5004 19.5004 19.5004 19.5004 19.5004 19.5004 17.4321 17.4321 17.4321 17.4321 17.4321 17.4321 17.4321 15.4697 38.2996 38.2996 102.5731 16.4207 
Ibias = 9.4000 9.4000 9.4000 9.4000 9.4000 9.4000 9.4000 9.4000 2.0000 2.0000 2.0000 2.0000 2.0000 2.0000 2.0000 2.0000 2.0000 2.0000 2.0000 2.0000 2.0000 2.0000 -2.0000 16.0000 16.0000 10.0000 -11.0000 
fa1 = 5.7133 3.9464 3.9464 3.9464 3.9464 3.9464 3.9464 3.9464 3.0797 3.0797 3.0797 3.0797 3.0797 3.0797 3.0797 2.2349 2.2349 2.2349 2.2349 2.2349 2.2349 2.2349 1.5450 17.8802 17.8802 172.8910 2.0009 
fa2 = 5.6852 3.9224 3.9224 3.9224 3.9224 3.9224 3.9224 3.9224 3.0591 3.0591 3.0591 3.0591 3.0591 3.0591 3.0591 2.2185 2.2185 2.2185 2.2185 2.2185 2.2185 2.2185 1.5330 17.8865 17.8865 177.4201 1.9847 
fa3 = 5.6853 3.9226 3.9226 3.9226 3.9226 3.9226 3.9226 3.9226 3.0592 3.0592 3.0592 3.0592 3.0592 3.0592 3.0592 2.2186 2.2186 2.2186 2.2186 2.2186 2.2186 2.2186 1.5331 17.8865 17.8865 177.5396 1.9848 
fa4 = 5.6574 3.8988 3.8988 3.8988 3.8988 3.8988 3.8988 3.8988 3.0388 3.0388 3.0388 3.0388 3.0388 3.0388 3.0388 2.2024 2.2024 2.2024 2.2024 2.2024 2.2024 2.2024 1.5212 17.8934 17.8934 182.2575 1.9687 
fb1 = -0.2875 -0.3000 -0.3000 -0.3000 -0.3000 -0.3000 -0.3000 -0.3000 -0.3072 -0.3072 -0.3072 -0.3072 -0.3072 -0.3072 -0.3072 -0.3152 -0.3152 -0.3152 -0.3152 -0.3152 -0.3152 -0.3152 -0.3229 -0.0447 -0.0447 0.2055 -0.1311 
fb2 = -0.2873 -0.2998 -0.2998 -0.2998 -0.2998 -0.2998 -0.2998 -0.2998 -0.3071 -0.3071 -0.3071 -0.3071 -0.3071 -0.3071 -0.3071 -0.3151 -0.3151 -0.3151 -0.3151 -0.3151 -0.3151 -0.3151 -0.3228 -0.0443 -0.0443 0.2089 -0.1311 
fb3 = -0.2873 -0.2998 -0.2998 -0.2998 -0.2998 -0.2998 -0.2998 -0.2998 -0.3071 -0.3071 -0.3071 -0.3071 -0.3071 -0.3071 -0.3071 -0.3151 -0.3151 -0.3151 -0.3151 -0.3151 -0.3151 -0.3151 -0.3228 -0.0443 -0.0443 0.2090 -0.1311 
fb4 = -0.2872 -0.2997 -0.2997 -0.2997 -0.2997 -0.2997 -0.2997 -0.2997 -0.3069 -0.3069 -0.3069 -0.3069 -0.3069 -0.3069 -0.3069 -0.3150 -0.3150 -0.3150 -0.3150 -0.3150 -0.3150 -0.3150 -0.3227 -0.0440 -0.0440 0.2126 -0.1310 
I = 14.9000 9.4000 9.4000 9.4000 9.4000 9.4000 9.4000 9.4000 6.0000 6.0000 6.0000 6.0000 6.0000 6.0000 6.0000 2.0000 2.0000 2.0000 2.0000 2.0000 2.0000 2.0000 -2.0000 24.0000 24.0000 10.0000 -9.6830 
S1 = 0.0000 0.0000 0.0000 0.0000 0.0000 0.0000 0.0000 0.0000 0.0000 0.0000 0.0000 0.0000 0.0000 0.0000 0.0000 0.0000 0.0000 0.0000 0.0000 0.0000 0.0000 0.0000 0.0000 0.0000 0.0000 0.0000 0.0000 
S2 = 0.0000 0.0000 0.0000 0.0000 0.0000 0.0000 0.0000 0.0000 0.0000 0.0000 0.0000 0.0000 0.0000 0.0000 0.0000 0.0000 0.0000 0.0000 0.0000 0.0000 0.0000 0.0000 0.0000 0.0000 0.0000 0.0000 1.3170 
u = 9.6403 9.6317 9.6317 9.6317 9.6317 9.6317 9.6317 9.6317 9.6266 9.6266 9.6266 9.6266 9.6266 9.6266 9.6266 9.6208 9.6208 9.6208 9.6208 9.6208 9.6208 9.6208 9.6151 9.8949 9.8949 10.2415 9.8383 
v = 24.6084 21.3906 21.3906 21.3906 21.3906 21.3906 21.3906 21.3906 19.5310 19.5310 19.5310 19.5310 19.5310 19.5310 19.5310 17.4543 17.4543 17.4543 17.4543 17.4543 17.4543 17.4543 15.4851 38.4785 38.4785 104.3482 16.4405 
