ExternalI = 5.5000 0.0000 0.0000 0.0000 0.0000 0.0000 0.0000 0.0000 4.0000 4.0000 4.0000 4.0000 4.0000 4.0000 4.0000 0.0000 0.0000 0.0000 0.0000 0.0000 0.0000 0.0000 0.0000 8.0000 8.0000 0.0000 0.0000 
before u = 9.6403 9.6317 9.6317 9.6317 9.6317 9.6317 9.6317 9.6317 9.6266 9.6266 9.6266 9.6266 9.6266 9.6266 9.6266 9.6208 9.6208 9.6208 9.6208 9.6208 9.6208 9.6208 9.6151 9.8949 9.8949 10.2415 9.8383 
before v = 24.6084 21.3906 21.3906 21.3906 21.3906 21.3906 21.3906 21.3906 19.5310 19.5310 19.5310 19.5310 19.5310 19.5310 19.5310 17.4543 17.4543 17.4543 17.4543 17.4543 17.4543 17.4543 15.4851 38.4785 38.4785 104.3482 16.4405 
Ibias = 9.4000 9.4000 9.4000 9.4000 9.4000 9.4000 9.4000 9.4000 2.0000 2.0000 2.0000 2.0000 2.0000 2.0000 2.0000 2.0000 2.0000 2.0000 2.0000 2.0000 2.0000 2.0000 -2.0000 16.0000 16.0000 10.0000 -11.0000 
fa1 = 5.6574 3.8988 3.8988 3.8988 3.8988 3.8988 3.8988 3.8988 3.0388 3.0388 3.0388 3.0388 3.0388 3.0388 3.0388 2.2024 2.2024 2.2024 2.2024 2.2024 2.2024 2.2024 1.5212 17.8934 17.8934 182.2559 1.9661 
fa2 = 5.6297 3.8752 3.8752 3.8752 3.8752 3.8752 3.8752 3.8752 3.0185 3.0185 3.0185 3.0185 3.0185 3.0185 3.0185 2.1863 2.1863 2.1863 2.1863 2.1863 2.1863 2.1863 1.5094 17.9010 17.9010 187.1615 1.9502 
fa3 = 5.6299 3.8753 3.8753 3.8753 3.8753 3.8753 3.8753 3.8753 3.0186 3.0186 3.0186 3.0186 3.0186 3.0186 3.0186 2.1865 2.1865 2.1865 2.1865 2.1865 2.1865 2.1865 1.5095 17.9010 17.9010 187.2945 1.9503 
fa4 = 5.6024 3.8519 3.8519 3.8519 3.8519 3.8519 3.8519 3.8519 2.9985 2.9985 2.9985 2.9985 2.9985 2.9985 2.9985 2.1705 2.1705 2.1705 2.1705 2.1705 2.1705 2.1705 1.4978 17.9091 17.9091 192.4103 1.9346 
fb1 = -0.2872 -0.2997 -0.2997 -0.2997 -0.2997 -0.2997 -0.2997 -0.2997 -0.3069 -0.3069 -0.3069 -0.3069 -0.3069 -0.3069 -0.3069 -0.3150 -0.3150 -0.3150 -0.3150 -0.3150 -0.3150 -0.3150 -0.3227 -0.0440 -0.0440 0.2126 -0.1310 
fb2 = -0.2870 -0.2996 -0.2996 -0.2996 -0.2996 -0.2996 -0.2996 -0.2996 -0.3068 -0.3068 -0.3068 -0.3068 -0.3068 -0.3068 -0.3068 -0.3149 -0.3149 -0.3149 -0.3149 -0.3149 -0.3149 -0.3149 -0.3226 -0.0436 -0.0436 0.2162 -0.1310 
fb3 = -0.2870 -0.2996 -0.2996 -0.2996 -0.2996 -0.2996 -0.2996 -0.2996 -0.3068 -0.3068 -0.3068 -0.3068 -0.3068 -0.3068 -0.3068 -0.3149 -0.3149 -0.3149 -0.3149 -0.3149 -0.3149 -0.3149 -0.3226 -0.0436 -0.0436 0.2163 -0.1310 
fb4 = -0.2868 -0.2994 -0.2994 -0.2994 -0.2994 -0.2994 -0.2994 -0.2994 -0.3067 -0.3067 -0.3067 -0.3067 -0.3067 -0.3067 -0.3067 -0.3148 -0.3148 -0.3148 -0.3148 -0.3148 -0.3148 -0.3148 -0.3225 -0.0433 -0.0433 0.2200 -0.1309 
I = 14.9000 9.4000 9.4000 9.4000 9.4000 9.4000 9.4000 9.4000 6.0000 6.0000 6.0000 6.0000 6.0000 6.0000 6.0000 2.0000 2.0000 2.0000 2.0000 2.0000 2.0000 2.0000 -2.0000 24.0000 24.0000 10.0000 -9.6857 
S1 = 0.0000 0.0000 0.0000 0.0000 0.0000 0.0000 0.0000 0.0000 0.0000 0.0000 0.0000 0.0000 0.0000 0.0000 0.0000 0.0000 0.0000 0.0000 0.0000 0.0000 0.0000 0.0000 0.0000 0.0000 0.0000 0.0000 0.0000 
S2 = 0.0000 0.0000 0.0000 0.0000 0.0000 0.0000 0.0000 0.0000 0.0000 0.0000 0.0000 0.0000 0.0000 0.0000 0.0000 0.0000 0.0000 0.0000 0.0000 0.0000 0.0000 0.0000 0.0000 0.0000 0.0000 0.0000 1.3143 
u = 9.6374 9.6287 9.6287 9.6287 9.6287 9.6287 9.6287 9.6287 9.6236 9.6236 9.6236 9.6236 9.6236 9.6236 9.6236 9.6176 9.6176 9.6176 9.6176 9.6176 9.6176 9.6176 9.6119 9.8945 9.8945 10.2436 9.8370 
v = 24.6647 21.4294 21.4294 21.4294 21.4294 21.4294 21.4294 21.4294 19.5612 19.5612 19.5612 19.5612 19.5612 19.5612 19.5612 17.4762 17.4762 17.4762 17.4762 17.4762 17.4762 17.4762 15.5002 38.6575 38.6575 106.2209 16.4600 
