ExternalI = 5.5000 0.0000 0.0000 0.0000 0.0000 0.0000 0.0000 0.0000 4.0000 4.0000 4.0000 4.0000 4.0000 4.0000 4.0000 0.0000 0.0000 0.0000 0.0000 0.0000 0.0000 0.0000 0.0000 8.0000 8.0000 0.0000 0.0000 
before u = 9.6317 9.6227 9.6227 9.6227 9.6227 9.6227 9.6227 9.6227 9.6174 9.6174 9.6174 9.6174 9.6174 9.6174 9.6174 9.6113 9.6113 9.6113 9.6113 9.6113 9.6113 9.6113 9.6055 9.8936 9.8936 10.2482 9.8343 
before v = 24.7757 21.5055 21.5055 21.5055 21.5055 21.5055 21.5055 21.5055 19.6204 19.6204 19.6204 19.6204 19.6204 19.6204 19.6204 17.5190 17.5190 17.5190 17.5190 17.5190 17.5190 17.5190 15.5297 39.0160 39.0160 110.2929 16.4980 
Ibias = 9.4000 9.4000 9.4000 9.4000 9.4000 9.4000 9.4000 9.4000 2.0000 2.0000 2.0000 2.0000 2.0000 2.0000 2.0000 2.0000 2.0000 2.0000 2.0000 2.0000 2.0000 2.0000 -2.0000 16.0000 16.0000 10.0000 -11.0000 
fa1 = 5.4946 3.7602 3.7602 3.7602 3.7602 3.7602 3.7602 3.7602 2.9198 2.9198 2.9198 2.9198 2.9198 2.9198 2.9198 2.1083 2.1083 2.1083 2.1083 2.1083 2.1083 2.1083 1.4524 17.9483 17.9483 215.4542 1.8654 
fa2 = 5.4681 3.7377 3.7377 3.7377 3.7377 3.7377 3.7377 3.7377 2.9005 2.9005 2.9005 2.9005 2.9005 2.9005 2.9005 2.0931 2.0931 2.0931 2.0931 2.0931 2.0931 2.0931 1.4412 17.9597 17.9597 221.7729 1.8504 
fa3 = 5.4683 3.7378 3.7378 3.7378 3.7378 3.7378 3.7378 3.7378 2.9006 2.9006 2.9006 2.9006 2.9006 2.9006 2.9006 2.0932 2.0932 2.0932 2.0932 2.0932 2.0932 2.0932 1.4413 17.9598 17.9598 221.9596 1.8505 
fa4 = 5.4420 3.7155 3.7155 3.7155 3.7155 3.7155 3.7155 3.7155 2.8814 2.8814 2.8814 2.8814 2.8814 2.8814 2.8814 2.0780 2.0780 2.0780 2.0780 2.0780 2.0780 2.0780 1.4303 17.9718 17.9718 228.5746 1.8356 
fb1 = -0.2862 -0.2989 -0.2989 -0.2989 -0.2989 -0.2989 -0.2989 -0.2989 -0.3062 -0.3062 -0.3062 -0.3062 -0.3062 -0.3062 -0.3062 -0.3144 -0.3144 -0.3144 -0.3144 -0.3144 -0.3144 -0.3144 -0.3221 -0.0418 -0.0418 0.2362 -0.1307 
fb2 = -0.2860 -0.2988 -0.2988 -0.2988 -0.2988 -0.2988 -0.2988 -0.2988 -0.3061 -0.3061 -0.3061 -0.3061 -0.3061 -0.3061 -0.3061 -0.3143 -0.3143 -0.3143 -0.3143 -0.3143 -0.3143 -0.3143 -0.3220 -0.0414 -0.0414 0.2405 -0.1306 
fb3 = -0.2860 -0.2988 -0.2988 -0.2988 -0.2988 -0.2988 -0.2988 -0.2988 -0.3061 -0.3061 -0.3061 -0.3061 -0.3061 -0.3061 -0.3061 -0.3143 -0.3143 -0.3143 -0.3143 -0.3143 -0.3143 -0.3143 -0.3220 -0.0414 -0.0414 0.2406 -0.1306 
fb4 = -0.2858 -0.2986 -0.2986 -0.2986 -0.2986 -0.2986 -0.2986 -0.2986 -0.3060 -0.3060 -0.3060 -0.3060 -0.3060 -0.3060 -0.3060 -0.3142 -0.3142 -0.3142 -0.3142 -0.3142 -0.3142 -0.3142 -0.3219 -0.0411 -0.0411 0.2450 -0.1306 
I = 14.9000 9.4000 9.4000 9.4000 9.4000 9.4000 9.4000 9.4000 6.0000 6.0000 6.0000 6.0000 6.0000 6.0000 6.0000 2.0000 2.0000 2.0000 2.0000 2.0000 2.0000 2.0000 -2.0000 24.0000 24.0000 10.0000 -9.6935 
S1 = 0.0000 0.0000 0.0000 0.0000 0.0000 0.0000 0.0000 0.0000 0.0000 0.0000 0.0000 0.0000 0.0000 0.0000 0.0000 0.0000 0.0000 0.0000 0.0000 0.0000 0.0000 0.0000 0.0000 0.0000 0.0000 0.0000 0.0000 
S2 = 0.0000 0.0000 0.0000 0.0000 0.0000 0.0000 0.0000 0.0000 0.0000 0.0000 0.0000 0.0000 0.0000 0.0000 0.0000 0.0000 0.0000 0.0000 0.0000 0.0000 0.0000 0.0000 0.0000 0.0000 0.0000 0.0000 1.3065 
u = 9.6288 9.6198 9.6198 9.6198 9.6198 9.6198 9.6198 9.6198 9.6144 9.6144 9.6144 9.6144 9.6144 9.6144 9.6144 9.6082 9.6082 9.6082 9.6082 9.6082 9.6082 9.6082 9.6022 9.8932 9.8932 10.2506 9.8330 
v = 24.8304 21.5429 21.5429 21.5429 21.5429 21.5429 21.5429 21.5429 19.6494 19.6494 19.6494 19.6494 19.6494 19.6494 19.6494 17.5399 17.5399 17.5399 17.5399 17.5399 17.5399 17.5399 15.5441 39.1956 39.1956 112.5121 16.5165 
