ExternalI = 5.5000 0.0000 0.0000 0.0000 0.0000 0.0000 0.0000 0.0000 4.0000 4.0000 4.0000 4.0000 4.0000 4.0000 4.0000 0.0000 0.0000 0.0000 0.0000 0.0000 0.0000 0.0000 0.0000 8.0000 8.0000 0.0000 0.0000 
before u = 9.6231 9.6138 9.6138 9.6138 9.6138 9.6138 9.6138 9.6138 9.6082 9.6082 9.6082 9.6082 9.6082 9.6082 9.6082 9.6019 9.6019 9.6019 9.6019 9.6019 9.6019 9.6019 9.5958 9.8924 9.8924 10.2557 9.8304 
before v = 24.9382 21.6163 21.6163 21.6163 21.6163 21.6163 21.6163 21.6163 19.7063 19.7063 19.7063 19.7063 19.7063 19.7063 19.7063 17.5809 17.5809 17.5809 17.5809 17.5809 17.5809 17.5809 15.5722 39.5556 39.5556 117.3754 16.5526 
Ibias = 9.4000 9.4000 9.4000 9.4000 9.4000 9.4000 9.4000 9.4000 2.0000 2.0000 2.0000 2.0000 2.0000 2.0000 2.0000 2.0000 2.0000 2.0000 2.0000 2.0000 2.0000 2.0000 -2.0000 16.0000 16.0000 10.0000 -11.0000 
fa1 = 5.3389 3.6279 3.6279 3.6279 3.6279 3.6279 3.6279 3.6279 2.8064 2.8064 2.8064 2.8064 2.8064 2.8064 2.8064 2.0190 2.0190 2.0190 2.0190 2.0190 2.0190 2.0190 1.3873 18.0266 18.0266 258.6976 1.7700 
fa2 = 5.3135 3.6064 3.6064 3.6064 3.6064 3.6064 3.6064 3.6064 2.7880 2.7880 2.7880 2.7880 2.7880 2.7880 2.7880 2.0045 2.0045 2.0045 2.0045 2.0045 2.0045 2.0045 1.3767 18.0420 18.0420 267.0286 1.7558 
fa3 = 5.3136 3.6065 3.6065 3.6065 3.6065 3.6065 3.6065 3.6065 2.7881 2.7881 2.7881 2.7881 2.7881 2.7881 2.7881 2.0046 2.0046 2.0046 2.0046 2.0046 2.0046 2.0046 1.3768 18.0420 18.0420 267.2991 1.7559 
fa4 = 5.2884 3.5851 3.5851 3.5851 3.5851 3.5851 3.5851 3.5851 2.7698 2.7698 2.7698 2.7698 2.7698 2.7698 2.7698 1.9902 1.9902 1.9902 1.9902 1.9902 1.9902 1.9902 1.3663 18.0580 18.0580 276.0612 1.7418 
fb1 = -0.2852 -0.2981 -0.2981 -0.2981 -0.2981 -0.2981 -0.2981 -0.2981 -0.3055 -0.3055 -0.3055 -0.3055 -0.3055 -0.3055 -0.3055 -0.3138 -0.3138 -0.3138 -0.3138 -0.3138 -0.3138 -0.3138 -0.3215 -0.0396 -0.0396 0.2644 -0.1304 
fb2 = -0.2850 -0.2980 -0.2980 -0.2980 -0.2980 -0.2980 -0.2980 -0.2980 -0.3054 -0.3054 -0.3054 -0.3054 -0.3054 -0.3054 -0.3054 -0.3137 -0.3137 -0.3137 -0.3137 -0.3137 -0.3137 -0.3137 -0.3215 -0.0393 -0.0393 0.2695 -0.1303 
fb3 = -0.2850 -0.2980 -0.2980 -0.2980 -0.2980 -0.2980 -0.2980 -0.2980 -0.3054 -0.3054 -0.3054 -0.3054 -0.3054 -0.3054 -0.3054 -0.3137 -0.3137 -0.3137 -0.3137 -0.3137 -0.3137 -0.3137 -0.3215 -0.0393 -0.0393 0.2697 -0.1304 
fb4 = -0.2848 -0.2978 -0.2978 -0.2978 -0.2978 -0.2978 -0.2978 -0.2978 -0.3053 -0.3053 -0.3053 -0.3053 -0.3053 -0.3053 -0.3053 -0.3135 -0.3135 -0.3135 -0.3135 -0.3135 -0.3135 -0.3135 -0.3214 -0.0389 -0.0389 0.2750 -0.1303 
I = 14.9000 9.4000 9.4000 9.4000 9.4000 9.4000 9.4000 9.4000 6.0000 6.0000 6.0000 6.0000 6.0000 6.0000 6.0000 2.0000 2.0000 2.0000 2.0000 2.0000 2.0000 2.0000 -2.0000 24.0000 24.0000 10.0000 -9.7014 
S1 = 0.0000 0.0000 0.0000 0.0000 0.0000 0.0000 0.0000 0.0000 0.0000 0.0000 0.0000 0.0000 0.0000 0.0000 0.0000 0.0000 0.0000 0.0000 0.0000 0.0000 0.0000 0.0000 0.0000 0.0000 0.0000 0.0000 0.0000 
S2 = 0.0000 0.0000 0.0000 0.0000 0.0000 0.0000 0.0000 0.0000 0.0000 0.0000 0.0000 0.0000 0.0000 0.0000 0.0000 0.0000 0.0000 0.0000 0.0000 0.0000 0.0000 0.0000 0.0000 0.0000 0.0000 0.0000 1.2986 
u = 9.6202 9.6108 9.6108 9.6108 9.6108 9.6108 9.6108 9.6108 9.6052 9.6052 9.6052 9.6052 9.6052 9.6052 9.6052 9.5988 9.5988 9.5988 9.5988 9.5988 9.5988 9.5988 9.5926 9.8920 9.8920 10.2584 9.8291 
v = 24.9913 21.6524 21.6524 21.6524 21.6524 21.6524 21.6524 21.6524 19.7341 19.7341 19.7341 19.7341 19.7341 19.7341 19.7341 17.6009 17.6009 17.6009 17.6009 17.6009 17.6009 17.6009 15.5860 39.7360 39.7360 120.0478 16.5702 
