ExternalI = 5.5000 0.0000 0.0000 0.0000 0.0000 0.0000 0.0000 0.0000 4.0000 4.0000 4.0000 4.0000 4.0000 4.0000 4.0000 0.0000 0.0000 0.0000 0.0000 0.0000 0.0000 0.0000 0.0000 8.0000 8.0000 0.0000 0.0000 
before u = 9.6174 9.6078 9.6078 9.6078 9.6078 9.6078 9.6078 9.6078 9.6021 9.6021 9.6021 9.6021 9.6021 9.6021 9.6021 9.5957 9.5957 9.5957 9.5957 9.5957 9.5957 9.5957 9.5894 9.8916 9.8916 10.2612 9.8278 
before v = 25.0440 21.6880 21.6880 21.6880 21.6880 21.6880 21.6880 21.6880 19.7617 19.7617 19.7617 19.7617 19.7617 19.7617 19.7617 17.6207 17.6207 17.6207 17.6207 17.6207 17.6207 17.6207 15.5996 39.9168 39.9168 122.9026 16.5874 
Ibias = 9.4000 9.4000 9.4000 9.4000 9.4000 9.4000 9.4000 9.4000 2.0000 2.0000 2.0000 2.0000 2.0000 2.0000 2.0000 2.0000 2.0000 2.0000 2.0000 2.0000 2.0000 2.0000 -2.0000 16.0000 16.0000 10.0000 -11.0000 
fa1 = 5.2387 3.5430 3.5430 3.5430 3.5430 3.5430 3.5430 3.5430 2.7338 2.7338 2.7338 2.7338 2.7338 2.7338 2.7338 1.9619 1.9619 1.9619 1.9619 1.9619 1.9619 1.9619 1.3458 18.0920 18.0920 295.2330 1.7091 
fa2 = 5.2141 3.5220 3.5220 3.5220 3.5220 3.5220 3.5220 3.5220 2.7159 2.7159 2.7159 2.7159 2.7159 2.7159 2.7159 1.9478 1.9478 1.9478 1.9478 1.9478 1.9478 1.9478 1.3356 18.1100 18.1100 305.4042 1.6954 
fa3 = 5.2142 3.5222 3.5222 3.5222 3.5222 3.5222 3.5222 3.5222 2.7161 2.7161 2.7161 2.7161 2.7161 2.7161 2.7161 1.9480 1.9480 1.9480 1.9480 1.9480 1.9480 1.9480 1.3357 18.1101 18.1101 305.7577 1.6956 
fa4 = 5.1897 3.5014 3.5014 3.5014 3.5014 3.5014 3.5014 3.5014 2.6983 2.6983 2.6983 2.6983 2.6983 2.6983 2.6983 1.9340 1.9340 1.9340 1.9340 1.9340 1.9340 1.9340 1.3256 18.1287 18.1287 316.4940 1.6820 
fb1 = -0.2845 -0.2976 -0.2976 -0.2976 -0.2976 -0.2976 -0.2976 -0.2976 -0.3050 -0.3050 -0.3050 -0.3050 -0.3050 -0.3050 -0.3050 -0.3133 -0.3133 -0.3133 -0.3133 -0.3133 -0.3133 -0.3133 -0.3212 -0.0382 -0.0382 0.2864 -0.1302 
fb2 = -0.2844 -0.2974 -0.2974 -0.2974 -0.2974 -0.2974 -0.2974 -0.2974 -0.3049 -0.3049 -0.3049 -0.3049 -0.3049 -0.3049 -0.3049 -0.3132 -0.3132 -0.3132 -0.3132 -0.3132 -0.3132 -0.3132 -0.3211 -0.0378 -0.0378 0.2923 -0.1302 
fb3 = -0.2844 -0.2974 -0.2974 -0.2974 -0.2974 -0.2974 -0.2974 -0.2974 -0.3049 -0.3049 -0.3049 -0.3049 -0.3049 -0.3049 -0.3049 -0.3132 -0.3132 -0.3132 -0.3132 -0.3132 -0.3132 -0.3132 -0.3211 -0.0378 -0.0378 0.2925 -0.1302 
fb4 = -0.2842 -0.2973 -0.2973 -0.2973 -0.2973 -0.2973 -0.2973 -0.2973 -0.3048 -0.3048 -0.3048 -0.3048 -0.3048 -0.3048 -0.3048 -0.3131 -0.3131 -0.3131 -0.3131 -0.3131 -0.3131 -0.3131 -0.3210 -0.0374 -0.0374 0.2986 -0.1301 
I = 14.9000 9.4000 9.4000 9.4000 9.4000 9.4000 9.4000 9.4000 6.0000 6.0000 6.0000 6.0000 6.0000 6.0000 6.0000 2.0000 2.0000 2.0000 2.0000 2.0000 2.0000 2.0000 -2.0000 24.0000 24.0000 10.0000 -9.7065 
S1 = 0.0000 0.0000 0.0000 0.0000 0.0000 0.0000 0.0000 0.0000 0.0000 0.0000 0.0000 0.0000 0.0000 0.0000 0.0000 0.0000 0.0000 0.0000 0.0000 0.0000 0.0000 0.0000 0.0000 0.0000 0.0000 0.0000 0.0000 
S2 = 0.0000 0.0000 0.0000 0.0000 0.0000 0.0000 0.0000 0.0000 0.0000 0.0000 0.0000 0.0000 0.0000 0.0000 0.0000 0.0000 0.0000 0.0000 0.0000 0.0000 0.0000 0.0000 0.0000 0.0000 0.0000 0.0000 1.2935 
u = 9.6146 9.6049 9.6049 9.6049 9.6049 9.6049 9.6049 9.6049 9.5991 9.5991 9.5991 9.5991 9.5991 9.5991 9.5991 9.5925 9.5925 9.5925 9.5925 9.5925 9.5925 9.5925 9.5862 9.8912 9.8912 10.2641 9.8265 
v = 25.0961 21.7232 21.7232 21.7232 21.7232 21.7232 21.7232 21.7232 19.7888 19.7888 19.7888 19.7888 19.7888 19.7888 19.7888 17.6401 17.6401 17.6401 17.6401 17.6401 17.6401 17.6401 15.6129 40.0979 40.0979 125.9594 16.6044 
