ExternalI = 5.5000 0.0000 0.0000 0.0000 0.0000 0.0000 0.0000 0.0000 4.0000 4.0000 4.0000 4.0000 4.0000 4.0000 4.0000 0.0000 0.0000 0.0000 0.0000 0.0000 0.0000 0.0000 0.0000 8.0000 8.0000 0.0000 0.0000 
before u = 9.6146 9.6049 9.6049 9.6049 9.6049 9.6049 9.6049 9.6049 9.5991 9.5991 9.5991 9.5991 9.5991 9.5991 9.5991 9.5925 9.5925 9.5925 9.5925 9.5925 9.5925 9.5925 9.5862 9.8912 9.8912 10.2641 9.8265 
before v = 25.0961 21.7232 21.7232 21.7232 21.7232 21.7232 21.7232 21.7232 19.7888 19.7888 19.7888 19.7888 19.7888 19.7888 19.7888 17.6401 17.6401 17.6401 17.6401 17.6401 17.6401 17.6401 15.6129 40.0979 40.0979 125.9594 16.6044 
Ibias = 9.4000 9.4000 9.4000 9.4000 9.4000 9.4000 9.4000 9.4000 2.0000 2.0000 2.0000 2.0000 2.0000 2.0000 2.0000 2.0000 2.0000 2.0000 2.0000 2.0000 2.0000 2.0000 -2.0000 16.0000 16.0000 10.0000 -11.0000 
fa1 = 5.1897 3.5014 3.5014 3.5014 3.5014 3.5014 3.5014 3.5014 2.6983 2.6983 2.6983 2.6983 2.6983 2.6983 2.6983 1.9340 1.9340 1.9340 1.9340 1.9340 1.9340 1.9340 1.3256 18.1287 18.1287 316.4882 1.6794 
fa2 = 5.1654 3.4808 3.4808 3.4808 3.4808 3.4808 3.4808 3.4808 2.6808 2.6808 2.6808 2.6808 2.6808 2.6808 2.6808 1.9202 1.9202 1.9202 1.9202 1.9202 1.9202 1.9202 1.3156 18.1481 18.1481 327.7854 1.6661 
fa3 = 5.1655 3.4810 3.4810 3.4810 3.4810 3.4810 3.4810 3.4810 2.6809 2.6809 2.6809 2.6809 2.6809 2.6809 2.6809 1.9204 1.9204 1.9204 1.9204 1.9204 1.9204 1.9204 1.3157 18.1481 18.1481 328.1924 1.6662 
fa4 = 5.1414 3.4605 3.4605 3.4605 3.4605 3.4605 3.4605 3.4605 2.6634 2.6634 2.6634 2.6634 2.6634 2.6634 2.6634 1.9067 1.9067 1.9067 1.9067 1.9067 1.9067 1.9067 1.3058 18.1681 18.1681 340.1413 1.6529 
fb1 = -0.2842 -0.2973 -0.2973 -0.2973 -0.2973 -0.2973 -0.2973 -0.2973 -0.3048 -0.3048 -0.3048 -0.3048 -0.3048 -0.3048 -0.3048 -0.3131 -0.3131 -0.3131 -0.3131 -0.3131 -0.3131 -0.3131 -0.3210 -0.0374 -0.0374 0.2986 -0.1301 
fb2 = -0.2840 -0.2972 -0.2972 -0.2972 -0.2972 -0.2972 -0.2972 -0.2972 -0.3047 -0.3047 -0.3047 -0.3047 -0.3047 -0.3047 -0.3047 -0.3130 -0.3130 -0.3130 -0.3130 -0.3130 -0.3130 -0.3130 -0.3209 -0.0371 -0.0371 0.3049 -0.1301 
fb3 = -0.2840 -0.2972 -0.2972 -0.2972 -0.2972 -0.2972 -0.2972 -0.2972 -0.3047 -0.3047 -0.3047 -0.3047 -0.3047 -0.3047 -0.3047 -0.3130 -0.3130 -0.3130 -0.3130 -0.3130 -0.3130 -0.3130 -0.3209 -0.0371 -0.0371 0.3051 -0.1301 
fb4 = -0.2839 -0.2970 -0.2970 -0.2970 -0.2970 -0.2970 -0.2970 -0.2970 -0.3046 -0.3046 -0.3046 -0.3046 -0.3046 -0.3046 -0.3046 -0.3129 -0.3129 -0.3129 -0.3129 -0.3129 -0.3129 -0.3129 -0.3208 -0.0367 -0.0367 0.3116 -0.1300 
I = 14.9000 9.4000 9.4000 9.4000 9.4000 9.4000 9.4000 9.4000 6.0000 6.0000 6.0000 6.0000 6.0000 6.0000 6.0000 2.0000 2.0000 2.0000 2.0000 2.0000 2.0000 2.0000 -2.0000 24.0000 24.0000 10.0000 -9.7091 
S1 = 0.0000 0.0000 0.0000 0.0000 0.0000 0.0000 0.0000 0.0000 0.0000 0.0000 0.0000 0.0000 0.0000 0.0000 0.0000 0.0000 0.0000 0.0000 0.0000 0.0000 0.0000 0.0000 0.0000 0.0000 0.0000 0.0000 0.0000 
S2 = 0.0000 0.0000 0.0000 0.0000 0.0000 0.0000 0.0000 0.0000 0.0000 0.0000 0.0000 0.0000 0.0000 0.0000 0.0000 0.0000 0.0000 0.0000 0.0000 0.0000 0.0000 0.0000 0.0000 0.0000 0.0000 0.0000 1.2909 
u = 9.6117 9.6019 9.6019 9.6019 9.6019 9.6019 9.6019 9.6019 9.5960 9.5960 9.5960 9.5960 9.5960 9.5960 9.5960 9.5894 9.5894 9.5894 9.5894 9.5894 9.5894 9.5894 9.5830 9.8909 9.8909 10.2672 9.8252 
v = 25.1478 21.7580 21.7580 21.7580 21.7580 21.7580 21.7580 21.7580 19.8156 19.8156 19.8156 19.8156 19.8156 19.8156 19.8156 17.6593 17.6593 17.6593 17.6593 17.6593 17.6593 17.6593 15.6261 40.2793 40.2793 129.2403 16.6210 
