ExternalI = 5.5000 0.0000 0.0000 0.0000 0.0000 0.0000 0.0000 0.0000 4.0000 4.0000 4.0000 4.0000 4.0000 4.0000 4.0000 0.0000 0.0000 0.0000 0.0000 0.0000 0.0000 0.0000 0.0000 8.0000 8.0000 0.0000 0.0000 
before u = 9.6117 9.6019 9.6019 9.6019 9.6019 9.6019 9.6019 9.6019 9.5960 9.5960 9.5960 9.5960 9.5960 9.5960 9.5960 9.5894 9.5894 9.5894 9.5894 9.5894 9.5894 9.5894 9.5830 9.8909 9.8909 10.2672 9.8252 
before v = 25.1478 21.7580 21.7580 21.7580 21.7580 21.7580 21.7580 21.7580 19.8156 19.8156 19.8156 19.8156 19.8156 19.8156 19.8156 17.6593 17.6593 17.6593 17.6593 17.6593 17.6593 17.6593 15.6261 40.2793 40.2793 129.2403 16.6210 
Ibias = 9.4000 9.4000 9.4000 9.4000 9.4000 9.4000 9.4000 9.4000 2.0000 2.0000 2.0000 2.0000 2.0000 2.0000 2.0000 2.0000 2.0000 2.0000 2.0000 2.0000 2.0000 2.0000 -2.0000 16.0000 16.0000 10.0000 -11.0000 
fa1 = 5.1414 3.4605 3.4605 3.4605 3.4605 3.4605 3.4605 3.4605 2.6634 2.6634 2.6634 2.6634 2.6634 2.6634 2.6634 1.9067 1.9067 1.9067 1.9067 1.9067 1.9067 1.9067 1.3058 18.1681 18.1681 340.1344 1.6503 
fa2 = 5.1174 3.4402 3.4402 3.4402 3.4402 3.4402 3.4402 3.4402 2.6461 2.6461 2.6461 2.6461 2.6461 2.6461 2.6461 1.8931 1.8931 1.8931 1.8931 1.8931 1.8931 1.8931 1.2960 18.1888 18.1888 352.7301 1.6372 
fa3 = 5.1176 3.4403 3.4403 3.4403 3.4403 3.4403 3.4403 3.4403 2.6462 2.6462 2.6462 2.6462 2.6462 2.6462 2.6462 1.8932 1.8932 1.8932 1.8932 1.8932 1.8932 1.8932 1.2960 18.1889 18.1889 353.2010 1.6373 
fa4 = 5.0938 3.4202 3.4202 3.4202 3.4202 3.4202 3.4202 3.4202 2.6291 2.6291 2.6291 2.6291 2.6291 2.6291 2.6291 1.8798 1.8798 1.8798 1.8798 1.8798 1.8798 1.8798 1.2863 18.2103 18.2103 366.5524 1.6243 
fb1 = -0.2839 -0.2970 -0.2970 -0.2970 -0.2970 -0.2970 -0.2970 -0.2970 -0.3046 -0.3046 -0.3046 -0.3046 -0.3046 -0.3046 -0.3046 -0.3129 -0.3129 -0.3129 -0.3129 -0.3129 -0.3129 -0.3129 -0.3208 -0.0367 -0.0367 0.3116 -0.1300 
fb2 = -0.2837 -0.2969 -0.2969 -0.2969 -0.2969 -0.2969 -0.2969 -0.2969 -0.3045 -0.3045 -0.3045 -0.3045 -0.3045 -0.3045 -0.3045 -0.3128 -0.3128 -0.3128 -0.3128 -0.3128 -0.3128 -0.3128 -0.3207 -0.0363 -0.0363 0.3184 -0.1300 
fb3 = -0.2837 -0.2969 -0.2969 -0.2969 -0.2969 -0.2969 -0.2969 -0.2969 -0.3045 -0.3045 -0.3045 -0.3045 -0.3045 -0.3045 -0.3045 -0.3128 -0.3128 -0.3128 -0.3128 -0.3128 -0.3128 -0.3128 -0.3207 -0.0363 -0.0363 0.3186 -0.1300 
fb4 = -0.2836 -0.2968 -0.2968 -0.2968 -0.2968 -0.2968 -0.2968 -0.2968 -0.3044 -0.3044 -0.3044 -0.3044 -0.3044 -0.3044 -0.3044 -0.3127 -0.3127 -0.3127 -0.3127 -0.3127 -0.3127 -0.3127 -0.3206 -0.0360 -0.0360 0.3257 -0.1299 
I = 14.9000 9.4000 9.4000 9.4000 9.4000 9.4000 9.4000 9.4000 6.0000 6.0000 6.0000 6.0000 6.0000 6.0000 6.0000 2.0000 2.0000 2.0000 2.0000 2.0000 2.0000 2.0000 -2.0000 24.0000 24.0000 10.0000 -9.7117 
S1 = 0.0000 0.0000 0.0000 0.0000 0.0000 0.0000 0.0000 0.0000 0.0000 0.0000 0.0000 0.0000 0.0000 0.0000 0.0000 0.0000 0.0000 0.0000 0.0000 0.0000 0.0000 0.0000 0.0000 0.0000 0.0000 0.0000 0.0000 
S2 = 0.0000 0.0000 0.0000 0.0000 0.0000 0.0000 0.0000 0.0000 0.0000 0.0000 0.0000 0.0000 0.0000 0.0000 0.0000 0.0000 0.0000 0.0000 0.0000 0.0000 0.0000 0.0000 0.0000 0.0000 0.0000 0.0000 1.2883 
u = 9.6089 9.5989 9.5989 9.5989 9.5989 9.5989 9.5989 9.5989 9.5930 9.5930 9.5930 9.5930 9.5930 9.5930 9.5930 9.5863 9.5863 9.5863 9.5863 9.5863 9.5863 9.5863 9.5797 9.8905 9.8905 10.2704 9.8239 
v = 25.1989 21.7924 21.7924 21.7924 21.7924 21.7924 21.7924 21.7924 19.8421 19.8421 19.8421 19.8421 19.8421 19.8421 19.8421 17.6783 17.6783 17.6783 17.6783 17.6783 17.6783 17.6783 15.6390 40.4612 40.4612 132.7712 16.6374 
