ExternalI = 5.5000 0.0000 0.0000 0.0000 0.0000 0.0000 0.0000 0.0000 4.0000 4.0000 4.0000 4.0000 4.0000 4.0000 4.0000 0.0000 0.0000 0.0000 0.0000 0.0000 0.0000 0.0000 0.0000 8.0000 8.0000 0.0000 0.0000 
before u = 9.6089 9.5989 9.5989 9.5989 9.5989 9.5989 9.5989 9.5989 9.5930 9.5930 9.5930 9.5930 9.5930 9.5930 9.5930 9.5863 9.5863 9.5863 9.5863 9.5863 9.5863 9.5863 9.5797 9.8905 9.8905 10.3704 9.8239 
before v = 25.1989 21.7924 21.7924 21.7924 21.7924 21.7924 21.7924 21.7924 19.8421 19.8421 19.8421 19.8421 19.8421 19.8421 19.8421 17.6783 17.6783 17.6783 17.6783 17.6783 17.6783 17.6783 15.6390 40.4612 40.4612 60.5000 16.6374 
Ibias = 9.4000 9.4000 9.4000 9.4000 9.4000 9.4000 9.4000 9.4000 2.0000 2.0000 2.0000 2.0000 2.0000 2.0000 2.0000 2.0000 2.0000 2.0000 2.0000 2.0000 2.0000 2.0000 -2.0000 16.0000 16.0000 10.0000 -11.0000 
fa1 = 5.0938 3.4202 3.4202 3.4202 3.4202 3.4202 3.4202 3.4202 2.6291 2.6291 2.6291 2.6291 2.6291 2.6291 2.6291 1.8798 1.8798 1.8798 1.8798 1.8798 1.8798 1.8798 1.2863 18.2103 18.2103 24.5396 3.1217 
fa2 = 5.0702 3.4002 3.4002 3.4002 3.4002 3.4002 3.4002 3.4002 2.6120 2.6120 2.6120 2.6120 2.6120 2.6120 2.6120 1.8664 1.8664 1.8664 1.8664 1.8664 1.8664 1.8664 1.2767 18.2323 18.2323 24.7658 3.0963 
fa3 = 5.0703 3.4003 3.4003 3.4003 3.4003 3.4003 3.4003 3.4003 2.6122 2.6122 2.6122 2.6122 2.6122 2.6122 2.6122 1.8665 1.8665 1.8665 1.8665 1.8665 1.8665 1.8665 1.2768 18.2324 18.2324 24.7679 3.0965 
fa4 = 5.0468 3.3805 3.3805 3.3805 3.3805 3.3805 3.3805 3.3805 2.5952 2.5952 2.5952 2.5952 2.5952 2.5952 2.5952 1.8533 1.8533 1.8533 1.8533 1.8533 1.8533 1.8533 1.2672 18.2551 18.2551 24.9975 3.0714 
fb1 = -0.2836 -0.2968 -0.2968 -0.2968 -0.2968 -0.2968 -0.2968 -0.2968 -0.3044 -0.3044 -0.3044 -0.3044 -0.3044 -0.3044 -0.3044 -0.3127 -0.3127 -0.3127 -0.3127 -0.3127 -0.3127 -0.3127 -0.3206 -0.0360 -0.0360 0.0346 -0.1299 
fb2 = -0.2834 -0.2967 -0.2967 -0.2967 -0.2967 -0.2967 -0.2967 -0.2967 -0.3042 -0.3042 -0.3042 -0.3042 -0.3042 -0.3042 -0.3042 -0.3126 -0.3126 -0.3126 -0.3126 -0.3126 -0.3126 -0.3126 -0.3205 -0.0356 -0.0356 0.0351 -0.1299 
fb3 = -0.2834 -0.2967 -0.2967 -0.2967 -0.2967 -0.2967 -0.2967 -0.2967 -0.3042 -0.3042 -0.3042 -0.3042 -0.3042 -0.3042 -0.3042 -0.3126 -0.3126 -0.3126 -0.3126 -0.3126 -0.3126 -0.3126 -0.3205 -0.0356 -0.0356 0.0351 -0.1299 
fb4 = -0.2832 -0.2965 -0.2965 -0.2965 -0.2965 -0.2965 -0.2965 -0.2965 -0.3041 -0.3041 -0.3041 -0.3041 -0.3041 -0.3041 -0.3041 -0.3125 -0.3125 -0.3125 -0.3125 -0.3125 -0.3125 -0.3125 -0.3205 -0.0352 -0.0352 0.0356 -0.1298 
I = 14.9000 9.4000 9.4000 9.4000 9.4000 9.4000 9.4000 9.4000 6.0000 6.0000 6.0000 6.0000 6.0000 6.0000 6.0000 2.0000 2.0000 2.0000 2.0000 2.0000 2.0000 2.0000 -2.0000 24.0000 24.0000 10.0000 -8.2143 
S1 = 0.0000 0.0000 0.0000 0.0000 0.0000 0.0000 0.0000 0.0000 0.0000 0.0000 0.0000 0.0000 0.0000 0.0000 0.0000 0.0000 0.0000 0.0000 0.0000 0.0000 0.0000 0.0000 0.0000 0.0000 0.0000 0.0000 0.0000 
S2 = 0.0000 0.0000 0.0000 0.0000 0.0000 0.0000 0.0000 0.0000 0.0000 0.0000 0.0000 0.0000 0.0000 0.0000 0.0000 0.0000 0.0000 0.0000 0.0000 0.0000 0.0000 0.0000 0.0000 0.0000 0.0000 0.0000 2.7857 
u = 9.6060 9.5959 9.5959 9.5959 9.5959 9.5959 9.5959 9.5959 9.5900 9.5900 9.5900 9.5900 9.5900 9.5900 9.5900 9.5831 9.5831 9.5831 9.5831 9.5831 9.5831 9.5831 9.5765 9.8901 9.8901 10.3707 9.8226 
v = 25.2496 21.8264 21.8264 21.8264 21.8264 21.8264 21.8264 21.8264 19.8682 19.8682 19.8682 19.8682 19.8682 19.8682 19.8682 17.6969 17.6969 17.6969 17.6969 17.6969 17.6969 17.6969 15.6518 40.6436 40.6436 60.7477 16.6684 
