ExternalI = 5.5000 0.0000 0.0000 0.0000 0.0000 0.0000 0.0000 0.0000 4.0000 4.0000 4.0000 4.0000 4.0000 4.0000 4.0000 0.0000 0.0000 0.0000 0.0000 0.0000 0.0000 0.0000 0.0000 8.0000 8.0000 0.0000 0.0000 
before u = 9.6032 9.5930 9.5930 9.5930 9.5930 9.5930 9.5930 9.5930 9.5869 9.5869 9.5869 9.5869 9.5869 9.5869 9.5869 9.5800 9.5800 9.5800 9.5800 9.5800 9.5800 9.5800 9.5733 9.8898 9.8898 10.3711 9.8213 
before v = 25.2999 21.8600 21.8600 21.8600 21.8600 21.8600 21.8600 21.8600 19.8940 19.8940 19.8940 19.8940 19.8940 19.8940 19.8940 17.7153 17.7153 17.7153 17.7153 17.7153 17.7153 17.7153 15.6644 40.8264 40.8264 61.0000 16.6988 
Ibias = 9.4000 9.4000 9.4000 9.4000 9.4000 9.4000 9.4000 9.4000 2.0000 2.0000 2.0000 2.0000 2.0000 2.0000 2.0000 2.0000 2.0000 2.0000 2.0000 2.0000 2.0000 2.0000 -2.0000 16.0000 16.0000 10.0000 -11.0000 
fa1 = 5.0005 3.3414 3.3414 3.3414 3.3414 3.3414 3.3414 3.3414 2.5619 2.5619 2.5619 2.5619 2.5619 2.5619 2.5619 1.8273 1.8273 1.8273 1.8273 1.8273 1.8273 1.8273 1.2484 18.3028 18.3028 25.4689 3.0109 
fa2 = 4.9775 3.3219 3.3219 3.3219 3.3219 3.3219 3.3219 3.3219 2.5454 2.5454 2.5454 2.5454 2.5454 2.5454 2.5454 1.8144 1.8144 1.8144 1.8144 1.8144 1.8144 1.8144 1.2391 18.3277 18.3277 25.7088 2.9865 
fa3 = 4.9777 3.3221 3.3221 3.3221 3.3221 3.3221 3.3221 3.3221 2.5455 2.5455 2.5455 2.5455 2.5455 2.5455 2.5455 1.8145 1.8145 1.8145 1.8145 1.8145 1.8145 1.8145 1.2392 18.3277 18.3277 25.7111 2.9867 
fa4 = 4.9549 3.3028 3.3028 3.3028 3.3028 3.3028 3.3028 3.3028 2.5291 2.5291 2.5291 2.5291 2.5291 2.5291 2.5291 1.8017 1.8017 1.8017 1.8017 1.8017 1.8017 1.8017 1.2300 18.3533 18.3533 25.9546 2.9625 
fb1 = -0.2829 -0.2963 -0.2963 -0.2963 -0.2963 -0.2963 -0.2963 -0.2963 -0.3039 -0.3039 -0.3039 -0.3039 -0.3039 -0.3039 -0.3039 -0.3123 -0.3123 -0.3123 -0.3123 -0.3123 -0.3123 -0.3123 -0.3203 -0.0345 -0.0345 0.0366 -0.1296 
fb2 = -0.2828 -0.2962 -0.2962 -0.2962 -0.2962 -0.2962 -0.2962 -0.2962 -0.3038 -0.3038 -0.3038 -0.3038 -0.3038 -0.3038 -0.3038 -0.3122 -0.3122 -0.3122 -0.3122 -0.3122 -0.3122 -0.3122 -0.3202 -0.0341 -0.0341 0.0371 -0.1296 
fb3 = -0.2828 -0.2962 -0.2962 -0.2962 -0.2962 -0.2962 -0.2962 -0.2962 -0.3038 -0.3038 -0.3038 -0.3038 -0.3038 -0.3038 -0.3038 -0.3122 -0.3122 -0.3122 -0.3122 -0.3122 -0.3122 -0.3122 -0.3202 -0.0341 -0.0341 0.0371 -0.1296 
fb4 = -0.2826 -0.2960 -0.2960 -0.2960 -0.2960 -0.2960 -0.2960 -0.2960 -0.3037 -0.3037 -0.3037 -0.3037 -0.3037 -0.3037 -0.3037 -0.3121 -0.3121 -0.3121 -0.3121 -0.3121 -0.3121 -0.3121 -0.3201 -0.0338 -0.0338 0.0376 -0.1295 
I = 14.9000 9.4000 9.4000 9.4000 9.4000 9.4000 9.4000 9.4000 6.0000 6.0000 6.0000 6.0000 6.0000 6.0000 6.0000 2.0000 2.0000 2.0000 2.0000 2.0000 2.0000 2.0000 -2.0000 24.0000 24.0000 10.0000 -8.2254 
S1 = 0.0000 0.0000 0.0000 0.0000 0.0000 0.0000 0.0000 0.0000 0.0000 0.0000 0.0000 0.0000 0.0000 0.0000 0.0000 0.0000 0.0000 0.0000 0.0000 0.0000 0.0000 0.0000 0.0000 0.0000 0.0000 0.0000 0.0000 
S2 = 0.0000 0.0000 0.0000 0.0000 0.0000 0.0000 0.0000 0.0000 0.0000 0.0000 0.0000 0.0000 0.0000 0.0000 0.0000 0.0000 0.0000 0.0000 0.0000 0.0000 0.0000 0.0000 0.0000 0.0000 0.0000 0.0000 2.7746 
u = 9.6004 9.5900 9.5900 9.5900 9.5900 9.5900 9.5900 9.5900 9.5839 9.5839 9.5839 9.5839 9.5839 9.5839 9.5839 9.5769 9.5769 9.5769 9.5769 9.5769 9.5769 9.5769 9.5701 9.8894 9.8894 10.3714 9.8200 
v = 25.3496 21.8933 21.8933 21.8933 21.8933 21.8933 21.8933 21.8933 19.9195 19.9195 19.9195 19.9195 19.9195 19.9195 19.9195 17.7335 17.7335 17.7335 17.7335 17.7335 17.7335 17.7335 15.6768 41.0096 41.0096 61.2571 16.7286 
