ExternalI = 5.5000 0.0000 0.0000 0.0000 0.0000 0.0000 0.0000 0.0000 4.0000 4.0000 4.0000 4.0000 4.0000 4.0000 4.0000 0.0000 0.0000 0.0000 0.0000 0.0000 0.0000 0.0000 0.0000 8.0000 8.0000 0.0000 0.0000 
before u = 9.6004 9.5900 9.5900 9.5900 9.5900 9.5900 9.5900 9.5900 9.5839 9.5839 9.5839 9.5839 9.5839 9.5839 9.5839 9.5769 9.5769 9.5769 9.5769 9.5769 9.5769 9.5769 9.5701 9.8894 9.8894 10.3714 9.8200 
before v = 25.3496 21.8933 21.8933 21.8933 21.8933 21.8933 21.8933 21.8933 19.9195 19.9195 19.9195 19.9195 19.9195 19.9195 19.9195 17.7335 17.7335 17.7335 17.7335 17.7335 17.7335 17.7335 15.6768 41.0096 41.0096 61.2571 16.7286 
Ibias = 9.4000 9.4000 9.4000 9.4000 9.4000 9.4000 9.4000 9.4000 2.0000 2.0000 2.0000 2.0000 2.0000 2.0000 2.0000 2.0000 2.0000 2.0000 2.0000 2.0000 2.0000 2.0000 -2.0000 16.0000 16.0000 10.0000 -11.0000 
fa1 = 4.9549 3.3028 3.3028 3.3028 3.3028 3.3028 3.3028 3.3028 2.5291 2.5291 2.5291 2.5291 2.5291 2.5291 2.5291 1.8017 1.8017 1.8017 1.8017 1.8017 1.8017 1.8017 1.2300 18.3533 18.3533 25.9546 2.9570 
fa2 = 4.9322 3.2837 3.2837 3.2837 3.2837 3.2837 3.2837 3.2837 2.5129 2.5129 2.5129 2.5129 2.5129 2.5129 2.5129 1.7890 1.7890 1.7890 1.7890 1.7890 1.7890 1.7890 1.2208 18.3795 18.3795 26.2017 2.9331 
fa3 = 4.9323 3.2838 3.2838 3.2838 3.2838 3.2838 3.2838 3.2838 2.5130 2.5130 2.5130 2.5130 2.5130 2.5130 2.5130 1.7891 1.7891 1.7891 1.7891 1.7891 1.7891 1.7891 1.2209 18.3796 18.3796 26.2040 2.9333 
fa4 = 4.9098 3.2648 3.2648 3.2648 3.2648 3.2648 3.2648 3.2648 2.4969 2.4969 2.4969 2.4969 2.4969 2.4969 2.4969 1.7766 1.7766 1.7766 1.7766 1.7766 1.7766 1.7766 1.2119 18.4065 18.4065 26.4549 2.9096 
fb1 = -0.2826 -0.2960 -0.2960 -0.2960 -0.2960 -0.2960 -0.2960 -0.2960 -0.3037 -0.3037 -0.3037 -0.3037 -0.3037 -0.3037 -0.3037 -0.3121 -0.3121 -0.3121 -0.3121 -0.3121 -0.3121 -0.3121 -0.3201 -0.0338 -0.0338 0.0376 -0.1295 
fb2 = -0.2825 -0.2959 -0.2959 -0.2959 -0.2959 -0.2959 -0.2959 -0.2959 -0.3036 -0.3036 -0.3036 -0.3036 -0.3036 -0.3036 -0.3036 -0.3120 -0.3120 -0.3120 -0.3120 -0.3120 -0.3120 -0.3120 -0.3200 -0.0334 -0.0334 0.0381 -0.1294 
fb3 = -0.2825 -0.2959 -0.2959 -0.2959 -0.2959 -0.2959 -0.2959 -0.2959 -0.3036 -0.3036 -0.3036 -0.3036 -0.3036 -0.3036 -0.3036 -0.3120 -0.3120 -0.3120 -0.3120 -0.3120 -0.3120 -0.3120 -0.3200 -0.0334 -0.0334 0.0381 -0.1294 
fb4 = -0.2823 -0.2958 -0.2958 -0.2958 -0.2958 -0.2958 -0.2958 -0.2958 -0.3035 -0.3035 -0.3035 -0.3035 -0.3035 -0.3035 -0.3035 -0.3119 -0.3119 -0.3119 -0.3119 -0.3119 -0.3119 -0.3119 -0.3199 -0.0330 -0.0330 0.0386 -0.1293 
I = 14.9000 9.4000 9.4000 9.4000 9.4000 9.4000 9.4000 9.4000 6.0000 6.0000 6.0000 6.0000 6.0000 6.0000 6.0000 2.0000 2.0000 2.0000 2.0000 2.0000 2.0000 2.0000 -2.0000 24.0000 24.0000 10.0000 -8.2310 
S1 = 0.0000 0.0000 0.0000 0.0000 0.0000 0.0000 0.0000 0.0000 0.0000 0.0000 0.0000 0.0000 0.0000 0.0000 0.0000 0.0000 0.0000 0.0000 0.0000 0.0000 0.0000 0.0000 0.0000 0.0000 0.0000 0.0000 0.0000 
S2 = 0.0000 0.0000 0.0000 0.0000 0.0000 0.0000 0.0000 0.0000 0.0000 0.0000 0.0000 0.0000 0.0000 0.0000 0.0000 0.0000 0.0000 0.0000 0.0000 0.0000 0.0000 0.0000 0.0000 0.0000 0.0000 0.0000 2.7690 
u = 9.5976 9.5871 9.5871 9.5871 9.5871 9.5871 9.5871 9.5871 9.5808 9.5808 9.5808 9.5808 9.5808 9.5808 9.5808 9.5738 9.5738 9.5738 9.5738 9.5738 9.5738 9.5738 9.5669 9.8891 9.8891 10.3718 9.8187 
v = 25.3990 21.9261 21.9261 21.9261 21.9261 21.9261 21.9261 21.9261 19.9446 19.9446 19.9446 19.9446 19.9446 19.9446 19.9446 17.7514 17.7514 17.7514 17.7514 17.7514 17.7514 17.7514 15.6890 41.1934 41.1934 61.5191 16.7580 
