ExternalI = 5.5000 0.0000 0.0000 0.0000 0.0000 0.0000 0.0000 0.0000 4.0000 4.0000 4.0000 4.0000 4.0000 4.0000 4.0000 0.0000 0.0000 0.0000 0.0000 0.0000 0.0000 0.0000 0.0000 8.0000 8.0000 0.0000 0.0000 
before u = 9.9577 9.9575 9.9575 9.9575 9.9575 9.9575 9.9575 9.9575 9.9574 9.9574 9.9574 9.9574 9.9574 9.9574 9.9574 9.9573 9.9573 9.9573 9.9573 9.9573 9.9573 9.9573 9.9572 9.9821 9.9821 10.0111 9.9812 
before v = 13.0653 12.4801 12.4801 12.4801 12.4801 12.4801 12.4801 12.4801 12.1188 12.1188 12.1188 12.1188 12.1188 12.1188 12.1188 11.6944 11.6944 11.6944 11.6944 11.6944 11.6944 11.6944 11.2705 15.1047 15.1047 76.5452 11.3751 
Ibias = 9.4000 9.4000 9.4000 9.4000 9.4000 9.4000 9.4000 9.4000 2.0000 2.0000 2.0000 2.0000 2.0000 2.0000 2.0000 2.0000 2.0000 2.0000 2.0000 2.0000 2.0000 2.0000 -2.0000 16.0000 16.0000 10.0000 -11.0000 
fa1 = 22.5746 18.2324 18.2324 18.2324 18.2324 18.2324 18.2324 18.2324 15.5607 15.5607 15.5607 15.5607 15.5607 15.5607 15.5607 12.4298 12.4298 12.4298 12.4298 12.4298 12.4298 12.4298 9.3122 37.8298 37.8298 64.7199 10.0692 
fa2 = 22.3562 18.0520 18.0520 18.0520 18.0520 18.0520 18.0520 18.0520 15.4047 15.4047 15.4047 15.4047 15.4047 15.4047 15.4047 12.3035 12.3035 12.3035 12.3035 12.3035 12.3035 12.3035 9.2163 37.4931 37.4931 65.7344 9.9649 
fa3 = 22.3583 18.0538 18.0538 18.0538 18.0538 18.0538 18.0538 18.0538 15.4063 15.4063 15.4063 15.4063 15.4063 15.4063 15.4063 12.3048 12.3048 12.3048 12.3048 12.3048 12.3048 12.3048 9.2173 37.4961 37.4961 65.7503 9.9659 
fa4 = 22.1430 17.8758 17.8758 17.8758 17.8758 17.8758 17.8758 17.8758 15.2523 15.2523 15.2523 15.2523 15.2523 15.2523 15.2523 12.1799 12.1799 12.1799 12.1799 12.1799 12.1799 12.1799 9.1226 37.1650 37.1650 66.7899 9.8629 
fb1 = -0.3460 -0.3484 -0.3484 -0.3484 -0.3484 -0.3484 -0.3484 -0.3484 -0.3498 -0.3498 -0.3498 -0.3498 -0.3498 -0.3498 -0.3498 -0.3515 -0.3515 -0.3515 -0.3515 -0.3515 -0.3515 -0.3515 -0.3532 -0.1392 -0.1392 0.1060 -0.1541 
fb2 = -0.3455 -0.3479 -0.3479 -0.3479 -0.3479 -0.3479 -0.3479 -0.3479 -0.3494 -0.3494 -0.3494 -0.3494 -0.3494 -0.3494 -0.3494 -0.3512 -0.3512 -0.3512 -0.3512 -0.3512 -0.3512 -0.3512 -0.3529 -0.1385 -0.1385 0.1072 -0.1539 
fb3 = -0.3455 -0.3480 -0.3480 -0.3480 -0.3480 -0.3480 -0.3480 -0.3480 -0.3494 -0.3494 -0.3494 -0.3494 -0.3494 -0.3494 -0.3494 -0.3512 -0.3512 -0.3512 -0.3512 -0.3512 -0.3512 -0.3512 -0.3530 -0.1385 -0.1385 0.1073 -0.1539 
fb4 = -0.3450 -0.3475 -0.3475 -0.3475 -0.3475 -0.3475 -0.3475 -0.3475 -0.3491 -0.3491 -0.3491 -0.3491 -0.3491 -0.3491 -0.3491 -0.3509 -0.3509 -0.3509 -0.3509 -0.3509 -0.3509 -0.3509 -0.3527 -0.1377 -0.1377 0.1086 -0.1537 
I = 14.9000 9.4000 9.4000 9.4000 9.4000 9.4000 9.4000 9.4000 6.0000 6.0000 6.0000 6.0000 6.0000 6.0000 6.0000 2.0000 2.0000 2.0000 2.0000 2.0000 2.0000 2.0000 -2.0000 24.0000 24.0000 10.0000 -11.0000 
S1 = 0.0000 0.0000 0.0000 0.0000 0.0000 0.0000 0.0000 0.0000 0.0000 0.0000 0.0000 0.0000 0.0000 0.0000 0.0000 0.0000 0.0000 0.0000 0.0000 0.0000 0.0000 0.0000 0.0000 0.0000 0.0000 0.0000 0.0000 
S2 = 0.0000 0.0000 0.0000 0.0000 0.0000 0.0000 0.0000 0.0000 0.0000 0.0000 0.0000 0.0000 0.0000 0.0000 0.0000 0.0000 0.0000 0.0000 0.0000 0.0000 0.0000 0.0000 0.0000 0.0000 0.0000 0.0000 0.0000 
u = 9.9542 9.9540 9.9540 9.9540 9.9540 9.9540 9.9540 9.9540 9.9539 9.9539 9.9539 9.9539 9.9539 9.9539 9.9539 9.9538 9.9538 9.9538 9.9538 9.9538 9.9538 9.9538 9.9537 9.9807 9.9807 10.0121 9.9796 
v = 13.2888 12.6606 12.6606 12.6606 12.6606 12.6606 12.6606 12.6606 12.2729 12.2729 12.2729 12.2729 12.2729 12.2729 12.2729 11.8174 11.8174 11.8174 11.8174 11.8174 11.8174 11.8174 11.3627 15.4797 15.4797 77.2026 11.4748 
