ExternalI = 5.5000 0.0000 0.0000 0.0000 0.0000 0.0000 0.0000 0.0000 4.0000 4.0000 4.0000 4.0000 4.0000 4.0000 4.0000 0.0000 0.0000 0.0000 0.0000 0.0000 0.0000 0.0000 0.0000 8.0000 8.0000 0.0000 0.0000 
before u = 9.5976 9.5871 9.5871 9.5871 9.5871 9.5871 9.5871 9.5871 9.5808 9.5808 9.5808 9.5808 9.5808 9.5808 9.5808 9.5738 9.5738 9.5738 9.5738 9.5738 9.5738 9.5738 9.5669 9.8891 9.8891 10.3718 9.8187 
before v = 25.3990 21.9261 21.9261 21.9261 21.9261 21.9261 21.9261 21.9261 19.9446 19.9446 19.9446 19.9446 19.9446 19.9446 19.9446 17.7514 17.7514 17.7514 17.7514 17.7514 17.7514 17.7514 15.6890 41.1934 41.1934 61.5191 16.7580 
Ibias = 9.4000 9.4000 9.4000 9.4000 9.4000 9.4000 9.4000 9.4000 2.0000 2.0000 2.0000 2.0000 2.0000 2.0000 2.0000 2.0000 2.0000 2.0000 2.0000 2.0000 2.0000 2.0000 -2.0000 16.0000 16.0000 10.0000 -11.0000 
fa1 = 4.9098 3.2648 3.2648 3.2648 3.2648 3.2648 3.2648 3.2648 2.4969 2.4969 2.4969 2.4969 2.4969 2.4969 2.4969 1.7766 1.7766 1.7766 1.7766 1.7766 1.7766 1.7766 1.2119 18.4065 18.4065 26.4549 2.9040 
fa2 = 4.8875 3.2459 3.2459 3.2459 3.2459 3.2459 3.2459 3.2459 2.4809 2.4809 2.4809 2.4809 2.4809 2.4809 2.4809 1.7641 1.7641 1.7641 1.7641 1.7641 1.7641 1.7641 1.2029 18.4342 18.4342 26.7096 2.8806 
fa3 = 4.8876 3.2461 3.2461 3.2461 3.2461 3.2461 3.2461 3.2461 2.4810 2.4810 2.4810 2.4810 2.4810 2.4810 2.4810 1.7642 1.7642 1.7642 1.7642 1.7642 1.7642 1.7642 1.2030 18.4343 18.4343 26.7121 2.8808 
fa4 = 4.8654 3.2274 3.2274 3.2274 3.2274 3.2274 3.2274 3.2274 2.4651 2.4651 2.4651 2.4651 2.4651 2.4651 2.4651 1.7518 1.7518 1.7518 1.7518 1.7518 1.7518 1.7518 1.1941 18.4627 18.4627 26.9707 2.8575 
fb1 = -0.2823 -0.2958 -0.2958 -0.2958 -0.2958 -0.2958 -0.2958 -0.2958 -0.3035 -0.3035 -0.3035 -0.3035 -0.3035 -0.3035 -0.3035 -0.3119 -0.3119 -0.3119 -0.3119 -0.3119 -0.3119 -0.3119 -0.3199 -0.0330 -0.0330 0.0386 -0.1293 
fb2 = -0.2822 -0.2957 -0.2957 -0.2957 -0.2957 -0.2957 -0.2957 -0.2957 -0.3033 -0.3033 -0.3033 -0.3033 -0.3033 -0.3033 -0.3033 -0.3118 -0.3118 -0.3118 -0.3118 -0.3118 -0.3118 -0.3118 -0.3198 -0.0326 -0.0326 0.0392 -0.1293 
fb3 = -0.2822 -0.2957 -0.2957 -0.2957 -0.2957 -0.2957 -0.2957 -0.2957 -0.3033 -0.3033 -0.3033 -0.3033 -0.3033 -0.3033 -0.3033 -0.3118 -0.3118 -0.3118 -0.3118 -0.3118 -0.3118 -0.3118 -0.3198 -0.0326 -0.0326 0.0392 -0.1293 
fb4 = -0.2820 -0.2955 -0.2955 -0.2955 -0.2955 -0.2955 -0.2955 -0.2955 -0.3032 -0.3032 -0.3032 -0.3032 -0.3032 -0.3032 -0.3032 -0.3117 -0.3117 -0.3117 -0.3117 -0.3117 -0.3117 -0.3117 -0.3197 -0.0323 -0.0323 0.0397 -0.1292 
I = 14.9000 9.4000 9.4000 9.4000 9.4000 9.4000 9.4000 9.4000 6.0000 6.0000 6.0000 6.0000 6.0000 6.0000 6.0000 2.0000 2.0000 2.0000 2.0000 2.0000 2.0000 2.0000 -2.0000 24.0000 24.0000 10.0000 -8.2365 
S1 = 0.0000 0.0000 0.0000 0.0000 0.0000 0.0000 0.0000 0.0000 0.0000 0.0000 0.0000 0.0000 0.0000 0.0000 0.0000 0.0000 0.0000 0.0000 0.0000 0.0000 0.0000 0.0000 0.0000 0.0000 0.0000 0.0000 0.0000 
S2 = 0.0000 0.0000 0.0000 0.0000 0.0000 0.0000 0.0000 0.0000 0.0000 0.0000 0.0000 0.0000 0.0000 0.0000 0.0000 0.0000 0.0000 0.0000 0.0000 0.0000 0.0000 0.0000 0.0000 0.0000 0.0000 0.0000 2.7635 
u = 9.5947 9.5841 9.5841 9.5841 9.5841 9.5841 9.5841 9.5841 9.5778 9.5778 9.5778 9.5778 9.5778 9.5778 9.5778 9.5707 9.5707 9.5707 9.5707 9.5707 9.5707 9.5707 9.5637 9.8888 9.8888 10.3722 9.8174 
v = 25.4478 21.9586 21.9586 21.9586 21.9586 21.9586 21.9586 21.9586 19.9694 19.9694 19.9694 19.9694 19.9694 19.9694 19.9694 17.7690 17.7690 17.7690 17.7690 17.7690 17.7690 17.7690 15.7010 41.3778 41.3778 61.7862 16.7868 
