ExternalI = 5.5000 0.0000 0.0000 0.0000 0.0000 0.0000 0.0000 0.0000 4.0000 4.0000 4.0000 4.0000 4.0000 4.0000 4.0000 0.0000 0.0000 0.0000 0.0000 0.0000 0.0000 0.0000 0.0000 8.0000 8.0000 0.0000 0.0000 
before u = 9.5947 9.5841 9.5841 9.5841 9.5841 9.5841 9.5841 9.5841 9.5778 9.5778 9.5778 9.5778 9.5778 9.5778 9.5778 9.5707 9.5707 9.5707 9.5707 9.5707 9.5707 9.5707 9.5637 9.8888 9.8888 10.3722 9.8174 
before v = 25.4478 21.9586 21.9586 21.9586 21.9586 21.9586 21.9586 21.9586 19.9694 19.9694 19.9694 19.9694 19.9694 19.9694 19.9694 17.7690 17.7690 17.7690 17.7690 17.7690 17.7690 17.7690 15.7010 41.3778 41.3778 61.7862 16.7868 
Ibias = 9.4000 9.4000 9.4000 9.4000 9.4000 9.4000 9.4000 9.4000 2.0000 2.0000 2.0000 2.0000 2.0000 2.0000 2.0000 2.0000 2.0000 2.0000 2.0000 2.0000 2.0000 2.0000 -2.0000 16.0000 16.0000 10.0000 -11.0000 
fa1 = 4.8654 3.2274 3.2274 3.2274 3.2274 3.2274 3.2274 3.2274 2.4651 2.4651 2.4651 2.4651 2.4651 2.4651 2.4651 1.7518 1.7518 1.7518 1.7518 1.7518 1.7518 1.7518 1.1941 18.4627 18.4627 26.9707 2.8520 
fa2 = 4.8434 3.2088 3.2088 3.2088 3.2088 3.2088 3.2088 3.2088 2.4493 2.4493 2.4493 2.4493 2.4493 2.4493 2.4493 1.7396 1.7396 1.7396 1.7396 1.7396 1.7396 1.7396 1.1853 18.4918 18.4918 27.2332 2.8290 
fa3 = 4.8435 3.2089 3.2089 3.2089 3.2089 3.2089 3.2089 3.2089 2.4494 2.4494 2.4494 2.4494 2.4494 2.4494 2.4494 1.7396 1.7396 1.7396 1.7396 1.7396 1.7396 1.7396 1.1854 18.4919 18.4919 27.2358 2.8292 
fa4 = 4.8216 3.1904 3.1904 3.1904 3.1904 3.1904 3.1904 3.1904 2.4338 2.4338 2.4338 2.4338 2.4338 2.4338 2.4338 1.7275 1.7275 1.7275 1.7275 1.7275 1.7275 1.7275 1.1766 18.5218 18.5218 27.5024 2.8065 
fb1 = -0.2820 -0.2955 -0.2955 -0.2955 -0.2955 -0.2955 -0.2955 -0.2955 -0.3032 -0.3032 -0.3032 -0.3032 -0.3032 -0.3032 -0.3032 -0.3117 -0.3117 -0.3117 -0.3117 -0.3117 -0.3117 -0.3117 -0.3197 -0.0323 -0.0323 0.0397 -0.1292 
fb2 = -0.2818 -0.2954 -0.2954 -0.2954 -0.2954 -0.2954 -0.2954 -0.2954 -0.3031 -0.3031 -0.3031 -0.3031 -0.3031 -0.3031 -0.3031 -0.3117 -0.3117 -0.3117 -0.3117 -0.3117 -0.3117 -0.3117 -0.3197 -0.0319 -0.0319 0.0402 -0.1291 
fb3 = -0.2818 -0.2954 -0.2954 -0.2954 -0.2954 -0.2954 -0.2954 -0.2954 -0.3031 -0.3031 -0.3031 -0.3031 -0.3031 -0.3031 -0.3031 -0.3117 -0.3117 -0.3117 -0.3117 -0.3117 -0.3117 -0.3117 -0.3197 -0.0319 -0.0319 0.0402 -0.1291 
fb4 = -0.2817 -0.2953 -0.2953 -0.2953 -0.2953 -0.2953 -0.2953 -0.2953 -0.3030 -0.3030 -0.3030 -0.3030 -0.3030 -0.3030 -0.3030 -0.3116 -0.3116 -0.3116 -0.3116 -0.3116 -0.3116 -0.3116 -0.3196 -0.0315 -0.0315 0.0408 -0.1291 
I = 14.9000 9.4000 9.4000 9.4000 9.4000 9.4000 9.4000 9.4000 6.0000 6.0000 6.0000 6.0000 6.0000 6.0000 6.0000 2.0000 2.0000 2.0000 2.0000 2.0000 2.0000 2.0000 -2.0000 24.0000 24.0000 10.0000 -8.2420 
S1 = 0.0000 0.0000 0.0000 0.0000 0.0000 0.0000 0.0000 0.0000 0.0000 0.0000 0.0000 0.0000 0.0000 0.0000 0.0000 0.0000 0.0000 0.0000 0.0000 0.0000 0.0000 0.0000 0.0000 0.0000 0.0000 0.0000 0.0000 
S2 = 0.0000 0.0000 0.0000 0.0000 0.0000 0.0000 0.0000 0.0000 0.0000 0.0000 0.0000 0.0000 0.0000 0.0000 0.0000 0.0000 0.0000 0.0000 0.0000 0.0000 0.0000 0.0000 0.0000 0.0000 0.0000 0.0000 2.7580 
u = 9.5919 9.5812 9.5812 9.5812 9.5812 9.5812 9.5812 9.5812 9.5748 9.5748 9.5748 9.5748 9.5748 9.5748 9.5748 9.5675 9.5675 9.5675 9.5675 9.5675 9.5675 9.5675 9.5605 9.8885 9.8885 10.3726 9.8162 
v = 25.4963 21.9906 21.9906 21.9906 21.9906 21.9906 21.9906 21.9906 19.9939 19.9939 19.9939 19.9939 19.9939 19.9939 19.9939 17.7864 17.7864 17.7864 17.7864 17.7864 17.7864 17.7864 15.7129 41.5627 41.5627 62.0586 16.8151 
