ExternalI = 5.5000 0.0000 0.0000 0.0000 0.0000 0.0000 0.0000 0.0000 4.0000 4.0000 4.0000 4.0000 4.0000 4.0000 4.0000 0.0000 0.0000 0.0000 0.0000 0.0000 0.0000 0.0000 0.0000 8.0000 8.0000 0.0000 0.0000 
before u = 9.5891 9.5782 9.5782 9.5782 9.5782 9.5782 9.5782 9.5782 9.5718 9.5718 9.5718 9.5718 9.5718 9.5718 9.5718 9.5644 9.5644 9.5644 9.5644 9.5644 9.5644 9.5644 9.5573 9.8882 9.8882 10.3730 9.8149 
before v = 25.5443 22.0224 22.0224 22.0224 22.0224 22.0224 22.0224 22.0224 20.0181 20.0181 20.0181 20.0181 20.0181 20.0181 20.0181 17.8036 17.8036 17.8036 17.8036 17.8036 17.8036 17.8036 15.7246 41.7482 41.7482 62.3364 16.8429 
Ibias = 9.4000 9.4000 9.4000 9.4000 9.4000 9.4000 9.4000 9.4000 2.0000 2.0000 2.0000 2.0000 2.0000 2.0000 2.0000 2.0000 2.0000 2.0000 2.0000 2.0000 2.0000 2.0000 -2.0000 16.0000 16.0000 10.0000 -11.0000 
fa1 = 4.7785 3.1541 3.1541 3.1541 3.1541 3.1541 3.1541 3.1541 2.4030 2.4030 2.4030 2.4030 2.4030 2.4030 2.4030 1.7036 1.7036 1.7036 1.7036 1.7036 1.7036 1.7036 1.1595 18.5837 18.5837 28.0507 2.7508 
fa2 = 4.7570 3.1360 3.1360 3.1360 3.1360 3.1360 3.1360 3.1360 2.3877 2.3877 2.3877 2.3877 2.3877 2.3877 2.3877 1.6917 1.6917 1.6917 1.6917 1.6917 1.6917 1.6917 1.1510 18.6158 18.6158 28.3300 2.7287 
fa3 = 4.7571 3.1362 3.1362 3.1362 3.1362 3.1362 3.1362 3.1362 2.3878 2.3878 2.3878 2.3878 2.3878 2.3878 2.3878 1.6918 1.6918 1.6918 1.6918 1.6918 1.6918 1.6918 1.1510 18.6159 18.6159 28.3328 2.7289 
fa4 = 4.7359 3.1182 3.1182 3.1182 3.1182 3.1182 3.1182 3.1182 2.3726 2.3726 2.3726 2.3726 2.3726 2.3726 2.3726 1.6800 1.6800 1.6800 1.6800 1.6800 1.6800 1.6800 1.1426 18.6487 18.6487 28.6165 2.7070 
fb1 = -0.2814 -0.2950 -0.2950 -0.2950 -0.2950 -0.2950 -0.2950 -0.2950 -0.3028 -0.3028 -0.3028 -0.3028 -0.3028 -0.3028 -0.3028 -0.3114 -0.3114 -0.3114 -0.3114 -0.3114 -0.3114 -0.3114 -0.3194 -0.0308 -0.0308 0.0419 -0.1289 
fb2 = -0.2812 -0.2949 -0.2949 -0.2949 -0.2949 -0.2949 -0.2949 -0.2949 -0.3027 -0.3027 -0.3027 -0.3027 -0.3027 -0.3027 -0.3027 -0.3113 -0.3113 -0.3113 -0.3113 -0.3113 -0.3113 -0.3113 -0.3193 -0.0304 -0.0304 0.0424 -0.1289 
fb3 = -0.2812 -0.2949 -0.2949 -0.2949 -0.2949 -0.2949 -0.2949 -0.2949 -0.3027 -0.3027 -0.3027 -0.3027 -0.3027 -0.3027 -0.3027 -0.3113 -0.3113 -0.3113 -0.3113 -0.3113 -0.3113 -0.3113 -0.3193 -0.0304 -0.0304 0.0424 -0.1289 
fb4 = -0.2811 -0.2948 -0.2948 -0.2948 -0.2948 -0.2948 -0.2948 -0.2948 -0.3026 -0.3026 -0.3026 -0.3026 -0.3026 -0.3026 -0.3026 -0.3112 -0.3112 -0.3112 -0.3112 -0.3112 -0.3112 -0.3112 -0.3192 -0.0300 -0.0300 0.0430 -0.1288 
I = 14.9000 9.4000 9.4000 9.4000 9.4000 9.4000 9.4000 9.4000 6.0000 6.0000 6.0000 6.0000 6.0000 6.0000 6.0000 2.0000 2.0000 2.0000 2.0000 2.0000 2.0000 2.0000 -2.0000 24.0000 24.0000 10.0000 -8.2531 
S1 = 0.0000 0.0000 0.0000 0.0000 0.0000 0.0000 0.0000 0.0000 0.0000 0.0000 0.0000 0.0000 0.0000 0.0000 0.0000 0.0000 0.0000 0.0000 0.0000 0.0000 0.0000 0.0000 0.0000 0.0000 0.0000 0.0000 0.0000 
S2 = 0.0000 0.0000 0.0000 0.0000 0.0000 0.0000 0.0000 0.0000 0.0000 0.0000 0.0000 0.0000 0.0000 0.0000 0.0000 0.0000 0.0000 0.0000 0.0000 0.0000 0.0000 0.0000 0.0000 0.0000 0.0000 0.0000 2.7469 
u = 9.5863 9.5753 9.5753 9.5753 9.5753 9.5753 9.5753 9.5753 9.5687 9.5687 9.5687 9.5687 9.5687 9.5687 9.5687 9.5613 9.5613 9.5613 9.5613 9.5613 9.5613 9.5613 9.5541 9.8878 9.8878 10.3735 9.8136 
v = 25.5919 22.0537 22.0537 22.0537 22.0537 22.0537 22.0537 22.0537 20.0419 20.0419 20.0419 20.0419 20.0419 20.0419 20.0419 17.8205 17.8205 17.8205 17.8205 17.8205 17.8205 17.8205 15.7361 41.9344 41.9344 62.6197 16.8701 
