ExternalI = 5.5000 0.0000 0.0000 0.0000 0.0000 0.0000 0.0000 0.0000 4.0000 4.0000 4.0000 4.0000 4.0000 4.0000 4.0000 0.0000 0.0000 0.0000 0.0000 0.0000 0.0000 0.0000 0.0000 8.0000 8.0000 0.0000 0.0000 
before u = 9.5835 9.5723 9.5723 9.5723 9.5723 9.5723 9.5723 9.5723 9.5657 9.5657 9.5657 9.5657 9.5657 9.5657 9.5657 9.5582 9.5582 9.5582 9.5582 9.5582 9.5582 9.5582 9.5510 9.8876 9.8876 10.3739 9.8123 
before v = 25.6390 22.0847 22.0847 22.0847 22.0847 22.0847 22.0847 22.0847 20.0655 20.0655 20.0655 20.0655 20.0655 20.0655 20.0655 17.8372 17.8372 17.8372 17.8372 17.8372 17.8372 17.8372 15.7474 42.1212 42.1212 62.9087 16.8969 
Ibias = 9.4000 9.4000 9.4000 9.4000 9.4000 9.4000 9.4000 9.4000 2.0000 2.0000 2.0000 2.0000 2.0000 2.0000 2.0000 2.0000 2.0000 2.0000 2.0000 2.0000 2.0000 2.0000 -2.0000 16.0000 16.0000 10.0000 -11.0000 
fa1 = 4.6938 3.0829 3.0829 3.0829 3.0829 3.0829 3.0829 3.0829 2.3427 2.3427 2.3427 2.3427 2.3427 2.3427 2.3427 1.6569 1.6569 1.6569 1.6569 1.6569 1.6569 1.6569 1.1261 18.7167 18.7167 29.2003 2.6531 
fa2 = 4.6730 3.0654 3.0654 3.0654 3.0654 3.0654 3.0654 3.0654 2.3279 2.3279 2.3279 2.3279 2.3279 2.3279 2.3279 1.6454 1.6454 1.6454 1.6454 1.6454 1.6454 1.6454 1.1179 18.7518 18.7518 29.4977 2.6319 
fa3 = 4.6731 3.0655 3.0655 3.0655 3.0655 3.0655 3.0655 3.0655 2.3280 2.3280 2.3280 2.3280 2.3280 2.3280 2.3280 1.6455 1.6455 1.6455 1.6455 1.6455 1.6455 1.6455 1.1179 18.7518 18.7518 29.5007 2.6321 
fa4 = 4.6524 3.0481 3.0481 3.0481 3.0481 3.0481 3.0481 3.0481 2.3133 2.3133 2.3133 2.3133 2.3133 2.3133 2.3133 1.6341 1.6341 1.6341 1.6341 1.6341 1.6341 1.6341 1.1098 18.7877 18.7877 29.8030 2.6110 
fb1 = -0.2808 -0.2946 -0.2946 -0.2946 -0.2946 -0.2946 -0.2946 -0.2946 -0.3024 -0.3024 -0.3024 -0.3024 -0.3024 -0.3024 -0.3024 -0.3110 -0.3110 -0.3110 -0.3110 -0.3110 -0.3110 -0.3110 -0.3190 -0.0293 -0.0293 0.0442 -0.1287 
fb2 = -0.2806 -0.2944 -0.2944 -0.2944 -0.2944 -0.2944 -0.2944 -0.2944 -0.3023 -0.3023 -0.3023 -0.3023 -0.3023 -0.3023 -0.3023 -0.3109 -0.3109 -0.3109 -0.3109 -0.3109 -0.3109 -0.3109 -0.3190 -0.0289 -0.0289 0.0447 -0.1286 
fb3 = -0.2806 -0.2944 -0.2944 -0.2944 -0.2944 -0.2944 -0.2944 -0.2944 -0.3023 -0.3023 -0.3023 -0.3023 -0.3023 -0.3023 -0.3023 -0.3109 -0.3109 -0.3109 -0.3109 -0.3109 -0.3109 -0.3109 -0.3190 -0.0289 -0.0289 0.0447 -0.1286 
fb4 = -0.2805 -0.2943 -0.2943 -0.2943 -0.2943 -0.2943 -0.2943 -0.2943 -0.3022 -0.3022 -0.3022 -0.3022 -0.3022 -0.3022 -0.3022 -0.3108 -0.3108 -0.3108 -0.3108 -0.3108 -0.3108 -0.3108 -0.3189 -0.0285 -0.0285 0.0453 -0.1285 
I = 14.9000 9.4000 9.4000 9.4000 9.4000 9.4000 9.4000 9.4000 6.0000 6.0000 6.0000 6.0000 6.0000 6.0000 6.0000 2.0000 2.0000 2.0000 2.0000 2.0000 2.0000 2.0000 -2.0000 24.0000 24.0000 10.0000 -8.2640 
S1 = 0.0000 0.0000 0.0000 0.0000 0.0000 0.0000 0.0000 0.0000 0.0000 0.0000 0.0000 0.0000 0.0000 0.0000 0.0000 0.0000 0.0000 0.0000 0.0000 0.0000 0.0000 0.0000 0.0000 0.0000 0.0000 0.0000 0.0000 
S2 = 0.0000 0.0000 0.0000 0.0000 0.0000 0.0000 0.0000 0.0000 0.0000 0.0000 0.0000 0.0000 0.0000 0.0000 0.0000 0.0000 0.0000 0.0000 0.0000 0.0000 0.0000 0.0000 0.0000 0.0000 0.0000 0.0000 2.7360 
u = 9.5807 9.5694 9.5694 9.5694 9.5694 9.5694 9.5694 9.5694 9.5627 9.5627 9.5627 9.5627 9.5627 9.5627 9.5627 9.5551 9.5551 9.5551 9.5551 9.5551 9.5551 9.5551 9.5478 9.8873 9.8873 10.3743 9.8110 
v = 25.6857 22.1154 22.1154 22.1154 22.1154 22.1154 22.1154 22.1154 20.0888 20.0888 20.0888 20.0888 20.0888 20.0888 20.0888 17.8536 17.8536 17.8536 17.8536 17.8536 17.8536 17.8536 15.7586 42.3087 42.3087 63.2037 16.9233 
