ExternalI = 5.5000 0.0000 0.0000 0.0000 0.0000 0.0000 0.0000 0.0000 4.0000 4.0000 4.0000 4.0000 4.0000 4.0000 4.0000 0.0000 0.0000 0.0000 0.0000 0.0000 0.0000 0.0000 0.0000 8.0000 8.0000 0.0000 0.0000 
before u = 9.9542 9.9540 9.9540 9.9540 9.9540 9.9540 9.9540 9.9540 9.9539 9.9539 9.9539 9.9539 9.9539 9.9539 9.9539 9.9538 9.9538 9.9538 9.9538 9.9538 9.9538 9.9538 9.9537 9.9807 9.9807 10.0121 9.9796 
before v = 13.2888 12.6606 12.6606 12.6606 12.6606 12.6606 12.6606 12.6606 12.2729 12.2729 12.2729 12.2729 12.2729 12.2729 12.2729 11.8174 11.8174 11.8174 11.8174 11.8174 11.8174 11.8174 11.3627 15.4797 15.4797 77.2026 11.4748 
Ibias = 9.4000 9.4000 9.4000 9.4000 9.4000 9.4000 9.4000 9.4000 2.0000 2.0000 2.0000 2.0000 2.0000 2.0000 2.0000 2.0000 2.0000 2.0000 2.0000 2.0000 2.0000 2.0000 -2.0000 16.0000 16.0000 10.0000 -11.0000 
fa1 = 22.1430 17.8758 17.8758 17.8758 17.8758 17.8758 17.8758 17.8758 15.2523 15.2523 15.2523 15.2523 15.2523 15.2523 15.2523 12.1799 12.1799 12.1799 12.1799 12.1799 12.1799 12.1799 9.1226 37.1651 37.1651 66.7898 9.8629 
fa2 = 21.9308 17.7003 17.7003 17.7003 17.7003 17.7003 17.7003 17.7003 15.1004 15.1004 15.1004 15.1004 15.1004 15.1004 15.1004 12.0567 12.0567 12.0567 12.0567 12.0567 12.0567 12.0567 9.0291 36.8398 36.8398 67.8544 9.7611 
fa3 = 21.9328 17.7020 17.7020 17.7020 17.7020 17.7020 17.7020 17.7020 15.1019 15.1019 15.1019 15.1019 15.1019 15.1019 15.1019 12.0580 12.0580 12.0580 12.0580 12.0580 12.0580 12.0580 9.0301 36.8426 36.8426 67.8714 9.7621 
fa4 = 21.7235 17.5288 17.5288 17.5288 17.5288 17.5288 17.5288 17.5288 14.9520 14.9520 14.9520 14.9520 14.9520 14.9520 14.9520 11.9363 11.9363 11.9363 11.9363 11.9363 11.9363 11.9363 8.9377 36.5228 36.5228 68.9628 9.6615 
fb1 = -0.3450 -0.3475 -0.3475 -0.3475 -0.3475 -0.3475 -0.3475 -0.3475 -0.3491 -0.3491 -0.3491 -0.3491 -0.3491 -0.3491 -0.3491 -0.3509 -0.3509 -0.3509 -0.3509 -0.3509 -0.3509 -0.3509 -0.3527 -0.1377 -0.1377 0.1086 -0.1537 
fb2 = -0.3445 -0.3471 -0.3471 -0.3471 -0.3471 -0.3471 -0.3471 -0.3471 -0.3487 -0.3487 -0.3487 -0.3487 -0.3487 -0.3487 -0.3487 -0.3506 -0.3506 -0.3506 -0.3506 -0.3506 -0.3506 -0.3506 -0.3524 -0.1369 -0.1369 0.1099 -0.1535 
fb3 = -0.3445 -0.3471 -0.3471 -0.3471 -0.3471 -0.3471 -0.3471 -0.3471 -0.3487 -0.3487 -0.3487 -0.3487 -0.3487 -0.3487 -0.3487 -0.3506 -0.3506 -0.3506 -0.3506 -0.3506 -0.3506 -0.3506 -0.3524 -0.1369 -0.1369 0.1099 -0.1535 
fb4 = -0.3440 -0.3467 -0.3467 -0.3467 -0.3467 -0.3467 -0.3467 -0.3467 -0.3483 -0.3483 -0.3483 -0.3483 -0.3483 -0.3483 -0.3483 -0.3503 -0.3503 -0.3503 -0.3503 -0.3503 -0.3503 -0.3503 -0.3522 -0.1362 -0.1362 0.1113 -0.1533 
I = 14.9000 9.4000 9.4000 9.4000 9.4000 9.4000 9.4000 9.4000 6.0000 6.0000 6.0000 6.0000 6.0000 6.0000 6.0000 2.0000 2.0000 2.0000 2.0000 2.0000 2.0000 2.0000 -2.0000 24.0000 24.0000 10.0000 -11.0000 
S1 = 0.0000 0.0000 0.0000 0.0000 0.0000 0.0000 0.0000 0.0000 0.0000 0.0000 0.0000 0.0000 0.0000 0.0000 0.0000 0.0000 0.0000 0.0000 0.0000 0.0000 0.0000 0.0000 0.0000 0.0000 0.0000 0.0000 0.0000 
S2 = 0.0000 0.0000 0.0000 0.0000 0.0000 0.0000 0.0000 0.0000 0.0000 0.0000 0.0000 0.0000 0.0000 0.0000 0.0000 0.0000 0.0000 0.0000 0.0000 0.0000 0.0000 0.0000 0.0000 0.0000 0.0000 0.0000 0.0000 
u = 9.9508 9.9506 9.9506 9.9506 9.9506 9.9506 9.9506 9.9506 9.9505 9.9505 9.9505 9.9505 9.9505 9.9505 9.9505 9.9503 9.9503 9.9503 9.9503 9.9503 9.9503 9.9503 9.9502 9.9793 9.9793 10.0132 9.9781 
v = 13.5082 12.8376 12.8376 12.8376 12.8376 12.8376 12.8376 12.8376 12.4239 12.4239 12.4239 12.4239 12.4239 12.4239 12.4239 11.9380 11.9380 11.9380 11.9380 11.9380 11.9380 11.9380 11.4530 15.8481 15.8481 77.8813 11.5724 
