ExternalI = 5.5000 0.0000 0.0000 0.0000 0.0000 0.0000 0.0000 0.0000 4.0000 4.0000 4.0000 4.0000 4.0000 4.0000 4.0000 0.0000 0.0000 0.0000 0.0000 0.0000 0.0000 0.0000 0.0000 8.0000 8.0000 0.0000 0.0000 
before u = 9.5611 9.5488 9.5488 9.5488 9.5488 9.5488 9.5488 9.5488 9.5416 9.5416 9.5416 9.5416 9.5416 9.5416 9.5416 9.5334 9.5334 9.5334 9.5334 9.5334 9.5334 9.5334 9.5255 9.8855 9.8855 10.3778 9.8020 
before v = 26.0016 22.3206 22.3206 22.3206 22.3206 22.3206 22.3206 22.3206 20.2438 20.2438 20.2438 20.2438 20.2438 20.2438 20.2438 17.9627 17.9627 17.9627 17.9627 17.9627 17.9627 17.9627 15.8325 43.6435 43.6435 65.4521 17.0948 
Ibias = 9.4000 9.4000 9.4000 9.4000 9.4000 9.4000 9.4000 9.4000 2.0000 2.0000 2.0000 2.0000 2.0000 2.0000 2.0000 2.0000 2.0000 2.0000 2.0000 2.0000 2.0000 2.0000 -2.0000 16.0000 16.0000 10.0000 -11.0000 
fa1 = 4.3774 2.8178 2.8178 2.8178 2.8178 2.8178 2.8178 2.8178 2.1194 2.1194 2.1194 2.1194 2.1194 2.1194 2.1194 1.4849 1.4849 1.4849 1.4849 1.4849 1.4849 1.4849 1.0038 19.3742 19.3742 34.6251 2.2954 
fa2 = 4.3587 2.8022 2.8022 2.8022 2.8022 2.8022 2.8022 2.8022 2.1063 2.1063 2.1063 2.1063 2.1063 2.1063 2.1063 1.4748 1.4748 1.4748 1.4748 1.4748 1.4748 1.4748 0.9967 19.4223 19.4223 35.0132 2.2773 
fa3 = 4.3588 2.8023 2.8023 2.8023 2.8023 2.8023 2.8023 2.8023 2.1064 2.1064 2.1064 2.1064 2.1064 2.1064 2.1064 1.4749 1.4749 1.4749 1.4749 1.4749 1.4749 1.4749 0.9967 19.4224 19.4224 35.0175 2.2775 
fa4 = 4.3402 2.7867 2.7867 2.7867 2.7867 2.7867 2.7867 2.7867 2.0934 2.0934 2.0934 2.0934 2.0934 2.0934 2.0934 1.4649 1.4649 1.4649 1.4649 1.4649 1.4649 1.4649 0.9897 19.4714 19.4714 35.4125 2.2595 
fb1 = -0.2784 -0.2927 -0.2927 -0.2927 -0.2927 -0.2927 -0.2927 -0.2927 -0.3007 -0.3007 -0.3007 -0.3007 -0.3007 -0.3007 -0.3007 -0.3095 -0.3095 -0.3095 -0.3095 -0.3095 -0.3095 -0.3095 -0.3177 -0.0231 -0.0231 0.0543 -0.1277 
fb2 = -0.2783 -0.2926 -0.2926 -0.2926 -0.2926 -0.2926 -0.2926 -0.2926 -0.3006 -0.3006 -0.3006 -0.3006 -0.3006 -0.3006 -0.3006 -0.3094 -0.3094 -0.3094 -0.3094 -0.3094 -0.3094 -0.3094 -0.3176 -0.0227 -0.0227 0.0549 -0.1276 
fb3 = -0.2783 -0.2926 -0.2926 -0.2926 -0.2926 -0.2926 -0.2926 -0.2926 -0.3006 -0.3006 -0.3006 -0.3006 -0.3006 -0.3006 -0.3006 -0.3094 -0.3094 -0.3094 -0.3094 -0.3094 -0.3094 -0.3094 -0.3176 -0.0227 -0.0227 0.0549 -0.1276 
fb4 = -0.2782 -0.2924 -0.2924 -0.2924 -0.2924 -0.2924 -0.2924 -0.2924 -0.3005 -0.3005 -0.3005 -0.3005 -0.3005 -0.3005 -0.3005 -0.3093 -0.3093 -0.3093 -0.3093 -0.3093 -0.3093 -0.3093 -0.3175 -0.0224 -0.0224 0.0556 -0.1275 
I = 14.9000 9.4000 9.4000 9.4000 9.4000 9.4000 9.4000 9.4000 6.0000 6.0000 6.0000 6.0000 6.0000 6.0000 6.0000 2.0000 2.0000 2.0000 2.0000 2.0000 2.0000 2.0000 -2.0000 24.0000 24.0000 10.0000 -8.3075 
S1 = 0.0000 0.0000 0.0000 0.0000 0.0000 0.0000 0.0000 0.0000 0.0000 0.0000 0.0000 0.0000 0.0000 0.0000 0.0000 0.0000 0.0000 0.0000 0.0000 0.0000 0.0000 0.0000 0.0000 0.0000 0.0000 0.0000 0.0000 
S2 = 0.0000 0.0000 0.0000 0.0000 0.0000 0.0000 0.0000 0.0000 0.0000 0.0000 0.0000 0.0000 0.0000 0.0000 0.0000 0.0000 0.0000 0.0000 0.0000 0.0000 0.0000 0.0000 0.0000 0.0000 0.0000 0.0000 2.6925 
u = 9.5583 9.5459 9.5459 9.5459 9.5459 9.5459 9.5459 9.5459 9.5386 9.5386 9.5386 9.5386 9.5386 9.5386 9.5386 9.5303 9.5303 9.5303 9.5303 9.5303 9.5303 9.5303 9.5223 9.8852 9.8852 10.3784 9.8008 
v = 26.0452 22.3486 22.3486 22.3486 22.3486 22.3486 22.3486 22.3486 20.2649 20.2649 20.2649 20.2649 20.2649 20.2649 20.2649 17.9774 17.9774 17.9774 17.9774 17.9774 17.9774 17.9774 15.8424 43.8377 43.8377 65.8023 17.1175 
