ExternalI = 5.5000 0.0000 0.0000 0.0000 0.0000 0.0000 0.0000 0.0000 4.0000 4.0000 4.0000 4.0000 4.0000 4.0000 4.0000 0.0000 0.0000 0.0000 0.0000 0.0000 0.0000 0.0000 0.0000 8.0000 8.0000 0.0000 0.0000 
before u = 9.5583 9.5459 9.5459 9.5459 9.5459 9.5459 9.5459 9.5459 9.5386 9.5386 9.5386 9.5386 9.5386 9.5386 9.5386 9.5303 9.5303 9.5303 9.5303 9.5303 9.5303 9.5303 9.5223 9.8852 9.8852 10.3784 9.8008 
before v = 26.0452 22.3486 22.3486 22.3486 22.3486 22.3486 22.3486 22.3486 20.2649 20.2649 20.2649 20.2649 20.2649 20.2649 20.2649 17.9774 17.9774 17.9774 17.9774 17.9774 17.9774 17.9774 15.8424 43.8377 43.8377 65.8023 17.1175 
Ibias = 9.4000 9.4000 9.4000 9.4000 9.4000 9.4000 9.4000 9.4000 2.0000 2.0000 2.0000 2.0000 2.0000 2.0000 2.0000 2.0000 2.0000 2.0000 2.0000 2.0000 2.0000 2.0000 -2.0000 16.0000 16.0000 10.0000 -11.0000 
fa1 = 4.3402 2.7867 2.7867 2.7867 2.7867 2.7867 2.7867 2.7867 2.0934 2.0934 2.0934 2.0934 2.0934 2.0934 2.0934 1.4649 1.4649 1.4649 1.4649 1.4649 1.4649 1.4649 0.9897 19.4714 19.4714 35.4125 2.2541 
fa2 = 4.3217 2.7713 2.7713 2.7713 2.7713 2.7713 2.7713 2.7713 2.0805 2.0805 2.0805 2.0805 2.0805 2.0805 2.0805 1.4550 1.4550 1.4550 1.4550 1.4550 1.4550 1.4550 0.9827 19.5213 19.5213 35.8144 2.2364 
fa3 = 4.3218 2.7714 2.7714 2.7714 2.7714 2.7714 2.7714 2.7714 2.0806 2.0806 2.0806 2.0806 2.0806 2.0806 2.0806 1.4551 1.4551 1.4551 1.4551 1.4551 1.4551 1.4551 0.9827 19.5214 19.5214 35.8189 2.2365 
fa4 = 4.3034 2.7561 2.7561 2.7561 2.7561 2.7561 2.7561 2.7561 2.0677 2.0677 2.0677 2.0677 2.0677 2.0677 2.0677 1.4453 1.4453 1.4453 1.4453 1.4453 1.4453 1.4453 0.9758 19.5721 19.5721 36.2281 2.2190 
fb1 = -0.2782 -0.2924 -0.2924 -0.2924 -0.2924 -0.2924 -0.2924 -0.2924 -0.3005 -0.3005 -0.3005 -0.3005 -0.3005 -0.3005 -0.3005 -0.3093 -0.3093 -0.3093 -0.3093 -0.3093 -0.3093 -0.3093 -0.3175 -0.0224 -0.0224 0.0556 -0.1275 
fb2 = -0.2780 -0.2923 -0.2923 -0.2923 -0.2923 -0.2923 -0.2923 -0.2923 -0.3004 -0.3004 -0.3004 -0.3004 -0.3004 -0.3004 -0.3004 -0.3092 -0.3092 -0.3092 -0.3092 -0.3092 -0.3092 -0.3092 -0.3174 -0.0220 -0.0220 0.0563 -0.1275 
fb3 = -0.2780 -0.2923 -0.2923 -0.2923 -0.2923 -0.2923 -0.2923 -0.2923 -0.3004 -0.3004 -0.3004 -0.3004 -0.3004 -0.3004 -0.3004 -0.3092 -0.3092 -0.3092 -0.3092 -0.3092 -0.3092 -0.3092 -0.3174 -0.0220 -0.0220 0.0564 -0.1275 
fb4 = -0.2779 -0.2922 -0.2922 -0.2922 -0.2922 -0.2922 -0.2922 -0.2922 -0.3003 -0.3003 -0.3003 -0.3003 -0.3003 -0.3003 -0.3003 -0.3091 -0.3091 -0.3091 -0.3091 -0.3091 -0.3091 -0.3091 -0.3174 -0.0216 -0.0216 0.0571 -0.1274 
I = 14.9000 9.4000 9.4000 9.4000 9.4000 9.4000 9.4000 9.4000 6.0000 6.0000 6.0000 6.0000 6.0000 6.0000 6.0000 2.0000 2.0000 2.0000 2.0000 2.0000 2.0000 2.0000 -2.0000 24.0000 24.0000 10.0000 -8.3129 
S1 = 0.0000 0.0000 0.0000 0.0000 0.0000 0.0000 0.0000 0.0000 0.0000 0.0000 0.0000 0.0000 0.0000 0.0000 0.0000 0.0000 0.0000 0.0000 0.0000 0.0000 0.0000 0.0000 0.0000 0.0000 0.0000 0.0000 0.0000 
S2 = 0.0000 0.0000 0.0000 0.0000 0.0000 0.0000 0.0000 0.0000 0.0000 0.0000 0.0000 0.0000 0.0000 0.0000 0.0000 0.0000 0.0000 0.0000 0.0000 0.0000 0.0000 0.0000 0.0000 0.0000 0.0000 0.0000 2.6871 
u = 9.5556 9.5430 9.5430 9.5430 9.5430 9.5430 9.5430 9.5430 9.5356 9.5356 9.5356 9.5356 9.5356 9.5356 9.5356 9.5272 9.5272 9.5272 9.5272 9.5272 9.5272 9.5272 9.5191 9.8850 9.8850 10.3789 9.7995 
v = 26.0884 22.3763 22.3763 22.3763 22.3763 22.3763 22.3763 22.3763 20.2857 20.2857 20.2857 20.2857 20.2857 20.2857 20.2857 17.9920 17.9920 17.9920 17.9920 17.9920 17.9920 17.9920 15.8523 44.0329 44.0329 66.1605 17.1399 
