ExternalI = 5.5000 0.0000 0.0000 0.0000 0.0000 0.0000 0.0000 0.0000 4.0000 4.0000 4.0000 4.0000 4.0000 4.0000 4.0000 0.0000 0.0000 0.0000 0.0000 0.0000 0.0000 0.0000 0.0000 8.0000 8.0000 0.0000 0.0000 
before u = 9.5500 9.5371 9.5371 9.5371 9.5371 9.5371 9.5371 9.5371 9.5296 9.5296 9.5296 9.5296 9.5296 9.5296 9.5296 9.5210 9.5210 9.5210 9.5210 9.5210 9.5210 9.5210 9.5128 9.8846 9.8846 10.3801 9.7969 
before v = 26.1738 22.4308 22.4308 22.4308 22.4308 22.4308 22.4308 22.4308 20.3265 20.3265 20.3265 20.3265 20.3265 20.3265 20.3265 18.0205 18.0205 18.0205 18.0205 18.0205 18.0205 18.0205 15.8715 44.4264 44.4264 66.9021 17.1834 
Ibias = 9.4000 9.4000 9.4000 9.4000 9.4000 9.4000 9.4000 9.4000 2.0000 2.0000 2.0000 2.0000 2.0000 2.0000 2.0000 2.0000 2.0000 2.0000 2.0000 2.0000 2.0000 2.0000 -2.0000 16.0000 16.0000 10.0000 -11.0000 
fa1 = 4.2313 2.6961 2.6961 2.6961 2.6961 2.6961 2.6961 2.6961 2.0175 2.0175 2.0175 2.0175 2.0175 2.0175 2.0175 1.4070 1.4070 1.4070 1.4070 1.4070 1.4070 1.4070 0.9488 19.7844 19.7844 37.9491 2.1346 
fa2 = 4.2136 2.6813 2.6813 2.6813 2.6813 2.6813 2.6813 2.6813 2.0052 2.0052 2.0052 2.0052 2.0052 2.0052 2.0052 1.3976 1.3976 1.3976 1.3976 1.3976 1.3976 1.3976 0.9422 19.8397 19.8397 38.3966 2.1179 
fa3 = 4.2136 2.6814 2.6814 2.6814 2.6814 2.6814 2.6814 2.6814 2.0053 2.0053 2.0053 2.0053 2.0053 2.0053 2.0053 1.3977 1.3977 1.3977 1.3977 1.3977 1.3977 1.3977 0.9423 19.8399 19.8399 38.4019 2.1180 
fa4 = 4.1960 2.6667 2.6667 2.6667 2.6667 2.6667 2.6667 2.6667 1.9930 1.9930 1.9930 1.9930 1.9930 1.9930 1.9930 1.3883 1.3883 1.3883 1.3883 1.3883 1.3883 1.3883 0.9357 19.8961 19.8961 38.8577 2.1015 
fb1 = -0.2773 -0.2918 -0.2918 -0.2918 -0.2918 -0.2918 -0.2918 -0.2918 -0.2999 -0.2999 -0.2999 -0.2999 -0.2999 -0.2999 -0.2999 -0.3088 -0.3088 -0.3088 -0.3088 -0.3088 -0.3088 -0.3088 -0.3170 -0.0200 -0.0200 0.0600 -0.1272 
fb2 = -0.2772 -0.2916 -0.2916 -0.2916 -0.2916 -0.2916 -0.2916 -0.2916 -0.2998 -0.2998 -0.2998 -0.2998 -0.2998 -0.2998 -0.2998 -0.3087 -0.3087 -0.3087 -0.3087 -0.3087 -0.3087 -0.3087 -0.3169 -0.0196 -0.0196 0.0608 -0.1271 
fb3 = -0.2772 -0.2916 -0.2916 -0.2916 -0.2916 -0.2916 -0.2916 -0.2916 -0.2998 -0.2998 -0.2998 -0.2998 -0.2998 -0.2998 -0.2998 -0.3087 -0.3087 -0.3087 -0.3087 -0.3087 -0.3087 -0.3087 -0.3169 -0.0196 -0.0196 0.0608 -0.1271 
fb4 = -0.2770 -0.2915 -0.2915 -0.2915 -0.2915 -0.2915 -0.2915 -0.2915 -0.2997 -0.2997 -0.2997 -0.2997 -0.2997 -0.2997 -0.2997 -0.3086 -0.3086 -0.3086 -0.3086 -0.3086 -0.3086 -0.3086 -0.3169 -0.0192 -0.0192 0.0615 -0.1271 
I = 14.9000 9.4000 9.4000 9.4000 9.4000 9.4000 9.4000 9.4000 6.0000 6.0000 6.0000 6.0000 6.0000 6.0000 6.0000 2.0000 2.0000 2.0000 2.0000 2.0000 2.0000 2.0000 -2.0000 24.0000 24.0000 10.0000 -8.3290 
S1 = 0.0000 0.0000 0.0000 0.0000 0.0000 0.0000 0.0000 0.0000 0.0000 0.0000 0.0000 0.0000 0.0000 0.0000 0.0000 0.0000 0.0000 0.0000 0.0000 0.0000 0.0000 0.0000 0.0000 0.0000 0.0000 0.0000 0.0000 
S2 = 0.0000 0.0000 0.0000 0.0000 0.0000 0.0000 0.0000 0.0000 0.0000 0.0000 0.0000 0.0000 0.0000 0.0000 0.0000 0.0000 0.0000 0.0000 0.0000 0.0000 0.0000 0.0000 0.0000 0.0000 0.0000 0.0000 2.6710 
u = 9.5472 9.5342 9.5342 9.5342 9.5342 9.5342 9.5342 9.5342 9.5266 9.5266 9.5266 9.5266 9.5266 9.5266 9.5266 9.5179 9.5179 9.5179 9.5179 9.5179 9.5179 9.5179 9.5096 9.8844 9.8844 10.3807 9.7957 
v = 26.2159 22.4576 22.4576 22.4576 22.4576 22.4576 22.4576 22.4576 20.3466 20.3466 20.3466 20.3466 20.3466 20.3466 20.3466 18.0345 18.0345 18.0345 18.0345 18.0345 18.0345 18.0345 15.8809 44.6248 44.6248 67.2861 17.2046 
