ExternalI = 5.5000 0.0000 0.0000 0.0000 0.0000 0.0000 0.0000 0.0000 4.0000 4.0000 4.0000 4.0000 4.0000 4.0000 4.0000 0.0000 0.0000 0.0000 0.0000 0.0000 0.0000 0.0000 0.0000 8.0000 8.0000 0.0000 0.0000 
before u = 9.9508 9.9506 9.9506 9.9506 9.9506 9.9506 9.9506 9.9506 9.9505 9.9505 9.9505 9.9505 9.9505 9.9505 9.9505 9.9503 9.9503 9.9503 9.9503 9.9503 9.9503 9.9503 9.9502 9.9793 9.9793 10.0132 9.9781 
before v = 13.5082 12.8376 12.8376 12.8376 12.8376 12.8376 12.8376 12.8376 12.4239 12.4239 12.4239 12.4239 12.4239 12.4239 12.4239 11.9380 11.9380 11.9380 11.9380 11.9380 11.9380 11.9380 11.4530 15.8481 15.8481 77.8813 11.5724 
Ibias = 9.4000 9.4000 9.4000 9.4000 9.4000 9.4000 9.4000 9.4000 2.0000 2.0000 2.0000 2.0000 2.0000 2.0000 2.0000 2.0000 2.0000 2.0000 2.0000 2.0000 2.0000 2.0000 -2.0000 16.0000 16.0000 10.0000 -11.0000 
fa1 = 21.7236 17.5288 17.5288 17.5288 17.5288 17.5288 17.5288 17.5288 14.9520 14.9520 14.9520 14.9520 14.9520 14.9520 14.9520 11.9363 11.9363 11.9363 11.9363 11.9363 11.9363 11.9363 8.9377 36.5228 36.5228 68.9627 9.6615 
fa2 = 21.5173 17.3579 17.3579 17.3579 17.3579 17.3579 17.3579 17.3579 14.8040 14.8040 14.8040 14.8040 14.8040 14.8040 14.8040 11.8161 11.8161 11.8161 11.8161 11.8161 11.8161 11.8161 8.8464 36.2085 36.2085 70.0808 9.5622 
fa3 = 21.5192 17.3596 17.3596 17.3596 17.3596 17.3596 17.3596 17.3596 14.8054 14.8054 14.8054 14.8054 14.8054 14.8054 14.8054 11.8174 11.8174 11.8174 11.8174 11.8174 11.8174 11.8174 8.8474 36.2112 36.2112 70.0990 9.5632 
fa4 = 21.3158 17.1910 17.1910 17.1910 17.1910 17.1910 17.1910 17.1910 14.6593 14.6593 14.6593 14.6593 14.6593 14.6593 14.6593 11.6987 11.6987 11.6987 11.6987 11.6987 11.6987 11.6987 8.7572 35.9022 35.9022 71.2458 9.4651 
fb1 = -0.3440 -0.3467 -0.3467 -0.3467 -0.3467 -0.3467 -0.3467 -0.3467 -0.3483 -0.3483 -0.3483 -0.3483 -0.3483 -0.3483 -0.3483 -0.3503 -0.3503 -0.3503 -0.3503 -0.3503 -0.3503 -0.3503 -0.3522 -0.1362 -0.1362 0.1113 -0.1533 
fb2 = -0.3435 -0.3463 -0.3463 -0.3463 -0.3463 -0.3463 -0.3463 -0.3463 -0.3480 -0.3480 -0.3480 -0.3480 -0.3480 -0.3480 -0.3480 -0.3500 -0.3500 -0.3500 -0.3500 -0.3500 -0.3500 -0.3500 -0.3519 -0.1355 -0.1355 0.1126 -0.1531 
fb3 = -0.3435 -0.3463 -0.3463 -0.3463 -0.3463 -0.3463 -0.3463 -0.3463 -0.3480 -0.3480 -0.3480 -0.3480 -0.3480 -0.3480 -0.3480 -0.3500 -0.3500 -0.3500 -0.3500 -0.3500 -0.3500 -0.3500 -0.3519 -0.1355 -0.1355 0.1127 -0.1531 
fb4 = -0.3430 -0.3458 -0.3458 -0.3458 -0.3458 -0.3458 -0.3458 -0.3458 -0.3476 -0.3476 -0.3476 -0.3476 -0.3476 -0.3476 -0.3476 -0.3496 -0.3496 -0.3496 -0.3496 -0.3496 -0.3496 -0.3496 -0.3517 -0.1347 -0.1347 0.1140 -0.1529 
I = 14.9000 9.4000 9.4000 9.4000 9.4000 9.4000 9.4000 9.4000 6.0000 6.0000 6.0000 6.0000 6.0000 6.0000 6.0000 2.0000 2.0000 2.0000 2.0000 2.0000 2.0000 2.0000 -2.0000 24.0000 24.0000 10.0000 -11.0000 
S1 = 0.0000 0.0000 0.0000 0.0000 0.0000 0.0000 0.0000 0.0000 0.0000 0.0000 0.0000 0.0000 0.0000 0.0000 0.0000 0.0000 0.0000 0.0000 0.0000 0.0000 0.0000 0.0000 0.0000 0.0000 0.0000 0.0000 0.0000 
S2 = 0.0000 0.0000 0.0000 0.0000 0.0000 0.0000 0.0000 0.0000 0.0000 0.0000 0.0000 0.0000 0.0000 0.0000 0.0000 0.0000 0.0000 0.0000 0.0000 0.0000 0.0000 0.0000 0.0000 0.0000 0.0000 0.0000 0.0000 
u = 9.9473 9.9471 9.9471 9.9471 9.9471 9.9471 9.9471 9.9471 9.9470 9.9470 9.9470 9.9470 9.9470 9.9470 9.9470 9.9468 9.9468 9.9468 9.9468 9.9468 9.9468 9.9468 9.9466 9.9780 9.9780 10.0144 9.9766 
v = 13.7234 13.0112 13.0112 13.0112 13.0112 13.0112 13.0112 13.0112 12.5720 12.5720 12.5720 12.5720 12.5720 12.5720 12.5720 12.0562 12.0562 12.0562 12.0562 12.0562 12.0562 12.0562 11.5415 16.2102 16.2102 78.5822 11.6680 
