ExternalI = 5.5000 0.0000 0.0000 0.0000 0.0000 0.0000 0.0000 0.0000 4.0000 4.0000 4.0000 4.0000 4.0000 4.0000 4.0000 0.0000 0.0000 0.0000 0.0000 0.0000 0.0000 0.0000 0.0000 8.0000 8.0000 0.0000 0.0000 
before u = 9.5362 9.5226 9.5226 9.5226 9.5226 9.5226 9.5226 9.5226 9.5146 9.5146 9.5146 9.5146 9.5146 9.5146 9.5146 9.5056 9.5056 9.5056 9.5056 9.5056 9.5056 9.5056 9.4970 9.8837 9.8837 10.3833 9.7906 
before v = 26.3810 22.5620 22.5620 22.5620 22.5620 22.5620 22.5620 22.5620 20.4244 20.4244 20.4244 20.4244 20.4244 20.4244 20.4244 18.0886 18.0886 18.0886 18.0886 18.0886 18.0886 18.0886 15.9174 45.4302 45.4302 68.9182 17.2856 
Ibias = 9.4000 9.4000 9.4000 9.4000 9.4000 9.4000 9.4000 9.4000 2.0000 2.0000 2.0000 2.0000 2.0000 2.0000 2.0000 2.0000 2.0000 2.0000 2.0000 2.0000 2.0000 2.0000 -2.0000 16.0000 16.0000 10.0000 -11.0000 
fa1 = 4.0591 2.5532 2.5532 2.5532 2.5532 2.5532 2.5532 2.5532 1.8984 1.8984 1.8984 1.8984 1.8984 1.8984 1.8984 1.3165 1.3165 1.3165 1.3165 1.3165 1.3165 1.3165 0.8855 20.3818 20.3818 42.8509 1.9487 
fa2 = 4.0425 2.5394 2.5394 2.5394 2.5394 2.5394 2.5394 2.5394 1.8870 1.8870 1.8870 1.8870 1.8870 1.8870 1.8870 1.3079 1.3079 1.3079 1.3079 1.3079 1.3079 1.3079 0.8794 20.4470 20.4470 43.3909 1.9336 
fa3 = 4.0425 2.5395 2.5395 2.5395 2.5395 2.5395 2.5395 2.5395 1.8870 1.8870 1.8870 1.8870 1.8870 1.8870 1.8870 1.3079 1.3079 1.3079 1.3079 1.3079 1.3079 1.3079 0.8794 20.4472 20.4472 43.3977 1.9337 
fa4 = 4.0260 2.5258 2.5258 2.5258 2.5258 2.5258 2.5258 2.5258 1.8757 1.8757 1.8757 1.8757 1.8757 1.8757 1.8757 1.2993 1.2993 1.2993 1.2993 1.2993 1.2993 1.2993 0.8734 20.5134 20.5134 43.9485 1.9187 
fb1 = -0.2759 -0.2907 -0.2907 -0.2907 -0.2907 -0.2907 -0.2907 -0.2907 -0.2989 -0.2989 -0.2989 -0.2989 -0.2989 -0.2989 -0.2989 -0.3079 -0.3079 -0.3079 -0.3079 -0.3079 -0.3079 -0.3079 -0.3162 -0.0160 -0.0160 0.0680 -0.1267 
fb2 = -0.2758 -0.2905 -0.2905 -0.2905 -0.2905 -0.2905 -0.2905 -0.2905 -0.2988 -0.2988 -0.2988 -0.2988 -0.2988 -0.2988 -0.2988 -0.3078 -0.3078 -0.3078 -0.3078 -0.3078 -0.3078 -0.3078 -0.3161 -0.0155 -0.0155 0.0689 -0.1266 
fb3 = -0.2758 -0.2905 -0.2905 -0.2905 -0.2905 -0.2905 -0.2905 -0.2905 -0.2988 -0.2988 -0.2988 -0.2988 -0.2988 -0.2988 -0.2988 -0.3078 -0.3078 -0.3078 -0.3078 -0.3078 -0.3078 -0.3078 -0.3161 -0.0155 -0.0155 0.0689 -0.1266 
fb4 = -0.2757 -0.2904 -0.2904 -0.2904 -0.2904 -0.2904 -0.2904 -0.2904 -0.2987 -0.2987 -0.2987 -0.2987 -0.2987 -0.2987 -0.2987 -0.3077 -0.3077 -0.3077 -0.3077 -0.3077 -0.3077 -0.3077 -0.3160 -0.0151 -0.0151 0.0697 -0.1266 
I = 14.9000 9.4000 9.4000 9.4000 9.4000 9.4000 9.4000 9.4000 6.0000 6.0000 6.0000 6.0000 6.0000 6.0000 6.0000 2.0000 2.0000 2.0000 2.0000 2.0000 2.0000 2.0000 -2.0000 24.0000 24.0000 10.0000 -8.3556 
S1 = 0.0000 0.0000 0.0000 0.0000 0.0000 0.0000 0.0000 0.0000 0.0000 0.0000 0.0000 0.0000 0.0000 0.0000 0.0000 0.0000 0.0000 0.0000 0.0000 0.0000 0.0000 0.0000 0.0000 0.0000 0.0000 0.0000 0.0000 
S2 = 0.0000 0.0000 0.0000 0.0000 0.0000 0.0000 0.0000 0.0000 0.0000 0.0000 0.0000 0.0000 0.0000 0.0000 0.0000 0.0000 0.0000 0.0000 0.0000 0.0000 0.0000 0.0000 0.0000 0.0000 0.0000 0.0000 2.6444 
u = 9.5334 9.5197 9.5197 9.5197 9.5197 9.5197 9.5197 9.5197 9.5116 9.5116 9.5116 9.5116 9.5116 9.5116 9.5116 9.5025 9.5025 9.5025 9.5025 9.5025 9.5025 9.5025 9.4938 9.8835 9.8835 10.3840 9.7893 
v = 26.4214 22.5874 22.5874 22.5874 22.5874 22.5874 22.5874 22.5874 20.4433 20.4433 20.4433 20.4433 20.4433 20.4433 20.4433 18.1016 18.1016 18.1016 18.1016 18.1016 18.1016 18.1016 15.9262 45.6347 45.6347 69.3522 17.3049 
