ExternalI = 5.5000 0.0000 0.0000 0.0000 0.0000 0.0000 0.0000 0.0000 4.0000 4.0000 4.0000 4.0000 4.0000 4.0000 4.0000 0.0000 0.0000 0.0000 0.0000 0.0000 0.0000 0.0000 0.0000 8.0000 8.0000 0.0000 0.0000 
before u = 9.5307 9.5168 9.5168 9.5168 9.5168 9.5168 9.5168 9.5168 9.5086 9.5086 9.5086 9.5086 9.5086 9.5086 9.5086 9.4994 9.4994 9.4994 9.4994 9.4994 9.4994 9.4994 9.4906 9.8834 9.8834 10.3847 9.7881 
before v = 26.4615 22.6125 22.6125 22.6125 22.6125 22.6125 22.6125 22.6125 20.4619 20.4619 20.4619 20.4619 20.4619 20.4619 20.4619 18.1146 18.1146 18.1146 18.1146 18.1146 18.1146 18.1146 15.9348 45.8405 45.8405 69.7973 17.3239 
Ibias = 9.4000 9.4000 9.4000 9.4000 9.4000 9.4000 9.4000 9.4000 2.0000 2.0000 2.0000 2.0000 2.0000 2.0000 2.0000 2.0000 2.0000 2.0000 2.0000 2.0000 2.0000 2.0000 -2.0000 16.0000 16.0000 10.0000 -11.0000 
fa1 = 3.9933 2.4987 2.4987 2.4987 2.4987 2.4987 2.4987 2.4987 1.8532 1.8532 1.8532 1.8532 1.8532 1.8532 1.8532 1.2824 1.2824 1.2824 1.2824 1.2824 1.2824 1.2824 0.8616 20.6491 20.6491 45.0900 1.8788 
fa2 = 3.9770 2.4853 2.4853 2.4853 2.4853 2.4853 2.4853 2.4853 1.8421 1.8421 1.8421 1.8421 1.8421 1.8421 1.8421 1.2740 1.2740 1.2740 1.2740 1.2740 1.2740 1.2740 0.8558 20.7185 20.7185 45.6742 1.8642 
fa3 = 3.9771 2.4854 2.4854 2.4854 2.4854 2.4854 2.4854 2.4854 1.8422 1.8422 1.8422 1.8422 1.8422 1.8422 1.8422 1.2740 1.2740 1.2740 1.2740 1.2740 1.2740 1.2740 0.8558 20.7188 20.7188 45.6818 1.8644 
fa4 = 3.9610 2.4720 2.4720 2.4720 2.4720 2.4720 2.4720 2.4720 1.8311 1.8311 1.8311 1.8311 1.8311 1.8311 1.8311 1.2657 1.2657 1.2657 1.2657 1.2657 1.2657 1.2657 0.8500 20.7892 20.7892 46.2780 1.8500 
fb1 = -0.2754 -0.2902 -0.2902 -0.2902 -0.2902 -0.2902 -0.2902 -0.2902 -0.2985 -0.2985 -0.2985 -0.2985 -0.2985 -0.2985 -0.2985 -0.3075 -0.3075 -0.3075 -0.3075 -0.3075 -0.3075 -0.3075 -0.3159 -0.0143 -0.0143 0.0715 -0.1265 
fb2 = -0.2752 -0.2901 -0.2901 -0.2901 -0.2901 -0.2901 -0.2901 -0.2901 -0.2984 -0.2984 -0.2984 -0.2984 -0.2984 -0.2984 -0.2984 -0.3074 -0.3074 -0.3074 -0.3074 -0.3074 -0.3074 -0.3074 -0.3158 -0.0139 -0.0139 0.0724 -0.1264 
fb3 = -0.2752 -0.2901 -0.2901 -0.2901 -0.2901 -0.2901 -0.2901 -0.2901 -0.2984 -0.2984 -0.2984 -0.2984 -0.2984 -0.2984 -0.2984 -0.3074 -0.3074 -0.3074 -0.3074 -0.3074 -0.3074 -0.3074 -0.3158 -0.0139 -0.0139 0.0724 -0.1264 
fb4 = -0.2751 -0.2900 -0.2900 -0.2900 -0.2900 -0.2900 -0.2900 -0.2900 -0.2983 -0.2983 -0.2983 -0.2983 -0.2983 -0.2983 -0.2983 -0.3073 -0.3073 -0.3073 -0.3073 -0.3073 -0.3073 -0.3073 -0.3157 -0.0135 -0.0135 0.0733 -0.1264 
I = 14.9000 9.4000 9.4000 9.4000 9.4000 9.4000 9.4000 9.4000 6.0000 6.0000 6.0000 6.0000 6.0000 6.0000 6.0000 2.0000 2.0000 2.0000 2.0000 2.0000 2.0000 2.0000 -2.0000 24.0000 24.0000 10.0000 -8.3662 
S1 = 0.0000 0.0000 0.0000 0.0000 0.0000 0.0000 0.0000 0.0000 0.0000 0.0000 0.0000 0.0000 0.0000 0.0000 0.0000 0.0000 0.0000 0.0000 0.0000 0.0000 0.0000 0.0000 0.0000 0.0000 0.0000 0.0000 0.0000 
S2 = 0.0000 0.0000 0.0000 0.0000 0.0000 0.0000 0.0000 0.0000 0.0000 0.0000 0.0000 0.0000 0.0000 0.0000 0.0000 0.0000 0.0000 0.0000 0.0000 0.0000 0.0000 0.0000 0.0000 0.0000 0.0000 0.0000 2.6338 
u = 9.5279 9.5139 9.5139 9.5139 9.5139 9.5139 9.5139 9.5139 9.5056 9.5056 9.5056 9.5056 9.5056 9.5056 9.5056 9.4964 9.4964 9.4964 9.4964 9.4964 9.4964 9.4964 9.4875 9.8833 9.8833 10.3854 9.7868 
v = 26.5013 22.6374 22.6374 22.6374 22.6374 22.6374 22.6374 22.6374 20.4803 20.4803 20.4803 20.4803 20.4803 20.4803 20.4803 18.1273 18.1273 18.1273 18.1273 18.1273 18.1273 18.1273 15.9434 46.0476 46.0476 70.2541 17.3426 
