ExternalI = 5.5000 0.0000 0.0000 0.0000 0.0000 0.0000 0.0000 0.0000 4.0000 4.0000 4.0000 4.0000 4.0000 4.0000 4.0000 0.0000 0.0000 0.0000 0.0000 0.0000 0.0000 0.0000 0.0000 8.0000 8.0000 0.0000 0.0000 
before u = 9.5252 9.5110 9.5110 9.5110 9.5110 9.5110 9.5110 9.5110 9.5027 9.5027 9.5027 9.5027 9.5027 9.5027 9.5027 9.4933 9.4933 9.4933 9.4933 9.4933 9.4933 9.4933 9.4843 9.8831 9.8831 10.3862 9.7855 
before v = 26.5407 22.6620 22.6620 22.6620 22.6620 22.6620 22.6620 22.6620 20.4985 20.4985 20.4985 20.4985 20.4985 20.4985 20.4985 18.1399 18.1399 18.1399 18.1399 18.1399 18.1399 18.1399 15.9518 46.2563 46.2563 70.7231 17.3609 
Ibias = 9.4000 9.4000 9.4000 9.4000 9.4000 9.4000 9.4000 9.4000 2.0000 2.0000 2.0000 2.0000 2.0000 2.0000 2.0000 2.0000 2.0000 2.0000 2.0000 2.0000 2.0000 2.0000 -2.0000 16.0000 16.0000 10.0000 -11.0000 
fa1 = 3.9291 2.4457 2.4457 2.4457 2.4457 2.4457 2.4457 2.4457 1.8093 1.8093 1.8093 1.8093 1.8093 1.8093 1.8093 1.2493 1.2493 1.2493 1.2493 1.2493 1.2493 1.2493 0.8386 20.9338 20.9338 47.5147 1.8112 
fa2 = 3.9132 2.4327 2.4327 2.4327 2.4327 2.4327 2.4327 2.4327 1.7985 1.7985 1.7985 1.7985 1.7985 1.7985 1.7985 1.2411 1.2411 1.2411 1.2411 1.2411 1.2411 1.2411 0.8330 21.0076 21.0076 48.1480 1.7972 
fa3 = 3.9133 2.4327 2.4327 2.4327 2.4327 2.4327 2.4327 2.4327 1.7986 1.7986 1.7986 1.7986 1.7986 1.7986 1.7986 1.2412 1.2412 1.2412 1.2412 1.2412 1.2412 1.2412 0.8330 21.0078 21.0078 48.1565 1.7973 
fa4 = 3.8976 2.4198 2.4198 2.4198 2.4198 2.4198 2.4198 2.4198 1.7878 1.7878 1.7878 1.7878 1.7878 1.7878 1.7878 1.2331 1.2331 1.2331 1.2331 1.2331 1.2331 1.2331 0.8274 21.0828 21.0828 48.8032 1.7835 
fb1 = -0.2748 -0.2898 -0.2898 -0.2898 -0.2898 -0.2898 -0.2898 -0.2898 -0.2981 -0.2981 -0.2981 -0.2981 -0.2981 -0.2981 -0.2981 -0.3072 -0.3072 -0.3072 -0.3072 -0.3072 -0.3072 -0.3072 -0.3156 -0.0126 -0.0126 0.0752 -0.1263 
fb2 = -0.2747 -0.2897 -0.2897 -0.2897 -0.2897 -0.2897 -0.2897 -0.2897 -0.2980 -0.2980 -0.2980 -0.2980 -0.2980 -0.2980 -0.2980 -0.3071 -0.3071 -0.3071 -0.3071 -0.3071 -0.3071 -0.3071 -0.3155 -0.0122 -0.0122 0.0761 -0.1262 
fb3 = -0.2747 -0.2897 -0.2897 -0.2897 -0.2897 -0.2897 -0.2897 -0.2897 -0.2980 -0.2980 -0.2980 -0.2980 -0.2980 -0.2980 -0.2980 -0.3071 -0.3071 -0.3071 -0.3071 -0.3071 -0.3071 -0.3071 -0.3155 -0.0122 -0.0122 0.0761 -0.1262 
fb4 = -0.2746 -0.2896 -0.2896 -0.2896 -0.2896 -0.2896 -0.2896 -0.2896 -0.2979 -0.2979 -0.2979 -0.2979 -0.2979 -0.2979 -0.2979 -0.3070 -0.3070 -0.3070 -0.3070 -0.3070 -0.3070 -0.3070 -0.3154 -0.0118 -0.0118 0.0771 -0.1262 
I = 14.9000 9.4000 9.4000 9.4000 9.4000 9.4000 9.4000 9.4000 6.0000 6.0000 6.0000 6.0000 6.0000 6.0000 6.0000 2.0000 2.0000 2.0000 2.0000 2.0000 2.0000 2.0000 -2.0000 24.0000 24.0000 10.0000 -8.3767 
S1 = 0.0000 0.0000 0.0000 0.0000 0.0000 0.0000 0.0000 0.0000 0.0000 0.0000 0.0000 0.0000 0.0000 0.0000 0.0000 0.0000 0.0000 0.0000 0.0000 0.0000 0.0000 0.0000 0.0000 0.0000 0.0000 0.0000 0.0000 
S2 = 0.0000 0.0000 0.0000 0.0000 0.0000 0.0000 0.0000 0.0000 0.0000 0.0000 0.0000 0.0000 0.0000 0.0000 0.0000 0.0000 0.0000 0.0000 0.0000 0.0000 0.0000 0.0000 0.0000 0.0000 0.0000 0.0000 2.6233 
u = 9.5224 9.5081 9.5081 9.5081 9.5081 9.5081 9.5081 9.5081 9.4997 9.4997 9.4997 9.4997 9.4997 9.4997 9.4997 9.4902 9.4902 9.4902 9.4902 9.4902 9.4902 9.4902 9.4812 9.8830 9.8830 10.3869 9.7843 
v = 26.5799 22.6863 22.6863 22.6863 22.6863 22.6863 22.6863 22.6863 20.5165 20.5165 20.5165 20.5165 20.5165 20.5165 20.5165 18.1523 18.1523 18.1523 18.1523 18.1523 18.1523 18.1523 15.9602 46.4663 46.4663 71.2046 17.3788 
