ExternalI = 5.5000 0.0000 0.0000 0.0000 0.0000 0.0000 0.0000 0.0000 4.0000 4.0000 4.0000 4.0000 4.0000 4.0000 4.0000 0.0000 0.0000 0.0000 0.0000 0.0000 0.0000 0.0000 0.0000 8.0000 8.0000 0.0000 0.0000 
before u = 9.5197 9.5052 9.5052 9.5052 9.5052 9.5052 9.5052 9.5052 9.4967 9.4967 9.4967 9.4967 9.4967 9.4967 9.4967 9.4872 9.4872 9.4872 9.4872 9.4872 9.4872 9.4872 9.4780 9.8829 9.8829 10.3877 9.7830 
before v = 26.6187 22.7104 22.7104 22.7104 22.7104 22.7104 22.7104 22.7104 20.5343 20.5343 20.5343 20.5343 20.5343 20.5343 20.5343 18.1645 18.1645 18.1645 18.1645 18.1645 18.1645 18.1645 15.9684 46.6779 46.6779 71.6993 17.3965 
Ibias = 9.4000 9.4000 9.4000 9.4000 9.4000 9.4000 9.4000 9.4000 2.0000 2.0000 2.0000 2.0000 2.0000 2.0000 2.0000 2.0000 2.0000 2.0000 2.0000 2.0000 2.0000 2.0000 -2.0000 16.0000 16.0000 10.0000 -11.0000 
fa1 = 3.8665 2.3942 2.3942 2.3942 2.3942 2.3942 2.3942 2.3942 1.7667 1.7667 1.7667 1.7667 1.7667 1.7667 1.7667 1.2173 1.2173 1.2173 1.2173 1.2173 1.2173 1.2173 0.8164 21.2365 21.2365 50.1460 1.7459 
fa2 = 3.8510 2.3815 2.3815 2.3815 2.3815 2.3815 2.3815 2.3815 1.7562 1.7562 1.7562 1.7562 1.7562 1.7562 1.7562 1.2094 1.2094 1.2094 1.2094 1.2094 1.2094 1.2094 0.8110 21.3150 21.3150 50.8341 1.7325 
fa3 = 3.8511 2.3815 2.3815 2.3815 2.3815 2.3815 2.3815 2.3815 1.7563 1.7563 1.7563 1.7563 1.7563 1.7563 1.7563 1.2094 1.2094 1.2094 1.2094 1.2094 1.2094 1.2094 0.8110 21.3152 21.3152 50.8436 1.7326 
fa4 = 3.8357 2.3689 2.3689 2.3689 2.3689 2.3689 2.3689 2.3689 1.7458 1.7458 1.7458 1.7458 1.7458 1.7458 1.7458 1.2016 1.2016 1.2016 1.2016 1.2016 1.2016 1.2016 0.8056 21.3949 21.3949 51.5466 1.7193 
fb1 = -0.2743 -0.2894 -0.2894 -0.2894 -0.2894 -0.2894 -0.2894 -0.2894 -0.2977 -0.2977 -0.2977 -0.2977 -0.2977 -0.2977 -0.2977 -0.3068 -0.3068 -0.3068 -0.3068 -0.3068 -0.3068 -0.3068 -0.3152 -0.0109 -0.0109 0.0790 -0.1261 
fb2 = -0.2742 -0.2893 -0.2893 -0.2893 -0.2893 -0.2893 -0.2893 -0.2893 -0.2976 -0.2976 -0.2976 -0.2976 -0.2976 -0.2976 -0.2976 -0.3067 -0.3067 -0.3067 -0.3067 -0.3067 -0.3067 -0.3067 -0.3152 -0.0105 -0.0105 0.0800 -0.1260 
fb3 = -0.2742 -0.2893 -0.2893 -0.2893 -0.2893 -0.2893 -0.2893 -0.2893 -0.2976 -0.2976 -0.2976 -0.2976 -0.2976 -0.2976 -0.2976 -0.3067 -0.3067 -0.3067 -0.3067 -0.3067 -0.3067 -0.3067 -0.3152 -0.0105 -0.0105 0.0801 -0.1260 
fb4 = -0.2740 -0.2892 -0.2892 -0.2892 -0.2892 -0.2892 -0.2892 -0.2892 -0.2975 -0.2975 -0.2975 -0.2975 -0.2975 -0.2975 -0.2975 -0.3067 -0.3067 -0.3067 -0.3067 -0.3067 -0.3067 -0.3067 -0.3151 -0.0101 -0.0101 0.0811 -0.1260 
I = 14.9000 9.4000 9.4000 9.4000 9.4000 9.4000 9.4000 9.4000 6.0000 6.0000 6.0000 6.0000 6.0000 6.0000 6.0000 2.0000 2.0000 2.0000 2.0000 2.0000 2.0000 2.0000 -2.0000 24.0000 24.0000 10.0000 -8.3872 
S1 = 0.0000 0.0000 0.0000 0.0000 0.0000 0.0000 0.0000 0.0000 0.0000 0.0000 0.0000 0.0000 0.0000 0.0000 0.0000 0.0000 0.0000 0.0000 0.0000 0.0000 0.0000 0.0000 0.0000 0.0000 0.0000 0.0000 0.0000 
S2 = 0.0000 0.0000 0.0000 0.0000 0.0000 0.0000 0.0000 0.0000 0.0000 0.0000 0.0000 0.0000 0.0000 0.0000 0.0000 0.0000 0.0000 0.0000 0.0000 0.0000 0.0000 0.0000 0.0000 0.0000 0.0000 0.0000 2.6128 
u = 9.5169 9.5023 9.5023 9.5023 9.5023 9.5023 9.5023 9.5023 9.4937 9.4937 9.4937 9.4937 9.4937 9.4937 9.4937 9.4841 9.4841 9.4841 9.4841 9.4841 9.4841 9.4841 9.4749 9.8828 9.8828 10.3885 9.7818 
v = 26.6572 22.7342 22.7342 22.7342 22.7342 22.7342 22.7342 22.7342 20.5519 20.5519 20.5519 20.5519 20.5519 20.5519 20.5519 18.1766 18.1766 18.1766 18.1766 18.1766 18.1766 18.1766 15.9765 46.8911 46.8911 72.2077 17.4138 
