ExternalI = 5.5000 0.0000 0.0000 0.0000 0.0000 0.0000 0.0000 0.0000 4.0000 4.0000 4.0000 4.0000 4.0000 4.0000 4.0000 0.0000 0.0000 0.0000 0.0000 0.0000 0.0000 0.0000 0.0000 8.0000 8.0000 0.0000 0.0000 
before u = 9.5142 9.4994 9.4994 9.4994 9.4994 9.4994 9.4994 9.4994 9.4907 9.4907 9.4907 9.4907 9.4907 9.4907 9.4907 9.4810 9.4810 9.4810 9.4810 9.4810 9.4810 9.4810 9.4717 9.8827 9.8827 10.3893 9.7805 
before v = 26.6954 22.7577 22.7577 22.7577 22.7577 22.7577 22.7577 22.7577 20.5692 20.5692 20.5692 20.5692 20.5692 20.5692 20.5692 18.1886 18.1886 18.1886 18.1886 18.1886 18.1886 18.1886 15.9845 47.1058 47.1058 72.7304 17.4308 
Ibias = 9.4000 9.4000 9.4000 9.4000 9.4000 9.4000 9.4000 9.4000 2.0000 2.0000 2.0000 2.0000 2.0000 2.0000 2.0000 2.0000 2.0000 2.0000 2.0000 2.0000 2.0000 2.0000 -2.0000 16.0000 16.0000 10.0000 -11.0000 
fa1 = 3.8054 2.3440 2.3440 2.3440 2.3440 2.3440 2.3440 2.3440 1.7253 1.7253 1.7253 1.7253 1.7253 1.7253 1.7253 1.1862 1.1862 1.1862 1.1862 1.1862 1.1862 1.1862 0.7950 21.5582 21.5582 53.0080 1.6828 
fa2 = 3.7903 2.3316 2.3316 2.3316 2.3316 2.3316 2.3316 2.3316 1.7151 1.7151 1.7151 1.7151 1.7151 1.7151 1.7151 1.1786 1.1786 1.1786 1.1786 1.1786 1.1786 1.1786 0.7897 21.6416 21.6416 53.7574 1.6699 
fa3 = 3.7904 2.3317 2.3317 2.3317 2.3317 2.3317 2.3317 2.3317 1.7152 1.7152 1.7152 1.7152 1.7152 1.7152 1.7152 1.1787 1.1787 1.1787 1.1787 1.1787 1.1787 1.1787 0.7897 21.6419 21.6419 53.7681 1.6700 
fa4 = 3.7754 2.3194 2.3194 2.3194 2.3194 2.3194 2.3194 2.3194 1.7051 1.7051 1.7051 1.7051 1.7051 1.7051 1.7051 1.1711 1.1711 1.1711 1.1711 1.1711 1.1711 1.1711 0.7845 21.7265 21.7265 54.5342 1.6573 
fb1 = -0.2738 -0.2889 -0.2889 -0.2889 -0.2889 -0.2889 -0.2889 -0.2889 -0.2974 -0.2974 -0.2974 -0.2974 -0.2974 -0.2974 -0.2974 -0.3065 -0.3065 -0.3065 -0.3065 -0.3065 -0.3065 -0.3065 -0.3149 -0.0092 -0.0092 0.0831 -0.1259 
fb2 = -0.2737 -0.2888 -0.2888 -0.2888 -0.2888 -0.2888 -0.2888 -0.2888 -0.2973 -0.2973 -0.2973 -0.2973 -0.2973 -0.2973 -0.2973 -0.3064 -0.3064 -0.3064 -0.3064 -0.3064 -0.3064 -0.3064 -0.3149 -0.0088 -0.0088 0.0842 -0.1258 
fb3 = -0.2737 -0.2888 -0.2888 -0.2888 -0.2888 -0.2888 -0.2888 -0.2888 -0.2973 -0.2973 -0.2973 -0.2973 -0.2973 -0.2973 -0.2973 -0.3064 -0.3064 -0.3064 -0.3064 -0.3064 -0.3064 -0.3064 -0.3149 -0.0088 -0.0088 0.0842 -0.1258 
fb4 = -0.2735 -0.2887 -0.2887 -0.2887 -0.2887 -0.2887 -0.2887 -0.2887 -0.2972 -0.2972 -0.2972 -0.2972 -0.2972 -0.2972 -0.2972 -0.3063 -0.3063 -0.3063 -0.3063 -0.3063 -0.3063 -0.3063 -0.3148 -0.0084 -0.0084 0.0853 -0.1258 
I = 14.9000 9.4000 9.4000 9.4000 9.4000 9.4000 9.4000 9.4000 6.0000 6.0000 6.0000 6.0000 6.0000 6.0000 6.0000 2.0000 2.0000 2.0000 2.0000 2.0000 2.0000 2.0000 -2.0000 24.0000 24.0000 10.0000 -8.3976 
S1 = 0.0000 0.0000 0.0000 0.0000 0.0000 0.0000 0.0000 0.0000 0.0000 0.0000 0.0000 0.0000 0.0000 0.0000 0.0000 0.0000 0.0000 0.0000 0.0000 0.0000 0.0000 0.0000 0.0000 0.0000 0.0000 0.0000 0.0000 
S2 = 0.0000 0.0000 0.0000 0.0000 0.0000 0.0000 0.0000 0.0000 0.0000 0.0000 0.0000 0.0000 0.0000 0.0000 0.0000 0.0000 0.0000 0.0000 0.0000 0.0000 0.0000 0.0000 0.0000 0.0000 0.0000 0.0000 2.6024 
u = 9.5114 9.4965 9.4965 9.4965 9.4965 9.4965 9.4965 9.4965 9.4878 9.4878 9.4878 9.4878 9.4878 9.4878 9.4878 9.4780 9.4780 9.4780 9.4780 9.4780 9.4780 9.4780 9.4686 9.8826 9.8826 10.3902 9.7792 
v = 26.7333 22.7811 22.7811 22.7811 22.7811 22.7811 22.7811 22.7811 20.5864 20.5864 20.5864 20.5864 20.5864 20.5864 20.5864 18.2004 18.2004 18.2004 18.2004 18.2004 18.2004 18.2004 15.9924 47.3223 47.3223 73.2681 17.4475 
