ExternalI = 5.5000 0.0000 0.0000 0.0000 0.0000 0.0000 0.0000 0.0000 4.0000 4.0000 4.0000 4.0000 4.0000 4.0000 4.0000 0.0000 0.0000 0.0000 0.0000 0.0000 0.0000 0.0000 0.0000 8.0000 8.0000 0.0000 0.0000 
before u = 9.5114 9.4965 9.4965 9.4965 9.4965 9.4965 9.4965 9.4965 9.4878 9.4878 9.4878 9.4878 9.4878 9.4878 9.4878 9.4780 9.4780 9.4780 9.4780 9.4780 9.4780 9.4780 9.4686 9.8826 9.8826 10.3902 9.7792 
before v = 26.7333 22.7811 22.7811 22.7811 22.7811 22.7811 22.7811 22.7811 20.5864 20.5864 20.5864 20.5864 20.5864 20.5864 20.5864 18.2004 18.2004 18.2004 18.2004 18.2004 18.2004 18.2004 15.9924 47.3223 47.3223 73.2681 17.4475 
Ibias = 9.4000 9.4000 9.4000 9.4000 9.4000 9.4000 9.4000 9.4000 2.0000 2.0000 2.0000 2.0000 2.0000 2.0000 2.0000 2.0000 2.0000 2.0000 2.0000 2.0000 2.0000 2.0000 -2.0000 16.0000 16.0000 10.0000 -11.0000 
fa1 = 3.7754 2.3194 2.3194 2.3194 2.3194 2.3194 2.3194 2.3194 1.7051 1.7051 1.7051 1.7051 1.7051 1.7051 1.7051 1.1711 1.1711 1.1711 1.1711 1.1711 1.1711 1.1711 0.7845 21.7265 21.7265 54.5341 1.6521 
fa2 = 3.7605 2.3072 2.3072 2.3072 2.3072 2.3072 2.3072 2.3072 1.6950 1.6950 1.6950 1.6950 1.6950 1.6950 1.6950 1.1636 1.1636 1.1636 1.1636 1.1636 1.1636 1.1636 0.7794 21.8124 21.8124 55.3169 1.6394 
fa3 = 3.7606 2.3073 2.3073 2.3073 2.3073 2.3073 2.3073 2.3073 1.6951 1.6951 1.6951 1.6951 1.6951 1.6951 1.6951 1.1636 1.1636 1.1636 1.1636 1.1636 1.1636 1.1636 0.7794 21.8127 21.8127 55.3282 1.6395 
fa4 = 3.7458 2.2951 2.2951 2.2951 2.2951 2.2951 2.2951 2.2951 1.6851 1.6851 1.6851 1.6851 1.6851 1.6851 1.6851 1.1562 1.1562 1.1562 1.1562 1.1562 1.1562 1.1562 0.7743 21.8999 21.8999 56.1287 1.6270 
fb1 = -0.2735 -0.2887 -0.2887 -0.2887 -0.2887 -0.2887 -0.2887 -0.2887 -0.2972 -0.2972 -0.2972 -0.2972 -0.2972 -0.2972 -0.2972 -0.3063 -0.3063 -0.3063 -0.3063 -0.3063 -0.3063 -0.3063 -0.3148 -0.0084 -0.0084 0.0853 -0.1258 
fb2 = -0.2734 -0.2886 -0.2886 -0.2886 -0.2886 -0.2886 -0.2886 -0.2886 -0.2971 -0.2971 -0.2971 -0.2971 -0.2971 -0.2971 -0.2971 -0.3062 -0.3062 -0.3062 -0.3062 -0.3062 -0.3062 -0.3062 -0.3147 -0.0079 -0.0079 0.0864 -0.1257 
fb3 = -0.2734 -0.2886 -0.2886 -0.2886 -0.2886 -0.2886 -0.2886 -0.2886 -0.2971 -0.2971 -0.2971 -0.2971 -0.2971 -0.2971 -0.2971 -0.3062 -0.3062 -0.3062 -0.3062 -0.3062 -0.3062 -0.3062 -0.3147 -0.0079 -0.0079 0.0864 -0.1257 
fb4 = -0.2733 -0.2885 -0.2885 -0.2885 -0.2885 -0.2885 -0.2885 -0.2885 -0.2970 -0.2970 -0.2970 -0.2970 -0.2970 -0.2970 -0.2970 -0.3061 -0.3061 -0.3061 -0.3061 -0.3061 -0.3061 -0.3061 -0.3146 -0.0075 -0.0075 0.0875 -0.1257 
I = 14.9000 9.4000 9.4000 9.4000 9.4000 9.4000 9.4000 9.4000 6.0000 6.0000 6.0000 6.0000 6.0000 6.0000 6.0000 2.0000 2.0000 2.0000 2.0000 2.0000 2.0000 2.0000 -2.0000 24.0000 24.0000 10.0000 -8.4028 
S1 = 0.0000 0.0000 0.0000 0.0000 0.0000 0.0000 0.0000 0.0000 0.0000 0.0000 0.0000 0.0000 0.0000 0.0000 0.0000 0.0000 0.0000 0.0000 0.0000 0.0000 0.0000 0.0000 0.0000 0.0000 0.0000 0.0000 0.0000 
S2 = 0.0000 0.0000 0.0000 0.0000 0.0000 0.0000 0.0000 0.0000 0.0000 0.0000 0.0000 0.0000 0.0000 0.0000 0.0000 0.0000 0.0000 0.0000 0.0000 0.0000 0.0000 0.0000 0.0000 0.0000 0.0000 0.0000 2.5972 
u = 9.5087 9.4936 9.4936 9.4936 9.4936 9.4936 9.4936 9.4936 9.4848 9.4848 9.4848 9.4848 9.4848 9.4848 9.4848 9.4749 9.4749 9.4749 9.4749 9.4749 9.4749 9.4749 9.4654 9.8825 9.8825 10.3910 9.7780 
v = 26.7709 22.8041 22.8041 22.8041 22.8041 22.8041 22.8041 22.8041 20.6033 20.6033 20.6033 20.6033 20.6033 20.6033 20.6033 18.2120 18.2120 18.2120 18.2120 18.2120 18.2120 18.2120 16.0002 47.5404 47.5404 73.8214 17.4639 
