ExternalI = 5.5000 0.0000 0.0000 0.0000 0.0000 0.0000 0.0000 0.0000 4.0000 4.0000 4.0000 4.0000 4.0000 4.0000 4.0000 0.0000 0.0000 0.0000 0.0000 0.0000 0.0000 0.0000 0.0000 8.0000 8.0000 0.0000 0.0000 
before u = 9.5087 9.4936 9.4936 9.4936 9.4936 9.4936 9.4936 9.4936 9.4848 9.4848 9.4848 9.4848 9.4848 9.4848 9.4848 9.4749 9.4749 9.4749 9.4749 9.4749 9.4749 9.4749 9.4654 9.8825 9.8825 10.3910 9.7780 
before v = 26.7709 22.8041 22.8041 22.8041 22.8041 22.8041 22.8041 22.8041 20.6033 20.6033 20.6033 20.6033 20.6033 20.6033 20.6033 18.2120 18.2120 18.2120 18.2120 18.2120 18.2120 18.2120 16.0002 47.5404 47.5404 73.8214 17.4639 
Ibias = 9.4000 9.4000 9.4000 9.4000 9.4000 9.4000 9.4000 9.4000 2.0000 2.0000 2.0000 2.0000 2.0000 2.0000 2.0000 2.0000 2.0000 2.0000 2.0000 2.0000 2.0000 2.0000 -2.0000 16.0000 16.0000 10.0000 -11.0000 
fa1 = 3.7458 2.2951 2.2951 2.2951 2.2951 2.2951 2.2951 2.2951 1.6851 1.6851 1.6851 1.6851 1.6851 1.6851 1.6851 1.1562 1.1562 1.1562 1.1562 1.1562 1.1562 1.1562 0.7743 21.8999 21.8999 56.1286 1.6218 
fa2 = 3.7311 2.2831 2.2831 2.2831 2.2831 2.2831 2.2831 2.2831 1.6752 1.6752 1.6752 1.6752 1.6752 1.6752 1.6752 1.1488 1.1488 1.1488 1.1488 1.1488 1.1488 1.1488 0.7692 21.9883 21.9883 56.9468 1.6095 
fa3 = 3.7312 2.2832 2.2832 2.2832 2.2832 2.2832 2.2832 2.2832 1.6753 1.6753 1.6753 1.6753 1.6753 1.6753 1.6753 1.1489 1.1489 1.1489 1.1489 1.1489 1.1489 1.1489 0.7692 21.9887 21.9887 56.9588 1.6096 
fa4 = 3.7166 2.2712 2.2712 2.2712 2.2712 2.2712 2.2712 2.2712 1.6654 1.6654 1.6654 1.6654 1.6654 1.6654 1.6654 1.1415 1.1415 1.1415 1.1415 1.1415 1.1415 1.1415 0.7642 22.0785 22.0785 57.7957 1.5973 
fb1 = -0.2733 -0.2885 -0.2885 -0.2885 -0.2885 -0.2885 -0.2885 -0.2885 -0.2970 -0.2970 -0.2970 -0.2970 -0.2970 -0.2970 -0.2970 -0.3061 -0.3061 -0.3061 -0.3061 -0.3061 -0.3061 -0.3061 -0.3146 -0.0075 -0.0075 0.0875 -0.1257 
fb2 = -0.2731 -0.2884 -0.2884 -0.2884 -0.2884 -0.2884 -0.2884 -0.2884 -0.2969 -0.2969 -0.2969 -0.2969 -0.2969 -0.2969 -0.2969 -0.3061 -0.3061 -0.3061 -0.3061 -0.3061 -0.3061 -0.3061 -0.3145 -0.0071 -0.0071 0.0886 -0.1257 
fb3 = -0.2731 -0.2884 -0.2884 -0.2884 -0.2884 -0.2884 -0.2884 -0.2884 -0.2969 -0.2969 -0.2969 -0.2969 -0.2969 -0.2969 -0.2969 -0.3061 -0.3061 -0.3061 -0.3061 -0.3061 -0.3061 -0.3061 -0.3145 -0.0070 -0.0070 0.0886 -0.1257 
fb4 = -0.2730 -0.2883 -0.2883 -0.2883 -0.2883 -0.2883 -0.2883 -0.2883 -0.2968 -0.2968 -0.2968 -0.2968 -0.2968 -0.2968 -0.2968 -0.3060 -0.3060 -0.3060 -0.3060 -0.3060 -0.3060 -0.3060 -0.3145 -0.0066 -0.0066 0.0897 -0.1256 
I = 14.9000 9.4000 9.4000 9.4000 9.4000 9.4000 9.4000 9.4000 6.0000 6.0000 6.0000 6.0000 6.0000 6.0000 6.0000 2.0000 2.0000 2.0000 2.0000 2.0000 2.0000 2.0000 -2.0000 24.0000 24.0000 10.0000 -8.4080 
S1 = 0.0000 0.0000 0.0000 0.0000 0.0000 0.0000 0.0000 0.0000 0.0000 0.0000 0.0000 0.0000 0.0000 0.0000 0.0000 0.0000 0.0000 0.0000 0.0000 0.0000 0.0000 0.0000 0.0000 0.0000 0.0000 0.0000 0.0000 
S2 = 0.0000 0.0000 0.0000 0.0000 0.0000 0.0000 0.0000 0.0000 0.0000 0.0000 0.0000 0.0000 0.0000 0.0000 0.0000 0.0000 0.0000 0.0000 0.0000 0.0000 0.0000 0.0000 0.0000 0.0000 0.0000 0.0000 2.5920 
u = 9.5060 9.4907 9.4907 9.4907 9.4907 9.4907 9.4907 9.4907 9.4818 9.4818 9.4818 9.4818 9.4818 9.4818 9.4818 9.4718 9.4718 9.4718 9.4718 9.4718 9.4718 9.4718 9.4623 9.8824 9.8824 10.3919 9.7767 
v = 26.8082 22.8270 22.8270 22.8270 22.8270 22.8270 22.8270 22.8270 20.6201 20.6201 20.6201 20.6201 20.6201 20.6201 20.6201 18.2235 18.2235 18.2235 18.2235 18.2235 18.2235 18.2235 16.0079 47.7603 47.7603 74.3909 17.4800 
