ExternalI = 5.5000 0.0000 0.0000 0.0000 0.0000 0.0000 0.0000 0.0000 4.0000 4.0000 4.0000 4.0000 4.0000 4.0000 4.0000 0.0000 0.0000 0.0000 0.0000 0.0000 0.0000 0.0000 0.0000 8.0000 8.0000 0.0000 0.0000 
before u = 9.5060 9.4907 9.4907 9.4907 9.4907 9.4907 9.4907 9.4907 9.4818 9.4818 9.4818 9.4818 9.4818 9.4818 9.4818 9.4718 9.4718 9.4718 9.4718 9.4718 9.4718 9.4718 9.4623 9.8824 9.8824 10.3919 9.7767 
before v = 26.8082 22.8270 22.8270 22.8270 22.8270 22.8270 22.8270 22.8270 20.6201 20.6201 20.6201 20.6201 20.6201 20.6201 20.6201 18.2235 18.2235 18.2235 18.2235 18.2235 18.2235 18.2235 16.0079 47.7603 47.7603 74.3909 17.4800 
Ibias = 9.4000 9.4000 9.4000 9.4000 9.4000 9.4000 9.4000 9.4000 2.0000 2.0000 2.0000 2.0000 2.0000 2.0000 2.0000 2.0000 2.0000 2.0000 2.0000 2.0000 2.0000 2.0000 -2.0000 16.0000 16.0000 10.0000 -11.0000 
fa1 = 3.7166 2.2712 2.2712 2.2712 2.2712 2.2712 2.2712 2.2712 1.6654 1.6654 1.6654 1.6654 1.6654 1.6654 1.6654 1.1415 1.1415 1.1415 1.1415 1.1415 1.1415 1.1415 0.7642 22.0785 22.0785 57.7957 1.5921 
fa2 = 3.7021 2.2593 2.2593 2.2593 2.2593 2.2593 2.2593 2.2593 1.6557 1.6557 1.6557 1.6557 1.6557 1.6557 1.6557 1.1343 1.1343 1.1343 1.1343 1.1343 1.1343 1.1343 0.7592 22.1696 22.1696 58.6514 1.5800 
fa3 = 3.7021 2.2594 2.2594 2.2594 2.2594 2.2594 2.2594 2.2594 1.6557 1.6557 1.6557 1.6557 1.6557 1.6557 1.6557 1.1343 1.1343 1.1343 1.1343 1.1343 1.1343 1.1343 0.7592 22.1700 22.1700 58.6641 1.5801 
fa4 = 3.6877 2.2476 2.2476 2.2476 2.2476 2.2476 2.2476 2.2476 1.6461 1.6461 1.6461 1.6461 1.6461 1.6461 1.6461 1.1271 1.1271 1.1271 1.1271 1.1271 1.1271 1.1271 0.7543 22.2625 22.2625 59.5399 1.5681 
fb1 = -0.2730 -0.2883 -0.2883 -0.2883 -0.2883 -0.2883 -0.2883 -0.2883 -0.2968 -0.2968 -0.2968 -0.2968 -0.2968 -0.2968 -0.2968 -0.3060 -0.3060 -0.3060 -0.3060 -0.3060 -0.3060 -0.3060 -0.3145 -0.0066 -0.0066 0.0897 -0.1256 
fb2 = -0.2729 -0.2882 -0.2882 -0.2882 -0.2882 -0.2882 -0.2882 -0.2882 -0.2967 -0.2967 -0.2967 -0.2967 -0.2967 -0.2967 -0.2967 -0.3059 -0.3059 -0.3059 -0.3059 -0.3059 -0.3059 -0.3059 -0.3144 -0.0062 -0.0062 0.0909 -0.1256 
fb3 = -0.2729 -0.2882 -0.2882 -0.2882 -0.2882 -0.2882 -0.2882 -0.2882 -0.2967 -0.2967 -0.2967 -0.2967 -0.2967 -0.2967 -0.2967 -0.3059 -0.3059 -0.3059 -0.3059 -0.3059 -0.3059 -0.3059 -0.3144 -0.0062 -0.0062 0.0909 -0.1256 
fb4 = -0.2727 -0.2881 -0.2881 -0.2881 -0.2881 -0.2881 -0.2881 -0.2881 -0.2966 -0.2966 -0.2966 -0.2966 -0.2966 -0.2966 -0.2966 -0.3058 -0.3058 -0.3058 -0.3058 -0.3058 -0.3058 -0.3058 -0.3143 -0.0057 -0.0057 0.0921 -0.1255 
I = 14.9000 9.4000 9.4000 9.4000 9.4000 9.4000 9.4000 9.4000 6.0000 6.0000 6.0000 6.0000 6.0000 6.0000 6.0000 2.0000 2.0000 2.0000 2.0000 2.0000 2.0000 2.0000 -2.0000 24.0000 24.0000 10.0000 -8.4132 
S1 = 0.0000 0.0000 0.0000 0.0000 0.0000 0.0000 0.0000 0.0000 0.0000 0.0000 0.0000 0.0000 0.0000 0.0000 0.0000 0.0000 0.0000 0.0000 0.0000 0.0000 0.0000 0.0000 0.0000 0.0000 0.0000 0.0000 0.0000 
S2 = 0.0000 0.0000 0.0000 0.0000 0.0000 0.0000 0.0000 0.0000 0.0000 0.0000 0.0000 0.0000 0.0000 0.0000 0.0000 0.0000 0.0000 0.0000 0.0000 0.0000 0.0000 0.0000 0.0000 0.0000 0.0000 0.0000 2.5868 
u = 9.5033 9.4878 9.4878 9.4878 9.4878 9.4878 9.4878 9.4878 9.4789 9.4789 9.4789 9.4789 9.4789 9.4789 9.4789 9.4688 9.4688 9.4688 9.4688 9.4688 9.4688 9.4688 9.4591 9.8824 9.8824 10.3928 9.7755 
v = 26.8452 22.8496 22.8496 22.8496 22.8496 22.8496 22.8496 22.8496 20.6366 20.6366 20.6366 20.6366 20.6366 20.6366 20.6366 18.2348 18.2348 18.2348 18.2348 18.2348 18.2348 18.2348 16.0155 47.9820 47.9820 74.9775 17.4958 
