ExternalI = 5.5000 0.0000 0.0000 0.0000 0.0000 0.0000 0.0000 0.0000 4.0000 4.0000 4.0000 4.0000 4.0000 4.0000 4.0000 0.0000 0.0000 0.0000 0.0000 0.0000 0.0000 0.0000 0.0000 8.0000 8.0000 0.0000 0.0000 
before u = 9.4978 9.4821 9.4821 9.4821 9.4821 9.4821 9.4821 9.4821 9.4729 9.4729 9.4729 9.4729 9.4729 9.4729 9.4729 9.4627 9.4627 9.4627 9.4627 9.4627 9.4627 9.4627 9.4529 9.8823 9.8823 10.3947 9.7730 
before v = 26.9184 22.8940 22.8940 22.8940 22.8940 22.8940 22.8940 22.8940 20.6692 20.6692 20.6692 20.6692 20.6692 20.6692 20.6692 18.2571 18.2571 18.2571 18.2571 18.2571 18.2571 18.2571 16.0304 48.4310 48.4310 76.2051 17.5265 
Ibias = 9.4000 9.4000 9.4000 9.4000 9.4000 9.4000 9.4000 9.4000 2.0000 2.0000 2.0000 2.0000 2.0000 2.0000 2.0000 2.0000 2.0000 2.0000 2.0000 2.0000 2.0000 2.0000 -2.0000 16.0000 16.0000 10.0000 -11.0000 
fa1 = 3.6310 2.2013 2.2013 2.2013 2.2013 2.2013 2.2013 2.2013 1.6081 1.6081 1.6081 1.6081 1.6081 1.6081 1.6081 1.0989 1.0989 1.0989 1.0989 1.0989 1.0989 1.0989 0.7350 22.6472 22.6472 63.2788 1.5059 
fa2 = 3.6170 2.1899 2.1899 2.1899 2.1899 2.1899 2.1899 2.1899 1.5988 1.5988 1.5988 1.5988 1.5988 1.5988 1.5988 1.0920 1.0920 1.0920 1.0920 1.0920 1.0920 1.0920 0.7302 22.7468 22.7468 64.2620 1.4945 
fa3 = 3.6170 2.1899 2.1899 2.1899 2.1899 2.1899 2.1899 2.1899 1.5988 1.5988 1.5988 1.5988 1.5988 1.5988 1.5988 1.0921 1.0921 1.0921 1.0921 1.0921 1.0921 1.0921 0.7303 22.7472 22.7472 64.2773 1.4946 
fa4 = 3.6031 2.1786 2.1786 2.1786 2.1786 2.1786 2.1786 2.1786 1.5896 1.5896 1.5896 1.5896 1.5896 1.5896 1.5896 1.0852 1.0852 1.0852 1.0852 1.0852 1.0852 1.0852 0.7256 22.8482 22.8482 65.2846 1.4833 
fb1 = -0.2722 -0.2877 -0.2877 -0.2877 -0.2877 -0.2877 -0.2877 -0.2877 -0.2962 -0.2962 -0.2962 -0.2962 -0.2962 -0.2962 -0.2962 -0.3055 -0.3055 -0.3055 -0.3055 -0.3055 -0.3055 -0.3055 -0.3140 -0.0039 -0.0039 0.0969 -0.1254 
fb2 = -0.2721 -0.2876 -0.2876 -0.2876 -0.2876 -0.2876 -0.2876 -0.2876 -0.2961 -0.2961 -0.2961 -0.2961 -0.2961 -0.2961 -0.2961 -0.3054 -0.3054 -0.3054 -0.3054 -0.3054 -0.3054 -0.3054 -0.3139 -0.0035 -0.0035 0.0982 -0.1253 
fb3 = -0.2721 -0.2876 -0.2876 -0.2876 -0.2876 -0.2876 -0.2876 -0.2876 -0.2961 -0.2961 -0.2961 -0.2961 -0.2961 -0.2961 -0.2961 -0.3054 -0.3054 -0.3054 -0.3054 -0.3054 -0.3054 -0.3054 -0.3139 -0.0035 -0.0035 0.0982 -0.1253 
fb4 = -0.2720 -0.2875 -0.2875 -0.2875 -0.2875 -0.2875 -0.2875 -0.2875 -0.2961 -0.2961 -0.2961 -0.2961 -0.2961 -0.2961 -0.2961 -0.3053 -0.3053 -0.3053 -0.3053 -0.3053 -0.3053 -0.3053 -0.3138 -0.0030 -0.0030 0.0995 -0.1253 
I = 14.9000 9.4000 9.4000 9.4000 9.4000 9.4000 9.4000 9.4000 6.0000 6.0000 6.0000 6.0000 6.0000 6.0000 6.0000 2.0000 2.0000 2.0000 2.0000 2.0000 2.0000 2.0000 -2.0000 24.0000 24.0000 10.0000 -8.4287 
S1 = 0.0000 0.0000 0.0000 0.0000 0.0000 0.0000 0.0000 0.0000 0.0000 0.0000 0.0000 0.0000 0.0000 0.0000 0.0000 0.0000 0.0000 0.0000 0.0000 0.0000 0.0000 0.0000 0.0000 0.0000 0.0000 0.0000 0.0000 
S2 = 0.0000 0.0000 0.0000 0.0000 0.0000 0.0000 0.0000 0.0000 0.0000 0.0000 0.0000 0.0000 0.0000 0.0000 0.0000 0.0000 0.0000 0.0000 0.0000 0.0000 0.0000 0.0000 0.0000 0.0000 0.0000 0.0000 2.5713 
u = 9.4951 9.4792 9.4792 9.4792 9.4792 9.4792 9.4792 9.4792 9.4700 9.4700 9.4700 9.4700 9.4700 9.4700 9.4700 9.4596 9.4596 9.4596 9.4596 9.4596 9.4596 9.4596 9.4497 9.8823 9.8823 10.3957 9.7717 
v = 26.9546 22.9159 22.9159 22.9159 22.9159 22.9159 22.9159 22.9159 20.6852 20.6852 20.6852 20.6852 20.6852 20.6852 20.6852 18.2680 18.2680 18.2680 18.2680 18.2680 18.2680 18.2680 16.0377 48.6585 48.6585 76.8479 17.5415 
