ExternalI = 5.5000 0.0000 0.0000 0.0000 0.0000 0.0000 0.0000 0.0000 4.0000 4.0000 4.0000 4.0000 4.0000 4.0000 4.0000 0.0000 0.0000 0.0000 0.0000 0.0000 0.0000 0.0000 0.0000 8.0000 8.0000 0.0000 0.0000 
before u = 9.4924 9.4763 9.4763 9.4763 9.4763 9.4763 9.4763 9.4763 9.4670 9.4670 9.4670 9.4670 9.4670 9.4670 9.4670 9.4566 9.4566 9.4566 9.4566 9.4566 9.4566 9.4566 9.4466 9.8822 9.8822 10.3967 9.7704 
before v = 26.9905 22.9376 22.9376 22.9376 22.9376 22.9376 22.9376 22.9376 20.7010 20.7010 20.7010 20.7010 20.7010 20.7010 20.7010 18.2788 18.2788 18.2788 18.2788 18.2788 18.2788 18.2788 16.0449 48.8880 48.8880 77.5111 17.5562 
Ibias = 9.4000 9.4000 9.4000 9.4000 9.4000 9.4000 9.4000 9.4000 2.0000 2.0000 2.0000 2.0000 2.0000 2.0000 2.0000 2.0000 2.0000 2.0000 2.0000 2.0000 2.0000 2.0000 -2.0000 16.0000 16.0000 10.0000 -11.0000 
fa1 = 3.5756 2.1562 2.1562 2.1562 2.1562 2.1562 2.1562 2.1562 1.5713 1.5713 1.5713 1.5713 1.5713 1.5713 1.5713 1.0716 1.0716 1.0716 1.0716 1.0716 1.0716 1.0716 0.7163 23.0553 23.0553 67.3890 1.4509 
fa2 = 3.5620 2.1451 2.1451 2.1451 2.1451 2.1451 2.1451 2.1451 1.5622 1.5622 1.5622 1.5622 1.5622 1.5622 1.5622 1.0649 1.0649 1.0649 1.0649 1.0649 1.0649 1.0649 0.7118 23.1608 23.1608 68.4715 1.4399 
fa3 = 3.5620 2.1451 2.1451 2.1451 2.1451 2.1451 2.1451 2.1451 1.5623 1.5623 1.5623 1.5623 1.5623 1.5623 1.5623 1.0650 1.0650 1.0650 1.0650 1.0650 1.0650 1.0650 0.7118 23.1613 23.1613 68.4890 1.4400 
fa4 = 3.5484 2.1341 2.1341 2.1341 2.1341 2.1341 2.1341 2.1341 1.5533 1.5533 1.5533 1.5533 1.5533 1.5533 1.5533 1.0583 1.0583 1.0583 1.0583 1.0583 1.0583 1.0583 0.7073 23.2684 23.2684 69.5990 1.4292 
fb1 = -0.2717 -0.2873 -0.2873 -0.2873 -0.2873 -0.2873 -0.2873 -0.2873 -0.2959 -0.2959 -0.2959 -0.2959 -0.2959 -0.2959 -0.2959 -0.3051 -0.3051 -0.3051 -0.3051 -0.3051 -0.3051 -0.3051 -0.3137 -0.0021 -0.0021 0.1021 -0.1252 
fb2 = -0.2716 -0.2872 -0.2872 -0.2872 -0.2872 -0.2872 -0.2872 -0.2872 -0.2958 -0.2958 -0.2958 -0.2958 -0.2958 -0.2958 -0.2958 -0.3051 -0.3051 -0.3051 -0.3051 -0.3051 -0.3051 -0.3051 -0.3136 -0.0016 -0.0016 0.1034 -0.1251 
fb3 = -0.2716 -0.2872 -0.2872 -0.2872 -0.2872 -0.2872 -0.2872 -0.2872 -0.2958 -0.2958 -0.2958 -0.2958 -0.2958 -0.2958 -0.2958 -0.3051 -0.3051 -0.3051 -0.3051 -0.3051 -0.3051 -0.3051 -0.3136 -0.0016 -0.0016 0.1035 -0.1251 
fb4 = -0.2715 -0.2871 -0.2871 -0.2871 -0.2871 -0.2871 -0.2871 -0.2871 -0.2957 -0.2957 -0.2957 -0.2957 -0.2957 -0.2957 -0.2957 -0.3050 -0.3050 -0.3050 -0.3050 -0.3050 -0.3050 -0.3050 -0.3135 -0.0012 -0.0012 0.1048 -0.1251 
I = 14.9000 9.4000 9.4000 9.4000 9.4000 9.4000 9.4000 9.4000 6.0000 6.0000 6.0000 6.0000 6.0000 6.0000 6.0000 2.0000 2.0000 2.0000 2.0000 2.0000 2.0000 2.0000 -2.0000 24.0000 24.0000 10.0000 -8.4389 
S1 = 0.0000 0.0000 0.0000 0.0000 0.0000 0.0000 0.0000 0.0000 0.0000 0.0000 0.0000 0.0000 0.0000 0.0000 0.0000 0.0000 0.0000 0.0000 0.0000 0.0000 0.0000 0.0000 0.0000 0.0000 0.0000 0.0000 0.0000 
S2 = 0.0000 0.0000 0.0000 0.0000 0.0000 0.0000 0.0000 0.0000 0.0000 0.0000 0.0000 0.0000 0.0000 0.0000 0.0000 0.0000 0.0000 0.0000 0.0000 0.0000 0.0000 0.0000 0.0000 0.0000 0.0000 0.0000 2.5611 
u = 9.4897 9.4735 9.4735 9.4735 9.4735 9.4735 9.4735 9.4735 9.4641 9.4641 9.4641 9.4641 9.4641 9.4641 9.4641 9.4535 9.4535 9.4535 9.4535 9.4535 9.4535 9.4535 9.4434 9.8822 9.8822 10.3977 9.7692 
v = 27.0261 22.9591 22.9591 22.9591 22.9591 22.9591 22.9591 22.9591 20.7166 20.7166 20.7166 20.7166 20.7166 20.7166 20.7166 18.2894 18.2894 18.2894 18.2894 18.2894 18.2894 18.2894 16.0520 49.1196 49.1196 78.1960 17.5706 
