ExternalI = 5.5000 0.0000 0.0000 0.0000 0.0000 0.0000 0.0000 0.0000 4.0000 4.0000 4.0000 4.0000 4.0000 4.0000 4.0000 0.0000 0.0000 0.0000 0.0000 0.0000 0.0000 0.0000 0.0000 8.0000 8.0000 0.0000 0.0000 
before u = 9.9439 9.9437 9.9437 9.9437 9.9437 9.9437 9.9437 9.9437 9.9435 9.9435 9.9435 9.9435 9.9435 9.9435 9.9435 9.9433 9.9433 9.9433 9.9433 9.9433 9.9433 9.9433 9.9431 9.9766 9.9766 10.0155 9.9750 
before v = 13.9345 13.1814 13.1814 13.1814 13.1814 13.1814 13.1814 13.1814 12.7171 12.7171 12.7171 12.7171 12.7171 12.7171 12.7171 12.1720 12.1720 12.1720 12.1720 12.1720 12.1720 12.1720 11.6282 16.5662 16.5662 79.3066 11.7617 
Ibias = 9.4000 9.4000 9.4000 9.4000 9.4000 9.4000 9.4000 9.4000 2.0000 2.0000 2.0000 2.0000 2.0000 2.0000 2.0000 2.0000 2.0000 2.0000 2.0000 2.0000 2.0000 2.0000 -2.0000 16.0000 16.0000 10.0000 -11.0000 
fa1 = 20.9194 16.8620 16.8620 16.8620 16.8620 16.8620 16.8620 16.8620 14.3742 14.3742 14.3742 14.3742 14.3742 14.3742 14.3742 11.4670 11.4670 11.4670 11.4670 11.4670 11.4670 11.4670 8.5810 35.3023 35.3023 73.6461 9.2733 
fa2 = 20.7243 16.7000 16.7000 16.7000 16.7000 16.7000 16.7000 16.7000 14.2336 14.2336 14.2336 14.2336 14.2336 14.2336 14.2336 11.3527 11.3527 11.3527 11.3527 11.3527 11.3527 11.3527 8.4940 35.0086 35.0086 74.8825 9.1787 
fa3 = 20.7262 16.7016 16.7016 16.7016 16.7016 16.7016 16.7016 16.7016 14.2350 14.2350 14.2350 14.2350 14.2350 14.2350 14.2350 11.3538 11.3538 11.3538 11.3538 11.3538 11.3538 11.3538 8.4949 35.0110 35.0110 74.9034 9.1797 
fa4 = 20.5338 16.5417 16.5417 16.5417 16.5417 16.5417 16.5417 16.5417 14.0962 14.0962 14.0962 14.0962 14.0962 14.0962 14.0962 11.2409 11.2409 11.2409 11.2409 11.2409 11.2409 11.2409 8.4089 34.7222 34.7222 76.1726 9.0862 
fb1 = -0.3420 -0.3450 -0.3450 -0.3450 -0.3450 -0.3450 -0.3450 -0.3450 -0.3469 -0.3469 -0.3469 -0.3469 -0.3469 -0.3469 -0.3469 -0.3490 -0.3490 -0.3490 -0.3490 -0.3490 -0.3490 -0.3490 -0.3512 -0.1333 -0.1333 0.1169 -0.1525 
fb2 = -0.3415 -0.3446 -0.3446 -0.3446 -0.3446 -0.3446 -0.3446 -0.3446 -0.3465 -0.3465 -0.3465 -0.3465 -0.3465 -0.3465 -0.3465 -0.3487 -0.3487 -0.3487 -0.3487 -0.3487 -0.3487 -0.3487 -0.3510 -0.1325 -0.1325 0.1184 -0.1523 
fb3 = -0.3415 -0.3446 -0.3446 -0.3446 -0.3446 -0.3446 -0.3446 -0.3446 -0.3465 -0.3465 -0.3465 -0.3465 -0.3465 -0.3465 -0.3465 -0.3487 -0.3487 -0.3487 -0.3487 -0.3487 -0.3487 -0.3487 -0.3510 -0.1326 -0.1326 0.1184 -0.1523 
fb4 = -0.3411 -0.3442 -0.3442 -0.3442 -0.3442 -0.3442 -0.3442 -0.3442 -0.3462 -0.3462 -0.3462 -0.3462 -0.3462 -0.3462 -0.3462 -0.3485 -0.3485 -0.3485 -0.3485 -0.3485 -0.3485 -0.3485 -0.3507 -0.1318 -0.1318 0.1199 -0.1521 
I = 14.9000 9.4000 9.4000 9.4000 9.4000 9.4000 9.4000 9.4000 6.0000 6.0000 6.0000 6.0000 6.0000 6.0000 6.0000 2.0000 2.0000 2.0000 2.0000 2.0000 2.0000 2.0000 -2.0000 24.0000 24.0000 10.0000 -11.0000 
S1 = 0.0000 0.0000 0.0000 0.0000 0.0000 0.0000 0.0000 0.0000 0.0000 0.0000 0.0000 0.0000 0.0000 0.0000 0.0000 0.0000 0.0000 0.0000 0.0000 0.0000 0.0000 0.0000 0.0000 0.0000 0.0000 0.0000 0.0000 
S2 = 0.0000 0.0000 0.0000 0.0000 0.0000 0.0000 0.0000 0.0000 0.0000 0.0000 0.0000 0.0000 0.0000 0.0000 0.0000 0.0000 0.0000 0.0000 0.0000 0.0000 0.0000 0.0000 0.0000 0.0000 0.0000 0.0000 0.0000 
u = 9.9405 9.9402 9.9402 9.9402 9.9402 9.9402 9.9402 9.9402 9.9400 9.9400 9.9400 9.9400 9.9400 9.9400 9.9400 9.9398 9.9398 9.9398 9.9398 9.9398 9.9398 9.9398 9.9396 9.9753 9.9753 10.0167 9.9735 
v = 14.1418 13.3485 13.3485 13.3485 13.3485 13.3485 13.3485 13.3485 12.8595 12.8595 12.8595 12.8595 12.8595 12.8595 12.8595 12.2855 12.2855 12.2855 12.2855 12.2855 12.2855 12.2855 11.7131 16.9163 16.9163 80.0556 11.8535 
