ExternalI = 5.5000 0.0000 0.0000 0.0000 0.0000 0.0000 0.0000 0.0000 4.0000 4.0000 4.0000 4.0000 4.0000 4.0000 4.0000 0.0000 0.0000 0.0000 0.0000 0.0000 0.0000 0.0000 0.0000 8.0000 8.0000 0.0000 0.0000 
before u = 9.4869 9.4706 9.4706 9.4706 9.4706 9.4706 9.4706 9.4706 9.4611 9.4611 9.4611 9.4611 9.4611 9.4611 9.4611 9.4505 9.4505 9.4505 9.4505 9.4505 9.4505 9.4505 9.4403 9.8822 9.8822 10.3988 9.7679 
before v = 27.0615 22.9803 22.9803 22.9803 22.9803 22.9803 22.9803 22.9803 20.7320 20.7320 20.7320 20.7320 20.7320 20.7320 20.7320 18.3000 18.3000 18.3000 18.3000 18.3000 18.3000 18.3000 16.0590 49.3534 49.3534 78.9035 17.5847 
Ibias = 9.4000 9.4000 9.4000 9.4000 9.4000 9.4000 9.4000 9.4000 2.0000 2.0000 2.0000 2.0000 2.0000 2.0000 2.0000 2.0000 2.0000 2.0000 2.0000 2.0000 2.0000 2.0000 -2.0000 16.0000 16.0000 10.0000 -11.0000 
fa1 = 3.5216 2.1123 2.1123 2.1123 2.1123 2.1123 2.1123 2.1123 1.5355 1.5355 1.5355 1.5355 1.5355 1.5355 1.5355 1.0452 1.0452 1.0452 1.0452 1.0452 1.0452 1.0452 0.6983 23.4879 23.4879 71.9212 1.3977 
fa2 = 3.5083 2.1014 2.1014 2.1014 2.1014 2.1014 2.1014 2.1014 1.5267 1.5267 1.5267 1.5267 1.5267 1.5267 1.5267 1.0387 1.0387 1.0387 1.0387 1.0387 1.0387 1.0387 0.6939 23.5998 23.5998 73.1169 1.3871 
fa3 = 3.5083 2.1015 2.1015 2.1015 2.1015 2.1015 2.1015 2.1015 1.5267 1.5267 1.5267 1.5267 1.5267 1.5267 1.5267 1.0388 1.0388 1.0388 1.0388 1.0388 1.0388 1.0388 0.6939 23.6004 23.6004 73.1369 1.3872 
fa4 = 3.4951 2.0908 2.0908 2.0908 2.0908 2.0908 2.0908 2.0908 1.5180 1.5180 1.5180 1.5180 1.5180 1.5180 1.5180 1.0323 1.0323 1.0323 1.0323 1.0323 1.0323 1.0323 0.6896 23.7140 23.7140 74.3640 1.3768 
fb1 = -0.2712 -0.2869 -0.2869 -0.2869 -0.2869 -0.2869 -0.2869 -0.2869 -0.2955 -0.2955 -0.2955 -0.2955 -0.2955 -0.2955 -0.2955 -0.3048 -0.3048 -0.3048 -0.3048 -0.3048 -0.3048 -0.3048 -0.3134 -0.0002 -0.0002 0.1076 -0.1250 
fb2 = -0.2711 -0.2868 -0.2868 -0.2868 -0.2868 -0.2868 -0.2868 -0.2868 -0.2954 -0.2954 -0.2954 -0.2954 -0.2954 -0.2954 -0.2954 -0.3047 -0.3047 -0.3047 -0.3047 -0.3047 -0.3047 -0.3047 -0.3133 0.0002 0.0002 0.1091 -0.1250 
fb3 = -0.2711 -0.2868 -0.2868 -0.2868 -0.2868 -0.2868 -0.2868 -0.2868 -0.2954 -0.2954 -0.2954 -0.2954 -0.2954 -0.2954 -0.2954 -0.3047 -0.3047 -0.3047 -0.3047 -0.3047 -0.3047 -0.3047 -0.3133 0.0002 0.0002 0.1091 -0.1250 
fb4 = -0.2710 -0.2867 -0.2867 -0.2867 -0.2867 -0.2867 -0.2867 -0.2867 -0.2953 -0.2953 -0.2953 -0.2953 -0.2953 -0.2953 -0.2953 -0.3047 -0.3047 -0.3047 -0.3047 -0.3047 -0.3047 -0.3047 -0.3132 0.0007 0.0007 0.1105 -0.1249 
I = 14.9000 9.4000 9.4000 9.4000 9.4000 9.4000 9.4000 9.4000 6.0000 6.0000 6.0000 6.0000 6.0000 6.0000 6.0000 2.0000 2.0000 2.0000 2.0000 2.0000 2.0000 2.0000 -2.0000 24.0000 24.0000 10.0000 -8.4492 
S1 = 0.0000 0.0000 0.0000 0.0000 0.0000 0.0000 0.0000 0.0000 0.0000 0.0000 0.0000 0.0000 0.0000 0.0000 0.0000 0.0000 0.0000 0.0000 0.0000 0.0000 0.0000 0.0000 0.0000 0.0000 0.0000 0.0000 0.0000 
S2 = 0.0000 0.0000 0.0000 0.0000 0.0000 0.0000 0.0000 0.0000 0.0000 0.0000 0.0000 0.0000 0.0000 0.0000 0.0000 0.0000 0.0000 0.0000 0.0000 0.0000 0.0000 0.0000 0.0000 0.0000 0.0000 0.0000 2.5508 
u = 9.4842 9.4677 9.4677 9.4677 9.4677 9.4677 9.4677 9.4677 9.4582 9.4582 9.4582 9.4582 9.4582 9.4582 9.4582 9.4474 9.4474 9.4474 9.4474 9.4474 9.4474 9.4474 9.4372 9.8822 9.8822 10.3999 9.7667 
v = 27.0965 23.0013 23.0013 23.0013 23.0013 23.0013 23.0013 23.0013 20.7473 20.7473 20.7473 20.7473 20.7473 20.7473 20.7473 18.3103 18.3103 18.3103 18.3103 18.3103 18.3103 18.3103 16.0660 49.5894 49.5894 79.6348 17.5986 
