ExternalI = 5.5000 0.0000 0.0000 0.0000 0.0000 0.0000 0.0000 0.0000 4.0000 4.0000 4.0000 4.0000 4.0000 4.0000 4.0000 0.0000 0.0000 0.0000 0.0000 0.0000 0.0000 0.0000 0.0000 8.0000 8.0000 0.0000 0.0000 
before u = 9.4842 9.4677 9.4677 9.4677 9.4677 9.4677 9.4677 9.4677 9.4582 9.4582 9.4582 9.4582 9.4582 9.4582 9.4582 9.4474 9.4474 9.4474 9.4474 9.4474 9.4474 9.4474 9.4372 9.8822 9.8822 10.3999 9.7667 
before v = 27.0965 23.0013 23.0013 23.0013 23.0013 23.0013 23.0013 23.0013 20.7473 20.7473 20.7473 20.7473 20.7473 20.7473 20.7473 18.3103 18.3103 18.3103 18.3103 18.3103 18.3103 18.3103 16.0660 49.5894 49.5894 79.6348 17.5986 
Ibias = 9.4000 9.4000 9.4000 9.4000 9.4000 9.4000 9.4000 9.4000 2.0000 2.0000 2.0000 2.0000 2.0000 2.0000 2.0000 2.0000 2.0000 2.0000 2.0000 2.0000 2.0000 2.0000 -2.0000 16.0000 16.0000 10.0000 -11.0000 
fa1 = 3.4951 2.0908 2.0908 2.0908 2.0908 2.0908 2.0908 2.0908 1.5180 1.5180 1.5180 1.5180 1.5180 1.5180 1.5180 1.0323 1.0323 1.0323 1.0323 1.0323 1.0323 1.0323 0.6896 23.7140 23.7140 74.3638 1.3717 
fa2 = 3.4819 2.0801 2.0801 2.0801 2.0801 2.0801 2.0801 2.0801 1.5093 1.5093 1.5093 1.5093 1.5093 1.5093 1.5093 1.0259 1.0259 1.0259 1.0259 1.0259 1.0259 1.0259 0.6852 23.8292 23.8292 75.6221 1.3614 
fa3 = 3.4819 2.0801 2.0801 2.0801 2.0801 2.0801 2.0801 2.0801 1.5093 1.5093 1.5093 1.5093 1.5093 1.5093 1.5093 1.0260 1.0260 1.0260 1.0260 1.0260 1.0260 1.0260 0.6853 23.8297 23.8297 75.6435 1.3615 
fa4 = 3.4688 2.0695 2.0695 2.0695 2.0695 2.0695 2.0695 2.0695 1.5007 1.5007 1.5007 1.5007 1.5007 1.5007 1.5007 1.0196 1.0196 1.0196 1.0196 1.0196 1.0196 1.0196 0.6809 23.9467 23.9467 76.9354 1.3513 
fb1 = -0.2710 -0.2867 -0.2867 -0.2867 -0.2867 -0.2867 -0.2867 -0.2867 -0.2953 -0.2953 -0.2953 -0.2953 -0.2953 -0.2953 -0.2953 -0.3047 -0.3047 -0.3047 -0.3047 -0.3047 -0.3047 -0.3047 -0.3132 0.0007 0.0007 0.1105 -0.1249 
fb2 = -0.2709 -0.2866 -0.2866 -0.2866 -0.2866 -0.2866 -0.2866 -0.2866 -0.2952 -0.2952 -0.2952 -0.2952 -0.2952 -0.2952 -0.2952 -0.3046 -0.3046 -0.3046 -0.3046 -0.3046 -0.3046 -0.3046 -0.3131 0.0012 0.0012 0.1120 -0.1249 
fb3 = -0.2709 -0.2866 -0.2866 -0.2866 -0.2866 -0.2866 -0.2866 -0.2866 -0.2952 -0.2952 -0.2952 -0.2952 -0.2952 -0.2952 -0.2952 -0.3046 -0.3046 -0.3046 -0.3046 -0.3046 -0.3046 -0.3046 -0.3131 0.0012 0.0012 0.1120 -0.1249 
fb4 = -0.2707 -0.2865 -0.2865 -0.2865 -0.2865 -0.2865 -0.2865 -0.2865 -0.2952 -0.2952 -0.2952 -0.2952 -0.2952 -0.2952 -0.2952 -0.3045 -0.3045 -0.3045 -0.3045 -0.3045 -0.3045 -0.3045 -0.3131 0.0017 0.0017 0.1135 -0.1249 
I = 14.9000 9.4000 9.4000 9.4000 9.4000 9.4000 9.4000 9.4000 6.0000 6.0000 6.0000 6.0000 6.0000 6.0000 6.0000 2.0000 2.0000 2.0000 2.0000 2.0000 2.0000 2.0000 -2.0000 24.0000 24.0000 10.0000 -8.4543 
S1 = 0.0000 0.0000 0.0000 0.0000 0.0000 0.0000 0.0000 0.0000 0.0000 0.0000 0.0000 0.0000 0.0000 0.0000 0.0000 0.0000 0.0000 0.0000 0.0000 0.0000 0.0000 0.0000 0.0000 0.0000 0.0000 0.0000 0.0000 
S2 = 0.0000 0.0000 0.0000 0.0000 0.0000 0.0000 0.0000 0.0000 0.0000 0.0000 0.0000 0.0000 0.0000 0.0000 0.0000 0.0000 0.0000 0.0000 0.0000 0.0000 0.0000 0.0000 0.0000 0.0000 0.0000 0.0000 2.5457 
u = 9.4815 9.4649 9.4649 9.4649 9.4649 9.4649 9.4649 9.4649 9.4552 9.4552 9.4552 9.4552 9.4552 9.4552 9.4552 9.4444 9.4444 9.4444 9.4444 9.4444 9.4444 9.4444 9.4340 9.8822 9.8822 10.4010 9.7654 
v = 27.1314 23.0221 23.0221 23.0221 23.0221 23.0221 23.0221 23.0221 20.7624 20.7624 20.7624 20.7624 20.7624 20.7624 20.7624 18.3206 18.3206 18.3206 18.3206 18.3206 18.3206 18.3206 16.0728 49.8277 49.8277 80.3912 17.6122 
