ExternalI = 5.5000 0.0000 0.0000 0.0000 0.0000 0.0000 0.0000 0.0000 4.0000 4.0000 4.0000 4.0000 4.0000 4.0000 4.0000 0.0000 0.0000 0.0000 0.0000 0.0000 0.0000 0.0000 0.0000 8.0000 8.0000 0.0000 0.0000 
before u = 9.4788 9.4620 9.4620 9.4620 9.4620 9.4620 9.4620 9.4620 9.4522 9.4522 9.4522 9.4522 9.4522 9.4522 9.4522 9.4413 9.4413 9.4413 9.4413 9.4413 9.4413 9.4413 9.4309 9.8822 9.8822 10.4022 9.7642 
before v = 27.1659 23.0427 23.0427 23.0427 23.0427 23.0427 23.0427 23.0427 20.7773 20.7773 20.7773 20.7773 20.7773 20.7773 20.7773 18.3307 18.3307 18.3307 18.3307 18.3307 18.3307 18.3307 16.0796 50.0684 50.0684 81.1740 17.6255 
Ibias = 9.4000 9.4000 9.4000 9.4000 9.4000 9.4000 9.4000 9.4000 2.0000 2.0000 2.0000 2.0000 2.0000 2.0000 2.0000 2.0000 2.0000 2.0000 2.0000 2.0000 2.0000 2.0000 -2.0000 16.0000 16.0000 10.0000 -11.0000 
fa1 = 3.4429 2.0485 2.0485 2.0485 2.0485 2.0485 2.0485 2.0485 1.4837 1.4837 1.4837 1.4837 1.4837 1.4837 1.4837 1.0071 1.0071 1.0071 1.0071 1.0071 1.0071 1.0071 0.6725 24.1863 24.1863 79.6445 1.3211 
fa2 = 3.4301 2.0381 2.0381 2.0381 2.0381 2.0381 2.0381 2.0381 1.4752 1.4752 1.4752 1.4752 1.4752 1.4752 1.4752 1.0009 1.0009 1.0009 1.0009 1.0009 1.0009 1.0009 0.6683 24.3085 24.3085 81.0416 1.3112 
fa3 = 3.4301 2.0382 2.0382 2.0382 2.0382 2.0382 2.0382 2.0382 1.4753 1.4753 1.4753 1.4753 1.4753 1.4753 1.4753 1.0010 1.0010 1.0010 1.0010 1.0010 1.0010 1.0010 0.6683 24.3091 24.3091 81.0662 1.3113 
fa4 = 3.4173 2.0278 2.0278 2.0278 2.0278 2.0278 2.0278 2.0278 1.4669 1.4669 1.4669 1.4669 1.4669 1.4669 1.4669 0.9948 0.9948 0.9948 0.9948 0.9948 0.9948 0.9948 0.6642 24.4331 24.4331 82.5020 1.3015 
fb1 = -0.2705 -0.2863 -0.2863 -0.2863 -0.2863 -0.2863 -0.2863 -0.2863 -0.2950 -0.2950 -0.2950 -0.2950 -0.2950 -0.2950 -0.2950 -0.3043 -0.3043 -0.3043 -0.3043 -0.3043 -0.3043 -0.3043 -0.3129 0.0026 0.0026 0.1167 -0.1248 
fb2 = -0.2704 -0.2862 -0.2862 -0.2862 -0.2862 -0.2862 -0.2862 -0.2862 -0.2949 -0.2949 -0.2949 -0.2949 -0.2949 -0.2949 -0.2949 -0.3042 -0.3042 -0.3042 -0.3042 -0.3042 -0.3042 -0.3042 -0.3128 0.0031 0.0031 0.1182 -0.1247 
fb3 = -0.2704 -0.2862 -0.2862 -0.2862 -0.2862 -0.2862 -0.2862 -0.2862 -0.2949 -0.2949 -0.2949 -0.2949 -0.2949 -0.2949 -0.2949 -0.3042 -0.3042 -0.3042 -0.3042 -0.3042 -0.3042 -0.3042 -0.3128 0.0031 0.0031 0.1183 -0.1247 
fb4 = -0.2702 -0.2861 -0.2861 -0.2861 -0.2861 -0.2861 -0.2861 -0.2861 -0.2948 -0.2948 -0.2948 -0.2948 -0.2948 -0.2948 -0.2948 -0.3042 -0.3042 -0.3042 -0.3042 -0.3042 -0.3042 -0.3042 -0.3128 0.0036 0.0036 0.1199 -0.1247 
I = 14.9000 9.4000 9.4000 9.4000 9.4000 9.4000 9.4000 9.4000 6.0000 6.0000 6.0000 6.0000 6.0000 6.0000 6.0000 2.0000 2.0000 2.0000 2.0000 2.0000 2.0000 2.0000 -2.0000 24.0000 24.0000 10.0000 -8.4645 
S1 = 0.0000 0.0000 0.0000 0.0000 0.0000 0.0000 0.0000 0.0000 0.0000 0.0000 0.0000 0.0000 0.0000 0.0000 0.0000 0.0000 0.0000 0.0000 0.0000 0.0000 0.0000 0.0000 0.0000 0.0000 0.0000 0.0000 0.0000 
S2 = 0.0000 0.0000 0.0000 0.0000 0.0000 0.0000 0.0000 0.0000 0.0000 0.0000 0.0000 0.0000 0.0000 0.0000 0.0000 0.0000 0.0000 0.0000 0.0000 0.0000 0.0000 0.0000 0.0000 0.0000 0.0000 0.0000 2.5355 
u = 9.4761 9.4591 9.4591 9.4591 9.4591 9.4591 9.4591 9.4591 9.4493 9.4493 9.4493 9.4493 9.4493 9.4493 9.4493 9.4383 9.4383 9.4383 9.4383 9.4383 9.4383 9.4383 9.4278 9.8823 9.8823 10.4033 9.7630 
v = 27.2002 23.0631 23.0631 23.0631 23.0631 23.0631 23.0631 23.0631 20.7921 20.7921 20.7921 20.7921 20.7921 20.7921 20.7921 18.3407 18.3407 18.3407 18.3407 18.3407 18.3407 18.3407 16.0863 50.3115 50.3115 81.9846 17.6387 
