ExternalI = 5.5000 0.0000 0.0000 0.0000 0.0000 0.0000 0.0000 0.0000 4.0000 4.0000 4.0000 4.0000 4.0000 4.0000 4.0000 0.0000 0.0000 0.0000 0.0000 0.0000 0.0000 0.0000 0.0000 8.0000 8.0000 0.0000 0.0000 
before u = 9.4761 9.4591 9.4591 9.4591 9.4591 9.4591 9.4591 9.4591 9.4493 9.4493 9.4493 9.4493 9.4493 9.4493 9.4493 9.4383 9.4383 9.4383 9.4383 9.4383 9.4383 9.4383 9.4278 9.8823 9.8823 10.4033 9.7630 
before v = 27.2002 23.0631 23.0631 23.0631 23.0631 23.0631 23.0631 23.0631 20.7921 20.7921 20.7921 20.7921 20.7921 20.7921 20.7921 18.3407 18.3407 18.3407 18.3407 18.3407 18.3407 18.3407 16.0863 50.3115 50.3115 81.9846 17.6387 
Ibias = 9.4000 9.4000 9.4000 9.4000 9.4000 9.4000 9.4000 9.4000 2.0000 2.0000 2.0000 2.0000 2.0000 2.0000 2.0000 2.0000 2.0000 2.0000 2.0000 2.0000 2.0000 2.0000 -2.0000 16.0000 16.0000 10.0000 -11.0000 
fa1 = 3.4173 2.0278 2.0278 2.0278 2.0278 2.0278 2.0278 2.0278 1.4669 1.4669 1.4669 1.4669 1.4669 1.4669 1.4669 0.9948 0.9948 0.9948 0.9948 0.9948 0.9948 0.9948 0.6642 24.4331 24.4331 82.5018 1.2964 
fa2 = 3.4046 2.0176 2.0176 2.0176 2.0176 2.0176 2.0176 2.0176 1.4586 1.4586 1.4586 1.4586 1.4586 1.4586 1.4586 0.9887 0.9887 0.9887 0.9887 0.9887 0.9887 0.9887 0.6600 24.5589 24.5589 83.9760 1.2868 
fa3 = 3.4046 2.0176 2.0176 2.0176 2.0176 2.0176 2.0176 2.0176 1.4586 1.4586 1.4586 1.4586 1.4586 1.4586 1.4586 0.9888 0.9888 0.9888 0.9888 0.9888 0.9888 0.9888 0.6601 24.5595 24.5595 84.0025 1.2868 
fa4 = 3.3920 2.0074 2.0074 2.0074 2.0074 2.0074 2.0074 2.0074 1.4504 1.4504 1.4504 1.4504 1.4504 1.4504 1.4504 0.9827 0.9827 0.9827 0.9827 0.9827 0.9827 0.9827 0.6560 24.6872 24.6872 85.5183 1.2773 
fb1 = -0.2702 -0.2861 -0.2861 -0.2861 -0.2861 -0.2861 -0.2861 -0.2861 -0.2948 -0.2948 -0.2948 -0.2948 -0.2948 -0.2948 -0.2948 -0.3042 -0.3042 -0.3042 -0.3042 -0.3042 -0.3042 -0.3042 -0.3128 0.0036 0.0036 0.1199 -0.1247 
fb2 = -0.2701 -0.2860 -0.2860 -0.2860 -0.2860 -0.2860 -0.2860 -0.2860 -0.2947 -0.2947 -0.2947 -0.2947 -0.2947 -0.2947 -0.2947 -0.3041 -0.3041 -0.3041 -0.3041 -0.3041 -0.3041 -0.3041 -0.3127 0.0041 0.0041 0.1215 -0.1247 
fb3 = -0.2701 -0.2860 -0.2860 -0.2860 -0.2860 -0.2860 -0.2860 -0.2860 -0.2947 -0.2947 -0.2947 -0.2947 -0.2947 -0.2947 -0.2947 -0.3041 -0.3041 -0.3041 -0.3041 -0.3041 -0.3041 -0.3041 -0.3127 0.0041 0.0041 0.1215 -0.1247 
fb4 = -0.2700 -0.2859 -0.2859 -0.2859 -0.2859 -0.2859 -0.2859 -0.2859 -0.2946 -0.2946 -0.2946 -0.2946 -0.2946 -0.2946 -0.2946 -0.3040 -0.3040 -0.3040 -0.3040 -0.3040 -0.3040 -0.3040 -0.3126 0.0046 0.0046 0.1232 -0.1246 
I = 14.9000 9.4000 9.4000 9.4000 9.4000 9.4000 9.4000 9.4000 6.0000 6.0000 6.0000 6.0000 6.0000 6.0000 6.0000 2.0000 2.0000 2.0000 2.0000 2.0000 2.0000 2.0000 -2.0000 24.0000 24.0000 10.0000 -8.4695 
S1 = 0.0000 0.0000 0.0000 0.0000 0.0000 0.0000 0.0000 0.0000 0.0000 0.0000 0.0000 0.0000 0.0000 0.0000 0.0000 0.0000 0.0000 0.0000 0.0000 0.0000 0.0000 0.0000 0.0000 0.0000 0.0000 0.0000 0.0000 
S2 = 0.0000 0.0000 0.0000 0.0000 0.0000 0.0000 0.0000 0.0000 0.0000 0.0000 0.0000 0.0000 0.0000 0.0000 0.0000 0.0000 0.0000 0.0000 0.0000 0.0000 0.0000 0.0000 0.0000 0.0000 0.0000 0.0000 2.5305 
u = 9.4734 9.4563 9.4563 9.4563 9.4563 9.4563 9.4563 9.4563 9.4464 9.4464 9.4464 9.4464 9.4464 9.4464 9.4464 9.4352 9.4352 9.4352 9.4352 9.4352 9.4352 9.4352 9.4247 9.8823 9.8823 10.4046 9.7617 
v = 27.2343 23.0833 23.0833 23.0833 23.0833 23.0833 23.0833 23.0833 20.8067 20.8067 20.8067 20.8067 20.8067 20.8067 20.8067 18.3506 18.3506 18.3506 18.3506 18.3506 18.3506 18.3506 16.0929 50.5571 50.5571 82.8245 17.6515 
