ExternalI = 5.5000 0.0000 0.0000 0.0000 0.0000 0.0000 0.0000 0.0000 4.0000 4.0000 4.0000 4.0000 4.0000 4.0000 4.0000 0.0000 0.0000 0.0000 0.0000 0.0000 0.0000 0.0000 0.0000 8.0000 8.0000 0.0000 0.0000 
before u = 9.4707 9.4534 9.4534 9.4534 9.4534 9.4534 9.4534 9.4534 9.4434 9.4434 9.4434 9.4434 9.4434 9.4434 9.4434 9.4322 9.4322 9.4322 9.4322 9.4322 9.4322 9.4322 9.4215 9.8824 9.8824 10.4058 9.7605 
before v = 27.2681 23.1032 23.1032 23.1032 23.1032 23.1032 23.1032 23.1032 20.8211 20.8211 20.8211 20.8211 20.8211 20.8211 20.8211 18.3604 18.3604 18.3604 18.3604 18.3604 18.3604 18.3604 16.0994 50.8052 50.8052 83.6955 17.6641 
Ibias = 9.4000 9.4000 9.4000 9.4000 9.4000 9.4000 9.4000 9.4000 2.0000 2.0000 2.0000 2.0000 2.0000 2.0000 2.0000 2.0000 2.0000 2.0000 2.0000 2.0000 2.0000 2.0000 -2.0000 16.0000 16.0000 10.0000 -11.0000 
fa1 = 3.3670 1.9873 1.9873 1.9873 1.9873 1.9873 1.9873 1.9873 1.4341 1.4341 1.4341 1.4341 1.4341 1.4341 1.4341 0.9708 0.9708 0.9708 0.9708 0.9708 0.9708 0.9708 0.6479 24.9488 24.9488 88.7052 1.2483 
fa2 = 3.3546 1.9772 1.9772 1.9772 1.9772 1.9772 1.9772 1.9772 1.4260 1.4260 1.4260 1.4260 1.4260 1.4260 1.4260 0.9649 0.9649 0.9649 0.9649 0.9649 0.9649 0.9649 0.6440 25.0822 25.0822 90.3516 1.2391 
fa3 = 3.3546 1.9773 1.9773 1.9773 1.9773 1.9773 1.9773 1.9773 1.4260 1.4260 1.4260 1.4260 1.4260 1.4260 1.4260 0.9649 0.9649 0.9649 0.9649 0.9649 0.9649 0.9649 0.6440 25.0829 25.0829 90.3823 1.2391 
fa4 = 3.3423 1.9674 1.9674 1.9674 1.9674 1.9674 1.9674 1.9674 1.4180 1.4180 1.4180 1.4180 1.4180 1.4180 1.4180 0.9590 0.9590 0.9590 0.9590 0.9590 0.9590 0.9590 0.6400 25.2182 25.2182 92.0768 1.2299 
fb1 = -0.2698 -0.2857 -0.2857 -0.2857 -0.2857 -0.2857 -0.2857 -0.2857 -0.2945 -0.2945 -0.2945 -0.2945 -0.2945 -0.2945 -0.2945 -0.3038 -0.3038 -0.3038 -0.3038 -0.3038 -0.3038 -0.3038 -0.3125 0.0056 0.0056 0.1267 -0.1246 
fb2 = -0.2696 -0.2856 -0.2856 -0.2856 -0.2856 -0.2856 -0.2856 -0.2856 -0.2944 -0.2944 -0.2944 -0.2944 -0.2944 -0.2944 -0.2944 -0.3038 -0.3038 -0.3038 -0.3038 -0.3038 -0.3038 -0.3038 -0.3124 0.0061 0.0061 0.1284 -0.1245 
fb3 = -0.2696 -0.2856 -0.2856 -0.2856 -0.2856 -0.2856 -0.2856 -0.2856 -0.2944 -0.2944 -0.2944 -0.2944 -0.2944 -0.2944 -0.2944 -0.3038 -0.3038 -0.3038 -0.3038 -0.3038 -0.3038 -0.3038 -0.3124 0.0061 0.0061 0.1285 -0.1245 
fb4 = -0.2695 -0.2855 -0.2855 -0.2855 -0.2855 -0.2855 -0.2855 -0.2855 -0.2943 -0.2943 -0.2943 -0.2943 -0.2943 -0.2943 -0.2943 -0.3037 -0.3037 -0.3037 -0.3037 -0.3037 -0.3037 -0.3037 -0.3123 0.0066 0.0066 0.1303 -0.1245 
I = 14.9000 9.4000 9.4000 9.4000 9.4000 9.4000 9.4000 9.4000 6.0000 6.0000 6.0000 6.0000 6.0000 6.0000 6.0000 2.0000 2.0000 2.0000 2.0000 2.0000 2.0000 2.0000 -2.0000 24.0000 24.0000 10.0000 -8.4796 
S1 = 0.0000 0.0000 0.0000 0.0000 0.0000 0.0000 0.0000 0.0000 0.0000 0.0000 0.0000 0.0000 0.0000 0.0000 0.0000 0.0000 0.0000 0.0000 0.0000 0.0000 0.0000 0.0000 0.0000 0.0000 0.0000 0.0000 0.0000 
S2 = 0.0000 0.0000 0.0000 0.0000 0.0000 0.0000 0.0000 0.0000 0.0000 0.0000 0.0000 0.0000 0.0000 0.0000 0.0000 0.0000 0.0000 0.0000 0.0000 0.0000 0.0000 0.0000 0.0000 0.0000 0.0000 0.0000 2.5204 
u = 9.4680 9.4506 9.4506 9.4506 9.4506 9.4506 9.4506 9.4506 9.4405 9.4405 9.4405 9.4405 9.4405 9.4405 9.4405 9.4292 9.4292 9.4292 9.4292 9.4292 9.4292 9.4292 9.4184 9.8824 9.8824 10.4071 9.7592 
v = 27.3016 23.1230 23.1230 23.1230 23.1230 23.1230 23.1230 23.1230 20.8353 20.8353 20.8353 20.8353 20.8353 20.8353 20.8353 18.3700 18.3700 18.3700 18.3700 18.3700 18.3700 18.3700 16.1058 51.0561 51.0561 84.5993 17.6765 
