ExternalI = 5.5000 0.0000 0.0000 0.0000 0.0000 0.0000 0.0000 0.0000 4.0000 4.0000 4.0000 4.0000 4.0000 4.0000 4.0000 0.0000 0.0000 0.0000 0.0000 0.0000 0.0000 0.0000 0.0000 8.0000 8.0000 0.0000 0.0000 
before u = 9.4680 9.4506 9.4506 9.4506 9.4506 9.4506 9.4506 9.4506 9.4405 9.4405 9.4405 9.4405 9.4405 9.4405 9.4405 9.4292 9.4292 9.4292 9.4292 9.4292 9.4292 9.4292 9.4184 9.8824 9.8824 10.4071 9.7592 
before v = 27.3016 23.1230 23.1230 23.1230 23.1230 23.1230 23.1230 23.1230 20.8353 20.8353 20.8353 20.8353 20.8353 20.8353 20.8353 18.3700 18.3700 18.3700 18.3700 18.3700 18.3700 18.3700 16.1058 51.0561 51.0561 84.5993 17.6765 
Ibias = 9.4000 9.4000 9.4000 9.4000 9.4000 9.4000 9.4000 9.4000 2.0000 2.0000 2.0000 2.0000 2.0000 2.0000 2.0000 2.0000 2.0000 2.0000 2.0000 2.0000 2.0000 2.0000 -2.0000 16.0000 16.0000 10.0000 -11.0000 
fa1 = 3.3423 1.9674 1.9674 1.9674 1.9674 1.9674 1.9674 1.9674 1.4180 1.4180 1.4180 1.4180 1.4180 1.4180 1.4180 0.9590 0.9590 0.9590 0.9590 0.9590 0.9590 0.9590 0.6400 25.2182 25.2182 92.0765 1.2249 
fa2 = 3.3300 1.9575 1.9575 1.9575 1.9575 1.9575 1.9575 1.9575 1.4100 1.4100 1.4100 1.4100 1.4100 1.4100 1.4100 0.9532 0.9532 0.9532 0.9532 0.9532 0.9532 0.9532 0.6361 25.3556 25.3556 93.8191 1.2158 
fa3 = 3.3301 1.9575 1.9575 1.9575 1.9575 1.9575 1.9575 1.9575 1.4101 1.4101 1.4101 1.4101 1.4101 1.4101 1.4101 0.9533 0.9533 0.9533 0.9533 0.9533 0.9533 0.9533 0.6362 25.3563 25.3563 93.8522 1.2159 
fa4 = 3.3178 1.9477 1.9477 1.9477 1.9477 1.9477 1.9477 1.9477 1.4021 1.4021 1.4021 1.4021 1.4021 1.4021 1.4021 0.9475 0.9475 0.9475 0.9475 0.9475 0.9475 0.9475 0.6323 25.4957 25.4957 95.6467 1.2069 
fb1 = -0.2695 -0.2855 -0.2855 -0.2855 -0.2855 -0.2855 -0.2855 -0.2855 -0.2943 -0.2943 -0.2943 -0.2943 -0.2943 -0.2943 -0.2943 -0.3037 -0.3037 -0.3037 -0.3037 -0.3037 -0.3037 -0.3037 -0.3123 0.0066 0.0066 0.1303 -0.1245 
fb2 = -0.2694 -0.2854 -0.2854 -0.2854 -0.2854 -0.2854 -0.2854 -0.2854 -0.2942 -0.2942 -0.2942 -0.2942 -0.2942 -0.2942 -0.2942 -0.3036 -0.3036 -0.3036 -0.3036 -0.3036 -0.3036 -0.3036 -0.3122 0.0071 0.0071 0.1321 -0.1244 
fb3 = -0.2694 -0.2854 -0.2854 -0.2854 -0.2854 -0.2854 -0.2854 -0.2854 -0.2942 -0.2942 -0.2942 -0.2942 -0.2942 -0.2942 -0.2942 -0.3036 -0.3036 -0.3036 -0.3036 -0.3036 -0.3036 -0.3036 -0.3122 0.0071 0.0071 0.1321 -0.1244 
fb4 = -0.2693 -0.2853 -0.2853 -0.2853 -0.2853 -0.2853 -0.2853 -0.2853 -0.2941 -0.2941 -0.2941 -0.2941 -0.2941 -0.2941 -0.2941 -0.3035 -0.3035 -0.3035 -0.3035 -0.3035 -0.3035 -0.3035 -0.3122 0.0076 0.0076 0.1340 -0.1244 
I = 14.9000 9.4000 9.4000 9.4000 9.4000 9.4000 9.4000 9.4000 6.0000 6.0000 6.0000 6.0000 6.0000 6.0000 6.0000 2.0000 2.0000 2.0000 2.0000 2.0000 2.0000 2.0000 -2.0000 24.0000 24.0000 10.0000 -8.4847 
S1 = 0.0000 0.0000 0.0000 0.0000 0.0000 0.0000 0.0000 0.0000 0.0000 0.0000 0.0000 0.0000 0.0000 0.0000 0.0000 0.0000 0.0000 0.0000 0.0000 0.0000 0.0000 0.0000 0.0000 0.0000 0.0000 0.0000 0.0000 
S2 = 0.0000 0.0000 0.0000 0.0000 0.0000 0.0000 0.0000 0.0000 0.0000 0.0000 0.0000 0.0000 0.0000 0.0000 0.0000 0.0000 0.0000 0.0000 0.0000 0.0000 0.0000 0.0000 0.0000 0.0000 0.0000 0.0000 2.5153 
u = 9.4653 9.4477 9.4477 9.4477 9.4477 9.4477 9.4477 9.4477 9.4375 9.4375 9.4375 9.4375 9.4375 9.4375 9.4375 9.4261 9.4261 9.4261 9.4261 9.4261 9.4261 9.4261 9.4153 9.8825 9.8825 10.4084 9.7580 
v = 27.3349 23.1426 23.1426 23.1426 23.1426 23.1426 23.1426 23.1426 20.8494 20.8494 20.8494 20.8494 20.8494 20.8494 20.8494 18.3796 18.3796 18.3796 18.3796 18.3796 18.3796 18.3796 16.1122 51.3096 51.3096 85.5377 17.6887 
