ExternalI = 5.5000 0.0000 0.0000 0.0000 0.0000 0.0000 0.0000 0.0000 4.0000 4.0000 4.0000 4.0000 4.0000 4.0000 4.0000 0.0000 0.0000 0.0000 0.0000 0.0000 0.0000 0.0000 0.0000 8.0000 8.0000 0.0000 0.0000 
before u = 9.4653 9.4477 9.4477 9.4477 9.4477 9.4477 9.4477 9.4477 9.4375 9.4375 9.4375 9.4375 9.4375 9.4375 9.4375 9.4261 9.4261 9.4261 9.4261 9.4261 9.4261 9.4261 9.4153 9.8825 9.8825 10.4084 9.7580 
before v = 27.3349 23.1426 23.1426 23.1426 23.1426 23.1426 23.1426 23.1426 20.8494 20.8494 20.8494 20.8494 20.8494 20.8494 20.8494 18.3796 18.3796 18.3796 18.3796 18.3796 18.3796 18.3796 16.1122 51.3096 51.3096 85.5377 17.6887 
Ibias = 9.4000 9.4000 9.4000 9.4000 9.4000 9.4000 9.4000 9.4000 2.0000 2.0000 2.0000 2.0000 2.0000 2.0000 2.0000 2.0000 2.0000 2.0000 2.0000 2.0000 2.0000 2.0000 -2.0000 16.0000 16.0000 10.0000 -11.0000 
fa1 = 3.3178 1.9477 1.9477 1.9477 1.9477 1.9477 1.9477 1.9477 1.4021 1.4021 1.4021 1.4021 1.4021 1.4021 1.4021 0.9475 0.9475 0.9475 0.9475 0.9475 0.9475 0.9475 0.6323 25.4957 25.4957 95.6464 1.2018 
fa2 = 3.3057 1.9380 1.9380 1.9380 1.9380 1.9380 1.9380 1.9380 1.3943 1.3943 1.3943 1.3943 1.3943 1.3943 1.3943 0.9418 0.9418 0.9418 0.9418 0.9418 0.9418 0.9418 0.6284 25.6372 25.6372 97.4928 1.1929 
fa3 = 3.3058 1.9380 1.9380 1.9380 1.9380 1.9380 1.9380 1.9380 1.3943 1.3943 1.3943 1.3943 1.3943 1.3943 1.3943 0.9418 0.9418 0.9418 0.9418 0.9418 0.9418 0.9418 0.6285 25.6380 25.6380 97.5286 1.1930 
fa4 = 3.2937 1.9283 1.9283 1.9283 1.9283 1.9283 1.9283 1.9283 1.3865 1.3865 1.3865 1.3865 1.3865 1.3865 1.3865 0.9361 0.9361 0.9361 0.9361 0.9361 0.9361 0.9361 0.6246 25.7815 25.7815 99.4312 1.1842 
fb1 = -0.2693 -0.2853 -0.2853 -0.2853 -0.2853 -0.2853 -0.2853 -0.2853 -0.2941 -0.2941 -0.2941 -0.2941 -0.2941 -0.2941 -0.2941 -0.3035 -0.3035 -0.3035 -0.3035 -0.3035 -0.3035 -0.3035 -0.3122 0.0076 0.0076 0.1340 -0.1244 
fb2 = -0.2692 -0.2852 -0.2852 -0.2852 -0.2852 -0.2852 -0.2852 -0.2852 -0.2940 -0.2940 -0.2940 -0.2940 -0.2940 -0.2940 -0.2940 -0.3034 -0.3034 -0.3034 -0.3034 -0.3034 -0.3034 -0.3034 -0.3121 0.0081 0.0081 0.1359 -0.1244 
fb3 = -0.2692 -0.2852 -0.2852 -0.2852 -0.2852 -0.2852 -0.2852 -0.2852 -0.2940 -0.2940 -0.2940 -0.2940 -0.2940 -0.2940 -0.2940 -0.3034 -0.3034 -0.3034 -0.3034 -0.3034 -0.3034 -0.3034 -0.3121 0.0081 0.0081 0.1359 -0.1244 
fb4 = -0.2690 -0.2851 -0.2851 -0.2851 -0.2851 -0.2851 -0.2851 -0.2851 -0.2939 -0.2939 -0.2939 -0.2939 -0.2939 -0.2939 -0.2939 -0.3034 -0.3034 -0.3034 -0.3034 -0.3034 -0.3034 -0.3034 -0.3120 0.0086 0.0086 0.1379 -0.1243 
I = 14.9000 9.4000 9.4000 9.4000 9.4000 9.4000 9.4000 9.4000 6.0000 6.0000 6.0000 6.0000 6.0000 6.0000 6.0000 2.0000 2.0000 2.0000 2.0000 2.0000 2.0000 2.0000 -2.0000 24.0000 24.0000 10.0000 -8.4897 
S1 = 0.0000 0.0000 0.0000 0.0000 0.0000 0.0000 0.0000 0.0000 0.0000 0.0000 0.0000 0.0000 0.0000 0.0000 0.0000 0.0000 0.0000 0.0000 0.0000 0.0000 0.0000 0.0000 0.0000 0.0000 0.0000 0.0000 0.0000 
S2 = 0.0000 0.0000 0.0000 0.0000 0.0000 0.0000 0.0000 0.0000 0.0000 0.0000 0.0000 0.0000 0.0000 0.0000 0.0000 0.0000 0.0000 0.0000 0.0000 0.0000 0.0000 0.0000 0.0000 0.0000 0.0000 0.0000 2.5103 
u = 9.4626 9.4449 9.4449 9.4449 9.4449 9.4449 9.4449 9.4449 9.4346 9.4346 9.4346 9.4346 9.4346 9.4346 9.4346 9.4231 9.4231 9.4231 9.4231 9.4231 9.4231 9.4231 9.4122 9.8826 9.8826 10.4098 9.7567 
v = 27.3680 23.1620 23.1620 23.1620 23.1620 23.1620 23.1620 23.1620 20.8634 20.8634 20.8634 20.8634 20.8634 20.8634 20.8634 18.3890 18.3890 18.3890 18.3890 18.3890 18.3890 18.3890 16.1185 51.5660 51.5660 86.5129 17.7006 
