ExternalI = 5.5000 0.0000 0.0000 0.0000 0.0000 0.0000 0.0000 0.0000 4.0000 4.0000 4.0000 4.0000 4.0000 4.0000 4.0000 0.0000 0.0000 0.0000 0.0000 0.0000 0.0000 0.0000 0.0000 8.0000 8.0000 0.0000 0.0000 
before u = 9.4626 9.4449 9.4449 9.4449 9.4449 9.4449 9.4449 9.4449 9.4346 9.4346 9.4346 9.4346 9.4346 9.4346 9.4346 9.4231 9.4231 9.4231 9.4231 9.4231 9.4231 9.4231 9.4122 9.8826 9.8826 10.4098 9.7567 
before v = 27.3680 23.1620 23.1620 23.1620 23.1620 23.1620 23.1620 23.1620 20.8634 20.8634 20.8634 20.8634 20.8634 20.8634 20.8634 18.3890 18.3890 18.3890 18.3890 18.3890 18.3890 18.3890 16.1185 51.5660 51.5660 86.5129 17.7006 
Ibias = 9.4000 9.4000 9.4000 9.4000 9.4000 9.4000 9.4000 9.4000 2.0000 2.0000 2.0000 2.0000 2.0000 2.0000 2.0000 2.0000 2.0000 2.0000 2.0000 2.0000 2.0000 2.0000 -2.0000 16.0000 16.0000 10.0000 -11.0000 
fa1 = 3.2937 1.9283 1.9283 1.9283 1.9283 1.9283 1.9283 1.9283 1.3865 1.3865 1.3865 1.3865 1.3865 1.3865 1.3865 0.9361 0.9361 0.9361 0.9361 0.9361 0.9361 0.9361 0.6246 25.7815 25.7815 99.4308 1.1791 
fa2 = 3.2817 1.9187 1.9187 1.9187 1.9187 1.9187 1.9187 1.9187 1.3788 1.3788 1.3788 1.3788 1.3788 1.3788 1.3788 0.9305 0.9305 0.9305 0.9305 0.9305 0.9305 0.9305 0.6209 25.9272 25.9272 101.3894 1.1704 
fa3 = 3.2818 1.9187 1.9187 1.9187 1.9187 1.9187 1.9187 1.9187 1.3788 1.3788 1.3788 1.3788 1.3788 1.3788 1.3788 0.9305 0.9305 0.9305 0.9305 0.9305 0.9305 0.9305 0.6209 25.9280 25.9280 101.4282 1.1705 
fa4 = 3.2698 1.9092 1.9092 1.9092 1.9092 1.9092 1.9092 1.9092 1.3711 1.3711 1.3711 1.3711 1.3711 1.3711 1.3711 0.9249 0.9249 0.9249 0.9249 0.9249 0.9249 0.9249 0.6171 26.0759 26.0759 103.4476 1.1619 
fb1 = -0.2690 -0.2851 -0.2851 -0.2851 -0.2851 -0.2851 -0.2851 -0.2851 -0.2939 -0.2939 -0.2939 -0.2939 -0.2939 -0.2939 -0.2939 -0.3034 -0.3034 -0.3034 -0.3034 -0.3034 -0.3034 -0.3034 -0.3120 0.0086 0.0086 0.1379 -0.1243 
fb2 = -0.2689 -0.2851 -0.2851 -0.2851 -0.2851 -0.2851 -0.2851 -0.2851 -0.2938 -0.2938 -0.2938 -0.2938 -0.2938 -0.2938 -0.2938 -0.3033 -0.3033 -0.3033 -0.3033 -0.3033 -0.3033 -0.3033 -0.3119 0.0091 0.0091 0.1398 -0.1243 
fb3 = -0.2689 -0.2851 -0.2851 -0.2851 -0.2851 -0.2851 -0.2851 -0.2851 -0.2938 -0.2938 -0.2938 -0.2938 -0.2938 -0.2938 -0.2938 -0.3033 -0.3033 -0.3033 -0.3033 -0.3033 -0.3033 -0.3033 -0.3119 0.0091 0.0091 0.1399 -0.1243 
fb4 = -0.2688 -0.2850 -0.2850 -0.2850 -0.2850 -0.2850 -0.2850 -0.2850 -0.2938 -0.2938 -0.2938 -0.2938 -0.2938 -0.2938 -0.2938 -0.3032 -0.3032 -0.3032 -0.3032 -0.3032 -0.3032 -0.3032 -0.3119 0.0096 0.0096 0.1419 -0.1243 
I = 14.9000 9.4000 9.4000 9.4000 9.4000 9.4000 9.4000 9.4000 6.0000 6.0000 6.0000 6.0000 6.0000 6.0000 6.0000 2.0000 2.0000 2.0000 2.0000 2.0000 2.0000 2.0000 -2.0000 24.0000 24.0000 10.0000 -8.4947 
S1 = 0.0000 0.0000 0.0000 0.0000 0.0000 0.0000 0.0000 0.0000 0.0000 0.0000 0.0000 0.0000 0.0000 0.0000 0.0000 0.0000 0.0000 0.0000 0.0000 0.0000 0.0000 0.0000 0.0000 0.0000 0.0000 0.0000 0.0000 
S2 = 0.0000 0.0000 0.0000 0.0000 0.0000 0.0000 0.0000 0.0000 0.0000 0.0000 0.0000 0.0000 0.0000 0.0000 0.0000 0.0000 0.0000 0.0000 0.0000 0.0000 0.0000 0.0000 0.0000 0.0000 0.0000 0.0000 2.5053 
u = 9.4599 9.4420 9.4420 9.4420 9.4420 9.4420 9.4420 9.4420 9.4316 9.4316 9.4316 9.4316 9.4316 9.4316 9.4316 9.4201 9.4201 9.4201 9.4201 9.4201 9.4201 9.4201 9.4090 9.8827 9.8827 10.4112 9.7555 
v = 27.4008 23.1812 23.1812 23.1812 23.1812 23.1812 23.1812 23.1812 20.8772 20.8772 20.8772 20.8772 20.8772 20.8772 20.8772 18.3983 18.3983 18.3983 18.3983 18.3983 18.3983 18.3983 16.1247 51.8253 51.8253 87.5271 17.7123 
