ExternalI = 5.5000 0.0000 0.0000 0.0000 0.0000 0.0000 0.0000 0.0000 4.0000 4.0000 4.0000 4.0000 4.0000 4.0000 4.0000 0.0000 0.0000 0.0000 0.0000 0.0000 0.0000 0.0000 0.0000 8.0000 8.0000 0.0000 0.0000 
before u = 9.4572 9.4392 9.4392 9.4392 9.4392 9.4392 9.4392 9.4392 9.4287 9.4287 9.4287 9.4287 9.4287 9.4287 9.4287 9.4170 9.4170 9.4170 9.4170 9.4170 9.4170 9.4170 9.4059 9.8828 9.8828 10.4126 9.7542 
before v = 27.4334 23.2001 23.2001 23.2001 23.2001 23.2001 23.2001 23.2001 20.8908 20.8908 20.8908 20.8908 20.8908 20.8908 20.8908 18.4075 18.4075 18.4075 18.4075 18.4075 18.4075 18.4075 16.1308 52.0876 52.0876 88.5827 17.7238 
Ibias = 9.4000 9.4000 9.4000 9.4000 9.4000 9.4000 9.4000 9.4000 2.0000 2.0000 2.0000 2.0000 2.0000 2.0000 2.0000 2.0000 2.0000 2.0000 2.0000 2.0000 2.0000 2.0000 -2.0000 16.0000 16.0000 10.0000 -11.0000 
fa1 = 3.2462 1.8903 1.8903 1.8903 1.8903 1.8903 1.8903 1.8903 1.3559 1.3559 1.3559 1.3559 1.3559 1.3559 1.3559 0.9139 0.9139 0.9139 0.9139 0.9139 0.9139 0.9139 0.6098 26.3791 26.3791 107.7150 1.1349 
fa2 = 3.2345 1.8809 1.8809 1.8809 1.8809 1.8809 1.8809 1.8809 1.3484 1.3484 1.3484 1.3484 1.3484 1.3484 1.3484 0.9085 0.9085 0.9085 0.9085 0.9085 0.9085 0.9085 0.6061 26.5337 26.5337 109.9269 1.1266 
fa3 = 3.2346 1.8809 1.8809 1.8809 1.8809 1.8809 1.8809 1.8809 1.3484 1.3484 1.3484 1.3484 1.3484 1.3484 1.3484 0.9085 0.9085 0.9085 0.9085 0.9085 0.9085 0.9085 0.6062 26.5346 26.5346 109.9725 1.1266 
fa4 = 3.2229 1.8716 1.8716 1.8716 1.8716 1.8716 1.8716 1.8716 1.3409 1.3409 1.3409 1.3409 1.3409 1.3409 1.3409 0.9031 0.9031 0.9031 0.9031 0.9031 0.9031 0.9031 0.6025 26.6915 26.6915 112.2561 1.1183 
fb1 = -0.2686 -0.2848 -0.2848 -0.2848 -0.2848 -0.2848 -0.2848 -0.2848 -0.2936 -0.2936 -0.2936 -0.2936 -0.2936 -0.2936 -0.2936 -0.3031 -0.3031 -0.3031 -0.3031 -0.3031 -0.3031 -0.3031 -0.3117 0.0107 0.0107 0.1461 -0.1242 
fb2 = -0.2684 -0.2847 -0.2847 -0.2847 -0.2847 -0.2847 -0.2847 -0.2847 -0.2935 -0.2935 -0.2935 -0.2935 -0.2935 -0.2935 -0.2935 -0.3030 -0.3030 -0.3030 -0.3030 -0.3030 -0.3030 -0.3030 -0.3116 0.0112 0.0112 0.1482 -0.1242 
fb3 = -0.2684 -0.2847 -0.2847 -0.2847 -0.2847 -0.2847 -0.2847 -0.2847 -0.2935 -0.2935 -0.2935 -0.2935 -0.2935 -0.2935 -0.2935 -0.3030 -0.3030 -0.3030 -0.3030 -0.3030 -0.3030 -0.3030 -0.3116 0.0112 0.0112 0.1483 -0.1242 
fb4 = -0.2683 -0.2846 -0.2846 -0.2846 -0.2846 -0.2846 -0.2846 -0.2846 -0.2934 -0.2934 -0.2934 -0.2934 -0.2934 -0.2934 -0.2934 -0.3029 -0.3029 -0.3029 -0.3029 -0.3029 -0.3029 -0.3029 -0.3116 0.0118 0.0118 0.1504 -0.1241 
I = 14.9000 9.4000 9.4000 9.4000 9.4000 9.4000 9.4000 9.4000 6.0000 6.0000 6.0000 6.0000 6.0000 6.0000 6.0000 2.0000 2.0000 2.0000 2.0000 2.0000 2.0000 2.0000 -2.0000 24.0000 24.0000 10.0000 -8.5047 
S1 = 0.0000 0.0000 0.0000 0.0000 0.0000 0.0000 0.0000 0.0000 0.0000 0.0000 0.0000 0.0000 0.0000 0.0000 0.0000 0.0000 0.0000 0.0000 0.0000 0.0000 0.0000 0.0000 0.0000 0.0000 0.0000 0.0000 0.0000 
S2 = 0.0000 0.0000 0.0000 0.0000 0.0000 0.0000 0.0000 0.0000 0.0000 0.0000 0.0000 0.0000 0.0000 0.0000 0.0000 0.0000 0.0000 0.0000 0.0000 0.0000 0.0000 0.0000 0.0000 0.0000 0.0000 0.0000 2.4953 
u = 9.4546 9.4363 9.4363 9.4363 9.4363 9.4363 9.4363 9.4363 9.4258 9.4258 9.4258 9.4258 9.4258 9.4258 9.4258 9.4140 9.4140 9.4140 9.4140 9.4140 9.4140 9.4140 9.4028 9.8829 9.8829 10.4141 9.7530 
v = 27.4657 23.2190 23.2190 23.2190 23.2190 23.2190 23.2190 23.2190 20.9043 20.9043 20.9043 20.9043 20.9043 20.9043 20.9043 18.4166 18.4166 18.4166 18.4166 18.4166 18.4166 18.4166 16.1369 52.3529 52.3529 89.6823 17.7351 
