ExternalI = 5.5000 0.0000 0.0000 0.0000 0.0000 0.0000 0.0000 0.0000 4.0000 4.0000 4.0000 4.0000 4.0000 4.0000 4.0000 0.0000 0.0000 0.0000 0.0000 0.0000 0.0000 0.0000 0.0000 8.0000 8.0000 0.0000 0.0000 
before u = 9.4546 9.4363 9.4363 9.4363 9.4363 9.4363 9.4363 9.4363 9.4258 9.4258 9.4258 9.4258 9.4258 9.4258 9.4258 9.4140 9.4140 9.4140 9.4140 9.4140 9.4140 9.4140 9.4028 9.8829 9.8829 10.4141 9.7530 
before v = 27.4657 23.2190 23.2190 23.2190 23.2190 23.2190 23.2190 23.2190 20.9043 20.9043 20.9043 20.9043 20.9043 20.9043 20.9043 18.4166 18.4166 18.4166 18.4166 18.4166 18.4166 18.4166 16.1369 52.3529 52.3529 89.6823 17.7351 
Ibias = 9.4000 9.4000 9.4000 9.4000 9.4000 9.4000 9.4000 9.4000 2.0000 2.0000 2.0000 2.0000 2.0000 2.0000 2.0000 2.0000 2.0000 2.0000 2.0000 2.0000 2.0000 2.0000 -2.0000 16.0000 16.0000 10.0000 -11.0000 
fa1 = 3.2229 1.8716 1.8716 1.8716 1.8716 1.8716 1.8716 1.8716 1.3409 1.3409 1.3409 1.3409 1.3409 1.3409 1.3409 0.9031 0.9031 0.9031 0.9031 0.9031 0.9031 0.9031 0.6025 26.6915 26.6915 112.2556 1.1133 
fa2 = 3.2113 1.8624 1.8624 1.8624 1.8624 1.8624 1.8624 1.8624 1.3335 1.3335 1.3335 1.3335 1.3335 1.3335 1.3335 0.8977 0.8977 0.8977 0.8977 0.8977 0.8977 0.8977 0.5989 26.8507 26.8507 114.6106 1.1052 
fa3 = 3.2114 1.8624 1.8624 1.8624 1.8624 1.8624 1.8624 1.8624 1.3336 1.3336 1.3336 1.3336 1.3336 1.3336 1.3336 0.8977 0.8977 0.8977 0.8977 0.8977 0.8977 0.8977 0.5990 26.8516 26.8516 114.6603 1.1052 
fa4 = 3.1999 1.8532 1.8532 1.8532 1.8532 1.8532 1.8532 1.8532 1.3262 1.3262 1.3262 1.3262 1.3262 1.3262 1.3262 0.8924 0.8924 0.8924 0.8924 0.8924 0.8924 0.8924 0.5954 27.0133 27.0133 117.0933 1.0971 
fb1 = -0.2683 -0.2846 -0.2846 -0.2846 -0.2846 -0.2846 -0.2846 -0.2846 -0.2934 -0.2934 -0.2934 -0.2934 -0.2934 -0.2934 -0.2934 -0.3029 -0.3029 -0.3029 -0.3029 -0.3029 -0.3029 -0.3029 -0.3116 0.0118 0.0118 0.1504 -0.1241 
fb2 = -0.2682 -0.2845 -0.2845 -0.2845 -0.2845 -0.2845 -0.2845 -0.2845 -0.2933 -0.2933 -0.2933 -0.2933 -0.2933 -0.2933 -0.2933 -0.3028 -0.3028 -0.3028 -0.3028 -0.3028 -0.3028 -0.3028 -0.3115 0.0123 0.0123 0.1527 -0.1241 
fb3 = -0.2682 -0.2845 -0.2845 -0.2845 -0.2845 -0.2845 -0.2845 -0.2845 -0.2933 -0.2933 -0.2933 -0.2933 -0.2933 -0.2933 -0.2933 -0.3028 -0.3028 -0.3028 -0.3028 -0.3028 -0.3028 -0.3028 -0.3115 0.0123 0.0123 0.1527 -0.1241 
fb4 = -0.2681 -0.2844 -0.2844 -0.2844 -0.2844 -0.2844 -0.2844 -0.2844 -0.2932 -0.2932 -0.2932 -0.2932 -0.2932 -0.2932 -0.2932 -0.3027 -0.3027 -0.3027 -0.3027 -0.3027 -0.3027 -0.3027 -0.3114 0.0128 0.0128 0.1550 -0.1241 
I = 14.9000 9.4000 9.4000 9.4000 9.4000 9.4000 9.4000 9.4000 6.0000 6.0000 6.0000 6.0000 6.0000 6.0000 6.0000 2.0000 2.0000 2.0000 2.0000 2.0000 2.0000 2.0000 -2.0000 24.0000 24.0000 10.0000 -8.5097 
S1 = 0.0000 0.0000 0.0000 0.0000 0.0000 0.0000 0.0000 0.0000 0.0000 0.0000 0.0000 0.0000 0.0000 0.0000 0.0000 0.0000 0.0000 0.0000 0.0000 0.0000 0.0000 0.0000 0.0000 0.0000 0.0000 0.0000 0.0000 
S2 = 0.0000 0.0000 0.0000 0.0000 0.0000 0.0000 0.0000 0.0000 0.0000 0.0000 0.0000 0.0000 0.0000 0.0000 0.0000 0.0000 0.0000 0.0000 0.0000 0.0000 0.0000 0.0000 0.0000 0.0000 0.0000 0.0000 2.4903 
u = 9.4519 9.4335 9.4335 9.4335 9.4335 9.4335 9.4335 9.4335 9.4228 9.4228 9.4228 9.4228 9.4228 9.4228 9.4228 9.4110 9.4110 9.4110 9.4110 9.4110 9.4110 9.4110 9.3997 9.8830 9.8830 10.4156 9.7518 
v = 27.4978 23.2376 23.2376 23.2376 23.2376 23.2376 23.2376 23.2376 20.9176 20.9176 20.9176 20.9176 20.9176 20.9176 20.9176 18.4256 18.4256 18.4256 18.4256 18.4256 18.4256 18.4256 16.1429 52.6214 52.6214 90.8288 17.7461 
