ExternalI = 5.5000 0.0000 0.0000 0.0000 0.0000 0.0000 0.0000 0.0000 4.0000 4.0000 4.0000 4.0000 4.0000 4.0000 4.0000 0.0000 0.0000 0.0000 0.0000 0.0000 0.0000 0.0000 0.0000 8.0000 8.0000 0.0000 0.0000 
before u = 9.4519 9.4335 9.4335 9.4335 9.4335 9.4335 9.4335 9.4335 9.4228 9.4228 9.4228 9.4228 9.4228 9.4228 9.4228 9.4110 9.4110 9.4110 9.4110 9.4110 9.4110 9.4110 9.3997 9.8830 9.8830 10.4156 9.7518 
before v = 27.4978 23.2376 23.2376 23.2376 23.2376 23.2376 23.2376 23.2376 20.9176 20.9176 20.9176 20.9176 20.9176 20.9176 20.9176 18.4256 18.4256 18.4256 18.4256 18.4256 18.4256 18.4256 16.1429 52.6214 52.6214 90.8288 17.7461 
Ibias = 9.4000 9.4000 9.4000 9.4000 9.4000 9.4000 9.4000 9.4000 2.0000 2.0000 2.0000 2.0000 2.0000 2.0000 2.0000 2.0000 2.0000 2.0000 2.0000 2.0000 2.0000 2.0000 -2.0000 16.0000 16.0000 10.0000 -11.0000 
fa1 = 3.1999 1.8532 1.8532 1.8532 1.8532 1.8532 1.8532 1.8532 1.3262 1.3262 1.3262 1.3262 1.3262 1.3262 1.3262 0.8924 0.8924 0.8924 0.8924 0.8924 0.8924 0.8924 0.5954 27.0133 27.0133 117.0928 1.0921 
fa2 = 3.1884 1.8441 1.8441 1.8441 1.8441 1.8441 1.8441 1.8441 1.3188 1.3188 1.3188 1.3188 1.3188 1.3188 1.3188 0.8871 0.8871 0.8871 0.8871 0.8871 0.8871 0.8871 0.5919 27.1773 27.1773 119.6035 1.0841 
fa3 = 3.1885 1.8441 1.8441 1.8441 1.8441 1.8441 1.8441 1.8441 1.3189 1.3189 1.3189 1.3189 1.3189 1.3189 1.3189 0.8872 0.8872 0.8872 0.8872 0.8872 0.8872 0.8872 0.5919 27.1783 27.1783 119.6576 1.0842 
fa4 = 3.1771 1.8350 1.8350 1.8350 1.8350 1.8350 1.8350 1.8350 1.3116 1.3116 1.3116 1.3116 1.3116 1.3116 1.3116 0.8819 0.8819 0.8819 0.8819 0.8819 0.8819 0.8819 0.5884 27.3449 27.3449 122.2534 1.0762 
fb1 = -0.2681 -0.2844 -0.2844 -0.2844 -0.2844 -0.2844 -0.2844 -0.2844 -0.2932 -0.2932 -0.2932 -0.2932 -0.2932 -0.2932 -0.2932 -0.3027 -0.3027 -0.3027 -0.3027 -0.3027 -0.3027 -0.3027 -0.3114 0.0128 0.0128 0.1550 -0.1241 
fb2 = -0.2680 -0.2843 -0.2843 -0.2843 -0.2843 -0.2843 -0.2843 -0.2843 -0.2932 -0.2932 -0.2932 -0.2932 -0.2932 -0.2932 -0.2932 -0.3027 -0.3027 -0.3027 -0.3027 -0.3027 -0.3027 -0.3027 -0.3113 0.0134 0.0134 0.1573 -0.1240 
fb3 = -0.2680 -0.2843 -0.2843 -0.2843 -0.2843 -0.2843 -0.2843 -0.2843 -0.2932 -0.2932 -0.2932 -0.2932 -0.2932 -0.2932 -0.2932 -0.3027 -0.3027 -0.3027 -0.3027 -0.3027 -0.3027 -0.3027 -0.3113 0.0134 0.0134 0.1574 -0.1240 
fb4 = -0.2678 -0.2842 -0.2842 -0.2842 -0.2842 -0.2842 -0.2842 -0.2842 -0.2931 -0.2931 -0.2931 -0.2931 -0.2931 -0.2931 -0.2931 -0.3026 -0.3026 -0.3026 -0.3026 -0.3026 -0.3026 -0.3026 -0.3113 0.0139 0.0139 0.1598 -0.1240 
I = 14.9000 9.4000 9.4000 9.4000 9.4000 9.4000 9.4000 9.4000 6.0000 6.0000 6.0000 6.0000 6.0000 6.0000 6.0000 2.0000 2.0000 2.0000 2.0000 2.0000 2.0000 2.0000 -2.0000 24.0000 24.0000 10.0000 -8.5147 
S1 = 0.0000 0.0000 0.0000 0.0000 0.0000 0.0000 0.0000 0.0000 0.0000 0.0000 0.0000 0.0000 0.0000 0.0000 0.0000 0.0000 0.0000 0.0000 0.0000 0.0000 0.0000 0.0000 0.0000 0.0000 0.0000 0.0000 0.0000 
S2 = 0.0000 0.0000 0.0000 0.0000 0.0000 0.0000 0.0000 0.0000 0.0000 0.0000 0.0000 0.0000 0.0000 0.0000 0.0000 0.0000 0.0000 0.0000 0.0000 0.0000 0.0000 0.0000 0.0000 0.0000 0.0000 0.0000 2.4853 
u = 9.4492 9.4306 9.4306 9.4306 9.4306 9.4306 9.4306 9.4306 9.4199 9.4199 9.4199 9.4199 9.4199 9.4199 9.4199 9.4079 9.4079 9.4079 9.4079 9.4079 9.4079 9.4079 9.3966 9.8831 9.8831 10.4172 9.7505 
v = 27.5297 23.2560 23.2560 23.2560 23.2560 23.2560 23.2560 23.2560 20.9308 20.9308 20.9308 20.9308 20.9308 20.9308 20.9308 18.4344 18.4344 18.4344 18.4344 18.4344 18.4344 18.4344 16.1488 52.8932 52.8932 92.0252 17.7570 
