ExternalI = 5.5000 0.0000 0.0000 0.0000 0.0000 0.0000 0.0000 0.0000 4.0000 4.0000 4.0000 4.0000 4.0000 4.0000 4.0000 0.0000 0.0000 0.0000 0.0000 0.0000 0.0000 0.0000 0.0000 8.0000 8.0000 0.0000 0.0000 
before u = 9.4465 9.4278 9.4278 9.4278 9.4278 9.4278 9.4278 9.4278 9.4170 9.4170 9.4170 9.4170 9.4170 9.4170 9.4170 9.4049 9.4049 9.4049 9.4049 9.4049 9.4049 9.4049 9.3935 9.8833 9.8833 10.4188 9.7493 
before v = 27.5614 23.2743 23.2743 23.2743 23.2743 23.2743 23.2743 23.2743 20.9439 20.9439 20.9439 20.9439 20.9439 20.9439 20.9439 18.4432 18.4432 18.4432 18.4432 18.4432 18.4432 18.4432 16.1546 53.1683 53.1683 93.2750 17.7676 
Ibias = 9.4000 9.4000 9.4000 9.4000 9.4000 9.4000 9.4000 9.4000 2.0000 2.0000 2.0000 2.0000 2.0000 2.0000 2.0000 2.0000 2.0000 2.0000 2.0000 2.0000 2.0000 2.0000 -2.0000 16.0000 16.0000 10.0000 -11.0000 
fa1 = 3.1545 1.8171 1.8171 1.8171 1.8171 1.8171 1.8171 1.8171 1.2973 1.2973 1.2973 1.2973 1.2973 1.2973 1.2973 0.8716 0.8716 0.8716 0.8716 0.8716 0.8716 0.8716 0.5815 27.6866 27.6866 127.7653 1.0508 
fa2 = 3.1433 1.8082 1.8082 1.8082 1.8082 1.8082 1.8082 1.8082 1.2901 1.2901 1.2901 1.2901 1.2901 1.2901 1.2901 0.8664 0.8664 0.8664 0.8664 0.8664 0.8664 0.8664 0.5781 27.8608 27.8608 130.6313 1.0431 
fa3 = 3.1434 1.8082 1.8082 1.8082 1.8082 1.8082 1.8082 1.8082 1.2902 1.2902 1.2902 1.2902 1.2902 1.2902 1.2902 0.8665 0.8665 0.8665 0.8665 0.8665 0.8665 0.8665 0.5782 27.8619 27.8619 130.6959 1.0432 
fa4 = 3.1323 1.7993 1.7993 1.7993 1.7993 1.7993 1.7993 1.7993 1.2831 1.2831 1.2831 1.2831 1.2831 1.2831 1.2831 0.8614 0.8614 0.8614 0.8614 0.8614 0.8614 0.8614 0.5748 28.0388 28.0388 133.6636 1.0355 
fb1 = -0.2676 -0.2840 -0.2840 -0.2840 -0.2840 -0.2840 -0.2840 -0.2840 -0.2929 -0.2929 -0.2929 -0.2929 -0.2929 -0.2929 -0.2929 -0.3024 -0.3024 -0.3024 -0.3024 -0.3024 -0.3024 -0.3024 -0.3111 0.0150 0.0150 0.1647 -0.1239 
fb2 = -0.2675 -0.2839 -0.2839 -0.2839 -0.2839 -0.2839 -0.2839 -0.2839 -0.2928 -0.2928 -0.2928 -0.2928 -0.2928 -0.2928 -0.2928 -0.3023 -0.3023 -0.3023 -0.3023 -0.3023 -0.3023 -0.3023 -0.3110 0.0156 0.0156 0.1673 -0.1239 
fb3 = -0.2675 -0.2839 -0.2839 -0.2839 -0.2839 -0.2839 -0.2839 -0.2839 -0.2928 -0.2928 -0.2928 -0.2928 -0.2928 -0.2928 -0.2928 -0.3023 -0.3023 -0.3023 -0.3023 -0.3023 -0.3023 -0.3023 -0.3110 0.0156 0.0156 0.1673 -0.1239 
fb4 = -0.2674 -0.2838 -0.2838 -0.2838 -0.2838 -0.2838 -0.2838 -0.2838 -0.2927 -0.2927 -0.2927 -0.2927 -0.2927 -0.2927 -0.2927 -0.3023 -0.3023 -0.3023 -0.3023 -0.3023 -0.3023 -0.3023 -0.3110 0.0161 0.0161 0.1699 -0.1238 
I = 14.9000 9.4000 9.4000 9.4000 9.4000 9.4000 9.4000 9.4000 6.0000 6.0000 6.0000 6.0000 6.0000 6.0000 6.0000 2.0000 2.0000 2.0000 2.0000 2.0000 2.0000 2.0000 -2.0000 24.0000 24.0000 10.0000 -8.5246 
S1 = 0.0000 0.0000 0.0000 0.0000 0.0000 0.0000 0.0000 0.0000 0.0000 0.0000 0.0000 0.0000 0.0000 0.0000 0.0000 0.0000 0.0000 0.0000 0.0000 0.0000 0.0000 0.0000 0.0000 0.0000 0.0000 0.0000 0.0000 
S2 = 0.0000 0.0000 0.0000 0.0000 0.0000 0.0000 0.0000 0.0000 0.0000 0.0000 0.0000 0.0000 0.0000 0.0000 0.0000 0.0000 0.0000 0.0000 0.0000 0.0000 0.0000 0.0000 0.0000 0.0000 0.0000 0.0000 2.4754 
u = 9.4439 9.4249 9.4249 9.4249 9.4249 9.4249 9.4249 9.4249 9.4140 9.4140 9.4140 9.4140 9.4140 9.4140 9.4140 9.4019 9.4019 9.4019 9.4019 9.4019 9.4019 9.4019 9.3904 9.8834 9.8834 10.4205 9.7480 
v = 27.5928 23.2924 23.2924 23.2924 23.2924 23.2924 23.2924 23.2924 20.9568 20.9568 20.9568 20.9568 20.9568 20.9568 20.9568 18.4519 18.4519 18.4519 18.4519 18.4519 18.4519 18.4519 16.1604 53.4470 53.4470 94.5818 17.7780 
