ExternalI = 5.5000 0.0000 0.0000 0.0000 0.0000 0.0000 0.0000 0.0000 4.0000 4.0000 4.0000 4.0000 4.0000 4.0000 4.0000 0.0000 0.0000 0.0000 0.0000 0.0000 0.0000 0.0000 0.0000 8.0000 8.0000 0.0000 0.0000 
before u = 9.4439 9.4249 9.4249 9.4249 9.4249 9.4249 9.4249 9.4249 9.4140 9.4140 9.4140 9.4140 9.4140 9.4140 9.4140 9.4019 9.4019 9.4019 9.4019 9.4019 9.4019 9.4019 9.3904 9.8834 9.8834 10.4205 9.7480 
before v = 27.5928 23.2924 23.2924 23.2924 23.2924 23.2924 23.2924 23.2924 20.9568 20.9568 20.9568 20.9568 20.9568 20.9568 20.9568 18.4519 18.4519 18.4519 18.4519 18.4519 18.4519 18.4519 16.1604 53.4470 53.4470 94.5818 17.7780 
Ibias = 9.4000 9.4000 9.4000 9.4000 9.4000 9.4000 9.4000 9.4000 2.0000 2.0000 2.0000 2.0000 2.0000 2.0000 2.0000 2.0000 2.0000 2.0000 2.0000 2.0000 2.0000 2.0000 -2.0000 16.0000 16.0000 10.0000 -11.0000 
fa1 = 3.1323 1.7993 1.7993 1.7993 1.7993 1.7993 1.7993 1.7993 1.2831 1.2831 1.2831 1.2831 1.2831 1.2831 1.2831 0.8614 0.8614 0.8614 0.8614 0.8614 0.8614 0.8614 0.5748 28.0388 28.0388 133.6629 1.0306 
fa2 = 3.1212 1.7905 1.7905 1.7905 1.7905 1.7905 1.7905 1.7905 1.2761 1.2761 1.2761 1.2761 1.2761 1.2761 1.2761 0.8563 0.8563 0.8563 0.8563 0.8563 0.8563 0.8563 0.5714 28.2183 28.2183 136.7318 1.0231 
fa3 = 3.1212 1.7906 1.7906 1.7906 1.7906 1.7906 1.7906 1.7906 1.2761 1.2761 1.2761 1.2761 1.2761 1.2761 1.2761 0.8564 0.8564 0.8564 0.8564 0.8564 0.8564 0.8564 0.5715 28.2195 28.2195 136.8027 1.0231 
fa4 = 3.1102 1.7818 1.7818 1.7818 1.7818 1.7818 1.7818 1.7818 1.2692 1.2692 1.2692 1.2692 1.2692 1.2692 1.2692 0.8513 0.8513 0.8513 0.8513 0.8513 0.8513 0.8513 0.5681 28.4018 28.4018 139.9832 1.0157 
fb1 = -0.2674 -0.2838 -0.2838 -0.2838 -0.2838 -0.2838 -0.2838 -0.2838 -0.2927 -0.2927 -0.2927 -0.2927 -0.2927 -0.2927 -0.2927 -0.3023 -0.3023 -0.3023 -0.3023 -0.3023 -0.3023 -0.3023 -0.3110 0.0161 0.0161 0.1699 -0.1238 
fb2 = -0.2673 -0.2837 -0.2837 -0.2837 -0.2837 -0.2837 -0.2837 -0.2837 -0.2927 -0.2927 -0.2927 -0.2927 -0.2927 -0.2927 -0.2927 -0.3022 -0.3022 -0.3022 -0.3022 -0.3022 -0.3022 -0.3022 -0.3109 0.0167 0.0167 0.1726 -0.1238 
fb3 = -0.2673 -0.2837 -0.2837 -0.2837 -0.2837 -0.2837 -0.2837 -0.2837 -0.2927 -0.2927 -0.2927 -0.2927 -0.2927 -0.2927 -0.2927 -0.3022 -0.3022 -0.3022 -0.3022 -0.3022 -0.3022 -0.3022 -0.3109 0.0167 0.0167 0.1726 -0.1238 
fb4 = -0.2672 -0.2836 -0.2836 -0.2836 -0.2836 -0.2836 -0.2836 -0.2836 -0.2926 -0.2926 -0.2926 -0.2926 -0.2926 -0.2926 -0.2926 -0.3021 -0.3021 -0.3021 -0.3021 -0.3021 -0.3021 -0.3021 -0.3108 0.0172 0.0172 0.1754 -0.1238 
I = 14.9000 9.4000 9.4000 9.4000 9.4000 9.4000 9.4000 9.4000 6.0000 6.0000 6.0000 6.0000 6.0000 6.0000 6.0000 2.0000 2.0000 2.0000 2.0000 2.0000 2.0000 2.0000 -2.0000 24.0000 24.0000 10.0000 -8.5296 
S1 = 0.0000 0.0000 0.0000 0.0000 0.0000 0.0000 0.0000 0.0000 0.0000 0.0000 0.0000 0.0000 0.0000 0.0000 0.0000 0.0000 0.0000 0.0000 0.0000 0.0000 0.0000 0.0000 0.0000 0.0000 0.0000 0.0000 0.0000 
S2 = 0.0000 0.0000 0.0000 0.0000 0.0000 0.0000 0.0000 0.0000 0.0000 0.0000 0.0000 0.0000 0.0000 0.0000 0.0000 0.0000 0.0000 0.0000 0.0000 0.0000 0.0000 0.0000 0.0000 0.0000 0.0000 0.0000 2.4704 
u = 9.4412 9.4221 9.4221 9.4221 9.4221 9.4221 9.4221 9.4221 9.4111 9.4111 9.4111 9.4111 9.4111 9.4111 9.4111 9.3989 9.3989 9.3989 9.3989 9.3989 9.3989 9.3989 9.3872 9.8836 9.8836 10.4222 9.7468 
v = 27.6240 23.3103 23.3103 23.3103 23.3103 23.3103 23.3103 23.3103 20.9695 20.9695 20.9695 20.9695 20.9695 20.9695 20.9695 18.4604 18.4604 18.4604 18.4604 18.4604 18.4604 18.4604 16.1661 53.7292 53.7292 95.9497 17.7883 
