ExternalI = 5.5000 0.0000 0.0000 0.0000 0.0000 0.0000 0.0000 0.0000 4.0000 4.0000 4.0000 4.0000 4.0000 4.0000 4.0000 0.0000 0.0000 0.0000 0.0000 0.0000 0.0000 0.0000 0.0000 8.0000 8.0000 0.0000 0.0000 
before u = 9.4412 9.4221 9.4221 9.4221 9.4221 9.4221 9.4221 9.4221 9.4111 9.4111 9.4111 9.4111 9.4111 9.4111 9.4111 9.3989 9.3989 9.3989 9.3989 9.3989 9.3989 9.3989 9.3872 9.8836 9.8836 10.4222 9.7468 
before v = 27.6240 23.3103 23.3103 23.3103 23.3103 23.3103 23.3103 23.3103 20.9695 20.9695 20.9695 20.9695 20.9695 20.9695 20.9695 18.4604 18.4604 18.4604 18.4604 18.4604 18.4604 18.4604 16.1661 53.7292 53.7292 95.9497 17.7883 
Ibias = 9.4000 9.4000 9.4000 9.4000 9.4000 9.4000 9.4000 9.4000 2.0000 2.0000 2.0000 2.0000 2.0000 2.0000 2.0000 2.0000 2.0000 2.0000 2.0000 2.0000 2.0000 2.0000 -2.0000 16.0000 16.0000 10.0000 -11.0000 
fa1 = 3.1102 1.7818 1.7818 1.7818 1.7818 1.7818 1.7818 1.7818 1.2692 1.2692 1.2692 1.2692 1.2692 1.2692 1.2692 0.8513 0.8513 0.8513 0.8513 0.8513 0.8513 0.8513 0.5681 28.4018 28.4018 139.9824 1.0107 
fa2 = 3.0993 1.7731 1.7731 1.7731 1.7731 1.7731 1.7731 1.7731 1.2622 1.2622 1.2622 1.2622 1.2622 1.2622 1.2622 0.8464 0.8464 0.8464 0.8464 0.8464 0.8464 0.8464 0.5648 28.5869 28.5869 143.2739 1.0034 
fa3 = 3.0993 1.7732 1.7732 1.7732 1.7732 1.7732 1.7732 1.7732 1.2623 1.2623 1.2623 1.2623 1.2623 1.2623 1.2623 0.8464 0.8464 0.8464 0.8464 0.8464 0.8464 0.8464 0.5649 28.5881 28.5881 143.3518 1.0035 
fa4 = 3.0885 1.7646 1.7646 1.7646 1.7646 1.7646 1.7646 1.7646 1.2554 1.2554 1.2554 1.2554 1.2554 1.2554 1.2554 0.8415 0.8415 0.8415 0.8415 0.8415 0.8415 0.8415 0.5616 28.7761 28.7761 146.7659 0.9962 
fb1 = -0.2672 -0.2836 -0.2836 -0.2836 -0.2836 -0.2836 -0.2836 -0.2836 -0.2926 -0.2926 -0.2926 -0.2926 -0.2926 -0.2926 -0.2926 -0.3021 -0.3021 -0.3021 -0.3021 -0.3021 -0.3021 -0.3021 -0.3108 0.0172 0.0172 0.1754 -0.1238 
fb2 = -0.2670 -0.2836 -0.2836 -0.2836 -0.2836 -0.2836 -0.2836 -0.2836 -0.2925 -0.2925 -0.2925 -0.2925 -0.2925 -0.2925 -0.2925 -0.3020 -0.3020 -0.3020 -0.3020 -0.3020 -0.3020 -0.3020 -0.3108 0.0178 0.0178 0.1781 -0.1238 
fb3 = -0.2670 -0.2836 -0.2836 -0.2836 -0.2836 -0.2836 -0.2836 -0.2836 -0.2925 -0.2925 -0.2925 -0.2925 -0.2925 -0.2925 -0.2925 -0.3020 -0.3020 -0.3020 -0.3020 -0.3020 -0.3020 -0.3020 -0.3108 0.0178 0.0178 0.1782 -0.1238 
fb4 = -0.2669 -0.2835 -0.2835 -0.2835 -0.2835 -0.2835 -0.2835 -0.2835 -0.2924 -0.2924 -0.2924 -0.2924 -0.2924 -0.2924 -0.2924 -0.3020 -0.3020 -0.3020 -0.3020 -0.3020 -0.3020 -0.3020 -0.3107 0.0184 0.0184 0.1811 -0.1237 
I = 14.9000 9.4000 9.4000 9.4000 9.4000 9.4000 9.4000 9.4000 6.0000 6.0000 6.0000 6.0000 6.0000 6.0000 6.0000 2.0000 2.0000 2.0000 2.0000 2.0000 2.0000 2.0000 -2.0000 24.0000 24.0000 10.0000 -8.5345 
S1 = 0.0000 0.0000 0.0000 0.0000 0.0000 0.0000 0.0000 0.0000 0.0000 0.0000 0.0000 0.0000 0.0000 0.0000 0.0000 0.0000 0.0000 0.0000 0.0000 0.0000 0.0000 0.0000 0.0000 0.0000 0.0000 0.0000 0.0000 
S2 = 0.0000 0.0000 0.0000 0.0000 0.0000 0.0000 0.0000 0.0000 0.0000 0.0000 0.0000 0.0000 0.0000 0.0000 0.0000 0.0000 0.0000 0.0000 0.0000 0.0000 0.0000 0.0000 0.0000 0.0000 0.0000 0.0000 2.4655 
u = 9.4385 9.4193 9.4193 9.4193 9.4193 9.4193 9.4193 9.4193 9.4082 9.4082 9.4082 9.4082 9.4082 9.4082 9.4082 9.3959 9.3959 9.3959 9.3959 9.3959 9.3959 9.3959 9.3841 9.8838 9.8838 10.4240 9.7456 
v = 27.6550 23.3280 23.3280 23.3280 23.3280 23.3280 23.3280 23.3280 20.9821 20.9821 20.9821 20.9821 20.9821 20.9821 20.9821 18.4689 18.4689 18.4689 18.4689 18.4689 18.4689 18.4689 16.1718 54.0150 54.0150 97.3830 17.7983 
