ExternalI = 5.5000 0.0000 0.0000 0.0000 0.0000 0.0000 0.0000 0.0000 4.0000 4.0000 4.0000 4.0000 4.0000 4.0000 4.0000 0.0000 0.0000 0.0000 0.0000 0.0000 0.0000 0.0000 0.0000 8.0000 8.0000 0.0000 0.0000 
before u = 9.4385 9.4193 9.4193 9.4193 9.4193 9.4193 9.4193 9.4193 9.4082 9.4082 9.4082 9.4082 9.4082 9.4082 9.4082 9.3959 9.3959 9.3959 9.3959 9.3959 9.3959 9.3959 9.3841 9.8838 9.8838 10.4240 9.7456 
before v = 27.6550 23.3280 23.3280 23.3280 23.3280 23.3280 23.3280 23.3280 20.9821 20.9821 20.9821 20.9821 20.9821 20.9821 20.9821 18.4689 18.4689 18.4689 18.4689 18.4689 18.4689 18.4689 16.1718 54.0150 54.0150 97.3830 17.7983 
Ibias = 9.4000 9.4000 9.4000 9.4000 9.4000 9.4000 9.4000 9.4000 2.0000 2.0000 2.0000 2.0000 2.0000 2.0000 2.0000 2.0000 2.0000 2.0000 2.0000 2.0000 2.0000 2.0000 -2.0000 16.0000 16.0000 10.0000 -11.0000 
fa1 = 3.0885 1.7646 1.7646 1.7646 1.7646 1.7646 1.7646 1.7646 1.2554 1.2554 1.2554 1.2554 1.2554 1.2554 1.2554 0.8415 0.8415 0.8415 0.8415 0.8415 0.8415 0.8415 0.5616 28.7761 28.7761 146.7651 0.9912 
fa2 = 3.0776 1.7560 1.7560 1.7560 1.7560 1.7560 1.7560 1.7560 1.2486 1.2486 1.2486 1.2486 1.2486 1.2486 1.2486 0.8366 0.8366 0.8366 0.8366 0.8366 0.8366 0.8366 0.5584 28.9669 28.9669 150.3012 0.9840 
fa3 = 3.0777 1.7560 1.7560 1.7560 1.7560 1.7560 1.7560 1.7560 1.2486 1.2486 1.2486 1.2486 1.2486 1.2486 1.2486 0.8366 0.8366 0.8366 0.8366 0.8366 0.8366 0.8366 0.5584 28.9682 28.9682 150.3869 0.9841 
fa4 = 3.0669 1.7475 1.7475 1.7475 1.7475 1.7475 1.7475 1.7475 1.2418 1.2418 1.2418 1.2418 1.2418 1.2418 1.2418 0.8318 0.8318 0.8318 0.8318 0.8318 0.8318 0.8318 0.5552 29.1620 29.1620 154.0582 0.9770 
fb1 = -0.2669 -0.2835 -0.2835 -0.2835 -0.2835 -0.2835 -0.2835 -0.2835 -0.2924 -0.2924 -0.2924 -0.2924 -0.2924 -0.2924 -0.2924 -0.3020 -0.3020 -0.3020 -0.3020 -0.3020 -0.3020 -0.3020 -0.3107 0.0184 0.0184 0.1811 -0.1237 
fb2 = -0.2668 -0.2834 -0.2834 -0.2834 -0.2834 -0.2834 -0.2834 -0.2834 -0.2923 -0.2923 -0.2923 -0.2923 -0.2923 -0.2923 -0.2923 -0.3019 -0.3019 -0.3019 -0.3019 -0.3019 -0.3019 -0.3019 -0.3106 0.0190 0.0190 0.1840 -0.1237 
fb3 = -0.2668 -0.2834 -0.2834 -0.2834 -0.2834 -0.2834 -0.2834 -0.2834 -0.2923 -0.2923 -0.2923 -0.2923 -0.2923 -0.2923 -0.2923 -0.3019 -0.3019 -0.3019 -0.3019 -0.3019 -0.3019 -0.3019 -0.3106 0.0190 0.0190 0.1840 -0.1237 
fb4 = -0.2667 -0.2833 -0.2833 -0.2833 -0.2833 -0.2833 -0.2833 -0.2833 -0.2922 -0.2922 -0.2922 -0.2922 -0.2922 -0.2922 -0.2922 -0.3018 -0.3018 -0.3018 -0.3018 -0.3018 -0.3018 -0.3018 -0.3105 0.0195 0.0195 0.1870 -0.1237 
I = 14.9000 9.4000 9.4000 9.4000 9.4000 9.4000 9.4000 9.4000 6.0000 6.0000 6.0000 6.0000 6.0000 6.0000 6.0000 2.0000 2.0000 2.0000 2.0000 2.0000 2.0000 2.0000 -2.0000 24.0000 24.0000 10.0000 -8.5395 
S1 = 0.0000 0.0000 0.0000 0.0000 0.0000 0.0000 0.0000 0.0000 0.0000 0.0000 0.0000 0.0000 0.0000 0.0000 0.0000 0.0000 0.0000 0.0000 0.0000 0.0000 0.0000 0.0000 0.0000 0.0000 0.0000 0.0000 0.0000 
S2 = 0.0000 0.0000 0.0000 0.0000 0.0000 0.0000 0.0000 0.0000 0.0000 0.0000 0.0000 0.0000 0.0000 0.0000 0.0000 0.0000 0.0000 0.0000 0.0000 0.0000 0.0000 0.0000 0.0000 0.0000 0.0000 0.0000 2.4605 
u = 9.4358 9.4164 9.4164 9.4164 9.4164 9.4164 9.4164 9.4164 9.4053 9.4053 9.4053 9.4053 9.4053 9.4053 9.4053 9.3928 9.3928 9.3928 9.3928 9.3928 9.3928 9.3928 9.3810 9.8840 9.8840 10.4258 9.7443 
v = 27.6858 23.3456 23.3456 23.3456 23.3456 23.3456 23.3456 23.3456 20.9946 20.9946 20.9946 20.9946 20.9946 20.9946 20.9946 18.4773 18.4773 18.4773 18.4773 18.4773 18.4773 18.4773 16.1774 54.3047 54.3047 98.8867 17.8081 
