ExternalI = 5.5000 0.0000 0.0000 0.0000 0.0000 0.0000 0.0000 0.0000 4.0000 4.0000 4.0000 4.0000 4.0000 4.0000 4.0000 0.0000 0.0000 0.0000 0.0000 0.0000 0.0000 0.0000 0.0000 8.0000 8.0000 0.0000 0.0000 
before u = 9.4358 9.4164 9.4164 9.4164 9.4164 9.4164 9.4164 9.4164 9.4053 9.4053 9.4053 9.4053 9.4053 9.4053 9.4053 9.3928 9.3928 9.3928 9.3928 9.3928 9.3928 9.3928 9.3810 9.8840 9.8840 10.4258 9.7443 
before v = 27.6858 23.3456 23.3456 23.3456 23.3456 23.3456 23.3456 23.3456 20.9946 20.9946 20.9946 20.9946 20.9946 20.9946 20.9946 18.4773 18.4773 18.4773 18.4773 18.4773 18.4773 18.4773 16.1774 54.3047 54.3047 98.8867 17.8081 
Ibias = 9.4000 9.4000 9.4000 9.4000 9.4000 9.4000 9.4000 9.4000 2.0000 2.0000 2.0000 2.0000 2.0000 2.0000 2.0000 2.0000 2.0000 2.0000 2.0000 2.0000 2.0000 2.0000 -2.0000 16.0000 16.0000 10.0000 -11.0000 
fa1 = 3.0669 1.7475 1.7475 1.7475 1.7475 1.7475 1.7475 1.7475 1.2418 1.2418 1.2418 1.2418 1.2418 1.2418 1.2418 0.8318 0.8318 0.8318 0.8318 0.8318 0.8318 0.8318 0.5552 29.1620 29.1620 154.0572 0.9720 
fa2 = 3.0562 1.7390 1.7390 1.7390 1.7390 1.7390 1.7390 1.7390 1.2351 1.2351 1.2351 1.2351 1.2351 1.2351 1.2351 0.8269 0.8269 0.8269 0.8269 0.8269 0.8269 0.8269 0.5520 29.3587 29.3587 157.8628 0.9650 
fa3 = 3.0563 1.7391 1.7391 1.7391 1.7391 1.7391 1.7391 1.7391 1.2351 1.2351 1.2351 1.2351 1.2351 1.2351 1.2351 0.8270 0.8270 0.8270 0.8270 0.8270 0.8270 0.8270 0.5520 29.3601 29.3601 157.9574 0.9651 
fa4 = 3.0456 1.7306 1.7306 1.7306 1.7306 1.7306 1.7306 1.7306 1.2284 1.2284 1.2284 1.2284 1.2284 1.2284 1.2284 0.8222 0.8222 0.8222 0.8222 0.8222 0.8222 0.8222 0.5489 29.5599 29.5599 161.9123 0.9581 
fb1 = -0.2667 -0.2833 -0.2833 -0.2833 -0.2833 -0.2833 -0.2833 -0.2833 -0.2922 -0.2922 -0.2922 -0.2922 -0.2922 -0.2922 -0.2922 -0.3018 -0.3018 -0.3018 -0.3018 -0.3018 -0.3018 -0.3018 -0.3105 0.0195 0.0195 0.1870 -0.1237 
fb2 = -0.2666 -0.2832 -0.2832 -0.2832 -0.2832 -0.2832 -0.2832 -0.2832 -0.2921 -0.2921 -0.2921 -0.2921 -0.2921 -0.2921 -0.2921 -0.3017 -0.3017 -0.3017 -0.3017 -0.3017 -0.3017 -0.3017 -0.3105 0.0201 0.0201 0.1901 -0.1236 
fb3 = -0.2666 -0.2832 -0.2832 -0.2832 -0.2832 -0.2832 -0.2832 -0.2832 -0.2921 -0.2921 -0.2921 -0.2921 -0.2921 -0.2921 -0.2921 -0.3017 -0.3017 -0.3017 -0.3017 -0.3017 -0.3017 -0.3017 -0.3105 0.0201 0.0201 0.1902 -0.1236 
fb4 = -0.2665 -0.2831 -0.2831 -0.2831 -0.2831 -0.2831 -0.2831 -0.2831 -0.2921 -0.2921 -0.2921 -0.2921 -0.2921 -0.2921 -0.2921 -0.3017 -0.3017 -0.3017 -0.3017 -0.3017 -0.3017 -0.3017 -0.3104 0.0207 0.0207 0.1933 -0.1236 
I = 14.9000 9.4000 9.4000 9.4000 9.4000 9.4000 9.4000 9.4000 6.0000 6.0000 6.0000 6.0000 6.0000 6.0000 6.0000 2.0000 2.0000 2.0000 2.0000 2.0000 2.0000 2.0000 -2.0000 24.0000 24.0000 10.0000 -8.5444 
S1 = 0.0000 0.0000 0.0000 0.0000 0.0000 0.0000 0.0000 0.0000 0.0000 0.0000 0.0000 0.0000 0.0000 0.0000 0.0000 0.0000 0.0000 0.0000 0.0000 0.0000 0.0000 0.0000 0.0000 0.0000 0.0000 0.0000 0.0000 
S2 = 0.0000 0.0000 0.0000 0.0000 0.0000 0.0000 0.0000 0.0000 0.0000 0.0000 0.0000 0.0000 0.0000 0.0000 0.0000 0.0000 0.0000 0.0000 0.0000 0.0000 0.0000 0.0000 0.0000 0.0000 0.0000 0.0000 2.4556 
u = 9.4332 9.4136 9.4136 9.4136 9.4136 9.4136 9.4136 9.4136 9.4024 9.4024 9.4024 9.4024 9.4024 9.4024 9.4024 9.3898 9.3898 9.3898 9.3898 9.3898 9.3898 9.3898 9.3779 9.8842 9.8842 10.4277 9.7431 
v = 27.7163 23.3630 23.3630 23.3630 23.3630 23.3630 23.3630 23.3630 21.0070 21.0070 21.0070 21.0070 21.0070 21.0070 21.0070 18.4855 18.4855 18.4855 18.4855 18.4855 18.4855 18.4855 16.1829 54.5983 54.5983 100.4660 17.8178 
