ExternalI = 5.5000 0.0000 0.0000 0.0000 0.0000 0.0000 0.0000 0.0000 4.0000 4.0000 4.0000 4.0000 4.0000 4.0000 4.0000 0.0000 0.0000 0.0000 0.0000 0.0000 0.0000 0.0000 0.0000 8.0000 8.0000 0.0000 0.0000 
before u = 9.4332 9.4136 9.4136 9.4136 9.4136 9.4136 9.4136 9.4136 9.4024 9.4024 9.4024 9.4024 9.4024 9.4024 9.4024 9.3898 9.3898 9.3898 9.3898 9.3898 9.3898 9.3898 9.3779 9.8842 9.8842 10.4277 9.7431 
before v = 27.7163 23.3630 23.3630 23.3630 23.3630 23.3630 23.3630 23.3630 21.0070 21.0070 21.0070 21.0070 21.0070 21.0070 21.0070 18.4855 18.4855 18.4855 18.4855 18.4855 18.4855 18.4855 16.1829 54.5983 54.5983 100.4660 17.8178 
Ibias = 9.4000 9.4000 9.4000 9.4000 9.4000 9.4000 9.4000 9.4000 2.0000 2.0000 2.0000 2.0000 2.0000 2.0000 2.0000 2.0000 2.0000 2.0000 2.0000 2.0000 2.0000 2.0000 -2.0000 16.0000 16.0000 10.0000 -11.0000 
fa1 = 3.0456 1.7306 1.7306 1.7306 1.7306 1.7306 1.7306 1.7306 1.2284 1.2284 1.2284 1.2284 1.2284 1.2284 1.2284 0.8222 0.8222 0.8222 0.8222 0.8222 0.8222 0.8222 0.5489 29.5599 29.5599 161.9111 0.9532 
fa2 = 3.0350 1.7223 1.7223 1.7223 1.7223 1.7223 1.7223 1.7223 1.2218 1.2218 1.2218 1.2218 1.2218 1.2218 1.2218 0.8175 0.8175 0.8175 0.8175 0.8175 0.8175 0.8175 0.5457 29.7629 29.7629 166.0143 0.9463 
fa3 = 3.0351 1.7223 1.7223 1.7223 1.7223 1.7223 1.7223 1.7223 1.2218 1.2218 1.2218 1.2218 1.2218 1.2218 1.2218 0.8175 0.8175 0.8175 0.8175 0.8175 0.8175 0.8175 0.5458 29.7643 29.7643 166.1190 0.9463 
fa4 = 3.0246 1.7140 1.7140 1.7140 1.7140 1.7140 1.7140 1.7140 1.2152 1.2152 1.2152 1.2152 1.2152 1.2152 1.2152 0.8128 0.8128 0.8128 0.8128 0.8128 0.8128 0.8128 0.5427 29.9704 29.9704 170.3874 0.9395 
fb1 = -0.2665 -0.2831 -0.2831 -0.2831 -0.2831 -0.2831 -0.2831 -0.2831 -0.2921 -0.2921 -0.2921 -0.2921 -0.2921 -0.2921 -0.2921 -0.3017 -0.3017 -0.3017 -0.3017 -0.3017 -0.3017 -0.3017 -0.3104 0.0207 0.0207 0.1933 -0.1236 
fb2 = -0.2663 -0.2830 -0.2830 -0.2830 -0.2830 -0.2830 -0.2830 -0.2830 -0.2920 -0.2920 -0.2920 -0.2920 -0.2920 -0.2920 -0.2920 -0.3016 -0.3016 -0.3016 -0.3016 -0.3016 -0.3016 -0.3016 -0.3103 0.0213 0.0213 0.1965 -0.1236 
fb3 = -0.2663 -0.2830 -0.2830 -0.2830 -0.2830 -0.2830 -0.2830 -0.2830 -0.2920 -0.2920 -0.2920 -0.2920 -0.2920 -0.2920 -0.2920 -0.3016 -0.3016 -0.3016 -0.3016 -0.3016 -0.3016 -0.3016 -0.3103 0.0213 0.0213 0.1966 -0.1236 
fb4 = -0.2662 -0.2829 -0.2829 -0.2829 -0.2829 -0.2829 -0.2829 -0.2829 -0.2919 -0.2919 -0.2919 -0.2919 -0.2919 -0.2919 -0.2919 -0.3015 -0.3015 -0.3015 -0.3015 -0.3015 -0.3015 -0.3015 -0.3102 0.0219 0.0219 0.1999 -0.1235 
I = 14.9000 9.4000 9.4000 9.4000 9.4000 9.4000 9.4000 9.4000 6.0000 6.0000 6.0000 6.0000 6.0000 6.0000 6.0000 2.0000 2.0000 2.0000 2.0000 2.0000 2.0000 2.0000 -2.0000 24.0000 24.0000 10.0000 -8.5493 
S1 = 0.0000 0.0000 0.0000 0.0000 0.0000 0.0000 0.0000 0.0000 0.0000 0.0000 0.0000 0.0000 0.0000 0.0000 0.0000 0.0000 0.0000 0.0000 0.0000 0.0000 0.0000 0.0000 0.0000 0.0000 0.0000 0.0000 0.0000 
S2 = 0.0000 0.0000 0.0000 0.0000 0.0000 0.0000 0.0000 0.0000 0.0000 0.0000 0.0000 0.0000 0.0000 0.0000 0.0000 0.0000 0.0000 0.0000 0.0000 0.0000 0.0000 0.0000 0.0000 0.0000 0.0000 0.0000 2.4507 
u = 9.4305 9.4108 9.4108 9.4108 9.4108 9.4108 9.4108 9.4108 9.3994 9.3994 9.3994 9.3994 9.3994 9.3994 9.3994 9.3868 9.3868 9.3868 9.3868 9.3868 9.3868 9.3868 9.3748 9.8844 9.8844 10.4297 9.7419 
v = 27.7467 23.3802 23.3802 23.3802 23.3802 23.3802 23.3802 23.3802 21.0192 21.0192 21.0192 21.0192 21.0192 21.0192 21.0192 18.4937 18.4937 18.4937 18.4937 18.4937 18.4937 18.4937 16.1883 54.8960 54.8960 102.1270 17.8273 
