ExternalI = 5.5000 0.0000 0.0000 0.0000 0.0000 0.0000 0.0000 0.0000 4.0000 4.0000 4.0000 4.0000 4.0000 4.0000 4.0000 0.0000 0.0000 0.0000 0.0000 0.0000 0.0000 0.0000 0.0000 8.0000 8.0000 0.0000 0.0000 
before u = 9.4305 9.4108 9.4108 9.4108 9.4108 9.4108 9.4108 9.4108 9.3994 9.3994 9.3994 9.3994 9.3994 9.3994 9.3994 9.3868 9.3868 9.3868 9.3868 9.3868 9.3868 9.3868 9.3748 9.8844 9.8844 10.4297 9.7419 
before v = 27.7467 23.3802 23.3802 23.3802 23.3802 23.3802 23.3802 23.3802 21.0192 21.0192 21.0192 21.0192 21.0192 21.0192 21.0192 18.4937 18.4937 18.4937 18.4937 18.4937 18.4937 18.4937 16.1883 54.8960 54.8960 102.1270 17.8273 
Ibias = 9.4000 9.4000 9.4000 9.4000 9.4000 9.4000 9.4000 9.4000 2.0000 2.0000 2.0000 2.0000 2.0000 2.0000 2.0000 2.0000 2.0000 2.0000 2.0000 2.0000 2.0000 2.0000 -2.0000 16.0000 16.0000 10.0000 -11.0000 
fa1 = 3.0246 1.7140 1.7140 1.7140 1.7140 1.7140 1.7140 1.7140 1.2152 1.2152 1.2152 1.2152 1.2152 1.2152 1.2152 0.8128 0.8128 0.8128 0.8128 0.8128 0.8128 0.8128 0.5427 29.9704 29.9704 170.3862 0.9346 
fa2 = 3.0141 1.7057 1.7057 1.7057 1.7057 1.7057 1.7057 1.7057 1.2087 1.2087 1.2087 1.2087 1.2087 1.2087 1.2087 0.8081 0.8081 0.8081 0.8081 0.8081 0.8081 0.8081 0.5396 30.1797 30.1797 174.8188 0.9279 
fa3 = 3.0142 1.7058 1.7058 1.7058 1.7058 1.7058 1.7058 1.7058 1.2087 1.2087 1.2087 1.2087 1.2087 1.2087 1.2087 0.8081 0.8081 0.8081 0.8081 0.8081 0.8081 0.8081 0.5396 30.1812 30.1812 174.9349 0.9279 
fa4 = 3.0037 1.6976 1.6976 1.6976 1.6976 1.6976 1.6976 1.6976 1.2022 1.2022 1.2022 1.2022 1.2022 1.2022 1.2022 0.8035 0.8035 0.8035 0.8035 0.8035 0.8035 0.8035 0.5366 30.3938 30.3938 179.5509 0.9212 
fb1 = -0.2662 -0.2829 -0.2829 -0.2829 -0.2829 -0.2829 -0.2829 -0.2829 -0.2919 -0.2919 -0.2919 -0.2919 -0.2919 -0.2919 -0.2919 -0.3015 -0.3015 -0.3015 -0.3015 -0.3015 -0.3015 -0.3015 -0.3102 0.0219 0.0219 0.1999 -0.1235 
fb2 = -0.2661 -0.2828 -0.2828 -0.2828 -0.2828 -0.2828 -0.2828 -0.2828 -0.2918 -0.2918 -0.2918 -0.2918 -0.2918 -0.2918 -0.2918 -0.3014 -0.3014 -0.3014 -0.3014 -0.3014 -0.3014 -0.3014 -0.3102 0.0225 0.0225 0.2033 -0.1235 
fb3 = -0.2661 -0.2828 -0.2828 -0.2828 -0.2828 -0.2828 -0.2828 -0.2828 -0.2918 -0.2918 -0.2918 -0.2918 -0.2918 -0.2918 -0.2918 -0.3014 -0.3014 -0.3014 -0.3014 -0.3014 -0.3014 -0.3014 -0.3102 0.0225 0.0225 0.2034 -0.1235 
fb4 = -0.2660 -0.2827 -0.2827 -0.2827 -0.2827 -0.2827 -0.2827 -0.2827 -0.2917 -0.2917 -0.2917 -0.2917 -0.2917 -0.2917 -0.2917 -0.3013 -0.3013 -0.3013 -0.3013 -0.3013 -0.3013 -0.3013 -0.3101 0.0231 0.0231 0.2069 -0.1235 
I = 14.9000 9.4000 9.4000 9.4000 9.4000 9.4000 9.4000 9.4000 6.0000 6.0000 6.0000 6.0000 6.0000 6.0000 6.0000 2.0000 2.0000 2.0000 2.0000 2.0000 2.0000 2.0000 -2.0000 24.0000 24.0000 10.0000 -8.5542 
S1 = 0.0000 0.0000 0.0000 0.0000 0.0000 0.0000 0.0000 0.0000 0.0000 0.0000 0.0000 0.0000 0.0000 0.0000 0.0000 0.0000 0.0000 0.0000 0.0000 0.0000 0.0000 0.0000 0.0000 0.0000 0.0000 0.0000 0.0000 
S2 = 0.0000 0.0000 0.0000 0.0000 0.0000 0.0000 0.0000 0.0000 0.0000 0.0000 0.0000 0.0000 0.0000 0.0000 0.0000 0.0000 0.0000 0.0000 0.0000 0.0000 0.0000 0.0000 0.0000 0.0000 0.0000 0.0000 2.4458 
u = 9.4278 9.4079 9.4079 9.4079 9.4079 9.4079 9.4079 9.4079 9.3965 9.3965 9.3965 9.3965 9.3965 9.3965 9.3965 9.3838 9.3838 9.3838 9.3838 9.3838 9.3838 9.3838 9.3717 9.8846 9.8846 10.4317 9.7406 
v = 27.7768 23.3972 23.3972 23.3972 23.3972 23.3972 23.3972 23.3972 21.0313 21.0313 21.0313 21.0313 21.0313 21.0313 21.0313 18.5018 18.5018 18.5018 18.5018 18.5018 18.5018 18.5018 16.1937 55.1978 55.1978 103.8761 17.8365 
