ExternalI = 5.5000 0.0000 0.0000 0.0000 0.0000 0.0000 0.0000 0.0000 4.0000 4.0000 4.0000 4.0000 4.0000 4.0000 4.0000 0.0000 0.0000 0.0000 0.0000 0.0000 0.0000 0.0000 0.0000 8.0000 8.0000 0.0000 0.0000 
before u = 9.4252 9.4051 9.4051 9.4051 9.4051 9.4051 9.4051 9.4051 9.3936 9.3936 9.3936 9.3936 9.3936 9.3936 9.3936 9.3808 9.3808 9.3808 9.3808 9.3808 9.3808 9.3808 9.3686 9.8848 9.8848 10.4338 9.7394 
before v = 27.8068 23.4141 23.4141 23.4141 23.4141 23.4141 23.4141 23.4141 21.0432 21.0432 21.0432 21.0432 21.0432 21.0432 21.0432 18.5098 18.5098 18.5098 18.5098 18.5098 18.5098 18.5098 16.1991 55.5039 55.5039 105.7205 17.8456 
Ibias = 9.4000 9.4000 9.4000 9.4000 9.4000 9.4000 9.4000 9.4000 2.0000 2.0000 2.0000 2.0000 2.0000 2.0000 2.0000 2.0000 2.0000 2.0000 2.0000 2.0000 2.0000 2.0000 -2.0000 16.0000 16.0000 10.0000 -11.0000 
fa1 = 2.9832 1.6814 1.6814 1.6814 1.6814 1.6814 1.6814 1.6814 1.1894 1.1894 1.1894 1.1894 1.1894 1.1894 1.1894 0.7944 0.7944 0.7944 0.7944 0.7944 0.7944 0.7944 0.5306 30.8307 30.8307 189.4777 0.8984 
fa2 = 2.9729 1.6733 1.6733 1.6733 1.6733 1.6733 1.6733 1.6733 1.1830 1.1830 1.1830 1.1830 1.1830 1.1830 1.1830 0.7899 0.7899 0.7899 0.7899 0.7899 0.7899 0.7899 0.5276 31.0536 31.0536 194.6830 0.8919 
fa3 = 2.9730 1.6733 1.6733 1.6733 1.6733 1.6733 1.6733 1.6733 1.1831 1.1831 1.1831 1.1831 1.1831 1.1831 1.1831 0.7899 0.7899 0.7899 0.7899 0.7899 0.7899 0.7899 0.5276 31.0552 31.0552 194.8271 0.8920 
fa4 = 2.9628 1.6653 1.6653 1.6653 1.6653 1.6653 1.6653 1.6653 1.1767 1.1767 1.1767 1.1767 1.1767 1.1767 1.1767 0.7854 0.7854 0.7854 0.7854 0.7854 0.7854 0.7854 0.5247 31.2816 31.2816 200.2603 0.8856 
fb1 = -0.2658 -0.2825 -0.2825 -0.2825 -0.2825 -0.2825 -0.2825 -0.2825 -0.2916 -0.2916 -0.2916 -0.2916 -0.2916 -0.2916 -0.2916 -0.3012 -0.3012 -0.3012 -0.3012 -0.3012 -0.3012 -0.3012 -0.3099 0.0243 0.0243 0.2142 -0.1234 
fb2 = -0.2657 -0.2825 -0.2825 -0.2825 -0.2825 -0.2825 -0.2825 -0.2825 -0.2915 -0.2915 -0.2915 -0.2915 -0.2915 -0.2915 -0.2915 -0.3011 -0.3011 -0.3011 -0.3011 -0.3011 -0.3011 -0.3011 -0.3099 0.0249 0.0249 0.2180 -0.1234 
fb3 = -0.2657 -0.2825 -0.2825 -0.2825 -0.2825 -0.2825 -0.2825 -0.2825 -0.2915 -0.2915 -0.2915 -0.2915 -0.2915 -0.2915 -0.2915 -0.3011 -0.3011 -0.3011 -0.3011 -0.3011 -0.3011 -0.3011 -0.3099 0.0249 0.0249 0.2181 -0.1234 
fb4 = -0.2656 -0.2824 -0.2824 -0.2824 -0.2824 -0.2824 -0.2824 -0.2824 -0.2914 -0.2914 -0.2914 -0.2914 -0.2914 -0.2914 -0.2914 -0.3010 -0.3010 -0.3010 -0.3010 -0.3010 -0.3010 -0.3010 -0.3098 0.0256 0.0256 0.2220 -0.1233 
I = 14.9000 9.4000 9.4000 9.4000 9.4000 9.4000 9.4000 9.4000 6.0000 6.0000 6.0000 6.0000 6.0000 6.0000 6.0000 2.0000 2.0000 2.0000 2.0000 2.0000 2.0000 2.0000 -2.0000 24.0000 24.0000 10.0000 -8.5640 
S1 = 0.0000 0.0000 0.0000 0.0000 0.0000 0.0000 0.0000 0.0000 0.0000 0.0000 0.0000 0.0000 0.0000 0.0000 0.0000 0.0000 0.0000 0.0000 0.0000 0.0000 0.0000 0.0000 0.0000 0.0000 0.0000 0.0000 0.0000 
S2 = 0.0000 0.0000 0.0000 0.0000 0.0000 0.0000 0.0000 0.0000 0.0000 0.0000 0.0000 0.0000 0.0000 0.0000 0.0000 0.0000 0.0000 0.0000 0.0000 0.0000 0.0000 0.0000 0.0000 0.0000 0.0000 0.0000 2.4360 
u = 9.4225 9.4023 9.4023 9.4023 9.4023 9.4023 9.4023 9.4023 9.3907 9.3907 9.3907 9.3907 9.3907 9.3907 9.3907 9.3778 9.3778 9.3778 9.3778 9.3778 9.3778 9.3778 9.3655 9.8851 9.8851 10.4360 9.7382 
v = 27.8365 23.4309 23.4309 23.4309 23.4309 23.4309 23.4309 23.4309 21.0551 21.0551 21.0551 21.0551 21.0551 21.0551 21.0551 18.5177 18.5177 18.5177 18.5177 18.5177 18.5177 18.5177 16.2043 55.8144 55.8144 107.6684 17.8546 
