ExternalI = 5.5000 0.0000 0.0000 0.0000 0.0000 0.0000 0.0000 0.0000 4.0000 4.0000 4.0000 4.0000 4.0000 4.0000 4.0000 0.0000 0.0000 0.0000 0.0000 0.0000 0.0000 0.0000 0.0000 8.0000 8.0000 0.0000 0.0000 
before u = 9.4225 9.4023 9.4023 9.4023 9.4023 9.4023 9.4023 9.4023 9.3907 9.3907 9.3907 9.3907 9.3907 9.3907 9.3907 9.3778 9.3778 9.3778 9.3778 9.3778 9.3778 9.3778 9.3655 9.8851 9.8851 10.4360 9.7382 
before v = 27.8365 23.4309 23.4309 23.4309 23.4309 23.4309 23.4309 23.4309 21.0551 21.0551 21.0551 21.0551 21.0551 21.0551 21.0551 18.5177 18.5177 18.5177 18.5177 18.5177 18.5177 18.5177 16.2043 55.8144 55.8144 107.6684 17.8546 
Ibias = 9.4000 9.4000 9.4000 9.4000 9.4000 9.4000 9.4000 9.4000 2.0000 2.0000 2.0000 2.0000 2.0000 2.0000 2.0000 2.0000 2.0000 2.0000 2.0000 2.0000 2.0000 2.0000 -2.0000 16.0000 16.0000 10.0000 -11.0000 
fa1 = 2.9628 1.6653 1.6653 1.6653 1.6653 1.6653 1.6653 1.6653 1.1767 1.1767 1.1767 1.1767 1.1767 1.1767 1.1767 0.7854 0.7854 0.7854 0.7854 0.7854 0.7854 0.7854 0.5247 31.2816 31.2816 200.2584 0.8807 
fa2 = 2.9527 1.6574 1.6574 1.6574 1.6574 1.6574 1.6574 1.6574 1.1705 1.1705 1.1705 1.1705 1.1705 1.1705 1.1705 0.7809 0.7809 0.7809 0.7809 0.7809 0.7809 0.7809 0.5218 31.5116 31.5116 205.9181 0.8744 
fa3 = 2.9527 1.6574 1.6574 1.6574 1.6574 1.6574 1.6574 1.6574 1.1705 1.1705 1.1705 1.1705 1.1705 1.1705 1.1705 0.7810 0.7810 0.7810 0.7810 0.7810 0.7810 0.7810 0.5218 31.5133 31.5133 206.0793 0.8745 
fa4 = 2.9427 1.6495 1.6495 1.6495 1.6495 1.6495 1.6495 1.6495 1.1643 1.1643 1.1643 1.1643 1.1643 1.1643 1.1643 0.7765 0.7765 0.7765 0.7765 0.7765 0.7765 0.7765 0.5189 31.7471 31.7471 211.9942 0.8682 
fb1 = -0.2656 -0.2824 -0.2824 -0.2824 -0.2824 -0.2824 -0.2824 -0.2824 -0.2914 -0.2914 -0.2914 -0.2914 -0.2914 -0.2914 -0.2914 -0.3010 -0.3010 -0.3010 -0.3010 -0.3010 -0.3010 -0.3010 -0.3098 0.0256 0.0256 0.2220 -0.1233 
fb2 = -0.2654 -0.2823 -0.2823 -0.2823 -0.2823 -0.2823 -0.2823 -0.2823 -0.2913 -0.2913 -0.2913 -0.2913 -0.2913 -0.2913 -0.2913 -0.3010 -0.3010 -0.3010 -0.3010 -0.3010 -0.3010 -0.3010 -0.3097 0.0262 0.0262 0.2259 -0.1233 
fb3 = -0.2654 -0.2823 -0.2823 -0.2823 -0.2823 -0.2823 -0.2823 -0.2823 -0.2913 -0.2913 -0.2913 -0.2913 -0.2913 -0.2913 -0.2913 -0.3010 -0.3010 -0.3010 -0.3010 -0.3010 -0.3010 -0.3010 -0.3097 0.0262 0.0262 0.2260 -0.1233 
fb4 = -0.2653 -0.2822 -0.2822 -0.2822 -0.2822 -0.2822 -0.2822 -0.2822 -0.2912 -0.2912 -0.2912 -0.2912 -0.2912 -0.2912 -0.2912 -0.3009 -0.3009 -0.3009 -0.3009 -0.3009 -0.3009 -0.3009 -0.3097 0.0268 0.0268 0.2302 -0.1233 
I = 14.9000 9.4000 9.4000 9.4000 9.4000 9.4000 9.4000 9.4000 6.0000 6.0000 6.0000 6.0000 6.0000 6.0000 6.0000 2.0000 2.0000 2.0000 2.0000 2.0000 2.0000 2.0000 -2.0000 24.0000 24.0000 10.0000 -8.5688 
S1 = 0.0000 0.0000 0.0000 0.0000 0.0000 0.0000 0.0000 0.0000 0.0000 0.0000 0.0000 0.0000 0.0000 0.0000 0.0000 0.0000 0.0000 0.0000 0.0000 0.0000 0.0000 0.0000 0.0000 0.0000 0.0000 0.0000 0.0000 
S2 = 0.0000 0.0000 0.0000 0.0000 0.0000 0.0000 0.0000 0.0000 0.0000 0.0000 0.0000 0.0000 0.0000 0.0000 0.0000 0.0000 0.0000 0.0000 0.0000 0.0000 0.0000 0.0000 0.0000 0.0000 0.0000 0.0000 2.4312 
u = 9.4199 9.3995 9.3995 9.3995 9.3995 9.3995 9.3995 9.3995 9.3878 9.3878 9.3878 9.3878 9.3878 9.3878 9.3878 9.3748 9.3748 9.3748 9.3748 9.3748 9.3748 9.3748 9.3624 9.8854 9.8854 10.4383 9.7369 
v = 27.8660 23.4474 23.4474 23.4474 23.4474 23.4474 23.4474 23.4474 21.0668 21.0668 21.0668 21.0668 21.0668 21.0668 21.0668 18.5255 18.5255 18.5255 18.5255 18.5255 18.5255 18.5255 16.2096 56.1296 56.1296 109.7289 17.8633 
