ExternalI = 5.5000 0.0000 0.0000 0.0000 0.0000 0.0000 0.0000 0.0000 4.0000 4.0000 4.0000 4.0000 4.0000 4.0000 4.0000 0.0000 0.0000 0.0000 0.0000 0.0000 0.0000 0.0000 0.0000 8.0000 8.0000 0.0000 0.0000 
before u = 9.4199 9.3995 9.3995 9.3995 9.3995 9.3995 9.3995 9.3995 9.3878 9.3878 9.3878 9.3878 9.3878 9.3878 9.3878 9.3748 9.3748 9.3748 9.3748 9.3748 9.3748 9.3748 9.3624 9.8854 9.8854 10.4383 9.7369 
before v = 27.8660 23.4474 23.4474 23.4474 23.4474 23.4474 23.4474 23.4474 21.0668 21.0668 21.0668 21.0668 21.0668 21.0668 21.0668 18.5255 18.5255 18.5255 18.5255 18.5255 18.5255 18.5255 16.2096 56.1296 56.1296 109.7289 17.8633 
Ibias = 9.4000 9.4000 9.4000 9.4000 9.4000 9.4000 9.4000 9.4000 2.0000 2.0000 2.0000 2.0000 2.0000 2.0000 2.0000 2.0000 2.0000 2.0000 2.0000 2.0000 2.0000 2.0000 -2.0000 16.0000 16.0000 10.0000 -11.0000 
fa1 = 2.9427 1.6495 1.6495 1.6495 1.6495 1.6495 1.6495 1.6495 1.1643 1.1643 1.1643 1.1643 1.1643 1.1643 1.1643 0.7765 0.7765 0.7765 0.7765 0.7765 0.7765 0.7765 0.5189 31.7471 31.7471 211.9920 0.8634 
fa2 = 2.9327 1.6417 1.6417 1.6417 1.6417 1.6417 1.6417 1.6417 1.1581 1.1581 1.1581 1.1581 1.1581 1.1581 1.1581 0.7722 0.7722 0.7722 0.7722 0.7722 0.7722 0.7722 0.5160 31.9845 31.9845 218.1606 0.8572 
fa3 = 2.9327 1.6417 1.6417 1.6417 1.6417 1.6417 1.6417 1.6417 1.1581 1.1581 1.1581 1.1581 1.1581 1.1581 1.1581 0.7722 0.7722 0.7722 0.7722 0.7722 0.7722 0.7722 0.5160 31.9863 31.9863 218.3415 0.8572 
fa4 = 2.9227 1.6339 1.6339 1.6339 1.6339 1.6339 1.6339 1.6339 1.1520 1.1520 1.1520 1.1520 1.1520 1.1520 1.1520 0.7678 0.7678 0.7678 0.7678 0.7678 0.7678 0.7678 0.5132 32.2276 32.2276 224.7968 0.8511 
fb1 = -0.2653 -0.2822 -0.2822 -0.2822 -0.2822 -0.2822 -0.2822 -0.2822 -0.2912 -0.2912 -0.2912 -0.2912 -0.2912 -0.2912 -0.2912 -0.3009 -0.3009 -0.3009 -0.3009 -0.3009 -0.3009 -0.3009 -0.3097 0.0268 0.0268 0.2301 -0.1233 
fb2 = -0.2652 -0.2821 -0.2821 -0.2821 -0.2821 -0.2821 -0.2821 -0.2821 -0.2912 -0.2912 -0.2912 -0.2912 -0.2912 -0.2912 -0.2912 -0.3008 -0.3008 -0.3008 -0.3008 -0.3008 -0.3008 -0.3008 -0.3096 0.0274 0.0274 0.2344 -0.1233 
fb3 = -0.2652 -0.2821 -0.2821 -0.2821 -0.2821 -0.2821 -0.2821 -0.2821 -0.2912 -0.2912 -0.2912 -0.2912 -0.2912 -0.2912 -0.2912 -0.3008 -0.3008 -0.3008 -0.3008 -0.3008 -0.3008 -0.3008 -0.3096 0.0274 0.0274 0.2345 -0.1233 
fb4 = -0.2651 -0.2820 -0.2820 -0.2820 -0.2820 -0.2820 -0.2820 -0.2820 -0.2911 -0.2911 -0.2911 -0.2911 -0.2911 -0.2911 -0.2911 -0.3007 -0.3007 -0.3007 -0.3007 -0.3007 -0.3007 -0.3007 -0.3095 0.0281 0.0281 0.2388 -0.1232 
I = 14.9000 9.4000 9.4000 9.4000 9.4000 9.4000 9.4000 9.4000 6.0000 6.0000 6.0000 6.0000 6.0000 6.0000 6.0000 2.0000 2.0000 2.0000 2.0000 2.0000 2.0000 2.0000 -2.0000 24.0000 24.0000 10.0000 -8.5737 
S1 = 0.0000 0.0000 0.0000 0.0000 0.0000 0.0000 0.0000 0.0000 0.0000 0.0000 0.0000 0.0000 0.0000 0.0000 0.0000 0.0000 0.0000 0.0000 0.0000 0.0000 0.0000 0.0000 0.0000 0.0000 0.0000 0.0000 0.0000 
S2 = 0.0000 0.0000 0.0000 0.0000 0.0000 0.0000 0.0000 0.0000 0.0000 0.0000 0.0000 0.0000 0.0000 0.0000 0.0000 0.0000 0.0000 0.0000 0.0000 0.0000 0.0000 0.0000 0.0000 0.0000 0.0000 0.0000 2.4263 
u = 9.4172 9.3966 9.3966 9.3966 9.3966 9.3966 9.3966 9.3966 9.3849 9.3849 9.3849 9.3849 9.3849 9.3849 9.3849 9.3717 9.3717 9.3717 9.3717 9.3717 9.3717 9.3717 9.3593 9.8856 9.8856 10.4406 9.7357 
v = 27.8954 23.4639 23.4639 23.4639 23.4639 23.4639 23.4639 23.4639 21.0784 21.0784 21.0784 21.0784 21.0784 21.0784 21.0784 18.5332 18.5332 18.5332 18.5332 18.5332 18.5332 18.5332 16.2147 56.4494 56.4494 111.9118 17.8719 
