ExternalI = 5.5000 0.0000 0.0000 0.0000 0.0000 0.0000 0.0000 0.0000 4.0000 4.0000 4.0000 4.0000 4.0000 4.0000 4.0000 0.0000 0.0000 0.0000 0.0000 0.0000 0.0000 0.0000 0.0000 8.0000 8.0000 0.0000 0.0000 
before u = 9.4172 9.3966 9.3966 9.3966 9.3966 9.3966 9.3966 9.3966 9.3849 9.3849 9.3849 9.3849 9.3849 9.3849 9.3849 9.3717 9.3717 9.3717 9.3717 9.3717 9.3717 9.3717 9.3593 9.8856 9.8856 10.4406 9.7357 
before v = 27.8954 23.4639 23.4639 23.4639 23.4639 23.4639 23.4639 23.4639 21.0784 21.0784 21.0784 21.0784 21.0784 21.0784 21.0784 18.5332 18.5332 18.5332 18.5332 18.5332 18.5332 18.5332 16.2147 56.4494 56.4494 111.9118 17.8719 
Ibias = 9.4000 9.4000 9.4000 9.4000 9.4000 9.4000 9.4000 9.4000 2.0000 2.0000 2.0000 2.0000 2.0000 2.0000 2.0000 2.0000 2.0000 2.0000 2.0000 2.0000 2.0000 2.0000 -2.0000 16.0000 16.0000 10.0000 -11.0000 
fa1 = 2.9227 1.6339 1.6339 1.6339 1.6339 1.6339 1.6339 1.6339 1.1520 1.1520 1.1520 1.1520 1.1520 1.1520 1.1520 0.7678 0.7678 0.7678 0.7678 0.7678 0.7678 0.7678 0.5132 32.2276 32.2276 224.7943 0.8463 
fa2 = 2.9128 1.6261 1.6261 1.6261 1.6261 1.6261 1.6261 1.6261 1.1458 1.1458 1.1458 1.1458 1.1458 1.1458 1.1458 0.7635 0.7635 0.7635 0.7635 0.7635 0.7635 0.7635 0.5104 32.4728 32.4728 231.5346 0.8403 
fa3 = 2.9129 1.6262 1.6262 1.6262 1.6262 1.6262 1.6262 1.6262 1.1459 1.1459 1.1459 1.1459 1.1459 1.1459 1.1459 0.7635 0.7635 0.7635 0.7635 0.7635 0.7635 0.7635 0.5104 32.4746 32.4746 231.7383 0.8403 
fa4 = 2.9030 1.6185 1.6185 1.6185 1.6185 1.6185 1.6185 1.6185 1.1398 1.1398 1.1398 1.1398 1.1398 1.1398 1.1398 0.7593 0.7593 0.7593 0.7593 0.7593 0.7593 0.7593 0.5076 32.7238 32.7238 238.8019 0.8343 
fb1 = -0.2651 -0.2820 -0.2820 -0.2820 -0.2820 -0.2820 -0.2820 -0.2820 -0.2911 -0.2911 -0.2911 -0.2911 -0.2911 -0.2911 -0.2911 -0.3007 -0.3007 -0.3007 -0.3007 -0.3007 -0.3007 -0.3007 -0.3095 0.0281 0.0281 0.2388 -0.1232 
fb2 = -0.2650 -0.2819 -0.2819 -0.2819 -0.2819 -0.2819 -0.2819 -0.2819 -0.2910 -0.2910 -0.2910 -0.2910 -0.2910 -0.2910 -0.2910 -0.3007 -0.3007 -0.3007 -0.3007 -0.3007 -0.3007 -0.3007 -0.3094 0.0287 0.0287 0.2433 -0.1232 
fb3 = -0.2650 -0.2819 -0.2819 -0.2819 -0.2819 -0.2819 -0.2819 -0.2819 -0.2910 -0.2910 -0.2910 -0.2910 -0.2910 -0.2910 -0.2910 -0.3007 -0.3007 -0.3007 -0.3007 -0.3007 -0.3007 -0.3007 -0.3094 0.0287 0.0287 0.2434 -0.1232 
fb4 = -0.2649 -0.2818 -0.2818 -0.2818 -0.2818 -0.2818 -0.2818 -0.2818 -0.2909 -0.2909 -0.2909 -0.2909 -0.2909 -0.2909 -0.2909 -0.3006 -0.3006 -0.3006 -0.3006 -0.3006 -0.3006 -0.3006 -0.3094 0.0294 0.0294 0.2481 -0.1232 
I = 14.9000 9.4000 9.4000 9.4000 9.4000 9.4000 9.4000 9.4000 6.0000 6.0000 6.0000 6.0000 6.0000 6.0000 6.0000 2.0000 2.0000 2.0000 2.0000 2.0000 2.0000 2.0000 -2.0000 24.0000 24.0000 10.0000 -8.5786 
S1 = 0.0000 0.0000 0.0000 0.0000 0.0000 0.0000 0.0000 0.0000 0.0000 0.0000 0.0000 0.0000 0.0000 0.0000 0.0000 0.0000 0.0000 0.0000 0.0000 0.0000 0.0000 0.0000 0.0000 0.0000 0.0000 0.0000 0.0000 
S2 = 0.0000 0.0000 0.0000 0.0000 0.0000 0.0000 0.0000 0.0000 0.0000 0.0000 0.0000 0.0000 0.0000 0.0000 0.0000 0.0000 0.0000 0.0000 0.0000 0.0000 0.0000 0.0000 0.0000 0.0000 0.0000 0.0000 2.4214 
u = 9.4146 9.3938 9.3938 9.3938 9.3938 9.3938 9.3938 9.3938 9.3819 9.3819 9.3819 9.3819 9.3819 9.3819 9.3819 9.3687 9.3687 9.3687 9.3687 9.3687 9.3687 9.3687 9.3562 9.8859 9.8859 10.4431 9.7345 
v = 27.9245 23.4801 23.4801 23.4801 23.4801 23.4801 23.4801 23.4801 21.0898 21.0898 21.0898 21.0898 21.0898 21.0898 21.0898 18.5408 18.5408 18.5408 18.5408 18.5408 18.5408 18.5408 16.2198 56.7742 56.7742 114.2288 17.8803 
