ExternalI = 5.5000 0.0000 0.0000 0.0000 0.0000 0.0000 0.0000 0.0000 4.0000 4.0000 4.0000 4.0000 4.0000 4.0000 4.0000 0.0000 0.0000 0.0000 0.0000 0.0000 0.0000 0.0000 0.0000 8.0000 8.0000 0.0000 0.0000 
before u = 9.4146 9.3938 9.3938 9.3938 9.3938 9.3938 9.3938 9.3938 9.3819 9.3819 9.3819 9.3819 9.3819 9.3819 9.3819 9.3687 9.3687 9.3687 9.3687 9.3687 9.3687 9.3687 9.3562 9.8859 9.8859 10.4431 9.7345 
before v = 27.9245 23.4801 23.4801 23.4801 23.4801 23.4801 23.4801 23.4801 21.0898 21.0898 21.0898 21.0898 21.0898 21.0898 21.0898 18.5408 18.5408 18.5408 18.5408 18.5408 18.5408 18.5408 16.2198 56.7742 56.7742 114.2288 17.8803 
Ibias = 9.4000 9.4000 9.4000 9.4000 9.4000 9.4000 9.4000 9.4000 2.0000 2.0000 2.0000 2.0000 2.0000 2.0000 2.0000 2.0000 2.0000 2.0000 2.0000 2.0000 2.0000 2.0000 -2.0000 16.0000 16.0000 10.0000 -11.0000 
fa1 = 2.9030 1.6185 1.6185 1.6185 1.6185 1.6185 1.6185 1.6185 1.1398 1.1398 1.1398 1.1398 1.1398 1.1398 1.1398 0.7593 0.7593 0.7593 0.7593 0.7593 0.7593 0.7593 0.5076 32.7238 32.7238 238.7990 0.8295 
fa2 = 2.8933 1.6108 1.6108 1.6108 1.6108 1.6108 1.6108 1.6108 1.1338 1.1338 1.1338 1.1338 1.1338 1.1338 1.1338 0.7550 0.7550 0.7550 0.7550 0.7550 0.7550 0.7550 0.5048 32.9770 32.9770 246.1839 0.8236 
fa3 = 2.8933 1.6108 1.6108 1.6108 1.6108 1.6108 1.6108 1.6108 1.1338 1.1338 1.1338 1.1338 1.1338 1.1338 1.1338 0.7550 0.7550 0.7550 0.7550 0.7550 0.7550 0.7550 0.5049 32.9790 32.9790 246.4141 0.8236 
fa4 = 2.8836 1.6032 1.6032 1.6032 1.6032 1.6032 1.6032 1.6032 1.1278 1.1278 1.1278 1.1278 1.1278 1.1278 1.1278 0.7508 0.7508 0.7508 0.7508 0.7508 0.7508 0.7508 0.5021 33.2364 33.2364 254.1650 0.8178 
fb1 = -0.2649 -0.2818 -0.2818 -0.2818 -0.2818 -0.2818 -0.2818 -0.2818 -0.2909 -0.2909 -0.2909 -0.2909 -0.2909 -0.2909 -0.2909 -0.3006 -0.3006 -0.3006 -0.3006 -0.3006 -0.3006 -0.3006 -0.3094 0.0294 0.0294 0.2481 -0.1232 
fb2 = -0.2648 -0.2817 -0.2817 -0.2817 -0.2817 -0.2817 -0.2817 -0.2817 -0.2908 -0.2908 -0.2908 -0.2908 -0.2908 -0.2908 -0.2908 -0.3005 -0.3005 -0.3005 -0.3005 -0.3005 -0.3005 -0.3005 -0.3093 0.0300 0.0300 0.2528 -0.1231 
fb3 = -0.2648 -0.2817 -0.2817 -0.2817 -0.2817 -0.2817 -0.2817 -0.2817 -0.2908 -0.2908 -0.2908 -0.2908 -0.2908 -0.2908 -0.2908 -0.3005 -0.3005 -0.3005 -0.3005 -0.3005 -0.3005 -0.3005 -0.3093 0.0300 0.0300 0.2530 -0.1231 
fb4 = -0.2647 -0.2817 -0.2817 -0.2817 -0.2817 -0.2817 -0.2817 -0.2817 -0.2908 -0.2908 -0.2908 -0.2908 -0.2908 -0.2908 -0.2908 -0.3004 -0.3004 -0.3004 -0.3004 -0.3004 -0.3004 -0.3004 -0.3092 0.0307 0.0307 0.2579 -0.1231 
I = 14.9000 9.4000 9.4000 9.4000 9.4000 9.4000 9.4000 9.4000 6.0000 6.0000 6.0000 6.0000 6.0000 6.0000 6.0000 2.0000 2.0000 2.0000 2.0000 2.0000 2.0000 2.0000 -2.0000 24.0000 24.0000 10.0000 -8.5834 
S1 = 0.0000 0.0000 0.0000 0.0000 0.0000 0.0000 0.0000 0.0000 0.0000 0.0000 0.0000 0.0000 0.0000 0.0000 0.0000 0.0000 0.0000 0.0000 0.0000 0.0000 0.0000 0.0000 0.0000 0.0000 0.0000 0.0000 0.0000 
S2 = 0.0000 0.0000 0.0000 0.0000 0.0000 0.0000 0.0000 0.0000 0.0000 0.0000 0.0000 0.0000 0.0000 0.0000 0.0000 0.0000 0.0000 0.0000 0.0000 0.0000 0.0000 0.0000 0.0000 0.0000 0.0000 0.0000 2.4166 
u = 9.4119 9.3910 9.3910 9.3910 9.3910 9.3910 9.3910 9.3910 9.3790 9.3790 9.3790 9.3790 9.3790 9.3790 9.3790 9.3657 9.3657 9.3657 9.3657 9.3657 9.3657 9.3657 9.3531 9.8862 9.8862 10.4456 9.7332 
v = 27.9534 23.4962 23.4962 23.4962 23.4962 23.4962 23.4962 23.4962 21.1012 21.1012 21.1012 21.1012 21.1012 21.1012 21.1012 18.5484 18.5484 18.5484 18.5484 18.5484 18.5484 18.5484 16.2249 57.1040 57.1040 116.6923 17.8885 
