ExternalI = 5.5000 0.0000 0.0000 0.0000 0.0000 0.0000 0.0000 0.0000 4.0000 4.0000 4.0000 4.0000 4.0000 4.0000 4.0000 0.0000 0.0000 0.0000 0.0000 0.0000 0.0000 0.0000 0.0000 8.0000 8.0000 0.0000 0.0000 
before u = 9.4119 9.3910 9.3910 9.3910 9.3910 9.3910 9.3910 9.3910 9.3790 9.3790 9.3790 9.3790 9.3790 9.3790 9.3790 9.3657 9.3657 9.3657 9.3657 9.3657 9.3657 9.3657 9.3531 9.8862 9.8862 10.4456 9.7332 
before v = 27.9534 23.4962 23.4962 23.4962 23.4962 23.4962 23.4962 23.4962 21.1012 21.1012 21.1012 21.1012 21.1012 21.1012 21.1012 18.5484 18.5484 18.5484 18.5484 18.5484 18.5484 18.5484 16.2249 57.1040 57.1040 116.6923 17.8885 
Ibias = 9.4000 9.4000 9.4000 9.4000 9.4000 9.4000 9.4000 9.4000 2.0000 2.0000 2.0000 2.0000 2.0000 2.0000 2.0000 2.0000 2.0000 2.0000 2.0000 2.0000 2.0000 2.0000 -2.0000 16.0000 16.0000 10.0000 -11.0000 
fa1 = 2.8836 1.6032 1.6032 1.6032 1.6032 1.6032 1.6032 1.6032 1.1278 1.1278 1.1278 1.1278 1.1278 1.1278 1.1278 0.7508 0.7508 0.7508 0.7508 0.7508 0.7508 0.7508 0.5021 33.2364 33.2364 254.1615 0.8130 
fa2 = 2.8739 1.5957 1.5957 1.5957 1.5957 1.5957 1.5957 1.5957 1.1219 1.1219 1.1219 1.1219 1.1219 1.1219 1.1219 0.7466 0.7466 0.7466 0.7466 0.7466 0.7466 0.7466 0.4994 33.4979 33.4979 262.2759 0.8072 
fa3 = 2.8739 1.5957 1.5957 1.5957 1.5957 1.5957 1.5957 1.5957 1.1219 1.1219 1.1219 1.1219 1.1219 1.1219 1.1219 0.7467 0.7467 0.7467 0.7467 0.7467 0.7467 0.7467 0.4994 33.5000 33.5000 262.5371 0.8072 
fa4 = 2.8643 1.5882 1.5882 1.5882 1.5882 1.5882 1.5882 1.5882 1.1160 1.1160 1.1160 1.1160 1.1160 1.1160 1.1160 0.7425 0.7425 0.7425 0.7425 0.7425 0.7425 0.7425 0.4967 33.7659 33.7659 271.0674 0.8015 
fb1 = -0.2647 -0.2817 -0.2817 -0.2817 -0.2817 -0.2817 -0.2817 -0.2817 -0.2908 -0.2908 -0.2908 -0.2908 -0.2908 -0.2908 -0.2908 -0.3004 -0.3004 -0.3004 -0.3004 -0.3004 -0.3004 -0.3004 -0.3092 0.0307 0.0307 0.2579 -0.1231 
fb2 = -0.2646 -0.2816 -0.2816 -0.2816 -0.2816 -0.2816 -0.2816 -0.2816 -0.2907 -0.2907 -0.2907 -0.2907 -0.2907 -0.2907 -0.2907 -0.3004 -0.3004 -0.3004 -0.3004 -0.3004 -0.3004 -0.3004 -0.3092 0.0314 0.0314 0.2629 -0.1231 
fb3 = -0.2646 -0.2816 -0.2816 -0.2816 -0.2816 -0.2816 -0.2816 -0.2816 -0.2907 -0.2907 -0.2907 -0.2907 -0.2907 -0.2907 -0.2907 -0.3004 -0.3004 -0.3004 -0.3004 -0.3004 -0.3004 -0.3004 -0.3092 0.0314 0.0314 0.2631 -0.1231 
fb4 = -0.2644 -0.2815 -0.2815 -0.2815 -0.2815 -0.2815 -0.2815 -0.2815 -0.2906 -0.2906 -0.2906 -0.2906 -0.2906 -0.2906 -0.2906 -0.3003 -0.3003 -0.3003 -0.3003 -0.3003 -0.3003 -0.3003 -0.3091 0.0320 0.0320 0.2683 -0.1231 
I = 14.9000 9.4000 9.4000 9.4000 9.4000 9.4000 9.4000 9.4000 6.0000 6.0000 6.0000 6.0000 6.0000 6.0000 6.0000 2.0000 2.0000 2.0000 2.0000 2.0000 2.0000 2.0000 -2.0000 24.0000 24.0000 10.0000 -8.5882 
S1 = 0.0000 0.0000 0.0000 0.0000 0.0000 0.0000 0.0000 0.0000 0.0000 0.0000 0.0000 0.0000 0.0000 0.0000 0.0000 0.0000 0.0000 0.0000 0.0000 0.0000 0.0000 0.0000 0.0000 0.0000 0.0000 0.0000 0.0000 
S2 = 0.0000 0.0000 0.0000 0.0000 0.0000 0.0000 0.0000 0.0000 0.0000 0.0000 0.0000 0.0000 0.0000 0.0000 0.0000 0.0000 0.0000 0.0000 0.0000 0.0000 0.0000 0.0000 0.0000 0.0000 0.0000 0.0000 2.4118 
u = 9.4093 9.3882 9.3882 9.3882 9.3882 9.3882 9.3882 9.3882 9.3761 9.3761 9.3761 9.3761 9.3761 9.3761 9.3761 9.3627 9.3627 9.3627 9.3627 9.3627 9.3627 9.3627 9.3501 9.8865 9.8865 10.4482 9.7320 
v = 27.9822 23.5122 23.5122 23.5122 23.5122 23.5122 23.5122 23.5122 21.1124 21.1124 21.1124 21.1124 21.1124 21.1124 21.1124 18.5559 18.5559 18.5559 18.5559 18.5559 18.5559 18.5559 16.2299 57.4389 57.4389 119.3171 17.8966 
