ExternalI = 5.5000 0.0000 0.0000 0.0000 0.0000 0.0000 0.0000 0.0000 4.0000 4.0000 4.0000 4.0000 4.0000 4.0000 4.0000 0.0000 0.0000 0.0000 0.0000 0.0000 0.0000 0.0000 0.0000 8.0000 8.0000 0.0000 0.0000 
before u = 9.4093 9.3882 9.3882 9.3882 9.3882 9.3882 9.3882 9.3882 9.3761 9.3761 9.3761 9.3761 9.3761 9.3761 9.3761 9.3627 9.3627 9.3627 9.3627 9.3627 9.3627 9.3627 9.3501 9.8865 9.8865 10.4482 9.7320 
before v = 27.9822 23.5122 23.5122 23.5122 23.5122 23.5122 23.5122 23.5122 21.1124 21.1124 21.1124 21.1124 21.1124 21.1124 21.1124 18.5559 18.5559 18.5559 18.5559 18.5559 18.5559 18.5559 16.2299 57.4389 57.4389 119.3171 17.8966 
Ibias = 9.4000 9.4000 9.4000 9.4000 9.4000 9.4000 9.4000 9.4000 2.0000 2.0000 2.0000 2.0000 2.0000 2.0000 2.0000 2.0000 2.0000 2.0000 2.0000 2.0000 2.0000 2.0000 -2.0000 16.0000 16.0000 10.0000 -11.0000 
fa1 = 2.8643 1.5882 1.5882 1.5882 1.5882 1.5882 1.5882 1.5882 1.1160 1.1160 1.1160 1.1160 1.1160 1.1160 1.1160 0.7425 0.7425 0.7425 0.7425 0.7425 0.7425 0.7425 0.4967 33.7659 33.7659 271.0634 0.7967 
fa2 = 2.8547 1.5807 1.5807 1.5807 1.5807 1.5807 1.5807 1.5807 1.1102 1.1102 1.1102 1.1102 1.1102 1.1102 1.1102 0.7384 0.7384 0.7384 0.7384 0.7384 0.7384 0.7384 0.4940 34.0362 34.0362 280.0065 0.7911 
fa3 = 2.8548 1.5807 1.5807 1.5807 1.5807 1.5807 1.5807 1.5807 1.1102 1.1102 1.1102 1.1102 1.1102 1.1102 1.1102 0.7384 0.7384 0.7384 0.7384 0.7384 0.7384 0.7384 0.4940 34.0384 34.0384 280.3041 0.7911 
fa4 = 2.8452 1.5733 1.5733 1.5733 1.5733 1.5733 1.5733 1.5733 1.1044 1.1044 1.1044 1.1044 1.1044 1.1044 1.1044 0.7343 0.7343 0.7343 0.7343 0.7343 0.7343 0.7343 0.4914 34.3132 34.3132 289.7218 0.7855 
fb1 = -0.2644 -0.2815 -0.2815 -0.2815 -0.2815 -0.2815 -0.2815 -0.2815 -0.2906 -0.2906 -0.2906 -0.2906 -0.2906 -0.2906 -0.2906 -0.3003 -0.3003 -0.3003 -0.3003 -0.3003 -0.3003 -0.3003 -0.3091 0.0320 0.0320 0.2683 -0.1231 
fb2 = -0.2643 -0.2814 -0.2814 -0.2814 -0.2814 -0.2814 -0.2814 -0.2814 -0.2905 -0.2905 -0.2905 -0.2905 -0.2905 -0.2905 -0.2905 -0.3002 -0.3002 -0.3002 -0.3002 -0.3002 -0.3002 -0.3002 -0.3090 0.0327 0.0327 0.2737 -0.1230 
fb3 = -0.2643 -0.2814 -0.2814 -0.2814 -0.2814 -0.2814 -0.2814 -0.2814 -0.2905 -0.2905 -0.2905 -0.2905 -0.2905 -0.2905 -0.2905 -0.3002 -0.3002 -0.3002 -0.3002 -0.3002 -0.3002 -0.3002 -0.3090 0.0327 0.0327 0.2739 -0.1230 
fb4 = -0.2642 -0.2813 -0.2813 -0.2813 -0.2813 -0.2813 -0.2813 -0.2813 -0.2904 -0.2904 -0.2904 -0.2904 -0.2904 -0.2904 -0.2904 -0.3001 -0.3001 -0.3001 -0.3001 -0.3001 -0.3001 -0.3001 -0.3089 0.0334 0.0334 0.2795 -0.1230 
I = 14.9000 9.4000 9.4000 9.4000 9.4000 9.4000 9.4000 9.4000 6.0000 6.0000 6.0000 6.0000 6.0000 6.0000 6.0000 2.0000 2.0000 2.0000 2.0000 2.0000 2.0000 2.0000 -2.0000 24.0000 24.0000 10.0000 -8.5931 
S1 = 0.0000 0.0000 0.0000 0.0000 0.0000 0.0000 0.0000 0.0000 0.0000 0.0000 0.0000 0.0000 0.0000 0.0000 0.0000 0.0000 0.0000 0.0000 0.0000 0.0000 0.0000 0.0000 0.0000 0.0000 0.0000 0.0000 0.0000 
S2 = 0.0000 0.0000 0.0000 0.0000 0.0000 0.0000 0.0000 0.0000 0.0000 0.0000 0.0000 0.0000 0.0000 0.0000 0.0000 0.0000 0.0000 0.0000 0.0000 0.0000 0.0000 0.0000 0.0000 0.0000 0.0000 0.0000 2.4069 
u = 9.4066 9.3854 9.3854 9.3854 9.3854 9.3854 9.3854 9.3854 9.3732 9.3732 9.3732 9.3732 9.3732 9.3732 9.3732 9.3597 9.3597 9.3597 9.3597 9.3597 9.3597 9.3597 9.3470 9.8869 9.8869 10.4510 9.7308 
v = 28.0107 23.5280 23.5280 23.5280 23.5280 23.5280 23.5280 23.5280 21.1235 21.1235 21.1235 21.1235 21.1235 21.1235 21.1235 18.5632 18.5632 18.5632 18.5632 18.5632 18.5632 18.5632 16.2348 57.7793 57.7793 122.1195 17.9045 
