ExternalI = 5.5000 0.0000 0.0000 0.0000 0.0000 0.0000 0.0000 0.0000 4.0000 4.0000 4.0000 4.0000 4.0000 4.0000 4.0000 0.0000 0.0000 0.0000 0.0000 0.0000 0.0000 0.0000 0.0000 8.0000 8.0000 0.0000 0.0000 
before u = 9.9964 9.9964 9.9964 9.9964 9.9964 9.9964 9.9964 9.9964 9.9964 9.9964 9.9964 9.9964 9.9964 9.9964 9.9964 9.9964 9.9964 9.9964 9.9964 9.9964 9.9964 9.9964 9.9964 9.9984 9.9984 10.0008 9.9984 
before v = 10.2859 10.2315 10.2315 10.2315 10.2315 10.2315 10.2315 10.2315 10.1978 10.1978 10.1978 10.1978 10.1978 10.1978 10.1978 10.1583 10.1583 10.1583 10.1583 10.1583 10.1583 10.1583 10.1187 10.4748 10.4748 70.4661 10.1286 
Ibias = 9.4000 9.4000 9.4000 9.4000 9.4000 9.4000 9.4000 9.4000 2.0000 2.0000 2.0000 2.0000 2.0000 2.0000 2.0000 2.0000 2.0000 2.0000 2.0000 2.0000 2.0000 2.0000 -2.0000 16.0000 16.0000 10.0000 -11.0000 
fa1 = 28.2779 22.8965 22.8965 22.8965 22.8965 22.8965 22.8965 22.8965 19.5699 19.5699 19.5699 19.5699 19.5699 19.5699 19.5699 15.6564 15.6564 15.6564 15.6564 15.6564 15.6564 15.6564 11.7430 46.9661 46.9661 47.2196 12.7194 
fa2 = 27.9727 22.6491 22.6491 22.6491 22.6491 22.6491 22.6491 22.6491 19.3584 19.3584 19.3584 19.3584 19.3584 19.3584 19.3584 15.4872 15.4872 15.4872 15.4872 15.4872 15.4872 15.4872 11.6163 46.4613 46.4613 47.8441 12.5811 
fa3 = 27.9760 22.6518 22.6518 22.6518 22.6518 22.6518 22.6518 22.6518 19.3607 19.3607 19.3607 19.3607 19.3607 19.3607 19.3607 15.4891 15.4891 15.4891 15.4891 15.4891 15.4891 15.4891 11.6177 46.4667 46.4667 47.8524 12.5826 
fa4 = 27.6756 22.4080 22.4080 22.4080 22.4080 22.4080 22.4080 22.4080 19.1521 19.1521 19.1521 19.1521 19.1521 19.1521 19.1521 15.3221 15.3221 15.3221 15.3221 15.3221 15.3221 15.3221 11.4926 45.9716 45.9716 48.4900 12.4461 
fb1 = -0.3587 -0.3589 -0.3589 -0.3589 -0.3589 -0.3589 -0.3589 -0.3589 -0.3591 -0.3591 -0.3591 -0.3591 -0.3591 -0.3591 -0.3591 -0.3592 -0.3592 -0.3592 -0.3592 -0.3592 -0.3592 -0.3592 -0.3594 -0.1581 -0.1581 0.0818 -0.1595 
fb2 = -0.3581 -0.3584 -0.3584 -0.3584 -0.3584 -0.3584 -0.3584 -0.3584 -0.3586 -0.3586 -0.3586 -0.3586 -0.3586 -0.3586 -0.3586 -0.3588 -0.3588 -0.3588 -0.3588 -0.3588 -0.3588 -0.3588 -0.3591 -0.1571 -0.1571 0.0828 -0.1592 
fb3 = -0.3581 -0.3584 -0.3584 -0.3584 -0.3584 -0.3584 -0.3584 -0.3584 -0.3586 -0.3586 -0.3586 -0.3586 -0.3586 -0.3586 -0.3586 -0.3588 -0.3588 -0.3588 -0.3588 -0.3588 -0.3588 -0.3588 -0.3591 -0.1571 -0.1571 0.0828 -0.1592 
fb4 = -0.3575 -0.3579 -0.3579 -0.3579 -0.3579 -0.3579 -0.3579 -0.3579 -0.3581 -0.3581 -0.3581 -0.3581 -0.3581 -0.3581 -0.3581 -0.3585 -0.3585 -0.3585 -0.3585 -0.3585 -0.3585 -0.3585 -0.3588 -0.1562 -0.1562 0.0837 -0.1589 
I = 14.9000 9.4000 9.4000 9.4000 9.4000 9.4000 9.4000 9.4000 6.0000 6.0000 6.0000 6.0000 6.0000 6.0000 6.0000 2.0000 2.0000 2.0000 2.0000 2.0000 2.0000 2.0000 -2.0000 24.0000 24.0000 10.0000 -11.0000 
S1 = 0.0000 0.0000 0.0000 0.0000 0.0000 0.0000 0.0000 0.0000 0.0000 0.0000 0.0000 0.0000 0.0000 0.0000 0.0000 0.0000 0.0000 0.0000 0.0000 0.0000 0.0000 0.0000 0.0000 0.0000 0.0000 0.0000 0.0000 
S2 = 0.0000 0.0000 0.0000 0.0000 0.0000 0.0000 0.0000 0.0000 0.0000 0.0000 0.0000 0.0000 0.0000 0.0000 0.0000 0.0000 0.0000 0.0000 0.0000 0.0000 0.0000 0.0000 0.0000 0.0000 0.0000 0.0000 0.0000 
u = 9.9928 9.9928 9.9928 9.9928 9.9928 9.9928 9.9928 9.9928 9.9928 9.9928 9.9928 9.9928 9.9928 9.9928 9.9928 9.9928 9.9928 9.9928 9.9928 9.9928 9.9928 9.9928 9.9928 9.9968 9.9968 10.0016 9.9968 
v = 10.5656 10.4580 10.4580 10.4580 10.4580 10.4580 10.4580 10.4580 10.3914 10.3914 10.3914 10.3914 10.3914 10.3914 10.3914 10.3132 10.3132 10.3132 10.3132 10.3132 10.3132 10.3132 10.2349 10.9395 10.9395 70.9446 10.2544 
