ExternalI = 5.5000 0.0000 0.0000 0.0000 0.0000 0.0000 0.0000 0.0000 4.0000 4.0000 4.0000 4.0000 4.0000 4.0000 4.0000 0.0000 0.0000 0.0000 0.0000 0.0000 0.0000 0.0000 0.0000 8.0000 8.0000 0.0000 0.0000 
before u = 9.9337 9.9333 9.9333 9.9333 9.9333 9.9333 9.9333 9.9333 9.9331 9.9331 9.9331 9.9331 9.9331 9.9331 9.9331 9.9329 9.9329 9.9329 9.9329 9.9329 9.9329 9.9329 9.9326 9.9727 9.9727 10.0192 9.9705 
before v = 14.5450 13.6731 13.6731 13.6731 13.6731 13.6731 13.6731 13.6731 13.1360 13.1360 13.1360 13.1360 13.1360 13.1360 13.1360 12.5060 12.5060 12.5060 12.5060 12.5060 12.5060 12.5060 11.8779 17.5996 17.5996 81.6327 12.0316 
Ibias = 9.4000 9.4000 9.4000 9.4000 9.4000 9.4000 9.4000 9.4000 2.0000 2.0000 2.0000 2.0000 2.0000 2.0000 2.0000 2.0000 2.0000 2.0000 2.0000 2.0000 2.0000 2.0000 -2.0000 16.0000 16.0000 10.0000 -11.0000 
fa1 = 19.7936 15.9255 15.9255 15.9255 15.9255 15.9255 15.9255 15.9255 13.5611 13.5611 13.5611 13.5611 13.5611 13.5611 13.5611 10.8052 10.8052 10.8052 10.8052 10.8052 10.8052 10.8052 8.0770 33.6183 33.6183 81.6388 8.7251 
fa2 = 19.6140 15.7757 15.7757 15.7757 15.7757 15.7757 15.7757 15.7757 13.4308 13.4308 13.4308 13.4308 13.4308 13.4308 13.4308 10.6990 10.6990 10.6990 10.6990 10.6990 10.6990 10.6990 7.9960 33.3525 33.3525 83.0860 8.6371 
fa3 = 19.6156 15.7772 15.7772 15.7772 15.7772 15.7772 15.7772 15.7772 13.4321 13.4321 13.4321 13.4321 13.4321 13.4321 13.4321 10.7001 10.7001 10.7001 10.7001 10.7001 10.7001 10.7001 7.9969 33.3546 33.3546 83.1117 8.6380 
fa4 = 19.4383 15.6292 15.6292 15.6292 15.6292 15.6292 15.6292 15.6292 13.3034 13.3034 13.3034 13.3034 13.3034 13.3034 13.3034 10.5952 10.5952 10.5952 10.5952 10.5952 10.5952 10.5952 7.9168 33.0930 33.0930 84.5995 8.5509 
fb1 = -0.3392 -0.3426 -0.3426 -0.3426 -0.3426 -0.3426 -0.3426 -0.3426 -0.3448 -0.3448 -0.3448 -0.3448 -0.3448 -0.3448 -0.3448 -0.3473 -0.3473 -0.3473 -0.3473 -0.3473 -0.3473 -0.3473 -0.3498 -0.1291 -0.1291 0.1261 -0.1513 
fb2 = -0.3387 -0.3423 -0.3423 -0.3423 -0.3423 -0.3423 -0.3423 -0.3423 -0.3444 -0.3444 -0.3444 -0.3444 -0.3444 -0.3444 -0.3444 -0.3470 -0.3470 -0.3470 -0.3470 -0.3470 -0.3470 -0.3470 -0.3496 -0.1284 -0.1284 0.1278 -0.1511 
fb3 = -0.3387 -0.3423 -0.3423 -0.3423 -0.3423 -0.3423 -0.3423 -0.3423 -0.3444 -0.3444 -0.3444 -0.3444 -0.3444 -0.3444 -0.3444 -0.3470 -0.3470 -0.3470 -0.3470 -0.3470 -0.3470 -0.3470 -0.3496 -0.1284 -0.1284 0.1278 -0.1511 
fb4 = -0.3382 -0.3419 -0.3419 -0.3419 -0.3419 -0.3419 -0.3419 -0.3419 -0.3441 -0.3441 -0.3441 -0.3441 -0.3441 -0.3441 -0.3441 -0.3467 -0.3467 -0.3467 -0.3467 -0.3467 -0.3467 -0.3467 -0.3493 -0.1277 -0.1277 0.1294 -0.1509 
I = 14.9000 9.4000 9.4000 9.4000 9.4000 9.4000 9.4000 9.4000 6.0000 6.0000 6.0000 6.0000 6.0000 6.0000 6.0000 2.0000 2.0000 2.0000 2.0000 2.0000 2.0000 2.0000 -2.0000 24.0000 24.0000 10.0000 -11.0000 
S1 = 0.0000 0.0000 0.0000 0.0000 0.0000 0.0000 0.0000 0.0000 0.0000 0.0000 0.0000 0.0000 0.0000 0.0000 0.0000 0.0000 0.0000 0.0000 0.0000 0.0000 0.0000 0.0000 0.0000 0.0000 0.0000 0.0000 0.0000 
S2 = 0.0000 0.0000 0.0000 0.0000 0.0000 0.0000 0.0000 0.0000 0.0000 0.0000 0.0000 0.0000 0.0000 0.0000 0.0000 0.0000 0.0000 0.0000 0.0000 0.0000 0.0000 0.0000 0.0000 0.0000 0.0000 0.0000 0.0000 
u = 9.9303 9.9299 9.9299 9.9299 9.9299 9.9299 9.9299 9.9299 9.9297 9.9297 9.9297 9.9297 9.9297 9.9297 9.9297 9.9294 9.9294 9.9294 9.9294 9.9294 9.9294 9.9294 9.9291 9.9714 9.9714 10.0204 9.9690 
v = 14.7411 13.8308 13.8308 13.8308 13.8308 13.8308 13.8308 13.8308 13.2703 13.2703 13.2703 13.2703 13.2703 13.2703 13.2703 12.6130 12.6130 12.6130 12.6130 12.6130 12.6130 12.6130 11.9579 17.9332 17.9332 82.4638 12.1180 
