ExternalI = 5.5000 0.0000 0.0000 0.0000 0.0000 0.0000 0.0000 0.0000 4.0000 4.0000 4.0000 4.0000 4.0000 4.0000 4.0000 0.0000 0.0000 0.0000 0.0000 0.0000 0.0000 0.0000 0.0000 8.0000 8.0000 0.0000 0.0000 
before u = 9.4066 9.3854 9.3854 9.3854 9.3854 9.3854 9.3854 9.3854 9.3732 9.3732 9.3732 9.3732 9.3732 9.3732 9.3732 9.3597 9.3597 9.3597 9.3597 9.3597 9.3597 9.3597 9.3470 9.8869 9.8869 10.4510 9.7308 
before v = 28.0107 23.5280 23.5280 23.5280 23.5280 23.5280 23.5280 23.5280 21.1235 21.1235 21.1235 21.1235 21.1235 21.1235 21.1235 18.5632 18.5632 18.5632 18.5632 18.5632 18.5632 18.5632 16.2348 57.7793 57.7793 122.1195 17.9045 
Ibias = 9.4000 9.4000 9.4000 9.4000 9.4000 9.4000 9.4000 9.4000 2.0000 2.0000 2.0000 2.0000 2.0000 2.0000 2.0000 2.0000 2.0000 2.0000 2.0000 2.0000 2.0000 2.0000 -2.0000 16.0000 16.0000 10.0000 -11.0000 
fa1 = 2.8452 1.5733 1.5733 1.5733 1.5733 1.5733 1.5733 1.5733 1.1044 1.1044 1.1044 1.1044 1.1044 1.1044 1.1044 0.7343 0.7343 0.7343 0.7343 0.7343 0.7343 0.7343 0.4914 34.3132 34.3132 289.7171 0.7807 
fa2 = 2.8358 1.5659 1.5659 1.5659 1.5659 1.5659 1.5659 1.5659 1.0986 1.0986 1.0986 1.0986 1.0986 1.0986 1.0986 0.7303 0.7303 0.7303 0.7303 0.7303 0.7303 0.7303 0.4887 34.5925 34.5925 299.6059 0.7752 
fa3 = 2.8358 1.5660 1.5660 1.5660 1.5660 1.5660 1.5660 1.5660 1.0987 1.0987 1.0987 1.0987 1.0987 1.0987 1.0987 0.7303 0.7303 0.7303 0.7303 0.7303 0.7303 0.7303 0.4888 34.5948 34.5948 299.9464 0.7752 
fa4 = 2.8264 1.5586 1.5586 1.5586 1.5586 1.5586 1.5586 1.5586 1.0929 1.0929 1.0929 1.0929 1.0929 1.0929 1.0929 0.7263 0.7263 0.7263 0.7263 0.7263 0.7263 0.7263 0.4862 34.8789 34.8789 310.3792 0.7698 
fb1 = -0.2642 -0.2813 -0.2813 -0.2813 -0.2813 -0.2813 -0.2813 -0.2813 -0.2904 -0.2904 -0.2904 -0.2904 -0.2904 -0.2904 -0.2904 -0.3001 -0.3001 -0.3001 -0.3001 -0.3001 -0.3001 -0.3001 -0.3089 0.0334 0.0334 0.2795 -0.1230 
fb2 = -0.2641 -0.2812 -0.2812 -0.2812 -0.2812 -0.2812 -0.2812 -0.2812 -0.2904 -0.2904 -0.2904 -0.2904 -0.2904 -0.2904 -0.2904 -0.3001 -0.3001 -0.3001 -0.3001 -0.3001 -0.3001 -0.3001 -0.3089 0.0341 0.0341 0.2852 -0.1230 
fb3 = -0.2641 -0.2812 -0.2812 -0.2812 -0.2812 -0.2812 -0.2812 -0.2812 -0.2904 -0.2904 -0.2904 -0.2904 -0.2904 -0.2904 -0.2904 -0.3001 -0.3001 -0.3001 -0.3001 -0.3001 -0.3001 -0.3001 -0.3089 0.0341 0.0341 0.2854 -0.1230 
fb4 = -0.2640 -0.2811 -0.2811 -0.2811 -0.2811 -0.2811 -0.2811 -0.2811 -0.2903 -0.2903 -0.2903 -0.2903 -0.2903 -0.2903 -0.2903 -0.3000 -0.3000 -0.3000 -0.3000 -0.3000 -0.3000 -0.3000 -0.3088 0.0348 0.0348 0.2914 -0.1229 
I = 14.9000 9.4000 9.4000 9.4000 9.4000 9.4000 9.4000 9.4000 6.0000 6.0000 6.0000 6.0000 6.0000 6.0000 6.0000 2.0000 2.0000 2.0000 2.0000 2.0000 2.0000 2.0000 -2.0000 24.0000 24.0000 10.0000 -8.5979 
S1 = 0.0000 0.0000 0.0000 0.0000 0.0000 0.0000 0.0000 0.0000 0.0000 0.0000 0.0000 0.0000 0.0000 0.0000 0.0000 0.0000 0.0000 0.0000 0.0000 0.0000 0.0000 0.0000 0.0000 0.0000 0.0000 0.0000 0.0000 
S2 = 0.0000 0.0000 0.0000 0.0000 0.0000 0.0000 0.0000 0.0000 0.0000 0.0000 0.0000 0.0000 0.0000 0.0000 0.0000 0.0000 0.0000 0.0000 0.0000 0.0000 0.0000 0.0000 0.0000 0.0000 0.0000 0.0000 2.4021 
u = 9.4040 9.3826 9.3826 9.3826 9.3826 9.3826 9.3826 9.3826 9.3703 9.3703 9.3703 9.3703 9.3703 9.3703 9.3703 9.3567 9.3567 9.3567 9.3567 9.3567 9.3567 9.3567 9.3439 9.8872 9.8872 10.4538 9.7295 
v = 28.0391 23.5436 23.5436 23.5436 23.5436 23.5436 23.5436 23.5436 21.1345 21.1345 21.1345 21.1345 21.1345 21.1345 21.1345 18.5705 18.5705 18.5705 18.5705 18.5705 18.5705 18.5705 16.2397 58.1253 58.1253 125.1181 17.9123 
