ExternalI = 5.5000 0.0000 0.0000 0.0000 0.0000 0.0000 0.0000 0.0000 4.0000 4.0000 4.0000 4.0000 4.0000 4.0000 4.0000 0.0000 0.0000 0.0000 0.0000 0.0000 0.0000 0.0000 0.0000 8.0000 8.0000 0.0000 0.0000 
before u = 9.4040 9.3826 9.3826 9.3826 9.3826 9.3826 9.3826 9.3826 9.3703 9.3703 9.3703 9.3703 9.3703 9.3703 9.3703 9.3567 9.3567 9.3567 9.3567 9.3567 9.3567 9.3567 9.3439 9.8872 9.8872 10.4538 9.7295 
before v = 28.0391 23.5436 23.5436 23.5436 23.5436 23.5436 23.5436 23.5436 21.1345 21.1345 21.1345 21.1345 21.1345 21.1345 21.1345 18.5705 18.5705 18.5705 18.5705 18.5705 18.5705 18.5705 16.2397 58.1253 58.1253 125.1181 17.9123 
Ibias = 9.4000 9.4000 9.4000 9.4000 9.4000 9.4000 9.4000 9.4000 2.0000 2.0000 2.0000 2.0000 2.0000 2.0000 2.0000 2.0000 2.0000 2.0000 2.0000 2.0000 2.0000 2.0000 -2.0000 16.0000 16.0000 10.0000 -11.0000 
fa1 = 2.8264 1.5586 1.5586 1.5586 1.5586 1.5586 1.5586 1.5586 1.0929 1.0929 1.0929 1.0929 1.0929 1.0929 1.0929 0.7263 0.7263 0.7263 0.7263 0.7263 0.7263 0.7263 0.4862 34.8789 34.8789 310.3736 0.7650 
fa2 = 2.8170 1.5513 1.5513 1.5513 1.5513 1.5513 1.5513 1.5513 1.0872 1.0872 1.0872 1.0872 1.0872 1.0872 1.0872 0.7223 0.7223 0.7223 0.7223 0.7223 0.7223 0.7223 0.4836 35.1677 35.1677 321.3462 0.7596 
fa3 = 2.8170 1.5514 1.5514 1.5514 1.5514 1.5514 1.5514 1.5514 1.0872 1.0872 1.0872 1.0872 1.0872 1.0872 1.0872 0.7223 0.7223 0.7223 0.7223 0.7223 0.7223 0.7223 0.4836 35.1701 35.1701 321.7377 0.7596 
fa4 = 2.8077 1.5441 1.5441 1.5441 1.5441 1.5441 1.5441 1.5441 1.0816 1.0816 1.0816 1.0816 1.0816 1.0816 1.0816 0.7183 0.7183 0.7183 0.7183 0.7183 0.7183 0.7183 0.4810 35.4638 35.4638 333.3367 0.7543 
fb1 = -0.2640 -0.2811 -0.2811 -0.2811 -0.2811 -0.2811 -0.2811 -0.2811 -0.2903 -0.2903 -0.2903 -0.2903 -0.2903 -0.2903 -0.2903 -0.3000 -0.3000 -0.3000 -0.3000 -0.3000 -0.3000 -0.3000 -0.3088 0.0348 0.0348 0.2914 -0.1229 
fb2 = -0.2639 -0.2810 -0.2810 -0.2810 -0.2810 -0.2810 -0.2810 -0.2810 -0.2902 -0.2902 -0.2902 -0.2902 -0.2902 -0.2902 -0.2902 -0.2999 -0.2999 -0.2999 -0.2999 -0.2999 -0.2999 -0.2999 -0.3087 0.0355 0.0355 0.2976 -0.1229 
fb3 = -0.2639 -0.2810 -0.2810 -0.2810 -0.2810 -0.2810 -0.2810 -0.2810 -0.2902 -0.2902 -0.2902 -0.2902 -0.2902 -0.2902 -0.2902 -0.2999 -0.2999 -0.2999 -0.2999 -0.2999 -0.2999 -0.2999 -0.3087 0.0355 0.0355 0.2978 -0.1229 
fb4 = -0.2638 -0.2810 -0.2810 -0.2810 -0.2810 -0.2810 -0.2810 -0.2810 -0.2901 -0.2901 -0.2901 -0.2901 -0.2901 -0.2901 -0.2901 -0.2998 -0.2998 -0.2998 -0.2998 -0.2998 -0.2998 -0.2998 -0.3087 0.0362 0.0362 0.3042 -0.1229 
I = 14.9000 9.4000 9.4000 9.4000 9.4000 9.4000 9.4000 9.4000 6.0000 6.0000 6.0000 6.0000 6.0000 6.0000 6.0000 2.0000 2.0000 2.0000 2.0000 2.0000 2.0000 2.0000 -2.0000 24.0000 24.0000 10.0000 -8.6027 
S1 = 0.0000 0.0000 0.0000 0.0000 0.0000 0.0000 0.0000 0.0000 0.0000 0.0000 0.0000 0.0000 0.0000 0.0000 0.0000 0.0000 0.0000 0.0000 0.0000 0.0000 0.0000 0.0000 0.0000 0.0000 0.0000 0.0000 0.0000 
S2 = 0.0000 0.0000 0.0000 0.0000 0.0000 0.0000 0.0000 0.0000 0.0000 0.0000 0.0000 0.0000 0.0000 0.0000 0.0000 0.0000 0.0000 0.0000 0.0000 0.0000 0.0000 0.0000 0.0000 0.0000 0.0000 0.0000 2.3973 
u = 9.4014 9.3798 9.3798 9.3798 9.3798 9.3798 9.3798 9.3798 9.3674 9.3674 9.3674 9.3674 9.3674 9.3674 9.3674 9.3537 9.3537 9.3537 9.3537 9.3537 9.3537 9.3537 9.3408 9.8876 9.8876 10.4568 9.7283 
v = 28.0672 23.5592 23.5592 23.5592 23.5592 23.5592 23.5592 23.5592 21.1453 21.1453 21.1453 21.1453 21.1453 21.1453 21.1453 18.5778 18.5778 18.5778 18.5778 18.5778 18.5778 18.5778 16.2445 58.4770 58.4770 128.3346 17.9198 
