ExternalI = 5.5000 0.0000 0.0000 0.0000 0.0000 0.0000 0.0000 0.0000 4.0000 4.0000 4.0000 4.0000 4.0000 4.0000 4.0000 0.0000 0.0000 0.0000 0.0000 0.0000 0.0000 0.0000 0.0000 8.0000 8.0000 0.0000 0.0000 
before u = 9.4014 9.3798 9.3798 9.3798 9.3798 9.3798 9.3798 9.3798 9.3674 9.3674 9.3674 9.3674 9.3674 9.3674 9.3674 9.3537 9.3537 9.3537 9.3537 9.3537 9.3537 9.3537 9.3408 9.8876 9.8876 10.4568 9.7283 
before v = 28.0672 23.5592 23.5592 23.5592 23.5592 23.5592 23.5592 23.5592 21.1453 21.1453 21.1453 21.1453 21.1453 21.1453 21.1453 18.5778 18.5778 18.5778 18.5778 18.5778 18.5778 18.5778 16.2445 58.4770 58.4770 128.3346 17.9198 
Ibias = 9.4000 9.4000 9.4000 9.4000 9.4000 9.4000 9.4000 9.4000 2.0000 2.0000 2.0000 2.0000 2.0000 2.0000 2.0000 2.0000 2.0000 2.0000 2.0000 2.0000 2.0000 2.0000 -2.0000 16.0000 16.0000 10.0000 -11.0000 
fa1 = 2.8077 1.5441 1.5441 1.5441 1.5441 1.5441 1.5441 1.5441 1.0816 1.0816 1.0816 1.0816 1.0816 1.0816 1.0816 0.7183 0.7183 0.7183 0.7183 0.7183 0.7183 0.7183 0.4810 35.4638 35.4638 333.3301 0.7495 
fa2 = 2.7985 1.5369 1.5369 1.5369 1.5369 1.5369 1.5369 1.5369 1.0760 1.0760 1.0760 1.0760 1.0760 1.0760 1.0760 0.7144 0.7144 0.7144 0.7144 0.7144 0.7144 0.7144 0.4785 35.7624 35.7624 345.5508 0.7443 
fa3 = 2.7985 1.5370 1.5370 1.5370 1.5370 1.5370 1.5370 1.5370 1.0760 1.0760 1.0760 1.0760 1.0760 1.0760 1.0760 0.7144 0.7144 0.7144 0.7144 0.7144 0.7144 0.7144 0.4785 35.7649 35.7649 346.0031 0.7443 
fa4 = 2.7893 1.5298 1.5298 1.5298 1.5298 1.5298 1.5298 1.5298 1.0704 1.0704 1.0704 1.0704 1.0704 1.0704 1.0704 0.7105 0.7105 0.7105 0.7105 0.7105 0.7105 0.7105 0.4760 36.0687 36.0687 358.9491 0.7391 
fb1 = -0.2638 -0.2810 -0.2810 -0.2810 -0.2810 -0.2810 -0.2810 -0.2810 -0.2901 -0.2901 -0.2901 -0.2901 -0.2901 -0.2901 -0.2901 -0.2998 -0.2998 -0.2998 -0.2998 -0.2998 -0.2998 -0.2998 -0.3087 0.0362 0.0362 0.3042 -0.1229 
fb2 = -0.2637 -0.2809 -0.2809 -0.2809 -0.2809 -0.2809 -0.2809 -0.2809 -0.2900 -0.2900 -0.2900 -0.2900 -0.2900 -0.2900 -0.2900 -0.2998 -0.2998 -0.2998 -0.2998 -0.2998 -0.2998 -0.2998 -0.3086 0.0369 0.0369 0.3108 -0.1229 
fb3 = -0.2637 -0.2809 -0.2809 -0.2809 -0.2809 -0.2809 -0.2809 -0.2809 -0.2900 -0.2900 -0.2900 -0.2900 -0.2900 -0.2900 -0.2900 -0.2998 -0.2998 -0.2998 -0.2998 -0.2998 -0.2998 -0.2998 -0.3086 0.0369 0.0369 0.3111 -0.1229 
fb4 = -0.2636 -0.2808 -0.2808 -0.2808 -0.2808 -0.2808 -0.2808 -0.2808 -0.2900 -0.2900 -0.2900 -0.2900 -0.2900 -0.2900 -0.2900 -0.2997 -0.2997 -0.2997 -0.2997 -0.2997 -0.2997 -0.2997 -0.3085 0.0376 0.0376 0.3180 -0.1228 
I = 14.9000 9.4000 9.4000 9.4000 9.4000 9.4000 9.4000 9.4000 6.0000 6.0000 6.0000 6.0000 6.0000 6.0000 6.0000 2.0000 2.0000 2.0000 2.0000 2.0000 2.0000 2.0000 -2.0000 24.0000 24.0000 10.0000 -8.6075 
S1 = 0.0000 0.0000 0.0000 0.0000 0.0000 0.0000 0.0000 0.0000 0.0000 0.0000 0.0000 0.0000 0.0000 0.0000 0.0000 0.0000 0.0000 0.0000 0.0000 0.0000 0.0000 0.0000 0.0000 0.0000 0.0000 0.0000 0.0000 
S2 = 0.0000 0.0000 0.0000 0.0000 0.0000 0.0000 0.0000 0.0000 0.0000 0.0000 0.0000 0.0000 0.0000 0.0000 0.0000 0.0000 0.0000 0.0000 0.0000 0.0000 0.0000 0.0000 0.0000 0.0000 0.0000 0.0000 2.3925 
u = 9.3987 9.3769 9.3769 9.3769 9.3769 9.3769 9.3769 9.3769 9.3645 9.3645 9.3645 9.3645 9.3645 9.3645 9.3645 9.3507 9.3507 9.3507 9.3507 9.3507 9.3507 9.3507 9.3377 9.8879 9.8879 10.4599 9.7271 
v = 28.0952 23.5745 23.5745 23.5745 23.5745 23.5745 23.5745 23.5745 21.1561 21.1561 21.1561 21.1561 21.1561 21.1561 21.1561 18.5849 18.5849 18.5849 18.5849 18.5849 18.5849 18.5849 16.2493 58.8346 58.8346 131.7936 17.9273 
