ExternalI = 5.5000 0.0000 0.0000 0.0000 0.0000 0.0000 0.0000 0.0000 4.0000 4.0000 4.0000 4.0000 4.0000 4.0000 4.0000 0.0000 0.0000 0.0000 0.0000 0.0000 0.0000 0.0000 0.0000 8.0000 8.0000 0.0000 0.0000 
before u = 9.3987 9.3769 9.3769 9.3769 9.3769 9.3769 9.3769 9.3769 9.3645 9.3645 9.3645 9.3645 9.3645 9.3645 9.3645 9.3507 9.3507 9.3507 9.3507 9.3507 9.3507 9.3507 9.3377 9.8879 9.8879 10.5599 9.7271 
before v = 28.0952 23.5745 23.5745 23.5745 23.5745 23.5745 23.5745 23.5745 21.1561 21.1561 21.1561 21.1561 21.1561 21.1561 21.1561 18.5849 18.5849 18.5849 18.5849 18.5849 18.5849 18.5849 16.2493 58.8346 58.8346 60.5000 17.9273 
Ibias = 9.4000 9.4000 9.4000 9.4000 9.4000 9.4000 9.4000 9.4000 2.0000 2.0000 2.0000 2.0000 2.0000 2.0000 2.0000 2.0000 2.0000 2.0000 2.0000 2.0000 2.0000 2.0000 -2.0000 16.0000 16.0000 10.0000 -11.0000 
fa1 = 2.7893 1.5298 1.5298 1.5298 1.5298 1.5298 1.5298 1.5298 1.0704 1.0704 1.0704 1.0704 1.0704 1.0704 1.0704 0.7105 0.7105 0.7105 0.7105 0.7105 0.7105 0.7105 0.4760 36.0687 36.0687 24.3501 2.2343 
fa2 = 2.7801 1.5227 1.5227 1.5227 1.5227 1.5227 1.5227 1.5227 1.0649 1.0649 1.0649 1.0649 1.0649 1.0649 1.0649 0.7066 0.7066 0.7066 0.7066 0.7066 0.7066 0.7066 0.4735 36.3776 36.3776 24.5746 2.2174 
fa3 = 2.7801 1.5227 1.5227 1.5227 1.5227 1.5227 1.5227 1.5227 1.0649 1.0649 1.0649 1.0649 1.0649 1.0649 1.0649 0.7067 0.7067 0.7067 0.7067 0.7067 0.7067 0.7067 0.4735 36.3803 36.3803 24.5766 2.2176 
fa4 = 2.7710 1.5157 1.5157 1.5157 1.5157 1.5157 1.5157 1.5157 1.0594 1.0594 1.0594 1.0594 1.0594 1.0594 1.0594 0.7028 0.7028 0.7028 0.7028 0.7028 0.7028 0.7028 0.4710 36.6945 36.6945 24.8044 2.2008 
fb1 = -0.2636 -0.2808 -0.2808 -0.2808 -0.2808 -0.2808 -0.2808 -0.2808 -0.2900 -0.2900 -0.2900 -0.2900 -0.2900 -0.2900 -0.2900 -0.2997 -0.2997 -0.2997 -0.2997 -0.2997 -0.2997 -0.2997 -0.3085 0.0376 0.0376 0.0308 -0.1228 
fb2 = -0.2635 -0.2807 -0.2807 -0.2807 -0.2807 -0.2807 -0.2807 -0.2807 -0.2899 -0.2899 -0.2899 -0.2899 -0.2899 -0.2899 -0.2899 -0.2996 -0.2996 -0.2996 -0.2996 -0.2996 -0.2996 -0.2996 -0.3084 0.0383 0.0383 0.0313 -0.1228 
fb3 = -0.2635 -0.2807 -0.2807 -0.2807 -0.2807 -0.2807 -0.2807 -0.2807 -0.2899 -0.2899 -0.2899 -0.2899 -0.2899 -0.2899 -0.2899 -0.2996 -0.2996 -0.2996 -0.2996 -0.2996 -0.2996 -0.2996 -0.3084 0.0383 0.0383 0.0313 -0.1228 
fb4 = -0.2634 -0.2806 -0.2806 -0.2806 -0.2806 -0.2806 -0.2806 -0.2806 -0.2898 -0.2898 -0.2898 -0.2898 -0.2898 -0.2898 -0.2898 -0.2995 -0.2995 -0.2995 -0.2995 -0.2995 -0.2995 -0.2995 -0.3084 0.0390 0.0390 0.0318 -0.1227 
I = 14.9000 9.4000 9.4000 9.4000 9.4000 9.4000 9.4000 9.4000 6.0000 6.0000 6.0000 6.0000 6.0000 6.0000 6.0000 2.0000 2.0000 2.0000 2.0000 2.0000 2.0000 2.0000 -2.0000 24.0000 24.0000 10.0000 -7.1123 
S1 = 0.0000 0.0000 0.0000 0.0000 0.0000 0.0000 0.0000 0.0000 0.0000 0.0000 0.0000 0.0000 0.0000 0.0000 0.0000 0.0000 0.0000 0.0000 0.0000 0.0000 0.0000 0.0000 0.0000 0.0000 0.0000 0.0000 0.0000 
S2 = 0.0000 0.0000 0.0000 0.0000 0.0000 0.0000 0.0000 0.0000 0.0000 0.0000 0.0000 0.0000 0.0000 0.0000 0.0000 0.0000 0.0000 0.0000 0.0000 0.0000 0.0000 0.0000 0.0000 0.0000 0.0000 0.0000 3.8877 
u = 9.3961 9.3741 9.3741 9.3741 9.3741 9.3741 9.3741 9.3741 9.3616 9.3616 9.3616 9.3616 9.3616 9.3616 9.3616 9.3477 9.3477 9.3477 9.3477 9.3477 9.3477 9.3477 9.3346 9.8883 9.8883 10.5602 9.7258 
v = 28.1230 23.5898 23.5898 23.5898 23.5898 23.5898 23.5898 23.5898 21.1667 21.1667 21.1667 21.1667 21.1667 21.1667 21.1667 18.5920 18.5920 18.5920 18.5920 18.5920 18.5920 18.5920 16.2540 59.1984 59.1984 60.7458 17.9495 
