ExternalI = 5.5000 0.0000 0.0000 0.0000 0.0000 0.0000 0.0000 0.0000 4.0000 4.0000 4.0000 4.0000 4.0000 4.0000 4.0000 0.0000 0.0000 0.0000 0.0000 0.0000 0.0000 0.0000 0.0000 8.0000 8.0000 0.0000 0.0000 
before u = 9.3961 9.3741 9.3741 9.3741 9.3741 9.3741 9.3741 9.3741 9.3616 9.3616 9.3616 9.3616 9.3616 9.3616 9.3616 9.3477 9.3477 9.3477 9.3477 9.3477 9.3477 9.3477 9.3346 9.8883 9.8883 10.5602 9.7258 
before v = 28.1230 23.5898 23.5898 23.5898 23.5898 23.5898 23.5898 23.5898 21.1667 21.1667 21.1667 21.1667 21.1667 21.1667 21.1667 18.5920 18.5920 18.5920 18.5920 18.5920 18.5920 18.5920 16.2540 59.1984 59.1984 60.7458 17.9495 
Ibias = 9.4000 9.4000 9.4000 9.4000 9.4000 9.4000 9.4000 9.4000 2.0000 2.0000 2.0000 2.0000 2.0000 2.0000 2.0000 2.0000 2.0000 2.0000 2.0000 2.0000 2.0000 2.0000 -2.0000 16.0000 16.0000 10.0000 -11.0000 
fa1 = 2.7710 1.5157 1.5157 1.5157 1.5157 1.5157 1.5157 1.5157 1.0594 1.0594 1.0594 1.0594 1.0594 1.0594 1.0594 0.7028 0.7028 0.7028 0.7028 0.7028 0.7028 0.7028 0.4710 36.6945 36.6945 24.8044 2.1931 
fa2 = 2.7620 1.5086 1.5086 1.5086 1.5086 1.5086 1.5086 1.5086 1.0539 1.0539 1.0539 1.0539 1.0539 1.0539 1.0539 0.6990 0.6990 0.6990 0.6990 0.6990 0.6990 0.6990 0.4685 37.0142 37.0142 25.0355 2.1765 
fa3 = 2.7620 1.5087 1.5087 1.5087 1.5087 1.5087 1.5087 1.5087 1.0540 1.0540 1.0540 1.0540 1.0540 1.0540 1.0540 0.6990 0.6990 0.6990 0.6990 0.6990 0.6990 0.6990 0.4686 37.0170 37.0170 25.0377 2.1767 
fa4 = 2.7530 1.5017 1.5017 1.5017 1.5017 1.5017 1.5017 1.5017 1.0485 1.0485 1.0485 1.0485 1.0485 1.0485 1.0485 0.6952 0.6952 0.6952 0.6952 0.6952 0.6952 0.6952 0.4661 37.3422 37.3422 25.2722 2.1603 
fb1 = -0.2634 -0.2806 -0.2806 -0.2806 -0.2806 -0.2806 -0.2806 -0.2806 -0.2898 -0.2898 -0.2898 -0.2898 -0.2898 -0.2898 -0.2898 -0.2995 -0.2995 -0.2995 -0.2995 -0.2995 -0.2995 -0.2995 -0.3084 0.0390 0.0390 0.0318 -0.1227 
fb2 = -0.2632 -0.2805 -0.2805 -0.2805 -0.2805 -0.2805 -0.2805 -0.2805 -0.2897 -0.2897 -0.2897 -0.2897 -0.2897 -0.2897 -0.2897 -0.2995 -0.2995 -0.2995 -0.2995 -0.2995 -0.2995 -0.2995 -0.3083 0.0398 0.0398 0.0323 -0.1227 
fb3 = -0.2632 -0.2805 -0.2805 -0.2805 -0.2805 -0.2805 -0.2805 -0.2805 -0.2897 -0.2897 -0.2897 -0.2897 -0.2897 -0.2897 -0.2897 -0.2995 -0.2995 -0.2995 -0.2995 -0.2995 -0.2995 -0.2995 -0.3083 0.0398 0.0398 0.0323 -0.1227 
fb4 = -0.2631 -0.2804 -0.2804 -0.2804 -0.2804 -0.2804 -0.2804 -0.2804 -0.2896 -0.2896 -0.2896 -0.2896 -0.2896 -0.2896 -0.2896 -0.2994 -0.2994 -0.2994 -0.2994 -0.2994 -0.2994 -0.2994 -0.3082 0.0405 0.0405 0.0328 -0.1226 
I = 14.9000 9.4000 9.4000 9.4000 9.4000 9.4000 9.4000 9.4000 6.0000 6.0000 6.0000 6.0000 6.0000 6.0000 6.0000 2.0000 2.0000 2.0000 2.0000 2.0000 2.0000 2.0000 -2.0000 24.0000 24.0000 10.0000 -7.1200 
S1 = 0.0000 0.0000 0.0000 0.0000 0.0000 0.0000 0.0000 0.0000 0.0000 0.0000 0.0000 0.0000 0.0000 0.0000 0.0000 0.0000 0.0000 0.0000 0.0000 0.0000 0.0000 0.0000 0.0000 0.0000 0.0000 0.0000 0.0000 
S2 = 0.0000 0.0000 0.0000 0.0000 0.0000 0.0000 0.0000 0.0000 0.0000 0.0000 0.0000 0.0000 0.0000 0.0000 0.0000 0.0000 0.0000 0.0000 0.0000 0.0000 0.0000 0.0000 0.0000 0.0000 0.0000 0.0000 3.8800 
u = 9.3935 9.3713 9.3713 9.3713 9.3713 9.3713 9.3713 9.3713 9.3587 9.3587 9.3587 9.3587 9.3587 9.3587 9.3587 9.3447 9.3447 9.3447 9.3447 9.3447 9.3447 9.3447 9.3315 9.8887 9.8887 10.5605 9.7246 
v = 28.1506 23.6048 23.6048 23.6048 23.6048 23.6048 23.6048 23.6048 21.1773 21.1773 21.1773 21.1773 21.1773 21.1773 21.1773 18.5990 18.5990 18.5990 18.5990 18.5990 18.5990 18.5990 16.2587 59.5686 59.5686 60.9961 17.9712 
