ExternalI = 5.5000 0.0000 0.0000 0.0000 0.0000 0.0000 0.0000 0.0000 4.0000 4.0000 4.0000 4.0000 4.0000 4.0000 4.0000 0.0000 0.0000 0.0000 0.0000 0.0000 0.0000 0.0000 0.0000 8.0000 8.0000 0.0000 0.0000 
before u = 9.3935 9.3713 9.3713 9.3713 9.3713 9.3713 9.3713 9.3713 9.3587 9.3587 9.3587 9.3587 9.3587 9.3587 9.3587 9.3447 9.3447 9.3447 9.3447 9.3447 9.3447 9.3447 9.3315 9.8887 9.8887 10.5605 9.7246 
before v = 28.1506 23.6048 23.6048 23.6048 23.6048 23.6048 23.6048 23.6048 21.1773 21.1773 21.1773 21.1773 21.1773 21.1773 21.1773 18.5990 18.5990 18.5990 18.5990 18.5990 18.5990 18.5990 16.2587 59.5686 59.5686 60.9961 17.9712 
Ibias = 9.4000 9.4000 9.4000 9.4000 9.4000 9.4000 9.4000 9.4000 2.0000 2.0000 2.0000 2.0000 2.0000 2.0000 2.0000 2.0000 2.0000 2.0000 2.0000 2.0000 2.0000 2.0000 -2.0000 16.0000 16.0000 10.0000 -11.0000 
fa1 = 2.7530 1.5017 1.5017 1.5017 1.5017 1.5017 1.5017 1.5017 1.0485 1.0485 1.0485 1.0485 1.0485 1.0485 1.0485 0.6952 0.6952 0.6952 0.6952 0.6952 0.6952 0.6952 0.4661 37.3422 37.3422 25.2722 2.1525 
fa2 = 2.7440 1.4947 1.4947 1.4947 1.4947 1.4947 1.4947 1.4947 1.0431 1.0431 1.0431 1.0431 1.0431 1.0431 1.0431 0.6915 0.6915 0.6915 0.6915 0.6915 0.6915 0.6915 0.4637 37.6730 37.6730 25.5102 2.1363 
fa3 = 2.7440 1.4948 1.4948 1.4948 1.4948 1.4948 1.4948 1.4948 1.0432 1.0432 1.0432 1.0432 1.0432 1.0432 1.0432 0.6915 0.6915 0.6915 0.6915 0.6915 0.6915 0.6915 0.4637 37.6759 37.6759 25.5124 2.1364 
fa4 = 2.7351 1.4879 1.4879 1.4879 1.4879 1.4879 1.4879 1.4879 1.0378 1.0378 1.0378 1.0378 1.0378 1.0378 1.0378 0.6878 0.6878 0.6878 0.6878 0.6878 0.6878 0.6878 0.4613 38.0126 38.0126 25.7540 2.1204 
fb1 = -0.2631 -0.2804 -0.2804 -0.2804 -0.2804 -0.2804 -0.2804 -0.2804 -0.2896 -0.2896 -0.2896 -0.2896 -0.2896 -0.2896 -0.2896 -0.2994 -0.2994 -0.2994 -0.2994 -0.2994 -0.2994 -0.2994 -0.3082 0.0405 0.0405 0.0328 -0.1226 
fb2 = -0.2630 -0.2803 -0.2803 -0.2803 -0.2803 -0.2803 -0.2803 -0.2803 -0.2896 -0.2896 -0.2896 -0.2896 -0.2896 -0.2896 -0.2896 -0.2993 -0.2993 -0.2993 -0.2993 -0.2993 -0.2993 -0.2993 -0.3082 0.0412 0.0412 0.0333 -0.1226 
fb3 = -0.2630 -0.2803 -0.2803 -0.2803 -0.2803 -0.2803 -0.2803 -0.2803 -0.2896 -0.2896 -0.2896 -0.2896 -0.2896 -0.2896 -0.2896 -0.2993 -0.2993 -0.2993 -0.2993 -0.2993 -0.2993 -0.2993 -0.3082 0.0412 0.0412 0.0333 -0.1226 
fb4 = -0.2629 -0.2803 -0.2803 -0.2803 -0.2803 -0.2803 -0.2803 -0.2803 -0.2895 -0.2895 -0.2895 -0.2895 -0.2895 -0.2895 -0.2895 -0.2992 -0.2992 -0.2992 -0.2992 -0.2992 -0.2992 -0.2992 -0.3081 0.0420 0.0420 0.0338 -0.1225 
I = 14.9000 9.4000 9.4000 9.4000 9.4000 9.4000 9.4000 9.4000 6.0000 6.0000 6.0000 6.0000 6.0000 6.0000 6.0000 2.0000 2.0000 2.0000 2.0000 2.0000 2.0000 2.0000 -2.0000 24.0000 24.0000 10.0000 -7.1278 
S1 = 0.0000 0.0000 0.0000 0.0000 0.0000 0.0000 0.0000 0.0000 0.0000 0.0000 0.0000 0.0000 0.0000 0.0000 0.0000 0.0000 0.0000 0.0000 0.0000 0.0000 0.0000 0.0000 0.0000 0.0000 0.0000 0.0000 0.0000 
S2 = 0.0000 0.0000 0.0000 0.0000 0.0000 0.0000 0.0000 0.0000 0.0000 0.0000 0.0000 0.0000 0.0000 0.0000 0.0000 0.0000 0.0000 0.0000 0.0000 0.0000 0.0000 0.0000 0.0000 0.0000 0.0000 0.0000 3.8722 
u = 9.3908 9.3685 9.3685 9.3685 9.3685 9.3685 9.3685 9.3685 9.3558 9.3558 9.3558 9.3558 9.3558 9.3558 9.3558 9.3417 9.3417 9.3417 9.3417 9.3417 9.3417 9.3417 9.3285 9.8891 9.8891 10.5609 9.7234 
v = 28.1781 23.6198 23.6198 23.6198 23.6198 23.6198 23.6198 23.6198 21.1877 21.1877 21.1877 21.1877 21.1877 21.1877 21.1877 18.6059 18.6059 18.6059 18.6059 18.6059 18.6059 18.6059 16.2634 59.9453 59.9453 61.2513 17.9926 
