ExternalI = 5.5000 0.0000 0.0000 0.0000 0.0000 0.0000 0.0000 0.0000 4.0000 4.0000 4.0000 4.0000 4.0000 4.0000 4.0000 0.0000 0.0000 0.0000 0.0000 0.0000 0.0000 0.0000 0.0000 8.0000 8.0000 0.0000 0.0000 
before u = 9.3908 9.3685 9.3685 9.3685 9.3685 9.3685 9.3685 9.3685 9.3558 9.3558 9.3558 9.3558 9.3558 9.3558 9.3558 9.3417 9.3417 9.3417 9.3417 9.3417 9.3417 9.3417 9.3285 9.8891 9.8891 10.5609 9.7234 
before v = 28.1781 23.6198 23.6198 23.6198 23.6198 23.6198 23.6198 23.6198 21.1877 21.1877 21.1877 21.1877 21.1877 21.1877 21.1877 18.6059 18.6059 18.6059 18.6059 18.6059 18.6059 18.6059 16.2634 59.9453 59.9453 61.2513 17.9926 
Ibias = 9.4000 9.4000 9.4000 9.4000 9.4000 9.4000 9.4000 9.4000 2.0000 2.0000 2.0000 2.0000 2.0000 2.0000 2.0000 2.0000 2.0000 2.0000 2.0000 2.0000 2.0000 2.0000 -2.0000 16.0000 16.0000 10.0000 -11.0000 
fa1 = 2.7351 1.4879 1.4879 1.4879 1.4879 1.4879 1.4879 1.4879 1.0378 1.0378 1.0378 1.0378 1.0378 1.0378 1.0378 0.6878 0.6878 0.6878 0.6878 0.6878 0.6878 0.6878 0.4613 38.0126 38.0126 25.7540 2.1126 
fa2 = 2.7262 1.4810 1.4810 1.4810 1.4810 1.4810 1.4810 1.4810 1.0325 1.0325 1.0325 1.0325 1.0325 1.0325 1.0325 0.6841 0.6841 0.6841 0.6841 0.6841 0.6841 0.6841 0.4589 38.3551 38.3551 25.9992 2.0968 
fa3 = 2.7263 1.4811 1.4811 1.4811 1.4811 1.4811 1.4811 1.4811 1.0325 1.0325 1.0325 1.0325 1.0325 1.0325 1.0325 0.6841 0.6841 0.6841 0.6841 0.6841 0.6841 0.6841 0.4590 38.3582 38.3582 26.0015 2.0969 
fa4 = 2.7174 1.4742 1.4742 1.4742 1.4742 1.4742 1.4742 1.4742 1.0272 1.0272 1.0272 1.0272 1.0272 1.0272 1.0272 0.6804 0.6804 0.6804 0.6804 0.6804 0.6804 0.6804 0.4566 38.7068 38.7068 26.2504 2.0811 
fb1 = -0.2629 -0.2803 -0.2803 -0.2803 -0.2803 -0.2803 -0.2803 -0.2803 -0.2895 -0.2895 -0.2895 -0.2895 -0.2895 -0.2895 -0.2895 -0.2992 -0.2992 -0.2992 -0.2992 -0.2992 -0.2992 -0.2992 -0.3081 0.0420 0.0420 0.0338 -0.1225 
fb2 = -0.2628 -0.2802 -0.2802 -0.2802 -0.2802 -0.2802 -0.2802 -0.2802 -0.2894 -0.2894 -0.2894 -0.2894 -0.2894 -0.2894 -0.2894 -0.2992 -0.2992 -0.2992 -0.2992 -0.2992 -0.2992 -0.2992 -0.3080 0.0428 0.0428 0.0343 -0.1224 
fb3 = -0.2628 -0.2802 -0.2802 -0.2802 -0.2802 -0.2802 -0.2802 -0.2802 -0.2894 -0.2894 -0.2894 -0.2894 -0.2894 -0.2894 -0.2894 -0.2992 -0.2992 -0.2992 -0.2992 -0.2992 -0.2992 -0.2992 -0.3080 0.0428 0.0428 0.0343 -0.1224 
fb4 = -0.2627 -0.2801 -0.2801 -0.2801 -0.2801 -0.2801 -0.2801 -0.2801 -0.2893 -0.2893 -0.2893 -0.2893 -0.2893 -0.2893 -0.2893 -0.2991 -0.2991 -0.2991 -0.2991 -0.2991 -0.2991 -0.2991 -0.3079 0.0435 0.0435 0.0348 -0.1224 
I = 14.9000 9.4000 9.4000 9.4000 9.4000 9.4000 9.4000 9.4000 6.0000 6.0000 6.0000 6.0000 6.0000 6.0000 6.0000 2.0000 2.0000 2.0000 2.0000 2.0000 2.0000 2.0000 -2.0000 24.0000 24.0000 10.0000 -7.1355 
S1 = 0.0000 0.0000 0.0000 0.0000 0.0000 0.0000 0.0000 0.0000 0.0000 0.0000 0.0000 0.0000 0.0000 0.0000 0.0000 0.0000 0.0000 0.0000 0.0000 0.0000 0.0000 0.0000 0.0000 0.0000 0.0000 0.0000 0.0000 
S2 = 0.0000 0.0000 0.0000 0.0000 0.0000 0.0000 0.0000 0.0000 0.0000 0.0000 0.0000 0.0000 0.0000 0.0000 0.0000 0.0000 0.0000 0.0000 0.0000 0.0000 0.0000 0.0000 0.0000 0.0000 0.0000 0.0000 3.8645 
u = 9.3882 9.3657 9.3657 9.3657 9.3657 9.3657 9.3657 9.3657 9.3529 9.3529 9.3529 9.3529 9.3529 9.3529 9.3529 9.3388 9.3388 9.3388 9.3388 9.3388 9.3388 9.3388 9.3254 9.8895 9.8895 10.5612 9.7222 
v = 28.2053 23.6346 23.6346 23.6346 23.6346 23.6346 23.6346 23.6346 21.1980 21.1980 21.1980 21.1980 21.1980 21.1980 21.1980 18.6127 18.6127 18.6127 18.6127 18.6127 18.6127 18.6127 16.2680 60.3289 60.3289 61.5113 18.0136 
