ExternalI = 5.5000 0.0000 0.0000 0.0000 0.0000 0.0000 0.0000 0.0000 4.0000 4.0000 4.0000 4.0000 4.0000 4.0000 4.0000 0.0000 0.0000 0.0000 0.0000 0.0000 0.0000 0.0000 0.0000 8.0000 8.0000 0.0000 0.0000 
before u = 9.3882 9.3657 9.3657 9.3657 9.3657 9.3657 9.3657 9.3657 9.3529 9.3529 9.3529 9.3529 9.3529 9.3529 9.3529 9.3388 9.3388 9.3388 9.3388 9.3388 9.3388 9.3388 9.3254 9.8895 9.8895 10.5612 9.7222 
before v = 28.2053 23.6346 23.6346 23.6346 23.6346 23.6346 23.6346 23.6346 21.1980 21.1980 21.1980 21.1980 21.1980 21.1980 21.1980 18.6127 18.6127 18.6127 18.6127 18.6127 18.6127 18.6127 16.2680 60.3289 60.3289 61.5113 18.0136 
Ibias = 9.4000 9.4000 9.4000 9.4000 9.4000 9.4000 9.4000 9.4000 2.0000 2.0000 2.0000 2.0000 2.0000 2.0000 2.0000 2.0000 2.0000 2.0000 2.0000 2.0000 2.0000 2.0000 -2.0000 16.0000 16.0000 10.0000 -11.0000 
fa1 = 2.7174 1.4742 1.4742 1.4742 1.4742 1.4742 1.4742 1.4742 1.0272 1.0272 1.0272 1.0272 1.0272 1.0272 1.0272 0.6804 0.6804 0.6804 0.6804 0.6804 0.6804 0.6804 0.4566 38.7068 38.7068 26.2504 2.0734 
fa2 = 2.7087 1.4675 1.4675 1.4675 1.4675 1.4675 1.4675 1.4675 1.0220 1.0220 1.0220 1.0220 1.0220 1.0220 1.0220 0.6768 0.6768 0.6768 0.6768 0.6768 0.6768 0.6768 0.4543 39.0616 39.0616 26.5031 2.0579 
fa3 = 2.7087 1.4675 1.4675 1.4675 1.4675 1.4675 1.4675 1.4675 1.0220 1.0220 1.0220 1.0220 1.0220 1.0220 1.0220 0.6768 0.6768 0.6768 0.6768 0.6768 0.6768 0.6768 0.4543 39.0648 39.0648 26.5055 2.0580 
fa4 = 2.6999 1.4608 1.4608 1.4608 1.4608 1.4608 1.4608 1.4608 1.0168 1.0168 1.0168 1.0168 1.0168 1.0168 1.0168 0.6732 0.6732 0.6732 0.6732 0.6732 0.6732 0.6732 0.4520 39.4259 39.4259 26.7620 2.0426 
fb1 = -0.2627 -0.2801 -0.2801 -0.2801 -0.2801 -0.2801 -0.2801 -0.2801 -0.2893 -0.2893 -0.2893 -0.2893 -0.2893 -0.2893 -0.2893 -0.2991 -0.2991 -0.2991 -0.2991 -0.2991 -0.2991 -0.2991 -0.3079 0.0435 0.0435 0.0348 -0.1224 
fb2 = -0.2626 -0.2800 -0.2800 -0.2800 -0.2800 -0.2800 -0.2800 -0.2800 -0.2892 -0.2892 -0.2892 -0.2892 -0.2892 -0.2892 -0.2892 -0.2990 -0.2990 -0.2990 -0.2990 -0.2990 -0.2990 -0.2990 -0.3079 0.0443 0.0443 0.0353 -0.1223 
fb3 = -0.2626 -0.2800 -0.2800 -0.2800 -0.2800 -0.2800 -0.2800 -0.2800 -0.2892 -0.2892 -0.2892 -0.2892 -0.2892 -0.2892 -0.2892 -0.2990 -0.2990 -0.2990 -0.2990 -0.2990 -0.2990 -0.2990 -0.3079 0.0443 0.0443 0.0353 -0.1223 
fb4 = -0.2625 -0.2799 -0.2799 -0.2799 -0.2799 -0.2799 -0.2799 -0.2799 -0.2892 -0.2892 -0.2892 -0.2892 -0.2892 -0.2892 -0.2892 -0.2990 -0.2990 -0.2990 -0.2990 -0.2990 -0.2990 -0.2990 -0.3078 0.0451 0.0451 0.0359 -0.1223 
I = 14.9000 9.4000 9.4000 9.4000 9.4000 9.4000 9.4000 9.4000 6.0000 6.0000 6.0000 6.0000 6.0000 6.0000 6.0000 2.0000 2.0000 2.0000 2.0000 2.0000 2.0000 2.0000 -2.0000 24.0000 24.0000 10.0000 -7.1433 
S1 = 0.0000 0.0000 0.0000 0.0000 0.0000 0.0000 0.0000 0.0000 0.0000 0.0000 0.0000 0.0000 0.0000 0.0000 0.0000 0.0000 0.0000 0.0000 0.0000 0.0000 0.0000 0.0000 0.0000 0.0000 0.0000 0.0000 0.0000 
S2 = 0.0000 0.0000 0.0000 0.0000 0.0000 0.0000 0.0000 0.0000 0.0000 0.0000 0.0000 0.0000 0.0000 0.0000 0.0000 0.0000 0.0000 0.0000 0.0000 0.0000 0.0000 0.0000 0.0000 0.0000 0.0000 0.0000 3.8567 
u = 9.3856 9.3629 9.3629 9.3629 9.3629 9.3629 9.3629 9.3629 9.3500 9.3500 9.3500 9.3500 9.3500 9.3500 9.3500 9.3358 9.3358 9.3358 9.3358 9.3358 9.3358 9.3358 9.3223 9.8900 9.8900 10.5616 9.7209 
v = 28.2324 23.6493 23.6493 23.6493 23.6493 23.6493 23.6493 23.6493 21.2083 21.2083 21.2083 21.2083 21.2083 21.2083 21.2083 18.6195 18.6195 18.6195 18.6195 18.6195 18.6195 18.6195 16.2725 60.7196 60.7196 61.7763 18.0341 
