ExternalI = 5.5000 0.0000 0.0000 0.0000 0.0000 0.0000 0.0000 0.0000 4.0000 4.0000 4.0000 4.0000 4.0000 4.0000 4.0000 0.0000 0.0000 0.0000 0.0000 0.0000 0.0000 0.0000 0.0000 8.0000 8.0000 0.0000 0.0000 
before u = 9.3856 9.3629 9.3629 9.3629 9.3629 9.3629 9.3629 9.3629 9.3500 9.3500 9.3500 9.3500 9.3500 9.3500 9.3500 9.3358 9.3358 9.3358 9.3358 9.3358 9.3358 9.3358 9.3223 9.8900 9.8900 10.5616 9.7209 
before v = 28.2324 23.6493 23.6493 23.6493 23.6493 23.6493 23.6493 23.6493 21.2083 21.2083 21.2083 21.2083 21.2083 21.2083 21.2083 18.6195 18.6195 18.6195 18.6195 18.6195 18.6195 18.6195 16.2725 60.7196 60.7196 61.7763 18.0341 
Ibias = 9.4000 9.4000 9.4000 9.4000 9.4000 9.4000 9.4000 9.4000 2.0000 2.0000 2.0000 2.0000 2.0000 2.0000 2.0000 2.0000 2.0000 2.0000 2.0000 2.0000 2.0000 2.0000 -2.0000 16.0000 16.0000 10.0000 -11.0000 
fa1 = 2.6999 1.4608 1.4608 1.4608 1.4608 1.4608 1.4608 1.4608 1.0168 1.0168 1.0168 1.0168 1.0168 1.0168 1.0168 0.6732 0.6732 0.6732 0.6732 0.6732 0.6732 0.6732 0.4520 39.4259 39.4259 26.7620 2.0349 
fa2 = 2.6913 1.4541 1.4541 1.4541 1.4541 1.4541 1.4541 1.4541 1.0116 1.0116 1.0116 1.0116 1.0116 1.0116 1.0116 0.6696 0.6696 0.6696 0.6696 0.6696 0.6696 0.6696 0.4497 39.7934 39.7934 27.0224 2.0196 
fa3 = 2.6913 1.4541 1.4541 1.4541 1.4541 1.4541 1.4541 1.4541 1.0116 1.0116 1.0116 1.0116 1.0116 1.0116 1.0116 0.6696 0.6696 0.6696 0.6696 0.6696 0.6696 0.6696 0.4497 39.7969 39.7969 27.0250 2.0197 
fa4 = 2.6826 1.4475 1.4475 1.4475 1.4475 1.4475 1.4475 1.4475 1.0065 1.0065 1.0065 1.0065 1.0065 1.0065 1.0065 0.6661 0.6661 0.6661 0.6661 0.6661 0.6661 0.6661 0.4474 40.1710 40.1710 27.2894 2.0046 
fb1 = -0.2625 -0.2799 -0.2799 -0.2799 -0.2799 -0.2799 -0.2799 -0.2799 -0.2892 -0.2892 -0.2892 -0.2892 -0.2892 -0.2892 -0.2892 -0.2990 -0.2990 -0.2990 -0.2990 -0.2990 -0.2990 -0.2990 -0.3078 0.0451 0.0451 0.0359 -0.1223 
fb2 = -0.2624 -0.2798 -0.2798 -0.2798 -0.2798 -0.2798 -0.2798 -0.2798 -0.2891 -0.2891 -0.2891 -0.2891 -0.2891 -0.2891 -0.2891 -0.2989 -0.2989 -0.2989 -0.2989 -0.2989 -0.2989 -0.2989 -0.3077 0.0459 0.0459 0.0364 -0.1222 
fb3 = -0.2624 -0.2798 -0.2798 -0.2798 -0.2798 -0.2798 -0.2798 -0.2798 -0.2891 -0.2891 -0.2891 -0.2891 -0.2891 -0.2891 -0.2891 -0.2989 -0.2989 -0.2989 -0.2989 -0.2989 -0.2989 -0.2989 -0.3077 0.0459 0.0459 0.0364 -0.1222 
fb4 = -0.2623 -0.2798 -0.2798 -0.2798 -0.2798 -0.2798 -0.2798 -0.2798 -0.2890 -0.2890 -0.2890 -0.2890 -0.2890 -0.2890 -0.2890 -0.2988 -0.2988 -0.2988 -0.2988 -0.2988 -0.2988 -0.2988 -0.3077 0.0467 0.0467 0.0369 -0.1222 
I = 14.9000 9.4000 9.4000 9.4000 9.4000 9.4000 9.4000 9.4000 6.0000 6.0000 6.0000 6.0000 6.0000 6.0000 6.0000 2.0000 2.0000 2.0000 2.0000 2.0000 2.0000 2.0000 -2.0000 24.0000 24.0000 10.0000 -7.1510 
S1 = 0.0000 0.0000 0.0000 0.0000 0.0000 0.0000 0.0000 0.0000 0.0000 0.0000 0.0000 0.0000 0.0000 0.0000 0.0000 0.0000 0.0000 0.0000 0.0000 0.0000 0.0000 0.0000 0.0000 0.0000 0.0000 0.0000 0.0000 
S2 = 0.0000 0.0000 0.0000 0.0000 0.0000 0.0000 0.0000 0.0000 0.0000 0.0000 0.0000 0.0000 0.0000 0.0000 0.0000 0.0000 0.0000 0.0000 0.0000 0.0000 0.0000 0.0000 0.0000 0.0000 0.0000 0.0000 3.8490 
u = 9.3829 9.3601 9.3601 9.3601 9.3601 9.3601 9.3601 9.3601 9.3472 9.3472 9.3472 9.3472 9.3472 9.3472 9.3472 9.3328 9.3328 9.3328 9.3328 9.3328 9.3328 9.3328 9.3192 9.8904 9.8904 10.5619 9.7197 
v = 28.2593 23.6638 23.6638 23.6638 23.6638 23.6638 23.6638 23.6638 21.2184 21.2184 21.2184 21.2184 21.2184 21.2184 21.2184 18.6262 18.6262 18.6262 18.6262 18.6262 18.6262 18.6262 16.2770 61.1175 61.1175 62.0466 18.0543 
