ExternalI = 5.5000 0.0000 0.0000 0.0000 0.0000 0.0000 0.0000 0.0000 4.0000 4.0000 4.0000 4.0000 4.0000 4.0000 4.0000 0.0000 0.0000 0.0000 0.0000 0.0000 0.0000 0.0000 0.0000 8.0000 8.0000 0.0000 0.0000 
before u = 9.3829 9.3601 9.3601 9.3601 9.3601 9.3601 9.3601 9.3601 9.3472 9.3472 9.3472 9.3472 9.3472 9.3472 9.3472 9.3328 9.3328 9.3328 9.3328 9.3328 9.3328 9.3328 9.3192 9.8904 9.8904 10.5619 9.7197 
before v = 28.2593 23.6638 23.6638 23.6638 23.6638 23.6638 23.6638 23.6638 21.2184 21.2184 21.2184 21.2184 21.2184 21.2184 21.2184 18.6262 18.6262 18.6262 18.6262 18.6262 18.6262 18.6262 16.2770 61.1175 61.1175 62.0466 18.0543 
Ibias = 9.4000 9.4000 9.4000 9.4000 9.4000 9.4000 9.4000 9.4000 2.0000 2.0000 2.0000 2.0000 2.0000 2.0000 2.0000 2.0000 2.0000 2.0000 2.0000 2.0000 2.0000 2.0000 -2.0000 16.0000 16.0000 10.0000 -11.0000 
fa1 = 2.6826 1.4475 1.4475 1.4475 1.4475 1.4475 1.4475 1.4475 1.0065 1.0065 1.0065 1.0065 1.0065 1.0065 1.0065 0.6661 0.6661 0.6661 0.6661 0.6661 0.6661 0.6661 0.4474 40.1710 40.1710 27.2894 1.9969 
fa2 = 2.6740 1.4409 1.4409 1.4409 1.4409 1.4409 1.4409 1.4409 1.0014 1.0014 1.0014 1.0014 1.0014 1.0014 1.0014 0.6625 0.6625 0.6625 0.6625 0.6625 0.6625 0.6625 0.4452 40.5519 40.5519 27.5579 1.9820 
fa3 = 2.6741 1.4409 1.4409 1.4409 1.4409 1.4409 1.4409 1.4409 1.0014 1.0014 1.0014 1.0014 1.0014 1.0014 1.0014 0.6626 0.6626 0.6626 0.6626 0.6626 0.6626 0.6626 0.4452 40.5555 40.5555 27.5606 1.9821 
fa4 = 2.6655 1.4343 1.4343 1.4343 1.4343 1.4343 1.4343 1.4343 0.9964 0.9964 0.9964 0.9964 0.9964 0.9964 0.9964 0.6591 0.6591 0.6591 0.6591 0.6591 0.6591 0.6591 0.4429 40.9434 40.9434 27.8333 1.9673 
fb1 = -0.2623 -0.2798 -0.2798 -0.2798 -0.2798 -0.2798 -0.2798 -0.2798 -0.2890 -0.2890 -0.2890 -0.2890 -0.2890 -0.2890 -0.2890 -0.2988 -0.2988 -0.2988 -0.2988 -0.2988 -0.2988 -0.2988 -0.3077 0.0467 0.0467 0.0369 -0.1222 
fb2 = -0.2622 -0.2797 -0.2797 -0.2797 -0.2797 -0.2797 -0.2797 -0.2797 -0.2889 -0.2889 -0.2889 -0.2889 -0.2889 -0.2889 -0.2889 -0.2987 -0.2987 -0.2987 -0.2987 -0.2987 -0.2987 -0.2987 -0.3076 0.0475 0.0475 0.0375 -0.1221 
fb3 = -0.2622 -0.2797 -0.2797 -0.2797 -0.2797 -0.2797 -0.2797 -0.2797 -0.2889 -0.2889 -0.2889 -0.2889 -0.2889 -0.2889 -0.2889 -0.2987 -0.2987 -0.2987 -0.2987 -0.2987 -0.2987 -0.2987 -0.3076 0.0475 0.0475 0.0375 -0.1221 
fb4 = -0.2621 -0.2796 -0.2796 -0.2796 -0.2796 -0.2796 -0.2796 -0.2796 -0.2889 -0.2889 -0.2889 -0.2889 -0.2889 -0.2889 -0.2889 -0.2987 -0.2987 -0.2987 -0.2987 -0.2987 -0.2987 -0.2987 -0.3075 0.0483 0.0483 0.0380 -0.1221 
I = 14.9000 9.4000 9.4000 9.4000 9.4000 9.4000 9.4000 9.4000 6.0000 6.0000 6.0000 6.0000 6.0000 6.0000 6.0000 2.0000 2.0000 2.0000 2.0000 2.0000 2.0000 2.0000 -2.0000 24.0000 24.0000 10.0000 -7.1587 
S1 = 0.0000 0.0000 0.0000 0.0000 0.0000 0.0000 0.0000 0.0000 0.0000 0.0000 0.0000 0.0000 0.0000 0.0000 0.0000 0.0000 0.0000 0.0000 0.0000 0.0000 0.0000 0.0000 0.0000 0.0000 0.0000 0.0000 0.0000 
S2 = 0.0000 0.0000 0.0000 0.0000 0.0000 0.0000 0.0000 0.0000 0.0000 0.0000 0.0000 0.0000 0.0000 0.0000 0.0000 0.0000 0.0000 0.0000 0.0000 0.0000 0.0000 0.0000 0.0000 0.0000 0.0000 0.0000 3.8413 
u = 9.3803 9.3573 9.3573 9.3573 9.3573 9.3573 9.3573 9.3573 9.3443 9.3443 9.3443 9.3443 9.3443 9.3443 9.3443 9.3298 9.3298 9.3298 9.3298 9.3298 9.3298 9.3298 9.3161 9.8909 9.8909 10.5623 9.7185 
v = 28.2861 23.6782 23.6782 23.6782 23.6782 23.6782 23.6782 23.6782 21.2284 21.2284 21.2284 21.2284 21.2284 21.2284 21.2284 18.6328 18.6328 18.6328 18.6328 18.6328 18.6328 18.6328 16.2814 61.5231 61.5231 62.3222 18.0742 
