ExternalI = 5.5000 0.0000 0.0000 0.0000 0.0000 0.0000 0.0000 0.0000 4.0000 4.0000 4.0000 4.0000 4.0000 4.0000 4.0000 0.0000 0.0000 0.0000 0.0000 0.0000 0.0000 0.0000 0.0000 8.0000 8.0000 0.0000 0.0000 
before u = 9.9303 9.9299 9.9299 9.9299 9.9299 9.9299 9.9299 9.9299 9.9297 9.9297 9.9297 9.9297 9.9297 9.9297 9.9297 9.9294 9.9294 9.9294 9.9294 9.9294 9.9294 9.9294 9.9291 9.9714 9.9714 10.0204 9.9690 
before v = 14.7411 13.8308 13.8308 13.8308 13.8308 13.8308 13.8308 13.8308 13.2703 13.2703 13.2703 13.2703 13.2703 13.2703 13.2703 12.6130 12.6130 12.6130 12.6130 12.6130 12.6130 12.6130 11.9579 17.9332 17.9332 82.4638 12.1180 
Ibias = 9.4000 9.4000 9.4000 9.4000 9.4000 9.4000 9.4000 9.4000 2.0000 2.0000 2.0000 2.0000 2.0000 2.0000 2.0000 2.0000 2.0000 2.0000 2.0000 2.0000 2.0000 2.0000 -2.0000 16.0000 16.0000 10.0000 -11.0000 
fa1 = 19.4383 15.6292 15.6292 15.6292 15.6292 15.6292 15.6292 15.6292 13.3034 13.3034 13.3034 13.3034 13.3034 13.3034 13.3034 10.5952 10.5952 10.5952 10.5952 10.5952 10.5952 10.5952 7.9168 33.0930 33.0930 84.5992 8.5509 
fa2 = 19.2634 15.4832 15.4832 15.4832 15.4832 15.4832 15.4832 15.4832 13.1764 13.1764 13.1764 13.1764 13.1764 13.1764 13.1764 10.4916 10.4916 10.4916 10.4916 10.4916 10.4916 10.4916 7.8378 32.8358 32.8358 86.1273 8.4649 
fa3 = 19.2650 15.4846 15.4846 15.4846 15.4846 15.4846 15.4846 15.4846 13.1776 13.1776 13.1776 13.1776 13.1776 13.1776 13.1776 10.4926 10.4926 10.4926 10.4926 10.4926 10.4926 10.4926 7.8386 32.8377 32.8377 86.1551 8.4658 
fa4 = 19.0924 15.3404 15.3404 15.3404 15.3404 15.3404 15.3404 15.3404 13.0521 13.0521 13.0521 13.0521 13.0521 13.0521 13.0521 10.3902 10.3902 10.3902 10.3902 10.3902 10.3902 10.3902 7.7604 32.5846 32.5846 87.7267 8.3808 
fb1 = -0.3382 -0.3419 -0.3419 -0.3419 -0.3419 -0.3419 -0.3419 -0.3419 -0.3441 -0.3441 -0.3441 -0.3441 -0.3441 -0.3441 -0.3441 -0.3467 -0.3467 -0.3467 -0.3467 -0.3467 -0.3467 -0.3467 -0.3493 -0.1277 -0.1277 0.1294 -0.1509 
fb2 = -0.3378 -0.3415 -0.3415 -0.3415 -0.3415 -0.3415 -0.3415 -0.3415 -0.3438 -0.3438 -0.3438 -0.3438 -0.3438 -0.3438 -0.3438 -0.3464 -0.3464 -0.3464 -0.3464 -0.3464 -0.3464 -0.3464 -0.3491 -0.1270 -0.1270 0.1311 -0.1507 
fb3 = -0.3378 -0.3415 -0.3415 -0.3415 -0.3415 -0.3415 -0.3415 -0.3415 -0.3438 -0.3438 -0.3438 -0.3438 -0.3438 -0.3438 -0.3438 -0.3464 -0.3464 -0.3464 -0.3464 -0.3464 -0.3464 -0.3464 -0.3491 -0.1270 -0.1270 0.1312 -0.1507 
fb4 = -0.3373 -0.3411 -0.3411 -0.3411 -0.3411 -0.3411 -0.3411 -0.3411 -0.3434 -0.3434 -0.3434 -0.3434 -0.3434 -0.3434 -0.3434 -0.3462 -0.3462 -0.3462 -0.3462 -0.3462 -0.3462 -0.3462 -0.3489 -0.1264 -0.1264 0.1329 -0.1505 
I = 14.9000 9.4000 9.4000 9.4000 9.4000 9.4000 9.4000 9.4000 6.0000 6.0000 6.0000 6.0000 6.0000 6.0000 6.0000 2.0000 2.0000 2.0000 2.0000 2.0000 2.0000 2.0000 -2.0000 24.0000 24.0000 10.0000 -11.0000 
S1 = 0.0000 0.0000 0.0000 0.0000 0.0000 0.0000 0.0000 0.0000 0.0000 0.0000 0.0000 0.0000 0.0000 0.0000 0.0000 0.0000 0.0000 0.0000 0.0000 0.0000 0.0000 0.0000 0.0000 0.0000 0.0000 0.0000 0.0000 
S2 = 0.0000 0.0000 0.0000 0.0000 0.0000 0.0000 0.0000 0.0000 0.0000 0.0000 0.0000 0.0000 0.0000 0.0000 0.0000 0.0000 0.0000 0.0000 0.0000 0.0000 0.0000 0.0000 0.0000 0.0000 0.0000 0.0000 0.0000 
u = 9.9269 9.9265 9.9265 9.9265 9.9265 9.9265 9.9265 9.9265 9.9262 9.9262 9.9262 9.9262 9.9262 9.9262 9.9262 9.9259 9.9259 9.9259 9.9259 9.9259 9.9259 9.9259 9.9256 9.9702 9.9702 10.0218 9.9675 
v = 14.9338 13.9857 13.9857 13.9857 13.9857 13.9857 13.9857 13.9857 13.4021 13.4021 13.4021 13.4021 13.4021 13.4021 13.4021 12.7179 12.7179 12.7179 12.7179 12.7179 12.7179 12.7179 12.0363 18.2615 18.2615 83.3253 12.2026 
