ExternalI = 5.5000 0.0000 0.0000 0.0000 0.0000 0.0000 0.0000 0.0000 4.0000 4.0000 4.0000 4.0000 4.0000 4.0000 4.0000 0.0000 0.0000 0.0000 0.0000 0.0000 0.0000 0.0000 0.0000 8.0000 8.0000 0.0000 0.0000 
before u = 9.3803 9.3573 9.3573 9.3573 9.3573 9.3573 9.3573 9.3573 9.3443 9.3443 9.3443 9.3443 9.3443 9.3443 9.3443 9.3298 9.3298 9.3298 9.3298 9.3298 9.3298 9.3298 9.3161 9.8909 9.8909 10.5623 9.7185 
before v = 28.2861 23.6782 23.6782 23.6782 23.6782 23.6782 23.6782 23.6782 21.2284 21.2284 21.2284 21.2284 21.2284 21.2284 21.2284 18.6328 18.6328 18.6328 18.6328 18.6328 18.6328 18.6328 16.2814 61.5231 61.5231 62.3222 18.0742 
Ibias = 9.4000 9.4000 9.4000 9.4000 9.4000 9.4000 9.4000 9.4000 2.0000 2.0000 2.0000 2.0000 2.0000 2.0000 2.0000 2.0000 2.0000 2.0000 2.0000 2.0000 2.0000 2.0000 -2.0000 16.0000 16.0000 10.0000 -11.0000 
fa1 = 2.6655 1.4343 1.4343 1.4343 1.4343 1.4343 1.4343 1.4343 0.9964 0.9964 0.9964 0.9964 0.9964 0.9964 0.9964 0.6591 0.6591 0.6591 0.6591 0.6591 0.6591 0.6591 0.4429 40.9434 40.9434 27.8333 1.9597 
fa2 = 2.6570 1.4278 1.4278 1.4278 1.4278 1.4278 1.4278 1.4278 0.9913 0.9913 0.9913 0.9913 0.9913 0.9913 0.9913 0.6556 0.6556 0.6556 0.6556 0.6556 0.6556 0.6556 0.4407 41.3382 41.3382 28.1102 1.9451 
fa3 = 2.6571 1.4278 1.4278 1.4278 1.4278 1.4278 1.4278 1.4278 0.9913 0.9913 0.9913 0.9913 0.9913 0.9913 0.9913 0.6556 0.6556 0.6556 0.6556 0.6556 0.6556 0.6556 0.4407 41.3421 41.3421 28.1130 1.9452 
fa4 = 2.6486 1.4213 1.4213 1.4213 1.4213 1.4213 1.4213 1.4213 0.9863 0.9863 0.9863 0.9863 0.9863 0.9863 0.9863 0.6521 0.6521 0.6521 0.6521 0.6521 0.6521 0.6521 0.4385 41.7443 41.7443 28.3943 1.9307 
fb1 = -0.2621 -0.2796 -0.2796 -0.2796 -0.2796 -0.2796 -0.2796 -0.2796 -0.2889 -0.2889 -0.2889 -0.2889 -0.2889 -0.2889 -0.2889 -0.2987 -0.2987 -0.2987 -0.2987 -0.2987 -0.2987 -0.2987 -0.3075 0.0483 0.0483 0.0380 -0.1221 
fb2 = -0.2620 -0.2795 -0.2795 -0.2795 -0.2795 -0.2795 -0.2795 -0.2795 -0.2888 -0.2888 -0.2888 -0.2888 -0.2888 -0.2888 -0.2888 -0.2986 -0.2986 -0.2986 -0.2986 -0.2986 -0.2986 -0.2986 -0.3074 0.0491 0.0491 0.0386 -0.1220 
fb3 = -0.2620 -0.2795 -0.2795 -0.2795 -0.2795 -0.2795 -0.2795 -0.2795 -0.2888 -0.2888 -0.2888 -0.2888 -0.2888 -0.2888 -0.2888 -0.2986 -0.2986 -0.2986 -0.2986 -0.2986 -0.2986 -0.2986 -0.3074 0.0491 0.0491 0.0386 -0.1220 
fb4 = -0.2619 -0.2794 -0.2794 -0.2794 -0.2794 -0.2794 -0.2794 -0.2794 -0.2887 -0.2887 -0.2887 -0.2887 -0.2887 -0.2887 -0.2887 -0.2985 -0.2985 -0.2985 -0.2985 -0.2985 -0.2985 -0.2985 -0.3074 0.0499 0.0499 0.0392 -0.1220 
I = 14.9000 9.4000 9.4000 9.4000 9.4000 9.4000 9.4000 9.4000 6.0000 6.0000 6.0000 6.0000 6.0000 6.0000 6.0000 2.0000 2.0000 2.0000 2.0000 2.0000 2.0000 2.0000 -2.0000 24.0000 24.0000 10.0000 -7.1664 
S1 = 0.0000 0.0000 0.0000 0.0000 0.0000 0.0000 0.0000 0.0000 0.0000 0.0000 0.0000 0.0000 0.0000 0.0000 0.0000 0.0000 0.0000 0.0000 0.0000 0.0000 0.0000 0.0000 0.0000 0.0000 0.0000 0.0000 0.0000 
S2 = 0.0000 0.0000 0.0000 0.0000 0.0000 0.0000 0.0000 0.0000 0.0000 0.0000 0.0000 0.0000 0.0000 0.0000 0.0000 0.0000 0.0000 0.0000 0.0000 0.0000 0.0000 0.0000 0.0000 0.0000 0.0000 0.0000 3.8336 
u = 9.3777 9.3545 9.3545 9.3545 9.3545 9.3545 9.3545 9.3545 9.3414 9.3414 9.3414 9.3414 9.3414 9.3414 9.3414 9.3268 9.3268 9.3268 9.3268 9.3268 9.3268 9.3268 9.3131 9.8914 9.8914 10.5627 9.7173 
v = 28.3126 23.6925 23.6925 23.6925 23.6925 23.6925 23.6925 23.6925 21.2383 21.2383 21.2383 21.2383 21.2383 21.2383 21.2383 18.6394 18.6394 18.6394 18.6394 18.6394 18.6394 18.6394 16.2859 61.9365 61.9365 62.6033 18.0936 
