ExternalI = 5.5000 0.0000 0.0000 0.0000 0.0000 0.0000 0.0000 0.0000 4.0000 4.0000 4.0000 4.0000 4.0000 4.0000 4.0000 0.0000 0.0000 0.0000 0.0000 0.0000 0.0000 0.0000 0.0000 8.0000 8.0000 0.0000 0.0000 
before u = 9.3777 9.3545 9.3545 9.3545 9.3545 9.3545 9.3545 9.3545 9.3414 9.3414 9.3414 9.3414 9.3414 9.3414 9.3414 9.3268 9.3268 9.3268 9.3268 9.3268 9.3268 9.3268 9.3131 9.8914 9.8914 10.5627 9.7173 
before v = 28.3126 23.6925 23.6925 23.6925 23.6925 23.6925 23.6925 23.6925 21.2383 21.2383 21.2383 21.2383 21.2383 21.2383 21.2383 18.6394 18.6394 18.6394 18.6394 18.6394 18.6394 18.6394 16.2859 61.9365 61.9365 62.6033 18.0936 
Ibias = 9.4000 9.4000 9.4000 9.4000 9.4000 9.4000 9.4000 9.4000 2.0000 2.0000 2.0000 2.0000 2.0000 2.0000 2.0000 2.0000 2.0000 2.0000 2.0000 2.0000 2.0000 2.0000 -2.0000 16.0000 16.0000 10.0000 -11.0000 
fa1 = 2.6486 1.4213 1.4213 1.4213 1.4213 1.4213 1.4213 1.4213 0.9863 0.9863 0.9863 0.9863 0.9863 0.9863 0.9863 0.6521 0.6521 0.6521 0.6521 0.6521 0.6521 0.6521 0.4385 41.7442 41.7442 28.3943 1.9230 
fa2 = 2.6402 1.4149 1.4149 1.4149 1.4149 1.4149 1.4149 1.4149 0.9814 0.9814 0.9814 0.9814 0.9814 0.9814 0.9814 0.6487 0.6487 0.6487 0.6487 0.6487 0.6487 0.6487 0.4363 42.1538 42.1538 28.6800 1.9087 
fa3 = 2.6402 1.4149 1.4149 1.4149 1.4149 1.4149 1.4149 1.4149 0.9814 0.9814 0.9814 0.9814 0.9814 0.9814 0.9814 0.6487 0.6487 0.6487 0.6487 0.6487 0.6487 0.6487 0.4364 42.1578 42.1578 28.6829 1.9088 
fa4 = 2.6318 1.4085 1.4085 1.4085 1.4085 1.4085 1.4085 1.4085 0.9765 0.9765 0.9765 0.9765 0.9765 0.9765 0.9765 0.6453 0.6453 0.6453 0.6453 0.6453 0.6453 0.6453 0.4342 42.5750 42.5750 28.9732 1.8946 
fb1 = -0.2619 -0.2794 -0.2794 -0.2794 -0.2794 -0.2794 -0.2794 -0.2794 -0.2887 -0.2887 -0.2887 -0.2887 -0.2887 -0.2887 -0.2887 -0.2985 -0.2985 -0.2985 -0.2985 -0.2985 -0.2985 -0.2985 -0.3074 0.0499 0.0499 0.0392 -0.1220 
fb2 = -0.2618 -0.2793 -0.2793 -0.2793 -0.2793 -0.2793 -0.2793 -0.2793 -0.2886 -0.2886 -0.2886 -0.2886 -0.2886 -0.2886 -0.2886 -0.2984 -0.2984 -0.2984 -0.2984 -0.2984 -0.2984 -0.2984 -0.3073 0.0507 0.0507 0.0397 -0.1219 
fb3 = -0.2618 -0.2793 -0.2793 -0.2793 -0.2793 -0.2793 -0.2793 -0.2793 -0.2886 -0.2886 -0.2886 -0.2886 -0.2886 -0.2886 -0.2886 -0.2984 -0.2984 -0.2984 -0.2984 -0.2984 -0.2984 -0.2984 -0.3073 0.0508 0.0508 0.0397 -0.1219 
fb4 = -0.2616 -0.2792 -0.2792 -0.2792 -0.2792 -0.2792 -0.2792 -0.2792 -0.2885 -0.2885 -0.2885 -0.2885 -0.2885 -0.2885 -0.2885 -0.2984 -0.2984 -0.2984 -0.2984 -0.2984 -0.2984 -0.2984 -0.3072 0.0516 0.0516 0.0403 -0.1219 
I = 14.9000 9.4000 9.4000 9.4000 9.4000 9.4000 9.4000 9.4000 6.0000 6.0000 6.0000 6.0000 6.0000 6.0000 6.0000 2.0000 2.0000 2.0000 2.0000 2.0000 2.0000 2.0000 -2.0000 24.0000 24.0000 10.0000 -7.1740 
S1 = 0.0000 0.0000 0.0000 0.0000 0.0000 0.0000 0.0000 0.0000 0.0000 0.0000 0.0000 0.0000 0.0000 0.0000 0.0000 0.0000 0.0000 0.0000 0.0000 0.0000 0.0000 0.0000 0.0000 0.0000 0.0000 0.0000 0.0000 
S2 = 0.0000 0.0000 0.0000 0.0000 0.0000 0.0000 0.0000 0.0000 0.0000 0.0000 0.0000 0.0000 0.0000 0.0000 0.0000 0.0000 0.0000 0.0000 0.0000 0.0000 0.0000 0.0000 0.0000 0.0000 0.0000 0.0000 3.8260 
u = 9.3751 9.3517 9.3517 9.3517 9.3517 9.3517 9.3517 9.3517 9.3385 9.3385 9.3385 9.3385 9.3385 9.3385 9.3385 9.3238 9.3238 9.3238 9.3238 9.3238 9.3238 9.3238 9.3100 9.8919 9.8919 10.5631 9.7161 
v = 28.3390 23.7067 23.7067 23.7067 23.7067 23.7067 23.7067 23.7067 21.2481 21.2481 21.2481 21.2481 21.2481 21.2481 21.2481 18.6459 18.6459 18.6459 18.6459 18.6459 18.6459 18.6459 16.2902 62.3580 62.3580 62.8901 18.1127 
