ExternalI = 5.5000 0.0000 0.0000 0.0000 0.0000 0.0000 0.0000 0.0000 4.0000 4.0000 4.0000 4.0000 4.0000 4.0000 4.0000 0.0000 0.0000 0.0000 0.0000 0.0000 0.0000 0.0000 0.0000 8.0000 8.0000 0.0000 0.0000 
before u = 9.3751 9.3517 9.3517 9.3517 9.3517 9.3517 9.3517 9.3517 9.3385 9.3385 9.3385 9.3385 9.3385 9.3385 9.3385 9.3238 9.3238 9.3238 9.3238 9.3238 9.3238 9.3238 9.3100 9.8919 9.8919 10.5631 9.7161 
before v = 28.3390 23.7067 23.7067 23.7067 23.7067 23.7067 23.7067 23.7067 21.2481 21.2481 21.2481 21.2481 21.2481 21.2481 21.2481 18.6459 18.6459 18.6459 18.6459 18.6459 18.6459 18.6459 16.2902 62.3580 62.3580 62.8901 18.1127 
Ibias = 9.4000 9.4000 9.4000 9.4000 9.4000 9.4000 9.4000 9.4000 2.0000 2.0000 2.0000 2.0000 2.0000 2.0000 2.0000 2.0000 2.0000 2.0000 2.0000 2.0000 2.0000 2.0000 -2.0000 16.0000 16.0000 10.0000 -11.0000 
fa1 = 2.6318 1.4085 1.4085 1.4085 1.4085 1.4085 1.4085 1.4085 0.9765 0.9765 0.9765 0.9765 0.9765 0.9765 0.9765 0.6453 0.6453 0.6453 0.6453 0.6453 0.6453 0.6453 0.4342 42.5750 42.5750 28.9732 1.8870 
fa2 = 2.6235 1.4021 1.4021 1.4021 1.4021 1.4021 1.4021 1.4021 0.9716 0.9716 0.9716 0.9716 0.9716 0.9716 0.9716 0.6420 0.6420 0.6420 0.6420 0.6420 0.6420 0.6420 0.4320 42.9999 42.9999 29.2681 1.8729 
fa3 = 2.6235 1.4022 1.4022 1.4022 1.4022 1.4022 1.4022 1.4022 0.9716 0.9716 0.9716 0.9716 0.9716 0.9716 0.9716 0.6420 0.6420 0.6420 0.6420 0.6420 0.6420 0.6420 0.4321 43.0041 43.0041 29.2711 1.8730 
fa4 = 2.6152 1.3958 1.3958 1.3958 1.3958 1.3958 1.3958 1.3958 0.9667 0.9667 0.9667 0.9667 0.9667 0.9667 0.9667 0.6386 0.6386 0.6386 0.6386 0.6386 0.6386 0.6386 0.4299 43.4371 43.4371 29.5708 1.8591 
fb1 = -0.2616 -0.2792 -0.2792 -0.2792 -0.2792 -0.2792 -0.2792 -0.2792 -0.2885 -0.2885 -0.2885 -0.2885 -0.2885 -0.2885 -0.2885 -0.2984 -0.2984 -0.2984 -0.2984 -0.2984 -0.2984 -0.2984 -0.3072 0.0516 0.0516 0.0403 -0.1219 
fb2 = -0.2615 -0.2792 -0.2792 -0.2792 -0.2792 -0.2792 -0.2792 -0.2792 -0.2885 -0.2885 -0.2885 -0.2885 -0.2885 -0.2885 -0.2885 -0.2983 -0.2983 -0.2983 -0.2983 -0.2983 -0.2983 -0.2983 -0.3072 0.0524 0.0524 0.0409 -0.1218 
fb3 = -0.2615 -0.2792 -0.2792 -0.2792 -0.2792 -0.2792 -0.2792 -0.2792 -0.2885 -0.2885 -0.2885 -0.2885 -0.2885 -0.2885 -0.2885 -0.2983 -0.2983 -0.2983 -0.2983 -0.2983 -0.2983 -0.2983 -0.3072 0.0524 0.0524 0.0409 -0.1218 
fb4 = -0.2614 -0.2791 -0.2791 -0.2791 -0.2791 -0.2791 -0.2791 -0.2791 -0.2884 -0.2884 -0.2884 -0.2884 -0.2884 -0.2884 -0.2884 -0.2982 -0.2982 -0.2982 -0.2982 -0.2982 -0.2982 -0.2982 -0.3071 0.0533 0.0533 0.0415 -0.1218 
I = 14.9000 9.4000 9.4000 9.4000 9.4000 9.4000 9.4000 9.4000 6.0000 6.0000 6.0000 6.0000 6.0000 6.0000 6.0000 2.0000 2.0000 2.0000 2.0000 2.0000 2.0000 2.0000 -2.0000 24.0000 24.0000 10.0000 -7.1817 
S1 = 0.0000 0.0000 0.0000 0.0000 0.0000 0.0000 0.0000 0.0000 0.0000 0.0000 0.0000 0.0000 0.0000 0.0000 0.0000 0.0000 0.0000 0.0000 0.0000 0.0000 0.0000 0.0000 0.0000 0.0000 0.0000 0.0000 0.0000 
S2 = 0.0000 0.0000 0.0000 0.0000 0.0000 0.0000 0.0000 0.0000 0.0000 0.0000 0.0000 0.0000 0.0000 0.0000 0.0000 0.0000 0.0000 0.0000 0.0000 0.0000 0.0000 0.0000 0.0000 0.0000 0.0000 0.0000 3.8183 
u = 9.3725 9.3490 9.3490 9.3490 9.3490 9.3490 9.3490 9.3490 9.3356 9.3356 9.3356 9.3356 9.3356 9.3356 9.3356 9.3208 9.3208 9.3208 9.3208 9.3208 9.3208 9.3208 9.3069 9.8924 9.8924 10.5635 9.7148 
v = 28.3653 23.7207 23.7207 23.7207 23.7207 23.7207 23.7207 23.7207 21.2578 21.2578 21.2578 21.2578 21.2578 21.2578 21.2578 18.6523 18.6523 18.6523 18.6523 18.6523 18.6523 18.6523 16.2945 62.7881 62.7881 63.1828 18.1314 
