ExternalI = 5.5000 0.0000 0.0000 0.0000 0.0000 0.0000 0.0000 0.0000 4.0000 4.0000 4.0000 4.0000 4.0000 4.0000 4.0000 0.0000 0.0000 0.0000 0.0000 0.0000 0.0000 0.0000 0.0000 8.0000 8.0000 0.0000 0.0000 
before u = 9.3725 9.3490 9.3490 9.3490 9.3490 9.3490 9.3490 9.3490 9.3356 9.3356 9.3356 9.3356 9.3356 9.3356 9.3356 9.3208 9.3208 9.3208 9.3208 9.3208 9.3208 9.3208 9.3069 9.8924 9.8924 10.5635 9.7148 
before v = 28.3653 23.7207 23.7207 23.7207 23.7207 23.7207 23.7207 23.7207 21.2578 21.2578 21.2578 21.2578 21.2578 21.2578 21.2578 18.6523 18.6523 18.6523 18.6523 18.6523 18.6523 18.6523 16.2945 62.7881 62.7881 63.1828 18.1314 
Ibias = 9.4000 9.4000 9.4000 9.4000 9.4000 9.4000 9.4000 9.4000 2.0000 2.0000 2.0000 2.0000 2.0000 2.0000 2.0000 2.0000 2.0000 2.0000 2.0000 2.0000 2.0000 2.0000 -2.0000 16.0000 16.0000 10.0000 -11.0000 
fa1 = 2.6152 1.3958 1.3958 1.3958 1.3958 1.3958 1.3958 1.3958 0.9667 0.9667 0.9667 0.9667 0.9667 0.9667 0.9667 0.6386 0.6386 0.6386 0.6386 0.6386 0.6386 0.6386 0.4299 43.4370 43.4370 29.5708 1.8515 
fa2 = 2.6070 1.3895 1.3895 1.3895 1.3895 1.3895 1.3895 1.3895 0.9619 0.9619 0.9619 0.9619 0.9619 0.9619 0.9619 0.6353 0.6353 0.6353 0.6353 0.6353 0.6353 0.6353 0.4278 43.8780 43.8780 29.8752 1.8378 
fa3 = 2.6070 1.3896 1.3896 1.3896 1.3896 1.3896 1.3896 1.3896 0.9619 0.9619 0.9619 0.9619 0.9619 0.9619 0.9619 0.6353 0.6353 0.6353 0.6353 0.6353 0.6353 0.6353 0.4278 43.8825 43.8825 29.8784 1.8379 
fa4 = 2.5988 1.3833 1.3833 1.3833 1.3833 1.3833 1.3833 1.3833 0.9571 0.9571 0.9571 0.9571 0.9571 0.9571 0.9571 0.6320 0.6320 0.6320 0.6320 0.6320 0.6320 0.6320 0.4258 44.3320 44.3320 30.1878 1.8242 
fb1 = -0.2614 -0.2791 -0.2791 -0.2791 -0.2791 -0.2791 -0.2791 -0.2791 -0.2884 -0.2884 -0.2884 -0.2884 -0.2884 -0.2884 -0.2884 -0.2982 -0.2982 -0.2982 -0.2982 -0.2982 -0.2982 -0.2982 -0.3071 0.0533 0.0533 0.0415 -0.1218 
fb2 = -0.2613 -0.2790 -0.2790 -0.2790 -0.2790 -0.2790 -0.2790 -0.2790 -0.2883 -0.2883 -0.2883 -0.2883 -0.2883 -0.2883 -0.2883 -0.2982 -0.2982 -0.2982 -0.2982 -0.2982 -0.2982 -0.2982 -0.3070 0.0542 0.0542 0.0420 -0.1217 
fb3 = -0.2613 -0.2790 -0.2790 -0.2790 -0.2790 -0.2790 -0.2790 -0.2790 -0.2883 -0.2883 -0.2883 -0.2883 -0.2883 -0.2883 -0.2883 -0.2982 -0.2982 -0.2982 -0.2982 -0.2982 -0.2982 -0.2982 -0.3070 0.0542 0.0542 0.0421 -0.1217 
fb4 = -0.2612 -0.2789 -0.2789 -0.2789 -0.2789 -0.2789 -0.2789 -0.2789 -0.2882 -0.2882 -0.2882 -0.2882 -0.2882 -0.2882 -0.2882 -0.2981 -0.2981 -0.2981 -0.2981 -0.2981 -0.2981 -0.2981 -0.3070 0.0550 0.0550 0.0426 -0.1217 
I = 14.9000 9.4000 9.4000 9.4000 9.4000 9.4000 9.4000 9.4000 6.0000 6.0000 6.0000 6.0000 6.0000 6.0000 6.0000 2.0000 2.0000 2.0000 2.0000 2.0000 2.0000 2.0000 -2.0000 24.0000 24.0000 10.0000 -7.1893 
S1 = 0.0000 0.0000 0.0000 0.0000 0.0000 0.0000 0.0000 0.0000 0.0000 0.0000 0.0000 0.0000 0.0000 0.0000 0.0000 0.0000 0.0000 0.0000 0.0000 0.0000 0.0000 0.0000 0.0000 0.0000 0.0000 0.0000 0.0000 
S2 = 0.0000 0.0000 0.0000 0.0000 0.0000 0.0000 0.0000 0.0000 0.0000 0.0000 0.0000 0.0000 0.0000 0.0000 0.0000 0.0000 0.0000 0.0000 0.0000 0.0000 0.0000 0.0000 0.0000 0.0000 0.0000 0.0000 3.8107 
u = 9.3699 9.3462 9.3462 9.3462 9.3462 9.3462 9.3462 9.3462 9.3327 9.3327 9.3327 9.3327 9.3327 9.3327 9.3327 9.3179 9.3179 9.3179 9.3179 9.3179 9.3179 9.3179 9.3039 9.8930 9.8930 10.5639 9.7136 
v = 28.3914 23.7346 23.7346 23.7346 23.7346 23.7346 23.7346 23.7346 21.2675 21.2675 21.2675 21.2675 21.2675 21.2675 21.2675 18.6586 18.6586 18.6586 18.6586 18.6586 18.6586 18.6586 16.2988 63.2269 63.2269 63.4816 18.1498 
