ExternalI = 5.5000 0.0000 0.0000 0.0000 0.0000 0.0000 0.0000 0.0000 4.0000 4.0000 4.0000 4.0000 4.0000 4.0000 4.0000 0.0000 0.0000 0.0000 0.0000 0.0000 0.0000 0.0000 0.0000 8.0000 8.0000 0.0000 0.0000 
before u = 9.3699 9.3462 9.3462 9.3462 9.3462 9.3462 9.3462 9.3462 9.3327 9.3327 9.3327 9.3327 9.3327 9.3327 9.3327 9.3179 9.3179 9.3179 9.3179 9.3179 9.3179 9.3179 9.3039 9.8930 9.8930 10.5639 9.7136 
before v = 28.3914 23.7346 23.7346 23.7346 23.7346 23.7346 23.7346 23.7346 21.2675 21.2675 21.2675 21.2675 21.2675 21.2675 21.2675 18.6586 18.6586 18.6586 18.6586 18.6586 18.6586 18.6586 16.2988 63.2269 63.2269 63.4816 18.1498 
Ibias = 9.4000 9.4000 9.4000 9.4000 9.4000 9.4000 9.4000 9.4000 2.0000 2.0000 2.0000 2.0000 2.0000 2.0000 2.0000 2.0000 2.0000 2.0000 2.0000 2.0000 2.0000 2.0000 -2.0000 16.0000 16.0000 10.0000 -11.0000 
fa1 = 2.5988 1.3833 1.3833 1.3833 1.3833 1.3833 1.3833 1.3833 0.9571 0.9571 0.9571 0.9571 0.9571 0.9571 0.9571 0.6320 0.6320 0.6320 0.6320 0.6320 0.6320 0.6320 0.4258 44.3319 44.3319 30.1878 1.8166 
fa2 = 2.5907 1.3771 1.3771 1.3771 1.3771 1.3771 1.3771 1.3771 0.9523 0.9523 0.9523 0.9523 0.9523 0.9523 0.9523 0.6288 0.6288 0.6288 0.6288 0.6288 0.6288 0.6288 0.4237 44.7898 44.7898 30.5022 1.8032 
fa3 = 2.5907 1.3771 1.3771 1.3771 1.3771 1.3771 1.3771 1.3771 0.9524 0.9524 0.9524 0.9524 0.9524 0.9524 0.9524 0.6288 0.6288 0.6288 0.6288 0.6288 0.6288 0.6288 0.4237 44.7946 44.7946 30.5055 1.8033 
fa4 = 2.5826 1.3709 1.3709 1.3709 1.3709 1.3709 1.3709 1.3709 0.9476 0.9476 0.9476 0.9476 0.9476 0.9476 0.9476 0.6256 0.6256 0.6256 0.6256 0.6256 0.6256 0.6256 0.4216 45.2613 45.2613 30.8251 1.7899 
fb1 = -0.2612 -0.2789 -0.2789 -0.2789 -0.2789 -0.2789 -0.2789 -0.2789 -0.2882 -0.2882 -0.2882 -0.2882 -0.2882 -0.2882 -0.2882 -0.2981 -0.2981 -0.2981 -0.2981 -0.2981 -0.2981 -0.2981 -0.3070 0.0550 0.0550 0.0426 -0.1217 
fb2 = -0.2611 -0.2788 -0.2788 -0.2788 -0.2788 -0.2788 -0.2788 -0.2788 -0.2882 -0.2882 -0.2882 -0.2882 -0.2882 -0.2882 -0.2882 -0.2980 -0.2980 -0.2980 -0.2980 -0.2980 -0.2980 -0.2980 -0.3069 0.0559 0.0559 0.0432 -0.1216 
fb3 = -0.2611 -0.2788 -0.2788 -0.2788 -0.2788 -0.2788 -0.2788 -0.2788 -0.2882 -0.2882 -0.2882 -0.2882 -0.2882 -0.2882 -0.2882 -0.2980 -0.2980 -0.2980 -0.2980 -0.2980 -0.2980 -0.2980 -0.3069 0.0559 0.0559 0.0433 -0.1216 
fb4 = -0.2610 -0.2787 -0.2787 -0.2787 -0.2787 -0.2787 -0.2787 -0.2787 -0.2881 -0.2881 -0.2881 -0.2881 -0.2881 -0.2881 -0.2881 -0.2979 -0.2979 -0.2979 -0.2979 -0.2979 -0.2979 -0.2979 -0.3068 0.0568 0.0568 0.0439 -0.1216 
I = 14.9000 9.4000 9.4000 9.4000 9.4000 9.4000 9.4000 9.4000 6.0000 6.0000 6.0000 6.0000 6.0000 6.0000 6.0000 2.0000 2.0000 2.0000 2.0000 2.0000 2.0000 2.0000 -2.0000 24.0000 24.0000 10.0000 -7.1969 
S1 = 0.0000 0.0000 0.0000 0.0000 0.0000 0.0000 0.0000 0.0000 0.0000 0.0000 0.0000 0.0000 0.0000 0.0000 0.0000 0.0000 0.0000 0.0000 0.0000 0.0000 0.0000 0.0000 0.0000 0.0000 0.0000 0.0000 0.0000 
S2 = 0.0000 0.0000 0.0000 0.0000 0.0000 0.0000 0.0000 0.0000 0.0000 0.0000 0.0000 0.0000 0.0000 0.0000 0.0000 0.0000 0.0000 0.0000 0.0000 0.0000 0.0000 0.0000 0.0000 0.0000 0.0000 0.0000 3.8031 
u = 9.3672 9.3434 9.3434 9.3434 9.3434 9.3434 9.3434 9.3434 9.3298 9.3298 9.3298 9.3298 9.3298 9.3298 9.3298 9.3149 9.3149 9.3149 9.3149 9.3149 9.3149 9.3149 9.3008 9.8935 9.8935 10.5643 9.7124 
v = 28.4173 23.7483 23.7483 23.7483 23.7483 23.7483 23.7483 23.7483 21.2770 21.2770 21.2770 21.2770 21.2770 21.2770 21.2770 18.6649 18.6649 18.6649 18.6649 18.6649 18.6649 18.6649 16.3031 63.6748 63.6748 63.7866 18.1678 
