ExternalI = 5.5000 0.0000 0.0000 0.0000 0.0000 0.0000 0.0000 0.0000 4.0000 4.0000 4.0000 4.0000 4.0000 4.0000 4.0000 0.0000 0.0000 0.0000 0.0000 0.0000 0.0000 0.0000 0.0000 8.0000 8.0000 0.0000 0.0000 
before u = 9.3672 9.3434 9.3434 9.3434 9.3434 9.3434 9.3434 9.3434 9.3298 9.3298 9.3298 9.3298 9.3298 9.3298 9.3298 9.3149 9.3149 9.3149 9.3149 9.3149 9.3149 9.3149 9.3008 9.8935 9.8935 10.5643 9.7124 
before v = 28.4173 23.7483 23.7483 23.7483 23.7483 23.7483 23.7483 23.7483 21.2770 21.2770 21.2770 21.2770 21.2770 21.2770 21.2770 18.6649 18.6649 18.6649 18.6649 18.6649 18.6649 18.6649 16.3031 63.6748 63.6748 63.7866 18.1678 
Ibias = 9.4000 9.4000 9.4000 9.4000 9.4000 9.4000 9.4000 9.4000 2.0000 2.0000 2.0000 2.0000 2.0000 2.0000 2.0000 2.0000 2.0000 2.0000 2.0000 2.0000 2.0000 2.0000 -2.0000 16.0000 16.0000 10.0000 -11.0000 
fa1 = 2.5826 1.3709 1.3709 1.3709 1.3709 1.3709 1.3709 1.3709 0.9476 0.9476 0.9476 0.9476 0.9476 0.9476 0.9476 0.6256 0.6256 0.6256 0.6256 0.6256 0.6256 0.6256 0.4216 45.2613 45.2613 30.8251 1.7823 
fa2 = 2.5745 1.3648 1.3648 1.3648 1.3648 1.3648 1.3648 1.3648 0.9429 0.9429 0.9429 0.9429 0.9429 0.9429 0.9429 0.6223 0.6223 0.6223 0.6223 0.6223 0.6223 0.6223 0.4196 45.7370 45.7370 31.1500 1.7692 
fa3 = 2.5746 1.3648 1.3648 1.3648 1.3648 1.3648 1.3648 1.3648 0.9429 0.9429 0.9429 0.9429 0.9429 0.9429 0.9429 0.6224 0.6224 0.6224 0.6224 0.6224 0.6224 0.6224 0.4196 45.7420 45.7420 31.1534 1.7693 
fa4 = 2.5665 1.3587 1.3587 1.3587 1.3587 1.3587 1.3587 1.3587 0.9383 0.9383 0.9383 0.9383 0.9383 0.9383 0.9383 0.6192 0.6192 0.6192 0.6192 0.6192 0.6192 0.6192 0.4176 46.2270 46.2270 31.4837 1.7562 
fb1 = -0.2610 -0.2787 -0.2787 -0.2787 -0.2787 -0.2787 -0.2787 -0.2787 -0.2881 -0.2881 -0.2881 -0.2881 -0.2881 -0.2881 -0.2881 -0.2979 -0.2979 -0.2979 -0.2979 -0.2979 -0.2979 -0.2979 -0.3068 0.0568 0.0568 0.0439 -0.1216 
fb2 = -0.2609 -0.2787 -0.2787 -0.2787 -0.2787 -0.2787 -0.2787 -0.2787 -0.2880 -0.2880 -0.2880 -0.2880 -0.2880 -0.2880 -0.2880 -0.2979 -0.2979 -0.2979 -0.2979 -0.2979 -0.2979 -0.2979 -0.3067 0.0577 0.0577 0.0445 -0.1215 
fb3 = -0.2609 -0.2787 -0.2787 -0.2787 -0.2787 -0.2787 -0.2787 -0.2787 -0.2880 -0.2880 -0.2880 -0.2880 -0.2880 -0.2880 -0.2880 -0.2979 -0.2979 -0.2979 -0.2979 -0.2979 -0.2979 -0.2979 -0.3067 0.0577 0.0577 0.0445 -0.1215 
fb4 = -0.2608 -0.2786 -0.2786 -0.2786 -0.2786 -0.2786 -0.2786 -0.2786 -0.2879 -0.2879 -0.2879 -0.2879 -0.2879 -0.2879 -0.2879 -0.2978 -0.2978 -0.2978 -0.2978 -0.2978 -0.2978 -0.2978 -0.3067 0.0586 0.0586 0.0451 -0.1215 
I = 14.9000 9.4000 9.4000 9.4000 9.4000 9.4000 9.4000 9.4000 6.0000 6.0000 6.0000 6.0000 6.0000 6.0000 6.0000 2.0000 2.0000 2.0000 2.0000 2.0000 2.0000 2.0000 -2.0000 24.0000 24.0000 10.0000 -7.2045 
S1 = 0.0000 0.0000 0.0000 0.0000 0.0000 0.0000 0.0000 0.0000 0.0000 0.0000 0.0000 0.0000 0.0000 0.0000 0.0000 0.0000 0.0000 0.0000 0.0000 0.0000 0.0000 0.0000 0.0000 0.0000 0.0000 0.0000 0.0000 
S2 = 0.0000 0.0000 0.0000 0.0000 0.0000 0.0000 0.0000 0.0000 0.0000 0.0000 0.0000 0.0000 0.0000 0.0000 0.0000 0.0000 0.0000 0.0000 0.0000 0.0000 0.0000 0.0000 0.0000 0.0000 0.0000 0.0000 3.7955 
u = 9.3646 9.3406 9.3406 9.3406 9.3406 9.3406 9.3406 9.3406 9.3270 9.3270 9.3270 9.3270 9.3270 9.3270 9.3270 9.3119 9.3119 9.3119 9.3119 9.3119 9.3119 9.3119 9.2977 9.8941 9.8941 10.5648 9.7112 
v = 28.4430 23.7620 23.7620 23.7620 23.7620 23.7620 23.7620 23.7620 21.2864 21.2864 21.2864 21.2864 21.2864 21.2864 21.2864 18.6711 18.6711 18.6711 18.6711 18.6711 18.6711 18.6711 16.3073 64.1322 64.1322 64.0982 18.1855 
