ExternalI = 5.5000 0.0000 0.0000 0.0000 0.0000 0.0000 0.0000 0.0000 4.0000 4.0000 4.0000 4.0000 4.0000 4.0000 4.0000 0.0000 0.0000 0.0000 0.0000 0.0000 0.0000 0.0000 0.0000 8.0000 8.0000 0.0000 0.0000 
before u = 9.3646 9.3406 9.3406 9.3406 9.3406 9.3406 9.3406 9.3406 9.3270 9.3270 9.3270 9.3270 9.3270 9.3270 9.3270 9.3119 9.3119 9.3119 9.3119 9.3119 9.3119 9.3119 9.2977 9.8941 9.8941 10.5648 9.7112 
before v = 28.4430 23.7620 23.7620 23.7620 23.7620 23.7620 23.7620 23.7620 21.2864 21.2864 21.2864 21.2864 21.2864 21.2864 21.2864 18.6711 18.6711 18.6711 18.6711 18.6711 18.6711 18.6711 16.3073 64.1322 64.1322 64.0982 18.1855 
Ibias = 9.4000 9.4000 9.4000 9.4000 9.4000 9.4000 9.4000 9.4000 2.0000 2.0000 2.0000 2.0000 2.0000 2.0000 2.0000 2.0000 2.0000 2.0000 2.0000 2.0000 2.0000 2.0000 -2.0000 16.0000 16.0000 10.0000 -11.0000 
fa1 = 2.5665 1.3587 1.3587 1.3587 1.3587 1.3587 1.3587 1.3587 0.9383 0.9383 0.9383 0.9383 0.9383 0.9383 0.9383 0.6192 0.6192 0.6192 0.6192 0.6192 0.6192 0.6192 0.4176 46.2269 46.2269 31.4837 1.7486 
fa2 = 2.5585 1.3527 1.3527 1.3527 1.3527 1.3527 1.3527 1.3527 0.9336 0.9336 0.9336 0.9336 0.9336 0.9336 0.9336 0.6160 0.6160 0.6160 0.6160 0.6160 0.6160 0.6160 0.4156 46.7212 46.7212 31.8194 1.7357 
fa3 = 2.5586 1.3527 1.3527 1.3527 1.3527 1.3527 1.3527 1.3527 0.9337 0.9337 0.9337 0.9337 0.9337 0.9337 0.9337 0.6160 0.6160 0.6160 0.6160 0.6160 0.6160 0.6160 0.4156 46.7265 46.7265 31.8230 1.7358 
fa4 = 2.5506 1.3467 1.3467 1.3467 1.3467 1.3467 1.3467 1.3467 0.9290 0.9290 0.9290 0.9290 0.9290 0.9290 0.9290 0.6129 0.6129 0.6129 0.6129 0.6129 0.6129 0.6129 0.4136 47.2306 47.2306 32.1644 1.7230 
fb1 = -0.2608 -0.2786 -0.2786 -0.2786 -0.2786 -0.2786 -0.2786 -0.2786 -0.2879 -0.2879 -0.2879 -0.2879 -0.2879 -0.2879 -0.2879 -0.2978 -0.2978 -0.2978 -0.2978 -0.2978 -0.2978 -0.2978 -0.3067 0.0586 0.0586 0.0451 -0.1215 
fb2 = -0.2607 -0.2785 -0.2785 -0.2785 -0.2785 -0.2785 -0.2785 -0.2785 -0.2879 -0.2879 -0.2879 -0.2879 -0.2879 -0.2879 -0.2879 -0.2977 -0.2977 -0.2977 -0.2977 -0.2977 -0.2977 -0.2977 -0.3066 0.0596 0.0596 0.0457 -0.1214 
fb3 = -0.2607 -0.2785 -0.2785 -0.2785 -0.2785 -0.2785 -0.2785 -0.2785 -0.2879 -0.2879 -0.2879 -0.2879 -0.2879 -0.2879 -0.2879 -0.2977 -0.2977 -0.2977 -0.2977 -0.2977 -0.2977 -0.2977 -0.3066 0.0596 0.0596 0.0457 -0.1214 
fb4 = -0.2606 -0.2784 -0.2784 -0.2784 -0.2784 -0.2784 -0.2784 -0.2784 -0.2878 -0.2878 -0.2878 -0.2878 -0.2878 -0.2878 -0.2878 -0.2976 -0.2976 -0.2976 -0.2976 -0.2976 -0.2976 -0.2976 -0.3065 0.0605 0.0605 0.0464 -0.1214 
I = 14.9000 9.4000 9.4000 9.4000 9.4000 9.4000 9.4000 9.4000 6.0000 6.0000 6.0000 6.0000 6.0000 6.0000 6.0000 2.0000 2.0000 2.0000 2.0000 2.0000 2.0000 2.0000 -2.0000 24.0000 24.0000 10.0000 -7.2121 
S1 = 0.0000 0.0000 0.0000 0.0000 0.0000 0.0000 0.0000 0.0000 0.0000 0.0000 0.0000 0.0000 0.0000 0.0000 0.0000 0.0000 0.0000 0.0000 0.0000 0.0000 0.0000 0.0000 0.0000 0.0000 0.0000 0.0000 0.0000 
S2 = 0.0000 0.0000 0.0000 0.0000 0.0000 0.0000 0.0000 0.0000 0.0000 0.0000 0.0000 0.0000 0.0000 0.0000 0.0000 0.0000 0.0000 0.0000 0.0000 0.0000 0.0000 0.0000 0.0000 0.0000 0.0000 0.0000 3.7879 
u = 9.3620 9.3378 9.3378 9.3378 9.3378 9.3378 9.3378 9.3378 9.3241 9.3241 9.3241 9.3241 9.3241 9.3241 9.3241 9.3089 9.3089 9.3089 9.3089 9.3089 9.3089 9.3089 9.2946 9.8947 9.8947 10.5652 9.7100 
v = 28.4686 23.7755 23.7755 23.7755 23.7755 23.7755 23.7755 23.7755 21.2957 21.2957 21.2957 21.2957 21.2957 21.2957 21.2957 18.6773 18.6773 18.6773 18.6773 18.6773 18.6773 18.6773 16.3114 64.5995 64.5995 64.4164 18.2029 
