ExternalI = 5.5000 0.0000 0.0000 0.0000 0.0000 0.0000 0.0000 0.0000 4.0000 4.0000 4.0000 4.0000 4.0000 4.0000 4.0000 0.0000 0.0000 0.0000 0.0000 0.0000 0.0000 0.0000 0.0000 8.0000 8.0000 0.0000 0.0000 
before u = 9.3620 9.3378 9.3378 9.3378 9.3378 9.3378 9.3378 9.3378 9.3241 9.3241 9.3241 9.3241 9.3241 9.3241 9.3241 9.3089 9.3089 9.3089 9.3089 9.3089 9.3089 9.3089 9.2946 9.8947 9.8947 10.5652 9.7100 
before v = 28.4686 23.7755 23.7755 23.7755 23.7755 23.7755 23.7755 23.7755 21.2957 21.2957 21.2957 21.2957 21.2957 21.2957 21.2957 18.6773 18.6773 18.6773 18.6773 18.6773 18.6773 18.6773 16.3114 64.5995 64.5995 64.4164 18.2029 
Ibias = 9.4000 9.4000 9.4000 9.4000 9.4000 9.4000 9.4000 9.4000 2.0000 2.0000 2.0000 2.0000 2.0000 2.0000 2.0000 2.0000 2.0000 2.0000 2.0000 2.0000 2.0000 2.0000 -2.0000 16.0000 16.0000 10.0000 -11.0000 
fa1 = 2.5506 1.3467 1.3467 1.3467 1.3467 1.3467 1.3467 1.3467 0.9290 0.9290 0.9290 0.9290 0.9290 0.9290 0.9290 0.6129 0.6129 0.6129 0.6129 0.6129 0.6129 0.6129 0.4136 47.2306 47.2306 32.1644 1.7154 
fa2 = 2.5427 1.3407 1.3407 1.3407 1.3407 1.3407 1.3407 1.3407 0.9245 0.9245 0.9245 0.9245 0.9245 0.9245 0.9245 0.6097 0.6097 0.6097 0.6097 0.6097 0.6097 0.6097 0.4116 47.7445 47.7445 32.5115 1.7028 
fa3 = 2.5427 1.3407 1.3407 1.3407 1.3407 1.3407 1.3407 1.3407 0.9245 0.9245 0.9245 0.9245 0.9245 0.9245 0.9245 0.6098 0.6098 0.6098 0.6098 0.6098 0.6098 0.6098 0.4117 47.7501 47.7501 32.5153 1.7029 
fa4 = 2.5349 1.3347 1.3347 1.3347 1.3347 1.3347 1.3347 1.3347 0.9199 0.9199 0.9199 0.9199 0.9199 0.9199 0.9199 0.6066 0.6066 0.6066 0.6066 0.6066 0.6066 0.6066 0.4097 48.2743 48.2743 32.8683 1.6904 
fb1 = -0.2606 -0.2784 -0.2784 -0.2784 -0.2784 -0.2784 -0.2784 -0.2784 -0.2878 -0.2878 -0.2878 -0.2878 -0.2878 -0.2878 -0.2878 -0.2976 -0.2976 -0.2976 -0.2976 -0.2976 -0.2976 -0.2976 -0.3065 0.0605 0.0605 0.0464 -0.1214 
fb2 = -0.2605 -0.2783 -0.2783 -0.2783 -0.2783 -0.2783 -0.2783 -0.2783 -0.2877 -0.2877 -0.2877 -0.2877 -0.2877 -0.2877 -0.2877 -0.2976 -0.2976 -0.2976 -0.2976 -0.2976 -0.2976 -0.2976 -0.3065 0.0614 0.0614 0.0470 -0.1213 
fb3 = -0.2605 -0.2783 -0.2783 -0.2783 -0.2783 -0.2783 -0.2783 -0.2783 -0.2877 -0.2877 -0.2877 -0.2877 -0.2877 -0.2877 -0.2877 -0.2976 -0.2976 -0.2976 -0.2976 -0.2976 -0.2976 -0.2976 -0.3065 0.0615 0.0615 0.0470 -0.1213 
fb4 = -0.2604 -0.2782 -0.2782 -0.2782 -0.2782 -0.2782 -0.2782 -0.2782 -0.2876 -0.2876 -0.2876 -0.2876 -0.2876 -0.2876 -0.2876 -0.2975 -0.2975 -0.2975 -0.2975 -0.2975 -0.2975 -0.2975 -0.3064 0.0624 0.0624 0.0477 -0.1213 
I = 14.9000 9.4000 9.4000 9.4000 9.4000 9.4000 9.4000 9.4000 6.0000 6.0000 6.0000 6.0000 6.0000 6.0000 6.0000 2.0000 2.0000 2.0000 2.0000 2.0000 2.0000 2.0000 -2.0000 24.0000 24.0000 10.0000 -7.2197 
S1 = 0.0000 0.0000 0.0000 0.0000 0.0000 0.0000 0.0000 0.0000 0.0000 0.0000 0.0000 0.0000 0.0000 0.0000 0.0000 0.0000 0.0000 0.0000 0.0000 0.0000 0.0000 0.0000 0.0000 0.0000 0.0000 0.0000 0.0000 
S2 = 0.0000 0.0000 0.0000 0.0000 0.0000 0.0000 0.0000 0.0000 0.0000 0.0000 0.0000 0.0000 0.0000 0.0000 0.0000 0.0000 0.0000 0.0000 0.0000 0.0000 0.0000 0.0000 0.0000 0.0000 0.0000 0.0000 3.7803 
u = 9.3594 9.3350 9.3350 9.3350 9.3350 9.3350 9.3350 9.3350 9.3212 9.3212 9.3212 9.3212 9.3212 9.3212 9.3212 9.3059 9.3059 9.3059 9.3059 9.3059 9.3059 9.3059 9.2916 9.8953 9.8953 10.5657 9.7088 
v = 28.4940 23.7889 23.7889 23.7889 23.7889 23.7889 23.7889 23.7889 21.3050 21.3050 21.3050 21.3050 21.3050 21.3050 21.3050 18.6834 18.6834 18.6834 18.6834 18.6834 18.6834 18.6834 16.3155 65.0770 65.0770 64.7415 18.2199 
