ExternalI = 5.5000 0.0000 0.0000 0.0000 0.0000 0.0000 0.0000 0.0000 4.0000 4.0000 4.0000 4.0000 4.0000 4.0000 4.0000 0.0000 0.0000 0.0000 0.0000 0.0000 0.0000 0.0000 0.0000 8.0000 8.0000 0.0000 0.0000 
before u = 9.3594 9.3350 9.3350 9.3350 9.3350 9.3350 9.3350 9.3350 9.3212 9.3212 9.3212 9.3212 9.3212 9.3212 9.3212 9.3059 9.3059 9.3059 9.3059 9.3059 9.3059 9.3059 9.2916 9.8953 9.8953 10.5657 9.7088 
before v = 28.4940 23.7889 23.7889 23.7889 23.7889 23.7889 23.7889 23.7889 21.3050 21.3050 21.3050 21.3050 21.3050 21.3050 21.3050 18.6834 18.6834 18.6834 18.6834 18.6834 18.6834 18.6834 16.3155 65.0770 65.0770 64.7415 18.2199 
Ibias = 9.4000 9.4000 9.4000 9.4000 9.4000 9.4000 9.4000 9.4000 2.0000 2.0000 2.0000 2.0000 2.0000 2.0000 2.0000 2.0000 2.0000 2.0000 2.0000 2.0000 2.0000 2.0000 -2.0000 16.0000 16.0000 10.0000 -11.0000 
fa1 = 2.5349 1.3347 1.3347 1.3347 1.3347 1.3347 1.3347 1.3347 0.9199 0.9199 0.9199 0.9199 0.9199 0.9199 0.9199 0.6066 0.6066 0.6066 0.6066 0.6066 0.6066 0.6066 0.4097 48.2743 48.2743 32.8683 1.6828 
fa2 = 2.5271 1.3288 1.3288 1.3288 1.3288 1.3288 1.3288 1.3288 0.9154 0.9154 0.9154 0.9154 0.9154 0.9154 0.9154 0.6036 0.6036 0.6036 0.6036 0.6036 0.6036 0.6036 0.4078 48.8088 48.8088 33.2273 1.6704 
fa3 = 2.5271 1.3288 1.3288 1.3288 1.3288 1.3288 1.3288 1.3288 0.9154 0.9154 0.9154 0.9154 0.9154 0.9154 0.9154 0.6036 0.6036 0.6036 0.6036 0.6036 0.6036 0.6036 0.4078 48.8147 48.8147 33.2312 1.6705 
fa4 = 2.5193 1.3229 1.3229 1.3229 1.3229 1.3229 1.3229 1.3229 0.9110 0.9110 0.9110 0.9110 0.9110 0.9110 0.9110 0.6005 0.6005 0.6005 0.6005 0.6005 0.6005 0.6005 0.4058 49.3601 49.3601 33.5964 1.6583 
fb1 = -0.2604 -0.2782 -0.2782 -0.2782 -0.2782 -0.2782 -0.2782 -0.2782 -0.2876 -0.2876 -0.2876 -0.2876 -0.2876 -0.2876 -0.2876 -0.2975 -0.2975 -0.2975 -0.2975 -0.2975 -0.2975 -0.2975 -0.3064 0.0624 0.0624 0.0477 -0.1213 
fb2 = -0.2603 -0.2782 -0.2782 -0.2782 -0.2782 -0.2782 -0.2782 -0.2782 -0.2876 -0.2876 -0.2876 -0.2876 -0.2876 -0.2876 -0.2876 -0.2974 -0.2974 -0.2974 -0.2974 -0.2974 -0.2974 -0.2974 -0.3063 0.0634 0.0634 0.0483 -0.1212 
fb3 = -0.2603 -0.2782 -0.2782 -0.2782 -0.2782 -0.2782 -0.2782 -0.2782 -0.2876 -0.2876 -0.2876 -0.2876 -0.2876 -0.2876 -0.2876 -0.2974 -0.2974 -0.2974 -0.2974 -0.2974 -0.2974 -0.2974 -0.3063 0.0634 0.0634 0.0483 -0.1213 
fb4 = -0.2602 -0.2781 -0.2781 -0.2781 -0.2781 -0.2781 -0.2781 -0.2781 -0.2875 -0.2875 -0.2875 -0.2875 -0.2875 -0.2875 -0.2875 -0.2974 -0.2974 -0.2974 -0.2974 -0.2974 -0.2974 -0.2974 -0.3063 0.0643 0.0643 0.0490 -0.1212 
I = 14.9000 9.4000 9.4000 9.4000 9.4000 9.4000 9.4000 9.4000 6.0000 6.0000 6.0000 6.0000 6.0000 6.0000 6.0000 2.0000 2.0000 2.0000 2.0000 2.0000 2.0000 2.0000 -2.0000 24.0000 24.0000 10.0000 -7.2273 
S1 = 0.0000 0.0000 0.0000 0.0000 0.0000 0.0000 0.0000 0.0000 0.0000 0.0000 0.0000 0.0000 0.0000 0.0000 0.0000 0.0000 0.0000 0.0000 0.0000 0.0000 0.0000 0.0000 0.0000 0.0000 0.0000 0.0000 0.0000 
S2 = 0.0000 0.0000 0.0000 0.0000 0.0000 0.0000 0.0000 0.0000 0.0000 0.0000 0.0000 0.0000 0.0000 0.0000 0.0000 0.0000 0.0000 0.0000 0.0000 0.0000 0.0000 0.0000 0.0000 0.0000 0.0000 0.0000 3.7727 
u = 9.3568 9.3322 9.3322 9.3322 9.3322 9.3322 9.3322 9.3322 9.3183 9.3183 9.3183 9.3183 9.3183 9.3183 9.3183 9.3030 9.3030 9.3030 9.3030 9.3030 9.3030 9.3030 9.2885 9.8960 9.8960 10.5662 9.7076 
v = 28.5193 23.8022 23.8022 23.8022 23.8022 23.8022 23.8022 23.8022 21.3141 21.3141 21.3141 21.3141 21.3141 21.3141 21.3141 18.6894 18.6894 18.6894 18.6894 18.6894 18.6894 18.6894 16.3196 65.5651 65.5651 65.0738 18.2366 
