ExternalI = 5.5000 0.0000 0.0000 0.0000 0.0000 0.0000 0.0000 0.0000 4.0000 4.0000 4.0000 4.0000 4.0000 4.0000 4.0000 0.0000 0.0000 0.0000 0.0000 0.0000 0.0000 0.0000 0.0000 8.0000 8.0000 0.0000 0.0000 
before u = 9.3568 9.3322 9.3322 9.3322 9.3322 9.3322 9.3322 9.3322 9.3183 9.3183 9.3183 9.3183 9.3183 9.3183 9.3183 9.3030 9.3030 9.3030 9.3030 9.3030 9.3030 9.3030 9.2885 9.8960 9.8960 10.5662 9.7076 
before v = 28.5193 23.8022 23.8022 23.8022 23.8022 23.8022 23.8022 23.8022 21.3141 21.3141 21.3141 21.3141 21.3141 21.3141 21.3141 18.6894 18.6894 18.6894 18.6894 18.6894 18.6894 18.6894 16.3196 65.5651 65.5651 65.0738 18.2366 
Ibias = 9.4000 9.4000 9.4000 9.4000 9.4000 9.4000 9.4000 9.4000 2.0000 2.0000 2.0000 2.0000 2.0000 2.0000 2.0000 2.0000 2.0000 2.0000 2.0000 2.0000 2.0000 2.0000 -2.0000 16.0000 16.0000 10.0000 -11.0000 
fa1 = 2.5193 1.3229 1.3229 1.3229 1.3229 1.3229 1.3229 1.3229 0.9110 0.9110 0.9110 0.9110 0.9110 0.9110 0.9110 0.6005 0.6005 0.6005 0.6005 0.6005 0.6005 0.6005 0.4058 49.3601 49.3601 33.5964 1.6507 
fa2 = 2.5116 1.3171 1.3171 1.3171 1.3171 1.3171 1.3171 1.3171 0.9065 0.9065 0.9065 0.9065 0.9065 0.9065 0.9065 0.5975 0.5975 0.5975 0.5975 0.5975 0.5975 0.5975 0.4039 49.9163 49.9163 33.9679 1.6386 
fa3 = 2.5116 1.3171 1.3171 1.3171 1.3171 1.3171 1.3171 1.3171 0.9065 0.9065 0.9065 0.9065 0.9065 0.9065 0.9065 0.5975 0.5975 0.5975 0.5975 0.5975 0.5975 0.5975 0.4040 49.9226 49.9226 33.9720 1.6387 
fa4 = 2.5039 1.3113 1.3113 1.3113 1.3113 1.3113 1.3113 1.3113 0.9021 0.9021 0.9021 0.9021 0.9021 0.9021 0.9021 0.5945 0.5945 0.5945 0.5945 0.5945 0.5945 0.5945 0.4021 50.4903 50.4903 34.3499 1.6267 
fb1 = -0.2602 -0.2781 -0.2781 -0.2781 -0.2781 -0.2781 -0.2781 -0.2781 -0.2875 -0.2875 -0.2875 -0.2875 -0.2875 -0.2875 -0.2875 -0.2974 -0.2974 -0.2974 -0.2974 -0.2974 -0.2974 -0.2974 -0.3063 0.0643 0.0643 0.0490 -0.1212 
fb2 = -0.2601 -0.2780 -0.2780 -0.2780 -0.2780 -0.2780 -0.2780 -0.2780 -0.2874 -0.2874 -0.2874 -0.2874 -0.2874 -0.2874 -0.2874 -0.2973 -0.2973 -0.2973 -0.2973 -0.2973 -0.2973 -0.2973 -0.3062 0.0653 0.0653 0.0496 -0.1212 
fb3 = -0.2601 -0.2780 -0.2780 -0.2780 -0.2780 -0.2780 -0.2780 -0.2780 -0.2874 -0.2874 -0.2874 -0.2874 -0.2874 -0.2874 -0.2874 -0.2973 -0.2973 -0.2973 -0.2973 -0.2973 -0.2973 -0.2973 -0.3062 0.0653 0.0653 0.0496 -0.1212 
fb4 = -0.2600 -0.2779 -0.2779 -0.2779 -0.2779 -0.2779 -0.2779 -0.2779 -0.2873 -0.2873 -0.2873 -0.2873 -0.2873 -0.2873 -0.2873 -0.2972 -0.2972 -0.2972 -0.2972 -0.2972 -0.2972 -0.2972 -0.3061 0.0663 0.0663 0.0503 -0.1211 
I = 14.9000 9.4000 9.4000 9.4000 9.4000 9.4000 9.4000 9.4000 6.0000 6.0000 6.0000 6.0000 6.0000 6.0000 6.0000 2.0000 2.0000 2.0000 2.0000 2.0000 2.0000 2.0000 -2.0000 24.0000 24.0000 10.0000 -7.2348 
S1 = 0.0000 0.0000 0.0000 0.0000 0.0000 0.0000 0.0000 0.0000 0.0000 0.0000 0.0000 0.0000 0.0000 0.0000 0.0000 0.0000 0.0000 0.0000 0.0000 0.0000 0.0000 0.0000 0.0000 0.0000 0.0000 0.0000 0.0000 
S2 = 0.0000 0.0000 0.0000 0.0000 0.0000 0.0000 0.0000 0.0000 0.0000 0.0000 0.0000 0.0000 0.0000 0.0000 0.0000 0.0000 0.0000 0.0000 0.0000 0.0000 0.0000 0.0000 0.0000 0.0000 0.0000 0.0000 3.7652 
u = 9.3542 9.3295 9.3295 9.3295 9.3295 9.3295 9.3295 9.3295 9.3155 9.3155 9.3155 9.3155 9.3155 9.3155 9.3155 9.3000 9.3000 9.3000 9.3000 9.3000 9.3000 9.3000 9.2855 9.8966 9.8966 10.5667 9.7063 
v = 28.5444 23.8154 23.8154 23.8154 23.8154 23.8154 23.8154 23.8154 21.3232 21.3232 21.3232 21.3232 21.3232 21.3232 21.3232 18.6954 18.6954 18.6954 18.6954 18.6954 18.6954 18.6954 16.3236 66.0643 66.0643 65.4135 18.2530 
