ExternalI = 5.5000 0.0000 0.0000 0.0000 0.0000 0.0000 0.0000 0.0000 4.0000 4.0000 4.0000 4.0000 4.0000 4.0000 4.0000 0.0000 0.0000 0.0000 0.0000 0.0000 0.0000 0.0000 0.0000 8.0000 8.0000 0.0000 0.0000 
before u = 9.9269 9.9265 9.9265 9.9265 9.9265 9.9265 9.9265 9.9265 9.9262 9.9262 9.9262 9.9262 9.9262 9.9262 9.9262 9.9259 9.9259 9.9259 9.9259 9.9259 9.9259 9.9259 9.9256 9.9702 9.9702 10.0218 9.9675 
before v = 14.9338 13.9857 13.9857 13.9857 13.9857 13.9857 13.9857 13.9857 13.4021 13.4021 13.4021 13.4021 13.4021 13.4021 13.4021 12.7179 12.7179 12.7179 12.7179 12.7179 12.7179 12.7179 12.0363 18.2615 18.2615 83.3253 12.2026 
Ibias = 9.4000 9.4000 9.4000 9.4000 9.4000 9.4000 9.4000 9.4000 2.0000 2.0000 2.0000 2.0000 2.0000 2.0000 2.0000 2.0000 2.0000 2.0000 2.0000 2.0000 2.0000 2.0000 -2.0000 16.0000 16.0000 10.0000 -11.0000 
fa1 = 19.0924 15.3404 15.3404 15.3404 15.3404 15.3404 15.3404 15.3404 13.0522 13.0522 13.0522 13.0522 13.0522 13.0522 13.0522 10.3902 10.3902 10.3902 10.3902 10.3902 10.3902 10.3902 7.7604 32.5846 32.5846 87.7265 8.3808 
fa2 = 18.9222 15.1981 15.1981 15.1981 15.1981 15.1981 15.1981 15.1981 12.9282 12.9282 12.9282 12.9282 12.9282 12.9282 12.9282 10.2890 10.2890 10.2890 10.2890 10.2890 10.2890 10.2890 7.6832 32.3355 32.3355 89.3415 8.2968 
fa3 = 18.9237 15.1994 15.1994 15.1994 15.1994 15.1994 15.1994 15.1994 12.9294 12.9294 12.9294 12.9294 12.9294 12.9294 12.9294 10.2900 10.2900 10.2900 10.2900 10.2900 10.2900 10.2900 7.6839 32.3374 32.3374 89.3714 8.2977 
fa4 = 18.7556 15.0588 15.0588 15.0588 15.0588 15.0588 15.0588 15.0588 12.8070 12.8070 12.8070 12.8070 12.8070 12.8070 12.8070 10.1901 10.1901 10.1901 10.1901 10.1901 10.1901 10.1901 7.6076 32.0923 32.0923 91.0335 8.2147 
fb1 = -0.3373 -0.3411 -0.3411 -0.3411 -0.3411 -0.3411 -0.3411 -0.3411 -0.3434 -0.3434 -0.3434 -0.3434 -0.3434 -0.3434 -0.3434 -0.3462 -0.3462 -0.3462 -0.3462 -0.3462 -0.3462 -0.3462 -0.3489 -0.1264 -0.1264 0.1329 -0.1505 
fb2 = -0.3369 -0.3407 -0.3407 -0.3407 -0.3407 -0.3407 -0.3407 -0.3407 -0.3431 -0.3431 -0.3431 -0.3431 -0.3431 -0.3431 -0.3431 -0.3459 -0.3459 -0.3459 -0.3459 -0.3459 -0.3459 -0.3459 -0.3487 -0.1257 -0.1257 0.1346 -0.1504 
fb3 = -0.3369 -0.3407 -0.3407 -0.3407 -0.3407 -0.3407 -0.3407 -0.3407 -0.3431 -0.3431 -0.3431 -0.3431 -0.3431 -0.3431 -0.3431 -0.3459 -0.3459 -0.3459 -0.3459 -0.3459 -0.3459 -0.3459 -0.3487 -0.1257 -0.1257 0.1346 -0.1504 
fb4 = -0.3365 -0.3404 -0.3404 -0.3404 -0.3404 -0.3404 -0.3404 -0.3404 -0.3428 -0.3428 -0.3428 -0.3428 -0.3428 -0.3428 -0.3428 -0.3456 -0.3456 -0.3456 -0.3456 -0.3456 -0.3456 -0.3456 -0.3484 -0.1250 -0.1250 0.1364 -0.1502 
I = 14.9000 9.4000 9.4000 9.4000 9.4000 9.4000 9.4000 9.4000 6.0000 6.0000 6.0000 6.0000 6.0000 6.0000 6.0000 2.0000 2.0000 2.0000 2.0000 2.0000 2.0000 2.0000 -2.0000 24.0000 24.0000 10.0000 -11.0000 
S1 = 0.0000 0.0000 0.0000 0.0000 0.0000 0.0000 0.0000 0.0000 0.0000 0.0000 0.0000 0.0000 0.0000 0.0000 0.0000 0.0000 0.0000 0.0000 0.0000 0.0000 0.0000 0.0000 0.0000 0.0000 0.0000 0.0000 0.0000 
S2 = 0.0000 0.0000 0.0000 0.0000 0.0000 0.0000 0.0000 0.0000 0.0000 0.0000 0.0000 0.0000 0.0000 0.0000 0.0000 0.0000 0.0000 0.0000 0.0000 0.0000 0.0000 0.0000 0.0000 0.0000 0.0000 0.0000 0.0000 
u = 9.9236 9.9231 9.9231 9.9231 9.9231 9.9231 9.9231 9.9231 9.9228 9.9228 9.9228 9.9228 9.9228 9.9228 9.9228 9.9225 9.9225 9.9225 9.9225 9.9225 9.9225 9.9225 9.9221 9.9689 9.9689 10.0231 9.9660 
v = 15.1230 14.1377 14.1377 14.1377 14.1377 14.1377 14.1377 14.1377 13.5314 13.5314 13.5314 13.5314 13.5314 13.5314 13.5314 12.8208 12.8208 12.8208 12.8208 12.8208 12.8208 12.8208 12.1131 18.5849 18.5849 84.2189 12.2856 
