ExternalI = 5.5000 0.0000 0.0000 0.0000 0.0000 0.0000 0.0000 0.0000 4.0000 4.0000 4.0000 4.0000 4.0000 4.0000 4.0000 0.0000 0.0000 0.0000 0.0000 0.0000 0.0000 0.0000 0.0000 8.0000 8.0000 0.0000 0.0000 
before u = 9.3542 9.3295 9.3295 9.3295 9.3295 9.3295 9.3295 9.3295 9.3155 9.3155 9.3155 9.3155 9.3155 9.3155 9.3155 9.3000 9.3000 9.3000 9.3000 9.3000 9.3000 9.3000 9.2855 9.8966 9.8966 10.5667 9.7063 
before v = 28.5444 23.8154 23.8154 23.8154 23.8154 23.8154 23.8154 23.8154 21.3232 21.3232 21.3232 21.3232 21.3232 21.3232 21.3232 18.6954 18.6954 18.6954 18.6954 18.6954 18.6954 18.6954 16.3236 66.0643 66.0643 65.4135 18.2530 
Ibias = 9.4000 9.4000 9.4000 9.4000 9.4000 9.4000 9.4000 9.4000 2.0000 2.0000 2.0000 2.0000 2.0000 2.0000 2.0000 2.0000 2.0000 2.0000 2.0000 2.0000 2.0000 2.0000 -2.0000 16.0000 16.0000 10.0000 -11.0000 
fa1 = 2.5039 1.3113 1.3113 1.3113 1.3113 1.3113 1.3113 1.3113 0.9021 0.9021 0.9021 0.9021 0.9021 0.9021 0.9021 0.5945 0.5945 0.5945 0.5945 0.5945 0.5945 0.5945 0.4021 50.4902 50.4902 34.3499 1.6192 
fa2 = 2.4962 1.3055 1.3055 1.3055 1.3055 1.3055 1.3055 1.3055 0.8977 0.8977 0.8977 0.8977 0.8977 0.8977 0.8977 0.5915 0.5915 0.5915 0.5915 0.5915 0.5915 0.5915 0.4002 51.0693 51.0693 34.7344 1.6073 
fa3 = 2.4962 1.3055 1.3055 1.3055 1.3055 1.3055 1.3055 1.3055 0.8977 0.8977 0.8977 0.8977 0.8977 0.8977 0.8977 0.5916 0.5916 0.5916 0.5916 0.5916 0.5916 0.5916 0.4002 51.0760 51.0760 34.7387 1.6074 
fa4 = 2.4886 1.2998 1.2998 1.2998 1.2998 1.2998 1.2998 1.2998 0.8934 0.8934 0.8934 0.8934 0.8934 0.8934 0.8934 0.5886 0.5886 0.5886 0.5886 0.5886 0.5886 0.5886 0.3983 51.6672 51.6672 35.1300 1.5956 
fb1 = -0.2600 -0.2779 -0.2779 -0.2779 -0.2779 -0.2779 -0.2779 -0.2779 -0.2873 -0.2873 -0.2873 -0.2873 -0.2873 -0.2873 -0.2873 -0.2972 -0.2972 -0.2972 -0.2972 -0.2972 -0.2972 -0.2972 -0.3061 0.0663 0.0663 0.0503 -0.1211 
fb2 = -0.2599 -0.2778 -0.2778 -0.2778 -0.2778 -0.2778 -0.2778 -0.2778 -0.2872 -0.2872 -0.2872 -0.2872 -0.2872 -0.2872 -0.2872 -0.2971 -0.2971 -0.2971 -0.2971 -0.2971 -0.2971 -0.2971 -0.3061 0.0673 0.0673 0.0510 -0.1211 
fb3 = -0.2599 -0.2778 -0.2778 -0.2778 -0.2778 -0.2778 -0.2778 -0.2778 -0.2872 -0.2872 -0.2872 -0.2872 -0.2872 -0.2872 -0.2872 -0.2971 -0.2971 -0.2971 -0.2971 -0.2971 -0.2971 -0.2971 -0.3061 0.0673 0.0673 0.0510 -0.1211 
fb4 = -0.2598 -0.2778 -0.2778 -0.2778 -0.2778 -0.2778 -0.2778 -0.2778 -0.2872 -0.2872 -0.2872 -0.2872 -0.2872 -0.2872 -0.2872 -0.2971 -0.2971 -0.2971 -0.2971 -0.2971 -0.2971 -0.2971 -0.3060 0.0684 0.0684 0.0517 -0.1210 
I = 14.9000 9.4000 9.4000 9.4000 9.4000 9.4000 9.4000 9.4000 6.0000 6.0000 6.0000 6.0000 6.0000 6.0000 6.0000 2.0000 2.0000 2.0000 2.0000 2.0000 2.0000 2.0000 -2.0000 24.0000 24.0000 10.0000 -7.2423 
S1 = 0.0000 0.0000 0.0000 0.0000 0.0000 0.0000 0.0000 0.0000 0.0000 0.0000 0.0000 0.0000 0.0000 0.0000 0.0000 0.0000 0.0000 0.0000 0.0000 0.0000 0.0000 0.0000 0.0000 0.0000 0.0000 0.0000 0.0000 
S2 = 0.0000 0.0000 0.0000 0.0000 0.0000 0.0000 0.0000 0.0000 0.0000 0.0000 0.0000 0.0000 0.0000 0.0000 0.0000 0.0000 0.0000 0.0000 0.0000 0.0000 0.0000 0.0000 0.0000 0.0000 0.0000 0.0000 3.7577 
u = 9.3516 9.3267 9.3267 9.3267 9.3267 9.3267 9.3267 9.3267 9.3126 9.3126 9.3126 9.3126 9.3126 9.3126 9.3126 9.2970 9.2970 9.2970 9.2970 9.2970 9.2970 9.2970 9.2824 9.8973 9.8973 10.5672 9.7051 
v = 28.5694 23.8284 23.8284 23.8284 23.8284 23.8284 23.8284 23.8284 21.3322 21.3322 21.3322 21.3322 21.3322 21.3322 21.3322 18.7013 18.7013 18.7013 18.7013 18.7013 18.7013 18.7013 16.3276 66.5751 66.5751 65.7609 18.2691 
