ExternalI = 5.5000 0.0000 0.0000 0.0000 0.0000 0.0000 0.0000 0.0000 4.0000 4.0000 4.0000 4.0000 4.0000 4.0000 4.0000 0.0000 0.0000 0.0000 0.0000 0.0000 0.0000 0.0000 0.0000 8.0000 8.0000 0.0000 0.0000 
before u = 9.3516 9.3267 9.3267 9.3267 9.3267 9.3267 9.3267 9.3267 9.3126 9.3126 9.3126 9.3126 9.3126 9.3126 9.3126 9.2970 9.2970 9.2970 9.2970 9.2970 9.2970 9.2970 9.2824 9.8973 9.8973 10.5672 9.7051 
before v = 28.5694 23.8284 23.8284 23.8284 23.8284 23.8284 23.8284 23.8284 21.3322 21.3322 21.3322 21.3322 21.3322 21.3322 21.3322 18.7013 18.7013 18.7013 18.7013 18.7013 18.7013 18.7013 16.3276 66.5751 66.5751 65.7609 18.2691 
Ibias = 9.4000 9.4000 9.4000 9.4000 9.4000 9.4000 9.4000 9.4000 2.0000 2.0000 2.0000 2.0000 2.0000 2.0000 2.0000 2.0000 2.0000 2.0000 2.0000 2.0000 2.0000 2.0000 -2.0000 16.0000 16.0000 10.0000 -11.0000 
fa1 = 2.4886 1.2998 1.2998 1.2998 1.2998 1.2998 1.2998 1.2998 0.8934 0.8934 0.8934 0.8934 0.8934 0.8934 0.8934 0.5886 0.5886 0.5886 0.5886 0.5886 0.5886 0.5886 0.3983 51.6671 51.6671 35.1300 1.5881 
fa2 = 2.4810 1.2941 1.2941 1.2941 1.2941 1.2941 1.2941 1.2941 0.8890 0.8890 0.8890 0.8890 0.8890 0.8890 0.8890 0.5857 0.5857 0.5857 0.5857 0.5857 0.5857 0.5857 0.3965 52.2703 52.2703 35.5280 1.5765 
fa3 = 2.4811 1.2941 1.2941 1.2941 1.2941 1.2941 1.2941 1.2941 0.8890 0.8890 0.8890 0.8890 0.8890 0.8890 0.8890 0.5857 0.5857 0.5857 0.5857 0.5857 0.5857 0.5857 0.3965 52.2774 52.2774 35.5326 1.5766 
fa4 = 2.4735 1.2884 1.2884 1.2884 1.2884 1.2884 1.2884 1.2884 0.8847 0.8847 0.8847 0.8847 0.8847 0.8847 0.8847 0.5828 0.5828 0.5828 0.5828 0.5828 0.5828 0.5828 0.3947 52.8933 52.8933 35.9378 1.5651 
fb1 = -0.2598 -0.2778 -0.2778 -0.2778 -0.2778 -0.2778 -0.2778 -0.2778 -0.2872 -0.2872 -0.2872 -0.2872 -0.2872 -0.2872 -0.2872 -0.2971 -0.2971 -0.2971 -0.2971 -0.2971 -0.2971 -0.2971 -0.3060 0.0684 0.0684 0.0517 -0.1210 
fb2 = -0.2597 -0.2777 -0.2777 -0.2777 -0.2777 -0.2777 -0.2777 -0.2777 -0.2871 -0.2871 -0.2871 -0.2871 -0.2871 -0.2871 -0.2871 -0.2970 -0.2970 -0.2970 -0.2970 -0.2970 -0.2970 -0.2970 -0.3059 0.0694 0.0694 0.0524 -0.1210 
fb3 = -0.2597 -0.2777 -0.2777 -0.2777 -0.2777 -0.2777 -0.2777 -0.2777 -0.2871 -0.2871 -0.2871 -0.2871 -0.2871 -0.2871 -0.2871 -0.2970 -0.2970 -0.2970 -0.2970 -0.2970 -0.2970 -0.2970 -0.3059 0.0694 0.0694 0.0524 -0.1210 
fb4 = -0.2596 -0.2776 -0.2776 -0.2776 -0.2776 -0.2776 -0.2776 -0.2776 -0.2870 -0.2870 -0.2870 -0.2870 -0.2870 -0.2870 -0.2870 -0.2969 -0.2969 -0.2969 -0.2969 -0.2969 -0.2969 -0.2969 -0.3058 0.0704 0.0704 0.0531 -0.1209 
I = 14.9000 9.4000 9.4000 9.4000 9.4000 9.4000 9.4000 9.4000 6.0000 6.0000 6.0000 6.0000 6.0000 6.0000 6.0000 2.0000 2.0000 2.0000 2.0000 2.0000 2.0000 2.0000 -2.0000 24.0000 24.0000 10.0000 -7.2499 
S1 = 0.0000 0.0000 0.0000 0.0000 0.0000 0.0000 0.0000 0.0000 0.0000 0.0000 0.0000 0.0000 0.0000 0.0000 0.0000 0.0000 0.0000 0.0000 0.0000 0.0000 0.0000 0.0000 0.0000 0.0000 0.0000 0.0000 0.0000 
S2 = 0.0000 0.0000 0.0000 0.0000 0.0000 0.0000 0.0000 0.0000 0.0000 0.0000 0.0000 0.0000 0.0000 0.0000 0.0000 0.0000 0.0000 0.0000 0.0000 0.0000 0.0000 0.0000 0.0000 0.0000 0.0000 0.0000 3.7501 
u = 9.3490 9.3239 9.3239 9.3239 9.3239 9.3239 9.3239 9.3239 9.3097 9.3097 9.3097 9.3097 9.3097 9.3097 9.3097 9.2941 9.2941 9.2941 9.2941 9.2941 9.2941 9.2941 9.2793 9.8980 9.8980 10.5677 9.7039 
v = 28.5942 23.8414 23.8414 23.8414 23.8414 23.8414 23.8414 23.8414 21.3411 21.3411 21.3411 21.3411 21.3411 21.3411 21.3411 18.7072 18.7072 18.7072 18.7072 18.7072 18.7072 18.7072 16.3316 67.0978 67.0978 66.1162 18.2849 
