ExternalI = 5.5000 0.0000 0.0000 0.0000 0.0000 0.0000 0.0000 0.0000 4.0000 4.0000 4.0000 4.0000 4.0000 4.0000 4.0000 0.0000 0.0000 0.0000 0.0000 0.0000 0.0000 0.0000 0.0000 8.0000 8.0000 0.0000 0.0000 
before u = 9.3490 9.3239 9.3239 9.3239 9.3239 9.3239 9.3239 9.3239 9.3097 9.3097 9.3097 9.3097 9.3097 9.3097 9.3097 9.2941 9.2941 9.2941 9.2941 9.2941 9.2941 9.2941 9.2793 9.8980 9.8980 10.5677 9.7039 
before v = 28.5942 23.8414 23.8414 23.8414 23.8414 23.8414 23.8414 23.8414 21.3411 21.3411 21.3411 21.3411 21.3411 21.3411 21.3411 18.7072 18.7072 18.7072 18.7072 18.7072 18.7072 18.7072 16.3316 67.0978 67.0978 66.1162 18.2849 
Ibias = 9.4000 9.4000 9.4000 9.4000 9.4000 9.4000 9.4000 9.4000 2.0000 2.0000 2.0000 2.0000 2.0000 2.0000 2.0000 2.0000 2.0000 2.0000 2.0000 2.0000 2.0000 2.0000 -2.0000 16.0000 16.0000 10.0000 -11.0000 
fa1 = 2.4735 1.2884 1.2884 1.2884 1.2884 1.2884 1.2884 1.2884 0.8847 0.8847 0.8847 0.8847 0.8847 0.8847 0.8847 0.5828 0.5828 0.5828 0.5828 0.5828 0.5828 0.5828 0.3947 52.8933 52.8933 35.9378 1.5576 
fa2 = 2.4660 1.2828 1.2828 1.2828 1.2828 1.2828 1.2828 1.2828 0.8804 0.8804 0.8804 0.8804 0.8804 0.8804 0.8804 0.5799 0.5799 0.5799 0.5799 0.5799 0.5799 0.5799 0.3929 53.5220 53.5220 36.3502 1.5462 
fa3 = 2.4660 1.2828 1.2828 1.2828 1.2828 1.2828 1.2828 1.2828 0.8805 0.8805 0.8805 0.8805 0.8805 0.8805 0.8805 0.5799 0.5799 0.5799 0.5799 0.5799 0.5799 0.5799 0.3929 53.5295 53.5295 36.3549 1.5463 
fa4 = 2.4586 1.2772 1.2772 1.2772 1.2772 1.2772 1.2772 1.2772 0.8762 0.8762 0.8762 0.8762 0.8762 0.8762 0.8762 0.5770 0.5770 0.5770 0.5770 0.5770 0.5770 0.5770 0.3911 54.1715 54.1715 36.7748 1.5350 
fb1 = -0.2596 -0.2776 -0.2776 -0.2776 -0.2776 -0.2776 -0.2776 -0.2776 -0.2870 -0.2870 -0.2870 -0.2870 -0.2870 -0.2870 -0.2870 -0.2969 -0.2969 -0.2969 -0.2969 -0.2969 -0.2969 -0.2969 -0.3058 0.0704 0.0704 0.0531 -0.1209 
fb2 = -0.2595 -0.2775 -0.2775 -0.2775 -0.2775 -0.2775 -0.2775 -0.2775 -0.2869 -0.2869 -0.2869 -0.2869 -0.2869 -0.2869 -0.2869 -0.2969 -0.2969 -0.2969 -0.2969 -0.2969 -0.2969 -0.2969 -0.3058 0.0715 0.0715 0.0538 -0.1209 
fb3 = -0.2595 -0.2775 -0.2775 -0.2775 -0.2775 -0.2775 -0.2775 -0.2775 -0.2869 -0.2869 -0.2869 -0.2869 -0.2869 -0.2869 -0.2869 -0.2969 -0.2969 -0.2969 -0.2969 -0.2969 -0.2969 -0.2969 -0.3058 0.0715 0.0715 0.0538 -0.1209 
fb4 = -0.2594 -0.2774 -0.2774 -0.2774 -0.2774 -0.2774 -0.2774 -0.2774 -0.2869 -0.2869 -0.2869 -0.2869 -0.2869 -0.2869 -0.2869 -0.2968 -0.2968 -0.2968 -0.2968 -0.2968 -0.2968 -0.2968 -0.3057 0.0726 0.0726 0.0546 -0.1209 
I = 14.9000 9.4000 9.4000 9.4000 9.4000 9.4000 9.4000 9.4000 6.0000 6.0000 6.0000 6.0000 6.0000 6.0000 6.0000 2.0000 2.0000 2.0000 2.0000 2.0000 2.0000 2.0000 -2.0000 24.0000 24.0000 10.0000 -7.2574 
S1 = 0.0000 0.0000 0.0000 0.0000 0.0000 0.0000 0.0000 0.0000 0.0000 0.0000 0.0000 0.0000 0.0000 0.0000 0.0000 0.0000 0.0000 0.0000 0.0000 0.0000 0.0000 0.0000 0.0000 0.0000 0.0000 0.0000 0.0000 
S2 = 0.0000 0.0000 0.0000 0.0000 0.0000 0.0000 0.0000 0.0000 0.0000 0.0000 0.0000 0.0000 0.0000 0.0000 0.0000 0.0000 0.0000 0.0000 0.0000 0.0000 0.0000 0.0000 0.0000 0.0000 0.0000 0.0000 3.7426 
u = 9.3464 9.3211 9.3211 9.3211 9.3211 9.3211 9.3211 9.3211 9.3068 9.3068 9.3068 9.3068 9.3068 9.3068 9.3068 9.2911 9.2911 9.2911 9.2911 9.2911 9.2911 9.2911 9.2763 9.8987 9.8987 10.5683 9.7027 
v = 28.6188 23.8542 23.8542 23.8542 23.8542 23.8542 23.8542 23.8542 21.3499 21.3499 21.3499 21.3499 21.3499 21.3499 21.3499 18.7130 18.7130 18.7130 18.7130 18.7130 18.7130 18.7130 16.3355 67.6331 67.6331 66.4798 18.3003 
