ExternalI = 5.5000 0.0000 0.0000 0.0000 0.0000 0.0000 0.0000 0.0000 4.0000 4.0000 4.0000 4.0000 4.0000 4.0000 4.0000 0.0000 0.0000 0.0000 0.0000 0.0000 0.0000 0.0000 0.0000 8.0000 8.0000 0.0000 0.0000 
before u = 9.3464 9.3211 9.3211 9.3211 9.3211 9.3211 9.3211 9.3211 9.3068 9.3068 9.3068 9.3068 9.3068 9.3068 9.3068 9.2911 9.2911 9.2911 9.2911 9.2911 9.2911 9.2911 9.2763 9.8987 9.8987 10.5683 9.7027 
before v = 28.6188 23.8542 23.8542 23.8542 23.8542 23.8542 23.8542 23.8542 21.3499 21.3499 21.3499 21.3499 21.3499 21.3499 21.3499 18.7130 18.7130 18.7130 18.7130 18.7130 18.7130 18.7130 16.3355 67.6331 67.6331 66.4798 18.3003 
Ibias = 9.4000 9.4000 9.4000 9.4000 9.4000 9.4000 9.4000 9.4000 2.0000 2.0000 2.0000 2.0000 2.0000 2.0000 2.0000 2.0000 2.0000 2.0000 2.0000 2.0000 2.0000 2.0000 -2.0000 16.0000 16.0000 10.0000 -11.0000 
fa1 = 2.4586 1.2772 1.2772 1.2772 1.2772 1.2772 1.2772 1.2772 0.8762 0.8762 0.8762 0.8762 0.8762 0.8762 0.8762 0.5770 0.5770 0.5770 0.5770 0.5770 0.5770 0.5770 0.3911 54.1715 54.1715 36.7748 1.5276 
fa2 = 2.4511 1.2716 1.2716 1.2716 1.2716 1.2716 1.2716 1.2716 0.8720 0.8720 0.8720 0.8720 0.8720 0.8720 0.8720 0.5742 0.5742 0.5742 0.5742 0.5742 0.5742 0.5742 0.3893 54.8270 54.8270 37.2022 1.5164 
fa3 = 2.4512 1.2716 1.2716 1.2716 1.2716 1.2716 1.2716 1.2716 0.8720 0.8720 0.8720 0.8720 0.8720 0.8720 0.8720 0.5742 0.5742 0.5742 0.5742 0.5742 0.5742 0.5742 0.3893 54.8350 54.8350 37.2071 1.5165 
fa4 = 2.4438 1.2661 1.2661 1.2661 1.2661 1.2661 1.2661 1.2661 0.8678 0.8678 0.8678 0.8678 0.8678 0.8678 0.8678 0.5713 0.5713 0.5713 0.5713 0.5713 0.5713 0.5713 0.3876 55.5047 55.5047 37.6424 1.5055 
fb1 = -0.2594 -0.2774 -0.2774 -0.2774 -0.2774 -0.2774 -0.2774 -0.2774 -0.2869 -0.2869 -0.2869 -0.2869 -0.2869 -0.2869 -0.2869 -0.2968 -0.2968 -0.2968 -0.2968 -0.2968 -0.2968 -0.2968 -0.3057 0.0726 0.0726 0.0546 -0.1209 
fb2 = -0.2593 -0.2773 -0.2773 -0.2773 -0.2773 -0.2773 -0.2773 -0.2773 -0.2868 -0.2868 -0.2868 -0.2868 -0.2868 -0.2868 -0.2868 -0.2967 -0.2967 -0.2967 -0.2967 -0.2967 -0.2967 -0.2967 -0.3056 0.0736 0.0736 0.0553 -0.1208 
fb3 = -0.2593 -0.2773 -0.2773 -0.2773 -0.2773 -0.2773 -0.2773 -0.2773 -0.2868 -0.2868 -0.2868 -0.2868 -0.2868 -0.2868 -0.2868 -0.2967 -0.2967 -0.2967 -0.2967 -0.2967 -0.2967 -0.2967 -0.3056 0.0736 0.0736 0.0553 -0.1208 
fb4 = -0.2592 -0.2773 -0.2773 -0.2773 -0.2773 -0.2773 -0.2773 -0.2773 -0.2867 -0.2867 -0.2867 -0.2867 -0.2867 -0.2867 -0.2867 -0.2966 -0.2966 -0.2966 -0.2966 -0.2966 -0.2966 -0.2966 -0.3056 0.0747 0.0747 0.0560 -0.1208 
I = 14.9000 9.4000 9.4000 9.4000 9.4000 9.4000 9.4000 9.4000 6.0000 6.0000 6.0000 6.0000 6.0000 6.0000 6.0000 2.0000 2.0000 2.0000 2.0000 2.0000 2.0000 2.0000 -2.0000 24.0000 24.0000 10.0000 -7.2648 
S1 = 0.0000 0.0000 0.0000 0.0000 0.0000 0.0000 0.0000 0.0000 0.0000 0.0000 0.0000 0.0000 0.0000 0.0000 0.0000 0.0000 0.0000 0.0000 0.0000 0.0000 0.0000 0.0000 0.0000 0.0000 0.0000 0.0000 0.0000 
S2 = 0.0000 0.0000 0.0000 0.0000 0.0000 0.0000 0.0000 0.0000 0.0000 0.0000 0.0000 0.0000 0.0000 0.0000 0.0000 0.0000 0.0000 0.0000 0.0000 0.0000 0.0000 0.0000 0.0000 0.0000 0.0000 0.0000 3.7352 
u = 9.3438 9.3184 9.3184 9.3184 9.3184 9.3184 9.3184 9.3184 9.3040 9.3040 9.3040 9.3040 9.3040 9.3040 9.3040 9.2881 9.2881 9.2881 9.2881 9.2881 9.2881 9.2881 9.2732 9.8994 9.8994 10.5688 9.7015 
v = 28.6434 23.8669 23.8669 23.8669 23.8669 23.8669 23.8669 23.8669 21.3586 21.3586 21.3586 21.3586 21.3586 21.3586 21.3586 18.7187 18.7187 18.7187 18.7187 18.7187 18.7187 18.7187 16.3394 68.1815 68.1815 66.8518 18.3155 
