ExternalI = 5.5000 0.0000 0.0000 0.0000 0.0000 0.0000 0.0000 0.0000 4.0000 4.0000 4.0000 4.0000 4.0000 4.0000 4.0000 0.0000 0.0000 0.0000 0.0000 0.0000 0.0000 0.0000 0.0000 8.0000 8.0000 0.0000 0.0000 
before u = 9.3438 9.3184 9.3184 9.3184 9.3184 9.3184 9.3184 9.3184 9.3040 9.3040 9.3040 9.3040 9.3040 9.3040 9.3040 9.2881 9.2881 9.2881 9.2881 9.2881 9.2881 9.2881 9.2732 9.8994 9.8994 10.5688 9.7015 
before v = 28.6434 23.8669 23.8669 23.8669 23.8669 23.8669 23.8669 23.8669 21.3586 21.3586 21.3586 21.3586 21.3586 21.3586 21.3586 18.7187 18.7187 18.7187 18.7187 18.7187 18.7187 18.7187 16.3394 68.1815 68.1815 66.8518 18.3155 
Ibias = 9.4000 9.4000 9.4000 9.4000 9.4000 9.4000 9.4000 9.4000 2.0000 2.0000 2.0000 2.0000 2.0000 2.0000 2.0000 2.0000 2.0000 2.0000 2.0000 2.0000 2.0000 2.0000 -2.0000 16.0000 16.0000 10.0000 -11.0000 
fa1 = 2.4438 1.2661 1.2661 1.2661 1.2661 1.2661 1.2661 1.2661 0.8678 0.8678 0.8678 0.8678 0.8678 0.8678 0.8678 0.5713 0.5713 0.5713 0.5713 0.5713 0.5713 0.5713 0.3876 55.5046 55.5046 37.6424 1.4980 
fa2 = 2.4364 1.2606 1.2606 1.2606 1.2606 1.2606 1.2606 1.2606 0.8637 0.8637 0.8637 0.8637 0.8637 0.8637 0.8637 0.5685 0.5685 0.5685 0.5685 0.5685 0.5685 0.5685 0.3858 56.1885 56.1885 38.0854 1.4871 
fa3 = 2.4364 1.2606 1.2606 1.2606 1.2606 1.2606 1.2606 1.2606 0.8637 0.8637 0.8637 0.8637 0.8637 0.8637 0.8637 0.5686 0.5686 0.5686 0.5686 0.5686 0.5686 0.5686 0.3858 56.1970 56.1970 38.0907 1.4872 
fa4 = 2.4291 1.2551 1.2551 1.2551 1.2551 1.2551 1.2551 1.2551 0.8595 0.8595 0.8595 0.8595 0.8595 0.8595 0.8595 0.5658 0.5658 0.5658 0.5658 0.5658 0.5658 0.5658 0.3841 56.8959 56.8959 38.5420 1.4764 
fb1 = -0.2592 -0.2773 -0.2773 -0.2773 -0.2773 -0.2773 -0.2773 -0.2773 -0.2867 -0.2867 -0.2867 -0.2867 -0.2867 -0.2867 -0.2867 -0.2966 -0.2966 -0.2966 -0.2966 -0.2966 -0.2966 -0.2966 -0.3056 0.0747 0.0747 0.0560 -0.1208 
fb2 = -0.2591 -0.2772 -0.2772 -0.2772 -0.2772 -0.2772 -0.2772 -0.2772 -0.2866 -0.2866 -0.2866 -0.2866 -0.2866 -0.2866 -0.2866 -0.2966 -0.2966 -0.2966 -0.2966 -0.2966 -0.2966 -0.2966 -0.3055 0.0758 0.0758 0.0568 -0.1207 
fb3 = -0.2591 -0.2772 -0.2772 -0.2772 -0.2772 -0.2772 -0.2772 -0.2772 -0.2866 -0.2866 -0.2866 -0.2866 -0.2866 -0.2866 -0.2866 -0.2966 -0.2966 -0.2966 -0.2966 -0.2966 -0.2966 -0.2966 -0.3055 0.0759 0.0759 0.0568 -0.1207 
fb4 = -0.2590 -0.2771 -0.2771 -0.2771 -0.2771 -0.2771 -0.2771 -0.2771 -0.2866 -0.2866 -0.2866 -0.2866 -0.2866 -0.2866 -0.2866 -0.2965 -0.2965 -0.2965 -0.2965 -0.2965 -0.2965 -0.2965 -0.3054 0.0770 0.0770 0.0575 -0.1207 
I = 14.9000 9.4000 9.4000 9.4000 9.4000 9.4000 9.4000 9.4000 6.0000 6.0000 6.0000 6.0000 6.0000 6.0000 6.0000 2.0000 2.0000 2.0000 2.0000 2.0000 2.0000 2.0000 -2.0000 24.0000 24.0000 10.0000 -7.2723 
S1 = 0.0000 0.0000 0.0000 0.0000 0.0000 0.0000 0.0000 0.0000 0.0000 0.0000 0.0000 0.0000 0.0000 0.0000 0.0000 0.0000 0.0000 0.0000 0.0000 0.0000 0.0000 0.0000 0.0000 0.0000 0.0000 0.0000 0.0000 
S2 = 0.0000 0.0000 0.0000 0.0000 0.0000 0.0000 0.0000 0.0000 0.0000 0.0000 0.0000 0.0000 0.0000 0.0000 0.0000 0.0000 0.0000 0.0000 0.0000 0.0000 0.0000 0.0000 0.0000 0.0000 0.0000 0.0000 3.7277 
u = 9.3413 9.3156 9.3156 9.3156 9.3156 9.3156 9.3156 9.3156 9.3011 9.3011 9.3011 9.3011 9.3011 9.3011 9.3011 9.2851 9.2851 9.2851 9.2851 9.2851 9.2851 9.2851 9.2702 9.9002 9.9002 10.5694 9.7003 
v = 28.6677 23.8795 23.8795 23.8795 23.8795 23.8795 23.8795 23.8795 21.3672 21.3672 21.3672 21.3672 21.3672 21.3672 21.3672 18.7244 18.7244 18.7244 18.7244 18.7244 18.7244 18.7244 16.3433 68.7434 68.7434 67.2327 18.3304 
