ExternalI = 5.5000 0.0000 0.0000 0.0000 0.0000 0.0000 0.0000 0.0000 4.0000 4.0000 4.0000 4.0000 4.0000 4.0000 4.0000 0.0000 0.0000 0.0000 0.0000 0.0000 0.0000 0.0000 0.0000 8.0000 8.0000 0.0000 0.0000 
before u = 9.3413 9.3156 9.3156 9.3156 9.3156 9.3156 9.3156 9.3156 9.3011 9.3011 9.3011 9.3011 9.3011 9.3011 9.3011 9.2851 9.2851 9.2851 9.2851 9.2851 9.2851 9.2851 9.2702 9.9002 9.9002 10.5694 9.7003 
before v = 28.6677 23.8795 23.8795 23.8795 23.8795 23.8795 23.8795 23.8795 21.3672 21.3672 21.3672 21.3672 21.3672 21.3672 21.3672 18.7244 18.7244 18.7244 18.7244 18.7244 18.7244 18.7244 16.3433 68.7434 68.7434 67.2327 18.3304 
Ibias = 9.4000 9.4000 9.4000 9.4000 9.4000 9.4000 9.4000 9.4000 2.0000 2.0000 2.0000 2.0000 2.0000 2.0000 2.0000 2.0000 2.0000 2.0000 2.0000 2.0000 2.0000 2.0000 -2.0000 16.0000 16.0000 10.0000 -11.0000 
fa1 = 2.4291 1.2551 1.2551 1.2551 1.2551 1.2551 1.2551 1.2551 0.8595 0.8595 0.8595 0.8595 0.8595 0.8595 0.8595 0.5658 0.5658 0.5658 0.5658 0.5658 0.5658 0.5658 0.3841 56.8958 56.8958 38.5420 1.4689 
fa2 = 2.4218 1.2497 1.2497 1.2497 1.2497 1.2497 1.2497 1.2497 0.8554 0.8554 0.8554 0.8554 0.8554 0.8554 0.8554 0.5630 0.5630 0.5630 0.5630 0.5630 0.5630 0.5630 0.3824 57.6097 57.6097 39.0016 1.4583 
fa3 = 2.4219 1.2497 1.2497 1.2497 1.2497 1.2497 1.2497 1.2497 0.8555 0.8555 0.8555 0.8555 0.8555 0.8555 0.8555 0.5630 0.5630 0.5630 0.5630 0.5630 0.5630 0.5630 0.3824 57.6187 57.6187 39.0071 1.4584 
fa4 = 2.4146 1.2443 1.2443 1.2443 1.2443 1.2443 1.2443 1.2443 0.8514 0.8514 0.8514 0.8514 0.8514 0.8514 0.8514 0.5603 0.5603 0.5603 0.5603 0.5603 0.5603 0.5603 0.3807 58.3485 58.3485 39.4753 1.4478 
fb1 = -0.2590 -0.2771 -0.2771 -0.2771 -0.2771 -0.2771 -0.2771 -0.2771 -0.2866 -0.2866 -0.2866 -0.2866 -0.2866 -0.2866 -0.2866 -0.2965 -0.2965 -0.2965 -0.2965 -0.2965 -0.2965 -0.2965 -0.3054 0.0770 0.0770 0.0575 -0.1207 
fb2 = -0.2589 -0.2770 -0.2770 -0.2770 -0.2770 -0.2770 -0.2770 -0.2770 -0.2865 -0.2865 -0.2865 -0.2865 -0.2865 -0.2865 -0.2865 -0.2964 -0.2964 -0.2964 -0.2964 -0.2964 -0.2964 -0.2964 -0.3054 0.0781 0.0781 0.0583 -0.1206 
fb3 = -0.2589 -0.2770 -0.2770 -0.2770 -0.2770 -0.2770 -0.2770 -0.2770 -0.2865 -0.2865 -0.2865 -0.2865 -0.2865 -0.2865 -0.2865 -0.2964 -0.2964 -0.2964 -0.2964 -0.2964 -0.2964 -0.2964 -0.3054 0.0781 0.0781 0.0583 -0.1206 
fb4 = -0.2588 -0.2769 -0.2769 -0.2769 -0.2769 -0.2769 -0.2769 -0.2769 -0.2864 -0.2864 -0.2864 -0.2864 -0.2864 -0.2864 -0.2864 -0.2964 -0.2964 -0.2964 -0.2964 -0.2964 -0.2964 -0.2964 -0.3053 0.0793 0.0793 0.0591 -0.1206 
I = 14.9000 9.4000 9.4000 9.4000 9.4000 9.4000 9.4000 9.4000 6.0000 6.0000 6.0000 6.0000 6.0000 6.0000 6.0000 2.0000 2.0000 2.0000 2.0000 2.0000 2.0000 2.0000 -2.0000 24.0000 24.0000 10.0000 -7.2798 
S1 = 0.0000 0.0000 0.0000 0.0000 0.0000 0.0000 0.0000 0.0000 0.0000 0.0000 0.0000 0.0000 0.0000 0.0000 0.0000 0.0000 0.0000 0.0000 0.0000 0.0000 0.0000 0.0000 0.0000 0.0000 0.0000 0.0000 0.0000 
S2 = 0.0000 0.0000 0.0000 0.0000 0.0000 0.0000 0.0000 0.0000 0.0000 0.0000 0.0000 0.0000 0.0000 0.0000 0.0000 0.0000 0.0000 0.0000 0.0000 0.0000 0.0000 0.0000 0.0000 0.0000 0.0000 0.0000 3.7202 
u = 9.3387 9.3128 9.3128 9.3128 9.3128 9.3128 9.3128 9.3128 9.2982 9.2982 9.2982 9.2982 9.2982 9.2982 9.2982 9.2822 9.2822 9.2822 9.2822 9.2822 9.2822 9.2822 9.2671 9.9010 9.9010 10.5700 9.6991 
v = 28.6919 23.8920 23.8920 23.8920 23.8920 23.8920 23.8920 23.8920 21.3758 21.3758 21.3758 21.3758 21.3758 21.3758 21.3758 18.7300 18.7300 18.7300 18.7300 18.7300 18.7300 18.7300 16.3471 69.3196 69.3196 67.6228 18.3449 
