ExternalI = 5.5000 0.0000 0.0000 0.0000 0.0000 0.0000 0.0000 0.0000 4.0000 4.0000 4.0000 4.0000 4.0000 4.0000 4.0000 0.0000 0.0000 0.0000 0.0000 0.0000 0.0000 0.0000 0.0000 8.0000 8.0000 0.0000 0.0000 
before u = 9.3387 9.3128 9.3128 9.3128 9.3128 9.3128 9.3128 9.3128 9.2982 9.2982 9.2982 9.2982 9.2982 9.2982 9.2982 9.2822 9.2822 9.2822 9.2822 9.2822 9.2822 9.2822 9.2671 9.9010 9.9010 10.5700 9.6991 
before v = 28.6919 23.8920 23.8920 23.8920 23.8920 23.8920 23.8920 23.8920 21.3758 21.3758 21.3758 21.3758 21.3758 21.3758 21.3758 18.7300 18.7300 18.7300 18.7300 18.7300 18.7300 18.7300 16.3471 69.3196 69.3196 67.6228 18.3449 
Ibias = 9.4000 9.4000 9.4000 9.4000 9.4000 9.4000 9.4000 9.4000 2.0000 2.0000 2.0000 2.0000 2.0000 2.0000 2.0000 2.0000 2.0000 2.0000 2.0000 2.0000 2.0000 2.0000 -2.0000 16.0000 16.0000 10.0000 -11.0000 
fa1 = 2.4146 1.2443 1.2443 1.2443 1.2443 1.2443 1.2443 1.2443 0.8514 0.8514 0.8514 0.8514 0.8514 0.8514 0.8514 0.5603 0.5603 0.5603 0.5603 0.5603 0.5603 0.5603 0.3807 58.3484 58.3484 39.4753 1.4404 
fa2 = 2.4074 1.2389 1.2389 1.2389 1.2389 1.2389 1.2389 1.2389 0.8473 0.8473 0.8473 0.8473 0.8473 0.8473 0.8473 0.5576 0.5576 0.5576 0.5576 0.5576 0.5576 0.5576 0.3790 59.0941 59.0941 39.9522 1.4299 
fa3 = 2.4074 1.2389 1.2389 1.2389 1.2389 1.2389 1.2389 1.2389 0.8473 0.8473 0.8473 0.8473 0.8473 0.8473 0.8473 0.5576 0.5576 0.5576 0.5576 0.5576 0.5576 0.5576 0.3790 59.1037 59.1037 39.9580 1.4300 
fa4 = 2.4003 1.2336 1.2336 1.2336 1.2336 1.2336 1.2336 1.2336 0.8433 0.8433 0.8433 0.8433 0.8433 0.8433 0.8433 0.5549 0.5549 0.5549 0.5549 0.5549 0.5549 0.5549 0.3773 59.8661 59.8661 40.4440 1.4197 
fb1 = -0.2588 -0.2769 -0.2769 -0.2769 -0.2769 -0.2769 -0.2769 -0.2769 -0.2864 -0.2864 -0.2864 -0.2864 -0.2864 -0.2864 -0.2864 -0.2964 -0.2964 -0.2964 -0.2964 -0.2964 -0.2964 -0.2964 -0.3053 0.0793 0.0793 0.0591 -0.1206 
fb2 = -0.2587 -0.2769 -0.2769 -0.2769 -0.2769 -0.2769 -0.2769 -0.2769 -0.2864 -0.2864 -0.2864 -0.2864 -0.2864 -0.2864 -0.2864 -0.2963 -0.2963 -0.2963 -0.2963 -0.2963 -0.2963 -0.2963 -0.3052 0.0804 0.0804 0.0599 -0.1206 
fb3 = -0.2587 -0.2769 -0.2769 -0.2769 -0.2769 -0.2769 -0.2769 -0.2769 -0.2864 -0.2864 -0.2864 -0.2864 -0.2864 -0.2864 -0.2864 -0.2963 -0.2963 -0.2963 -0.2963 -0.2963 -0.2963 -0.2963 -0.3052 0.0804 0.0804 0.0599 -0.1206 
fb4 = -0.2586 -0.2768 -0.2768 -0.2768 -0.2768 -0.2768 -0.2768 -0.2768 -0.2863 -0.2863 -0.2863 -0.2863 -0.2863 -0.2863 -0.2863 -0.2962 -0.2962 -0.2962 -0.2962 -0.2962 -0.2962 -0.2962 -0.3052 0.0816 0.0816 0.0607 -0.1205 
I = 14.9000 9.4000 9.4000 9.4000 9.4000 9.4000 9.4000 9.4000 6.0000 6.0000 6.0000 6.0000 6.0000 6.0000 6.0000 2.0000 2.0000 2.0000 2.0000 2.0000 2.0000 2.0000 -2.0000 24.0000 24.0000 10.0000 -7.2872 
S1 = 0.0000 0.0000 0.0000 0.0000 0.0000 0.0000 0.0000 0.0000 0.0000 0.0000 0.0000 0.0000 0.0000 0.0000 0.0000 0.0000 0.0000 0.0000 0.0000 0.0000 0.0000 0.0000 0.0000 0.0000 0.0000 0.0000 0.0000 
S2 = 0.0000 0.0000 0.0000 0.0000 0.0000 0.0000 0.0000 0.0000 0.0000 0.0000 0.0000 0.0000 0.0000 0.0000 0.0000 0.0000 0.0000 0.0000 0.0000 0.0000 0.0000 0.0000 0.0000 0.0000 0.0000 0.0000 3.7128 
u = 9.3361 9.3100 9.3100 9.3100 9.3100 9.3100 9.3100 9.3100 9.2954 9.2954 9.2954 9.2954 9.2954 9.2954 9.2954 9.2792 9.2792 9.2792 9.2792 9.2792 9.2792 9.2792 9.2641 9.9018 9.9018 10.5706 9.6979 
v = 28.7160 23.9044 23.9044 23.9044 23.9044 23.9044 23.9044 23.9044 21.3843 21.3843 21.3843 21.3843 21.3843 21.3843 21.3843 18.7356 18.7356 18.7356 18.7356 18.7356 18.7356 18.7356 16.3509 69.9106 69.9106 68.0223 18.3592 
