ExternalI = 5.5000 0.0000 0.0000 0.0000 0.0000 0.0000 0.0000 0.0000 4.0000 4.0000 4.0000 4.0000 4.0000 4.0000 4.0000 0.0000 0.0000 0.0000 0.0000 0.0000 0.0000 0.0000 0.0000 8.0000 8.0000 0.0000 0.0000 
before u = 9.3361 9.3100 9.3100 9.3100 9.3100 9.3100 9.3100 9.3100 9.2954 9.2954 9.2954 9.2954 9.2954 9.2954 9.2954 9.2792 9.2792 9.2792 9.2792 9.2792 9.2792 9.2792 9.2641 9.9018 9.9018 10.5706 9.6979 
before v = 28.7160 23.9044 23.9044 23.9044 23.9044 23.9044 23.9044 23.9044 21.3843 21.3843 21.3843 21.3843 21.3843 21.3843 21.3843 18.7356 18.7356 18.7356 18.7356 18.7356 18.7356 18.7356 16.3509 69.9106 69.9106 68.0223 18.3592 
Ibias = 9.4000 9.4000 9.4000 9.4000 9.4000 9.4000 9.4000 9.4000 2.0000 2.0000 2.0000 2.0000 2.0000 2.0000 2.0000 2.0000 2.0000 2.0000 2.0000 2.0000 2.0000 2.0000 -2.0000 16.0000 16.0000 10.0000 -11.0000 
fa1 = 2.4003 1.2336 1.2336 1.2336 1.2336 1.2336 1.2336 1.2336 0.8433 0.8433 0.8433 0.8433 0.8433 0.8433 0.8433 0.5549 0.5549 0.5549 0.5549 0.5549 0.5549 0.5549 0.3773 59.8661 59.8661 40.4440 1.4122 
fa2 = 2.3931 1.2282 1.2282 1.2282 1.2282 1.2282 1.2282 1.2282 0.8393 0.8393 0.8393 0.8393 0.8393 0.8393 0.8393 0.5522 0.5522 0.5522 0.5522 0.5522 0.5522 0.5522 0.3756 60.6454 60.6454 40.9391 1.4020 
fa3 = 2.3932 1.2283 1.2283 1.2283 1.2283 1.2283 1.2283 1.2283 0.8393 0.8393 0.8393 0.8393 0.8393 0.8393 0.8393 0.5522 0.5522 0.5522 0.5522 0.5522 0.5522 0.5522 0.3757 60.6556 60.6556 40.9451 1.4021 
fa4 = 2.3861 1.2230 1.2230 1.2230 1.2230 1.2230 1.2230 1.2230 0.8353 0.8353 0.8353 0.8353 0.8353 0.8353 0.8353 0.5495 0.5495 0.5495 0.5495 0.5495 0.5495 0.5495 0.3740 61.4527 61.4527 41.4498 1.3920 
fb1 = -0.2586 -0.2768 -0.2768 -0.2768 -0.2768 -0.2768 -0.2768 -0.2768 -0.2863 -0.2863 -0.2863 -0.2863 -0.2863 -0.2863 -0.2863 -0.2962 -0.2962 -0.2962 -0.2962 -0.2962 -0.2962 -0.2962 -0.3052 0.0816 0.0816 0.0607 -0.1205 
fb2 = -0.2585 -0.2767 -0.2767 -0.2767 -0.2767 -0.2767 -0.2767 -0.2767 -0.2862 -0.2862 -0.2862 -0.2862 -0.2862 -0.2862 -0.2862 -0.2962 -0.2962 -0.2962 -0.2962 -0.2962 -0.2962 -0.2962 -0.3051 0.0828 0.0828 0.0615 -0.1205 
fb3 = -0.2585 -0.2767 -0.2767 -0.2767 -0.2767 -0.2767 -0.2767 -0.2767 -0.2862 -0.2862 -0.2862 -0.2862 -0.2862 -0.2862 -0.2862 -0.2962 -0.2962 -0.2962 -0.2962 -0.2962 -0.2962 -0.2962 -0.3051 0.0828 0.0828 0.0615 -0.1205 
fb4 = -0.2584 -0.2766 -0.2766 -0.2766 -0.2766 -0.2766 -0.2766 -0.2766 -0.2861 -0.2861 -0.2861 -0.2861 -0.2861 -0.2861 -0.2861 -0.2961 -0.2961 -0.2961 -0.2961 -0.2961 -0.2961 -0.2961 -0.3050 0.0840 0.0840 0.0623 -0.1204 
I = 14.9000 9.4000 9.4000 9.4000 9.4000 9.4000 9.4000 9.4000 6.0000 6.0000 6.0000 6.0000 6.0000 6.0000 6.0000 2.0000 2.0000 2.0000 2.0000 2.0000 2.0000 2.0000 -2.0000 24.0000 24.0000 10.0000 -7.2946 
S1 = 0.0000 0.0000 0.0000 0.0000 0.0000 0.0000 0.0000 0.0000 0.0000 0.0000 0.0000 0.0000 0.0000 0.0000 0.0000 0.0000 0.0000 0.0000 0.0000 0.0000 0.0000 0.0000 0.0000 0.0000 0.0000 0.0000 0.0000 
S2 = 0.0000 0.0000 0.0000 0.0000 0.0000 0.0000 0.0000 0.0000 0.0000 0.0000 0.0000 0.0000 0.0000 0.0000 0.0000 0.0000 0.0000 0.0000 0.0000 0.0000 0.0000 0.0000 0.0000 0.0000 0.0000 0.0000 3.7054 
u = 9.3335 9.3073 9.3073 9.3073 9.3073 9.3073 9.3073 9.3073 9.2925 9.2925 9.2925 9.2925 9.2925 9.2925 9.2925 9.2763 9.2763 9.2763 9.2763 9.2763 9.2763 9.2763 9.2610 9.9026 9.9026 10.5712 9.6967 
v = 28.7399 23.9167 23.9167 23.9167 23.9167 23.9167 23.9167 23.9167 21.3927 21.3927 21.3927 21.3927 21.3927 21.3927 21.3927 18.7411 18.7411 18.7411 18.7411 18.7411 18.7411 18.7411 16.3547 70.5171 70.5171 68.4318 18.3733 
