ExternalI = 5.5000 0.0000 0.0000 0.0000 0.0000 0.0000 0.0000 0.0000 4.0000 4.0000 4.0000 4.0000 4.0000 4.0000 4.0000 0.0000 0.0000 0.0000 0.0000 0.0000 0.0000 0.0000 0.0000 8.0000 8.0000 0.0000 0.0000 
before u = 9.3335 9.3073 9.3073 9.3073 9.3073 9.3073 9.3073 9.3073 9.2925 9.2925 9.2925 9.2925 9.2925 9.2925 9.2925 9.2763 9.2763 9.2763 9.2763 9.2763 9.2763 9.2763 9.2610 9.9026 9.9026 10.5712 9.6967 
before v = 28.7399 23.9167 23.9167 23.9167 23.9167 23.9167 23.9167 23.9167 21.3927 21.3927 21.3927 21.3927 21.3927 21.3927 21.3927 18.7411 18.7411 18.7411 18.7411 18.7411 18.7411 18.7411 16.3547 70.5171 70.5171 68.4318 18.3733 
Ibias = 9.4000 9.4000 9.4000 9.4000 9.4000 9.4000 9.4000 9.4000 2.0000 2.0000 2.0000 2.0000 2.0000 2.0000 2.0000 2.0000 2.0000 2.0000 2.0000 2.0000 2.0000 2.0000 -2.0000 16.0000 16.0000 10.0000 -11.0000 
fa1 = 2.3861 1.2230 1.2230 1.2230 1.2230 1.2230 1.2230 1.2230 0.8353 0.8353 0.8353 0.8353 0.8353 0.8353 0.8353 0.5495 0.5495 0.5495 0.5495 0.5495 0.5495 0.5495 0.3740 61.4526 61.4526 41.4498 1.3846 
fa2 = 2.3790 1.2177 1.2177 1.2177 1.2177 1.2177 1.2177 1.2177 0.8314 0.8314 0.8314 0.8314 0.8314 0.8314 0.8314 0.5469 0.5469 0.5469 0.5469 0.5469 0.5469 0.5469 0.3724 62.2676 62.2676 41.9641 1.3746 
fa3 = 2.3790 1.2177 1.2177 1.2177 1.2177 1.2177 1.2177 1.2177 0.8314 0.8314 0.8314 0.8314 0.8314 0.8314 0.8314 0.5469 0.5469 0.5469 0.5469 0.5469 0.5469 0.5469 0.3724 62.2784 62.2784 41.9705 1.3746 
fa4 = 2.3720 1.2125 1.2125 1.2125 1.2125 1.2125 1.2125 1.2125 0.8275 0.8275 0.8275 0.8275 0.8275 0.8275 0.8275 0.5443 0.5443 0.5443 0.5443 0.5443 0.5443 0.5443 0.3708 63.1123 63.1123 42.4948 1.3647 
fb1 = -0.2584 -0.2766 -0.2766 -0.2766 -0.2766 -0.2766 -0.2766 -0.2766 -0.2861 -0.2861 -0.2861 -0.2861 -0.2861 -0.2861 -0.2861 -0.2961 -0.2961 -0.2961 -0.2961 -0.2961 -0.2961 -0.2961 -0.3050 0.0840 0.0840 0.0623 -0.1204 
fb2 = -0.2583 -0.2765 -0.2765 -0.2765 -0.2765 -0.2765 -0.2765 -0.2765 -0.2861 -0.2861 -0.2861 -0.2861 -0.2861 -0.2861 -0.2861 -0.2960 -0.2960 -0.2960 -0.2960 -0.2960 -0.2960 -0.2960 -0.3050 0.0852 0.0852 0.0631 -0.1204 
fb3 = -0.2583 -0.2765 -0.2765 -0.2765 -0.2765 -0.2765 -0.2765 -0.2765 -0.2861 -0.2861 -0.2861 -0.2861 -0.2861 -0.2861 -0.2861 -0.2960 -0.2960 -0.2960 -0.2960 -0.2960 -0.2960 -0.2960 -0.3050 0.0853 0.0853 0.0631 -0.1204 
fb4 = -0.2582 -0.2765 -0.2765 -0.2765 -0.2765 -0.2765 -0.2765 -0.2765 -0.2860 -0.2860 -0.2860 -0.2860 -0.2860 -0.2860 -0.2860 -0.2959 -0.2959 -0.2959 -0.2959 -0.2959 -0.2959 -0.2959 -0.3049 0.0865 0.0865 0.0640 -0.1204 
I = 14.9000 9.4000 9.4000 9.4000 9.4000 9.4000 9.4000 9.4000 6.0000 6.0000 6.0000 6.0000 6.0000 6.0000 6.0000 2.0000 2.0000 2.0000 2.0000 2.0000 2.0000 2.0000 -2.0000 24.0000 24.0000 10.0000 -7.3020 
S1 = 0.0000 0.0000 0.0000 0.0000 0.0000 0.0000 0.0000 0.0000 0.0000 0.0000 0.0000 0.0000 0.0000 0.0000 0.0000 0.0000 0.0000 0.0000 0.0000 0.0000 0.0000 0.0000 0.0000 0.0000 0.0000 0.0000 0.0000 
S2 = 0.0000 0.0000 0.0000 0.0000 0.0000 0.0000 0.0000 0.0000 0.0000 0.0000 0.0000 0.0000 0.0000 0.0000 0.0000 0.0000 0.0000 0.0000 0.0000 0.0000 0.0000 0.0000 0.0000 0.0000 0.0000 0.0000 3.6980 
u = 9.3309 9.3045 9.3045 9.3045 9.3045 9.3045 9.3045 9.3045 9.2897 9.2897 9.2897 9.2897 9.2897 9.2897 9.2897 9.2733 9.2733 9.2733 9.2733 9.2733 9.2733 9.2733 9.2580 9.9035 9.9035 10.5718 9.6955 
v = 28.7637 23.9289 23.9289 23.9289 23.9289 23.9289 23.9289 23.9289 21.4010 21.4010 21.4010 21.4010 21.4010 21.4010 21.4010 18.7466 18.7466 18.7466 18.7466 18.7466 18.7466 18.7466 16.3584 71.1399 71.1399 68.8515 18.3870 
