ExternalI = 5.5000 0.0000 0.0000 0.0000 0.0000 0.0000 0.0000 0.0000 4.0000 4.0000 4.0000 4.0000 4.0000 4.0000 4.0000 0.0000 0.0000 0.0000 0.0000 0.0000 0.0000 0.0000 0.0000 8.0000 8.0000 0.0000 0.0000 
before u = 9.3309 9.3045 9.3045 9.3045 9.3045 9.3045 9.3045 9.3045 9.2897 9.2897 9.2897 9.2897 9.2897 9.2897 9.2897 9.2733 9.2733 9.2733 9.2733 9.2733 9.2733 9.2733 9.2580 9.9035 9.9035 10.5718 9.6955 
before v = 28.7637 23.9289 23.9289 23.9289 23.9289 23.9289 23.9289 23.9289 21.4010 21.4010 21.4010 21.4010 21.4010 21.4010 21.4010 18.7466 18.7466 18.7466 18.7466 18.7466 18.7466 18.7466 16.3584 71.1399 71.1399 68.8515 18.3870 
Ibias = 9.4000 9.4000 9.4000 9.4000 9.4000 9.4000 9.4000 9.4000 2.0000 2.0000 2.0000 2.0000 2.0000 2.0000 2.0000 2.0000 2.0000 2.0000 2.0000 2.0000 2.0000 2.0000 -2.0000 16.0000 16.0000 10.0000 -11.0000 
fa1 = 2.3720 1.2125 1.2125 1.2125 1.2125 1.2125 1.2125 1.2125 0.8275 0.8275 0.8275 0.8275 0.8275 0.8275 0.8275 0.5443 0.5443 0.5443 0.5443 0.5443 0.5443 0.5443 0.3708 63.1122 63.1122 42.4948 1.3573 
fa2 = 2.3650 1.2073 1.2073 1.2073 1.2073 1.2073 1.2073 1.2073 0.8236 0.8236 0.8236 0.8236 0.8236 0.8236 0.8236 0.5417 0.5417 0.5417 0.5417 0.5417 0.5417 0.5417 0.3691 63.9650 63.9650 43.0292 1.3476 
fa3 = 2.3650 1.2073 1.2073 1.2073 1.2073 1.2073 1.2073 1.2073 0.8236 0.8236 0.8236 0.8236 0.8236 0.8236 0.8236 0.5417 0.5417 0.5417 0.5417 0.5417 0.5417 0.5417 0.3692 63.9766 63.9766 43.0359 1.3476 
fa4 = 2.3581 1.2022 1.2022 1.2022 1.2022 1.2022 1.2022 1.2022 0.8198 0.8198 0.8198 0.8198 0.8198 0.8198 0.8198 0.5391 0.5391 0.5391 0.5391 0.5391 0.5391 0.5391 0.3676 64.8495 64.8495 43.5809 1.3379 
fb1 = -0.2582 -0.2765 -0.2765 -0.2765 -0.2765 -0.2765 -0.2765 -0.2765 -0.2860 -0.2860 -0.2860 -0.2860 -0.2860 -0.2860 -0.2860 -0.2959 -0.2959 -0.2959 -0.2959 -0.2959 -0.2959 -0.2959 -0.3049 0.0865 0.0865 0.0640 -0.1204 
fb2 = -0.2581 -0.2764 -0.2764 -0.2764 -0.2764 -0.2764 -0.2764 -0.2764 -0.2859 -0.2859 -0.2859 -0.2859 -0.2859 -0.2859 -0.2859 -0.2959 -0.2959 -0.2959 -0.2959 -0.2959 -0.2959 -0.2959 -0.3048 0.0877 0.0877 0.0648 -0.1203 
fb3 = -0.2581 -0.2764 -0.2764 -0.2764 -0.2764 -0.2764 -0.2764 -0.2764 -0.2859 -0.2859 -0.2859 -0.2859 -0.2859 -0.2859 -0.2859 -0.2959 -0.2959 -0.2959 -0.2959 -0.2959 -0.2959 -0.2959 -0.3048 0.0878 0.0878 0.0648 -0.1203 
fb4 = -0.2580 -0.2763 -0.2763 -0.2763 -0.2763 -0.2763 -0.2763 -0.2763 -0.2858 -0.2858 -0.2858 -0.2858 -0.2858 -0.2858 -0.2858 -0.2958 -0.2958 -0.2958 -0.2958 -0.2958 -0.2958 -0.2958 -0.3047 0.0890 0.0890 0.0657 -0.1203 
I = 14.9000 9.4000 9.4000 9.4000 9.4000 9.4000 9.4000 9.4000 6.0000 6.0000 6.0000 6.0000 6.0000 6.0000 6.0000 2.0000 2.0000 2.0000 2.0000 2.0000 2.0000 2.0000 -2.0000 24.0000 24.0000 10.0000 -7.3094 
S1 = 0.0000 0.0000 0.0000 0.0000 0.0000 0.0000 0.0000 0.0000 0.0000 0.0000 0.0000 0.0000 0.0000 0.0000 0.0000 0.0000 0.0000 0.0000 0.0000 0.0000 0.0000 0.0000 0.0000 0.0000 0.0000 0.0000 0.0000 
S2 = 0.0000 0.0000 0.0000 0.0000 0.0000 0.0000 0.0000 0.0000 0.0000 0.0000 0.0000 0.0000 0.0000 0.0000 0.0000 0.0000 0.0000 0.0000 0.0000 0.0000 0.0000 0.0000 0.0000 0.0000 0.0000 0.0000 3.6906 
u = 9.3283 9.3018 9.3018 9.3018 9.3018 9.3018 9.3018 9.3018 9.2868 9.2868 9.2868 9.2868 9.2868 9.2868 9.2868 9.2703 9.2703 9.2703 9.2703 9.2703 9.2703 9.2703 9.2549 9.9043 9.9043 10.5725 9.6943 
v = 28.7874 23.9409 23.9409 23.9409 23.9409 23.9409 23.9409 23.9409 21.4092 21.4092 21.4092 21.4092 21.4092 21.4092 21.4092 18.7520 18.7520 18.7520 18.7520 18.7520 18.7520 18.7520 16.3621 71.7796 71.7796 69.2818 18.4005 
