ExternalI = 5.5000 0.0000 0.0000 0.0000 0.0000 0.0000 0.0000 0.0000 4.0000 4.0000 4.0000 4.0000 4.0000 4.0000 4.0000 0.0000 0.0000 0.0000 0.0000 0.0000 0.0000 0.0000 0.0000 8.0000 8.0000 0.0000 0.0000 
before u = 9.3283 9.3018 9.3018 9.3018 9.3018 9.3018 9.3018 9.3018 9.2868 9.2868 9.2868 9.2868 9.2868 9.2868 9.2868 9.2703 9.2703 9.2703 9.2703 9.2703 9.2703 9.2703 9.2549 9.9043 9.9043 10.5725 9.6943 
before v = 28.7874 23.9409 23.9409 23.9409 23.9409 23.9409 23.9409 23.9409 21.4092 21.4092 21.4092 21.4092 21.4092 21.4092 21.4092 18.7520 18.7520 18.7520 18.7520 18.7520 18.7520 18.7520 16.3621 71.7796 71.7796 69.2818 18.4005 
Ibias = 9.4000 9.4000 9.4000 9.4000 9.4000 9.4000 9.4000 9.4000 2.0000 2.0000 2.0000 2.0000 2.0000 2.0000 2.0000 2.0000 2.0000 2.0000 2.0000 2.0000 2.0000 2.0000 -2.0000 16.0000 16.0000 10.0000 -11.0000 
fa1 = 2.3581 1.2022 1.2022 1.2022 1.2022 1.2022 1.2022 1.2022 0.8198 0.8198 0.8198 0.8198 0.8198 0.8198 0.8198 0.5391 0.5391 0.5391 0.5391 0.5391 0.5391 0.5391 0.3676 64.8494 64.8494 43.5809 1.3306 
fa2 = 2.3511 1.1970 1.1970 1.1970 1.1970 1.1970 1.1970 1.1970 0.8159 0.8159 0.8159 0.8159 0.8159 0.8159 0.8159 0.5366 0.5366 0.5366 0.5366 0.5366 0.5366 0.5366 0.3660 65.7424 65.7424 44.1365 1.3210 
fa3 = 2.3512 1.1971 1.1971 1.1971 1.1971 1.1971 1.1971 1.1971 0.8159 0.8159 0.8159 0.8159 0.8159 0.8159 0.8159 0.5366 0.5366 0.5366 0.5366 0.5366 0.5366 0.5366 0.3660 65.7547 65.7547 44.1436 1.3211 
fa4 = 2.3443 1.1920 1.1920 1.1920 1.1920 1.1920 1.1920 1.1920 0.8121 0.8121 0.8121 0.8121 0.8121 0.8121 0.8121 0.5340 0.5340 0.5340 0.5340 0.5340 0.5340 0.5340 0.3644 66.6690 66.6690 44.7104 1.3116 
fb1 = -0.2580 -0.2763 -0.2763 -0.2763 -0.2763 -0.2763 -0.2763 -0.2763 -0.2858 -0.2858 -0.2858 -0.2858 -0.2858 -0.2858 -0.2858 -0.2958 -0.2958 -0.2958 -0.2958 -0.2958 -0.2958 -0.2958 -0.3047 0.0890 0.0890 0.0657 -0.1203 
fb2 = -0.2579 -0.2762 -0.2762 -0.2762 -0.2762 -0.2762 -0.2762 -0.2762 -0.2858 -0.2858 -0.2858 -0.2858 -0.2858 -0.2858 -0.2858 -0.2957 -0.2957 -0.2957 -0.2957 -0.2957 -0.2957 -0.2957 -0.3047 0.0903 0.0903 0.0665 -0.1202 
fb3 = -0.2579 -0.2762 -0.2762 -0.2762 -0.2762 -0.2762 -0.2762 -0.2762 -0.2858 -0.2858 -0.2858 -0.2858 -0.2858 -0.2858 -0.2858 -0.2957 -0.2957 -0.2957 -0.2957 -0.2957 -0.2957 -0.2957 -0.3047 0.0903 0.0903 0.0666 -0.1202 
fb4 = -0.2578 -0.2761 -0.2761 -0.2761 -0.2761 -0.2761 -0.2761 -0.2761 -0.2857 -0.2857 -0.2857 -0.2857 -0.2857 -0.2857 -0.2857 -0.2957 -0.2957 -0.2957 -0.2957 -0.2957 -0.2957 -0.2957 -0.3046 0.0916 0.0916 0.0674 -0.1202 
I = 14.9000 9.4000 9.4000 9.4000 9.4000 9.4000 9.4000 9.4000 6.0000 6.0000 6.0000 6.0000 6.0000 6.0000 6.0000 2.0000 2.0000 2.0000 2.0000 2.0000 2.0000 2.0000 -2.0000 24.0000 24.0000 10.0000 -7.3168 
S1 = 0.0000 0.0000 0.0000 0.0000 0.0000 0.0000 0.0000 0.0000 0.0000 0.0000 0.0000 0.0000 0.0000 0.0000 0.0000 0.0000 0.0000 0.0000 0.0000 0.0000 0.0000 0.0000 0.0000 0.0000 0.0000 0.0000 0.0000 
S2 = 0.0000 0.0000 0.0000 0.0000 0.0000 0.0000 0.0000 0.0000 0.0000 0.0000 0.0000 0.0000 0.0000 0.0000 0.0000 0.0000 0.0000 0.0000 0.0000 0.0000 0.0000 0.0000 0.0000 0.0000 0.0000 0.0000 3.6832 
u = 9.3257 9.2990 9.2990 9.2990 9.2990 9.2990 9.2990 9.2990 9.2839 9.2839 9.2839 9.2839 9.2839 9.2839 9.2839 9.2674 9.2674 9.2674 9.2674 9.2674 9.2674 9.2674 9.2519 9.9052 9.9052 10.5731 9.6931 
v = 28.8109 23.9529 23.9529 23.9529 23.9529 23.9529 23.9529 23.9529 21.4174 21.4174 21.4174 21.4174 21.4174 21.4174 21.4174 18.7574 18.7574 18.7574 18.7574 18.7574 18.7574 18.7574 16.3657 72.4372 72.4372 69.7232 18.4137 
