ExternalI = 5.5000 0.0000 0.0000 0.0000 0.0000 0.0000 0.0000 0.0000 4.0000 4.0000 4.0000 4.0000 4.0000 4.0000 4.0000 0.0000 0.0000 0.0000 0.0000 0.0000 0.0000 0.0000 0.0000 8.0000 8.0000 0.0000 0.0000 
before u = 9.3257 9.2990 9.2990 9.2990 9.2990 9.2990 9.2990 9.2990 9.2839 9.2839 9.2839 9.2839 9.2839 9.2839 9.2839 9.2674 9.2674 9.2674 9.2674 9.2674 9.2674 9.2674 9.2519 9.9052 9.9052 10.5731 9.6931 
before v = 28.8109 23.9529 23.9529 23.9529 23.9529 23.9529 23.9529 23.9529 21.4174 21.4174 21.4174 21.4174 21.4174 21.4174 21.4174 18.7574 18.7574 18.7574 18.7574 18.7574 18.7574 18.7574 16.3657 72.4372 72.4372 69.7232 18.4137 
Ibias = 9.4000 9.4000 9.4000 9.4000 9.4000 9.4000 9.4000 9.4000 2.0000 2.0000 2.0000 2.0000 2.0000 2.0000 2.0000 2.0000 2.0000 2.0000 2.0000 2.0000 2.0000 2.0000 -2.0000 16.0000 16.0000 10.0000 -11.0000 
fa1 = 2.3443 1.1920 1.1920 1.1920 1.1920 1.1920 1.1920 1.1920 0.8121 0.8121 0.8121 0.8121 0.8121 0.8121 0.8121 0.5340 0.5340 0.5340 0.5340 0.5340 0.5340 0.5340 0.3644 66.6690 66.6690 44.7103 1.3042 
fa2 = 2.3374 1.1869 1.1869 1.1869 1.1869 1.1869 1.1869 1.1869 0.8083 0.8083 0.8083 0.8083 0.8083 0.8083 0.8083 0.5315 0.5315 0.5315 0.5315 0.5315 0.5315 0.5315 0.3629 67.6046 67.6046 45.2883 1.2949 
fa3 = 2.3374 1.1869 1.1869 1.1869 1.1869 1.1869 1.1869 1.1869 0.8083 0.8083 0.8083 0.8083 0.8083 0.8083 0.8083 0.5315 0.5315 0.5315 0.5315 0.5315 0.5315 0.5315 0.3629 67.6178 67.6178 45.2958 1.2949 
fa4 = 2.3306 1.1819 1.1819 1.1819 1.1819 1.1819 1.1819 1.1819 0.8046 0.8046 0.8046 0.8046 0.8046 0.8046 0.8046 0.5290 0.5290 0.5290 0.5290 0.5290 0.5290 0.5290 0.3613 68.5762 68.5762 45.8855 1.2857 
fb1 = -0.2578 -0.2761 -0.2761 -0.2761 -0.2761 -0.2761 -0.2761 -0.2761 -0.2857 -0.2857 -0.2857 -0.2857 -0.2857 -0.2857 -0.2857 -0.2957 -0.2957 -0.2957 -0.2957 -0.2957 -0.2957 -0.2957 -0.3046 0.0916 0.0916 0.0674 -0.1202 
fb2 = -0.2577 -0.2761 -0.2761 -0.2761 -0.2761 -0.2761 -0.2761 -0.2761 -0.2856 -0.2856 -0.2856 -0.2856 -0.2856 -0.2856 -0.2856 -0.2956 -0.2956 -0.2956 -0.2956 -0.2956 -0.2956 -0.2956 -0.3045 0.0930 0.0930 0.0683 -0.1202 
fb3 = -0.2577 -0.2761 -0.2761 -0.2761 -0.2761 -0.2761 -0.2761 -0.2761 -0.2856 -0.2856 -0.2856 -0.2856 -0.2856 -0.2856 -0.2856 -0.2956 -0.2956 -0.2956 -0.2956 -0.2956 -0.2956 -0.2956 -0.3045 0.0930 0.0930 0.0683 -0.1202 
fb4 = -0.2576 -0.2760 -0.2760 -0.2760 -0.2760 -0.2760 -0.2760 -0.2760 -0.2855 -0.2855 -0.2855 -0.2855 -0.2855 -0.2855 -0.2855 -0.2955 -0.2955 -0.2955 -0.2955 -0.2955 -0.2955 -0.2955 -0.3045 0.0943 0.0943 0.0692 -0.1201 
I = 14.9000 9.4000 9.4000 9.4000 9.4000 9.4000 9.4000 9.4000 6.0000 6.0000 6.0000 6.0000 6.0000 6.0000 6.0000 2.0000 2.0000 2.0000 2.0000 2.0000 2.0000 2.0000 -2.0000 24.0000 24.0000 10.0000 -7.3242 
S1 = 0.0000 0.0000 0.0000 0.0000 0.0000 0.0000 0.0000 0.0000 0.0000 0.0000 0.0000 0.0000 0.0000 0.0000 0.0000 0.0000 0.0000 0.0000 0.0000 0.0000 0.0000 0.0000 0.0000 0.0000 0.0000 0.0000 0.0000 
S2 = 0.0000 0.0000 0.0000 0.0000 0.0000 0.0000 0.0000 0.0000 0.0000 0.0000 0.0000 0.0000 0.0000 0.0000 0.0000 0.0000 0.0000 0.0000 0.0000 0.0000 0.0000 0.0000 0.0000 0.0000 0.0000 0.0000 3.6758 
u = 9.3232 9.2962 9.2962 9.2962 9.2962 9.2962 9.2962 9.2962 9.2811 9.2811 9.2811 9.2811 9.2811 9.2811 9.2811 9.2644 9.2644 9.2644 9.2644 9.2644 9.2644 9.2644 9.2488 9.9062 9.9062 10.5738 9.6919 
v = 28.8343 23.9648 23.9648 23.9648 23.9648 23.9648 23.9648 23.9648 21.4254 21.4254 21.4254 21.4254 21.4254 21.4254 21.4254 18.7627 18.7627 18.7627 18.7627 18.7627 18.7627 18.7627 16.3694 73.1133 73.1133 70.1762 18.4266 
