ExternalI = 5.5000 0.0000 0.0000 0.0000 0.0000 0.0000 0.0000 0.0000 4.0000 4.0000 4.0000 4.0000 4.0000 4.0000 4.0000 0.0000 0.0000 0.0000 0.0000 0.0000 0.0000 0.0000 0.0000 8.0000 8.0000 0.0000 0.0000 
before u = 9.3232 9.2962 9.2962 9.2962 9.2962 9.2962 9.2962 9.2962 9.2811 9.2811 9.2811 9.2811 9.2811 9.2811 9.2811 9.2644 9.2644 9.2644 9.2644 9.2644 9.2644 9.2644 9.2488 9.9062 9.9062 10.5738 9.6919 
before v = 28.8343 23.9648 23.9648 23.9648 23.9648 23.9648 23.9648 23.9648 21.4254 21.4254 21.4254 21.4254 21.4254 21.4254 21.4254 18.7627 18.7627 18.7627 18.7627 18.7627 18.7627 18.7627 16.3694 73.1133 73.1133 70.1762 18.4266 
Ibias = 9.4000 9.4000 9.4000 9.4000 9.4000 9.4000 9.4000 9.4000 2.0000 2.0000 2.0000 2.0000 2.0000 2.0000 2.0000 2.0000 2.0000 2.0000 2.0000 2.0000 2.0000 2.0000 -2.0000 16.0000 16.0000 10.0000 -11.0000 
fa1 = 2.3306 1.1819 1.1819 1.1819 1.1819 1.1819 1.1819 1.1819 0.8046 0.8046 0.8046 0.8046 0.8046 0.8046 0.8046 0.5290 0.5290 0.5290 0.5290 0.5290 0.5290 0.5290 0.3613 68.5761 68.5761 45.8855 1.2783 
fa2 = 2.3238 1.1768 1.1768 1.1768 1.1768 1.1768 1.1768 1.1768 0.8008 0.8008 0.8008 0.8008 0.8008 0.8008 0.8008 0.5265 0.5265 0.5265 0.5265 0.5265 0.5265 0.5265 0.3598 69.5572 69.5572 46.4870 1.2692 
fa3 = 2.3239 1.1769 1.1769 1.1769 1.1769 1.1769 1.1769 1.1769 0.8008 0.8008 0.8008 0.8008 0.8008 0.8008 0.8008 0.5266 0.5266 0.5266 0.5266 0.5266 0.5266 0.5266 0.3598 69.5714 69.5714 46.4949 1.2692 
fa4 = 2.3171 1.1719 1.1719 1.1719 1.1719 1.1719 1.1719 1.1719 0.7971 0.7971 0.7971 0.7971 0.7971 0.7971 0.7971 0.5241 0.5241 0.5241 0.5241 0.5241 0.5241 0.5241 0.3583 70.5767 70.5767 47.1088 1.2601 
fb1 = -0.2576 -0.2760 -0.2760 -0.2760 -0.2760 -0.2760 -0.2760 -0.2760 -0.2855 -0.2855 -0.2855 -0.2855 -0.2855 -0.2855 -0.2855 -0.2955 -0.2955 -0.2955 -0.2955 -0.2955 -0.2955 -0.2955 -0.3045 0.0943 0.0943 0.0692 -0.1201 
fb2 = -0.2575 -0.2759 -0.2759 -0.2759 -0.2759 -0.2759 -0.2759 -0.2759 -0.2855 -0.2855 -0.2855 -0.2855 -0.2855 -0.2855 -0.2855 -0.2955 -0.2955 -0.2955 -0.2955 -0.2955 -0.2955 -0.2955 -0.3044 0.0957 0.0957 0.0701 -0.1201 
fb3 = -0.2575 -0.2759 -0.2759 -0.2759 -0.2759 -0.2759 -0.2759 -0.2759 -0.2855 -0.2855 -0.2855 -0.2855 -0.2855 -0.2855 -0.2855 -0.2955 -0.2955 -0.2955 -0.2955 -0.2955 -0.2955 -0.2955 -0.3044 0.0957 0.0957 0.0702 -0.1201 
fb4 = -0.2574 -0.2758 -0.2758 -0.2758 -0.2758 -0.2758 -0.2758 -0.2758 -0.2854 -0.2854 -0.2854 -0.2854 -0.2854 -0.2854 -0.2854 -0.2954 -0.2954 -0.2954 -0.2954 -0.2954 -0.2954 -0.2954 -0.3043 0.0971 0.0971 0.0711 -0.1201 
I = 14.9000 9.4000 9.4000 9.4000 9.4000 9.4000 9.4000 9.4000 6.0000 6.0000 6.0000 6.0000 6.0000 6.0000 6.0000 2.0000 2.0000 2.0000 2.0000 2.0000 2.0000 2.0000 -2.0000 24.0000 24.0000 10.0000 -7.3315 
S1 = 0.0000 0.0000 0.0000 0.0000 0.0000 0.0000 0.0000 0.0000 0.0000 0.0000 0.0000 0.0000 0.0000 0.0000 0.0000 0.0000 0.0000 0.0000 0.0000 0.0000 0.0000 0.0000 0.0000 0.0000 0.0000 0.0000 0.0000 
S2 = 0.0000 0.0000 0.0000 0.0000 0.0000 0.0000 0.0000 0.0000 0.0000 0.0000 0.0000 0.0000 0.0000 0.0000 0.0000 0.0000 0.0000 0.0000 0.0000 0.0000 0.0000 0.0000 0.0000 0.0000 0.0000 0.0000 3.6685 
u = 9.3206 9.2935 9.2935 9.2935 9.2935 9.2935 9.2935 9.2935 9.2782 9.2782 9.2782 9.2782 9.2782 9.2782 9.2782 9.2615 9.2615 9.2615 9.2615 9.2615 9.2615 9.2615 9.2458 9.9071 9.9071 10.5745 9.6907 
v = 28.8575 23.9766 23.9766 23.9766 23.9766 23.9766 23.9766 23.9766 21.4335 21.4335 21.4335 21.4335 21.4335 21.4335 21.4335 18.7680 18.7680 18.7680 18.7680 18.7680 18.7680 18.7680 16.3730 73.8090 73.8090 70.6411 18.4393 
