ExternalI = 5.5000 0.0000 0.0000 0.0000 0.0000 0.0000 0.0000 0.0000 4.0000 4.0000 4.0000 4.0000 4.0000 4.0000 4.0000 0.0000 0.0000 0.0000 0.0000 0.0000 0.0000 0.0000 0.0000 8.0000 8.0000 0.0000 0.0000 
before u = 9.3206 9.2935 9.2935 9.2935 9.2935 9.2935 9.2935 9.2935 9.2782 9.2782 9.2782 9.2782 9.2782 9.2782 9.2782 9.2615 9.2615 9.2615 9.2615 9.2615 9.2615 9.2615 9.2458 9.9071 9.9071 10.5745 9.6907 
before v = 28.8575 23.9766 23.9766 23.9766 23.9766 23.9766 23.9766 23.9766 21.4335 21.4335 21.4335 21.4335 21.4335 21.4335 21.4335 18.7680 18.7680 18.7680 18.7680 18.7680 18.7680 18.7680 16.3730 73.8090 73.8090 70.6411 18.4393 
Ibias = 9.4000 9.4000 9.4000 9.4000 9.4000 9.4000 9.4000 9.4000 2.0000 2.0000 2.0000 2.0000 2.0000 2.0000 2.0000 2.0000 2.0000 2.0000 2.0000 2.0000 2.0000 2.0000 -2.0000 16.0000 16.0000 10.0000 -11.0000 
fa1 = 2.3171 1.1719 1.1719 1.1719 1.1719 1.1719 1.1719 1.1719 0.7971 0.7971 0.7971 0.7971 0.7971 0.7971 0.7971 0.5241 0.5241 0.5241 0.5241 0.5241 0.5241 0.5241 0.3583 70.5766 70.5766 47.1088 1.2528 
fa2 = 2.3104 1.1669 1.1669 1.1669 1.1669 1.1669 1.1669 1.1669 0.7934 0.7934 0.7934 0.7934 0.7934 0.7934 0.7934 0.5216 0.5216 0.5216 0.5216 0.5216 0.5216 0.5216 0.3568 71.6061 71.6061 47.7351 1.2439 
fa3 = 2.3104 1.1669 1.1669 1.1669 1.1669 1.1669 1.1669 1.1669 0.7935 0.7935 0.7935 0.7935 0.7935 0.7935 0.7935 0.5217 0.5217 0.5217 0.5217 0.5217 0.5217 0.5217 0.3568 71.6212 71.6212 47.7435 1.2439 
fa4 = 2.3037 1.1620 1.1620 1.1620 1.1620 1.1620 1.1620 1.1620 0.7898 0.7898 0.7898 0.7898 0.7898 0.7898 0.7898 0.5192 0.5192 0.5192 0.5192 0.5192 0.5192 0.5192 0.3553 72.6765 72.6765 48.3830 1.2351 
fb1 = -0.2574 -0.2758 -0.2758 -0.2758 -0.2758 -0.2758 -0.2758 -0.2758 -0.2854 -0.2854 -0.2854 -0.2854 -0.2854 -0.2854 -0.2854 -0.2954 -0.2954 -0.2954 -0.2954 -0.2954 -0.2954 -0.2954 -0.3043 0.0971 0.0971 0.0711 -0.1201 
fb2 = -0.2573 -0.2758 -0.2758 -0.2758 -0.2758 -0.2758 -0.2758 -0.2758 -0.2853 -0.2853 -0.2853 -0.2853 -0.2853 -0.2853 -0.2853 -0.2953 -0.2953 -0.2953 -0.2953 -0.2953 -0.2953 -0.2953 -0.3043 0.0985 0.0985 0.0720 -0.1200 
fb3 = -0.2573 -0.2758 -0.2758 -0.2758 -0.2758 -0.2758 -0.2758 -0.2758 -0.2853 -0.2853 -0.2853 -0.2853 -0.2853 -0.2853 -0.2853 -0.2953 -0.2953 -0.2953 -0.2953 -0.2953 -0.2953 -0.2953 -0.3043 0.0985 0.0985 0.0720 -0.1200 
fb4 = -0.2572 -0.2757 -0.2757 -0.2757 -0.2757 -0.2757 -0.2757 -0.2757 -0.2852 -0.2852 -0.2852 -0.2852 -0.2852 -0.2852 -0.2852 -0.2952 -0.2952 -0.2952 -0.2952 -0.2952 -0.2952 -0.2952 -0.3042 0.0999 0.0999 0.0730 -0.1200 
I = 14.9000 9.4000 9.4000 9.4000 9.4000 9.4000 9.4000 9.4000 6.0000 6.0000 6.0000 6.0000 6.0000 6.0000 6.0000 2.0000 2.0000 2.0000 2.0000 2.0000 2.0000 2.0000 -2.0000 24.0000 24.0000 10.0000 -7.3389 
S1 = 0.0000 0.0000 0.0000 0.0000 0.0000 0.0000 0.0000 0.0000 0.0000 0.0000 0.0000 0.0000 0.0000 0.0000 0.0000 0.0000 0.0000 0.0000 0.0000 0.0000 0.0000 0.0000 0.0000 0.0000 0.0000 0.0000 0.0000 
S2 = 0.0000 0.0000 0.0000 0.0000 0.0000 0.0000 0.0000 0.0000 0.0000 0.0000 0.0000 0.0000 0.0000 0.0000 0.0000 0.0000 0.0000 0.0000 0.0000 0.0000 0.0000 0.0000 0.0000 0.0000 0.0000 0.0000 3.6611 
u = 9.3180 9.2907 9.2907 9.2907 9.2907 9.2907 9.2907 9.2907 9.2754 9.2754 9.2754 9.2754 9.2754 9.2754 9.2754 9.2585 9.2585 9.2585 9.2585 9.2585 9.2585 9.2585 9.2427 9.9081 9.9081 10.5752 9.6895 
v = 28.8806 23.9882 23.9882 23.9882 23.9882 23.9882 23.9882 23.9882 21.4414 21.4414 21.4414 21.4414 21.4414 21.4414 21.4414 18.7732 18.7732 18.7732 18.7732 18.7732 18.7732 18.7732 16.3765 74.5252 74.5252 71.1185 18.4518 
