ExternalI = 5.5000 0.0000 0.0000 0.0000 0.0000 0.0000 0.0000 0.0000 4.0000 4.0000 4.0000 4.0000 4.0000 4.0000 4.0000 0.0000 0.0000 0.0000 0.0000 0.0000 0.0000 0.0000 0.0000 8.0000 8.0000 0.0000 0.0000 
before u = 9.3180 9.2907 9.2907 9.2907 9.2907 9.2907 9.2907 9.2907 9.2754 9.2754 9.2754 9.2754 9.2754 9.2754 9.2754 9.2585 9.2585 9.2585 9.2585 9.2585 9.2585 9.2585 9.2427 9.9081 9.9081 10.5752 9.6895 
before v = 28.8806 23.9882 23.9882 23.9882 23.9882 23.9882 23.9882 23.9882 21.4414 21.4414 21.4414 21.4414 21.4414 21.4414 21.4414 18.7732 18.7732 18.7732 18.7732 18.7732 18.7732 18.7732 16.3765 74.5252 74.5252 71.1185 18.4518 
Ibias = 9.4000 9.4000 9.4000 9.4000 9.4000 9.4000 9.4000 9.4000 2.0000 2.0000 2.0000 2.0000 2.0000 2.0000 2.0000 2.0000 2.0000 2.0000 2.0000 2.0000 2.0000 2.0000 -2.0000 16.0000 16.0000 10.0000 -11.0000 
fa1 = 2.3037 1.1620 1.1620 1.1620 1.1620 1.1620 1.1620 1.1620 0.7898 0.7898 0.7898 0.7898 0.7898 0.7898 0.7898 0.5192 0.5192 0.5192 0.5192 0.5192 0.5192 0.5192 0.3553 72.6764 72.6764 48.3829 1.2277 
fa2 = 2.2971 1.1571 1.1571 1.1571 1.1571 1.1571 1.1571 1.1571 0.7861 0.7861 0.7861 0.7861 0.7861 0.7861 0.7861 0.5168 0.5168 0.5168 0.5168 0.5168 0.5168 0.5168 0.3538 73.7575 73.7575 49.0355 1.2190 
fa3 = 2.2971 1.1571 1.1571 1.1571 1.1571 1.1571 1.1571 1.1571 0.7862 0.7862 0.7862 0.7862 0.7862 0.7862 0.7862 0.5168 0.5168 0.5168 0.5168 0.5168 0.5168 0.5168 0.3538 73.7737 73.7737 49.0444 1.2190 
fa4 = 2.2905 1.1523 1.1523 1.1523 1.1523 1.1523 1.1523 1.1523 0.7825 0.7825 0.7825 0.7825 0.7825 0.7825 0.7825 0.5144 0.5144 0.5144 0.5144 0.5144 0.5144 0.5144 0.3524 74.8824 74.8824 49.7109 1.2104 
fb1 = -0.2572 -0.2757 -0.2757 -0.2757 -0.2757 -0.2757 -0.2757 -0.2757 -0.2852 -0.2852 -0.2852 -0.2852 -0.2852 -0.2852 -0.2852 -0.2952 -0.2952 -0.2952 -0.2952 -0.2952 -0.2952 -0.2952 -0.3042 0.0999 0.0999 0.0730 -0.1200 
fb2 = -0.2571 -0.2756 -0.2756 -0.2756 -0.2756 -0.2756 -0.2756 -0.2756 -0.2852 -0.2852 -0.2852 -0.2852 -0.2852 -0.2852 -0.2852 -0.2952 -0.2952 -0.2952 -0.2952 -0.2952 -0.2952 -0.2952 -0.3041 0.1014 0.1014 0.0739 -0.1199 
fb3 = -0.2571 -0.2756 -0.2756 -0.2756 -0.2756 -0.2756 -0.2756 -0.2756 -0.2852 -0.2852 -0.2852 -0.2852 -0.2852 -0.2852 -0.2852 -0.2952 -0.2952 -0.2952 -0.2952 -0.2952 -0.2952 -0.2952 -0.3041 0.1014 0.1014 0.0739 -0.1199 
fb4 = -0.2570 -0.2755 -0.2755 -0.2755 -0.2755 -0.2755 -0.2755 -0.2755 -0.2851 -0.2851 -0.2851 -0.2851 -0.2851 -0.2851 -0.2851 -0.2951 -0.2951 -0.2951 -0.2951 -0.2951 -0.2951 -0.2951 -0.3041 0.1029 0.1029 0.0749 -0.1199 
I = 14.9000 9.4000 9.4000 9.4000 9.4000 9.4000 9.4000 9.4000 6.0000 6.0000 6.0000 6.0000 6.0000 6.0000 6.0000 2.0000 2.0000 2.0000 2.0000 2.0000 2.0000 2.0000 -2.0000 24.0000 24.0000 10.0000 -7.3462 
S1 = 0.0000 0.0000 0.0000 0.0000 0.0000 0.0000 0.0000 0.0000 0.0000 0.0000 0.0000 0.0000 0.0000 0.0000 0.0000 0.0000 0.0000 0.0000 0.0000 0.0000 0.0000 0.0000 0.0000 0.0000 0.0000 0.0000 0.0000 
S2 = 0.0000 0.0000 0.0000 0.0000 0.0000 0.0000 0.0000 0.0000 0.0000 0.0000 0.0000 0.0000 0.0000 0.0000 0.0000 0.0000 0.0000 0.0000 0.0000 0.0000 0.0000 0.0000 0.0000 0.0000 0.0000 0.0000 3.6538 
u = 9.3155 9.2880 9.2880 9.2880 9.2880 9.2880 9.2880 9.2880 9.2725 9.2725 9.2725 9.2725 9.2725 9.2725 9.2725 9.2556 9.2556 9.2556 9.2556 9.2556 9.2556 9.2556 9.2397 9.9091 9.9091 10.5760 9.6883 
v = 28.9036 23.9998 23.9998 23.9998 23.9998 23.9998 23.9998 23.9998 21.4493 21.4493 21.4493 21.4493 21.4493 21.4493 21.4493 18.7783 18.7783 18.7783 18.7783 18.7783 18.7783 18.7783 16.3801 75.2629 75.2629 71.6089 18.4640 
