ExternalI = 5.5000 0.0000 0.0000 0.0000 0.0000 0.0000 0.0000 0.0000 4.0000 4.0000 4.0000 4.0000 4.0000 4.0000 4.0000 0.0000 0.0000 0.0000 0.0000 0.0000 0.0000 0.0000 0.0000 8.0000 8.0000 0.0000 0.0000 
before u = 9.3155 9.2880 9.2880 9.2880 9.2880 9.2880 9.2880 9.2880 9.2725 9.2725 9.2725 9.2725 9.2725 9.2725 9.2725 9.2556 9.2556 9.2556 9.2556 9.2556 9.2556 9.2556 9.2397 9.9091 9.9091 10.5760 9.6883 
before v = 28.9036 23.9998 23.9998 23.9998 23.9998 23.9998 23.9998 23.9998 21.4493 21.4493 21.4493 21.4493 21.4493 21.4493 21.4493 18.7783 18.7783 18.7783 18.7783 18.7783 18.7783 18.7783 16.3801 75.2629 75.2629 71.6089 18.4640 
Ibias = 9.4000 9.4000 9.4000 9.4000 9.4000 9.4000 9.4000 9.4000 2.0000 2.0000 2.0000 2.0000 2.0000 2.0000 2.0000 2.0000 2.0000 2.0000 2.0000 2.0000 2.0000 2.0000 -2.0000 16.0000 16.0000 10.0000 -11.0000 
fa1 = 2.2905 1.1523 1.1523 1.1523 1.1523 1.1523 1.1523 1.1523 0.7825 0.7825 0.7825 0.7825 0.7825 0.7825 0.7825 0.5144 0.5144 0.5144 0.5144 0.5144 0.5144 0.5144 0.3524 74.8822 74.8822 49.7108 1.2031 
fa2 = 2.2839 1.1474 1.1474 1.1474 1.1474 1.1474 1.1474 1.1474 0.7789 0.7789 0.7789 0.7789 0.7789 0.7789 0.7789 0.5121 0.5121 0.5121 0.5121 0.5121 0.5121 0.5121 0.3509 76.0184 76.0184 50.3911 1.1945 
fa3 = 2.2839 1.1474 1.1474 1.1474 1.1474 1.1474 1.1474 1.1474 0.7790 0.7790 0.7790 0.7790 0.7790 0.7790 0.7790 0.5121 0.5121 0.5121 0.5121 0.5121 0.5121 0.5121 0.3509 76.0358 76.0358 50.4005 1.1946 
fa4 = 2.2774 1.1426 1.1426 1.1426 1.1426 1.1426 1.1426 1.1426 0.7754 0.7754 0.7754 0.7754 0.7754 0.7754 0.7754 0.5097 0.5097 0.5097 0.5097 0.5097 0.5097 0.5097 0.3495 77.2014 77.2014 51.0955 1.1861 
fb1 = -0.2570 -0.2755 -0.2755 -0.2755 -0.2755 -0.2755 -0.2755 -0.2755 -0.2851 -0.2851 -0.2851 -0.2851 -0.2851 -0.2851 -0.2851 -0.2951 -0.2951 -0.2951 -0.2951 -0.2951 -0.2951 -0.2951 -0.3041 0.1029 0.1029 0.0749 -0.1199 
fb2 = -0.2569 -0.2754 -0.2754 -0.2754 -0.2754 -0.2754 -0.2754 -0.2754 -0.2850 -0.2850 -0.2850 -0.2850 -0.2850 -0.2850 -0.2850 -0.2950 -0.2950 -0.2950 -0.2950 -0.2950 -0.2950 -0.2950 -0.3040 0.1044 0.1044 0.0759 -0.1199 
fb3 = -0.2569 -0.2754 -0.2754 -0.2754 -0.2754 -0.2754 -0.2754 -0.2754 -0.2850 -0.2850 -0.2850 -0.2850 -0.2850 -0.2850 -0.2850 -0.2950 -0.2950 -0.2950 -0.2950 -0.2950 -0.2950 -0.2950 -0.3040 0.1044 0.1044 0.0759 -0.1199 
fb4 = -0.2568 -0.2754 -0.2754 -0.2754 -0.2754 -0.2754 -0.2754 -0.2754 -0.2850 -0.2850 -0.2850 -0.2850 -0.2850 -0.2850 -0.2850 -0.2950 -0.2950 -0.2950 -0.2950 -0.2950 -0.2950 -0.2950 -0.3039 0.1059 0.1059 0.0769 -0.1198 
I = 14.9000 9.4000 9.4000 9.4000 9.4000 9.4000 9.4000 9.4000 6.0000 6.0000 6.0000 6.0000 6.0000 6.0000 6.0000 2.0000 2.0000 2.0000 2.0000 2.0000 2.0000 2.0000 -2.0000 24.0000 24.0000 10.0000 -7.3535 
S1 = 0.0000 0.0000 0.0000 0.0000 0.0000 0.0000 0.0000 0.0000 0.0000 0.0000 0.0000 0.0000 0.0000 0.0000 0.0000 0.0000 0.0000 0.0000 0.0000 0.0000 0.0000 0.0000 0.0000 0.0000 0.0000 0.0000 0.0000 
S2 = 0.0000 0.0000 0.0000 0.0000 0.0000 0.0000 0.0000 0.0000 0.0000 0.0000 0.0000 0.0000 0.0000 0.0000 0.0000 0.0000 0.0000 0.0000 0.0000 0.0000 0.0000 0.0000 0.0000 0.0000 0.0000 0.0000 3.6465 
u = 9.3129 9.2852 9.2852 9.2852 9.2852 9.2852 9.2852 9.2852 9.2697 9.2697 9.2697 9.2697 9.2697 9.2697 9.2697 9.2526 9.2526 9.2526 9.2526 9.2526 9.2526 9.2526 9.2367 9.9102 9.9102 10.5767 9.6871 
v = 28.9264 24.0113 24.0113 24.0113 24.0113 24.0113 24.0113 24.0113 21.4570 21.4570 21.4570 21.4570 21.4570 21.4570 21.4570 18.7835 18.7835 18.7835 18.7835 18.7835 18.7835 18.7835 16.3836 76.0232 76.0232 72.1129 18.4759 
