ExternalI = 5.5000 0.0000 0.0000 0.0000 0.0000 0.0000 0.0000 0.0000 4.0000 4.0000 4.0000 4.0000 4.0000 4.0000 4.0000 0.0000 0.0000 0.0000 0.0000 0.0000 0.0000 0.0000 0.0000 8.0000 8.0000 0.0000 0.0000 
before u = 9.3129 9.2852 9.2852 9.2852 9.2852 9.2852 9.2852 9.2852 9.2697 9.2697 9.2697 9.2697 9.2697 9.2697 9.2697 9.2526 9.2526 9.2526 9.2526 9.2526 9.2526 9.2526 9.2367 9.9102 9.9102 10.5767 9.6871 
before v = 28.9264 24.0113 24.0113 24.0113 24.0113 24.0113 24.0113 24.0113 21.4570 21.4570 21.4570 21.4570 21.4570 21.4570 21.4570 18.7835 18.7835 18.7835 18.7835 18.7835 18.7835 18.7835 16.3836 76.0232 76.0232 72.1129 18.4759 
Ibias = 9.4000 9.4000 9.4000 9.4000 9.4000 9.4000 9.4000 9.4000 2.0000 2.0000 2.0000 2.0000 2.0000 2.0000 2.0000 2.0000 2.0000 2.0000 2.0000 2.0000 2.0000 2.0000 -2.0000 16.0000 16.0000 10.0000 -11.0000 
fa1 = 2.2774 1.1426 1.1426 1.1426 1.1426 1.1426 1.1426 1.1426 0.7754 0.7754 0.7754 0.7754 0.7754 0.7754 0.7754 0.5097 0.5097 0.5097 0.5097 0.5097 0.5097 0.5097 0.3495 77.2013 77.2013 51.0954 1.1788 
fa2 = 2.2708 1.1378 1.1378 1.1378 1.1378 1.1378 1.1378 1.1378 0.7718 0.7718 0.7718 0.7718 0.7718 0.7718 0.7718 0.5074 0.5074 0.5074 0.5074 0.5074 0.5074 0.5074 0.3480 78.3963 78.3963 51.8051 1.1704 
fa3 = 2.2709 1.1379 1.1379 1.1379 1.1379 1.1379 1.1379 1.1379 0.7719 0.7719 0.7719 0.7719 0.7719 0.7719 0.7719 0.5074 0.5074 0.5074 0.5074 0.5074 0.5074 0.5074 0.3481 78.4149 78.4149 51.8150 1.1705 
fa4 = 2.2644 1.1331 1.1331 1.1331 1.1331 1.1331 1.1331 1.1331 0.7683 0.7683 0.7683 0.7683 0.7683 0.7683 0.7683 0.5051 0.5051 0.5051 0.5051 0.5051 0.5051 0.5051 0.3466 79.6414 79.6414 52.5402 1.1622 
fb1 = -0.2568 -0.2754 -0.2754 -0.2754 -0.2754 -0.2754 -0.2754 -0.2754 -0.2850 -0.2850 -0.2850 -0.2850 -0.2850 -0.2850 -0.2850 -0.2950 -0.2950 -0.2950 -0.2950 -0.2950 -0.2950 -0.2950 -0.3039 0.1059 0.1059 0.0769 -0.1198 
fb2 = -0.2567 -0.2753 -0.2753 -0.2753 -0.2753 -0.2753 -0.2753 -0.2753 -0.2849 -0.2849 -0.2849 -0.2849 -0.2849 -0.2849 -0.2849 -0.2949 -0.2949 -0.2949 -0.2949 -0.2949 -0.2949 -0.2949 -0.3039 0.1074 0.1074 0.0779 -0.1198 
fb3 = -0.2567 -0.2753 -0.2753 -0.2753 -0.2753 -0.2753 -0.2753 -0.2753 -0.2849 -0.2849 -0.2849 -0.2849 -0.2849 -0.2849 -0.2849 -0.2949 -0.2949 -0.2949 -0.2949 -0.2949 -0.2949 -0.2949 -0.3039 0.1074 0.1074 0.0779 -0.1198 
fb4 = -0.2566 -0.2752 -0.2752 -0.2752 -0.2752 -0.2752 -0.2752 -0.2752 -0.2848 -0.2848 -0.2848 -0.2848 -0.2848 -0.2848 -0.2848 -0.2948 -0.2948 -0.2948 -0.2948 -0.2948 -0.2948 -0.2948 -0.3038 0.1090 0.1090 0.0790 -0.1198 
I = 14.9000 9.4000 9.4000 9.4000 9.4000 9.4000 9.4000 9.4000 6.0000 6.0000 6.0000 6.0000 6.0000 6.0000 6.0000 2.0000 2.0000 2.0000 2.0000 2.0000 2.0000 2.0000 -2.0000 24.0000 24.0000 10.0000 -7.3608 
S1 = 0.0000 0.0000 0.0000 0.0000 0.0000 0.0000 0.0000 0.0000 0.0000 0.0000 0.0000 0.0000 0.0000 0.0000 0.0000 0.0000 0.0000 0.0000 0.0000 0.0000 0.0000 0.0000 0.0000 0.0000 0.0000 0.0000 0.0000 
S2 = 0.0000 0.0000 0.0000 0.0000 0.0000 0.0000 0.0000 0.0000 0.0000 0.0000 0.0000 0.0000 0.0000 0.0000 0.0000 0.0000 0.0000 0.0000 0.0000 0.0000 0.0000 0.0000 0.0000 0.0000 0.0000 0.0000 3.6392 
u = 9.3103 9.2824 9.2824 9.2824 9.2824 9.2824 9.2824 9.2824 9.2668 9.2668 9.2668 9.2668 9.2668 9.2668 9.2668 9.2497 9.2497 9.2497 9.2497 9.2497 9.2497 9.2497 9.2336 9.9113 9.9113 10.5775 9.6859 
v = 28.9491 24.0226 24.0226 24.0226 24.0226 24.0226 24.0226 24.0226 21.4648 21.4648 21.4648 21.4648 21.4648 21.4648 21.4648 18.7885 18.7885 18.7885 18.7885 18.7885 18.7885 18.7885 16.3871 76.8073 76.8073 72.6310 18.4876 
