ExternalI = 5.5000 0.0000 0.0000 0.0000 0.0000 0.0000 0.0000 0.0000 4.0000 4.0000 4.0000 4.0000 4.0000 4.0000 4.0000 0.0000 0.0000 0.0000 0.0000 0.0000 0.0000 0.0000 0.0000 8.0000 8.0000 0.0000 0.0000 
before u = 9.3103 9.2824 9.2824 9.2824 9.2824 9.2824 9.2824 9.2824 9.2668 9.2668 9.2668 9.2668 9.2668 9.2668 9.2668 9.2497 9.2497 9.2497 9.2497 9.2497 9.2497 9.2497 9.2336 9.9113 9.9113 10.5775 9.6859 
before v = 28.9491 24.0226 24.0226 24.0226 24.0226 24.0226 24.0226 24.0226 21.4648 21.4648 21.4648 21.4648 21.4648 21.4648 21.4648 18.7885 18.7885 18.7885 18.7885 18.7885 18.7885 18.7885 16.3871 76.8073 76.8073 72.6310 18.4876 
Ibias = 9.4000 9.4000 9.4000 9.4000 9.4000 9.4000 9.4000 9.4000 2.0000 2.0000 2.0000 2.0000 2.0000 2.0000 2.0000 2.0000 2.0000 2.0000 2.0000 2.0000 2.0000 2.0000 -2.0000 16.0000 16.0000 10.0000 -11.0000 
fa1 = 2.2644 1.1331 1.1331 1.1331 1.1331 1.1331 1.1331 1.1331 0.7683 0.7683 0.7683 0.7683 0.7683 0.7683 0.7683 0.5051 0.5051 0.5051 0.5051 0.5051 0.5051 0.5051 0.3466 79.6413 79.6413 52.5401 1.1549 
fa2 = 2.2579 1.1284 1.1284 1.1284 1.1284 1.1284 1.1284 1.1284 0.7648 0.7648 0.7648 0.7648 0.7648 0.7648 0.7648 0.5028 0.5028 0.5028 0.5028 0.5028 0.5028 0.5028 0.3452 80.8993 80.8993 53.2808 1.1467 
fa3 = 2.2579 1.1284 1.1284 1.1284 1.1284 1.1284 1.1284 1.1284 0.7649 0.7649 0.7649 0.7649 0.7649 0.7649 0.7649 0.5028 0.5028 0.5028 0.5028 0.5028 0.5028 0.5028 0.3452 80.9193 80.9193 53.2913 1.1468 
fa4 = 2.2515 1.1237 1.1237 1.1237 1.1237 1.1237 1.1237 1.1237 0.7614 0.7614 0.7614 0.7614 0.7614 0.7614 0.7614 0.5005 0.5005 0.5005 0.5005 0.5005 0.5005 0.5005 0.3438 82.2110 82.2110 54.0484 1.1386 
fb1 = -0.2566 -0.2752 -0.2752 -0.2752 -0.2752 -0.2752 -0.2752 -0.2752 -0.2848 -0.2848 -0.2848 -0.2848 -0.2848 -0.2848 -0.2848 -0.2948 -0.2948 -0.2948 -0.2948 -0.2948 -0.2948 -0.2948 -0.3038 0.1090 0.1090 0.0790 -0.1198 
fb2 = -0.2565 -0.2751 -0.2751 -0.2751 -0.2751 -0.2751 -0.2751 -0.2751 -0.2847 -0.2847 -0.2847 -0.2847 -0.2847 -0.2847 -0.2847 -0.2948 -0.2948 -0.2948 -0.2948 -0.2948 -0.2948 -0.2948 -0.3037 0.1106 0.1106 0.0800 -0.1197 
fb3 = -0.2565 -0.2751 -0.2751 -0.2751 -0.2751 -0.2751 -0.2751 -0.2751 -0.2847 -0.2847 -0.2847 -0.2847 -0.2847 -0.2847 -0.2847 -0.2948 -0.2948 -0.2948 -0.2948 -0.2948 -0.2948 -0.2948 -0.3037 0.1106 0.1106 0.0800 -0.1197 
fb4 = -0.2564 -0.2751 -0.2751 -0.2751 -0.2751 -0.2751 -0.2751 -0.2751 -0.2847 -0.2847 -0.2847 -0.2847 -0.2847 -0.2847 -0.2847 -0.2947 -0.2947 -0.2947 -0.2947 -0.2947 -0.2947 -0.2947 -0.3037 0.1122 0.1122 0.0811 -0.1197 
I = 14.9000 9.4000 9.4000 9.4000 9.4000 9.4000 9.4000 9.4000 6.0000 6.0000 6.0000 6.0000 6.0000 6.0000 6.0000 2.0000 2.0000 2.0000 2.0000 2.0000 2.0000 2.0000 -2.0000 24.0000 24.0000 10.0000 -7.3681 
S1 = 0.0000 0.0000 0.0000 0.0000 0.0000 0.0000 0.0000 0.0000 0.0000 0.0000 0.0000 0.0000 0.0000 0.0000 0.0000 0.0000 0.0000 0.0000 0.0000 0.0000 0.0000 0.0000 0.0000 0.0000 0.0000 0.0000 0.0000 
S2 = 0.0000 0.0000 0.0000 0.0000 0.0000 0.0000 0.0000 0.0000 0.0000 0.0000 0.0000 0.0000 0.0000 0.0000 0.0000 0.0000 0.0000 0.0000 0.0000 0.0000 0.0000 0.0000 0.0000 0.0000 0.0000 0.0000 3.6319 
u = 9.3078 9.2797 9.2797 9.2797 9.2797 9.2797 9.2797 9.2797 9.2640 9.2640 9.2640 9.2640 9.2640 9.2640 9.2640 9.2467 9.2467 9.2467 9.2467 9.2467 9.2467 9.2467 9.2306 9.9124 9.9124 10.5783 9.6847 
v = 28.9717 24.0339 24.0339 24.0339 24.0339 24.0339 24.0339 24.0339 21.4724 21.4724 21.4724 21.4724 21.4724 21.4724 21.4724 18.7936 18.7936 18.7936 18.7936 18.7936 18.7936 18.7936 16.3905 77.6164 77.6164 73.1639 18.4991 
