ExternalI = 5.5000 0.0000 0.0000 0.0000 0.0000 0.0000 0.0000 0.0000 4.0000 4.0000 4.0000 4.0000 4.0000 4.0000 4.0000 0.0000 0.0000 0.0000 0.0000 0.0000 0.0000 0.0000 0.0000 8.0000 8.0000 0.0000 0.0000 
before u = 9.3078 9.2797 9.2797 9.2797 9.2797 9.2797 9.2797 9.2797 9.2640 9.2640 9.2640 9.2640 9.2640 9.2640 9.2640 9.2467 9.2467 9.2467 9.2467 9.2467 9.2467 9.2467 9.2306 9.9124 9.9124 10.5783 9.6847 
before v = 28.9717 24.0339 24.0339 24.0339 24.0339 24.0339 24.0339 24.0339 21.4724 21.4724 21.4724 21.4724 21.4724 21.4724 21.4724 18.7936 18.7936 18.7936 18.7936 18.7936 18.7936 18.7936 16.3905 77.6164 77.6164 73.1639 18.4991 
Ibias = 9.4000 9.4000 9.4000 9.4000 9.4000 9.4000 9.4000 9.4000 2.0000 2.0000 2.0000 2.0000 2.0000 2.0000 2.0000 2.0000 2.0000 2.0000 2.0000 2.0000 2.0000 2.0000 -2.0000 16.0000 16.0000 10.0000 -11.0000 
fa1 = 2.2515 1.1237 1.1237 1.1237 1.1237 1.1237 1.1237 1.1237 0.7614 0.7614 0.7614 0.7614 0.7614 0.7614 0.7614 0.5005 0.5005 0.5005 0.5005 0.5005 0.5005 0.5005 0.3438 82.2108 82.2108 54.0483 1.1314 
fa2 = 2.2451 1.1190 1.1190 1.1190 1.1190 1.1190 1.1190 1.1190 0.7579 0.7579 0.7579 0.7579 0.7579 0.7579 0.7579 0.4982 0.4982 0.4982 0.4982 0.4982 0.4982 0.4982 0.3425 83.5362 83.5362 54.8219 1.1234 
fa3 = 2.2451 1.1191 1.1191 1.1191 1.1191 1.1191 1.1191 1.1191 0.7579 0.7579 0.7579 0.7579 0.7579 0.7579 0.7579 0.4982 0.4982 0.4982 0.4982 0.4982 0.4982 0.4982 0.3425 83.5577 83.5577 54.8330 1.1234 
fa4 = 2.2388 1.1144 1.1144 1.1144 1.1144 1.1144 1.1144 1.1144 0.7545 0.7545 0.7545 0.7545 0.7545 0.7545 0.7545 0.4960 0.4960 0.4960 0.4960 0.4960 0.4960 0.4960 0.3411 84.9192 84.9192 55.6240 1.1155 
fb1 = -0.2564 -0.2751 -0.2751 -0.2751 -0.2751 -0.2751 -0.2751 -0.2751 -0.2847 -0.2847 -0.2847 -0.2847 -0.2847 -0.2847 -0.2847 -0.2947 -0.2947 -0.2947 -0.2947 -0.2947 -0.2947 -0.2947 -0.3037 0.1122 0.1122 0.0811 -0.1197 
fb2 = -0.2563 -0.2750 -0.2750 -0.2750 -0.2750 -0.2750 -0.2750 -0.2750 -0.2846 -0.2846 -0.2846 -0.2846 -0.2846 -0.2846 -0.2846 -0.2946 -0.2946 -0.2946 -0.2946 -0.2946 -0.2946 -0.2946 -0.3036 0.1139 0.1139 0.0822 -0.1197 
fb3 = -0.2563 -0.2750 -0.2750 -0.2750 -0.2750 -0.2750 -0.2750 -0.2750 -0.2846 -0.2846 -0.2846 -0.2846 -0.2846 -0.2846 -0.2846 -0.2946 -0.2946 -0.2946 -0.2946 -0.2946 -0.2946 -0.2946 -0.3036 0.1139 0.1139 0.0822 -0.1197 
fb4 = -0.2562 -0.2749 -0.2749 -0.2749 -0.2749 -0.2749 -0.2749 -0.2749 -0.2845 -0.2845 -0.2845 -0.2845 -0.2845 -0.2845 -0.2845 -0.2946 -0.2946 -0.2946 -0.2946 -0.2946 -0.2946 -0.2946 -0.3035 0.1155 0.1155 0.0833 -0.1196 
I = 14.9000 9.4000 9.4000 9.4000 9.4000 9.4000 9.4000 9.4000 6.0000 6.0000 6.0000 6.0000 6.0000 6.0000 6.0000 2.0000 2.0000 2.0000 2.0000 2.0000 2.0000 2.0000 -2.0000 24.0000 24.0000 10.0000 -7.3753 
S1 = 0.0000 0.0000 0.0000 0.0000 0.0000 0.0000 0.0000 0.0000 0.0000 0.0000 0.0000 0.0000 0.0000 0.0000 0.0000 0.0000 0.0000 0.0000 0.0000 0.0000 0.0000 0.0000 0.0000 0.0000 0.0000 0.0000 0.0000 
S2 = 0.0000 0.0000 0.0000 0.0000 0.0000 0.0000 0.0000 0.0000 0.0000 0.0000 0.0000 0.0000 0.0000 0.0000 0.0000 0.0000 0.0000 0.0000 0.0000 0.0000 0.0000 0.0000 0.0000 0.0000 0.0000 0.0000 3.6247 
u = 9.3052 9.2769 9.2769 9.2769 9.2769 9.2769 9.2769 9.2769 9.2611 9.2611 9.2611 9.2611 9.2611 9.2611 9.2611 9.2438 9.2438 9.2438 9.2438 9.2438 9.2438 9.2438 9.2275 9.9135 9.9135 10.5791 9.6835 
v = 28.9942 24.0451 24.0451 24.0451 24.0451 24.0451 24.0451 24.0451 21.4800 21.4800 21.4800 21.4800 21.4800 21.4800 21.4800 18.7986 18.7986 18.7986 18.7986 18.7986 18.7986 18.7986 16.3939 78.4520 78.4520 73.7122 18.5103 
