ExternalI = 5.5000 0.0000 0.0000 0.0000 0.0000 0.0000 0.0000 0.0000 4.0000 4.0000 4.0000 4.0000 4.0000 4.0000 4.0000 0.0000 0.0000 0.0000 0.0000 0.0000 0.0000 0.0000 0.0000 8.0000 8.0000 0.0000 0.0000 
before u = 9.3052 9.2769 9.2769 9.2769 9.2769 9.2769 9.2769 9.2769 9.2611 9.2611 9.2611 9.2611 9.2611 9.2611 9.2611 9.2438 9.2438 9.2438 9.2438 9.2438 9.2438 9.2438 9.2275 9.9135 9.9135 10.5791 9.6835 
before v = 28.9942 24.0451 24.0451 24.0451 24.0451 24.0451 24.0451 24.0451 21.4800 21.4800 21.4800 21.4800 21.4800 21.4800 21.4800 18.7986 18.7986 18.7986 18.7986 18.7986 18.7986 18.7986 16.3939 78.4520 78.4520 73.7122 18.5103 
Ibias = 9.4000 9.4000 9.4000 9.4000 9.4000 9.4000 9.4000 9.4000 2.0000 2.0000 2.0000 2.0000 2.0000 2.0000 2.0000 2.0000 2.0000 2.0000 2.0000 2.0000 2.0000 2.0000 -2.0000 16.0000 16.0000 10.0000 -11.0000 
fa1 = 2.2388 1.1144 1.1144 1.1144 1.1144 1.1144 1.1144 1.1144 0.7545 0.7545 0.7545 0.7545 0.7545 0.7545 0.7545 0.4960 0.4960 0.4960 0.4960 0.4960 0.4960 0.4960 0.3411 84.9191 84.9191 55.6239 1.1083 
fa2 = 2.2325 1.1098 1.1098 1.1098 1.1098 1.1098 1.1098 1.1098 0.7511 0.7511 0.7511 0.7511 0.7511 0.7511 0.7511 0.4938 0.4938 0.4938 0.4938 0.4938 0.4938 0.4938 0.3397 86.3168 86.3168 56.4323 1.1004 
fa3 = 2.2325 1.1098 1.1098 1.1098 1.1098 1.1098 1.1098 1.1098 0.7511 0.7511 0.7511 0.7511 0.7511 0.7511 0.7511 0.4938 0.4938 0.4938 0.4938 0.4938 0.4938 0.4938 0.3397 86.3399 86.3399 56.4441 1.1005 
fa4 = 2.2262 1.1052 1.1052 1.1052 1.1052 1.1052 1.1052 1.1052 0.7477 0.7477 0.7477 0.7477 0.7477 0.7477 0.7477 0.4915 0.4915 0.4915 0.4915 0.4915 0.4915 0.4915 0.3384 87.7764 87.7764 57.2710 1.0927 
fb1 = -0.2562 -0.2749 -0.2749 -0.2749 -0.2749 -0.2749 -0.2749 -0.2749 -0.2845 -0.2845 -0.2845 -0.2845 -0.2845 -0.2845 -0.2845 -0.2946 -0.2946 -0.2946 -0.2946 -0.2946 -0.2946 -0.2946 -0.3035 0.1155 0.1155 0.0833 -0.1196 
fb2 = -0.2561 -0.2748 -0.2748 -0.2748 -0.2748 -0.2748 -0.2748 -0.2748 -0.2845 -0.2845 -0.2845 -0.2845 -0.2845 -0.2845 -0.2845 -0.2945 -0.2945 -0.2945 -0.2945 -0.2945 -0.2945 -0.2945 -0.3035 0.1172 0.1172 0.0844 -0.1196 
fb3 = -0.2561 -0.2748 -0.2748 -0.2748 -0.2748 -0.2748 -0.2748 -0.2748 -0.2845 -0.2845 -0.2845 -0.2845 -0.2845 -0.2845 -0.2845 -0.2945 -0.2945 -0.2945 -0.2945 -0.2945 -0.2945 -0.2945 -0.3035 0.1173 0.1173 0.0844 -0.1196 
fb4 = -0.2560 -0.2747 -0.2747 -0.2747 -0.2747 -0.2747 -0.2747 -0.2747 -0.2844 -0.2844 -0.2844 -0.2844 -0.2844 -0.2844 -0.2844 -0.2944 -0.2944 -0.2944 -0.2944 -0.2944 -0.2944 -0.2944 -0.3034 0.1190 0.1190 0.0855 -0.1196 
I = 14.9000 9.4000 9.4000 9.4000 9.4000 9.4000 9.4000 9.4000 6.0000 6.0000 6.0000 6.0000 6.0000 6.0000 6.0000 2.0000 2.0000 2.0000 2.0000 2.0000 2.0000 2.0000 -2.0000 24.0000 24.0000 10.0000 -7.3826 
S1 = 0.0000 0.0000 0.0000 0.0000 0.0000 0.0000 0.0000 0.0000 0.0000 0.0000 0.0000 0.0000 0.0000 0.0000 0.0000 0.0000 0.0000 0.0000 0.0000 0.0000 0.0000 0.0000 0.0000 0.0000 0.0000 0.0000 0.0000 
S2 = 0.0000 0.0000 0.0000 0.0000 0.0000 0.0000 0.0000 0.0000 0.0000 0.0000 0.0000 0.0000 0.0000 0.0000 0.0000 0.0000 0.0000 0.0000 0.0000 0.0000 0.0000 0.0000 0.0000 0.0000 0.0000 0.0000 3.6174 
u = 9.3026 9.2742 9.2742 9.2742 9.2742 9.2742 9.2742 9.2742 9.2583 9.2583 9.2583 9.2583 9.2583 9.2583 9.2583 9.2408 9.2408 9.2408 9.2408 9.2408 9.2408 9.2408 9.2245 9.9147 9.9147 10.5800 9.6823 
v = 29.0165 24.0562 24.0562 24.0562 24.0562 24.0562 24.0562 24.0562 21.4875 21.4875 21.4875 21.4875 21.4875 21.4875 21.4875 18.8035 18.8035 18.8035 18.8035 18.8035 18.8035 18.8035 16.3973 79.3153 79.3153 74.2766 18.5213 
