ExternalI = 5.5000 0.0000 0.0000 0.0000 0.0000 0.0000 0.0000 0.0000 4.0000 4.0000 4.0000 4.0000 4.0000 4.0000 4.0000 0.0000 0.0000 0.0000 0.0000 0.0000 0.0000 0.0000 0.0000 8.0000 8.0000 0.0000 0.0000 
before u = 9.9202 9.9197 9.9197 9.9197 9.9197 9.9197 9.9197 9.9197 9.9194 9.9194 9.9194 9.9194 9.9194 9.9194 9.9194 9.9190 9.9190 9.9190 9.9190 9.9190 9.9190 9.9190 9.9187 9.9677 9.9677 10.0245 9.9645 
before v = 15.3089 14.2869 14.2869 14.2869 14.2869 14.2869 14.2869 14.2869 13.6582 13.6582 13.6582 13.6582 13.6582 13.6582 13.6582 12.9217 12.9217 12.9217 12.9217 12.9217 12.9217 12.9217 12.1884 18.9034 18.9034 85.1466 12.3669 
Ibias = 9.4000 9.4000 9.4000 9.4000 9.4000 9.4000 9.4000 9.4000 2.0000 2.0000 2.0000 2.0000 2.0000 2.0000 2.0000 2.0000 2.0000 2.0000 2.0000 2.0000 2.0000 2.0000 -2.0000 16.0000 16.0000 10.0000 -11.0000 
fa1 = 18.4276 14.7842 14.7842 14.7842 14.7842 14.7842 14.7842 14.7842 12.5678 12.5678 12.5678 12.5678 12.5678 12.5678 12.5678 9.9947 9.9947 9.9947 9.9947 9.9947 9.9947 9.9947 7.4583 31.6156 31.6156 94.5334 8.0524 
fa2 = 18.2660 14.6489 14.6489 14.6489 14.6489 14.6489 14.6489 14.6489 12.4498 12.4498 12.4498 12.4498 12.4498 12.4498 12.4498 9.8982 9.8982 9.8982 9.8982 9.8982 9.8982 9.8982 7.3846 31.3821 31.3821 96.3433 7.9723 
fa3 = 18.2674 14.6501 14.6501 14.6501 14.6501 14.6501 14.6501 14.6501 12.4509 12.4509 12.4509 12.4509 12.4509 12.4509 12.4509 9.8992 9.8992 9.8992 9.8992 9.8992 9.8992 9.8992 7.3853 31.3838 31.3838 96.3781 7.9731 
fa4 = 18.1079 14.5164 14.5164 14.5164 14.5164 14.5164 14.5164 14.5164 12.3344 12.3344 12.3344 12.3344 12.3344 12.3344 12.3344 9.8039 9.8039 9.8039 9.8039 9.8039 9.8039 9.8039 7.3125 31.1539 31.1539 98.2428 7.8938 
fb1 = -0.3356 -0.3396 -0.3396 -0.3396 -0.3396 -0.3396 -0.3396 -0.3396 -0.3421 -0.3421 -0.3421 -0.3421 -0.3421 -0.3421 -0.3421 -0.3451 -0.3451 -0.3451 -0.3451 -0.3451 -0.3451 -0.3451 -0.3480 -0.1237 -0.1237 0.1401 -0.1498 
fb2 = -0.3351 -0.3393 -0.3393 -0.3393 -0.3393 -0.3393 -0.3393 -0.3393 -0.3418 -0.3418 -0.3418 -0.3418 -0.3418 -0.3418 -0.3418 -0.3448 -0.3448 -0.3448 -0.3448 -0.3448 -0.3448 -0.3448 -0.3478 -0.1231 -0.1231 0.1420 -0.1496 
fb3 = -0.3351 -0.3393 -0.3393 -0.3393 -0.3393 -0.3393 -0.3393 -0.3393 -0.3418 -0.3418 -0.3418 -0.3418 -0.3418 -0.3418 -0.3418 -0.3448 -0.3448 -0.3448 -0.3448 -0.3448 -0.3448 -0.3448 -0.3478 -0.1231 -0.1231 0.1420 -0.1496 
fb4 = -0.3347 -0.3389 -0.3389 -0.3389 -0.3389 -0.3389 -0.3389 -0.3389 -0.3415 -0.3415 -0.3415 -0.3415 -0.3415 -0.3415 -0.3415 -0.3445 -0.3445 -0.3445 -0.3445 -0.3445 -0.3445 -0.3445 -0.3476 -0.1225 -0.1225 0.1439 -0.1495 
I = 14.9000 9.4000 9.4000 9.4000 9.4000 9.4000 9.4000 9.4000 6.0000 6.0000 6.0000 6.0000 6.0000 6.0000 6.0000 2.0000 2.0000 2.0000 2.0000 2.0000 2.0000 2.0000 -2.0000 24.0000 24.0000 10.0000 -11.0000 
S1 = 0.0000 0.0000 0.0000 0.0000 0.0000 0.0000 0.0000 0.0000 0.0000 0.0000 0.0000 0.0000 0.0000 0.0000 0.0000 0.0000 0.0000 0.0000 0.0000 0.0000 0.0000 0.0000 0.0000 0.0000 0.0000 0.0000 0.0000 
S2 = 0.0000 0.0000 0.0000 0.0000 0.0000 0.0000 0.0000 0.0000 0.0000 0.0000 0.0000 0.0000 0.0000 0.0000 0.0000 0.0000 0.0000 0.0000 0.0000 0.0000 0.0000 0.0000 0.0000 0.0000 0.0000 0.0000 0.0000 
u = 9.9168 9.9163 9.9163 9.9163 9.9163 9.9163 9.9163 9.9163 9.9160 9.9160 9.9160 9.9160 9.9160 9.9160 9.9160 9.9156 9.9156 9.9156 9.9156 9.9156 9.9156 9.9156 9.9152 9.9664 9.9664 10.0259 9.9630 
v = 15.4916 14.4334 14.4334 14.4334 14.4334 14.4334 14.4334 14.4334 13.7827 13.7827 13.7827 13.7827 13.7827 13.7827 13.7827 13.0207 13.0207 13.0207 13.0207 13.0207 13.0207 13.0207 12.2623 19.2173 19.2173 86.1103 12.4467 
