ExternalI = 5.5000 0.0000 0.0000 0.0000 0.0000 0.0000 0.0000 0.0000 4.0000 4.0000 4.0000 4.0000 4.0000 4.0000 4.0000 0.0000 0.0000 0.0000 0.0000 0.0000 0.0000 0.0000 0.0000 8.0000 8.0000 0.0000 0.0000 
before u = 9.3026 9.2742 9.2742 9.2742 9.2742 9.2742 9.2742 9.2742 9.2583 9.2583 9.2583 9.2583 9.2583 9.2583 9.2583 9.2408 9.2408 9.2408 9.2408 9.2408 9.2408 9.2408 9.2245 9.9147 9.9147 10.5800 9.6823 
before v = 29.0165 24.0562 24.0562 24.0562 24.0562 24.0562 24.0562 24.0562 21.4875 21.4875 21.4875 21.4875 21.4875 21.4875 21.4875 18.8035 18.8035 18.8035 18.8035 18.8035 18.8035 18.8035 16.3973 79.3153 79.3153 74.2766 18.5213 
Ibias = 9.4000 9.4000 9.4000 9.4000 9.4000 9.4000 9.4000 9.4000 2.0000 2.0000 2.0000 2.0000 2.0000 2.0000 2.0000 2.0000 2.0000 2.0000 2.0000 2.0000 2.0000 2.0000 -2.0000 16.0000 16.0000 10.0000 -11.0000 
fa1 = 2.2262 1.1052 1.1052 1.1052 1.1052 1.1052 1.1052 1.1052 0.7477 0.7477 0.7477 0.7477 0.7477 0.7477 0.7477 0.4915 0.4915 0.4915 0.4915 0.4915 0.4915 0.4915 0.3384 87.7762 87.7762 57.2709 1.0855 
fa2 = 2.2199 1.1006 1.1006 1.1006 1.1006 1.1006 1.1006 1.1006 0.7444 0.7444 0.7444 0.7444 0.7444 0.7444 0.7444 0.4893 0.4893 0.4893 0.4893 0.4893 0.4893 0.4893 0.3371 89.2515 89.2515 58.1162 1.0779 
fa3 = 2.2199 1.1007 1.1007 1.1007 1.1007 1.1007 1.1007 1.1007 0.7444 0.7444 0.7444 0.7444 0.7444 0.7444 0.7444 0.4894 0.4894 0.4894 0.4894 0.4894 0.4894 0.4894 0.3371 89.2764 89.2764 58.1288 1.0779 
fa4 = 2.2137 1.0961 1.0961 1.0961 1.0961 1.0961 1.0961 1.0961 0.7410 0.7410 0.7410 0.7410 0.7410 0.7410 0.7410 0.4872 0.4872 0.4872 0.4872 0.4872 0.4872 0.4872 0.3357 90.7934 90.7934 58.9938 1.0703 
fb1 = -0.2560 -0.2747 -0.2747 -0.2747 -0.2747 -0.2747 -0.2747 -0.2747 -0.2844 -0.2844 -0.2844 -0.2844 -0.2844 -0.2844 -0.2844 -0.2944 -0.2944 -0.2944 -0.2944 -0.2944 -0.2944 -0.2944 -0.3034 0.1190 0.1190 0.0855 -0.1196 
fb2 = -0.2559 -0.2747 -0.2747 -0.2747 -0.2747 -0.2747 -0.2747 -0.2747 -0.2843 -0.2843 -0.2843 -0.2843 -0.2843 -0.2843 -0.2843 -0.2944 -0.2944 -0.2944 -0.2944 -0.2944 -0.2944 -0.2944 -0.3033 0.1207 0.1207 0.0866 -0.1195 
fb3 = -0.2559 -0.2747 -0.2747 -0.2747 -0.2747 -0.2747 -0.2747 -0.2747 -0.2843 -0.2843 -0.2843 -0.2843 -0.2843 -0.2843 -0.2843 -0.2944 -0.2944 -0.2944 -0.2944 -0.2944 -0.2944 -0.2944 -0.3033 0.1207 0.1207 0.0867 -0.1195 
fb4 = -0.2558 -0.2746 -0.2746 -0.2746 -0.2746 -0.2746 -0.2746 -0.2746 -0.2842 -0.2842 -0.2842 -0.2842 -0.2842 -0.2842 -0.2842 -0.2943 -0.2943 -0.2943 -0.2943 -0.2943 -0.2943 -0.2943 -0.3033 0.1225 0.1225 0.0878 -0.1195 
I = 14.9000 9.4000 9.4000 9.4000 9.4000 9.4000 9.4000 9.4000 6.0000 6.0000 6.0000 6.0000 6.0000 6.0000 6.0000 2.0000 2.0000 2.0000 2.0000 2.0000 2.0000 2.0000 -2.0000 24.0000 24.0000 10.0000 -7.3898 
S1 = 0.0000 0.0000 0.0000 0.0000 0.0000 0.0000 0.0000 0.0000 0.0000 0.0000 0.0000 0.0000 0.0000 0.0000 0.0000 0.0000 0.0000 0.0000 0.0000 0.0000 0.0000 0.0000 0.0000 0.0000 0.0000 0.0000 0.0000 
S2 = 0.0000 0.0000 0.0000 0.0000 0.0000 0.0000 0.0000 0.0000 0.0000 0.0000 0.0000 0.0000 0.0000 0.0000 0.0000 0.0000 0.0000 0.0000 0.0000 0.0000 0.0000 0.0000 0.0000 0.0000 0.0000 0.0000 3.6102 
u = 9.3001 9.2715 9.2715 9.2715 9.2715 9.2715 9.2715 9.2715 9.2554 9.2554 9.2554 9.2554 9.2554 9.2554 9.2554 9.2379 9.2379 9.2379 9.2379 9.2379 9.2379 9.2379 9.2215 9.9159 9.9159 10.5808 9.6811 
v = 29.0387 24.0672 24.0672 24.0672 24.0672 24.0672 24.0672 24.0672 21.4949 21.4949 21.4949 21.4949 21.4949 21.4949 21.4949 18.8084 18.8084 18.8084 18.8084 18.8084 18.8084 18.8084 16.4007 80.2080 80.2080 74.8579 18.5321 
