ExternalI = 5.5000 0.0000 0.0000 0.0000 0.0000 0.0000 0.0000 0.0000 4.0000 4.0000 4.0000 4.0000 4.0000 4.0000 4.0000 0.0000 0.0000 0.0000 0.0000 0.0000 0.0000 0.0000 0.0000 8.0000 8.0000 0.0000 0.0000 
before u = 9.3001 9.2715 9.2715 9.2715 9.2715 9.2715 9.2715 9.2715 9.2554 9.2554 9.2554 9.2554 9.2554 9.2554 9.2554 9.2379 9.2379 9.2379 9.2379 9.2379 9.2379 9.2379 9.2215 9.9159 9.9159 10.5808 9.6811 
before v = 29.0387 24.0672 24.0672 24.0672 24.0672 24.0672 24.0672 24.0672 21.4949 21.4949 21.4949 21.4949 21.4949 21.4949 21.4949 18.8084 18.8084 18.8084 18.8084 18.8084 18.8084 18.8084 16.4007 80.2080 80.2080 74.8579 18.5321 
Ibias = 9.4000 9.4000 9.4000 9.4000 9.4000 9.4000 9.4000 9.4000 2.0000 2.0000 2.0000 2.0000 2.0000 2.0000 2.0000 2.0000 2.0000 2.0000 2.0000 2.0000 2.0000 2.0000 -2.0000 16.0000 16.0000 10.0000 -11.0000 
fa1 = 2.2137 1.0961 1.0961 1.0961 1.0961 1.0961 1.0961 1.0961 0.7410 0.7410 0.7410 0.7410 0.7410 0.7410 0.7410 0.4872 0.4872 0.4872 0.4872 0.4872 0.4872 0.4872 0.3357 90.7932 90.7932 58.9937 1.0631 
fa2 = 2.2075 1.0916 1.0916 1.0916 1.0916 1.0916 1.0916 1.0916 0.7377 0.7377 0.7377 0.7377 0.7377 0.7377 0.7377 0.4850 0.4850 0.4850 0.4850 0.4850 0.4850 0.4850 0.3344 92.3518 92.3518 59.8783 1.0556 
fa3 = 2.2075 1.0916 1.0916 1.0916 1.0916 1.0916 1.0916 1.0916 0.7377 0.7377 0.7377 0.7377 0.7377 0.7377 0.7377 0.4850 0.4850 0.4850 0.4850 0.4850 0.4850 0.4850 0.3344 92.3788 92.3788 59.8916 1.0557 
fa4 = 2.2013 1.0871 1.0871 1.0871 1.0871 1.0871 1.0871 1.0871 0.7344 0.7344 0.7344 0.7344 0.7344 0.7344 0.7344 0.4829 0.4829 0.4829 0.4829 0.4829 0.4829 0.4829 0.3331 93.9823 93.9823 60.7971 1.0483 
fb1 = -0.2558 -0.2746 -0.2746 -0.2746 -0.2746 -0.2746 -0.2746 -0.2746 -0.2842 -0.2842 -0.2842 -0.2842 -0.2842 -0.2842 -0.2842 -0.2943 -0.2943 -0.2943 -0.2943 -0.2943 -0.2943 -0.2943 -0.3033 0.1225 0.1225 0.0878 -0.1195 
fb2 = -0.2558 -0.2745 -0.2745 -0.2745 -0.2745 -0.2745 -0.2745 -0.2745 -0.2842 -0.2842 -0.2842 -0.2842 -0.2842 -0.2842 -0.2842 -0.2942 -0.2942 -0.2942 -0.2942 -0.2942 -0.2942 -0.2942 -0.3032 0.1243 0.1243 0.0890 -0.1195 
fb3 = -0.2558 -0.2745 -0.2745 -0.2745 -0.2745 -0.2745 -0.2745 -0.2745 -0.2842 -0.2842 -0.2842 -0.2842 -0.2842 -0.2842 -0.2842 -0.2942 -0.2942 -0.2942 -0.2942 -0.2942 -0.2942 -0.2942 -0.3032 0.1243 0.1243 0.0890 -0.1195 
fb4 = -0.2557 -0.2744 -0.2744 -0.2744 -0.2744 -0.2744 -0.2744 -0.2744 -0.2841 -0.2841 -0.2841 -0.2841 -0.2841 -0.2841 -0.2841 -0.2941 -0.2941 -0.2941 -0.2941 -0.2941 -0.2941 -0.2941 -0.3031 0.1262 0.1262 0.0902 -0.1194 
I = 14.9000 9.4000 9.4000 9.4000 9.4000 9.4000 9.4000 9.4000 6.0000 6.0000 6.0000 6.0000 6.0000 6.0000 6.0000 2.0000 2.0000 2.0000 2.0000 2.0000 2.0000 2.0000 -2.0000 24.0000 24.0000 10.0000 -7.3971 
S1 = 0.0000 0.0000 0.0000 0.0000 0.0000 0.0000 0.0000 0.0000 0.0000 0.0000 0.0000 0.0000 0.0000 0.0000 0.0000 0.0000 0.0000 0.0000 0.0000 0.0000 0.0000 0.0000 0.0000 0.0000 0.0000 0.0000 0.0000 
S2 = 0.0000 0.0000 0.0000 0.0000 0.0000 0.0000 0.0000 0.0000 0.0000 0.0000 0.0000 0.0000 0.0000 0.0000 0.0000 0.0000 0.0000 0.0000 0.0000 0.0000 0.0000 0.0000 0.0000 0.0000 0.0000 0.0000 3.6029 
u = 9.2975 9.2687 9.2687 9.2687 9.2687 9.2687 9.2687 9.2687 9.2526 9.2526 9.2526 9.2526 9.2526 9.2526 9.2526 9.2349 9.2349 9.2349 9.2349 9.2349 9.2349 9.2349 9.2184 9.9171 9.9171 10.5817 9.6799 
v = 29.0608 24.0781 24.0781 24.0781 24.0781 24.0781 24.0781 24.0781 21.5023 21.5023 21.5023 21.5023 21.5023 21.5023 21.5023 18.8132 18.8132 18.8132 18.8132 18.8132 18.8132 18.8132 16.4040 81.1318 81.1318 75.4568 18.5427 
