ExternalI = 5.5000 0.0000 0.0000 0.0000 0.0000 0.0000 0.0000 0.0000 4.0000 4.0000 4.0000 4.0000 4.0000 4.0000 4.0000 0.0000 0.0000 0.0000 0.0000 0.0000 0.0000 0.0000 0.0000 8.0000 8.0000 0.0000 0.0000 
before u = 9.2975 9.2687 9.2687 9.2687 9.2687 9.2687 9.2687 9.2687 9.2526 9.2526 9.2526 9.2526 9.2526 9.2526 9.2526 9.2349 9.2349 9.2349 9.2349 9.2349 9.2349 9.2349 9.2184 9.9171 9.9171 10.5817 9.6799 
before v = 29.0608 24.0781 24.0781 24.0781 24.0781 24.0781 24.0781 24.0781 21.5023 21.5023 21.5023 21.5023 21.5023 21.5023 21.5023 18.8132 18.8132 18.8132 18.8132 18.8132 18.8132 18.8132 16.4040 81.1318 81.1318 75.4568 18.5427 
Ibias = 9.4000 9.4000 9.4000 9.4000 9.4000 9.4000 9.4000 9.4000 2.0000 2.0000 2.0000 2.0000 2.0000 2.0000 2.0000 2.0000 2.0000 2.0000 2.0000 2.0000 2.0000 2.0000 -2.0000 16.0000 16.0000 10.0000 -11.0000 
fa1 = 2.2013 1.0871 1.0871 1.0871 1.0871 1.0871 1.0871 1.0871 0.7344 0.7344 0.7344 0.7344 0.7344 0.7344 0.7344 0.4829 0.4829 0.4829 0.4829 0.4829 0.4829 0.4829 0.3331 93.9821 93.9821 60.7970 1.0411 
fa2 = 2.1952 1.0827 1.0827 1.0827 1.0827 1.0827 1.0827 1.0827 0.7312 0.7312 0.7312 0.7312 0.7312 0.7312 0.7312 0.4807 0.4807 0.4807 0.4807 0.4807 0.4807 0.4807 0.3318 95.6306 95.6306 61.7233 1.0338 
fa3 = 2.1952 1.0827 1.0827 1.0827 1.0827 1.0827 1.0827 1.0827 0.7312 0.7312 0.7312 0.7312 0.7312 0.7312 0.7312 0.4807 0.4807 0.4807 0.4807 0.4807 0.4807 0.4807 0.3318 95.6596 95.6596 61.7375 1.0338 
fa4 = 2.1891 1.0783 1.0783 1.0783 1.0783 1.0783 1.0783 1.0783 0.7279 0.7279 0.7279 0.7279 0.7279 0.7279 0.7279 0.4786 0.4786 0.4786 0.4786 0.4786 0.4786 0.4786 0.3306 97.3565 97.3565 62.6860 1.0266 
fb1 = -0.2557 -0.2744 -0.2744 -0.2744 -0.2744 -0.2744 -0.2744 -0.2744 -0.2841 -0.2841 -0.2841 -0.2841 -0.2841 -0.2841 -0.2841 -0.2941 -0.2941 -0.2941 -0.2941 -0.2941 -0.2941 -0.2941 -0.3031 0.1262 0.1262 0.0902 -0.1194 
fb2 = -0.2556 -0.2744 -0.2744 -0.2744 -0.2744 -0.2744 -0.2744 -0.2744 -0.2840 -0.2840 -0.2840 -0.2840 -0.2840 -0.2840 -0.2840 -0.2941 -0.2941 -0.2941 -0.2941 -0.2941 -0.2941 -0.2941 -0.3031 0.1281 0.1281 0.0914 -0.1194 
fb3 = -0.2556 -0.2744 -0.2744 -0.2744 -0.2744 -0.2744 -0.2744 -0.2744 -0.2840 -0.2840 -0.2840 -0.2840 -0.2840 -0.2840 -0.2840 -0.2941 -0.2941 -0.2941 -0.2941 -0.2941 -0.2941 -0.2941 -0.3031 0.1281 0.1281 0.0914 -0.1194 
fb4 = -0.2555 -0.2743 -0.2743 -0.2743 -0.2743 -0.2743 -0.2743 -0.2743 -0.2840 -0.2840 -0.2840 -0.2840 -0.2840 -0.2840 -0.2840 -0.2940 -0.2940 -0.2940 -0.2940 -0.2940 -0.2940 -0.2940 -0.3030 0.1300 0.1300 0.0926 -0.1194 
I = 14.9000 9.4000 9.4000 9.4000 9.4000 9.4000 9.4000 9.4000 6.0000 6.0000 6.0000 6.0000 6.0000 6.0000 6.0000 2.0000 2.0000 2.0000 2.0000 2.0000 2.0000 2.0000 -2.0000 24.0000 24.0000 10.0000 -7.4043 
S1 = 0.0000 0.0000 0.0000 0.0000 0.0000 0.0000 0.0000 0.0000 0.0000 0.0000 0.0000 0.0000 0.0000 0.0000 0.0000 0.0000 0.0000 0.0000 0.0000 0.0000 0.0000 0.0000 0.0000 0.0000 0.0000 0.0000 0.0000 
S2 = 0.0000 0.0000 0.0000 0.0000 0.0000 0.0000 0.0000 0.0000 0.0000 0.0000 0.0000 0.0000 0.0000 0.0000 0.0000 0.0000 0.0000 0.0000 0.0000 0.0000 0.0000 0.0000 0.0000 0.0000 0.0000 0.0000 3.5957 
u = 9.2950 9.2660 9.2660 9.2660 9.2660 9.2660 9.2660 9.2660 9.2498 9.2498 9.2498 9.2498 9.2498 9.2498 9.2498 9.2320 9.2320 9.2320 9.2320 9.2320 9.2320 9.2320 9.2154 9.9184 9.9184 10.5826 9.6787 
v = 29.0827 24.0890 24.0890 24.0890 24.0890 24.0890 24.0890 24.0890 21.5096 21.5096 21.5096 21.5096 21.5096 21.5096 21.5096 18.8180 18.8180 18.8180 18.8180 18.8180 18.8180 18.8180 16.4074 82.0883 82.0883 76.0741 18.5530 
