ExternalI = 5.5000 0.0000 0.0000 0.0000 0.0000 0.0000 0.0000 0.0000 4.0000 4.0000 4.0000 4.0000 4.0000 4.0000 4.0000 0.0000 0.0000 0.0000 0.0000 0.0000 0.0000 0.0000 0.0000 8.0000 8.0000 0.0000 0.0000 
before u = 9.2950 9.2660 9.2660 9.2660 9.2660 9.2660 9.2660 9.2660 9.2498 9.2498 9.2498 9.2498 9.2498 9.2498 9.2498 9.2320 9.2320 9.2320 9.2320 9.2320 9.2320 9.2320 9.2154 9.9184 9.9184 10.5826 9.6787 
before v = 29.0827 24.0890 24.0890 24.0890 24.0890 24.0890 24.0890 24.0890 21.5096 21.5096 21.5096 21.5096 21.5096 21.5096 21.5096 18.8180 18.8180 18.8180 18.8180 18.8180 18.8180 18.8180 16.4074 82.0883 82.0883 76.0741 18.5530 
Ibias = 9.4000 9.4000 9.4000 9.4000 9.4000 9.4000 9.4000 9.4000 2.0000 2.0000 2.0000 2.0000 2.0000 2.0000 2.0000 2.0000 2.0000 2.0000 2.0000 2.0000 2.0000 2.0000 -2.0000 16.0000 16.0000 10.0000 -11.0000 
fa1 = 2.1891 1.0783 1.0783 1.0783 1.0783 1.0783 1.0783 1.0783 0.7279 0.7279 0.7279 0.7279 0.7279 0.7279 0.7279 0.4786 0.4786 0.4786 0.4786 0.4786 0.4786 0.4786 0.3306 97.3562 97.3562 62.6859 1.0194 
fa2 = 2.1830 1.0739 1.0739 1.0739 1.0739 1.0739 1.0739 1.0739 0.7247 0.7247 0.7247 0.7247 0.7247 0.7247 0.7247 0.4765 0.4765 0.4765 0.4765 0.4765 0.4765 0.4765 0.3293 99.1015 99.1015 63.6566 1.0123 
fa3 = 2.1830 1.0739 1.0739 1.0739 1.0739 1.0739 1.0739 1.0739 0.7247 0.7247 0.7247 0.7247 0.7247 0.7247 0.7247 0.4765 0.4765 0.4765 0.4765 0.4765 0.4765 0.4765 0.3293 99.1329 99.1329 63.6717 1.0123 
fa4 = 2.1770 1.0695 1.0695 1.0695 1.0695 1.0695 1.0695 1.0695 0.7215 0.7215 0.7215 0.7215 0.7215 0.7215 0.7215 0.4744 0.4744 0.4744 0.4744 0.4744 0.4744 0.4744 0.3280 100.9304 100.9304 64.6660 1.0053 
fb1 = -0.2555 -0.2743 -0.2743 -0.2743 -0.2743 -0.2743 -0.2743 -0.2743 -0.2840 -0.2840 -0.2840 -0.2840 -0.2840 -0.2840 -0.2840 -0.2940 -0.2940 -0.2940 -0.2940 -0.2940 -0.2940 -0.2940 -0.3030 0.1300 0.1300 0.0926 -0.1194 
fb2 = -0.2554 -0.2742 -0.2742 -0.2742 -0.2742 -0.2742 -0.2742 -0.2742 -0.2839 -0.2839 -0.2839 -0.2839 -0.2839 -0.2839 -0.2839 -0.2939 -0.2939 -0.2939 -0.2939 -0.2939 -0.2939 -0.2939 -0.3029 0.1319 0.1319 0.0939 -0.1193 
fb3 = -0.2554 -0.2742 -0.2742 -0.2742 -0.2742 -0.2742 -0.2742 -0.2742 -0.2839 -0.2839 -0.2839 -0.2839 -0.2839 -0.2839 -0.2839 -0.2939 -0.2939 -0.2939 -0.2939 -0.2939 -0.2939 -0.2939 -0.3029 0.1320 0.1320 0.0939 -0.1193 
fb4 = -0.2553 -0.2741 -0.2741 -0.2741 -0.2741 -0.2741 -0.2741 -0.2741 -0.2838 -0.2838 -0.2838 -0.2838 -0.2838 -0.2838 -0.2838 -0.2939 -0.2939 -0.2939 -0.2939 -0.2939 -0.2939 -0.2939 -0.3029 0.1339 0.1339 0.0952 -0.1193 
I = 14.9000 9.4000 9.4000 9.4000 9.4000 9.4000 9.4000 9.4000 6.0000 6.0000 6.0000 6.0000 6.0000 6.0000 6.0000 2.0000 2.0000 2.0000 2.0000 2.0000 2.0000 2.0000 -2.0000 24.0000 24.0000 10.0000 -7.4114 
S1 = 0.0000 0.0000 0.0000 0.0000 0.0000 0.0000 0.0000 0.0000 0.0000 0.0000 0.0000 0.0000 0.0000 0.0000 0.0000 0.0000 0.0000 0.0000 0.0000 0.0000 0.0000 0.0000 0.0000 0.0000 0.0000 0.0000 0.0000 
S2 = 0.0000 0.0000 0.0000 0.0000 0.0000 0.0000 0.0000 0.0000 0.0000 0.0000 0.0000 0.0000 0.0000 0.0000 0.0000 0.0000 0.0000 0.0000 0.0000 0.0000 0.0000 0.0000 0.0000 0.0000 0.0000 0.0000 3.5886 
u = 9.2924 9.2632 9.2632 9.2632 9.2632 9.2632 9.2632 9.2632 9.2469 9.2469 9.2469 9.2469 9.2469 9.2469 9.2469 9.2291 9.2291 9.2291 9.2291 9.2291 9.2291 9.2291 9.2124 9.9197 9.9197 10.5836 9.6775 
v = 29.1045 24.0997 24.0997 24.0997 24.0997 24.0997 24.0997 24.0997 21.5169 21.5169 21.5169 21.5169 21.5169 21.5169 21.5169 18.8228 18.8228 18.8228 18.8228 18.8228 18.8228 18.8228 16.4107 83.0796 83.0796 76.7108 18.5631 
