ExternalI = 5.5000 0.0000 0.0000 0.0000 0.0000 0.0000 0.0000 0.0000 4.0000 4.0000 4.0000 4.0000 4.0000 4.0000 4.0000 0.0000 0.0000 0.0000 0.0000 0.0000 0.0000 0.0000 0.0000 8.0000 8.0000 0.0000 0.0000 
before u = 9.2924 9.2632 9.2632 9.2632 9.2632 9.2632 9.2632 9.2632 9.2469 9.2469 9.2469 9.2469 9.2469 9.2469 9.2469 9.2291 9.2291 9.2291 9.2291 9.2291 9.2291 9.2291 9.2124 9.9197 9.9197 10.5836 9.6775 
before v = 29.1045 24.0997 24.0997 24.0997 24.0997 24.0997 24.0997 24.0997 21.5169 21.5169 21.5169 21.5169 21.5169 21.5169 21.5169 18.8228 18.8228 18.8228 18.8228 18.8228 18.8228 18.8228 16.4107 83.0796 83.0796 76.7108 18.5631 
Ibias = 9.4000 9.4000 9.4000 9.4000 9.4000 9.4000 9.4000 9.4000 2.0000 2.0000 2.0000 2.0000 2.0000 2.0000 2.0000 2.0000 2.0000 2.0000 2.0000 2.0000 2.0000 2.0000 -2.0000 16.0000 16.0000 10.0000 -11.0000 
fa1 = 2.1770 1.0695 1.0695 1.0695 1.0695 1.0695 1.0695 1.0695 0.7215 0.7215 0.7215 0.7215 0.7215 0.7215 0.7215 0.4744 0.4744 0.4744 0.4744 0.4744 0.4744 0.4744 0.3280 100.9301 100.9301 64.6659 0.9981 
fa2 = 2.1709 1.0651 1.0651 1.0651 1.0651 1.0651 1.0651 1.0651 0.7183 0.7183 0.7183 0.7183 0.7183 0.7183 0.7183 0.4724 0.4724 0.4724 0.4724 0.4724 0.4724 0.4724 0.3268 102.7798 102.7798 65.6839 0.9911 
fa3 = 2.1709 1.0652 1.0652 1.0652 1.0652 1.0652 1.0652 1.0652 0.7183 0.7183 0.7183 0.7183 0.7183 0.7183 0.7183 0.4724 0.4724 0.4724 0.4724 0.4724 0.4724 0.4724 0.3268 102.8139 102.8139 65.7000 0.9912 
fa4 = 2.1649 1.0608 1.0608 1.0608 1.0608 1.0608 1.0608 1.0608 0.7151 0.7151 0.7151 0.7151 0.7151 0.7151 0.7151 0.4703 0.4703 0.4703 0.4703 0.4703 0.4703 0.4703 0.3255 104.7200 104.7200 66.7431 0.9843 
fb1 = -0.2553 -0.2741 -0.2741 -0.2741 -0.2741 -0.2741 -0.2741 -0.2741 -0.2838 -0.2838 -0.2838 -0.2838 -0.2838 -0.2838 -0.2838 -0.2939 -0.2939 -0.2939 -0.2939 -0.2939 -0.2939 -0.2939 -0.3029 0.1339 0.1339 0.0952 -0.1193 
fb2 = -0.2552 -0.2741 -0.2741 -0.2741 -0.2741 -0.2741 -0.2741 -0.2741 -0.2837 -0.2837 -0.2837 -0.2837 -0.2837 -0.2837 -0.2837 -0.2938 -0.2938 -0.2938 -0.2938 -0.2938 -0.2938 -0.2938 -0.3028 0.1359 0.1359 0.0965 -0.1193 
fb3 = -0.2552 -0.2741 -0.2741 -0.2741 -0.2741 -0.2741 -0.2741 -0.2741 -0.2837 -0.2837 -0.2837 -0.2837 -0.2837 -0.2837 -0.2837 -0.2938 -0.2938 -0.2938 -0.2938 -0.2938 -0.2938 -0.2938 -0.3028 0.1360 0.1360 0.0965 -0.1193 
fb4 = -0.2551 -0.2740 -0.2740 -0.2740 -0.2740 -0.2740 -0.2740 -0.2740 -0.2837 -0.2837 -0.2837 -0.2837 -0.2837 -0.2837 -0.2837 -0.2937 -0.2937 -0.2937 -0.2937 -0.2937 -0.2937 -0.2937 -0.3027 0.1380 0.1380 0.0978 -0.1192 
I = 14.9000 9.4000 9.4000 9.4000 9.4000 9.4000 9.4000 9.4000 6.0000 6.0000 6.0000 6.0000 6.0000 6.0000 6.0000 2.0000 2.0000 2.0000 2.0000 2.0000 2.0000 2.0000 -2.0000 24.0000 24.0000 10.0000 -7.4186 
S1 = 0.0000 0.0000 0.0000 0.0000 0.0000 0.0000 0.0000 0.0000 0.0000 0.0000 0.0000 0.0000 0.0000 0.0000 0.0000 0.0000 0.0000 0.0000 0.0000 0.0000 0.0000 0.0000 0.0000 0.0000 0.0000 0.0000 0.0000 
S2 = 0.0000 0.0000 0.0000 0.0000 0.0000 0.0000 0.0000 0.0000 0.0000 0.0000 0.0000 0.0000 0.0000 0.0000 0.0000 0.0000 0.0000 0.0000 0.0000 0.0000 0.0000 0.0000 0.0000 0.0000 0.0000 0.0000 3.5814 
u = 9.2898 9.2605 9.2605 9.2605 9.2605 9.2605 9.2605 9.2605 9.2441 9.2441 9.2441 9.2441 9.2441 9.2441 9.2441 9.2261 9.2261 9.2261 9.2261 9.2261 9.2261 9.2261 9.2094 9.9211 9.9211 10.5846 9.6763 
v = 29.1262 24.1104 24.1104 24.1104 24.1104 24.1104 24.1104 24.1104 21.5241 21.5241 21.5241 21.5241 21.5241 21.5241 21.5241 18.8275 18.8275 18.8275 18.8275 18.8275 18.8275 18.8275 16.4139 84.1076 84.1076 77.3678 18.5730 
