ExternalI = 5.5000 0.0000 0.0000 0.0000 0.0000 0.0000 0.0000 0.0000 4.0000 4.0000 4.0000 4.0000 4.0000 4.0000 4.0000 0.0000 0.0000 0.0000 0.0000 0.0000 0.0000 0.0000 0.0000 8.0000 8.0000 0.0000 0.0000 
before u = 9.2898 9.2605 9.2605 9.2605 9.2605 9.2605 9.2605 9.2605 9.2441 9.2441 9.2441 9.2441 9.2441 9.2441 9.2441 9.2261 9.2261 9.2261 9.2261 9.2261 9.2261 9.2261 9.2094 9.9211 9.9211 10.5846 9.6763 
before v = 29.1262 24.1104 24.1104 24.1104 24.1104 24.1104 24.1104 24.1104 21.5241 21.5241 21.5241 21.5241 21.5241 21.5241 21.5241 18.8275 18.8275 18.8275 18.8275 18.8275 18.8275 18.8275 16.4139 84.1076 84.1076 77.3678 18.5730 
Ibias = 9.4000 9.4000 9.4000 9.4000 9.4000 9.4000 9.4000 9.4000 2.0000 2.0000 2.0000 2.0000 2.0000 2.0000 2.0000 2.0000 2.0000 2.0000 2.0000 2.0000 2.0000 2.0000 -2.0000 16.0000 16.0000 10.0000 -11.0000 
fa1 = 2.1649 1.0608 1.0608 1.0608 1.0608 1.0608 1.0608 1.0608 0.7151 0.7151 0.7151 0.7151 0.7151 0.7151 0.7151 0.4703 0.4703 0.4703 0.4703 0.4703 0.4703 0.4703 0.3255 104.7197 104.7197 66.7430 0.9771 
fa2 = 2.1590 1.0565 1.0565 1.0565 1.0565 1.0565 1.0565 1.0565 0.7120 0.7120 0.7120 0.7120 0.7120 0.7120 0.7120 0.4683 0.4683 0.4683 0.4683 0.4683 0.4683 0.4683 0.3243 106.6823 106.6823 67.8113 0.9703 
fa3 = 2.1590 1.0565 1.0565 1.0565 1.0565 1.0565 1.0565 1.0565 0.7120 0.7120 0.7120 0.7120 0.7120 0.7120 0.7120 0.4683 0.4683 0.4683 0.4683 0.4683 0.4683 0.4683 0.3243 106.7193 106.7193 67.8285 0.9704 
fa4 = 2.1530 1.0522 1.0522 1.0522 1.0522 1.0522 1.0522 1.0522 0.7089 0.7089 0.7089 0.7089 0.7089 0.7089 0.7089 0.4663 0.4663 0.4663 0.4663 0.4663 0.4663 0.4663 0.3231 108.7430 108.7430 68.9238 0.9636 
fb1 = -0.2551 -0.2740 -0.2740 -0.2740 -0.2740 -0.2740 -0.2740 -0.2740 -0.2837 -0.2837 -0.2837 -0.2837 -0.2837 -0.2837 -0.2837 -0.2937 -0.2937 -0.2937 -0.2937 -0.2937 -0.2937 -0.2937 -0.3027 0.1380 0.1380 0.0978 -0.1192 
fb2 = -0.2550 -0.2739 -0.2739 -0.2739 -0.2739 -0.2739 -0.2739 -0.2739 -0.2836 -0.2836 -0.2836 -0.2836 -0.2836 -0.2836 -0.2836 -0.2937 -0.2937 -0.2937 -0.2937 -0.2937 -0.2937 -0.2937 -0.3027 0.1401 0.1401 0.0991 -0.1192 
fb3 = -0.2550 -0.2739 -0.2739 -0.2739 -0.2739 -0.2739 -0.2739 -0.2739 -0.2836 -0.2836 -0.2836 -0.2836 -0.2836 -0.2836 -0.2836 -0.2937 -0.2937 -0.2937 -0.2937 -0.2937 -0.2937 -0.2937 -0.3027 0.1401 0.1401 0.0991 -0.1192 
fb4 = -0.2549 -0.2738 -0.2738 -0.2738 -0.2738 -0.2738 -0.2738 -0.2738 -0.2835 -0.2835 -0.2835 -0.2835 -0.2835 -0.2835 -0.2835 -0.2936 -0.2936 -0.2936 -0.2936 -0.2936 -0.2936 -0.2936 -0.3026 0.1422 0.1422 0.1005 -0.1192 
I = 14.9000 9.4000 9.4000 9.4000 9.4000 9.4000 9.4000 9.4000 6.0000 6.0000 6.0000 6.0000 6.0000 6.0000 6.0000 2.0000 2.0000 2.0000 2.0000 2.0000 2.0000 2.0000 -2.0000 24.0000 24.0000 10.0000 -7.4258 
S1 = 0.0000 0.0000 0.0000 0.0000 0.0000 0.0000 0.0000 0.0000 0.0000 0.0000 0.0000 0.0000 0.0000 0.0000 0.0000 0.0000 0.0000 0.0000 0.0000 0.0000 0.0000 0.0000 0.0000 0.0000 0.0000 0.0000 0.0000 
S2 = 0.0000 0.0000 0.0000 0.0000 0.0000 0.0000 0.0000 0.0000 0.0000 0.0000 0.0000 0.0000 0.0000 0.0000 0.0000 0.0000 0.0000 0.0000 0.0000 0.0000 0.0000 0.0000 0.0000 0.0000 0.0000 0.0000 3.5742 
u = 9.2873 9.2577 9.2577 9.2577 9.2577 9.2577 9.2577 9.2577 9.2412 9.2412 9.2412 9.2412 9.2412 9.2412 9.2412 9.2232 9.2232 9.2232 9.2232 9.2232 9.2232 9.2232 9.2063 9.9225 9.9225 10.5855 9.6751 
v = 29.1478 24.1209 24.1209 24.1209 24.1209 24.1209 24.1209 24.1209 21.5312 21.5312 21.5312 21.5312 21.5312 21.5312 21.5312 18.8322 18.8322 18.8322 18.8322 18.8322 18.8322 18.8322 16.4172 85.1747 85.1747 78.0460 18.5827 
