ExternalI = 5.5000 0.0000 0.0000 0.0000 0.0000 0.0000 0.0000 0.0000 4.0000 4.0000 4.0000 4.0000 4.0000 4.0000 4.0000 0.0000 0.0000 0.0000 0.0000 0.0000 0.0000 0.0000 0.0000 8.0000 8.0000 0.0000 0.0000 
before u = 9.2873 9.2577 9.2577 9.2577 9.2577 9.2577 9.2577 9.2577 9.2412 9.2412 9.2412 9.2412 9.2412 9.2412 9.2412 9.2232 9.2232 9.2232 9.2232 9.2232 9.2232 9.2232 9.2063 9.9225 9.9225 10.5855 9.6751 
before v = 29.1478 24.1209 24.1209 24.1209 24.1209 24.1209 24.1209 24.1209 21.5312 21.5312 21.5312 21.5312 21.5312 21.5312 21.5312 18.8322 18.8322 18.8322 18.8322 18.8322 18.8322 18.8322 16.4172 85.1747 85.1747 78.0460 18.5827 
Ibias = 9.4000 9.4000 9.4000 9.4000 9.4000 9.4000 9.4000 9.4000 2.0000 2.0000 2.0000 2.0000 2.0000 2.0000 2.0000 2.0000 2.0000 2.0000 2.0000 2.0000 2.0000 2.0000 -2.0000 16.0000 16.0000 10.0000 -11.0000 
fa1 = 2.1530 1.0522 1.0522 1.0522 1.0522 1.0522 1.0522 1.0522 0.7089 0.7089 0.7089 0.7089 0.7089 0.7089 0.7089 0.4663 0.4663 0.4663 0.4663 0.4663 0.4663 0.4663 0.3231 108.7427 108.7427 68.9236 0.9565 
fa2 = 2.1471 1.0480 1.0480 1.0480 1.0480 1.0480 1.0480 1.0480 0.7058 0.7058 0.7058 0.7058 0.7058 0.7058 0.7058 0.4642 0.4642 0.4642 0.4642 0.4642 0.4642 0.4642 0.3219 110.8275 110.8275 70.0457 0.9498 
fa3 = 2.1472 1.0480 1.0480 1.0480 1.0480 1.0480 1.0480 1.0480 0.7058 0.7058 0.7058 0.7058 0.7058 0.7058 0.7058 0.4643 0.4643 0.4643 0.4643 0.4643 0.4643 0.4643 0.3219 110.8677 110.8677 70.0641 0.9499 
fa4 = 2.1413 1.0438 1.0438 1.0438 1.0438 1.0438 1.0438 1.0438 0.7027 0.7027 0.7027 0.7027 0.7027 0.7027 0.7027 0.4623 0.4623 0.4623 0.4623 0.4623 0.4623 0.4623 0.3207 113.0189 113.0189 71.2149 0.9433 
fb1 = -0.2549 -0.2738 -0.2738 -0.2738 -0.2738 -0.2738 -0.2738 -0.2738 -0.2835 -0.2835 -0.2835 -0.2835 -0.2835 -0.2835 -0.2835 -0.2936 -0.2936 -0.2936 -0.2936 -0.2936 -0.2936 -0.2936 -0.3026 0.1422 0.1422 0.1005 -0.1192 
fb2 = -0.2548 -0.2738 -0.2738 -0.2738 -0.2738 -0.2738 -0.2738 -0.2738 -0.2835 -0.2835 -0.2835 -0.2835 -0.2835 -0.2835 -0.2835 -0.2935 -0.2935 -0.2935 -0.2935 -0.2935 -0.2935 -0.2935 -0.3025 0.1444 0.1444 0.1018 -0.1191 
fb3 = -0.2548 -0.2738 -0.2738 -0.2738 -0.2738 -0.2738 -0.2738 -0.2738 -0.2835 -0.2835 -0.2835 -0.2835 -0.2835 -0.2835 -0.2835 -0.2935 -0.2935 -0.2935 -0.2935 -0.2935 -0.2935 -0.2935 -0.3025 0.1445 0.1445 0.1019 -0.1191 
fb4 = -0.2547 -0.2737 -0.2737 -0.2737 -0.2737 -0.2737 -0.2737 -0.2737 -0.2834 -0.2834 -0.2834 -0.2834 -0.2834 -0.2834 -0.2834 -0.2935 -0.2935 -0.2935 -0.2935 -0.2935 -0.2935 -0.2935 -0.3025 0.1467 0.1467 0.1033 -0.1191 
I = 14.9000 9.4000 9.4000 9.4000 9.4000 9.4000 9.4000 9.4000 6.0000 6.0000 6.0000 6.0000 6.0000 6.0000 6.0000 2.0000 2.0000 2.0000 2.0000 2.0000 2.0000 2.0000 -2.0000 24.0000 24.0000 10.0000 -7.4329 
S1 = 0.0000 0.0000 0.0000 0.0000 0.0000 0.0000 0.0000 0.0000 0.0000 0.0000 0.0000 0.0000 0.0000 0.0000 0.0000 0.0000 0.0000 0.0000 0.0000 0.0000 0.0000 0.0000 0.0000 0.0000 0.0000 0.0000 0.0000 
S2 = 0.0000 0.0000 0.0000 0.0000 0.0000 0.0000 0.0000 0.0000 0.0000 0.0000 0.0000 0.0000 0.0000 0.0000 0.0000 0.0000 0.0000 0.0000 0.0000 0.0000 0.0000 0.0000 0.0000 0.0000 0.0000 0.0000 3.5671 
u = 9.2847 9.2550 9.2550 9.2550 9.2550 9.2550 9.2550 9.2550 9.2384 9.2384 9.2384 9.2384 9.2384 9.2384 9.2384 9.2203 9.2203 9.2203 9.2203 9.2203 9.2203 9.2203 9.2033 9.9239 9.9239 10.5866 9.6739 
v = 29.1693 24.1314 24.1314 24.1314 24.1314 24.1314 24.1314 24.1314 21.5382 21.5382 21.5382 21.5382 21.5382 21.5382 21.5382 18.8369 18.8369 18.8369 18.8369 18.8369 18.8369 18.8369 16.4204 86.2833 86.2833 78.7466 18.5922 
