ExternalI = 5.5000 0.0000 0.0000 0.0000 0.0000 0.0000 0.0000 0.0000 4.0000 4.0000 4.0000 4.0000 4.0000 4.0000 4.0000 0.0000 0.0000 0.0000 0.0000 0.0000 0.0000 0.0000 0.0000 8.0000 8.0000 0.0000 0.0000 
before u = 9.2847 9.2550 9.2550 9.2550 9.2550 9.2550 9.2550 9.2550 9.2384 9.2384 9.2384 9.2384 9.2384 9.2384 9.2384 9.2203 9.2203 9.2203 9.2203 9.2203 9.2203 9.2203 9.2033 9.9239 9.9239 10.5866 9.6739 
before v = 29.1693 24.1314 24.1314 24.1314 24.1314 24.1314 24.1314 24.1314 21.5382 21.5382 21.5382 21.5382 21.5382 21.5382 21.5382 18.8369 18.8369 18.8369 18.8369 18.8369 18.8369 18.8369 16.4204 86.2833 86.2833 78.7466 18.5922 
Ibias = 9.4000 9.4000 9.4000 9.4000 9.4000 9.4000 9.4000 9.4000 2.0000 2.0000 2.0000 2.0000 2.0000 2.0000 2.0000 2.0000 2.0000 2.0000 2.0000 2.0000 2.0000 2.0000 -2.0000 16.0000 16.0000 10.0000 -11.0000 
fa1 = 2.1413 1.0438 1.0438 1.0438 1.0438 1.0438 1.0438 1.0438 0.7027 0.7027 0.7027 0.7027 0.7027 0.7027 0.7027 0.4623 0.4623 0.4623 0.4623 0.4623 0.4623 0.4623 0.3207 113.0185 113.0185 71.2148 0.9362 
fa2 = 2.1354 1.0396 1.0396 1.0396 1.0396 1.0396 1.0396 1.0396 0.6996 0.6996 0.6996 0.6996 0.6996 0.6996 0.6996 0.4603 0.4603 0.4603 0.4603 0.4603 0.4603 0.4603 0.3195 115.2360 115.2360 72.3943 0.9297 
fa3 = 2.1354 1.0396 1.0396 1.0396 1.0396 1.0396 1.0396 1.0396 0.6996 0.6996 0.6996 0.6996 0.6996 0.6996 0.6996 0.4603 0.4603 0.4603 0.4603 0.4603 0.4603 0.4603 0.3195 115.2797 115.2797 72.4139 0.9297 
fa4 = 2.1296 1.0354 1.0354 1.0354 1.0354 1.0354 1.0354 1.0354 0.6966 0.6966 0.6966 0.6966 0.6966 0.6966 0.6966 0.4583 0.4583 0.4583 0.4583 0.4583 0.4583 0.4583 0.3183 117.5692 117.5692 73.6242 0.9233 
fb1 = -0.2547 -0.2737 -0.2737 -0.2737 -0.2737 -0.2737 -0.2737 -0.2737 -0.2834 -0.2834 -0.2834 -0.2834 -0.2834 -0.2834 -0.2834 -0.2935 -0.2935 -0.2935 -0.2935 -0.2935 -0.2935 -0.2935 -0.3025 0.1467 0.1467 0.1033 -0.1191 
fb2 = -0.2546 -0.2736 -0.2736 -0.2736 -0.2736 -0.2736 -0.2736 -0.2736 -0.2833 -0.2833 -0.2833 -0.2833 -0.2833 -0.2833 -0.2833 -0.2934 -0.2934 -0.2934 -0.2934 -0.2934 -0.2934 -0.2934 -0.3024 0.1489 0.1489 0.1047 -0.1191 
fb3 = -0.2546 -0.2736 -0.2736 -0.2736 -0.2736 -0.2736 -0.2736 -0.2736 -0.2833 -0.2833 -0.2833 -0.2833 -0.2833 -0.2833 -0.2833 -0.2934 -0.2934 -0.2934 -0.2934 -0.2934 -0.2934 -0.2934 -0.3024 0.1489 0.1489 0.1047 -0.1191 
fb4 = -0.2545 -0.2735 -0.2735 -0.2735 -0.2735 -0.2735 -0.2735 -0.2735 -0.2832 -0.2832 -0.2832 -0.2832 -0.2832 -0.2832 -0.2832 -0.2933 -0.2933 -0.2933 -0.2933 -0.2933 -0.2933 -0.2933 -0.3023 0.1512 0.1512 0.1061 -0.1190 
I = 14.9000 9.4000 9.4000 9.4000 9.4000 9.4000 9.4000 9.4000 6.0000 6.0000 6.0000 6.0000 6.0000 6.0000 6.0000 2.0000 2.0000 2.0000 2.0000 2.0000 2.0000 2.0000 -2.0000 24.0000 24.0000 10.0000 -7.4401 
S1 = 0.0000 0.0000 0.0000 0.0000 0.0000 0.0000 0.0000 0.0000 0.0000 0.0000 0.0000 0.0000 0.0000 0.0000 0.0000 0.0000 0.0000 0.0000 0.0000 0.0000 0.0000 0.0000 0.0000 0.0000 0.0000 0.0000 0.0000 
S2 = 0.0000 0.0000 0.0000 0.0000 0.0000 0.0000 0.0000 0.0000 0.0000 0.0000 0.0000 0.0000 0.0000 0.0000 0.0000 0.0000 0.0000 0.0000 0.0000 0.0000 0.0000 0.0000 0.0000 0.0000 0.0000 0.0000 3.5599 
u = 9.2822 9.2523 9.2523 9.2523 9.2523 9.2523 9.2523 9.2523 9.2356 9.2356 9.2356 9.2356 9.2356 9.2356 9.2356 9.2173 9.2173 9.2173 9.2173 9.2173 9.2173 9.2173 9.2003 9.9254 9.9254 10.5876 9.6727 
v = 29.1907 24.1418 24.1418 24.1418 24.1418 24.1418 24.1418 24.1418 21.5452 21.5452 21.5452 21.5452 21.5452 21.5452 21.5452 18.8415 18.8415 18.8415 18.8415 18.8415 18.8415 18.8415 16.4236 87.4360 87.4360 79.4707 18.6015 
