ExternalI = 5.5000 0.0000 0.0000 0.0000 0.0000 0.0000 0.0000 0.0000 4.0000 4.0000 4.0000 4.0000 4.0000 4.0000 4.0000 0.0000 0.0000 0.0000 0.0000 0.0000 0.0000 0.0000 0.0000 8.0000 8.0000 0.0000 0.0000 
before u = 9.2822 9.2523 9.2523 9.2523 9.2523 9.2523 9.2523 9.2523 9.2356 9.2356 9.2356 9.2356 9.2356 9.2356 9.2356 9.2173 9.2173 9.2173 9.2173 9.2173 9.2173 9.2173 9.2003 9.9254 9.9254 10.5876 9.6727 
before v = 29.1907 24.1418 24.1418 24.1418 24.1418 24.1418 24.1418 24.1418 21.5452 21.5452 21.5452 21.5452 21.5452 21.5452 21.5452 18.8415 18.8415 18.8415 18.8415 18.8415 18.8415 18.8415 16.4236 87.4360 87.4360 79.4707 18.6015 
Ibias = 9.4000 9.4000 9.4000 9.4000 9.4000 9.4000 9.4000 9.4000 2.0000 2.0000 2.0000 2.0000 2.0000 2.0000 2.0000 2.0000 2.0000 2.0000 2.0000 2.0000 2.0000 2.0000 -2.0000 16.0000 16.0000 10.0000 -11.0000 
fa1 = 2.1296 1.0354 1.0354 1.0354 1.0354 1.0354 1.0354 1.0354 0.6966 0.6966 0.6966 0.6966 0.6966 0.6966 0.6966 0.4583 0.4583 0.4583 0.4583 0.4583 0.4583 0.4583 0.3183 117.5688 117.5688 73.6240 0.9162 
fa2 = 2.1238 1.0312 1.0312 1.0312 1.0312 1.0312 1.0312 1.0312 0.6936 0.6936 0.6936 0.6936 0.6936 0.6936 0.6936 0.4564 0.4564 0.4564 0.4564 0.4564 0.4564 0.4564 0.3172 119.9302 119.9302 74.8649 0.9098 
fa3 = 2.1238 1.0312 1.0312 1.0312 1.0312 1.0312 1.0312 1.0312 0.6936 0.6936 0.6936 0.6936 0.6936 0.6936 0.6936 0.4564 0.4564 0.4564 0.4564 0.4564 0.4564 0.4564 0.3172 119.9779 119.9779 74.8859 0.9099 
fa4 = 2.1180 1.0271 1.0271 1.0271 1.0271 1.0271 1.0271 1.0271 0.6906 0.6906 0.6906 0.6906 0.6906 0.6906 0.6906 0.4544 0.4544 0.4544 0.4544 0.4544 0.4544 0.4544 0.3160 122.4178 122.4178 76.1598 0.9036 
fb1 = -0.2545 -0.2735 -0.2735 -0.2735 -0.2735 -0.2735 -0.2735 -0.2735 -0.2832 -0.2832 -0.2832 -0.2832 -0.2832 -0.2832 -0.2832 -0.2933 -0.2933 -0.2933 -0.2933 -0.2933 -0.2933 -0.2933 -0.3023 0.1512 0.1512 0.1061 -0.1190 
fb2 = -0.2544 -0.2734 -0.2734 -0.2734 -0.2734 -0.2734 -0.2734 -0.2734 -0.2832 -0.2832 -0.2832 -0.2832 -0.2832 -0.2832 -0.2832 -0.2933 -0.2933 -0.2933 -0.2933 -0.2933 -0.2933 -0.2933 -0.3023 0.1536 0.1536 0.1076 -0.1190 
fb3 = -0.2544 -0.2734 -0.2734 -0.2734 -0.2734 -0.2734 -0.2734 -0.2734 -0.2832 -0.2832 -0.2832 -0.2832 -0.2832 -0.2832 -0.2832 -0.2933 -0.2933 -0.2933 -0.2933 -0.2933 -0.2933 -0.2933 -0.3023 0.1536 0.1536 0.1076 -0.1190 
fb4 = -0.2543 -0.2734 -0.2734 -0.2734 -0.2734 -0.2734 -0.2734 -0.2734 -0.2831 -0.2831 -0.2831 -0.2831 -0.2831 -0.2831 -0.2831 -0.2932 -0.2932 -0.2932 -0.2932 -0.2932 -0.2932 -0.2932 -0.3022 0.1560 0.1560 0.1091 -0.1190 
I = 14.9000 9.4000 9.4000 9.4000 9.4000 9.4000 9.4000 9.4000 6.0000 6.0000 6.0000 6.0000 6.0000 6.0000 6.0000 2.0000 2.0000 2.0000 2.0000 2.0000 2.0000 2.0000 -2.0000 24.0000 24.0000 10.0000 -7.4472 
S1 = 0.0000 0.0000 0.0000 0.0000 0.0000 0.0000 0.0000 0.0000 0.0000 0.0000 0.0000 0.0000 0.0000 0.0000 0.0000 0.0000 0.0000 0.0000 0.0000 0.0000 0.0000 0.0000 0.0000 0.0000 0.0000 0.0000 0.0000 
S2 = 0.0000 0.0000 0.0000 0.0000 0.0000 0.0000 0.0000 0.0000 0.0000 0.0000 0.0000 0.0000 0.0000 0.0000 0.0000 0.0000 0.0000 0.0000 0.0000 0.0000 0.0000 0.0000 0.0000 0.0000 0.0000 0.0000 3.5528 
u = 9.2797 9.2495 9.2495 9.2495 9.2495 9.2495 9.2495 9.2495 9.2327 9.2327 9.2327 9.2327 9.2327 9.2327 9.2327 9.2144 9.2144 9.2144 9.2144 9.2144 9.2144 9.2144 9.1973 9.9269 9.9269 10.5887 9.6716 
v = 29.2119 24.1521 24.1521 24.1521 24.1521 24.1521 24.1521 24.1521 21.5522 21.5522 21.5522 21.5522 21.5522 21.5522 21.5522 18.8460 18.8460 18.8460 18.8460 18.8460 18.8460 18.8460 16.4268 88.6357 88.6357 80.2195 18.6106 
