ExternalI = 5.5000 0.0000 0.0000 0.0000 0.0000 0.0000 0.0000 0.0000 4.0000 4.0000 4.0000 4.0000 4.0000 4.0000 4.0000 0.0000 0.0000 0.0000 0.0000 0.0000 0.0000 0.0000 0.0000 8.0000 8.0000 0.0000 0.0000 
before u = 9.2797 9.2495 9.2495 9.2495 9.2495 9.2495 9.2495 9.2495 9.2327 9.2327 9.2327 9.2327 9.2327 9.2327 9.2327 9.2144 9.2144 9.2144 9.2144 9.2144 9.2144 9.2144 9.1973 9.9269 9.9269 10.5887 9.6716 
before v = 29.2119 24.1521 24.1521 24.1521 24.1521 24.1521 24.1521 24.1521 21.5522 21.5522 21.5522 21.5522 21.5522 21.5522 21.5522 18.8460 18.8460 18.8460 18.8460 18.8460 18.8460 18.8460 16.4268 88.6357 88.6357 80.2195 18.6106 
Ibias = 9.4000 9.4000 9.4000 9.4000 9.4000 9.4000 9.4000 9.4000 2.0000 2.0000 2.0000 2.0000 2.0000 2.0000 2.0000 2.0000 2.0000 2.0000 2.0000 2.0000 2.0000 2.0000 -2.0000 16.0000 16.0000 10.0000 -11.0000 
fa1 = 2.1180 1.0271 1.0271 1.0271 1.0271 1.0271 1.0271 1.0271 0.6906 0.6906 0.6906 0.6906 0.6906 0.6906 0.6906 0.4544 0.4544 0.4544 0.4544 0.4544 0.4544 0.4544 0.3160 122.4174 122.4174 76.1596 0.8965 
fa2 = 2.1123 1.0230 1.0230 1.0230 1.0230 1.0230 1.0230 1.0230 0.6876 0.6876 0.6876 0.6876 0.6876 0.6876 0.6876 0.4525 0.4525 0.4525 0.4525 0.4525 0.4525 0.4525 0.3149 124.9355 124.9355 77.4662 0.8903 
fa3 = 2.1123 1.0230 1.0230 1.0230 1.0230 1.0230 1.0230 1.0230 0.6876 0.6876 0.6876 0.6876 0.6876 0.6876 0.6876 0.4525 0.4525 0.4525 0.4525 0.4525 0.4525 0.4525 0.3149 124.9877 124.9877 77.4888 0.8904 
fa4 = 2.1066 1.0189 1.0189 1.0189 1.0189 1.0189 1.0189 1.0189 0.6846 0.6846 0.6846 0.6846 0.6846 0.6846 0.6846 0.4506 0.4506 0.4506 0.4506 0.4506 0.4506 0.4506 0.3137 127.5913 127.5913 78.8307 0.8842 
fb1 = -0.2543 -0.2734 -0.2734 -0.2734 -0.2734 -0.2734 -0.2734 -0.2734 -0.2831 -0.2831 -0.2831 -0.2831 -0.2831 -0.2831 -0.2831 -0.2932 -0.2932 -0.2932 -0.2932 -0.2932 -0.2932 -0.2932 -0.3022 0.1560 0.1560 0.1091 -0.1190 
fb2 = -0.2542 -0.2733 -0.2733 -0.2733 -0.2733 -0.2733 -0.2733 -0.2733 -0.2830 -0.2830 -0.2830 -0.2830 -0.2830 -0.2830 -0.2830 -0.2931 -0.2931 -0.2931 -0.2931 -0.2931 -0.2931 -0.2931 -0.3021 0.1584 0.1584 0.1106 -0.1190 
fb3 = -0.2542 -0.2733 -0.2733 -0.2733 -0.2733 -0.2733 -0.2733 -0.2733 -0.2830 -0.2830 -0.2830 -0.2830 -0.2830 -0.2830 -0.2830 -0.2931 -0.2931 -0.2931 -0.2931 -0.2931 -0.2931 -0.2931 -0.3021 0.1585 0.1585 0.1106 -0.1190 
fb4 = -0.2542 -0.2732 -0.2732 -0.2732 -0.2732 -0.2732 -0.2732 -0.2732 -0.2830 -0.2830 -0.2830 -0.2830 -0.2830 -0.2830 -0.2830 -0.2931 -0.2931 -0.2931 -0.2931 -0.2931 -0.2931 -0.2931 -0.3020 0.1610 0.1610 0.1122 -0.1189 
I = 14.9000 9.4000 9.4000 9.4000 9.4000 9.4000 9.4000 9.4000 6.0000 6.0000 6.0000 6.0000 6.0000 6.0000 6.0000 2.0000 2.0000 2.0000 2.0000 2.0000 2.0000 2.0000 -2.0000 24.0000 24.0000 10.0000 -7.4543 
S1 = 0.0000 0.0000 0.0000 0.0000 0.0000 0.0000 0.0000 0.0000 0.0000 0.0000 0.0000 0.0000 0.0000 0.0000 0.0000 0.0000 0.0000 0.0000 0.0000 0.0000 0.0000 0.0000 0.0000 0.0000 0.0000 0.0000 0.0000 
S2 = 0.0000 0.0000 0.0000 0.0000 0.0000 0.0000 0.0000 0.0000 0.0000 0.0000 0.0000 0.0000 0.0000 0.0000 0.0000 0.0000 0.0000 0.0000 0.0000 0.0000 0.0000 0.0000 0.0000 0.0000 0.0000 0.0000 3.5457 
u = 9.2771 9.2468 9.2468 9.2468 9.2468 9.2468 9.2468 9.2468 9.2299 9.2299 9.2299 9.2299 9.2299 9.2299 9.2299 9.2115 9.2115 9.2115 9.2115 9.2115 9.2115 9.2115 9.1942 9.9285 9.9285 10.5898 9.6704 
v = 29.2330 24.1623 24.1623 24.1623 24.1623 24.1623 24.1623 24.1623 21.5590 21.5590 21.5590 21.5590 21.5590 21.5590 21.5590 18.8505 18.8505 18.8505 18.8505 18.8505 18.8505 18.8505 16.4299 89.8854 89.8854 80.9943 18.6195 
