ExternalI = 5.5000 0.0000 0.0000 0.0000 0.0000 0.0000 0.0000 0.0000 4.0000 4.0000 4.0000 4.0000 4.0000 4.0000 4.0000 0.0000 0.0000 0.0000 0.0000 0.0000 0.0000 0.0000 0.0000 8.0000 8.0000 0.0000 0.0000 
before u = 9.2771 9.2468 9.2468 9.2468 9.2468 9.2468 9.2468 9.2468 9.2299 9.2299 9.2299 9.2299 9.2299 9.2299 9.2299 9.2115 9.2115 9.2115 9.2115 9.2115 9.2115 9.2115 9.1942 9.9285 9.9285 10.5898 9.6704 
before v = 29.2330 24.1623 24.1623 24.1623 24.1623 24.1623 24.1623 24.1623 21.5590 21.5590 21.5590 21.5590 21.5590 21.5590 21.5590 18.8505 18.8505 18.8505 18.8505 18.8505 18.8505 18.8505 16.4299 89.8854 89.8854 80.9943 18.6195 
Ibias = 9.4000 9.4000 9.4000 9.4000 9.4000 9.4000 9.4000 9.4000 2.0000 2.0000 2.0000 2.0000 2.0000 2.0000 2.0000 2.0000 2.0000 2.0000 2.0000 2.0000 2.0000 2.0000 -2.0000 16.0000 16.0000 10.0000 -11.0000 
fa1 = 2.1066 1.0189 1.0189 1.0189 1.0189 1.0189 1.0189 1.0189 0.6846 0.6846 0.6846 0.6846 0.6846 0.6846 0.6846 0.4506 0.4506 0.4506 0.4506 0.4506 0.4506 0.4506 0.3137 127.5908 127.5908 78.8305 0.8771 
fa2 = 2.1009 1.0149 1.0149 1.0149 1.0149 1.0149 1.0149 1.0149 0.6817 0.6817 0.6817 0.6817 0.6817 0.6817 0.6817 0.4487 0.4487 0.4487 0.4487 0.4487 0.4487 0.4487 0.3126 130.2799 130.2799 80.2077 0.8711 
fa3 = 2.1009 1.0149 1.0149 1.0149 1.0149 1.0149 1.0149 1.0149 0.6817 0.6817 0.6817 0.6817 0.6817 0.6817 0.6817 0.4487 0.4487 0.4487 0.4487 0.4487 0.4487 0.4487 0.3126 130.3369 130.3369 80.2318 0.8712 
fa4 = 2.0953 1.0108 1.0108 1.0108 1.0108 1.0108 1.0108 1.0108 0.6788 0.6788 0.6788 0.6788 0.6788 0.6788 0.6788 0.4469 0.4469 0.4469 0.4469 0.4469 0.4469 0.4469 0.3115 133.1194 133.1194 81.6469 0.8652 
fb1 = -0.2542 -0.2732 -0.2732 -0.2732 -0.2732 -0.2732 -0.2732 -0.2732 -0.2830 -0.2830 -0.2830 -0.2830 -0.2830 -0.2830 -0.2830 -0.2931 -0.2931 -0.2931 -0.2931 -0.2931 -0.2931 -0.2931 -0.3020 0.1610 0.1610 0.1122 -0.1189 
fb2 = -0.2541 -0.2731 -0.2731 -0.2731 -0.2731 -0.2731 -0.2731 -0.2731 -0.2829 -0.2829 -0.2829 -0.2829 -0.2829 -0.2829 -0.2829 -0.2930 -0.2930 -0.2930 -0.2930 -0.2930 -0.2930 -0.2930 -0.3020 0.1635 0.1635 0.1137 -0.1189 
fb3 = -0.2541 -0.2731 -0.2731 -0.2731 -0.2731 -0.2731 -0.2731 -0.2731 -0.2829 -0.2829 -0.2829 -0.2829 -0.2829 -0.2829 -0.2829 -0.2930 -0.2930 -0.2930 -0.2930 -0.2930 -0.2930 -0.2930 -0.3020 0.1636 0.1636 0.1138 -0.1189 
fb4 = -0.2540 -0.2731 -0.2731 -0.2731 -0.2731 -0.2731 -0.2731 -0.2731 -0.2828 -0.2828 -0.2828 -0.2828 -0.2828 -0.2828 -0.2828 -0.2929 -0.2929 -0.2929 -0.2929 -0.2929 -0.2929 -0.2929 -0.3019 0.1662 0.1662 0.1154 -0.1189 
I = 14.9000 9.4000 9.4000 9.4000 9.4000 9.4000 9.4000 9.4000 6.0000 6.0000 6.0000 6.0000 6.0000 6.0000 6.0000 2.0000 2.0000 2.0000 2.0000 2.0000 2.0000 2.0000 -2.0000 24.0000 24.0000 10.0000 -7.4614 
S1 = 0.0000 0.0000 0.0000 0.0000 0.0000 0.0000 0.0000 0.0000 0.0000 0.0000 0.0000 0.0000 0.0000 0.0000 0.0000 0.0000 0.0000 0.0000 0.0000 0.0000 0.0000 0.0000 0.0000 0.0000 0.0000 0.0000 0.0000 
S2 = 0.0000 0.0000 0.0000 0.0000 0.0000 0.0000 0.0000 0.0000 0.0000 0.0000 0.0000 0.0000 0.0000 0.0000 0.0000 0.0000 0.0000 0.0000 0.0000 0.0000 0.0000 0.0000 0.0000 0.0000 0.0000 0.0000 3.5386 
u = 9.2746 9.2441 9.2441 9.2441 9.2441 9.2441 9.2441 9.2441 9.2271 9.2271 9.2271 9.2271 9.2271 9.2271 9.2271 9.2085 9.2085 9.2085 9.2085 9.2085 9.2085 9.2085 9.1912 9.9302 9.9302 10.5909 9.6692 
v = 29.2540 24.1725 24.1725 24.1725 24.1725 24.1725 24.1725 24.1725 21.5659 21.5659 21.5659 21.5659 21.5659 21.5659 21.5659 18.8550 18.8550 18.8550 18.8550 18.8550 18.8550 18.8550 16.4330 91.1887 91.1887 81.7966 18.6282 
