ExternalI = 5.5000 0.0000 0.0000 0.0000 0.0000 0.0000 0.0000 0.0000 4.0000 4.0000 4.0000 4.0000 4.0000 4.0000 4.0000 0.0000 0.0000 0.0000 0.0000 0.0000 0.0000 0.0000 0.0000 8.0000 8.0000 0.0000 0.0000 
before u = 9.2746 9.2441 9.2441 9.2441 9.2441 9.2441 9.2441 9.2441 9.2271 9.2271 9.2271 9.2271 9.2271 9.2271 9.2271 9.2085 9.2085 9.2085 9.2085 9.2085 9.2085 9.2085 9.1912 9.9302 9.9302 10.5909 9.6692 
before v = 29.2540 24.1725 24.1725 24.1725 24.1725 24.1725 24.1725 24.1725 21.5659 21.5659 21.5659 21.5659 21.5659 21.5659 21.5659 18.8550 18.8550 18.8550 18.8550 18.8550 18.8550 18.8550 16.4330 91.1887 91.1887 81.7966 18.6282 
Ibias = 9.4000 9.4000 9.4000 9.4000 9.4000 9.4000 9.4000 9.4000 2.0000 2.0000 2.0000 2.0000 2.0000 2.0000 2.0000 2.0000 2.0000 2.0000 2.0000 2.0000 2.0000 2.0000 -2.0000 16.0000 16.0000 10.0000 -11.0000 
fa1 = 2.0953 1.0108 1.0108 1.0108 1.0108 1.0108 1.0108 1.0108 0.6788 0.6788 0.6788 0.6788 0.6788 0.6788 0.6788 0.4469 0.4469 0.4469 0.4469 0.4469 0.4469 0.4469 0.3115 133.1188 133.1188 81.6467 0.8581 
fa2 = 2.0896 1.0068 1.0068 1.0068 1.0068 1.0068 1.0068 1.0068 0.6759 0.6759 0.6759 0.6759 0.6759 0.6759 0.6759 0.4450 0.4450 0.4450 0.4450 0.4450 0.4450 0.4450 0.3104 135.9945 135.9945 83.0994 0.8522 
fa3 = 2.0896 1.0068 1.0068 1.0068 1.0068 1.0068 1.0068 1.0068 0.6759 0.6759 0.6759 0.6759 0.6759 0.6759 0.6759 0.4450 0.4450 0.4450 0.4450 0.4450 0.4450 0.4450 0.3104 136.0570 136.0570 83.1254 0.8523 
fa4 = 2.0840 1.0028 1.0028 1.0028 1.0028 1.0028 1.0028 1.0028 0.6730 0.6730 0.6730 0.6730 0.6730 0.6730 0.6730 0.4432 0.4432 0.4432 0.4432 0.4432 0.4432 0.4432 0.3093 139.0349 139.0349 84.6189 0.8464 
fb1 = -0.2540 -0.2731 -0.2731 -0.2731 -0.2731 -0.2731 -0.2731 -0.2731 -0.2828 -0.2828 -0.2828 -0.2828 -0.2828 -0.2828 -0.2828 -0.2929 -0.2929 -0.2929 -0.2929 -0.2929 -0.2929 -0.2929 -0.3019 0.1662 0.1662 0.1154 -0.1189 
fb2 = -0.2539 -0.2730 -0.2730 -0.2730 -0.2730 -0.2730 -0.2730 -0.2730 -0.2827 -0.2827 -0.2827 -0.2827 -0.2827 -0.2827 -0.2827 -0.2929 -0.2929 -0.2929 -0.2929 -0.2929 -0.2929 -0.2929 -0.3018 0.1688 0.1688 0.1170 -0.1188 
fb3 = -0.2539 -0.2730 -0.2730 -0.2730 -0.2730 -0.2730 -0.2730 -0.2730 -0.2828 -0.2828 -0.2828 -0.2828 -0.2828 -0.2828 -0.2828 -0.2929 -0.2929 -0.2929 -0.2929 -0.2929 -0.2929 -0.2929 -0.3018 0.1689 0.1689 0.1170 -0.1188 
fb4 = -0.2538 -0.2729 -0.2729 -0.2729 -0.2729 -0.2729 -0.2729 -0.2729 -0.2827 -0.2827 -0.2827 -0.2827 -0.2827 -0.2827 -0.2827 -0.2928 -0.2928 -0.2928 -0.2928 -0.2928 -0.2928 -0.2928 -0.3018 0.1716 0.1716 0.1187 -0.1188 
I = 14.9000 9.4000 9.4000 9.4000 9.4000 9.4000 9.4000 9.4000 6.0000 6.0000 6.0000 6.0000 6.0000 6.0000 6.0000 2.0000 2.0000 2.0000 2.0000 2.0000 2.0000 2.0000 -2.0000 24.0000 24.0000 10.0000 -7.4685 
S1 = 0.0000 0.0000 0.0000 0.0000 0.0000 0.0000 0.0000 0.0000 0.0000 0.0000 0.0000 0.0000 0.0000 0.0000 0.0000 0.0000 0.0000 0.0000 0.0000 0.0000 0.0000 0.0000 0.0000 0.0000 0.0000 0.0000 0.0000 
S2 = 0.0000 0.0000 0.0000 0.0000 0.0000 0.0000 0.0000 0.0000 0.0000 0.0000 0.0000 0.0000 0.0000 0.0000 0.0000 0.0000 0.0000 0.0000 0.0000 0.0000 0.0000 0.0000 0.0000 0.0000 0.0000 0.0000 3.5315 
u = 9.2720 9.2413 9.2413 9.2413 9.2413 9.2413 9.2413 9.2413 9.2243 9.2243 9.2243 9.2243 9.2243 9.2243 9.2243 9.2056 9.2056 9.2056 9.2056 9.2056 9.2056 9.2056 9.1882 9.9319 9.9319 10.5921 9.6680 
v = 29.2749 24.1826 24.1826 24.1826 24.1826 24.1826 24.1826 24.1826 21.5726 21.5726 21.5726 21.5726 21.5726 21.5726 21.5726 18.8595 18.8595 18.8595 18.8595 18.8595 18.8595 18.8595 16.4361 92.5491 92.5491 82.6278 18.6368 
