ExternalI = 5.5000 0.0000 0.0000 0.0000 0.0000 0.0000 0.0000 0.0000 4.0000 4.0000 4.0000 4.0000 4.0000 4.0000 4.0000 0.0000 0.0000 0.0000 0.0000 0.0000 0.0000 0.0000 0.0000 8.0000 8.0000 0.0000 0.0000 
before u = 9.2720 9.2413 9.2413 9.2413 9.2413 9.2413 9.2413 9.2413 9.2243 9.2243 9.2243 9.2243 9.2243 9.2243 9.2243 9.2056 9.2056 9.2056 9.2056 9.2056 9.2056 9.2056 9.1882 9.9319 9.9319 10.5921 9.6680 
before v = 29.2749 24.1826 24.1826 24.1826 24.1826 24.1826 24.1826 24.1826 21.5726 21.5726 21.5726 21.5726 21.5726 21.5726 21.5726 18.8595 18.8595 18.8595 18.8595 18.8595 18.8595 18.8595 16.4361 92.5491 92.5491 82.6278 18.6368 
Ibias = 9.4000 9.4000 9.4000 9.4000 9.4000 9.4000 9.4000 9.4000 2.0000 2.0000 2.0000 2.0000 2.0000 2.0000 2.0000 2.0000 2.0000 2.0000 2.0000 2.0000 2.0000 2.0000 -2.0000 16.0000 16.0000 10.0000 -11.0000 
fa1 = 2.0840 1.0028 1.0028 1.0028 1.0028 1.0028 1.0028 1.0028 0.6730 0.6730 0.6730 0.6730 0.6730 0.6730 0.6730 0.4432 0.4432 0.4432 0.4432 0.4432 0.4432 0.4432 0.3093 139.0343 139.0343 84.6186 0.8394 
fa2 = 2.0784 0.9989 0.9989 0.9989 0.9989 0.9989 0.9989 0.9989 0.6701 0.6701 0.6701 0.6701 0.6701 0.6701 0.6701 0.4413 0.4413 0.4413 0.4413 0.4413 0.4413 0.4413 0.3082 142.1143 142.1143 86.1527 0.8336 
fa3 = 2.0785 0.9989 0.9989 0.9989 0.9989 0.9989 0.9989 0.9989 0.6701 0.6701 0.6701 0.6701 0.6701 0.6701 0.6701 0.4413 0.4413 0.4413 0.4413 0.4413 0.4413 0.4413 0.3082 142.1830 142.1830 86.1806 0.8337 
fa4 = 2.0729 0.9949 0.9949 0.9949 0.9949 0.9949 0.9949 0.9949 0.6673 0.6673 0.6673 0.6673 0.6673 0.6673 0.6673 0.4395 0.4395 0.4395 0.4395 0.4395 0.4395 0.4395 0.3071 145.3751 145.3751 87.7585 0.8280 
fb1 = -0.2538 -0.2729 -0.2729 -0.2729 -0.2729 -0.2729 -0.2729 -0.2729 -0.2827 -0.2827 -0.2827 -0.2827 -0.2827 -0.2827 -0.2827 -0.2928 -0.2928 -0.2928 -0.2928 -0.2928 -0.2928 -0.2928 -0.3018 0.1716 0.1716 0.1187 -0.1188 
fb2 = -0.2537 -0.2728 -0.2728 -0.2728 -0.2728 -0.2728 -0.2728 -0.2728 -0.2826 -0.2826 -0.2826 -0.2826 -0.2826 -0.2826 -0.2826 -0.2927 -0.2927 -0.2927 -0.2927 -0.2927 -0.2927 -0.2927 -0.3017 0.1743 0.1743 0.1203 -0.1188 
fb3 = -0.2537 -0.2728 -0.2728 -0.2728 -0.2728 -0.2728 -0.2728 -0.2728 -0.2826 -0.2826 -0.2826 -0.2826 -0.2826 -0.2826 -0.2826 -0.2927 -0.2927 -0.2927 -0.2927 -0.2927 -0.2927 -0.2927 -0.3017 0.1744 0.1744 0.1204 -0.1188 
fb4 = -0.2536 -0.2728 -0.2728 -0.2728 -0.2728 -0.2728 -0.2728 -0.2728 -0.2825 -0.2825 -0.2825 -0.2825 -0.2825 -0.2825 -0.2825 -0.2927 -0.2927 -0.2927 -0.2927 -0.2927 -0.2927 -0.2927 -0.3017 0.1772 0.1772 0.1221 -0.1188 
I = 14.9000 9.4000 9.4000 9.4000 9.4000 9.4000 9.4000 9.4000 6.0000 6.0000 6.0000 6.0000 6.0000 6.0000 6.0000 2.0000 2.0000 2.0000 2.0000 2.0000 2.0000 2.0000 -2.0000 24.0000 24.0000 10.0000 -7.4755 
S1 = 0.0000 0.0000 0.0000 0.0000 0.0000 0.0000 0.0000 0.0000 0.0000 0.0000 0.0000 0.0000 0.0000 0.0000 0.0000 0.0000 0.0000 0.0000 0.0000 0.0000 0.0000 0.0000 0.0000 0.0000 0.0000 0.0000 0.0000 
S2 = 0.0000 0.0000 0.0000 0.0000 0.0000 0.0000 0.0000 0.0000 0.0000 0.0000 0.0000 0.0000 0.0000 0.0000 0.0000 0.0000 0.0000 0.0000 0.0000 0.0000 0.0000 0.0000 0.0000 0.0000 0.0000 0.0000 3.5245 
u = 9.2695 9.2386 9.2386 9.2386 9.2386 9.2386 9.2386 9.2386 9.2214 9.2214 9.2214 9.2214 9.2214 9.2214 9.2214 9.2027 9.2027 9.2027 9.2027 9.2027 9.2027 9.2027 9.1852 9.9336 9.9336 10.5933 9.6668 
v = 29.2957 24.1925 24.1925 24.1925 24.1925 24.1925 24.1925 24.1925 21.5793 21.5793 21.5793 21.5793 21.5793 21.5793 21.5793 18.8639 18.8639 18.8639 18.8639 18.8639 18.8639 18.8639 16.4392 93.9708 93.9708 83.4895 18.6451 
