ExternalI = 5.5000 0.0000 0.0000 0.0000 0.0000 0.0000 0.0000 0.0000 4.0000 4.0000 4.0000 4.0000 4.0000 4.0000 4.0000 0.0000 0.0000 0.0000 0.0000 0.0000 0.0000 0.0000 0.0000 8.0000 8.0000 0.0000 0.0000 
before u = 9.2695 9.2386 9.2386 9.2386 9.2386 9.2386 9.2386 9.2386 9.2214 9.2214 9.2214 9.2214 9.2214 9.2214 9.2214 9.2027 9.2027 9.2027 9.2027 9.2027 9.2027 9.2027 9.1852 9.9336 9.9336 10.5933 9.6668 
before v = 29.2957 24.1925 24.1925 24.1925 24.1925 24.1925 24.1925 24.1925 21.5793 21.5793 21.5793 21.5793 21.5793 21.5793 21.5793 18.8639 18.8639 18.8639 18.8639 18.8639 18.8639 18.8639 16.4392 93.9708 93.9708 83.4895 18.6451 
Ibias = 9.4000 9.4000 9.4000 9.4000 9.4000 9.4000 9.4000 9.4000 2.0000 2.0000 2.0000 2.0000 2.0000 2.0000 2.0000 2.0000 2.0000 2.0000 2.0000 2.0000 2.0000 2.0000 -2.0000 16.0000 16.0000 10.0000 -11.0000 
fa1 = 2.0729 0.9949 0.9949 0.9949 0.9949 0.9949 0.9949 0.9949 0.6673 0.6673 0.6673 0.6673 0.6673 0.6673 0.6673 0.4395 0.4395 0.4395 0.4395 0.4395 0.4395 0.4395 0.3071 145.3744 145.3744 87.7582 0.8209 
fa2 = 2.0674 0.9910 0.9910 0.9910 0.9910 0.9910 0.9910 0.9910 0.6644 0.6644 0.6644 0.6644 0.6644 0.6644 0.6644 0.4377 0.4377 0.4377 0.4377 0.4377 0.4377 0.4377 0.3060 148.6784 148.6784 89.3797 0.8153 
fa3 = 2.0674 0.9910 0.9910 0.9910 0.9910 0.9910 0.9910 0.9910 0.6645 0.6645 0.6645 0.6645 0.6645 0.6645 0.6645 0.4377 0.4377 0.4377 0.4377 0.4377 0.4377 0.4377 0.3060 148.7540 148.7540 89.4098 0.8154 
fa4 = 2.0619 0.9871 0.9871 0.9871 0.9871 0.9871 0.9871 0.9871 0.6616 0.6616 0.6616 0.6616 0.6616 0.6616 0.6616 0.4359 0.4359 0.4359 0.4359 0.4359 0.4359 0.4359 0.3049 152.1813 152.1813 91.0785 0.8098 
fb1 = -0.2536 -0.2728 -0.2728 -0.2728 -0.2728 -0.2728 -0.2728 -0.2728 -0.2825 -0.2825 -0.2825 -0.2825 -0.2825 -0.2825 -0.2825 -0.2927 -0.2927 -0.2927 -0.2927 -0.2927 -0.2927 -0.2927 -0.3017 0.1772 0.1772 0.1221 -0.1188 
fb2 = -0.2535 -0.2727 -0.2727 -0.2727 -0.2727 -0.2727 -0.2727 -0.2727 -0.2825 -0.2825 -0.2825 -0.2825 -0.2825 -0.2825 -0.2825 -0.2926 -0.2926 -0.2926 -0.2926 -0.2926 -0.2926 -0.2926 -0.3016 0.1801 0.1801 0.1238 -0.1187 
fb3 = -0.2535 -0.2727 -0.2727 -0.2727 -0.2727 -0.2727 -0.2727 -0.2727 -0.2825 -0.2825 -0.2825 -0.2825 -0.2825 -0.2825 -0.2825 -0.2926 -0.2926 -0.2926 -0.2926 -0.2926 -0.2926 -0.2926 -0.3016 0.1802 0.1802 0.1239 -0.1187 
fb4 = -0.2534 -0.2726 -0.2726 -0.2726 -0.2726 -0.2726 -0.2726 -0.2726 -0.2824 -0.2824 -0.2824 -0.2824 -0.2824 -0.2824 -0.2824 -0.2925 -0.2925 -0.2925 -0.2925 -0.2925 -0.2925 -0.2925 -0.3015 0.1831 0.1831 0.1256 -0.1187 
I = 14.9000 9.4000 9.4000 9.4000 9.4000 9.4000 9.4000 9.4000 6.0000 6.0000 6.0000 6.0000 6.0000 6.0000 6.0000 2.0000 2.0000 2.0000 2.0000 2.0000 2.0000 2.0000 -2.0000 24.0000 24.0000 10.0000 -7.4826 
S1 = 0.0000 0.0000 0.0000 0.0000 0.0000 0.0000 0.0000 0.0000 0.0000 0.0000 0.0000 0.0000 0.0000 0.0000 0.0000 0.0000 0.0000 0.0000 0.0000 0.0000 0.0000 0.0000 0.0000 0.0000 0.0000 0.0000 0.0000 
S2 = 0.0000 0.0000 0.0000 0.0000 0.0000 0.0000 0.0000 0.0000 0.0000 0.0000 0.0000 0.0000 0.0000 0.0000 0.0000 0.0000 0.0000 0.0000 0.0000 0.0000 0.0000 0.0000 0.0000 0.0000 0.0000 0.0000 3.5174 
u = 9.2670 9.2359 9.2359 9.2359 9.2359 9.2359 9.2359 9.2359 9.2186 9.2186 9.2186 9.2186 9.2186 9.2186 9.2186 9.1997 9.1997 9.1997 9.1997 9.1997 9.1997 9.1997 9.1822 9.9354 9.9354 10.5945 9.6656 
v = 29.3164 24.2025 24.2025 24.2025 24.2025 24.2025 24.2025 24.2025 21.5860 21.5860 21.5860 21.5860 21.5860 21.5860 21.5860 18.8683 18.8683 18.8683 18.8683 18.8683 18.8683 18.8683 16.4423 95.4582 95.4582 84.3836 18.6532 
