ExternalI = 5.5000 0.0000 0.0000 0.0000 0.0000 0.0000 0.0000 0.0000 4.0000 4.0000 4.0000 4.0000 4.0000 4.0000 4.0000 0.0000 0.0000 0.0000 0.0000 0.0000 0.0000 0.0000 0.0000 8.0000 8.0000 0.0000 0.0000 
before u = 9.2670 9.2359 9.2359 9.2359 9.2359 9.2359 9.2359 9.2359 9.2186 9.2186 9.2186 9.2186 9.2186 9.2186 9.2186 9.1997 9.1997 9.1997 9.1997 9.1997 9.1997 9.1997 9.1822 9.9354 9.9354 10.5945 9.6656 
before v = 29.3164 24.2025 24.2025 24.2025 24.2025 24.2025 24.2025 24.2025 21.5860 21.5860 21.5860 21.5860 21.5860 21.5860 21.5860 18.8683 18.8683 18.8683 18.8683 18.8683 18.8683 18.8683 16.4423 95.4582 95.4582 84.3836 18.6532 
Ibias = 9.4000 9.4000 9.4000 9.4000 9.4000 9.4000 9.4000 9.4000 2.0000 2.0000 2.0000 2.0000 2.0000 2.0000 2.0000 2.0000 2.0000 2.0000 2.0000 2.0000 2.0000 2.0000 -2.0000 16.0000 16.0000 10.0000 -11.0000 
fa1 = 2.0619 0.9871 0.9871 0.9871 0.9871 0.9871 0.9871 0.9871 0.6616 0.6616 0.6616 0.6616 0.6616 0.6616 0.6616 0.4359 0.4359 0.4359 0.4359 0.4359 0.4359 0.4359 0.3049 152.1805 152.1805 91.0782 0.8028 
fa2 = 2.0564 0.9832 0.9832 0.9832 0.9832 0.9832 0.9832 0.9832 0.6588 0.6588 0.6588 0.6588 0.6588 0.6588 0.6588 0.4341 0.4341 0.4341 0.4341 0.4341 0.4341 0.4341 0.3039 155.7308 155.7308 92.7939 0.7973 
fa3 = 2.0564 0.9832 0.9832 0.9832 0.9832 0.9832 0.9832 0.9832 0.6589 0.6589 0.6589 0.6589 0.6589 0.6589 0.6589 0.4341 0.4341 0.4341 0.4341 0.4341 0.4341 0.4341 0.3039 155.8142 155.8142 92.8264 0.7974 
fa4 = 2.0510 0.9794 0.9794 0.9794 0.9794 0.9794 0.9794 0.9794 0.6561 0.6561 0.6561 0.6561 0.6561 0.6561 0.6561 0.4324 0.4324 0.4324 0.4324 0.4324 0.4324 0.4324 0.3028 159.5003 159.5003 94.5930 0.7919 
fb1 = -0.2534 -0.2726 -0.2726 -0.2726 -0.2726 -0.2726 -0.2726 -0.2726 -0.2824 -0.2824 -0.2824 -0.2824 -0.2824 -0.2824 -0.2824 -0.2925 -0.2925 -0.2925 -0.2925 -0.2925 -0.2925 -0.2925 -0.3015 0.1831 0.1831 0.1256 -0.1187 
fb2 = -0.2533 -0.2726 -0.2726 -0.2726 -0.2726 -0.2726 -0.2726 -0.2726 -0.2823 -0.2823 -0.2823 -0.2823 -0.2823 -0.2823 -0.2823 -0.2924 -0.2924 -0.2924 -0.2924 -0.2924 -0.2924 -0.2924 -0.3015 0.1861 0.1861 0.1275 -0.1187 
fb3 = -0.2533 -0.2726 -0.2726 -0.2726 -0.2726 -0.2726 -0.2726 -0.2726 -0.2823 -0.2823 -0.2823 -0.2823 -0.2823 -0.2823 -0.2823 -0.2924 -0.2924 -0.2924 -0.2924 -0.2924 -0.2924 -0.2924 -0.3015 0.1862 0.1862 0.1275 -0.1187 
fb4 = -0.2532 -0.2725 -0.2725 -0.2725 -0.2725 -0.2725 -0.2725 -0.2725 -0.2823 -0.2823 -0.2823 -0.2823 -0.2823 -0.2823 -0.2823 -0.2924 -0.2924 -0.2924 -0.2924 -0.2924 -0.2924 -0.2924 -0.3014 0.1893 0.1893 0.1293 -0.1186 
I = 14.9000 9.4000 9.4000 9.4000 9.4000 9.4000 9.4000 9.4000 6.0000 6.0000 6.0000 6.0000 6.0000 6.0000 6.0000 2.0000 2.0000 2.0000 2.0000 2.0000 2.0000 2.0000 -2.0000 24.0000 24.0000 10.0000 -7.4896 
S1 = 0.0000 0.0000 0.0000 0.0000 0.0000 0.0000 0.0000 0.0000 0.0000 0.0000 0.0000 0.0000 0.0000 0.0000 0.0000 0.0000 0.0000 0.0000 0.0000 0.0000 0.0000 0.0000 0.0000 0.0000 0.0000 0.0000 0.0000 
S2 = 0.0000 0.0000 0.0000 0.0000 0.0000 0.0000 0.0000 0.0000 0.0000 0.0000 0.0000 0.0000 0.0000 0.0000 0.0000 0.0000 0.0000 0.0000 0.0000 0.0000 0.0000 0.0000 0.0000 0.0000 0.0000 0.0000 3.5104 
u = 9.2644 9.2332 9.2332 9.2332 9.2332 9.2332 9.2332 9.2332 9.2158 9.2158 9.2158 9.2158 9.2158 9.2158 9.2158 9.1968 9.1968 9.1968 9.1968 9.1968 9.1968 9.1968 9.1792 9.9373 9.9373 10.5958 9.6644 
v = 29.3370 24.2123 24.2123 24.2123 24.2123 24.2123 24.2123 24.2123 21.5926 21.5926 21.5926 21.5926 21.5926 21.5926 21.5926 18.8726 18.8726 18.8726 18.8726 18.8726 18.8726 18.8726 16.4453 97.0161 97.0161 85.3118 18.6612 
