ExternalI = 5.5000 0.0000 0.0000 0.0000 0.0000 0.0000 0.0000 0.0000 4.0000 4.0000 4.0000 4.0000 4.0000 4.0000 4.0000 0.0000 0.0000 0.0000 0.0000 0.0000 0.0000 0.0000 0.0000 8.0000 8.0000 0.0000 0.0000 
before u = 9.2644 9.2332 9.2332 9.2332 9.2332 9.2332 9.2332 9.2332 9.2158 9.2158 9.2158 9.2158 9.2158 9.2158 9.2158 9.1968 9.1968 9.1968 9.1968 9.1968 9.1968 9.1968 9.1792 9.9373 9.9373 10.5958 9.6644 
before v = 29.3370 24.2123 24.2123 24.2123 24.2123 24.2123 24.2123 24.2123 21.5926 21.5926 21.5926 21.5926 21.5926 21.5926 21.5926 18.8726 18.8726 18.8726 18.8726 18.8726 18.8726 18.8726 16.4453 97.0161 97.0161 85.3118 18.6612 
Ibias = 9.4000 9.4000 9.4000 9.4000 9.4000 9.4000 9.4000 9.4000 2.0000 2.0000 2.0000 2.0000 2.0000 2.0000 2.0000 2.0000 2.0000 2.0000 2.0000 2.0000 2.0000 2.0000 -2.0000 16.0000 16.0000 10.0000 -11.0000 
fa1 = 2.0510 0.9794 0.9794 0.9794 0.9794 0.9794 0.9794 0.9794 0.6561 0.6561 0.6561 0.6561 0.6561 0.6561 0.6561 0.4324 0.4324 0.4324 0.4324 0.4324 0.4324 0.4324 0.3028 159.4994 159.4994 94.5927 0.7849 
fa2 = 2.0456 0.9755 0.9755 0.9755 0.9755 0.9755 0.9755 0.9755 0.6533 0.6533 0.6533 0.6533 0.6533 0.6533 0.6533 0.4306 0.4306 0.4306 0.4306 0.4306 0.4306 0.4306 0.3018 163.3210 163.3210 96.4101 0.7796 
fa3 = 2.0456 0.9755 0.9755 0.9755 0.9755 0.9755 0.9755 0.9755 0.6533 0.6533 0.6533 0.6533 0.6533 0.6533 0.6533 0.4306 0.4306 0.4306 0.4306 0.4306 0.4306 0.4306 0.3018 163.4132 163.4132 96.4452 0.7796 
fa4 = 2.0402 0.9717 0.9717 0.9717 0.9717 0.9717 0.9717 0.9717 0.6506 0.6506 0.6506 0.6506 0.6506 0.6506 0.6506 0.4289 0.4289 0.4289 0.4289 0.4289 0.4289 0.4289 0.3008 167.3848 167.3848 98.3176 0.7744 
fb1 = -0.2532 -0.2725 -0.2725 -0.2725 -0.2725 -0.2725 -0.2725 -0.2725 -0.2823 -0.2823 -0.2823 -0.2823 -0.2823 -0.2823 -0.2823 -0.2924 -0.2924 -0.2924 -0.2924 -0.2924 -0.2924 -0.2924 -0.3014 0.1893 0.1893 0.1293 -0.1186 
fb2 = -0.2531 -0.2724 -0.2724 -0.2724 -0.2724 -0.2724 -0.2724 -0.2724 -0.2822 -0.2822 -0.2822 -0.2822 -0.2822 -0.2822 -0.2822 -0.2923 -0.2923 -0.2923 -0.2923 -0.2923 -0.2923 -0.2923 -0.3013 0.1925 0.1925 0.1312 -0.1186 
fb3 = -0.2531 -0.2724 -0.2724 -0.2724 -0.2724 -0.2724 -0.2724 -0.2724 -0.2822 -0.2822 -0.2822 -0.2822 -0.2822 -0.2822 -0.2822 -0.2923 -0.2923 -0.2923 -0.2923 -0.2923 -0.2923 -0.2923 -0.3013 0.1926 0.1926 0.1312 -0.1186 
fb4 = -0.2530 -0.2723 -0.2723 -0.2723 -0.2723 -0.2723 -0.2723 -0.2723 -0.2821 -0.2821 -0.2821 -0.2821 -0.2821 -0.2821 -0.2821 -0.2922 -0.2922 -0.2922 -0.2922 -0.2922 -0.2922 -0.2922 -0.3013 0.1958 0.1958 0.1332 -0.1186 
I = 14.9000 9.4000 9.4000 9.4000 9.4000 9.4000 9.4000 9.4000 6.0000 6.0000 6.0000 6.0000 6.0000 6.0000 6.0000 2.0000 2.0000 2.0000 2.0000 2.0000 2.0000 2.0000 -2.0000 24.0000 24.0000 10.0000 -7.4966 
S1 = 0.0000 0.0000 0.0000 0.0000 0.0000 0.0000 0.0000 0.0000 0.0000 0.0000 0.0000 0.0000 0.0000 0.0000 0.0000 0.0000 0.0000 0.0000 0.0000 0.0000 0.0000 0.0000 0.0000 0.0000 0.0000 0.0000 0.0000 
S2 = 0.0000 0.0000 0.0000 0.0000 0.0000 0.0000 0.0000 0.0000 0.0000 0.0000 0.0000 0.0000 0.0000 0.0000 0.0000 0.0000 0.0000 0.0000 0.0000 0.0000 0.0000 0.0000 0.0000 0.0000 0.0000 0.0000 3.5034 
u = 9.2619 9.2304 9.2304 9.2304 9.2304 9.2304 9.2304 9.2304 9.2130 9.2130 9.2130 9.2130 9.2130 9.2130 9.2130 9.1939 9.1939 9.1939 9.1939 9.1939 9.1939 9.1939 9.1761 9.9392 9.9392 10.5971 9.6632 
v = 29.3574 24.2220 24.2220 24.2220 24.2220 24.2220 24.2220 24.2220 21.5991 21.5991 21.5991 21.5991 21.5991 21.5991 21.5991 18.8769 18.8769 18.8769 18.8769 18.8769 18.8769 18.8769 16.4483 98.6500 98.6500 86.2761 18.6690 
