ExternalI = 5.5000 0.0000 0.0000 0.0000 0.0000 0.0000 0.0000 0.0000 4.0000 4.0000 4.0000 4.0000 4.0000 4.0000 4.0000 0.0000 0.0000 0.0000 0.0000 0.0000 0.0000 0.0000 0.0000 8.0000 8.0000 0.0000 0.0000 
before u = 9.2619 9.2304 9.2304 9.2304 9.2304 9.2304 9.2304 9.2304 9.2130 9.2130 9.2130 9.2130 9.2130 9.2130 9.2130 9.1939 9.1939 9.1939 9.1939 9.1939 9.1939 9.1939 9.1761 9.9392 9.9392 10.5971 9.6632 
before v = 29.3574 24.2220 24.2220 24.2220 24.2220 24.2220 24.2220 24.2220 21.5991 21.5991 21.5991 21.5991 21.5991 21.5991 21.5991 18.8769 18.8769 18.8769 18.8769 18.8769 18.8769 18.8769 16.4483 98.6500 98.6500 86.2761 18.6690 
Ibias = 9.4000 9.4000 9.4000 9.4000 9.4000 9.4000 9.4000 9.4000 2.0000 2.0000 2.0000 2.0000 2.0000 2.0000 2.0000 2.0000 2.0000 2.0000 2.0000 2.0000 2.0000 2.0000 -2.0000 16.0000 16.0000 10.0000 -11.0000 
fa1 = 2.0402 0.9717 0.9717 0.9717 0.9717 0.9717 0.9717 0.9717 0.6506 0.6506 0.6506 0.6506 0.6506 0.6506 0.6506 0.4289 0.4289 0.4289 0.4289 0.4289 0.4289 0.4289 0.3008 167.3838 167.3838 98.3173 0.7674 
fa2 = 2.0348 0.9679 0.9679 0.9679 0.9679 0.9679 0.9679 0.9679 0.6479 0.6479 0.6479 0.6479 0.6479 0.6479 0.6479 0.4271 0.4271 0.4271 0.4271 0.4271 0.4271 0.4271 0.2997 171.5051 171.5051 100.2445 0.7622 
fa3 = 2.0348 0.9679 0.9679 0.9679 0.9679 0.9679 0.9679 0.9679 0.6479 0.6479 0.6479 0.6479 0.6479 0.6479 0.6479 0.4271 0.4271 0.4271 0.4271 0.4271 0.4271 0.4271 0.2998 171.6073 171.6073 100.2825 0.7622 
fa4 = 2.0295 0.9642 0.9642 0.9642 0.9642 0.9642 0.9642 0.9642 0.6452 0.6452 0.6452 0.6452 0.6452 0.6452 0.6452 0.4254 0.4254 0.4254 0.4254 0.4254 0.4254 0.4254 0.2987 175.8947 175.8947 102.2693 0.7571 
fb1 = -0.2530 -0.2723 -0.2723 -0.2723 -0.2723 -0.2723 -0.2723 -0.2723 -0.2821 -0.2821 -0.2821 -0.2821 -0.2821 -0.2821 -0.2821 -0.2922 -0.2922 -0.2922 -0.2922 -0.2922 -0.2922 -0.2922 -0.3013 0.1958 0.1958 0.1332 -0.1186 
fb2 = -0.2530 -0.2723 -0.2723 -0.2723 -0.2723 -0.2723 -0.2723 -0.2723 -0.2821 -0.2821 -0.2821 -0.2821 -0.2821 -0.2821 -0.2821 -0.2922 -0.2922 -0.2922 -0.2922 -0.2922 -0.2922 -0.2922 -0.3012 0.1991 0.1991 0.1351 -0.1186 
fb3 = -0.2530 -0.2723 -0.2723 -0.2723 -0.2723 -0.2723 -0.2723 -0.2723 -0.2821 -0.2821 -0.2821 -0.2821 -0.2821 -0.2821 -0.2821 -0.2922 -0.2922 -0.2922 -0.2922 -0.2922 -0.2922 -0.2922 -0.3012 0.1992 0.1992 0.1352 -0.1186 
fb4 = -0.2529 -0.2722 -0.2722 -0.2722 -0.2722 -0.2722 -0.2722 -0.2722 -0.2820 -0.2820 -0.2820 -0.2820 -0.2820 -0.2820 -0.2820 -0.2921 -0.2921 -0.2921 -0.2921 -0.2921 -0.2921 -0.2921 -0.3011 0.2026 0.2026 0.1371 -0.1185 
I = 14.9000 9.4000 9.4000 9.4000 9.4000 9.4000 9.4000 9.4000 6.0000 6.0000 6.0000 6.0000 6.0000 6.0000 6.0000 2.0000 2.0000 2.0000 2.0000 2.0000 2.0000 2.0000 -2.0000 24.0000 24.0000 10.0000 -7.5036 
S1 = 0.0000 0.0000 0.0000 0.0000 0.0000 0.0000 0.0000 0.0000 0.0000 0.0000 0.0000 0.0000 0.0000 0.0000 0.0000 0.0000 0.0000 0.0000 0.0000 0.0000 0.0000 0.0000 0.0000 0.0000 0.0000 0.0000 0.0000 
S2 = 0.0000 0.0000 0.0000 0.0000 0.0000 0.0000 0.0000 0.0000 0.0000 0.0000 0.0000 0.0000 0.0000 0.0000 0.0000 0.0000 0.0000 0.0000 0.0000 0.0000 0.0000 0.0000 0.0000 0.0000 0.0000 0.0000 3.4964 
u = 9.2594 9.2277 9.2277 9.2277 9.2277 9.2277 9.2277 9.2277 9.2101 9.2101 9.2101 9.2101 9.2101 9.2101 9.2101 9.1910 9.1910 9.1910 9.1910 9.1910 9.1910 9.1910 9.1731 9.9412 9.9412 10.5985 9.6621 
v = 29.3778 24.2317 24.2317 24.2317 24.2317 24.2317 24.2317 24.2317 21.6056 21.6056 21.6056 21.6056 21.6056 21.6056 21.6056 18.8812 18.8812 18.8812 18.8812 18.8812 18.8812 18.8812 16.4513 100.3659 100.3659 87.2789 18.6766 
