ExternalI = 5.5000 0.0000 0.0000 0.0000 0.0000 0.0000 0.0000 0.0000 4.0000 4.0000 4.0000 4.0000 4.0000 4.0000 4.0000 0.0000 0.0000 0.0000 0.0000 0.0000 0.0000 0.0000 0.0000 8.0000 8.0000 0.0000 0.0000 
before u = 9.2594 9.2277 9.2277 9.2277 9.2277 9.2277 9.2277 9.2277 9.2101 9.2101 9.2101 9.2101 9.2101 9.2101 9.2101 9.1910 9.1910 9.1910 9.1910 9.1910 9.1910 9.1910 9.1731 9.9412 9.9412 10.5985 9.6621 
before v = 29.3778 24.2317 24.2317 24.2317 24.2317 24.2317 24.2317 24.2317 21.6056 21.6056 21.6056 21.6056 21.6056 21.6056 21.6056 18.8812 18.8812 18.8812 18.8812 18.8812 18.8812 18.8812 16.4513 100.3659 100.3659 87.2789 18.6766 
Ibias = 9.4000 9.4000 9.4000 9.4000 9.4000 9.4000 9.4000 9.4000 2.0000 2.0000 2.0000 2.0000 2.0000 2.0000 2.0000 2.0000 2.0000 2.0000 2.0000 2.0000 2.0000 2.0000 -2.0000 16.0000 16.0000 10.0000 -11.0000 
fa1 = 2.0295 0.9642 0.9642 0.9642 0.9642 0.9642 0.9642 0.9642 0.6452 0.6452 0.6452 0.6452 0.6452 0.6452 0.6452 0.4254 0.4254 0.4254 0.4254 0.4254 0.4254 0.4254 0.2987 175.8935 175.8935 102.2689 0.7501 
fa2 = 2.0241 0.9604 0.9604 0.9604 0.9604 0.9604 0.9604 0.9604 0.6425 0.6425 0.6425 0.6425 0.6425 0.6425 0.6425 0.4237 0.4237 0.4237 0.4237 0.4237 0.4237 0.4237 0.2977 180.3465 180.3465 104.3150 0.7450 
fa3 = 2.0242 0.9604 0.9604 0.9604 0.9604 0.9604 0.9604 0.9604 0.6425 0.6425 0.6425 0.6425 0.6425 0.6425 0.6425 0.4237 0.4237 0.4237 0.4237 0.4237 0.4237 0.4237 0.2977 180.4600 180.4600 104.3562 0.7451 
fa4 = 2.0189 0.9567 0.9567 0.9567 0.9567 0.9567 0.9567 0.9567 0.6398 0.6398 0.6398 0.6398 0.6398 0.6398 0.6398 0.4220 0.4220 0.4220 0.4220 0.4220 0.4220 0.4220 0.2967 185.0975 185.0975 106.4668 0.7400 
fb1 = -0.2529 -0.2722 -0.2722 -0.2722 -0.2722 -0.2722 -0.2722 -0.2722 -0.2820 -0.2820 -0.2820 -0.2820 -0.2820 -0.2820 -0.2820 -0.2921 -0.2921 -0.2921 -0.2921 -0.2921 -0.2921 -0.2921 -0.3011 0.2026 0.2026 0.1371 -0.1185 
fb2 = -0.2528 -0.2721 -0.2721 -0.2721 -0.2721 -0.2721 -0.2721 -0.2721 -0.2819 -0.2819 -0.2819 -0.2819 -0.2819 -0.2819 -0.2819 -0.2920 -0.2920 -0.2920 -0.2920 -0.2920 -0.2920 -0.2920 -0.3011 0.2061 0.2061 0.1392 -0.1185 
fb3 = -0.2528 -0.2721 -0.2721 -0.2721 -0.2721 -0.2721 -0.2721 -0.2721 -0.2819 -0.2819 -0.2819 -0.2819 -0.2819 -0.2819 -0.2819 -0.2920 -0.2920 -0.2920 -0.2920 -0.2920 -0.2920 -0.2920 -0.3011 0.2062 0.2062 0.1392 -0.1185 
fb4 = -0.2527 -0.2720 -0.2720 -0.2720 -0.2720 -0.2720 -0.2720 -0.2720 -0.2818 -0.2818 -0.2818 -0.2818 -0.2818 -0.2818 -0.2818 -0.2920 -0.2920 -0.2920 -0.2920 -0.2920 -0.2920 -0.2920 -0.3010 0.2098 0.2098 0.1413 -0.1185 
I = 14.9000 9.4000 9.4000 9.4000 9.4000 9.4000 9.4000 9.4000 6.0000 6.0000 6.0000 6.0000 6.0000 6.0000 6.0000 2.0000 2.0000 2.0000 2.0000 2.0000 2.0000 2.0000 -2.0000 24.0000 24.0000 10.0000 -7.5106 
S1 = 0.0000 0.0000 0.0000 0.0000 0.0000 0.0000 0.0000 0.0000 0.0000 0.0000 0.0000 0.0000 0.0000 0.0000 0.0000 0.0000 0.0000 0.0000 0.0000 0.0000 0.0000 0.0000 0.0000 0.0000 0.0000 0.0000 0.0000 
S2 = 0.0000 0.0000 0.0000 0.0000 0.0000 0.0000 0.0000 0.0000 0.0000 0.0000 0.0000 0.0000 0.0000 0.0000 0.0000 0.0000 0.0000 0.0000 0.0000 0.0000 0.0000 0.0000 0.0000 0.0000 0.0000 0.0000 3.4894 
u = 9.2568 9.2250 9.2250 9.2250 9.2250 9.2250 9.2250 9.2250 9.2073 9.2073 9.2073 9.2073 9.2073 9.2073 9.2073 9.1881 9.1881 9.1881 9.1881 9.1881 9.1881 9.1881 9.1701 9.9432 9.9432 10.5999 9.6609 
v = 29.3980 24.2413 24.2413 24.2413 24.2413 24.2413 24.2413 24.2413 21.6120 21.6120 21.6120 21.6120 21.6120 21.6120 21.6120 18.8854 18.8854 18.8854 18.8854 18.8854 18.8854 18.8854 16.4543 102.1702 102.1702 88.3223 18.6841 
