ExternalI = 5.5000 0.0000 0.0000 0.0000 0.0000 0.0000 0.0000 0.0000 4.0000 4.0000 4.0000 4.0000 4.0000 4.0000 4.0000 0.0000 0.0000 0.0000 0.0000 0.0000 0.0000 0.0000 0.0000 8.0000 8.0000 0.0000 0.0000 
before u = 9.2568 9.2250 9.2250 9.2250 9.2250 9.2250 9.2250 9.2250 9.2073 9.2073 9.2073 9.2073 9.2073 9.2073 9.2073 9.1881 9.1881 9.1881 9.1881 9.1881 9.1881 9.1881 9.1701 9.9432 9.9432 10.5999 9.6609 
before v = 29.3980 24.2413 24.2413 24.2413 24.2413 24.2413 24.2413 24.2413 21.6120 21.6120 21.6120 21.6120 21.6120 21.6120 21.6120 18.8854 18.8854 18.8854 18.8854 18.8854 18.8854 18.8854 16.4543 102.1702 102.1702 88.3223 18.6841 
Ibias = 9.4000 9.4000 9.4000 9.4000 9.4000 9.4000 9.4000 9.4000 2.0000 2.0000 2.0000 2.0000 2.0000 2.0000 2.0000 2.0000 2.0000 2.0000 2.0000 2.0000 2.0000 2.0000 -2.0000 16.0000 16.0000 10.0000 -11.0000 
fa1 = 2.0189 0.9567 0.9567 0.9567 0.9567 0.9567 0.9567 0.9567 0.6398 0.6398 0.6398 0.6398 0.6398 0.6398 0.6398 0.4220 0.4220 0.4220 0.4220 0.4220 0.4220 0.4220 0.2967 185.0961 185.0961 106.4664 0.7331 
fa2 = 2.0136 0.9530 0.9530 0.9530 0.9530 0.9530 0.9530 0.9530 0.6372 0.6372 0.6372 0.6372 0.6372 0.6372 0.6372 0.4203 0.4203 0.4203 0.4203 0.4203 0.4203 0.4203 0.2957 189.9174 189.9174 108.6414 0.7281 
fa3 = 2.0136 0.9530 0.9530 0.9530 0.9530 0.9530 0.9530 0.9530 0.6372 0.6372 0.6372 0.6372 0.6372 0.6372 0.6372 0.4204 0.4204 0.4204 0.4204 0.4204 0.4204 0.4204 0.2957 190.0440 190.0440 108.6861 0.7282 
fa4 = 2.0083 0.9493 0.9493 0.9493 0.9493 0.9493 0.9493 0.9493 0.6345 0.6345 0.6345 0.6345 0.6345 0.6345 0.6345 0.4187 0.4187 0.4187 0.4187 0.4187 0.4187 0.4187 0.2948 195.0706 195.0706 110.9312 0.7233 
fb1 = -0.2527 -0.2720 -0.2720 -0.2720 -0.2720 -0.2720 -0.2720 -0.2720 -0.2818 -0.2818 -0.2818 -0.2818 -0.2818 -0.2818 -0.2818 -0.2920 -0.2920 -0.2920 -0.2920 -0.2920 -0.2920 -0.2920 -0.3010 0.2098 0.2098 0.1413 -0.1185 
fb2 = -0.2526 -0.2720 -0.2720 -0.2720 -0.2720 -0.2720 -0.2720 -0.2720 -0.2818 -0.2818 -0.2818 -0.2818 -0.2818 -0.2818 -0.2818 -0.2919 -0.2919 -0.2919 -0.2919 -0.2919 -0.2919 -0.2919 -0.3009 0.2135 0.2135 0.1434 -0.1185 
fb3 = -0.2526 -0.2720 -0.2720 -0.2720 -0.2720 -0.2720 -0.2720 -0.2720 -0.2818 -0.2818 -0.2818 -0.2818 -0.2818 -0.2818 -0.2818 -0.2919 -0.2919 -0.2919 -0.2919 -0.2919 -0.2919 -0.2919 -0.3009 0.2136 0.2136 0.1435 -0.1185 
fb4 = -0.2525 -0.2719 -0.2719 -0.2719 -0.2719 -0.2719 -0.2719 -0.2719 -0.2817 -0.2817 -0.2817 -0.2817 -0.2817 -0.2817 -0.2817 -0.2918 -0.2918 -0.2918 -0.2918 -0.2918 -0.2918 -0.2918 -0.3009 0.2174 0.2174 0.1456 -0.1184 
I = 14.9000 9.4000 9.4000 9.4000 9.4000 9.4000 9.4000 9.4000 6.0000 6.0000 6.0000 6.0000 6.0000 6.0000 6.0000 2.0000 2.0000 2.0000 2.0000 2.0000 2.0000 2.0000 -2.0000 24.0000 24.0000 10.0000 -7.5176 
S1 = 0.0000 0.0000 0.0000 0.0000 0.0000 0.0000 0.0000 0.0000 0.0000 0.0000 0.0000 0.0000 0.0000 0.0000 0.0000 0.0000 0.0000 0.0000 0.0000 0.0000 0.0000 0.0000 0.0000 0.0000 0.0000 0.0000 0.0000 
S2 = 0.0000 0.0000 0.0000 0.0000 0.0000 0.0000 0.0000 0.0000 0.0000 0.0000 0.0000 0.0000 0.0000 0.0000 0.0000 0.0000 0.0000 0.0000 0.0000 0.0000 0.0000 0.0000 0.0000 0.0000 0.0000 0.0000 3.4824 
u = 9.2543 9.2223 9.2223 9.2223 9.2223 9.2223 9.2223 9.2223 9.2045 9.2045 9.2045 9.2045 9.2045 9.2045 9.2045 9.1851 9.1851 9.1851 9.1851 9.1851 9.1851 9.1851 9.1671 9.9454 9.9454 10.6013 9.6597 
v = 29.4181 24.2509 24.2509 24.2509 24.2509 24.2509 24.2509 24.2509 21.6184 21.6184 21.6184 21.6184 21.6184 21.6184 21.6184 18.8896 18.8896 18.8896 18.8896 18.8896 18.8896 18.8896 16.4573 104.0703 104.0703 89.4091 18.6914 
