ExternalI = 5.5000 0.0000 0.0000 0.0000 0.0000 0.0000 0.0000 0.0000 4.0000 4.0000 4.0000 4.0000 4.0000 4.0000 4.0000 0.0000 0.0000 0.0000 0.0000 0.0000 0.0000 0.0000 0.0000 8.0000 8.0000 0.0000 0.0000 
before u = 9.2543 9.2223 9.2223 9.2223 9.2223 9.2223 9.2223 9.2223 9.2045 9.2045 9.2045 9.2045 9.2045 9.2045 9.2045 9.1851 9.1851 9.1851 9.1851 9.1851 9.1851 9.1851 9.1671 9.9454 9.9454 10.6013 9.6597 
before v = 29.4181 24.2509 24.2509 24.2509 24.2509 24.2509 24.2509 24.2509 21.6184 21.6184 21.6184 21.6184 21.6184 21.6184 21.6184 18.8896 18.8896 18.8896 18.8896 18.8896 18.8896 18.8896 16.4573 104.0703 104.0703 89.4091 18.6914 
Ibias = 9.4000 9.4000 9.4000 9.4000 9.4000 9.4000 9.4000 9.4000 2.0000 2.0000 2.0000 2.0000 2.0000 2.0000 2.0000 2.0000 2.0000 2.0000 2.0000 2.0000 2.0000 2.0000 -2.0000 16.0000 16.0000 10.0000 -11.0000 
fa1 = 2.0083 0.9493 0.9493 0.9493 0.9493 0.9493 0.9493 0.9493 0.6345 0.6345 0.6345 0.6345 0.6345 0.6345 0.6345 0.4187 0.4187 0.4187 0.4187 0.4187 0.4187 0.4187 0.2948 195.0691 195.0691 110.9308 0.7163 
fa2 = 2.0031 0.9456 0.9456 0.9456 0.9456 0.9456 0.9456 0.9456 0.6319 0.6319 0.6319 0.6319 0.6319 0.6319 0.6319 0.4170 0.4170 0.4170 0.4170 0.4170 0.4170 0.4170 0.2938 200.3004 200.3004 113.2457 0.7115 
fa3 = 2.0031 0.9457 0.9457 0.9457 0.9457 0.9457 0.9457 0.9457 0.6319 0.6319 0.6319 0.6319 0.6319 0.6319 0.6319 0.4170 0.4170 0.4170 0.4170 0.4170 0.4170 0.4170 0.2938 200.4417 200.4417 113.2942 0.7116 
fa4 = 1.9979 0.9420 0.9420 0.9420 0.9420 0.9420 0.9420 0.9420 0.6293 0.6293 0.6293 0.6293 0.6293 0.6293 0.6293 0.4154 0.4154 0.4154 0.4154 0.4154 0.4154 0.4154 0.2928 205.9024 205.9024 115.6854 0.7068 
fb1 = -0.2525 -0.2719 -0.2719 -0.2719 -0.2719 -0.2719 -0.2719 -0.2719 -0.2817 -0.2817 -0.2817 -0.2817 -0.2817 -0.2817 -0.2817 -0.2918 -0.2918 -0.2918 -0.2918 -0.2918 -0.2918 -0.2918 -0.3009 0.2174 0.2174 0.1456 -0.1184 
fb2 = -0.2524 -0.2718 -0.2718 -0.2718 -0.2718 -0.2718 -0.2718 -0.2718 -0.2816 -0.2816 -0.2816 -0.2816 -0.2816 -0.2816 -0.2816 -0.2918 -0.2918 -0.2918 -0.2918 -0.2918 -0.2918 -0.2918 -0.3008 0.2213 0.2213 0.1478 -0.1184 
fb3 = -0.2524 -0.2718 -0.2718 -0.2718 -0.2718 -0.2718 -0.2718 -0.2718 -0.2816 -0.2816 -0.2816 -0.2816 -0.2816 -0.2816 -0.2816 -0.2918 -0.2918 -0.2918 -0.2918 -0.2918 -0.2918 -0.2918 -0.3008 0.2214 0.2214 0.1479 -0.1184 
fb4 = -0.2523 -0.2717 -0.2717 -0.2717 -0.2717 -0.2717 -0.2717 -0.2717 -0.2816 -0.2816 -0.2816 -0.2816 -0.2816 -0.2816 -0.2816 -0.2917 -0.2917 -0.2917 -0.2917 -0.2917 -0.2917 -0.2917 -0.3007 0.2253 0.2253 0.1501 -0.1184 
I = 14.9000 9.4000 9.4000 9.4000 9.4000 9.4000 9.4000 9.4000 6.0000 6.0000 6.0000 6.0000 6.0000 6.0000 6.0000 2.0000 2.0000 2.0000 2.0000 2.0000 2.0000 2.0000 -2.0000 24.0000 24.0000 10.0000 -7.5246 
S1 = 0.0000 0.0000 0.0000 0.0000 0.0000 0.0000 0.0000 0.0000 0.0000 0.0000 0.0000 0.0000 0.0000 0.0000 0.0000 0.0000 0.0000 0.0000 0.0000 0.0000 0.0000 0.0000 0.0000 0.0000 0.0000 0.0000 0.0000 
S2 = 0.0000 0.0000 0.0000 0.0000 0.0000 0.0000 0.0000 0.0000 0.0000 0.0000 0.0000 0.0000 0.0000 0.0000 0.0000 0.0000 0.0000 0.0000 0.0000 0.0000 0.0000 0.0000 0.0000 0.0000 0.0000 0.0000 3.4754 
u = 9.2518 9.2196 9.2196 9.2196 9.2196 9.2196 9.2196 9.2196 9.2017 9.2017 9.2017 9.2017 9.2017 9.2017 9.2017 9.1822 9.1822 9.1822 9.1822 9.1822 9.1822 9.1822 9.1641 9.9476 9.9476 10.6028 9.6585 
v = 29.4382 24.2603 24.2603 24.2603 24.2603 24.2603 24.2603 24.2603 21.6247 21.6247 21.6247 21.6247 21.6247 21.6247 21.6247 18.8938 18.8938 18.8938 18.8938 18.8938 18.8938 18.8938 16.4602 106.0744 106.0744 90.5419 18.6985 
