ExternalI = 5.5000 0.0000 0.0000 0.0000 0.0000 0.0000 0.0000 0.0000 4.0000 4.0000 4.0000 4.0000 4.0000 4.0000 4.0000 0.0000 0.0000 0.0000 0.0000 0.0000 0.0000 0.0000 0.0000 8.0000 8.0000 0.0000 0.0000 
before u = 9.2518 9.2196 9.2196 9.2196 9.2196 9.2196 9.2196 9.2196 9.2017 9.2017 9.2017 9.2017 9.2017 9.2017 9.2017 9.1822 9.1822 9.1822 9.1822 9.1822 9.1822 9.1822 9.1641 9.9476 9.9476 10.6028 9.6585 
before v = 29.4382 24.2603 24.2603 24.2603 24.2603 24.2603 24.2603 24.2603 21.6247 21.6247 21.6247 21.6247 21.6247 21.6247 21.6247 18.8938 18.8938 18.8938 18.8938 18.8938 18.8938 18.8938 16.4602 106.0744 106.0744 90.5419 18.6985 
Ibias = 9.4000 9.4000 9.4000 9.4000 9.4000 9.4000 9.4000 9.4000 2.0000 2.0000 2.0000 2.0000 2.0000 2.0000 2.0000 2.0000 2.0000 2.0000 2.0000 2.0000 2.0000 2.0000 -2.0000 16.0000 16.0000 10.0000 -11.0000 
fa1 = 1.9979 0.9420 0.9420 0.9420 0.9420 0.9420 0.9420 0.9420 0.6293 0.6293 0.6293 0.6293 0.6293 0.6293 0.6293 0.4154 0.4154 0.4154 0.4154 0.4154 0.4154 0.4154 0.2928 205.9006 205.9006 115.6849 0.6998 
fa2 = 1.9928 0.9384 0.9384 0.9384 0.9384 0.9384 0.9384 0.9384 0.6267 0.6267 0.6267 0.6267 0.6267 0.6267 0.6267 0.4138 0.4138 0.4138 0.4138 0.4138 0.4138 0.4138 0.2919 211.5896 211.5896 118.1520 0.6952 
fa3 = 1.9928 0.9384 0.9384 0.9384 0.9384 0.9384 0.9384 0.9384 0.6268 0.6268 0.6268 0.6268 0.6268 0.6268 0.6268 0.4138 0.4138 0.4138 0.4138 0.4138 0.4138 0.4138 0.2919 211.7481 211.7481 118.2049 0.6952 
fa4 = 1.9876 0.9348 0.9348 0.9348 0.9348 0.9348 0.9348 0.9348 0.6242 0.6242 0.6242 0.6242 0.6242 0.6242 0.6242 0.4122 0.4122 0.4122 0.4122 0.4122 0.4122 0.4122 0.2909 217.6940 217.6940 120.7552 0.6906 
fb1 = -0.2523 -0.2717 -0.2717 -0.2717 -0.2717 -0.2717 -0.2717 -0.2717 -0.2816 -0.2816 -0.2816 -0.2816 -0.2816 -0.2816 -0.2816 -0.2917 -0.2917 -0.2917 -0.2917 -0.2917 -0.2917 -0.2917 -0.3007 0.2253 0.2253 0.1501 -0.1184 
fb2 = -0.2522 -0.2717 -0.2717 -0.2717 -0.2717 -0.2717 -0.2717 -0.2717 -0.2815 -0.2815 -0.2815 -0.2815 -0.2815 -0.2815 -0.2815 -0.2916 -0.2916 -0.2916 -0.2916 -0.2916 -0.2916 -0.2916 -0.3007 0.2294 0.2294 0.1524 -0.1184 
fb3 = -0.2522 -0.2717 -0.2717 -0.2717 -0.2717 -0.2717 -0.2717 -0.2717 -0.2815 -0.2815 -0.2815 -0.2815 -0.2815 -0.2815 -0.2815 -0.2916 -0.2916 -0.2916 -0.2916 -0.2916 -0.2916 -0.2916 -0.3007 0.2296 0.2296 0.1525 -0.1184 
fb4 = -0.2521 -0.2716 -0.2716 -0.2716 -0.2716 -0.2716 -0.2716 -0.2716 -0.2814 -0.2814 -0.2814 -0.2814 -0.2814 -0.2814 -0.2814 -0.2916 -0.2916 -0.2916 -0.2916 -0.2916 -0.2916 -0.2916 -0.3006 0.2338 0.2338 0.1548 -0.1183 
I = 14.9000 9.4000 9.4000 9.4000 9.4000 9.4000 9.4000 9.4000 6.0000 6.0000 6.0000 6.0000 6.0000 6.0000 6.0000 2.0000 2.0000 2.0000 2.0000 2.0000 2.0000 2.0000 -2.0000 24.0000 24.0000 10.0000 -7.5315 
S1 = 0.0000 0.0000 0.0000 0.0000 0.0000 0.0000 0.0000 0.0000 0.0000 0.0000 0.0000 0.0000 0.0000 0.0000 0.0000 0.0000 0.0000 0.0000 0.0000 0.0000 0.0000 0.0000 0.0000 0.0000 0.0000 0.0000 0.0000 
S2 = 0.0000 0.0000 0.0000 0.0000 0.0000 0.0000 0.0000 0.0000 0.0000 0.0000 0.0000 0.0000 0.0000 0.0000 0.0000 0.0000 0.0000 0.0000 0.0000 0.0000 0.0000 0.0000 0.0000 0.0000 0.0000 0.0000 3.4685 
u = 9.2493 9.2168 9.2168 9.2168 9.2168 9.2168 9.2168 9.2168 9.1989 9.1989 9.1989 9.1989 9.1989 9.1989 9.1989 9.1793 9.1793 9.1793 9.1793 9.1793 9.1793 9.1793 9.1611 9.9499 9.9499 10.6043 9.6573 
v = 29.4581 24.2697 24.2697 24.2697 24.2697 24.2697 24.2697 24.2697 21.6310 21.6310 21.6310 21.6310 21.6310 21.6310 21.6310 18.8979 18.8979 18.8979 18.8979 18.8979 18.8979 18.8979 16.4631 108.1916 108.1916 91.7238 18.7054 
