ExternalI = 5.5000 0.0000 0.0000 0.0000 0.0000 0.0000 0.0000 0.0000 4.0000 4.0000 4.0000 4.0000 4.0000 4.0000 4.0000 0.0000 0.0000 0.0000 0.0000 0.0000 0.0000 0.0000 0.0000 8.0000 8.0000 0.0000 0.0000 
before u = 9.2493 9.2168 9.2168 9.2168 9.2168 9.2168 9.2168 9.2168 9.1989 9.1989 9.1989 9.1989 9.1989 9.1989 9.1989 9.1793 9.1793 9.1793 9.1793 9.1793 9.1793 9.1793 9.1611 9.9499 9.9499 10.6043 9.6573 
before v = 29.4581 24.2697 24.2697 24.2697 24.2697 24.2697 24.2697 24.2697 21.6310 21.6310 21.6310 21.6310 21.6310 21.6310 21.6310 18.8979 18.8979 18.8979 18.8979 18.8979 18.8979 18.8979 16.4631 108.1916 108.1916 91.7238 18.7054 
Ibias = 9.4000 9.4000 9.4000 9.4000 9.4000 9.4000 9.4000 9.4000 2.0000 2.0000 2.0000 2.0000 2.0000 2.0000 2.0000 2.0000 2.0000 2.0000 2.0000 2.0000 2.0000 2.0000 -2.0000 16.0000 16.0000 10.0000 -11.0000 
fa1 = 1.9876 0.9348 0.9348 0.9348 0.9348 0.9348 0.9348 0.9348 0.6242 0.6242 0.6242 0.6242 0.6242 0.6242 0.6242 0.4122 0.4122 0.4122 0.4122 0.4122 0.4122 0.4122 0.2909 217.6920 217.6920 120.7546 0.6836 
fa2 = 1.9825 0.9312 0.9312 0.9312 0.9312 0.9312 0.9312 0.9312 0.6216 0.6216 0.6216 0.6216 0.6216 0.6216 0.6216 0.4105 0.4105 0.4105 0.4105 0.4105 0.4105 0.4105 0.2900 223.8938 223.8938 123.3875 0.6791 
fa3 = 1.9825 0.9312 0.9312 0.9312 0.9312 0.9312 0.9312 0.9312 0.6217 0.6217 0.6217 0.6217 0.6217 0.6217 0.6217 0.4106 0.4106 0.4106 0.4106 0.4106 0.4106 0.4106 0.2900 224.0719 224.0719 123.4453 0.6791 
fa4 = 1.9774 0.9277 0.9277 0.9277 0.9277 0.9277 0.9277 0.9277 0.6191 0.6191 0.6191 0.6191 0.6191 0.6191 0.6191 0.4090 0.4090 0.4090 0.4090 0.4090 0.4090 0.4090 0.2890 230.5624 230.5624 126.1689 0.6746 
fb1 = -0.2521 -0.2716 -0.2716 -0.2716 -0.2716 -0.2716 -0.2716 -0.2716 -0.2814 -0.2814 -0.2814 -0.2814 -0.2814 -0.2814 -0.2814 -0.2916 -0.2916 -0.2916 -0.2916 -0.2916 -0.2916 -0.2916 -0.3006 0.2338 0.2338 0.1548 -0.1183 
fb2 = -0.2520 -0.2715 -0.2715 -0.2715 -0.2715 -0.2715 -0.2715 -0.2715 -0.2814 -0.2814 -0.2814 -0.2814 -0.2814 -0.2814 -0.2814 -0.2915 -0.2915 -0.2915 -0.2915 -0.2915 -0.2915 -0.2915 -0.3005 0.2381 0.2381 0.1572 -0.1183 
fb3 = -0.2520 -0.2715 -0.2715 -0.2715 -0.2715 -0.2715 -0.2715 -0.2715 -0.2814 -0.2814 -0.2814 -0.2814 -0.2814 -0.2814 -0.2814 -0.2915 -0.2915 -0.2915 -0.2915 -0.2915 -0.2915 -0.2915 -0.3005 0.2382 0.2382 0.1573 -0.1183 
fb4 = -0.2520 -0.2714 -0.2714 -0.2714 -0.2714 -0.2714 -0.2714 -0.2714 -0.2813 -0.2813 -0.2813 -0.2813 -0.2813 -0.2813 -0.2813 -0.2914 -0.2914 -0.2914 -0.2914 -0.2914 -0.2914 -0.2914 -0.3005 0.2427 0.2427 0.1597 -0.1183 
I = 14.9000 9.4000 9.4000 9.4000 9.4000 9.4000 9.4000 9.4000 6.0000 6.0000 6.0000 6.0000 6.0000 6.0000 6.0000 2.0000 2.0000 2.0000 2.0000 2.0000 2.0000 2.0000 -2.0000 24.0000 24.0000 10.0000 -7.5385 
S1 = 0.0000 0.0000 0.0000 0.0000 0.0000 0.0000 0.0000 0.0000 0.0000 0.0000 0.0000 0.0000 0.0000 0.0000 0.0000 0.0000 0.0000 0.0000 0.0000 0.0000 0.0000 0.0000 0.0000 0.0000 0.0000 0.0000 0.0000 
S2 = 0.0000 0.0000 0.0000 0.0000 0.0000 0.0000 0.0000 0.0000 0.0000 0.0000 0.0000 0.0000 0.0000 0.0000 0.0000 0.0000 0.0000 0.0000 0.0000 0.0000 0.0000 0.0000 0.0000 0.0000 0.0000 0.0000 3.4615 
u = 9.2468 9.2141 9.2141 9.2141 9.2141 9.2141 9.2141 9.2141 9.1961 9.1961 9.1961 9.1961 9.1961 9.1961 9.1961 9.1764 9.1764 9.1764 9.1764 9.1764 9.1764 9.1764 9.1581 9.9523 9.9523 10.6059 9.6561 
v = 29.4779 24.2790 24.2790 24.2790 24.2790 24.2790 24.2790 24.2790 21.6372 21.6372 21.6372 21.6372 21.6372 21.6372 21.6372 18.9020 18.9020 18.9020 18.9020 18.9020 18.9020 18.9020 16.4660 110.4319 110.4319 92.9581 18.7122 
