ExternalI = 5.5000 0.0000 0.0000 0.0000 0.0000 0.0000 0.0000 0.0000 4.0000 4.0000 4.0000 4.0000 4.0000 4.0000 4.0000 0.0000 0.0000 0.0000 0.0000 0.0000 0.0000 0.0000 0.0000 8.0000 8.0000 0.0000 0.0000 
before u = 9.2468 9.2141 9.2141 9.2141 9.2141 9.2141 9.2141 9.2141 9.1961 9.1961 9.1961 9.1961 9.1961 9.1961 9.1961 9.1764 9.1764 9.1764 9.1764 9.1764 9.1764 9.1764 9.1581 9.9523 9.9523 10.6059 9.6561 
before v = 29.4779 24.2790 24.2790 24.2790 24.2790 24.2790 24.2790 24.2790 21.6372 21.6372 21.6372 21.6372 21.6372 21.6372 21.6372 18.9020 18.9020 18.9020 18.9020 18.9020 18.9020 18.9020 16.4660 110.4319 110.4319 92.9581 18.7122 
Ibias = 9.4000 9.4000 9.4000 9.4000 9.4000 9.4000 9.4000 9.4000 2.0000 2.0000 2.0000 2.0000 2.0000 2.0000 2.0000 2.0000 2.0000 2.0000 2.0000 2.0000 2.0000 2.0000 -2.0000 16.0000 16.0000 10.0000 -11.0000 
fa1 = 1.9774 0.9277 0.9277 0.9277 0.9277 0.9277 0.9277 0.9277 0.6191 0.6191 0.6191 0.6191 0.6191 0.6191 0.6191 0.4090 0.4090 0.4090 0.4090 0.4090 0.4090 0.4090 0.2890 230.5600 230.5600 126.1683 0.6677 
fa2 = 1.9723 0.9241 0.9241 0.9241 0.9241 0.9241 0.9241 0.9241 0.6166 0.6166 0.6166 0.6166 0.6166 0.6166 0.6166 0.4074 0.4074 0.4074 0.4074 0.4074 0.4074 0.4074 0.2881 237.3380 237.3380 128.9823 0.6633 
fa3 = 1.9723 0.9241 0.9241 0.9241 0.9241 0.9241 0.9241 0.9241 0.6166 0.6166 0.6166 0.6166 0.6166 0.6166 0.6166 0.4074 0.4074 0.4074 0.4074 0.4074 0.4074 0.4074 0.2881 237.5389 237.5389 129.0454 0.6633 
fa4 = 1.9673 0.9206 0.9206 0.9206 0.9206 0.9206 0.9206 0.9206 0.6141 0.6141 0.6141 0.6141 0.6141 0.6141 0.6141 0.4058 0.4058 0.4058 0.4058 0.4058 0.4058 0.4058 0.2872 244.6426 244.6426 131.9586 0.6589 
fb1 = -0.2520 -0.2714 -0.2714 -0.2714 -0.2714 -0.2714 -0.2714 -0.2714 -0.2813 -0.2813 -0.2813 -0.2813 -0.2813 -0.2813 -0.2813 -0.2914 -0.2914 -0.2914 -0.2914 -0.2914 -0.2914 -0.2914 -0.3005 0.2427 0.2427 0.1597 -0.1183 
fb2 = -0.2519 -0.2714 -0.2714 -0.2714 -0.2714 -0.2714 -0.2714 -0.2714 -0.2812 -0.2812 -0.2812 -0.2812 -0.2812 -0.2812 -0.2812 -0.2914 -0.2914 -0.2914 -0.2914 -0.2914 -0.2914 -0.2914 -0.3004 0.2473 0.2473 0.1622 -0.1182 
fb3 = -0.2519 -0.2714 -0.2714 -0.2714 -0.2714 -0.2714 -0.2714 -0.2714 -0.2812 -0.2812 -0.2812 -0.2812 -0.2812 -0.2812 -0.2812 -0.2914 -0.2914 -0.2914 -0.2914 -0.2914 -0.2914 -0.2914 -0.3004 0.2474 0.2474 0.1623 -0.1182 
fb4 = -0.2518 -0.2713 -0.2713 -0.2713 -0.2713 -0.2713 -0.2713 -0.2713 -0.2812 -0.2812 -0.2812 -0.2812 -0.2812 -0.2812 -0.2812 -0.2913 -0.2913 -0.2913 -0.2913 -0.2913 -0.2913 -0.2913 -0.3003 0.2521 0.2521 0.1648 -0.1182 
I = 14.9000 9.4000 9.4000 9.4000 9.4000 9.4000 9.4000 9.4000 6.0000 6.0000 6.0000 6.0000 6.0000 6.0000 6.0000 2.0000 2.0000 2.0000 2.0000 2.0000 2.0000 2.0000 -2.0000 24.0000 24.0000 10.0000 -7.5454 
S1 = 0.0000 0.0000 0.0000 0.0000 0.0000 0.0000 0.0000 0.0000 0.0000 0.0000 0.0000 0.0000 0.0000 0.0000 0.0000 0.0000 0.0000 0.0000 0.0000 0.0000 0.0000 0.0000 0.0000 0.0000 0.0000 0.0000 0.0000 
S2 = 0.0000 0.0000 0.0000 0.0000 0.0000 0.0000 0.0000 0.0000 0.0000 0.0000 0.0000 0.0000 0.0000 0.0000 0.0000 0.0000 0.0000 0.0000 0.0000 0.0000 0.0000 0.0000 0.0000 0.0000 0.0000 0.0000 3.4546 
u = 9.2442 9.2114 9.2114 9.2114 9.2114 9.2114 9.2114 9.2114 9.1933 9.1933 9.1933 9.1933 9.1933 9.1933 9.1933 9.1735 9.1735 9.1735 9.1735 9.1735 9.1735 9.1735 9.1551 9.9547 9.9547 10.6075 9.6549 
v = 29.4976 24.2883 24.2883 24.2883 24.2883 24.2883 24.2883 24.2883 21.6433 21.6433 21.6433 21.6433 21.6433 21.6433 21.6433 18.9061 18.9061 18.9061 18.9061 18.9061 18.9061 18.9061 16.4689 112.8068 112.8068 94.2484 18.7189 
