ExternalI = 5.5000 0.0000 0.0000 0.0000 0.0000 0.0000 0.0000 0.0000 4.0000 4.0000 4.0000 4.0000 4.0000 4.0000 4.0000 0.0000 0.0000 0.0000 0.0000 0.0000 0.0000 0.0000 0.0000 8.0000 8.0000 0.0000 0.0000 
before u = 9.2442 9.2114 9.2114 9.2114 9.2114 9.2114 9.2114 9.2114 9.1933 9.1933 9.1933 9.1933 9.1933 9.1933 9.1933 9.1735 9.1735 9.1735 9.1735 9.1735 9.1735 9.1735 9.1551 9.9547 9.9547 10.6075 9.6549 
before v = 29.4976 24.2883 24.2883 24.2883 24.2883 24.2883 24.2883 24.2883 21.6433 21.6433 21.6433 21.6433 21.6433 21.6433 21.6433 18.9061 18.9061 18.9061 18.9061 18.9061 18.9061 18.9061 16.4689 112.8068 112.8068 94.2484 18.7189 
Ibias = 9.4000 9.4000 9.4000 9.4000 9.4000 9.4000 9.4000 9.4000 2.0000 2.0000 2.0000 2.0000 2.0000 2.0000 2.0000 2.0000 2.0000 2.0000 2.0000 2.0000 2.0000 2.0000 -2.0000 16.0000 16.0000 10.0000 -11.0000 
fa1 = 1.9673 0.9206 0.9206 0.9206 0.9206 0.9206 0.9206 0.9206 0.6141 0.6141 0.6141 0.6141 0.6141 0.6141 0.6141 0.4058 0.4058 0.4058 0.4058 0.4058 0.4058 0.4058 0.2872 244.6398 244.6398 131.9579 0.6520 
fa2 = 1.9622 0.9171 0.9171 0.9171 0.9171 0.9171 0.9171 0.9171 0.6116 0.6116 0.6116 0.6116 0.6116 0.6116 0.6116 0.4043 0.4043 0.4043 0.4043 0.4043 0.4043 0.4043 0.2863 252.0676 252.0676 134.9699 0.6477 
fa3 = 1.9623 0.9171 0.9171 0.9171 0.9171 0.9171 0.9171 0.9171 0.6116 0.6116 0.6116 0.6116 0.6116 0.6116 0.6116 0.4043 0.4043 0.4043 0.4043 0.4043 0.4043 0.4043 0.2863 252.2950 252.2950 135.0390 0.6477 
fa4 = 1.9572 0.9136 0.9136 0.9136 0.9136 0.9136 0.9136 0.9136 0.6092 0.6092 0.6092 0.6092 0.6092 0.6092 0.6092 0.4027 0.4027 0.4027 0.4027 0.4027 0.4027 0.4027 0.2854 260.0915 260.0915 138.1598 0.6434 
fb1 = -0.2518 -0.2713 -0.2713 -0.2713 -0.2713 -0.2713 -0.2713 -0.2713 -0.2812 -0.2812 -0.2812 -0.2812 -0.2812 -0.2812 -0.2812 -0.2913 -0.2913 -0.2913 -0.2913 -0.2913 -0.2913 -0.2913 -0.3003 0.2521 0.2521 0.1648 -0.1182 
fb2 = -0.2517 -0.2712 -0.2712 -0.2712 -0.2712 -0.2712 -0.2712 -0.2712 -0.2811 -0.2811 -0.2811 -0.2811 -0.2811 -0.2811 -0.2811 -0.2912 -0.2912 -0.2912 -0.2912 -0.2912 -0.2912 -0.2912 -0.3003 0.2570 0.2570 0.1675 -0.1182 
fb3 = -0.2517 -0.2712 -0.2712 -0.2712 -0.2712 -0.2712 -0.2712 -0.2712 -0.2811 -0.2811 -0.2811 -0.2811 -0.2811 -0.2811 -0.2811 -0.2912 -0.2912 -0.2912 -0.2912 -0.2912 -0.2912 -0.2912 -0.3003 0.2571 0.2571 0.1675 -0.1182 
fb4 = -0.2516 -0.2712 -0.2712 -0.2712 -0.2712 -0.2712 -0.2712 -0.2712 -0.2810 -0.2810 -0.2810 -0.2810 -0.2810 -0.2810 -0.2810 -0.2912 -0.2912 -0.2912 -0.2912 -0.2912 -0.2912 -0.2912 -0.3002 0.2622 0.2622 0.1702 -0.1182 
I = 14.9000 9.4000 9.4000 9.4000 9.4000 9.4000 9.4000 9.4000 6.0000 6.0000 6.0000 6.0000 6.0000 6.0000 6.0000 2.0000 2.0000 2.0000 2.0000 2.0000 2.0000 2.0000 -2.0000 24.0000 24.0000 10.0000 -7.5523 
S1 = 0.0000 0.0000 0.0000 0.0000 0.0000 0.0000 0.0000 0.0000 0.0000 0.0000 0.0000 0.0000 0.0000 0.0000 0.0000 0.0000 0.0000 0.0000 0.0000 0.0000 0.0000 0.0000 0.0000 0.0000 0.0000 0.0000 0.0000 
S2 = 0.0000 0.0000 0.0000 0.0000 0.0000 0.0000 0.0000 0.0000 0.0000 0.0000 0.0000 0.0000 0.0000 0.0000 0.0000 0.0000 0.0000 0.0000 0.0000 0.0000 0.0000 0.0000 0.0000 0.0000 0.0000 0.0000 3.4477 
u = 9.2417 9.2087 9.2087 9.2087 9.2087 9.2087 9.2087 9.2087 9.1904 9.1904 9.1904 9.1904 9.1904 9.1904 9.1904 9.1706 9.1706 9.1706 9.1706 9.1706 9.1706 9.1706 9.1521 9.9573 9.9573 10.6092 9.6538 
v = 29.5173 24.2974 24.2974 24.2974 24.2974 24.2974 24.2974 24.2974 21.6495 21.6495 21.6495 21.6495 21.6495 21.6495 21.6495 18.9102 18.9102 18.9102 18.9102 18.9102 18.9102 18.9102 16.4718 115.3292 115.3292 95.5987 18.7253 
