ExternalI = 5.5000 0.0000 0.0000 0.0000 0.0000 0.0000 0.0000 0.0000 4.0000 4.0000 4.0000 4.0000 4.0000 4.0000 4.0000 0.0000 0.0000 0.0000 0.0000 0.0000 0.0000 0.0000 0.0000 8.0000 8.0000 0.0000 0.0000 
before u = 9.2417 9.2087 9.2087 9.2087 9.2087 9.2087 9.2087 9.2087 9.1904 9.1904 9.1904 9.1904 9.1904 9.1904 9.1904 9.1706 9.1706 9.1706 9.1706 9.1706 9.1706 9.1706 9.1521 9.9573 9.9573 10.6092 9.6538 
before v = 29.5173 24.2974 24.2974 24.2974 24.2974 24.2974 24.2974 24.2974 21.6495 21.6495 21.6495 21.6495 21.6495 21.6495 21.6495 18.9102 18.9102 18.9102 18.9102 18.9102 18.9102 18.9102 16.4718 115.3292 115.3292 95.5987 18.7253 
Ibias = 9.4000 9.4000 9.4000 9.4000 9.4000 9.4000 9.4000 9.4000 2.0000 2.0000 2.0000 2.0000 2.0000 2.0000 2.0000 2.0000 2.0000 2.0000 2.0000 2.0000 2.0000 2.0000 -2.0000 16.0000 16.0000 10.0000 -11.0000 
fa1 = 1.9572 0.9136 0.9136 0.9136 0.9136 0.9136 0.9136 0.9136 0.6092 0.6092 0.6092 0.6092 0.6092 0.6092 0.6092 0.4027 0.4027 0.4027 0.4027 0.4027 0.4027 0.4027 0.2854 260.0882 260.0882 138.1590 0.6366 
fa2 = 1.9523 0.9102 0.9102 0.9102 0.9102 0.9102 0.9102 0.9102 0.6067 0.6067 0.6067 0.6067 0.6067 0.6067 0.6067 0.4012 0.4012 0.4012 0.4012 0.4012 0.4012 0.4012 0.2845 268.2515 268.2515 141.3880 0.6324 
fa3 = 1.9523 0.9102 0.9102 0.9102 0.9102 0.9102 0.9102 0.9102 0.6067 0.6067 0.6067 0.6067 0.6067 0.6067 0.6067 0.4012 0.4012 0.4012 0.4012 0.4012 0.4012 0.4012 0.2845 268.5100 268.5100 141.4639 0.6324 
fa4 = 1.9473 0.9067 0.9067 0.9067 0.9067 0.9067 0.9067 0.9067 0.6043 0.6043 0.6043 0.6043 0.6043 0.6043 0.6043 0.3997 0.3997 0.3997 0.3997 0.3997 0.3997 0.3997 0.2836 277.0923 277.0923 144.8124 0.6282 
fb1 = -0.2516 -0.2712 -0.2712 -0.2712 -0.2712 -0.2712 -0.2712 -0.2712 -0.2810 -0.2810 -0.2810 -0.2810 -0.2810 -0.2810 -0.2810 -0.2912 -0.2912 -0.2912 -0.2912 -0.2912 -0.2912 -0.2912 -0.3002 0.2622 0.2622 0.1702 -0.1182 
fb2 = -0.2515 -0.2711 -0.2711 -0.2711 -0.2711 -0.2711 -0.2711 -0.2711 -0.2810 -0.2810 -0.2810 -0.2810 -0.2810 -0.2810 -0.2810 -0.2911 -0.2911 -0.2911 -0.2911 -0.2911 -0.2911 -0.2911 -0.3001 0.2673 0.2673 0.1730 -0.1181 
fb3 = -0.2515 -0.2711 -0.2711 -0.2711 -0.2711 -0.2711 -0.2711 -0.2711 -0.2810 -0.2810 -0.2810 -0.2810 -0.2810 -0.2810 -0.2810 -0.2911 -0.2911 -0.2911 -0.2911 -0.2911 -0.2911 -0.2911 -0.3001 0.2675 0.2675 0.1730 -0.1181 
fb4 = -0.2514 -0.2710 -0.2710 -0.2710 -0.2710 -0.2710 -0.2710 -0.2710 -0.2809 -0.2809 -0.2809 -0.2809 -0.2809 -0.2809 -0.2809 -0.2910 -0.2910 -0.2910 -0.2910 -0.2910 -0.2910 -0.2910 -0.3001 0.2729 0.2729 0.1758 -0.1181 
I = 14.9000 9.4000 9.4000 9.4000 9.4000 9.4000 9.4000 9.4000 6.0000 6.0000 6.0000 6.0000 6.0000 6.0000 6.0000 2.0000 2.0000 2.0000 2.0000 2.0000 2.0000 2.0000 -2.0000 24.0000 24.0000 10.0000 -7.5592 
S1 = 0.0000 0.0000 0.0000 0.0000 0.0000 0.0000 0.0000 0.0000 0.0000 0.0000 0.0000 0.0000 0.0000 0.0000 0.0000 0.0000 0.0000 0.0000 0.0000 0.0000 0.0000 0.0000 0.0000 0.0000 0.0000 0.0000 0.0000 
S2 = 0.0000 0.0000 0.0000 0.0000 0.0000 0.0000 0.0000 0.0000 0.0000 0.0000 0.0000 0.0000 0.0000 0.0000 0.0000 0.0000 0.0000 0.0000 0.0000 0.0000 0.0000 0.0000 0.0000 0.0000 0.0000 0.0000 3.4408 
u = 9.2392 9.2060 9.2060 9.2060 9.2060 9.2060 9.2060 9.2060 9.1876 9.1876 9.1876 9.1876 9.1876 9.1876 9.1876 9.1677 9.1677 9.1677 9.1677 9.1677 9.1677 9.1677 9.1491 9.9600 9.9600 10.6109 9.6526 
v = 29.5368 24.3065 24.3065 24.3065 24.3065 24.3065 24.3065 24.3065 21.6555 21.6555 21.6555 21.6555 21.6555 21.6555 21.6555 18.9142 18.9142 18.9142 18.9142 18.9142 18.9142 18.9142 16.4746 118.0137 118.0137 97.0131 18.7317 
