ExternalI = 5.5000 0.0000 0.0000 0.0000 0.0000 0.0000 0.0000 0.0000 4.0000 4.0000 4.0000 4.0000 4.0000 4.0000 4.0000 0.0000 0.0000 0.0000 0.0000 0.0000 0.0000 0.0000 0.0000 8.0000 8.0000 0.0000 0.0000 
before u = 9.2392 9.2060 9.2060 9.2060 9.2060 9.2060 9.2060 9.2060 9.1876 9.1876 9.1876 9.1876 9.1876 9.1876 9.1876 9.1677 9.1677 9.1677 9.1677 9.1677 9.1677 9.1677 9.1491 9.9600 9.9600 10.6109 9.6526 
before v = 29.5368 24.3065 24.3065 24.3065 24.3065 24.3065 24.3065 24.3065 21.6555 21.6555 21.6555 21.6555 21.6555 21.6555 21.6555 18.9142 18.9142 18.9142 18.9142 18.9142 18.9142 18.9142 16.4746 118.0137 118.0137 97.0131 18.7317 
Ibias = 9.4000 9.4000 9.4000 9.4000 9.4000 9.4000 9.4000 9.4000 2.0000 2.0000 2.0000 2.0000 2.0000 2.0000 2.0000 2.0000 2.0000 2.0000 2.0000 2.0000 2.0000 2.0000 -2.0000 16.0000 16.0000 10.0000 -11.0000 
fa1 = 1.9473 0.9067 0.9067 0.9067 0.9067 0.9067 0.9067 0.9067 0.6043 0.6043 0.6043 0.6043 0.6043 0.6043 0.6043 0.3997 0.3997 0.3997 0.3997 0.3997 0.3997 0.3997 0.2836 277.0884 277.0884 144.8116 0.6214 
fa2 = 1.9424 0.9033 0.9033 0.9033 0.9033 0.9033 0.9033 0.9033 0.6018 0.6018 0.6018 0.6018 0.6018 0.6018 0.6018 0.3981 0.3981 0.3981 0.3981 0.3981 0.3981 0.3981 0.2827 286.0876 286.0876 148.2789 0.6173 
fa3 = 1.9424 0.9033 0.9033 0.9033 0.9033 0.9033 0.9033 0.9033 0.6019 0.6019 0.6019 0.6019 0.6019 0.6019 0.6019 0.3982 0.3982 0.3982 0.3982 0.3982 0.3982 0.3982 0.2827 286.3825 286.3825 148.3625 0.6173 
fa4 = 1.9375 0.8999 0.8999 0.8999 0.8999 0.8999 0.8999 0.8999 0.5995 0.5995 0.5995 0.5995 0.5995 0.5995 0.5995 0.3967 0.3967 0.3967 0.3967 0.3967 0.3967 0.3967 0.2818 295.8599 295.8599 151.9614 0.6133 
fb1 = -0.2514 -0.2710 -0.2710 -0.2710 -0.2710 -0.2710 -0.2710 -0.2710 -0.2809 -0.2809 -0.2809 -0.2809 -0.2809 -0.2809 -0.2809 -0.2910 -0.2910 -0.2910 -0.2910 -0.2910 -0.2910 -0.2910 -0.3001 0.2729 0.2729 0.1758 -0.1181 
fb2 = -0.2513 -0.2709 -0.2709 -0.2709 -0.2709 -0.2709 -0.2709 -0.2709 -0.2808 -0.2808 -0.2808 -0.2808 -0.2808 -0.2808 -0.2808 -0.2910 -0.2910 -0.2910 -0.2910 -0.2910 -0.2910 -0.2910 -0.3000 0.2784 0.2784 0.1787 -0.1181 
fb3 = -0.2513 -0.2709 -0.2709 -0.2709 -0.2709 -0.2709 -0.2709 -0.2709 -0.2808 -0.2808 -0.2808 -0.2808 -0.2808 -0.2808 -0.2808 -0.2910 -0.2910 -0.2910 -0.2910 -0.2910 -0.2910 -0.2910 -0.3000 0.2785 0.2785 0.1788 -0.1181 
fb4 = -0.2512 -0.2709 -0.2709 -0.2709 -0.2709 -0.2709 -0.2709 -0.2709 -0.2807 -0.2807 -0.2807 -0.2807 -0.2807 -0.2807 -0.2807 -0.2909 -0.2909 -0.2909 -0.2909 -0.2909 -0.2909 -0.2909 -0.2999 0.2843 0.2843 0.1817 -0.1181 
I = 14.9000 9.4000 9.4000 9.4000 9.4000 9.4000 9.4000 9.4000 6.0000 6.0000 6.0000 6.0000 6.0000 6.0000 6.0000 2.0000 2.0000 2.0000 2.0000 2.0000 2.0000 2.0000 -2.0000 24.0000 24.0000 10.0000 -7.5661 
S1 = 0.0000 0.0000 0.0000 0.0000 0.0000 0.0000 0.0000 0.0000 0.0000 0.0000 0.0000 0.0000 0.0000 0.0000 0.0000 0.0000 0.0000 0.0000 0.0000 0.0000 0.0000 0.0000 0.0000 0.0000 0.0000 0.0000 0.0000 
S2 = 0.0000 0.0000 0.0000 0.0000 0.0000 0.0000 0.0000 0.0000 0.0000 0.0000 0.0000 0.0000 0.0000 0.0000 0.0000 0.0000 0.0000 0.0000 0.0000 0.0000 0.0000 0.0000 0.0000 0.0000 0.0000 0.0000 3.4339 
u = 9.2367 9.2033 9.2033 9.2033 9.2033 9.2033 9.2033 9.2033 9.1848 9.1848 9.1848 9.1848 9.1848 9.1848 9.1848 9.1647 9.1647 9.1647 9.1647 9.1647 9.1647 9.1647 9.1461 9.9628 9.9628 10.6127 9.6514 
v = 29.5562 24.3156 24.3156 24.3156 24.3156 24.3156 24.3156 24.3156 21.6615 21.6615 21.6615 21.6615 21.6615 21.6615 21.6615 18.9182 18.9182 18.9182 18.9182 18.9182 18.9182 18.9182 16.4774 120.8769 120.8769 98.4966 18.7378 
