ExternalI = 5.5000 0.0000 0.0000 0.0000 0.0000 0.0000 0.0000 0.0000 4.0000 4.0000 4.0000 4.0000 4.0000 4.0000 4.0000 0.0000 0.0000 0.0000 0.0000 0.0000 0.0000 0.0000 0.0000 8.0000 8.0000 0.0000 0.0000 
before u = 9.2367 9.2033 9.2033 9.2033 9.2033 9.2033 9.2033 9.2033 9.1848 9.1848 9.1848 9.1848 9.1848 9.1848 9.1848 9.1647 9.1647 9.1647 9.1647 9.1647 9.1647 9.1647 9.1461 9.9628 9.9628 10.6127 9.6514 
before v = 29.5562 24.3156 24.3156 24.3156 24.3156 24.3156 24.3156 24.3156 21.6615 21.6615 21.6615 21.6615 21.6615 21.6615 21.6615 18.9182 18.9182 18.9182 18.9182 18.9182 18.9182 18.9182 16.4774 120.8769 120.8769 98.4966 18.7378 
Ibias = 9.4000 9.4000 9.4000 9.4000 9.4000 9.4000 9.4000 9.4000 2.0000 2.0000 2.0000 2.0000 2.0000 2.0000 2.0000 2.0000 2.0000 2.0000 2.0000 2.0000 2.0000 2.0000 -2.0000 16.0000 16.0000 10.0000 -11.0000 
fa1 = 1.9375 0.8999 0.8999 0.8999 0.8999 0.8999 0.8999 0.8999 0.5995 0.5995 0.5995 0.5995 0.5995 0.5995 0.5995 0.3967 0.3967 0.3967 0.3967 0.3967 0.3967 0.3967 0.2818 295.8554 295.8554 151.9605 0.6064 
fa2 = 1.9326 0.8965 0.8965 0.8965 0.8965 0.8965 0.8965 0.8965 0.5971 0.5971 0.5971 0.5971 0.5971 0.5971 0.5971 0.3952 0.3952 0.3952 0.3952 0.3952 0.3952 0.3952 0.2810 305.8085 305.8085 155.6903 0.6024 
fa3 = 1.9326 0.8965 0.8965 0.8965 0.8965 0.8965 0.8965 0.8965 0.5971 0.5971 0.5971 0.5971 0.5971 0.5971 0.5971 0.3952 0.3952 0.3952 0.3952 0.3952 0.3952 0.3952 0.2810 306.1464 306.1464 155.7824 0.6025 
fa4 = 1.9277 0.8932 0.8932 0.8932 0.8932 0.8932 0.8932 0.8932 0.5947 0.5947 0.5947 0.5947 0.5947 0.5947 0.5947 0.3937 0.3937 0.3937 0.3937 0.3937 0.3937 0.3937 0.2801 316.6478 316.6478 159.6575 0.5985 
fb1 = -0.2512 -0.2709 -0.2709 -0.2709 -0.2709 -0.2709 -0.2709 -0.2709 -0.2807 -0.2807 -0.2807 -0.2807 -0.2807 -0.2807 -0.2807 -0.2909 -0.2909 -0.2909 -0.2909 -0.2909 -0.2909 -0.2909 -0.2999 0.2843 0.2843 0.1817 -0.1181 
fb2 = -0.2512 -0.2708 -0.2708 -0.2708 -0.2708 -0.2708 -0.2708 -0.2708 -0.2807 -0.2807 -0.2807 -0.2807 -0.2807 -0.2807 -0.2807 -0.2909 -0.2909 -0.2909 -0.2909 -0.2909 -0.2909 -0.2909 -0.2999 0.2901 0.2901 0.1848 -0.1181 
fb3 = -0.2512 -0.2708 -0.2708 -0.2708 -0.2708 -0.2708 -0.2708 -0.2708 -0.2807 -0.2807 -0.2807 -0.2807 -0.2807 -0.2807 -0.2807 -0.2909 -0.2909 -0.2909 -0.2909 -0.2909 -0.2909 -0.2909 -0.2999 0.2903 0.2903 0.1848 -0.1181 
fb4 = -0.2511 -0.2707 -0.2707 -0.2707 -0.2707 -0.2707 -0.2707 -0.2707 -0.2806 -0.2806 -0.2806 -0.2806 -0.2806 -0.2806 -0.2806 -0.2908 -0.2908 -0.2908 -0.2908 -0.2908 -0.2908 -0.2908 -0.2998 0.2964 0.2964 0.1879 -0.1180 
I = 14.9000 9.4000 9.4000 9.4000 9.4000 9.4000 9.4000 9.4000 6.0000 6.0000 6.0000 6.0000 6.0000 6.0000 6.0000 2.0000 2.0000 2.0000 2.0000 2.0000 2.0000 2.0000 -2.0000 24.0000 24.0000 10.0000 -7.5729 
S1 = 0.0000 0.0000 0.0000 0.0000 0.0000 0.0000 0.0000 0.0000 0.0000 0.0000 0.0000 0.0000 0.0000 0.0000 0.0000 0.0000 0.0000 0.0000 0.0000 0.0000 0.0000 0.0000 0.0000 0.0000 0.0000 0.0000 0.0000 
S2 = 0.0000 0.0000 0.0000 0.0000 0.0000 0.0000 0.0000 0.0000 0.0000 0.0000 0.0000 0.0000 0.0000 0.0000 0.0000 0.0000 0.0000 0.0000 0.0000 0.0000 0.0000 0.0000 0.0000 0.0000 0.0000 0.0000 3.4271 
u = 9.2342 9.2006 9.2006 9.2006 9.2006 9.2006 9.2006 9.2006 9.1820 9.1820 9.1820 9.1820 9.1820 9.1820 9.1820 9.1618 9.1618 9.1618 9.1618 9.1618 9.1618 9.1618 9.1431 9.9657 9.9657 10.6145 9.6502 
v = 29.5755 24.3245 24.3245 24.3245 24.3245 24.3245 24.3245 24.3245 21.6675 21.6675 21.6675 21.6675 21.6675 21.6675 21.6675 18.9221 18.9221 18.9221 18.9221 18.9221 18.9221 18.9221 16.4802 123.9376 123.9376 100.0542 18.7439 
