ExternalI = 5.5000 0.0000 0.0000 0.0000 0.0000 0.0000 0.0000 0.0000 4.0000 4.0000 4.0000 4.0000 4.0000 4.0000 4.0000 0.0000 0.0000 0.0000 0.0000 0.0000 0.0000 0.0000 0.0000 8.0000 8.0000 0.0000 0.0000 
before u = 9.2342 9.2006 9.2006 9.2006 9.2006 9.2006 9.2006 9.2006 9.1820 9.1820 9.1820 9.1820 9.1820 9.1820 9.1820 9.1618 9.1618 9.1618 9.1618 9.1618 9.1618 9.1618 9.1431 9.9657 9.9657 10.6145 9.6502 
before v = 29.5755 24.3245 24.3245 24.3245 24.3245 24.3245 24.3245 24.3245 21.6675 21.6675 21.6675 21.6675 21.6675 21.6675 21.6675 18.9221 18.9221 18.9221 18.9221 18.9221 18.9221 18.9221 16.4802 123.9376 123.9376 100.0542 18.7439 
Ibias = 9.4000 9.4000 9.4000 9.4000 9.4000 9.4000 9.4000 9.4000 2.0000 2.0000 2.0000 2.0000 2.0000 2.0000 2.0000 2.0000 2.0000 2.0000 2.0000 2.0000 2.0000 2.0000 -2.0000 16.0000 16.0000 10.0000 -11.0000 
fa1 = 1.9277 0.8932 0.8932 0.8932 0.8932 0.8932 0.8932 0.8932 0.5947 0.5947 0.5947 0.5947 0.5947 0.5947 0.5947 0.3937 0.3937 0.3937 0.3937 0.3937 0.3937 0.3937 0.2801 316.6424 316.6424 159.6564 0.5917 
fa2 = 1.9229 0.8898 0.8898 0.8898 0.8898 0.8898 0.8898 0.8898 0.5923 0.5923 0.5923 0.5923 0.5923 0.5923 0.5923 0.3922 0.3922 0.3922 0.3922 0.3922 0.3922 0.3922 0.2793 327.6891 327.6891 163.6758 0.5878 
fa3 = 1.9229 0.8898 0.8898 0.8898 0.8898 0.8898 0.8898 0.8898 0.5923 0.5923 0.5923 0.5923 0.5923 0.5923 0.5923 0.3922 0.3922 0.3922 0.3922 0.3922 0.3922 0.3922 0.2793 328.0782 328.0782 163.7776 0.5879 
fa4 = 1.9180 0.8865 0.8865 0.8865 0.8865 0.8865 0.8865 0.8865 0.5900 0.5900 0.5900 0.5900 0.5900 0.5900 0.5900 0.3908 0.3908 0.3908 0.3908 0.3908 0.3908 0.3908 0.2784 339.7566 339.7566 167.9577 0.5840 
fb1 = -0.2511 -0.2707 -0.2707 -0.2707 -0.2707 -0.2707 -0.2707 -0.2707 -0.2806 -0.2806 -0.2806 -0.2806 -0.2806 -0.2806 -0.2806 -0.2908 -0.2908 -0.2908 -0.2908 -0.2908 -0.2908 -0.2908 -0.2998 0.2964 0.2964 0.1879 -0.1180 
fb2 = -0.2510 -0.2707 -0.2707 -0.2707 -0.2707 -0.2707 -0.2707 -0.2707 -0.2805 -0.2805 -0.2805 -0.2805 -0.2805 -0.2805 -0.2805 -0.2907 -0.2907 -0.2907 -0.2907 -0.2907 -0.2907 -0.2907 -0.2997 0.3027 0.3027 0.1911 -0.1180 
fb3 = -0.2510 -0.2707 -0.2707 -0.2707 -0.2707 -0.2707 -0.2707 -0.2707 -0.2805 -0.2805 -0.2805 -0.2805 -0.2805 -0.2805 -0.2805 -0.2907 -0.2907 -0.2907 -0.2907 -0.2907 -0.2907 -0.2907 -0.2997 0.3030 0.3030 0.1912 -0.1180 
fb4 = -0.2509 -0.2706 -0.2706 -0.2706 -0.2706 -0.2706 -0.2706 -0.2706 -0.2805 -0.2805 -0.2805 -0.2805 -0.2805 -0.2805 -0.2805 -0.2907 -0.2907 -0.2907 -0.2907 -0.2907 -0.2907 -0.2907 -0.2997 0.3095 0.3095 0.1944 -0.1180 
I = 14.9000 9.4000 9.4000 9.4000 9.4000 9.4000 9.4000 9.4000 6.0000 6.0000 6.0000 6.0000 6.0000 6.0000 6.0000 2.0000 2.0000 2.0000 2.0000 2.0000 2.0000 2.0000 -2.0000 24.0000 24.0000 10.0000 -7.5798 
S1 = 0.0000 0.0000 0.0000 0.0000 0.0000 0.0000 0.0000 0.0000 0.0000 0.0000 0.0000 0.0000 0.0000 0.0000 0.0000 0.0000 0.0000 0.0000 0.0000 0.0000 0.0000 0.0000 0.0000 0.0000 0.0000 0.0000 0.0000 
S2 = 0.0000 0.0000 0.0000 0.0000 0.0000 0.0000 0.0000 0.0000 0.0000 0.0000 0.0000 0.0000 0.0000 0.0000 0.0000 0.0000 0.0000 0.0000 0.0000 0.0000 0.0000 0.0000 0.0000 0.0000 0.0000 0.0000 3.4202 
u = 9.2317 9.1979 9.1979 9.1979 9.1979 9.1979 9.1979 9.1979 9.1792 9.1792 9.1792 9.1792 9.1792 9.1792 9.1792 9.1589 9.1589 9.1589 9.1589 9.1589 9.1589 9.1589 9.1401 9.9687 9.9687 10.6165 9.6490 
v = 29.5948 24.3334 24.3334 24.3334 24.3334 24.3334 24.3334 24.3334 21.6734 21.6734 21.6734 21.6734 21.6734 21.6734 21.6734 18.9260 18.9260 18.9260 18.9260 18.9260 18.9260 18.9260 16.4830 127.2175 127.2175 101.6917 18.7497 
