ExternalI = 5.5000 0.0000 0.0000 0.0000 0.0000 0.0000 0.0000 0.0000 4.0000 4.0000 4.0000 4.0000 4.0000 4.0000 4.0000 0.0000 0.0000 0.0000 0.0000 0.0000 0.0000 0.0000 0.0000 8.0000 8.0000 0.0000 0.0000 
before u = 9.2317 9.1979 9.1979 9.1979 9.1979 9.1979 9.1979 9.1979 9.1792 9.1792 9.1792 9.1792 9.1792 9.1792 9.1792 9.1589 9.1589 9.1589 9.1589 9.1589 9.1589 9.1589 9.1401 9.9687 9.9687 10.6165 9.6490 
before v = 29.5948 24.3334 24.3334 24.3334 24.3334 24.3334 24.3334 24.3334 21.6734 21.6734 21.6734 21.6734 21.6734 21.6734 21.6734 18.9260 18.9260 18.9260 18.9260 18.9260 18.9260 18.9260 16.4830 127.2175 127.2175 101.6917 18.7497 
Ibias = 9.4000 9.4000 9.4000 9.4000 9.4000 9.4000 9.4000 9.4000 2.0000 2.0000 2.0000 2.0000 2.0000 2.0000 2.0000 2.0000 2.0000 2.0000 2.0000 2.0000 2.0000 2.0000 -2.0000 16.0000 16.0000 10.0000 -11.0000 
fa1 = 1.9180 0.8865 0.8865 0.8865 0.8865 0.8865 0.8865 0.8865 0.5900 0.5900 0.5900 0.5900 0.5900 0.5900 0.5900 0.3908 0.3908 0.3908 0.3908 0.3908 0.3908 0.3908 0.2784 339.7502 339.7502 167.9565 0.5772 
fa2 = 1.9132 0.8832 0.8832 0.8832 0.8832 0.8832 0.8832 0.8832 0.5877 0.5877 0.5877 0.5877 0.5877 0.5877 0.5877 0.3893 0.3893 0.3893 0.3893 0.3893 0.3893 0.3893 0.2776 352.0567 352.0567 172.2963 0.5735 
fa3 = 1.9133 0.8832 0.8832 0.8832 0.8832 0.8832 0.8832 0.8832 0.5877 0.5877 0.5877 0.5877 0.5877 0.5877 0.5877 0.3893 0.3893 0.3893 0.3893 0.3893 0.3893 0.3893 0.2776 352.5068 352.5068 172.4092 0.5735 
fa4 = 1.9085 0.8799 0.8799 0.8799 0.8799 0.8799 0.8799 0.8799 0.5854 0.5854 0.5854 0.5854 0.5854 0.5854 0.5854 0.3879 0.3879 0.3879 0.3879 0.3879 0.3879 0.3879 0.2768 365.5448 365.5448 176.9272 0.5698 
fb1 = -0.2509 -0.2706 -0.2706 -0.2706 -0.2706 -0.2706 -0.2706 -0.2706 -0.2805 -0.2805 -0.2805 -0.2805 -0.2805 -0.2805 -0.2805 -0.2907 -0.2907 -0.2907 -0.2907 -0.2907 -0.2907 -0.2907 -0.2997 0.3095 0.3095 0.1944 -0.1180 
fb2 = -0.2508 -0.2705 -0.2705 -0.2705 -0.2705 -0.2705 -0.2705 -0.2705 -0.2804 -0.2804 -0.2804 -0.2804 -0.2804 -0.2804 -0.2804 -0.2906 -0.2906 -0.2906 -0.2906 -0.2906 -0.2906 -0.2906 -0.2996 0.3163 0.3163 0.1978 -0.1180 
fb3 = -0.2508 -0.2705 -0.2705 -0.2705 -0.2705 -0.2705 -0.2705 -0.2705 -0.2804 -0.2804 -0.2804 -0.2804 -0.2804 -0.2804 -0.2804 -0.2906 -0.2906 -0.2906 -0.2906 -0.2906 -0.2906 -0.2906 -0.2996 0.3165 0.3165 0.1979 -0.1180 
fb4 = -0.2507 -0.2704 -0.2704 -0.2704 -0.2704 -0.2704 -0.2704 -0.2704 -0.2803 -0.2803 -0.2803 -0.2803 -0.2803 -0.2803 -0.2803 -0.2905 -0.2905 -0.2905 -0.2905 -0.2905 -0.2905 -0.2905 -0.2995 0.3235 0.3235 0.2013 -0.1179 
I = 14.9000 9.4000 9.4000 9.4000 9.4000 9.4000 9.4000 9.4000 6.0000 6.0000 6.0000 6.0000 6.0000 6.0000 6.0000 2.0000 2.0000 2.0000 2.0000 2.0000 2.0000 2.0000 -2.0000 24.0000 24.0000 10.0000 -7.5866 
S1 = 0.0000 0.0000 0.0000 0.0000 0.0000 0.0000 0.0000 0.0000 0.0000 0.0000 0.0000 0.0000 0.0000 0.0000 0.0000 0.0000 0.0000 0.0000 0.0000 0.0000 0.0000 0.0000 0.0000 0.0000 0.0000 0.0000 0.0000 
S2 = 0.0000 0.0000 0.0000 0.0000 0.0000 0.0000 0.0000 0.0000 0.0000 0.0000 0.0000 0.0000 0.0000 0.0000 0.0000 0.0000 0.0000 0.0000 0.0000 0.0000 0.0000 0.0000 0.0000 0.0000 0.0000 0.0000 3.4134 
u = 9.2292 9.1952 9.1952 9.1952 9.1952 9.1952 9.1952 9.1952 9.1764 9.1764 9.1764 9.1764 9.1764 9.1764 9.1764 9.1560 9.1560 9.1560 9.1560 9.1560 9.1560 9.1560 9.1371 9.9719 9.9719 10.6184 9.6479 
v = 29.6139 24.3423 24.3423 24.3423 24.3423 24.3423 24.3423 24.3423 21.6793 21.6793 21.6793 21.6793 21.6793 21.6793 21.6793 18.9299 18.9299 18.9299 18.9299 18.9299 18.9299 18.9299 16.4858 130.7415 130.7415 103.4155 18.7555 
