ExternalI = 5.5000 0.0000 0.0000 0.0000 0.0000 0.0000 0.0000 0.0000 4.0000 4.0000 4.0000 4.0000 4.0000 4.0000 4.0000 0.0000 0.0000 0.0000 0.0000 0.0000 0.0000 0.0000 0.0000 8.0000 8.0000 0.0000 0.0000 
before u = 9.2292 9.1952 9.1952 9.1952 9.1952 9.1952 9.1952 9.1952 9.1764 9.1764 9.1764 9.1764 9.1764 9.1764 9.1764 9.1560 9.1560 9.1560 9.1560 9.1560 9.1560 9.1560 9.1371 10.0719 10.0719 10.6184 9.6479 
before v = 29.6139 24.3423 24.3423 24.3423 24.3423 24.3423 24.3423 24.3423 21.6793 21.6793 21.6793 21.6793 21.6793 21.6793 21.6793 18.9299 18.9299 18.9299 18.9299 18.9299 18.9299 18.9299 16.4858 55.0000 55.0000 103.4155 18.7555 
Ibias = 9.4000 9.4000 9.4000 9.4000 9.4000 9.4000 9.4000 9.4000 2.0000 2.0000 2.0000 2.0000 2.0000 2.0000 2.0000 2.0000 2.0000 2.0000 2.0000 2.0000 2.0000 2.0000 -2.0000 16.0000 16.0000 10.0000 -11.0000 
fa1 = 1.9085 0.8799 0.8799 0.8799 0.8799 0.8799 0.8799 0.8799 0.5854 0.5854 0.5854 0.5854 0.5854 0.5854 0.5854 0.3879 0.3879 0.3879 0.3879 0.3879 0.3879 0.3879 0.2768 30.4281 30.4281 176.9258 2.0630 
fa2 = 1.9037 0.8766 0.8766 0.8766 0.8766 0.8766 0.8766 0.8766 0.5831 0.5831 0.5831 0.5831 0.5831 0.5831 0.5831 0.3865 0.3865 0.3865 0.3865 0.3865 0.3865 0.3865 0.2759 30.6420 30.6420 181.6209 2.0481 
fa3 = 1.9037 0.8766 0.8766 0.8766 0.8766 0.8766 0.8766 0.8766 0.5831 0.5831 0.5831 0.5831 0.5831 0.5831 0.5831 0.3865 0.3865 0.3865 0.3865 0.3865 0.3865 0.3865 0.2759 30.6435 30.6435 181.7464 2.0482 
fa4 = 1.8990 0.8734 0.8734 0.8734 0.8734 0.8734 0.8734 0.8734 0.5808 0.5808 0.5808 0.5808 0.5808 0.5808 0.5808 0.3851 0.3851 0.3851 0.3851 0.3851 0.3851 0.3851 0.2751 30.8607 30.8607 186.6398 2.0334 
fb1 = -0.2507 -0.2704 -0.2704 -0.2704 -0.2704 -0.2704 -0.2704 -0.2704 -0.2803 -0.2803 -0.2803 -0.2803 -0.2803 -0.2803 -0.2803 -0.2905 -0.2905 -0.2905 -0.2905 -0.2905 -0.2905 -0.2905 -0.2995 0.0186 0.0186 0.2013 -0.1179 
fb2 = -0.2506 -0.2704 -0.2704 -0.2704 -0.2704 -0.2704 -0.2704 -0.2704 -0.2803 -0.2803 -0.2803 -0.2803 -0.2803 -0.2803 -0.2803 -0.2905 -0.2905 -0.2905 -0.2905 -0.2905 -0.2905 -0.2905 -0.2995 0.0192 0.0192 0.2048 -0.1179 
fb3 = -0.2506 -0.2704 -0.2704 -0.2704 -0.2704 -0.2704 -0.2704 -0.2704 -0.2803 -0.2803 -0.2803 -0.2803 -0.2803 -0.2803 -0.2803 -0.2905 -0.2905 -0.2905 -0.2905 -0.2905 -0.2905 -0.2905 -0.2995 0.0192 0.0192 0.2049 -0.1179 
fb4 = -0.2505 -0.2703 -0.2703 -0.2703 -0.2703 -0.2703 -0.2703 -0.2703 -0.2802 -0.2802 -0.2802 -0.2802 -0.2802 -0.2802 -0.2802 -0.2904 -0.2904 -0.2904 -0.2904 -0.2904 -0.2904 -0.2904 -0.2994 0.0198 0.0198 0.2085 -0.1178 
I = 14.9000 9.4000 9.4000 9.4000 9.4000 9.4000 9.4000 9.4000 6.0000 6.0000 6.0000 6.0000 6.0000 6.0000 6.0000 2.0000 2.0000 2.0000 2.0000 2.0000 2.0000 2.0000 -2.0000 24.5000 24.5000 10.0000 -6.0935 
S1 = 0.0000 0.0000 0.0000 0.0000 0.0000 0.0000 0.0000 0.0000 0.0000 0.0000 0.0000 0.0000 0.0000 0.0000 0.0000 0.0000 0.0000 0.0000 0.0000 0.0000 0.0000 0.0000 0.0000 0.0000 0.0000 0.0000 0.0000 
S2 = 0.0000 0.0000 0.0000 0.0000 0.0000 0.0000 0.0000 0.0000 0.0000 0.0000 0.0000 0.0000 0.0000 0.0000 0.0000 0.0000 0.0000 0.0000 0.0000 0.0000 0.0000 0.0000 0.0000 0.5000 0.5000 0.0000 4.9065 
u = 9.2267 9.1925 9.1925 9.1925 9.1925 9.1925 9.1925 9.1925 9.1736 9.1736 9.1736 9.1736 9.1736 9.1736 9.1736 9.1531 9.1531 9.1531 9.1531 9.1531 9.1531 9.1531 9.1341 10.0721 10.0721 10.6205 9.6467 
v = 29.6329 24.3510 24.3510 24.3510 24.3510 24.3510 24.3510 24.3510 21.6851 21.6851 21.6851 21.6851 21.6851 21.6851 21.6851 18.9338 18.9338 18.9338 18.9338 18.9338 18.9338 18.9338 16.4886 55.3064 55.3064 105.2327 18.7760 
