ExternalI = 5.5000 0.0000 0.0000 0.0000 0.0000 0.0000 0.0000 0.0000 4.0000 4.0000 4.0000 4.0000 4.0000 4.0000 4.0000 0.0000 0.0000 0.0000 0.0000 0.0000 0.0000 0.0000 0.0000 8.0000 8.0000 0.0000 0.0000 
before u = 9.2267 9.1925 9.1925 9.1925 9.1925 9.1925 9.1925 9.1925 9.1736 9.1736 9.1736 9.1736 9.1736 9.1736 9.1736 9.1531 9.1531 9.1531 9.1531 9.1531 9.1531 9.1531 9.1341 10.0721 10.0721 10.6205 9.6467 
before v = 29.6329 24.3510 24.3510 24.3510 24.3510 24.3510 24.3510 24.3510 21.6851 21.6851 21.6851 21.6851 21.6851 21.6851 21.6851 18.9338 18.9338 18.9338 18.9338 18.9338 18.9338 18.9338 16.4886 55.3064 55.3064 105.2327 18.7760 
Ibias = 9.4000 9.4000 9.4000 9.4000 9.4000 9.4000 9.4000 9.4000 2.0000 2.0000 2.0000 2.0000 2.0000 2.0000 2.0000 2.0000 2.0000 2.0000 2.0000 2.0000 2.0000 2.0000 -2.0000 16.0000 16.0000 10.0000 -11.0000 
fa1 = 1.8990 0.8734 0.8734 0.8734 0.8734 0.8734 0.8734 0.8734 0.5808 0.5808 0.5808 0.5808 0.5808 0.5808 0.5808 0.3851 0.3851 0.3851 0.3851 0.3851 0.3851 0.3851 0.2751 30.8597 30.8597 186.6382 2.0236 
fa2 = 1.8943 0.8701 0.8701 0.8701 0.8701 0.8701 0.8701 0.8701 0.5785 0.5785 0.5785 0.5785 0.5785 0.5785 0.5785 0.3836 0.3836 0.3836 0.3836 0.3836 0.3836 0.3836 0.2743 31.0804 31.0804 191.7286 2.0091 
fa3 = 1.8943 0.8701 0.8701 0.8701 0.8701 0.8701 0.8701 0.8701 0.5785 0.5785 0.5785 0.5785 0.5785 0.5785 0.5785 0.3837 0.3837 0.3837 0.3837 0.3837 0.3837 0.3837 0.2743 31.0819 31.0819 191.8684 2.0092 
fa4 = 1.8896 0.8669 0.8669 0.8669 0.8669 0.8669 0.8669 0.8669 0.5763 0.5763 0.5763 0.5763 0.5763 0.5763 0.5763 0.3823 0.3823 0.3823 0.3823 0.3823 0.3823 0.3823 0.2735 31.3061 31.3061 197.1799 1.9947 
fb1 = -0.2505 -0.2703 -0.2703 -0.2703 -0.2703 -0.2703 -0.2703 -0.2703 -0.2802 -0.2802 -0.2802 -0.2802 -0.2802 -0.2802 -0.2802 -0.2904 -0.2904 -0.2904 -0.2904 -0.2904 -0.2904 -0.2904 -0.2994 0.0198 0.0198 0.2085 -0.1178 
fb2 = -0.2504 -0.2702 -0.2702 -0.2702 -0.2702 -0.2702 -0.2702 -0.2702 -0.2801 -0.2801 -0.2801 -0.2801 -0.2801 -0.2801 -0.2801 -0.2903 -0.2903 -0.2903 -0.2903 -0.2903 -0.2903 -0.2903 -0.2993 0.0204 0.0204 0.2122 -0.1178 
fb3 = -0.2504 -0.2702 -0.2702 -0.2702 -0.2702 -0.2702 -0.2702 -0.2702 -0.2801 -0.2801 -0.2801 -0.2801 -0.2801 -0.2801 -0.2801 -0.2903 -0.2903 -0.2903 -0.2903 -0.2903 -0.2903 -0.2903 -0.2993 0.0204 0.0204 0.2123 -0.1178 
fb4 = -0.2504 -0.2702 -0.2702 -0.2702 -0.2702 -0.2702 -0.2702 -0.2702 -0.2801 -0.2801 -0.2801 -0.2801 -0.2801 -0.2801 -0.2801 -0.2903 -0.2903 -0.2903 -0.2903 -0.2903 -0.2903 -0.2903 -0.2993 0.0210 0.0210 0.2162 -0.1177 
I = 14.9000 9.4000 9.4000 9.4000 9.4000 9.4000 9.4000 9.4000 6.0000 6.0000 6.0000 6.0000 6.0000 6.0000 6.0000 2.0000 2.0000 2.0000 2.0000 2.0000 2.0000 2.0000 -2.0000 24.4990 24.4990 10.0000 -6.1033 
S1 = 0.0000 0.0000 0.0000 0.0000 0.0000 0.0000 0.0000 0.0000 0.0000 0.0000 0.0000 0.0000 0.0000 0.0000 0.0000 0.0000 0.0000 0.0000 0.0000 0.0000 0.0000 0.0000 0.0000 0.0000 0.0000 0.0000 0.0000 
S2 = 0.0000 0.0000 0.0000 0.0000 0.0000 0.0000 0.0000 0.0000 0.0000 0.0000 0.0000 0.0000 0.0000 0.0000 0.0000 0.0000 0.0000 0.0000 0.0000 0.0000 0.0000 0.0000 0.0000 0.4990 0.4990 0.0000 4.8967 
u = 9.2241 9.1897 9.1897 9.1897 9.1897 9.1897 9.1897 9.1897 9.1708 9.1708 9.1708 9.1708 9.1708 9.1708 9.1708 9.1502 9.1502 9.1502 9.1502 9.1502 9.1502 9.1502 9.1311 10.0723 10.0723 10.6226 9.6455 
v = 29.6519 24.3597 24.3597 24.3597 24.3597 24.3597 24.3597 24.3597 21.6909 21.6909 21.6909 21.6909 21.6909 21.6909 21.6909 18.9376 18.9376 18.9376 18.9376 18.9376 18.9376 18.9376 16.4913 55.6173 55.6173 107.1510 18.7960 
