ExternalI = 5.5000 0.0000 0.0000 0.0000 0.0000 0.0000 0.0000 0.0000 4.0000 4.0000 4.0000 4.0000 4.0000 4.0000 4.0000 0.0000 0.0000 0.0000 0.0000 0.0000 0.0000 0.0000 0.0000 8.0000 8.0000 0.0000 0.0000 
before u = 9.2241 9.1897 9.1897 9.1897 9.1897 9.1897 9.1897 9.1897 9.1708 9.1708 9.1708 9.1708 9.1708 9.1708 9.1708 9.1502 9.1502 9.1502 9.1502 9.1502 9.1502 9.1502 9.1311 10.0723 10.0723 10.6226 9.6455 
before v = 29.6519 24.3597 24.3597 24.3597 24.3597 24.3597 24.3597 24.3597 21.6909 21.6909 21.6909 21.6909 21.6909 21.6909 21.6909 18.9376 18.9376 18.9376 18.9376 18.9376 18.9376 18.9376 16.4913 55.6173 55.6173 107.1510 18.7960 
Ibias = 9.4000 9.4000 9.4000 9.4000 9.4000 9.4000 9.4000 9.4000 2.0000 2.0000 2.0000 2.0000 2.0000 2.0000 2.0000 2.0000 2.0000 2.0000 2.0000 2.0000 2.0000 2.0000 -2.0000 16.0000 16.0000 10.0000 -11.0000 
fa1 = 1.8896 0.8669 0.8669 0.8669 0.8669 0.8669 0.8669 0.8669 0.5763 0.5763 0.5763 0.5763 0.5763 0.5763 0.5763 0.3823 0.3823 0.3823 0.3823 0.3823 0.3823 0.3823 0.2735 31.3051 31.3051 197.1781 1.9849 
fa2 = 1.8849 0.8637 0.8637 0.8637 0.8637 0.8637 0.8637 0.8637 0.5740 0.5740 0.5740 0.5740 0.5740 0.5740 0.5740 0.3809 0.3809 0.3809 0.3809 0.3809 0.3809 0.3809 0.2727 31.5329 31.5329 202.7093 1.9707 
fa3 = 1.8849 0.8637 0.8637 0.8637 0.8637 0.8637 0.8637 0.8637 0.5740 0.5740 0.5740 0.5740 0.5740 0.5740 0.5740 0.3809 0.3809 0.3809 0.3809 0.3809 0.3809 0.3809 0.2727 31.5345 31.5345 202.8656 1.9708 
fa4 = 1.8803 0.8606 0.8606 0.8606 0.8606 0.8606 0.8606 0.8606 0.5718 0.5718 0.5718 0.5718 0.5718 0.5718 0.5718 0.3795 0.3795 0.3795 0.3795 0.3795 0.3795 0.3795 0.2719 31.7659 31.7659 208.6443 1.9566 
fb1 = -0.2504 -0.2702 -0.2702 -0.2702 -0.2702 -0.2702 -0.2702 -0.2702 -0.2801 -0.2801 -0.2801 -0.2801 -0.2801 -0.2801 -0.2801 -0.2903 -0.2903 -0.2903 -0.2903 -0.2903 -0.2903 -0.2903 -0.2993 0.0210 0.0210 0.2162 -0.1177 
fb2 = -0.2503 -0.2701 -0.2701 -0.2701 -0.2701 -0.2701 -0.2701 -0.2701 -0.2800 -0.2800 -0.2800 -0.2800 -0.2800 -0.2800 -0.2800 -0.2902 -0.2902 -0.2902 -0.2902 -0.2902 -0.2902 -0.2902 -0.2992 0.0216 0.0216 0.2201 -0.1177 
fb3 = -0.2503 -0.2701 -0.2701 -0.2701 -0.2701 -0.2701 -0.2701 -0.2701 -0.2800 -0.2800 -0.2800 -0.2800 -0.2800 -0.2800 -0.2800 -0.2902 -0.2902 -0.2902 -0.2902 -0.2902 -0.2902 -0.2902 -0.2992 0.0217 0.0217 0.2202 -0.1177 
fb4 = -0.2502 -0.2700 -0.2700 -0.2700 -0.2700 -0.2700 -0.2700 -0.2700 -0.2799 -0.2799 -0.2799 -0.2799 -0.2799 -0.2799 -0.2799 -0.2901 -0.2901 -0.2901 -0.2901 -0.2901 -0.2901 -0.2901 -0.2991 0.0223 0.0223 0.2242 -0.1176 
I = 14.9000 9.4000 9.4000 9.4000 9.4000 9.4000 9.4000 9.4000 6.0000 6.0000 6.0000 6.0000 6.0000 6.0000 6.0000 2.0000 2.0000 2.0000 2.0000 2.0000 2.0000 2.0000 -2.0000 24.4980 24.4980 10.0000 -6.1131 
S1 = 0.0000 0.0000 0.0000 0.0000 0.0000 0.0000 0.0000 0.0000 0.0000 0.0000 0.0000 0.0000 0.0000 0.0000 0.0000 0.0000 0.0000 0.0000 0.0000 0.0000 0.0000 0.0000 0.0000 0.0000 0.0000 0.0000 0.0000 
S2 = 0.0000 0.0000 0.0000 0.0000 0.0000 0.0000 0.0000 0.0000 0.0000 0.0000 0.0000 0.0000 0.0000 0.0000 0.0000 0.0000 0.0000 0.0000 0.0000 0.0000 0.0000 0.0000 0.0000 0.4980 0.4980 0.0000 4.8869 
u = 9.2216 9.1870 9.1870 9.1870 9.1870 9.1870 9.1870 9.1870 9.1680 9.1680 9.1680 9.1680 9.1680 9.1680 9.1680 9.1473 9.1473 9.1473 9.1473 9.1473 9.1473 9.1473 9.1281 10.0725 10.0725 10.6248 9.6443 
v = 29.6707 24.3684 24.3684 24.3684 24.3684 24.3684 24.3684 24.3684 21.6967 21.6967 21.6967 21.6967 21.6967 21.6967 21.6967 18.9414 18.9414 18.9414 18.9414 18.9414 18.9414 18.9414 16.4940 55.9326 55.9326 109.1793 18.8158 
