ExternalI = 5.5000 0.0000 0.0000 0.0000 0.0000 0.0000 0.0000 0.0000 4.0000 4.0000 4.0000 4.0000 4.0000 4.0000 4.0000 0.0000 0.0000 0.0000 0.0000 0.0000 0.0000 0.0000 0.0000 8.0000 8.0000 0.0000 0.0000 
before u = 9.2216 9.1870 9.1870 9.1870 9.1870 9.1870 9.1870 9.1870 9.1680 9.1680 9.1680 9.1680 9.1680 9.1680 9.1680 9.1473 9.1473 9.1473 9.1473 9.1473 9.1473 9.1473 9.1281 10.0725 10.0725 10.6248 9.6443 
before v = 29.6707 24.3684 24.3684 24.3684 24.3684 24.3684 24.3684 24.3684 21.6967 21.6967 21.6967 21.6967 21.6967 21.6967 21.6967 18.9414 18.9414 18.9414 18.9414 18.9414 18.9414 18.9414 16.4940 55.9326 55.9326 109.1793 18.8158 
Ibias = 9.4000 9.4000 9.4000 9.4000 9.4000 9.4000 9.4000 9.4000 2.0000 2.0000 2.0000 2.0000 2.0000 2.0000 2.0000 2.0000 2.0000 2.0000 2.0000 2.0000 2.0000 2.0000 -2.0000 16.0000 16.0000 10.0000 -11.0000 
fa1 = 1.8803 0.8606 0.8606 0.8606 0.8606 0.8606 0.8606 0.8606 0.5718 0.5718 0.5718 0.5718 0.5718 0.5718 0.5718 0.3795 0.3795 0.3795 0.3795 0.3795 0.3795 0.3795 0.2719 31.7649 31.7649 208.6422 1.9469 
fa2 = 1.8756 0.8574 0.8574 0.8574 0.8574 0.8574 0.8574 0.8574 0.5696 0.5696 0.5696 0.5696 0.5696 0.5696 0.5696 0.3781 0.3781 0.3781 0.3781 0.3781 0.3781 0.3781 0.2711 32.0000 32.0000 214.6668 1.9329 
fa3 = 1.8756 0.8574 0.8574 0.8574 0.8574 0.8574 0.8574 0.8574 0.5696 0.5696 0.5696 0.5696 0.5696 0.5696 0.5696 0.3781 0.3781 0.3781 0.3781 0.3781 0.3781 0.3781 0.2711 32.0018 32.0018 214.8420 1.9330 
fa4 = 1.8710 0.8542 0.8542 0.8542 0.8542 0.8542 0.8542 0.8542 0.5674 0.5674 0.5674 0.5674 0.5674 0.5674 0.5674 0.3768 0.3768 0.3768 0.3768 0.3768 0.3768 0.3768 0.2703 32.2407 32.2407 221.1443 1.9192 
fb1 = -0.2502 -0.2700 -0.2700 -0.2700 -0.2700 -0.2700 -0.2700 -0.2700 -0.2799 -0.2799 -0.2799 -0.2799 -0.2799 -0.2799 -0.2799 -0.2901 -0.2901 -0.2901 -0.2901 -0.2901 -0.2901 -0.2901 -0.2991 0.0223 0.0223 0.2242 -0.1176 
fb2 = -0.2501 -0.2699 -0.2699 -0.2699 -0.2699 -0.2699 -0.2699 -0.2699 -0.2799 -0.2799 -0.2799 -0.2799 -0.2799 -0.2799 -0.2799 -0.2901 -0.2901 -0.2901 -0.2901 -0.2901 -0.2901 -0.2901 -0.2991 0.0229 0.0229 0.2284 -0.1176 
fb3 = -0.2501 -0.2699 -0.2699 -0.2699 -0.2699 -0.2699 -0.2699 -0.2699 -0.2799 -0.2799 -0.2799 -0.2799 -0.2799 -0.2799 -0.2799 -0.2901 -0.2901 -0.2901 -0.2901 -0.2901 -0.2901 -0.2901 -0.2991 0.0229 0.0229 0.2285 -0.1176 
fb4 = -0.2500 -0.2699 -0.2699 -0.2699 -0.2699 -0.2699 -0.2699 -0.2699 -0.2798 -0.2798 -0.2798 -0.2798 -0.2798 -0.2798 -0.2798 -0.2900 -0.2900 -0.2900 -0.2900 -0.2900 -0.2900 -0.2900 -0.2990 0.0236 0.0236 0.2328 -0.1175 
I = 14.9000 9.4000 9.4000 9.4000 9.4000 9.4000 9.4000 9.4000 6.0000 6.0000 6.0000 6.0000 6.0000 6.0000 6.0000 2.0000 2.0000 2.0000 2.0000 2.0000 2.0000 2.0000 -2.0000 24.4970 24.4970 10.0000 -6.1228 
S1 = 0.0000 0.0000 0.0000 0.0000 0.0000 0.0000 0.0000 0.0000 0.0000 0.0000 0.0000 0.0000 0.0000 0.0000 0.0000 0.0000 0.0000 0.0000 0.0000 0.0000 0.0000 0.0000 0.0000 0.0000 0.0000 0.0000 0.0000 
S2 = 0.0000 0.0000 0.0000 0.0000 0.0000 0.0000 0.0000 0.0000 0.0000 0.0000 0.0000 0.0000 0.0000 0.0000 0.0000 0.0000 0.0000 0.0000 0.0000 0.0000 0.0000 0.0000 0.0000 0.4970 0.4970 0.0000 4.8772 
u = 9.2191 9.1843 9.1843 9.1843 9.1843 9.1843 9.1843 9.1843 9.1652 9.1652 9.1652 9.1652 9.1652 9.1652 9.1652 9.1444 9.1444 9.1444 9.1444 9.1444 9.1444 9.1444 9.1251 10.0727 10.0727 10.6271 9.6432 
v = 29.6895 24.3769 24.3769 24.3769 24.3769 24.3769 24.3769 24.3769 21.7024 21.7024 21.7024 21.7024 21.7024 21.7024 21.7024 18.9452 18.9452 18.9452 18.9452 18.9452 18.9452 18.9452 16.4968 56.2526 56.2526 111.3273 18.8351 
