ExternalI = 5.5000 0.0000 0.0000 0.0000 0.0000 0.0000 0.0000 0.0000 4.0000 4.0000 4.0000 4.0000 4.0000 4.0000 4.0000 0.0000 0.0000 0.0000 0.0000 0.0000 0.0000 0.0000 0.0000 8.0000 8.0000 0.0000 0.0000 
before u = 9.2191 9.1843 9.1843 9.1843 9.1843 9.1843 9.1843 9.1843 9.1652 9.1652 9.1652 9.1652 9.1652 9.1652 9.1652 9.1444 9.1444 9.1444 9.1444 9.1444 9.1444 9.1444 9.1251 10.0727 10.0727 10.6271 9.6432 
before v = 29.6895 24.3769 24.3769 24.3769 24.3769 24.3769 24.3769 24.3769 21.7024 21.7024 21.7024 21.7024 21.7024 21.7024 21.7024 18.9452 18.9452 18.9452 18.9452 18.9452 18.9452 18.9452 16.4968 56.2526 56.2526 111.3273 18.8351 
Ibias = 9.4000 9.4000 9.4000 9.4000 9.4000 9.4000 9.4000 9.4000 2.0000 2.0000 2.0000 2.0000 2.0000 2.0000 2.0000 2.0000 2.0000 2.0000 2.0000 2.0000 2.0000 2.0000 -2.0000 16.0000 16.0000 10.0000 -11.0000 
fa1 = 1.8710 0.8542 0.8542 0.8542 0.8542 0.8542 0.8542 0.8542 0.5674 0.5674 0.5674 0.5674 0.5674 0.5674 0.5674 0.3768 0.3768 0.3768 0.3768 0.3768 0.3768 0.3768 0.2703 32.2397 32.2397 221.1419 1.9094 
fa2 = 1.8664 0.8511 0.8511 0.8511 0.8511 0.8511 0.8511 0.8511 0.5652 0.5652 0.5652 0.5652 0.5652 0.5652 0.5652 0.3754 0.3754 0.3754 0.3754 0.3754 0.3754 0.3754 0.2696 32.4825 32.4825 227.7202 1.8957 
fa3 = 1.8664 0.8511 0.8511 0.8511 0.8511 0.8511 0.8511 0.8511 0.5652 0.5652 0.5652 0.5652 0.5652 0.5652 0.5652 0.3755 0.3755 0.3755 0.3755 0.3755 0.3755 0.3755 0.2696 32.4843 32.4843 227.9174 1.8958 
fa4 = 1.8619 0.8480 0.8480 0.8480 0.8480 0.8480 0.8480 0.8480 0.5631 0.5631 0.5631 0.5631 0.5631 0.5631 0.5631 0.3741 0.3741 0.3741 0.3741 0.3741 0.3741 0.3741 0.2688 32.7310 32.7310 234.8085 1.8823 
fb1 = -0.2500 -0.2699 -0.2699 -0.2699 -0.2699 -0.2699 -0.2699 -0.2699 -0.2798 -0.2798 -0.2798 -0.2798 -0.2798 -0.2798 -0.2798 -0.2900 -0.2900 -0.2900 -0.2900 -0.2900 -0.2900 -0.2900 -0.2990 0.0236 0.0236 0.2328 -0.1175 
fb2 = -0.2499 -0.2698 -0.2698 -0.2698 -0.2698 -0.2698 -0.2698 -0.2698 -0.2797 -0.2797 -0.2797 -0.2797 -0.2797 -0.2797 -0.2797 -0.2899 -0.2899 -0.2899 -0.2899 -0.2899 -0.2899 -0.2899 -0.2990 0.0242 0.0242 0.2372 -0.1175 
fb3 = -0.2499 -0.2698 -0.2698 -0.2698 -0.2698 -0.2698 -0.2698 -0.2698 -0.2797 -0.2797 -0.2797 -0.2797 -0.2797 -0.2797 -0.2797 -0.2899 -0.2899 -0.2899 -0.2899 -0.2899 -0.2899 -0.2899 -0.2990 0.0242 0.0242 0.2373 -0.1175 
fb4 = -0.2498 -0.2697 -0.2697 -0.2697 -0.2697 -0.2697 -0.2697 -0.2697 -0.2797 -0.2797 -0.2797 -0.2797 -0.2797 -0.2797 -0.2797 -0.2899 -0.2899 -0.2899 -0.2899 -0.2899 -0.2899 -0.2899 -0.2989 0.0249 0.0249 0.2418 -0.1174 
I = 14.9000 9.4000 9.4000 9.4000 9.4000 9.4000 9.4000 9.4000 6.0000 6.0000 6.0000 6.0000 6.0000 6.0000 6.0000 2.0000 2.0000 2.0000 2.0000 2.0000 2.0000 2.0000 -2.0000 24.4960 24.4960 10.0000 -6.1326 
S1 = 0.0000 0.0000 0.0000 0.0000 0.0000 0.0000 0.0000 0.0000 0.0000 0.0000 0.0000 0.0000 0.0000 0.0000 0.0000 0.0000 0.0000 0.0000 0.0000 0.0000 0.0000 0.0000 0.0000 0.0000 0.0000 0.0000 0.0000 
S2 = 0.0000 0.0000 0.0000 0.0000 0.0000 0.0000 0.0000 0.0000 0.0000 0.0000 0.0000 0.0000 0.0000 0.0000 0.0000 0.0000 0.0000 0.0000 0.0000 0.0000 0.0000 0.0000 0.0000 0.4960 0.4960 0.0000 4.8674 
u = 9.2166 9.1817 9.1817 9.1817 9.1817 9.1817 9.1817 9.1817 9.1624 9.1624 9.1624 9.1624 9.1624 9.1624 9.1624 9.1415 9.1415 9.1415 9.1415 9.1415 9.1415 9.1415 9.1221 10.0730 10.0730 10.6295 9.6420 
v = 29.7081 24.3854 24.3854 24.3854 24.3854 24.3854 24.3854 24.3854 21.7080 21.7080 21.7080 21.7080 21.7080 21.7080 21.7080 18.9490 18.9490 18.9490 18.9490 18.9490 18.9490 18.9490 16.4995 56.5774 56.5774 113.6060 18.8540 
