ExternalI = 5.5000 0.0000 0.0000 0.0000 0.0000 0.0000 0.0000 0.0000 4.0000 4.0000 4.0000 4.0000 4.0000 4.0000 4.0000 0.0000 0.0000 0.0000 0.0000 0.0000 0.0000 0.0000 0.0000 8.0000 8.0000 0.0000 0.0000 
before u = 9.2166 9.1817 9.1817 9.1817 9.1817 9.1817 9.1817 9.1817 9.1624 9.1624 9.1624 9.1624 9.1624 9.1624 9.1624 9.1415 9.1415 9.1415 9.1415 9.1415 9.1415 9.1415 9.1221 10.0730 10.0730 10.6295 9.6420 
before v = 29.7081 24.3854 24.3854 24.3854 24.3854 24.3854 24.3854 24.3854 21.7080 21.7080 21.7080 21.7080 21.7080 21.7080 21.7080 18.9490 18.9490 18.9490 18.9490 18.9490 18.9490 18.9490 16.4995 56.5774 56.5774 113.6060 18.8540 
Ibias = 9.4000 9.4000 9.4000 9.4000 9.4000 9.4000 9.4000 9.4000 2.0000 2.0000 2.0000 2.0000 2.0000 2.0000 2.0000 2.0000 2.0000 2.0000 2.0000 2.0000 2.0000 2.0000 -2.0000 16.0000 16.0000 10.0000 -11.0000 
fa1 = 1.8619 0.8480 0.8480 0.8480 0.8480 0.8480 0.8480 0.8480 0.5631 0.5631 0.5631 0.5631 0.5631 0.5631 0.5631 0.3741 0.3741 0.3741 0.3741 0.3741 0.3741 0.3741 0.2688 32.7300 32.7300 234.8057 1.8726 
fa2 = 1.8573 0.8449 0.8449 0.8449 0.8449 0.8449 0.8449 0.8449 0.5609 0.5609 0.5609 0.5609 0.5609 0.5609 0.5609 0.3728 0.3728 0.3728 0.3728 0.3728 0.3728 0.3728 0.2680 32.9807 32.9807 242.0077 1.8592 
fa3 = 1.8573 0.8449 0.8449 0.8449 0.8449 0.8449 0.8449 0.8449 0.5609 0.5609 0.5609 0.5609 0.5609 0.5609 0.5609 0.3728 0.3728 0.3728 0.3728 0.3728 0.3728 0.3728 0.2680 32.9827 32.9827 242.2303 1.8593 
fa4 = 1.8528 0.8418 0.8418 0.8418 0.8418 0.8418 0.8418 0.8418 0.5588 0.5588 0.5588 0.5588 0.5588 0.5588 0.5588 0.3715 0.3715 0.3715 0.3715 0.3715 0.3715 0.3715 0.2673 33.2375 33.2375 249.7861 1.8460 
fb1 = -0.2498 -0.2697 -0.2697 -0.2697 -0.2697 -0.2697 -0.2697 -0.2697 -0.2797 -0.2797 -0.2797 -0.2797 -0.2797 -0.2797 -0.2797 -0.2899 -0.2899 -0.2899 -0.2899 -0.2899 -0.2899 -0.2899 -0.2989 0.0249 0.0249 0.2418 -0.1174 
fb2 = -0.2497 -0.2697 -0.2697 -0.2697 -0.2697 -0.2697 -0.2697 -0.2697 -0.2796 -0.2796 -0.2796 -0.2796 -0.2796 -0.2796 -0.2796 -0.2898 -0.2898 -0.2898 -0.2898 -0.2898 -0.2898 -0.2898 -0.2988 0.0255 0.0255 0.2465 -0.1174 
fb3 = -0.2497 -0.2697 -0.2697 -0.2697 -0.2697 -0.2697 -0.2697 -0.2697 -0.2796 -0.2796 -0.2796 -0.2796 -0.2796 -0.2796 -0.2796 -0.2898 -0.2898 -0.2898 -0.2898 -0.2898 -0.2898 -0.2898 -0.2988 0.0255 0.0255 0.2467 -0.1174 
fb4 = -0.2497 -0.2696 -0.2696 -0.2696 -0.2696 -0.2696 -0.2696 -0.2696 -0.2795 -0.2795 -0.2795 -0.2795 -0.2795 -0.2795 -0.2795 -0.2897 -0.2897 -0.2897 -0.2897 -0.2897 -0.2897 -0.2897 -0.2988 0.0262 0.0262 0.2515 -0.1173 
I = 14.9000 9.4000 9.4000 9.4000 9.4000 9.4000 9.4000 9.4000 6.0000 6.0000 6.0000 6.0000 6.0000 6.0000 6.0000 2.0000 2.0000 2.0000 2.0000 2.0000 2.0000 2.0000 -2.0000 24.4950 24.4950 10.0000 -6.1423 
S1 = 0.0000 0.0000 0.0000 0.0000 0.0000 0.0000 0.0000 0.0000 0.0000 0.0000 0.0000 0.0000 0.0000 0.0000 0.0000 0.0000 0.0000 0.0000 0.0000 0.0000 0.0000 0.0000 0.0000 0.0000 0.0000 0.0000 0.0000 
S2 = 0.0000 0.0000 0.0000 0.0000 0.0000 0.0000 0.0000 0.0000 0.0000 0.0000 0.0000 0.0000 0.0000 0.0000 0.0000 0.0000 0.0000 0.0000 0.0000 0.0000 0.0000 0.0000 0.0000 0.4950 0.4950 0.0000 4.8577 
u = 9.2141 9.1790 9.1790 9.1790 9.1790 9.1790 9.1790 9.1790 9.1596 9.1596 9.1596 9.1596 9.1596 9.1596 9.1596 9.1386 9.1386 9.1386 9.1386 9.1386 9.1386 9.1386 9.1191 10.0732 10.0732 10.6319 9.6408 
v = 29.7267 24.3939 24.3939 24.3939 24.3939 24.3939 24.3939 24.3939 21.7136 21.7136 21.7136 21.7136 21.7136 21.7136 21.7136 18.9527 18.9527 18.9527 18.9527 18.9527 18.9527 18.9527 16.5021 56.9073 56.9073 116.0278 18.8726 
