ExternalI = 5.5000 0.0000 0.0000 0.0000 0.0000 0.0000 0.0000 0.0000 4.0000 4.0000 4.0000 4.0000 4.0000 4.0000 4.0000 0.0000 0.0000 0.0000 0.0000 0.0000 0.0000 0.0000 0.0000 8.0000 8.0000 0.0000 0.0000 
before u = 9.2141 9.1790 9.1790 9.1790 9.1790 9.1790 9.1790 9.1790 9.1596 9.1596 9.1596 9.1596 9.1596 9.1596 9.1596 9.1386 9.1386 9.1386 9.1386 9.1386 9.1386 9.1386 9.1191 10.0732 10.0732 10.6319 9.6408 
before v = 29.7267 24.3939 24.3939 24.3939 24.3939 24.3939 24.3939 24.3939 21.7136 21.7136 21.7136 21.7136 21.7136 21.7136 21.7136 18.9527 18.9527 18.9527 18.9527 18.9527 18.9527 18.9527 16.5021 56.9073 56.9073 116.0278 18.8726 
Ibias = 9.4000 9.4000 9.4000 9.4000 9.4000 9.4000 9.4000 9.4000 2.0000 2.0000 2.0000 2.0000 2.0000 2.0000 2.0000 2.0000 2.0000 2.0000 2.0000 2.0000 2.0000 2.0000 -2.0000 16.0000 16.0000 10.0000 -11.0000 
fa1 = 1.8528 0.8418 0.8418 0.8418 0.8418 0.8418 0.8418 0.8418 0.5588 0.5588 0.5588 0.5588 0.5588 0.5588 0.5588 0.3715 0.3715 0.3715 0.3715 0.3715 0.3715 0.3715 0.2673 33.2365 33.2365 249.7828 1.8363 
fa2 = 1.8483 0.8388 0.8388 0.8388 0.8388 0.8388 0.8388 0.8388 0.5566 0.5566 0.5566 0.5566 0.5566 0.5566 0.5566 0.3702 0.3702 0.3702 0.3702 0.3702 0.3702 0.3702 0.2665 33.4955 33.4955 257.6899 1.8232 
fa3 = 1.8483 0.8388 0.8388 0.8388 0.8388 0.8388 0.8388 0.8388 0.5567 0.5567 0.5567 0.5567 0.5567 0.5567 0.5567 0.3702 0.3702 0.3702 0.3702 0.3702 0.3702 0.3702 0.2665 33.4975 33.4975 257.9423 1.8233 
fa4 = 1.8438 0.8357 0.8357 0.8357 0.8357 0.8357 0.8357 0.8357 0.5545 0.5545 0.5545 0.5545 0.5545 0.5545 0.5545 0.3689 0.3689 0.3689 0.3689 0.3689 0.3689 0.3689 0.2658 33.7608 33.7608 266.2509 1.8103 
fb1 = -0.2497 -0.2696 -0.2696 -0.2696 -0.2696 -0.2696 -0.2696 -0.2696 -0.2795 -0.2795 -0.2795 -0.2795 -0.2795 -0.2795 -0.2795 -0.2897 -0.2897 -0.2897 -0.2897 -0.2897 -0.2897 -0.2897 -0.2988 0.0262 0.0262 0.2515 -0.1173 
fb2 = -0.2496 -0.2695 -0.2695 -0.2695 -0.2695 -0.2695 -0.2695 -0.2695 -0.2795 -0.2795 -0.2795 -0.2795 -0.2795 -0.2795 -0.2795 -0.2897 -0.2897 -0.2897 -0.2897 -0.2897 -0.2897 -0.2897 -0.2987 0.0268 0.0268 0.2564 -0.1173 
fb3 = -0.2496 -0.2695 -0.2695 -0.2695 -0.2695 -0.2695 -0.2695 -0.2695 -0.2795 -0.2795 -0.2795 -0.2795 -0.2795 -0.2795 -0.2795 -0.2897 -0.2897 -0.2897 -0.2897 -0.2897 -0.2897 -0.2897 -0.2987 0.0268 0.0268 0.2566 -0.1173 
fb4 = -0.2495 -0.2694 -0.2694 -0.2694 -0.2694 -0.2694 -0.2694 -0.2694 -0.2794 -0.2794 -0.2794 -0.2794 -0.2794 -0.2794 -0.2794 -0.2896 -0.2896 -0.2896 -0.2896 -0.2896 -0.2896 -0.2896 -0.2986 0.0275 0.0275 0.2617 -0.1172 
I = 14.9000 9.4000 9.4000 9.4000 9.4000 9.4000 9.4000 9.4000 6.0000 6.0000 6.0000 6.0000 6.0000 6.0000 6.0000 2.0000 2.0000 2.0000 2.0000 2.0000 2.0000 2.0000 -2.0000 24.4940 24.4940 10.0000 -6.1520 
S1 = 0.0000 0.0000 0.0000 0.0000 0.0000 0.0000 0.0000 0.0000 0.0000 0.0000 0.0000 0.0000 0.0000 0.0000 0.0000 0.0000 0.0000 0.0000 0.0000 0.0000 0.0000 0.0000 0.0000 0.0000 0.0000 0.0000 0.0000 
S2 = 0.0000 0.0000 0.0000 0.0000 0.0000 0.0000 0.0000 0.0000 0.0000 0.0000 0.0000 0.0000 0.0000 0.0000 0.0000 0.0000 0.0000 0.0000 0.0000 0.0000 0.0000 0.0000 0.0000 0.4940 0.4940 0.0000 4.8480 
u = 9.2117 9.1763 9.1763 9.1763 9.1763 9.1763 9.1763 9.1763 9.1568 9.1568 9.1568 9.1568 9.1568 9.1568 9.1568 9.1357 9.1357 9.1357 9.1357 9.1357 9.1357 9.1357 9.1162 10.0735 10.0735 10.6345 9.6396 
v = 29.7452 24.4023 24.4023 24.4023 24.4023 24.4023 24.4023 24.4023 21.7192 21.7192 21.7192 21.7192 21.7192 21.7192 21.7192 18.9564 18.9564 18.9564 18.9564 18.9564 18.9564 18.9564 16.5048 57.2422 57.2422 118.6067 18.8909 
