ExternalI = 5.5000 0.0000 0.0000 0.0000 0.0000 0.0000 0.0000 0.0000 4.0000 4.0000 4.0000 4.0000 4.0000 4.0000 4.0000 0.0000 0.0000 0.0000 0.0000 0.0000 0.0000 0.0000 0.0000 8.0000 8.0000 0.0000 0.0000 
before u = 9.2117 9.1763 9.1763 9.1763 9.1763 9.1763 9.1763 9.1763 9.1568 9.1568 9.1568 9.1568 9.1568 9.1568 9.1568 9.1357 9.1357 9.1357 9.1357 9.1357 9.1357 9.1357 9.1162 10.0735 10.0735 10.6345 9.6396 
before v = 29.7452 24.4023 24.4023 24.4023 24.4023 24.4023 24.4023 24.4023 21.7192 21.7192 21.7192 21.7192 21.7192 21.7192 21.7192 18.9564 18.9564 18.9564 18.9564 18.9564 18.9564 18.9564 16.5048 57.2422 57.2422 118.6067 18.8909 
Ibias = 9.4000 9.4000 9.4000 9.4000 9.4000 9.4000 9.4000 9.4000 2.0000 2.0000 2.0000 2.0000 2.0000 2.0000 2.0000 2.0000 2.0000 2.0000 2.0000 2.0000 2.0000 2.0000 -2.0000 16.0000 16.0000 10.0000 -11.0000 
fa1 = 1.8438 0.8357 0.8357 0.8357 0.8357 0.8357 0.8357 0.8357 0.5545 0.5545 0.5545 0.5545 0.5545 0.5545 0.5545 0.3689 0.3689 0.3689 0.3689 0.3689 0.3689 0.3689 0.2658 33.7598 33.7598 266.2471 1.8006 
fa2 = 1.8394 0.8327 0.8327 0.8327 0.8327 0.8327 0.8327 0.8327 0.5524 0.5524 0.5524 0.5524 0.5524 0.5524 0.5524 0.3676 0.3676 0.3676 0.3676 0.3676 0.3676 0.3676 0.2651 34.0274 34.0274 274.9544 1.7878 
fa3 = 1.8394 0.8327 0.8327 0.8327 0.8327 0.8327 0.8327 0.8327 0.5525 0.5525 0.5525 0.5525 0.5525 0.5525 0.5525 0.3676 0.3676 0.3676 0.3676 0.3676 0.3676 0.3676 0.2651 34.0295 34.0295 275.2416 1.7879 
fa4 = 1.8349 0.8297 0.8297 0.8297 0.8297 0.8297 0.8297 0.8297 0.5504 0.5504 0.5504 0.5504 0.5504 0.5504 0.5504 0.3663 0.3663 0.3663 0.3663 0.3663 0.3663 0.3663 0.2643 34.3016 34.3016 284.4066 1.7752 
fb1 = -0.2495 -0.2694 -0.2694 -0.2694 -0.2694 -0.2694 -0.2694 -0.2694 -0.2794 -0.2794 -0.2794 -0.2794 -0.2794 -0.2794 -0.2794 -0.2896 -0.2896 -0.2896 -0.2896 -0.2896 -0.2896 -0.2896 -0.2986 0.0275 0.0275 0.2617 -0.1172 
fb2 = -0.2494 -0.2694 -0.2694 -0.2694 -0.2694 -0.2694 -0.2694 -0.2694 -0.2793 -0.2793 -0.2793 -0.2793 -0.2793 -0.2793 -0.2793 -0.2895 -0.2895 -0.2895 -0.2895 -0.2895 -0.2895 -0.2895 -0.2986 0.0282 0.0282 0.2670 -0.1172 
fb3 = -0.2494 -0.2694 -0.2694 -0.2694 -0.2694 -0.2694 -0.2694 -0.2694 -0.2793 -0.2793 -0.2793 -0.2793 -0.2793 -0.2793 -0.2793 -0.2895 -0.2895 -0.2895 -0.2895 -0.2895 -0.2895 -0.2895 -0.2986 0.0282 0.0282 0.2672 -0.1172 
fb4 = -0.2493 -0.2693 -0.2693 -0.2693 -0.2693 -0.2693 -0.2693 -0.2693 -0.2793 -0.2793 -0.2793 -0.2793 -0.2793 -0.2793 -0.2793 -0.2895 -0.2895 -0.2895 -0.2895 -0.2895 -0.2895 -0.2895 -0.2985 0.0289 0.0289 0.2727 -0.1171 
I = 14.9000 9.4000 9.4000 9.4000 9.4000 9.4000 9.4000 9.4000 6.0000 6.0000 6.0000 6.0000 6.0000 6.0000 6.0000 2.0000 2.0000 2.0000 2.0000 2.0000 2.0000 2.0000 -2.0000 24.4930 24.4930 10.0000 -6.1617 
S1 = 0.0000 0.0000 0.0000 0.0000 0.0000 0.0000 0.0000 0.0000 0.0000 0.0000 0.0000 0.0000 0.0000 0.0000 0.0000 0.0000 0.0000 0.0000 0.0000 0.0000 0.0000 0.0000 0.0000 0.0000 0.0000 0.0000 0.0000 
S2 = 0.0000 0.0000 0.0000 0.0000 0.0000 0.0000 0.0000 0.0000 0.0000 0.0000 0.0000 0.0000 0.0000 0.0000 0.0000 0.0000 0.0000 0.0000 0.0000 0.0000 0.0000 0.0000 0.0000 0.4930 0.4930 0.0000 4.8383 
u = 9.2092 9.1736 9.1736 9.1736 9.1736 9.1736 9.1736 9.1736 9.1540 9.1540 9.1540 9.1540 9.1540 9.1540 9.1540 9.1328 9.1328 9.1328 9.1328 9.1328 9.1328 9.1328 9.1132 10.0738 10.0738 10.6372 9.6385 
v = 29.7636 24.4106 24.4106 24.4106 24.4106 24.4106 24.4106 24.4106 21.7247 21.7247 21.7247 21.7247 21.7247 21.7247 21.7247 18.9601 18.9601 18.9601 18.9601 18.9601 18.9601 18.9601 16.5074 57.5825 57.5825 121.3584 18.9087 
