ExternalI = 5.5000 0.0000 0.0000 0.0000 0.0000 0.0000 0.0000 0.0000 4.0000 4.0000 4.0000 4.0000 4.0000 4.0000 4.0000 0.0000 0.0000 0.0000 0.0000 0.0000 0.0000 0.0000 0.0000 8.0000 8.0000 0.0000 0.0000 
before u = 9.2092 9.1736 9.1736 9.1736 9.1736 9.1736 9.1736 9.1736 9.1540 9.1540 9.1540 9.1540 9.1540 9.1540 9.1540 9.1328 9.1328 9.1328 9.1328 9.1328 9.1328 9.1328 9.1132 10.0738 10.0738 10.6372 9.6385 
before v = 29.7636 24.4106 24.4106 24.4106 24.4106 24.4106 24.4106 24.4106 21.7247 21.7247 21.7247 21.7247 21.7247 21.7247 21.7247 18.9601 18.9601 18.9601 18.9601 18.9601 18.9601 18.9601 16.5074 57.5825 57.5825 121.3584 18.9087 
Ibias = 9.4000 9.4000 9.4000 9.4000 9.4000 9.4000 9.4000 9.4000 2.0000 2.0000 2.0000 2.0000 2.0000 2.0000 2.0000 2.0000 2.0000 2.0000 2.0000 2.0000 2.0000 2.0000 -2.0000 16.0000 16.0000 10.0000 -11.0000 
fa1 = 1.8349 0.8297 0.8297 0.8297 0.8297 0.8297 0.8297 0.8297 0.5504 0.5504 0.5504 0.5504 0.5504 0.5504 0.5504 0.3663 0.3663 0.3663 0.3663 0.3663 0.3663 0.3663 0.2643 34.3006 34.3006 284.4020 1.7655 
fa2 = 1.8305 0.8267 0.8267 0.8267 0.8267 0.8267 0.8267 0.8267 0.5483 0.5483 0.5483 0.5483 0.5483 0.5483 0.5483 0.3651 0.3651 0.3651 0.3651 0.3651 0.3651 0.3651 0.2636 34.5772 34.5772 294.0214 1.7530 
fa3 = 1.8305 0.8267 0.8267 0.8267 0.8267 0.8267 0.8267 0.8267 0.5483 0.5483 0.5483 0.5483 0.5483 0.5483 0.5483 0.3651 0.3651 0.3651 0.3651 0.3651 0.3651 0.3651 0.2636 34.5794 34.5794 294.3496 1.7531 
fa4 = 1.8261 0.8238 0.8238 0.8238 0.8238 0.8238 0.8238 0.8238 0.5462 0.5462 0.5462 0.5462 0.5462 0.5462 0.5462 0.3638 0.3638 0.3638 0.3638 0.3638 0.3638 0.3638 0.2629 34.8607 34.8607 304.4928 1.7406 
fb1 = -0.2493 -0.2693 -0.2693 -0.2693 -0.2693 -0.2693 -0.2693 -0.2693 -0.2793 -0.2793 -0.2793 -0.2793 -0.2793 -0.2793 -0.2793 -0.2895 -0.2895 -0.2895 -0.2895 -0.2895 -0.2895 -0.2895 -0.2985 0.0289 0.0289 0.2727 -0.1171 
fb2 = -0.2492 -0.2692 -0.2692 -0.2692 -0.2692 -0.2692 -0.2692 -0.2692 -0.2792 -0.2792 -0.2792 -0.2792 -0.2792 -0.2792 -0.2792 -0.2894 -0.2894 -0.2894 -0.2894 -0.2894 -0.2894 -0.2894 -0.2984 0.0295 0.0295 0.2784 -0.1171 
fb3 = -0.2492 -0.2692 -0.2692 -0.2692 -0.2692 -0.2692 -0.2692 -0.2692 -0.2792 -0.2792 -0.2792 -0.2792 -0.2792 -0.2792 -0.2792 -0.2894 -0.2894 -0.2894 -0.2894 -0.2894 -0.2894 -0.2894 -0.2984 0.0295 0.0295 0.2785 -0.1171 
fb4 = -0.2491 -0.2692 -0.2692 -0.2692 -0.2692 -0.2692 -0.2692 -0.2692 -0.2791 -0.2791 -0.2791 -0.2791 -0.2791 -0.2791 -0.2791 -0.2893 -0.2893 -0.2893 -0.2893 -0.2893 -0.2893 -0.2893 -0.2984 0.0302 0.0302 0.2844 -0.1170 
I = 14.9000 9.4000 9.4000 9.4000 9.4000 9.4000 9.4000 9.4000 6.0000 6.0000 6.0000 6.0000 6.0000 6.0000 6.0000 2.0000 2.0000 2.0000 2.0000 2.0000 2.0000 2.0000 -2.0000 24.4921 24.4921 10.0000 -6.1714 
S1 = 0.0000 0.0000 0.0000 0.0000 0.0000 0.0000 0.0000 0.0000 0.0000 0.0000 0.0000 0.0000 0.0000 0.0000 0.0000 0.0000 0.0000 0.0000 0.0000 0.0000 0.0000 0.0000 0.0000 0.0000 0.0000 0.0000 0.0000 
S2 = 0.0000 0.0000 0.0000 0.0000 0.0000 0.0000 0.0000 0.0000 0.0000 0.0000 0.0000 0.0000 0.0000 0.0000 0.0000 0.0000 0.0000 0.0000 0.0000 0.0000 0.0000 0.0000 0.0000 0.4921 0.4921 0.0000 4.8286 
u = 9.2067 9.1709 9.1709 9.1709 9.1709 9.1709 9.1709 9.1709 9.1512 9.1512 9.1512 9.1512 9.1512 9.1512 9.1512 9.1299 9.1299 9.1299 9.1299 9.1299 9.1299 9.1299 9.1102 10.0741 10.0741 10.6400 9.6373 
v = 29.7819 24.4189 24.4189 24.4189 24.4189 24.4189 24.4189 24.4189 21.7302 21.7302 21.7302 21.7302 21.7302 21.7302 21.7302 18.9637 18.9637 18.9637 18.9637 18.9637 18.9637 18.9637 16.5101 57.9283 57.9283 124.3011 18.9263 
