ExternalI = 5.5000 0.0000 0.0000 0.0000 0.0000 0.0000 0.0000 0.0000 4.0000 4.0000 4.0000 4.0000 4.0000 4.0000 4.0000 0.0000 0.0000 0.0000 0.0000 0.0000 0.0000 0.0000 0.0000 8.0000 8.0000 0.0000 0.0000 
before u = 9.2067 9.1709 9.1709 9.1709 9.1709 9.1709 9.1709 9.1709 9.1512 9.1512 9.1512 9.1512 9.1512 9.1512 9.1512 9.1299 9.1299 9.1299 9.1299 9.1299 9.1299 9.1299 9.1102 10.0741 10.0741 10.6400 9.6373 
before v = 29.7819 24.4189 24.4189 24.4189 24.4189 24.4189 24.4189 24.4189 21.7302 21.7302 21.7302 21.7302 21.7302 21.7302 21.7302 18.9637 18.9637 18.9637 18.9637 18.9637 18.9637 18.9637 16.5101 57.9283 57.9283 124.3011 18.9263 
Ibias = 9.4000 9.4000 9.4000 9.4000 9.4000 9.4000 9.4000 9.4000 2.0000 2.0000 2.0000 2.0000 2.0000 2.0000 2.0000 2.0000 2.0000 2.0000 2.0000 2.0000 2.0000 2.0000 -2.0000 16.0000 16.0000 10.0000 -11.0000 
fa1 = 1.8261 0.8238 0.8238 0.8238 0.8238 0.8238 0.8238 0.8238 0.5462 0.5462 0.5462 0.5462 0.5462 0.5462 0.5462 0.3638 0.3638 0.3638 0.3638 0.3638 0.3638 0.3638 0.2629 34.8597 34.8597 304.4874 1.7310 
fa2 = 1.8217 0.8208 0.8208 0.8208 0.8208 0.8208 0.8208 0.8208 0.5442 0.5442 0.5442 0.5442 0.5442 0.5442 0.5442 0.3626 0.3626 0.3626 0.3626 0.3626 0.3626 0.3626 0.2622 35.1456 35.1456 315.1507 1.7187 
fa3 = 1.8217 0.8208 0.8208 0.8208 0.8208 0.8208 0.8208 0.8208 0.5442 0.5442 0.5442 0.5442 0.5442 0.5442 0.5442 0.3626 0.3626 0.3626 0.3626 0.3626 0.3626 0.3626 0.2622 35.1479 35.1479 315.5275 1.7188 
fa4 = 1.8174 0.8179 0.8179 0.8179 0.8179 0.8179 0.8179 0.8179 0.5422 0.5422 0.5422 0.5422 0.5422 0.5422 0.5422 0.3613 0.3613 0.3613 0.3613 0.3613 0.3613 0.3613 0.2615 35.4387 35.4387 326.7933 1.7066 
fb1 = -0.2491 -0.2692 -0.2692 -0.2692 -0.2692 -0.2692 -0.2692 -0.2692 -0.2791 -0.2791 -0.2791 -0.2791 -0.2791 -0.2791 -0.2791 -0.2893 -0.2893 -0.2893 -0.2893 -0.2893 -0.2893 -0.2893 -0.2984 0.0302 0.0302 0.2844 -0.1170 
fb2 = -0.2491 -0.2691 -0.2691 -0.2691 -0.2691 -0.2691 -0.2691 -0.2691 -0.2791 -0.2791 -0.2791 -0.2791 -0.2791 -0.2791 -0.2791 -0.2893 -0.2893 -0.2893 -0.2893 -0.2893 -0.2893 -0.2893 -0.2983 0.0309 0.0309 0.2905 -0.1170 
fb3 = -0.2491 -0.2691 -0.2691 -0.2691 -0.2691 -0.2691 -0.2691 -0.2691 -0.2791 -0.2791 -0.2791 -0.2791 -0.2791 -0.2791 -0.2791 -0.2893 -0.2893 -0.2893 -0.2893 -0.2893 -0.2893 -0.2893 -0.2983 0.0309 0.0309 0.2907 -0.1170 
fb4 = -0.2490 -0.2690 -0.2690 -0.2690 -0.2690 -0.2690 -0.2690 -0.2690 -0.2790 -0.2790 -0.2790 -0.2790 -0.2790 -0.2790 -0.2790 -0.2892 -0.2892 -0.2892 -0.2892 -0.2892 -0.2892 -0.2892 -0.2982 0.0316 0.0316 0.2970 -0.1169 
I = 14.9000 9.4000 9.4000 9.4000 9.4000 9.4000 9.4000 9.4000 6.0000 6.0000 6.0000 6.0000 6.0000 6.0000 6.0000 2.0000 2.0000 2.0000 2.0000 2.0000 2.0000 2.0000 -2.0000 24.4911 24.4911 10.0000 -6.1811 
S1 = 0.0000 0.0000 0.0000 0.0000 0.0000 0.0000 0.0000 0.0000 0.0000 0.0000 0.0000 0.0000 0.0000 0.0000 0.0000 0.0000 0.0000 0.0000 0.0000 0.0000 0.0000 0.0000 0.0000 0.0000 0.0000 0.0000 0.0000 
S2 = 0.0000 0.0000 0.0000 0.0000 0.0000 0.0000 0.0000 0.0000 0.0000 0.0000 0.0000 0.0000 0.0000 0.0000 0.0000 0.0000 0.0000 0.0000 0.0000 0.0000 0.0000 0.0000 0.0000 0.4911 0.4911 0.0000 4.8189 
u = 9.2042 9.1682 9.1682 9.1682 9.1682 9.1682 9.1682 9.1682 9.1484 9.1484 9.1484 9.1484 9.1484 9.1484 9.1484 9.1270 9.1270 9.1270 9.1270 9.1270 9.1270 9.1270 9.1072 10.0744 10.0744 10.6429 9.6361 
v = 29.8001 24.4271 24.4271 24.4271 24.4271 24.4271 24.4271 24.4271 21.7356 21.7356 21.7356 21.7356 21.7356 21.7356 21.7356 18.9674 18.9674 18.9674 18.9674 18.9674 18.9674 18.9674 16.5127 58.2798 58.2798 127.4555 18.9435 
