ExternalI = 5.5000 0.0000 0.0000 0.0000 0.0000 0.0000 0.0000 0.0000 4.0000 4.0000 4.0000 4.0000 4.0000 4.0000 4.0000 0.0000 0.0000 0.0000 0.0000 0.0000 0.0000 0.0000 0.0000 8.0000 8.0000 0.0000 0.0000 
before u = 9.2042 9.1682 9.1682 9.1682 9.1682 9.1682 9.1682 9.1682 9.1484 9.1484 9.1484 9.1484 9.1484 9.1484 9.1484 9.1270 9.1270 9.1270 9.1270 9.1270 9.1270 9.1270 9.1072 10.0744 10.0744 10.6429 9.6361 
before v = 29.8001 24.4271 24.4271 24.4271 24.4271 24.4271 24.4271 24.4271 21.7356 21.7356 21.7356 21.7356 21.7356 21.7356 21.7356 18.9674 18.9674 18.9674 18.9674 18.9674 18.9674 18.9674 16.5127 58.2798 58.2798 127.4555 18.9435 
Ibias = 9.4000 9.4000 9.4000 9.4000 9.4000 9.4000 9.4000 9.4000 2.0000 2.0000 2.0000 2.0000 2.0000 2.0000 2.0000 2.0000 2.0000 2.0000 2.0000 2.0000 2.0000 2.0000 -2.0000 16.0000 16.0000 10.0000 -11.0000 
fa1 = 1.8174 0.8179 0.8179 0.8179 0.8179 0.8179 0.8179 0.8179 0.5422 0.5422 0.5422 0.5422 0.5422 0.5422 0.5422 0.3613 0.3613 0.3613 0.3613 0.3613 0.3613 0.3613 0.2615 35.4377 35.4377 326.7869 1.6970 
fa2 = 1.8130 0.8149 0.8149 0.8149 0.8149 0.8149 0.8149 0.8149 0.5401 0.5401 0.5401 0.5401 0.5401 0.5401 0.5401 0.3601 0.3601 0.3601 0.3601 0.3601 0.3601 0.3601 0.2608 35.7334 35.7334 338.6508 1.6850 
fa3 = 1.8130 0.8149 0.8149 0.8149 0.8149 0.8149 0.8149 0.8149 0.5402 0.5402 0.5402 0.5402 0.5402 0.5402 0.5402 0.3601 0.3601 0.3601 0.3601 0.3601 0.3601 0.3601 0.2608 35.7359 35.7359 339.0855 1.6850 
fa4 = 1.8087 0.8120 0.8120 0.8120 0.8120 0.8120 0.8120 0.8120 0.5381 0.5381 0.5381 0.5381 0.5381 0.5381 0.5381 0.3589 0.3589 0.3589 0.3589 0.3589 0.3589 0.3589 0.2601 36.0366 36.0366 351.6459 1.6731 
fb1 = -0.2490 -0.2690 -0.2690 -0.2690 -0.2690 -0.2690 -0.2690 -0.2690 -0.2790 -0.2790 -0.2790 -0.2790 -0.2790 -0.2790 -0.2790 -0.2892 -0.2892 -0.2892 -0.2892 -0.2892 -0.2892 -0.2892 -0.2982 0.0316 0.0316 0.2970 -0.1169 
fb2 = -0.2489 -0.2689 -0.2689 -0.2689 -0.2689 -0.2689 -0.2689 -0.2689 -0.2789 -0.2789 -0.2789 -0.2789 -0.2789 -0.2789 -0.2789 -0.2891 -0.2891 -0.2891 -0.2891 -0.2891 -0.2891 -0.2891 -0.2982 0.0323 0.0323 0.3035 -0.1169 
fb3 = -0.2489 -0.2689 -0.2689 -0.2689 -0.2689 -0.2689 -0.2689 -0.2689 -0.2789 -0.2789 -0.2789 -0.2789 -0.2789 -0.2789 -0.2789 -0.2891 -0.2891 -0.2891 -0.2891 -0.2891 -0.2891 -0.2891 -0.2982 0.0323 0.0323 0.3037 -0.1169 
fb4 = -0.2488 -0.2689 -0.2689 -0.2689 -0.2689 -0.2689 -0.2689 -0.2689 -0.2789 -0.2789 -0.2789 -0.2789 -0.2789 -0.2789 -0.2789 -0.2891 -0.2891 -0.2891 -0.2891 -0.2891 -0.2891 -0.2891 -0.2981 0.0331 0.0331 0.3105 -0.1169 
I = 14.9000 9.4000 9.4000 9.4000 9.4000 9.4000 9.4000 9.4000 6.0000 6.0000 6.0000 6.0000 6.0000 6.0000 6.0000 2.0000 2.0000 2.0000 2.0000 2.0000 2.0000 2.0000 -2.0000 24.4901 24.4901 10.0000 -6.1907 
S1 = 0.0000 0.0000 0.0000 0.0000 0.0000 0.0000 0.0000 0.0000 0.0000 0.0000 0.0000 0.0000 0.0000 0.0000 0.0000 0.0000 0.0000 0.0000 0.0000 0.0000 0.0000 0.0000 0.0000 0.0000 0.0000 0.0000 0.0000 
S2 = 0.0000 0.0000 0.0000 0.0000 0.0000 0.0000 0.0000 0.0000 0.0000 0.0000 0.0000 0.0000 0.0000 0.0000 0.0000 0.0000 0.0000 0.0000 0.0000 0.0000 0.0000 0.0000 0.0000 0.4901 0.4901 0.0000 4.8093 
u = 9.2017 9.1655 9.1655 9.1655 9.1655 9.1655 9.1655 9.1655 9.1457 9.1457 9.1457 9.1457 9.1457 9.1457 9.1457 9.1241 9.1241 9.1241 9.1241 9.1241 9.1241 9.1241 9.1042 10.0747 10.0747 10.6459 9.6350 
v = 29.8183 24.4352 24.4352 24.4352 24.4352 24.4352 24.4352 24.4352 21.7410 21.7410 21.7410 21.7410 21.7410 21.7410 21.7410 18.9710 18.9710 18.9710 18.9710 18.9710 18.9710 18.9710 16.5153 58.6372 58.6372 130.8454 18.9603 
