ExternalI = 5.5000 0.0000 0.0000 0.0000 0.0000 0.0000 0.0000 0.0000 4.0000 4.0000 4.0000 4.0000 4.0000 4.0000 4.0000 0.0000 0.0000 0.0000 0.0000 0.0000 0.0000 0.0000 0.0000 8.0000 8.0000 0.0000 0.0000 
before u = 9.2017 9.1655 9.1655 9.1655 9.1655 9.1655 9.1655 9.1655 9.1457 9.1457 9.1457 9.1457 9.1457 9.1457 9.1457 9.1241 9.1241 9.1241 9.1241 9.1241 9.1241 9.1241 9.1042 10.0747 10.0747 10.7459 9.6350 
before v = 29.8183 24.4352 24.4352 24.4352 24.4352 24.4352 24.4352 24.4352 21.7410 21.7410 21.7410 21.7410 21.7410 21.7410 21.7410 18.9710 18.9710 18.9710 18.9710 18.9710 18.9710 18.9710 16.5153 58.6372 58.6372 60.5000 18.9603 
Ibias = 9.4000 9.4000 9.4000 9.4000 9.4000 9.4000 9.4000 9.4000 2.0000 2.0000 2.0000 2.0000 2.0000 2.0000 2.0000 2.0000 2.0000 2.0000 2.0000 2.0000 2.0000 2.0000 -2.0000 16.0000 16.0000 10.0000 -11.0000 
fa1 = 1.8087 0.8120 0.8120 0.8120 0.8120 0.8120 0.8120 0.8120 0.5381 0.5381 0.5381 0.5381 0.5381 0.5381 0.5381 0.3589 0.3589 0.3589 0.3589 0.3589 0.3589 0.3589 0.2601 36.0356 36.0356 24.1641 3.1635 
fa2 = 1.8044 0.8091 0.8091 0.8091 0.8091 0.8091 0.8091 0.8091 0.5361 0.5361 0.5361 0.5361 0.5361 0.5361 0.5361 0.3577 0.3577 0.3577 0.3577 0.3577 0.3577 0.3577 0.2594 36.3414 36.3414 24.3869 3.1406 
fa3 = 1.8044 0.8091 0.8091 0.8091 0.8091 0.8091 0.8091 0.8091 0.5362 0.5362 0.5362 0.5362 0.5362 0.5362 0.5362 0.3577 0.3577 0.3577 0.3577 0.3577 0.3577 0.3577 0.2594 36.3440 36.3440 24.3889 3.1408 
fa4 = 1.8001 0.8063 0.8063 0.8063 0.8063 0.8063 0.8063 0.8063 0.5342 0.5342 0.5342 0.5342 0.5342 0.5342 0.5342 0.3565 0.3565 0.3565 0.3565 0.3565 0.3565 0.3565 0.2587 36.6551 36.6551 24.6150 3.1181 
fb1 = -0.2488 -0.2689 -0.2689 -0.2689 -0.2689 -0.2689 -0.2689 -0.2689 -0.2789 -0.2789 -0.2789 -0.2789 -0.2789 -0.2789 -0.2789 -0.2891 -0.2891 -0.2891 -0.2891 -0.2891 -0.2891 -0.2891 -0.2981 0.0331 0.0331 0.0271 -0.1169 
fb2 = -0.2487 -0.2688 -0.2688 -0.2688 -0.2688 -0.2688 -0.2688 -0.2688 -0.2788 -0.2788 -0.2788 -0.2788 -0.2788 -0.2788 -0.2788 -0.2890 -0.2890 -0.2890 -0.2890 -0.2890 -0.2890 -0.2890 -0.2980 0.0338 0.0338 0.0276 -0.1168 
fb3 = -0.2487 -0.2688 -0.2688 -0.2688 -0.2688 -0.2688 -0.2688 -0.2688 -0.2788 -0.2788 -0.2788 -0.2788 -0.2788 -0.2788 -0.2788 -0.2890 -0.2890 -0.2890 -0.2890 -0.2890 -0.2890 -0.2890 -0.2980 0.0338 0.0338 0.0276 -0.1168 
fb4 = -0.2486 -0.2687 -0.2687 -0.2687 -0.2687 -0.2687 -0.2687 -0.2687 -0.2787 -0.2787 -0.2787 -0.2787 -0.2787 -0.2787 -0.2787 -0.2890 -0.2890 -0.2890 -0.2890 -0.2890 -0.2890 -0.2890 -0.2980 0.0345 0.0345 0.0281 -0.1167 
I = 14.9000 9.4000 9.4000 9.4000 9.4000 9.4000 9.4000 9.4000 6.0000 6.0000 6.0000 6.0000 6.0000 6.0000 6.0000 2.0000 2.0000 2.0000 2.0000 2.0000 2.0000 2.0000 -2.0000 24.4891 24.4891 10.0000 -4.7003 
S1 = 0.0000 0.0000 0.0000 0.0000 0.0000 0.0000 0.0000 0.0000 0.0000 0.0000 0.0000 0.0000 0.0000 0.0000 0.0000 0.0000 0.0000 0.0000 0.0000 0.0000 0.0000 0.0000 0.0000 0.0000 0.0000 0.0000 0.0000 
S2 = 0.0000 0.0000 0.0000 0.0000 0.0000 0.0000 0.0000 0.0000 0.0000 0.0000 0.0000 0.0000 0.0000 0.0000 0.0000 0.0000 0.0000 0.0000 0.0000 0.0000 0.0000 0.0000 0.0000 0.4891 0.4891 0.0000 6.2997 
u = 9.1992 9.1628 9.1628 9.1628 9.1628 9.1628 9.1628 9.1628 9.1429 9.1429 9.1429 9.1429 9.1429 9.1429 9.1429 9.1213 9.1213 9.1213 9.1213 9.1213 9.1213 9.1213 9.1012 10.0750 10.0750 10.7462 9.6338 
v = 29.8363 24.4433 24.4433 24.4433 24.4433 24.4433 24.4433 24.4433 21.7464 21.7464 21.7464 21.7464 21.7464 21.7464 21.7464 18.9745 18.9745 18.9745 18.9745 18.9745 18.9745 18.9745 16.5179 59.0006 59.0006 60.7439 18.9917 
