ExternalI = 5.5000 0.0000 0.0000 0.0000 0.0000 0.0000 0.0000 0.0000 4.0000 4.0000 4.0000 4.0000 4.0000 4.0000 4.0000 0.0000 0.0000 0.0000 0.0000 0.0000 0.0000 0.0000 0.0000 8.0000 8.0000 0.0000 0.0000 
before u = 9.1992 9.1628 9.1628 9.1628 9.1628 9.1628 9.1628 9.1628 9.1429 9.1429 9.1429 9.1429 9.1429 9.1429 9.1429 9.1213 9.1213 9.1213 9.1213 9.1213 9.1213 9.1213 9.1012 10.0750 10.0750 10.7462 9.6338 
before v = 29.8363 24.4433 24.4433 24.4433 24.4433 24.4433 24.4433 24.4433 21.7464 21.7464 21.7464 21.7464 21.7464 21.7464 21.7464 18.9745 18.9745 18.9745 18.9745 18.9745 18.9745 18.9745 16.5179 59.0006 59.0006 60.7439 18.9917 
Ibias = 9.4000 9.4000 9.4000 9.4000 9.4000 9.4000 9.4000 9.4000 2.0000 2.0000 2.0000 2.0000 2.0000 2.0000 2.0000 2.0000 2.0000 2.0000 2.0000 2.0000 2.0000 2.0000 -2.0000 16.0000 16.0000 10.0000 -11.0000 
fa1 = 1.8001 0.8063 0.8063 0.8063 0.8063 0.8063 0.8063 0.8063 0.5342 0.5342 0.5342 0.5342 0.5342 0.5342 0.5342 0.3565 0.3565 0.3565 0.3565 0.3565 0.3565 0.3565 0.2587 36.6541 36.6541 24.6150 3.1055 
fa2 = 1.7958 0.8034 0.8034 0.8034 0.8034 0.8034 0.8034 0.8034 0.5322 0.5322 0.5322 0.5322 0.5322 0.5322 0.5322 0.3553 0.3553 0.3553 0.3553 0.3553 0.3553 0.3553 0.2580 36.9705 36.9705 24.8443 3.0831 
fa3 = 1.7958 0.8034 0.8034 0.8034 0.8034 0.8034 0.8034 0.8034 0.5322 0.5322 0.5322 0.5322 0.5322 0.5322 0.5322 0.3553 0.3553 0.3553 0.3553 0.3553 0.3553 0.3553 0.2580 36.9733 36.9733 24.8464 3.0833 
fa4 = 1.7916 0.8006 0.8006 0.8006 0.8006 0.8006 0.8006 0.8006 0.5303 0.5303 0.5303 0.5303 0.5303 0.5303 0.5303 0.3541 0.3541 0.3541 0.3541 0.3541 0.3541 0.3541 0.2573 37.2952 37.2952 25.0792 3.0611 
fb1 = -0.2486 -0.2687 -0.2687 -0.2687 -0.2687 -0.2687 -0.2687 -0.2687 -0.2787 -0.2787 -0.2787 -0.2787 -0.2787 -0.2787 -0.2787 -0.2890 -0.2890 -0.2890 -0.2890 -0.2890 -0.2890 -0.2890 -0.2980 0.0345 0.0345 0.0281 -0.1167 
fb2 = -0.2485 -0.2687 -0.2687 -0.2687 -0.2687 -0.2687 -0.2687 -0.2687 -0.2787 -0.2787 -0.2787 -0.2787 -0.2787 -0.2787 -0.2787 -0.2889 -0.2889 -0.2889 -0.2889 -0.2889 -0.2889 -0.2889 -0.2979 0.0352 0.0352 0.0285 -0.1166 
fb3 = -0.2485 -0.2687 -0.2687 -0.2687 -0.2687 -0.2687 -0.2687 -0.2687 -0.2787 -0.2787 -0.2787 -0.2787 -0.2787 -0.2787 -0.2787 -0.2889 -0.2889 -0.2889 -0.2889 -0.2889 -0.2889 -0.2889 -0.2979 0.0352 0.0352 0.0285 -0.1166 
fb4 = -0.2485 -0.2686 -0.2686 -0.2686 -0.2686 -0.2686 -0.2686 -0.2686 -0.2786 -0.2786 -0.2786 -0.2786 -0.2786 -0.2786 -0.2786 -0.2888 -0.2888 -0.2888 -0.2888 -0.2888 -0.2888 -0.2888 -0.2978 0.0360 0.0360 0.0290 -0.1166 
I = 14.9000 9.4000 9.4000 9.4000 9.4000 9.4000 9.4000 9.4000 6.0000 6.0000 6.0000 6.0000 6.0000 6.0000 6.0000 2.0000 2.0000 2.0000 2.0000 2.0000 2.0000 2.0000 -2.0000 24.4881 24.4881 10.0000 -4.7129 
S1 = 0.0000 0.0000 0.0000 0.0000 0.0000 0.0000 0.0000 0.0000 0.0000 0.0000 0.0000 0.0000 0.0000 0.0000 0.0000 0.0000 0.0000 0.0000 0.0000 0.0000 0.0000 0.0000 0.0000 0.0000 0.0000 0.0000 0.0000 
S2 = 0.0000 0.0000 0.0000 0.0000 0.0000 0.0000 0.0000 0.0000 0.0000 0.0000 0.0000 0.0000 0.0000 0.0000 0.0000 0.0000 0.0000 0.0000 0.0000 0.0000 0.0000 0.0000 0.0000 0.4881 0.4881 0.0000 6.2871 
u = 9.1967 9.1601 9.1601 9.1601 9.1601 9.1601 9.1601 9.1601 9.1401 9.1401 9.1401 9.1401 9.1401 9.1401 9.1401 9.1184 9.1184 9.1184 9.1184 9.1184 9.1184 9.1184 9.0983 10.0754 10.0754 10.7465 9.6326 
v = 29.8543 24.4514 24.4514 24.4514 24.4514 24.4514 24.4514 24.4514 21.7517 21.7517 21.7517 21.7517 21.7517 21.7517 21.7517 18.9781 18.9781 18.9781 18.9781 18.9781 18.9781 18.9781 16.5205 59.3703 59.3703 60.9923 19.0226 
