ExternalI = 5.5000 0.0000 0.0000 0.0000 0.0000 0.0000 0.0000 0.0000 4.0000 4.0000 4.0000 4.0000 4.0000 4.0000 4.0000 0.0000 0.0000 0.0000 0.0000 0.0000 0.0000 0.0000 0.0000 8.0000 8.0000 0.0000 0.0000 
before u = 9.1967 9.1601 9.1601 9.1601 9.1601 9.1601 9.1601 9.1601 9.1401 9.1401 9.1401 9.1401 9.1401 9.1401 9.1401 9.1184 9.1184 9.1184 9.1184 9.1184 9.1184 9.1184 9.0983 10.0754 10.0754 10.7465 9.6326 
before v = 29.8543 24.4514 24.4514 24.4514 24.4514 24.4514 24.4514 24.4514 21.7517 21.7517 21.7517 21.7517 21.7517 21.7517 21.7517 18.9781 18.9781 18.9781 18.9781 18.9781 18.9781 18.9781 16.5205 59.3703 59.3703 60.9923 19.0226 
Ibias = 9.4000 9.4000 9.4000 9.4000 9.4000 9.4000 9.4000 9.4000 2.0000 2.0000 2.0000 2.0000 2.0000 2.0000 2.0000 2.0000 2.0000 2.0000 2.0000 2.0000 2.0000 2.0000 -2.0000 16.0000 16.0000 10.0000 -11.0000 
fa1 = 1.7916 0.8006 0.8006 0.8006 0.8006 0.8006 0.8006 0.8006 0.5303 0.5303 0.5303 0.5303 0.5303 0.5303 0.5303 0.3541 0.3541 0.3541 0.3541 0.3541 0.3541 0.3541 0.2573 37.2942 37.2942 25.0792 3.0485 
fa2 = 1.7874 0.7977 0.7977 0.7977 0.7977 0.7977 0.7977 0.7977 0.5283 0.5283 0.5283 0.5283 0.5283 0.5283 0.5283 0.3529 0.3529 0.3529 0.3529 0.3529 0.3529 0.3529 0.2567 37.6217 37.6217 25.3153 3.0266 
fa3 = 1.7874 0.7977 0.7977 0.7977 0.7977 0.7977 0.7977 0.7977 0.5283 0.5283 0.5283 0.5283 0.5283 0.5283 0.5283 0.3529 0.3529 0.3529 0.3529 0.3529 0.3529 0.3529 0.2567 37.6246 37.6246 25.3175 3.0267 
fa4 = 1.7831 0.7949 0.7949 0.7949 0.7949 0.7949 0.7949 0.7949 0.5264 0.5264 0.5264 0.5264 0.5264 0.5264 0.5264 0.3518 0.3518 0.3518 0.3518 0.3518 0.3518 0.3518 0.2560 37.9578 37.9578 25.5572 3.0050 
fb1 = -0.2485 -0.2686 -0.2686 -0.2686 -0.2686 -0.2686 -0.2686 -0.2686 -0.2786 -0.2786 -0.2786 -0.2786 -0.2786 -0.2786 -0.2786 -0.2888 -0.2888 -0.2888 -0.2888 -0.2888 -0.2888 -0.2888 -0.2978 0.0360 0.0360 0.0290 -0.1166 
fb2 = -0.2484 -0.2685 -0.2685 -0.2685 -0.2685 -0.2685 -0.2685 -0.2685 -0.2785 -0.2785 -0.2785 -0.2785 -0.2785 -0.2785 -0.2785 -0.2888 -0.2888 -0.2888 -0.2888 -0.2888 -0.2888 -0.2888 -0.2978 0.0367 0.0367 0.0295 -0.1165 
fb3 = -0.2484 -0.2685 -0.2685 -0.2685 -0.2685 -0.2685 -0.2685 -0.2685 -0.2785 -0.2785 -0.2785 -0.2785 -0.2785 -0.2785 -0.2785 -0.2888 -0.2888 -0.2888 -0.2888 -0.2888 -0.2888 -0.2888 -0.2978 0.0367 0.0367 0.0295 -0.1165 
fb4 = -0.2483 -0.2685 -0.2685 -0.2685 -0.2685 -0.2685 -0.2685 -0.2685 -0.2785 -0.2785 -0.2785 -0.2785 -0.2785 -0.2785 -0.2785 -0.2887 -0.2887 -0.2887 -0.2887 -0.2887 -0.2887 -0.2887 -0.2977 0.0375 0.0375 0.0300 -0.1164 
I = 14.9000 9.4000 9.4000 9.4000 9.4000 9.4000 9.4000 9.4000 6.0000 6.0000 6.0000 6.0000 6.0000 6.0000 6.0000 2.0000 2.0000 2.0000 2.0000 2.0000 2.0000 2.0000 -2.0000 24.4872 24.4872 10.0000 -4.7255 
S1 = 0.0000 0.0000 0.0000 0.0000 0.0000 0.0000 0.0000 0.0000 0.0000 0.0000 0.0000 0.0000 0.0000 0.0000 0.0000 0.0000 0.0000 0.0000 0.0000 0.0000 0.0000 0.0000 0.0000 0.0000 0.0000 0.0000 0.0000 
S2 = 0.0000 0.0000 0.0000 0.0000 0.0000 0.0000 0.0000 0.0000 0.0000 0.0000 0.0000 0.0000 0.0000 0.0000 0.0000 0.0000 0.0000 0.0000 0.0000 0.0000 0.0000 0.0000 0.0000 0.4872 0.4872 0.0000 6.2745 
u = 9.1942 9.1574 9.1574 9.1574 9.1574 9.1574 9.1574 9.1574 9.1373 9.1373 9.1373 9.1373 9.1373 9.1373 9.1373 9.1155 9.1155 9.1155 9.1155 9.1155 9.1155 9.1155 9.0953 10.0757 10.0757 10.7468 9.6315 
v = 29.8721 24.4593 24.4593 24.4593 24.4593 24.4593 24.4593 24.4593 21.7570 21.7570 21.7570 21.7570 21.7570 21.7570 21.7570 18.9816 18.9816 18.9816 18.9816 18.9816 18.9816 18.9816 16.5231 59.7466 59.7466 61.2455 19.0528 
