ExternalI = 5.5000 0.0000 0.0000 0.0000 0.0000 0.0000 0.0000 0.0000 4.0000 4.0000 4.0000 4.0000 4.0000 4.0000 4.0000 0.0000 0.0000 0.0000 0.0000 0.0000 0.0000 0.0000 0.0000 8.0000 8.0000 0.0000 0.0000 
before u = 9.1942 9.1574 9.1574 9.1574 9.1574 9.1574 9.1574 9.1574 9.1373 9.1373 9.1373 9.1373 9.1373 9.1373 9.1373 9.1155 9.1155 9.1155 9.1155 9.1155 9.1155 9.1155 9.0953 10.0757 10.0757 10.7468 9.6315 
before v = 29.8721 24.4593 24.4593 24.4593 24.4593 24.4593 24.4593 24.4593 21.7570 21.7570 21.7570 21.7570 21.7570 21.7570 21.7570 18.9816 18.9816 18.9816 18.9816 18.9816 18.9816 18.9816 16.5231 59.7466 59.7466 61.2455 19.0528 
Ibias = 9.4000 9.4000 9.4000 9.4000 9.4000 9.4000 9.4000 9.4000 2.0000 2.0000 2.0000 2.0000 2.0000 2.0000 2.0000 2.0000 2.0000 2.0000 2.0000 2.0000 2.0000 2.0000 -2.0000 16.0000 16.0000 10.0000 -11.0000 
fa1 = 1.7831 0.7949 0.7949 0.7949 0.7949 0.7949 0.7949 0.7949 0.5264 0.5264 0.5264 0.5264 0.5264 0.5264 0.5264 0.3518 0.3518 0.3518 0.3518 0.3518 0.3518 0.3518 0.2560 37.9568 37.9568 25.5572 2.9924 
fa2 = 1.7790 0.7921 0.7921 0.7921 0.7921 0.7921 0.7921 0.7921 0.5245 0.5245 0.5245 0.5245 0.5245 0.5245 0.5245 0.3506 0.3506 0.3506 0.3506 0.3506 0.3506 0.3506 0.2554 38.2958 38.2958 25.8005 2.9709 
fa3 = 1.7790 0.7921 0.7921 0.7921 0.7921 0.7921 0.7921 0.7921 0.5245 0.5245 0.5245 0.5245 0.5245 0.5245 0.5245 0.3506 0.3506 0.3506 0.3506 0.3506 0.3506 0.3506 0.2554 38.2989 38.2989 25.8028 2.9711 
fa4 = 1.7748 0.7893 0.7893 0.7893 0.7893 0.7893 0.7893 0.7893 0.5226 0.5226 0.5226 0.5226 0.5226 0.5226 0.5226 0.3494 0.3494 0.3494 0.3494 0.3494 0.3494 0.3494 0.2547 38.6439 38.6439 26.0497 2.9498 
fb1 = -0.2483 -0.2685 -0.2685 -0.2685 -0.2685 -0.2685 -0.2685 -0.2685 -0.2785 -0.2785 -0.2785 -0.2785 -0.2785 -0.2785 -0.2785 -0.2887 -0.2887 -0.2887 -0.2887 -0.2887 -0.2887 -0.2887 -0.2977 0.0375 0.0375 0.0300 -0.1164 
fb2 = -0.2482 -0.2684 -0.2684 -0.2684 -0.2684 -0.2684 -0.2684 -0.2684 -0.2784 -0.2784 -0.2784 -0.2784 -0.2784 -0.2784 -0.2784 -0.2886 -0.2886 -0.2886 -0.2886 -0.2886 -0.2886 -0.2886 -0.2977 0.0382 0.0382 0.0306 -0.1163 
fb3 = -0.2482 -0.2684 -0.2684 -0.2684 -0.2684 -0.2684 -0.2684 -0.2684 -0.2784 -0.2784 -0.2784 -0.2784 -0.2784 -0.2784 -0.2784 -0.2886 -0.2886 -0.2886 -0.2886 -0.2886 -0.2886 -0.2886 -0.2977 0.0382 0.0382 0.0306 -0.1163 
fb4 = -0.2481 -0.2683 -0.2683 -0.2683 -0.2683 -0.2683 -0.2683 -0.2683 -0.2783 -0.2783 -0.2783 -0.2783 -0.2783 -0.2783 -0.2783 -0.2886 -0.2886 -0.2886 -0.2886 -0.2886 -0.2886 -0.2886 -0.2976 0.0390 0.0390 0.0311 -0.1163 
I = 14.9000 9.4000 9.4000 9.4000 9.4000 9.4000 9.4000 9.4000 6.0000 6.0000 6.0000 6.0000 6.0000 6.0000 6.0000 2.0000 2.0000 2.0000 2.0000 2.0000 2.0000 2.0000 -2.0000 24.4862 24.4862 10.0000 -4.7381 
S1 = 0.0000 0.0000 0.0000 0.0000 0.0000 0.0000 0.0000 0.0000 0.0000 0.0000 0.0000 0.0000 0.0000 0.0000 0.0000 0.0000 0.0000 0.0000 0.0000 0.0000 0.0000 0.0000 0.0000 0.0000 0.0000 0.0000 0.0000 
S2 = 0.0000 0.0000 0.0000 0.0000 0.0000 0.0000 0.0000 0.0000 0.0000 0.0000 0.0000 0.0000 0.0000 0.0000 0.0000 0.0000 0.0000 0.0000 0.0000 0.0000 0.0000 0.0000 0.0000 0.4862 0.4862 0.0000 6.2619 
u = 9.1917 9.1547 9.1547 9.1547 9.1547 9.1547 9.1547 9.1547 9.1345 9.1345 9.1345 9.1345 9.1345 9.1345 9.1345 9.1126 9.1126 9.1126 9.1126 9.1126 9.1126 9.1126 9.0923 10.0761 10.0761 10.7471 9.6303 
v = 29.8899 24.4673 24.4673 24.4673 24.4673 24.4673 24.4673 24.4673 21.7623 21.7623 21.7623 21.7623 21.7623 21.7623 21.7623 18.9851 18.9851 18.9851 18.9851 18.9851 18.9851 18.9851 16.5256 60.1295 60.1295 61.5035 19.0825 
