ExternalI = 5.5000 0.0000 0.0000 0.0000 0.0000 0.0000 0.0000 0.0000 4.0000 4.0000 4.0000 4.0000 4.0000 4.0000 4.0000 0.0000 0.0000 0.0000 0.0000 0.0000 0.0000 0.0000 0.0000 8.0000 8.0000 0.0000 0.0000 
before u = 9.1917 9.1547 9.1547 9.1547 9.1547 9.1547 9.1547 9.1547 9.1345 9.1345 9.1345 9.1345 9.1345 9.1345 9.1345 9.1126 9.1126 9.1126 9.1126 9.1126 9.1126 9.1126 9.0923 10.0761 10.0761 10.7471 9.6303 
before v = 29.8899 24.4673 24.4673 24.4673 24.4673 24.4673 24.4673 24.4673 21.7623 21.7623 21.7623 21.7623 21.7623 21.7623 21.7623 18.9851 18.9851 18.9851 18.9851 18.9851 18.9851 18.9851 16.5256 60.1295 60.1295 61.5035 19.0825 
Ibias = 9.4000 9.4000 9.4000 9.4000 9.4000 9.4000 9.4000 9.4000 2.0000 2.0000 2.0000 2.0000 2.0000 2.0000 2.0000 2.0000 2.0000 2.0000 2.0000 2.0000 2.0000 2.0000 -2.0000 16.0000 16.0000 10.0000 -11.0000 
fa1 = 1.7748 0.7893 0.7893 0.7893 0.7893 0.7893 0.7893 0.7893 0.5226 0.5226 0.5226 0.5226 0.5226 0.5226 0.5226 0.3494 0.3494 0.3494 0.3494 0.3494 0.3494 0.3494 0.2547 38.6429 38.6429 26.0497 2.9373 
fa2 = 1.7706 0.7866 0.7866 0.7866 0.7866 0.7866 0.7866 0.7866 0.5207 0.5207 0.5207 0.5207 0.5207 0.5207 0.5207 0.3483 0.3483 0.3483 0.3483 0.3483 0.3483 0.3483 0.2541 38.9940 38.9940 26.3004 2.9162 
fa3 = 1.7706 0.7866 0.7866 0.7866 0.7866 0.7866 0.7866 0.7866 0.5207 0.5207 0.5207 0.5207 0.5207 0.5207 0.5207 0.3483 0.3483 0.3483 0.3483 0.3483 0.3483 0.3483 0.2541 38.9972 38.9972 26.3028 2.9164 
fa4 = 1.7665 0.7838 0.7838 0.7838 0.7838 0.7838 0.7838 0.7838 0.5188 0.5188 0.5188 0.5188 0.5188 0.5188 0.5188 0.3472 0.3472 0.3472 0.3472 0.3472 0.3472 0.3472 0.2534 39.3546 39.3546 26.5573 2.8955 
fb1 = -0.2481 -0.2683 -0.2683 -0.2683 -0.2683 -0.2683 -0.2683 -0.2683 -0.2783 -0.2783 -0.2783 -0.2783 -0.2783 -0.2783 -0.2783 -0.2886 -0.2886 -0.2886 -0.2886 -0.2886 -0.2886 -0.2886 -0.2976 0.0390 0.0390 0.0311 -0.1163 
fb2 = -0.2480 -0.2683 -0.2683 -0.2683 -0.2683 -0.2683 -0.2683 -0.2683 -0.2783 -0.2783 -0.2783 -0.2783 -0.2783 -0.2783 -0.2783 -0.2885 -0.2885 -0.2885 -0.2885 -0.2885 -0.2885 -0.2885 -0.2975 0.0398 0.0398 0.0316 -0.1162 
fb3 = -0.2480 -0.2683 -0.2683 -0.2683 -0.2683 -0.2683 -0.2683 -0.2683 -0.2783 -0.2783 -0.2783 -0.2783 -0.2783 -0.2783 -0.2783 -0.2885 -0.2885 -0.2885 -0.2885 -0.2885 -0.2885 -0.2885 -0.2975 0.0398 0.0398 0.0316 -0.1162 
fb4 = -0.2479 -0.2682 -0.2682 -0.2682 -0.2682 -0.2682 -0.2682 -0.2682 -0.2782 -0.2782 -0.2782 -0.2782 -0.2782 -0.2782 -0.2782 -0.2884 -0.2884 -0.2884 -0.2884 -0.2884 -0.2884 -0.2884 -0.2975 0.0405 0.0405 0.0321 -0.1161 
I = 14.9000 9.4000 9.4000 9.4000 9.4000 9.4000 9.4000 9.4000 6.0000 6.0000 6.0000 6.0000 6.0000 6.0000 6.0000 2.0000 2.0000 2.0000 2.0000 2.0000 2.0000 2.0000 -2.0000 24.4852 24.4852 10.0000 -4.7506 
S1 = 0.0000 0.0000 0.0000 0.0000 0.0000 0.0000 0.0000 0.0000 0.0000 0.0000 0.0000 0.0000 0.0000 0.0000 0.0000 0.0000 0.0000 0.0000 0.0000 0.0000 0.0000 0.0000 0.0000 0.0000 0.0000 0.0000 0.0000 
S2 = 0.0000 0.0000 0.0000 0.0000 0.0000 0.0000 0.0000 0.0000 0.0000 0.0000 0.0000 0.0000 0.0000 0.0000 0.0000 0.0000 0.0000 0.0000 0.0000 0.0000 0.0000 0.0000 0.0000 0.4852 0.4852 0.0000 6.2494 
u = 9.1893 9.1521 9.1521 9.1521 9.1521 9.1521 9.1521 9.1521 9.1317 9.1317 9.1317 9.1317 9.1317 9.1317 9.1317 9.1097 9.1097 9.1097 9.1097 9.1097 9.1097 9.1097 9.0893 10.0765 10.0765 10.7474 9.6291 
v = 29.9076 24.4751 24.4751 24.4751 24.4751 24.4751 24.4751 24.4751 21.7675 21.7675 21.7675 21.7675 21.7675 21.7675 21.7675 18.9886 18.9886 18.9886 18.9886 18.9886 18.9886 18.9886 16.5281 60.5195 60.5195 61.7666 19.1117 
