ExternalI = 5.5000 0.0000 0.0000 0.0000 0.0000 0.0000 0.0000 0.0000 4.0000 4.0000 4.0000 4.0000 4.0000 4.0000 4.0000 0.0000 0.0000 0.0000 0.0000 0.0000 0.0000 0.0000 0.0000 8.0000 8.0000 0.0000 0.0000 
before u = 9.1893 9.1521 9.1521 9.1521 9.1521 9.1521 9.1521 9.1521 9.1317 9.1317 9.1317 9.1317 9.1317 9.1317 9.1317 9.1097 9.1097 9.1097 9.1097 9.1097 9.1097 9.1097 9.0893 10.0765 10.0765 10.7474 9.6291 
before v = 29.9076 24.4751 24.4751 24.4751 24.4751 24.4751 24.4751 24.4751 21.7675 21.7675 21.7675 21.7675 21.7675 21.7675 21.7675 18.9886 18.9886 18.9886 18.9886 18.9886 18.9886 18.9886 16.5281 60.5195 60.5195 61.7666 19.1117 
Ibias = 9.4000 9.4000 9.4000 9.4000 9.4000 9.4000 9.4000 9.4000 2.0000 2.0000 2.0000 2.0000 2.0000 2.0000 2.0000 2.0000 2.0000 2.0000 2.0000 2.0000 2.0000 2.0000 -2.0000 16.0000 16.0000 10.0000 -11.0000 
fa1 = 1.7665 0.7838 0.7838 0.7838 0.7838 0.7838 0.7838 0.7838 0.5188 0.5188 0.5188 0.5188 0.5188 0.5188 0.5188 0.3472 0.3472 0.3472 0.3472 0.3472 0.3472 0.3472 0.2534 39.3536 39.3536 26.5573 2.8830 
fa2 = 1.7624 0.7811 0.7811 0.7811 0.7811 0.7811 0.7811 0.7811 0.5169 0.5169 0.5169 0.5169 0.5169 0.5169 0.5169 0.3460 0.3460 0.3460 0.3460 0.3460 0.3460 0.3460 0.2528 39.7173 39.7173 26.8156 2.8624 
fa3 = 1.7624 0.7811 0.7811 0.7811 0.7811 0.7811 0.7811 0.7811 0.5169 0.5169 0.5169 0.5169 0.5169 0.5169 0.5169 0.3461 0.3461 0.3461 0.3461 0.3461 0.3461 0.3461 0.2528 39.7207 39.7207 26.8181 2.8625 
fa4 = 1.7583 0.7784 0.7784 0.7784 0.7784 0.7784 0.7784 0.7784 0.5151 0.5151 0.5151 0.5151 0.5151 0.5151 0.5151 0.3449 0.3449 0.3449 0.3449 0.3449 0.3449 0.3449 0.2522 40.0910 40.0910 27.0804 2.8421 
fb1 = -0.2479 -0.2682 -0.2682 -0.2682 -0.2682 -0.2682 -0.2682 -0.2682 -0.2782 -0.2782 -0.2782 -0.2782 -0.2782 -0.2782 -0.2782 -0.2884 -0.2884 -0.2884 -0.2884 -0.2884 -0.2884 -0.2884 -0.2975 0.0405 0.0405 0.0321 -0.1161 
fb2 = -0.2479 -0.2681 -0.2681 -0.2681 -0.2681 -0.2681 -0.2681 -0.2681 -0.2781 -0.2781 -0.2781 -0.2781 -0.2781 -0.2781 -0.2781 -0.2884 -0.2884 -0.2884 -0.2884 -0.2884 -0.2884 -0.2884 -0.2974 0.0413 0.0413 0.0326 -0.1161 
fb3 = -0.2479 -0.2681 -0.2681 -0.2681 -0.2681 -0.2681 -0.2681 -0.2681 -0.2781 -0.2781 -0.2781 -0.2781 -0.2781 -0.2781 -0.2781 -0.2884 -0.2884 -0.2884 -0.2884 -0.2884 -0.2884 -0.2884 -0.2974 0.0413 0.0413 0.0327 -0.1161 
fb4 = -0.2478 -0.2680 -0.2680 -0.2680 -0.2680 -0.2680 -0.2680 -0.2680 -0.2781 -0.2781 -0.2781 -0.2781 -0.2781 -0.2781 -0.2781 -0.2883 -0.2883 -0.2883 -0.2883 -0.2883 -0.2883 -0.2883 -0.2973 0.0421 0.0421 0.0332 -0.1160 
I = 14.9000 9.4000 9.4000 9.4000 9.4000 9.4000 9.4000 9.4000 6.0000 6.0000 6.0000 6.0000 6.0000 6.0000 6.0000 2.0000 2.0000 2.0000 2.0000 2.0000 2.0000 2.0000 -2.0000 24.4842 24.4842 10.0000 -4.7631 
S1 = 0.0000 0.0000 0.0000 0.0000 0.0000 0.0000 0.0000 0.0000 0.0000 0.0000 0.0000 0.0000 0.0000 0.0000 0.0000 0.0000 0.0000 0.0000 0.0000 0.0000 0.0000 0.0000 0.0000 0.0000 0.0000 0.0000 0.0000 
S2 = 0.0000 0.0000 0.0000 0.0000 0.0000 0.0000 0.0000 0.0000 0.0000 0.0000 0.0000 0.0000 0.0000 0.0000 0.0000 0.0000 0.0000 0.0000 0.0000 0.0000 0.0000 0.0000 0.0000 0.4842 0.4842 0.0000 6.2369 
u = 9.1868 9.1494 9.1494 9.1494 9.1494 9.1494 9.1494 9.1494 9.1289 9.1289 9.1289 9.1289 9.1289 9.1289 9.1289 9.1068 9.1068 9.1068 9.1068 9.1068 9.1068 9.1068 9.0864 10.0769 10.0769 10.7477 9.6280 
v = 29.9252 24.4829 24.4829 24.4829 24.4829 24.4829 24.4829 24.4829 21.7726 21.7726 21.7726 21.7726 21.7726 21.7726 21.7726 18.9921 18.9921 18.9921 18.9921 18.9921 18.9921 18.9921 16.5307 60.9167 60.9167 62.0347 19.1403 
