ExternalI = 5.5000 0.0000 0.0000 0.0000 0.0000 0.0000 0.0000 0.0000 4.0000 4.0000 4.0000 4.0000 4.0000 4.0000 4.0000 0.0000 0.0000 0.0000 0.0000 0.0000 0.0000 0.0000 0.0000 8.0000 8.0000 0.0000 0.0000 
before u = 9.1868 9.1494 9.1494 9.1494 9.1494 9.1494 9.1494 9.1494 9.1289 9.1289 9.1289 9.1289 9.1289 9.1289 9.1289 9.1068 9.1068 9.1068 9.1068 9.1068 9.1068 9.1068 9.0864 10.0769 10.0769 10.7477 9.6280 
before v = 29.9252 24.4829 24.4829 24.4829 24.4829 24.4829 24.4829 24.4829 21.7726 21.7726 21.7726 21.7726 21.7726 21.7726 21.7726 18.9921 18.9921 18.9921 18.9921 18.9921 18.9921 18.9921 16.5307 60.9167 60.9167 62.0347 19.1403 
Ibias = 9.4000 9.4000 9.4000 9.4000 9.4000 9.4000 9.4000 9.4000 2.0000 2.0000 2.0000 2.0000 2.0000 2.0000 2.0000 2.0000 2.0000 2.0000 2.0000 2.0000 2.0000 2.0000 -2.0000 16.0000 16.0000 10.0000 -11.0000 
fa1 = 1.7583 0.7784 0.7784 0.7784 0.7784 0.7784 0.7784 0.7784 0.5151 0.5151 0.5151 0.5151 0.5151 0.5151 0.5151 0.3449 0.3449 0.3449 0.3449 0.3449 0.3449 0.3449 0.2522 40.0900 40.0900 27.0804 2.8296 
fa2 = 1.7542 0.7757 0.7757 0.7757 0.7757 0.7757 0.7757 0.7757 0.5132 0.5132 0.5132 0.5132 0.5132 0.5132 0.5132 0.3438 0.3438 0.3438 0.3438 0.3438 0.3438 0.3438 0.2515 40.4669 40.4669 27.3468 2.8094 
fa3 = 1.7542 0.7757 0.7757 0.7757 0.7757 0.7757 0.7757 0.7757 0.5132 0.5132 0.5132 0.5132 0.5132 0.5132 0.5132 0.3438 0.3438 0.3438 0.3438 0.3438 0.3438 0.3438 0.2515 40.4705 40.4705 27.3494 2.8095 
fa4 = 1.7501 0.7730 0.7730 0.7730 0.7730 0.7730 0.7730 0.7730 0.5114 0.5114 0.5114 0.5114 0.5114 0.5114 0.5114 0.3427 0.3427 0.3427 0.3427 0.3427 0.3427 0.3427 0.2509 40.8543 40.8543 27.6199 2.7895 
fb1 = -0.2478 -0.2680 -0.2680 -0.2680 -0.2680 -0.2680 -0.2680 -0.2680 -0.2781 -0.2781 -0.2781 -0.2781 -0.2781 -0.2781 -0.2781 -0.2883 -0.2883 -0.2883 -0.2883 -0.2883 -0.2883 -0.2883 -0.2973 0.0421 0.0421 0.0332 -0.1160 
fb2 = -0.2477 -0.2680 -0.2680 -0.2680 -0.2680 -0.2680 -0.2680 -0.2680 -0.2780 -0.2780 -0.2780 -0.2780 -0.2780 -0.2780 -0.2780 -0.2882 -0.2882 -0.2882 -0.2882 -0.2882 -0.2882 -0.2882 -0.2973 0.0429 0.0429 0.0337 -0.1159 
fb3 = -0.2477 -0.2680 -0.2680 -0.2680 -0.2680 -0.2680 -0.2680 -0.2680 -0.2780 -0.2780 -0.2780 -0.2780 -0.2780 -0.2780 -0.2780 -0.2882 -0.2882 -0.2882 -0.2882 -0.2882 -0.2882 -0.2882 -0.2973 0.0429 0.0429 0.0337 -0.1159 
fb4 = -0.2476 -0.2679 -0.2679 -0.2679 -0.2679 -0.2679 -0.2679 -0.2679 -0.2779 -0.2779 -0.2779 -0.2779 -0.2779 -0.2779 -0.2779 -0.2882 -0.2882 -0.2882 -0.2882 -0.2882 -0.2882 -0.2882 -0.2972 0.0437 0.0437 0.0343 -0.1159 
I = 14.9000 9.4000 9.4000 9.4000 9.4000 9.4000 9.4000 9.4000 6.0000 6.0000 6.0000 6.0000 6.0000 6.0000 6.0000 2.0000 2.0000 2.0000 2.0000 2.0000 2.0000 2.0000 -2.0000 24.4833 24.4833 10.0000 -4.7756 
S1 = 0.0000 0.0000 0.0000 0.0000 0.0000 0.0000 0.0000 0.0000 0.0000 0.0000 0.0000 0.0000 0.0000 0.0000 0.0000 0.0000 0.0000 0.0000 0.0000 0.0000 0.0000 0.0000 0.0000 0.0000 0.0000 0.0000 0.0000 
S2 = 0.0000 0.0000 0.0000 0.0000 0.0000 0.0000 0.0000 0.0000 0.0000 0.0000 0.0000 0.0000 0.0000 0.0000 0.0000 0.0000 0.0000 0.0000 0.0000 0.0000 0.0000 0.0000 0.0000 0.4833 0.4833 0.0000 6.2244 
u = 9.1843 9.1467 9.1467 9.1467 9.1467 9.1467 9.1467 9.1467 9.1262 9.1262 9.1262 9.1262 9.1262 9.1262 9.1262 9.1039 9.1039 9.1039 9.1039 9.1039 9.1039 9.1039 9.0834 10.0774 10.0774 10.7480 9.6268 
v = 29.9428 24.4907 24.4907 24.4907 24.4907 24.4907 24.4907 24.4907 21.7778 21.7778 21.7778 21.7778 21.7778 21.7778 21.7778 18.9955 18.9955 18.9955 18.9955 18.9955 18.9955 18.9955 16.5332 61.3214 61.3214 62.3082 19.1684 
