ExternalI = 5.5000 0.0000 0.0000 0.0000 0.0000 0.0000 0.0000 0.0000 4.0000 4.0000 4.0000 4.0000 4.0000 4.0000 4.0000 0.0000 0.0000 0.0000 0.0000 0.0000 0.0000 0.0000 0.0000 8.0000 8.0000 0.0000 0.0000 
before u = 9.1843 9.1467 9.1467 9.1467 9.1467 9.1467 9.1467 9.1467 9.1262 9.1262 9.1262 9.1262 9.1262 9.1262 9.1262 9.1039 9.1039 9.1039 9.1039 9.1039 9.1039 9.1039 9.0834 10.0774 10.0774 10.7480 9.6268 
before v = 29.9428 24.4907 24.4907 24.4907 24.4907 24.4907 24.4907 24.4907 21.7778 21.7778 21.7778 21.7778 21.7778 21.7778 21.7778 18.9955 18.9955 18.9955 18.9955 18.9955 18.9955 18.9955 16.5332 61.3214 61.3214 62.3082 19.1684 
Ibias = 9.4000 9.4000 9.4000 9.4000 9.4000 9.4000 9.4000 9.4000 2.0000 2.0000 2.0000 2.0000 2.0000 2.0000 2.0000 2.0000 2.0000 2.0000 2.0000 2.0000 2.0000 2.0000 -2.0000 16.0000 16.0000 10.0000 -11.0000 
fa1 = 1.7501 0.7730 0.7730 0.7730 0.7730 0.7730 0.7730 0.7730 0.5114 0.5114 0.5114 0.5114 0.5114 0.5114 0.5114 0.3427 0.3427 0.3427 0.3427 0.3427 0.3427 0.3427 0.2509 40.8533 40.8533 27.6199 2.7771 
fa2 = 1.7461 0.7703 0.7703 0.7703 0.7703 0.7703 0.7703 0.7703 0.5096 0.5096 0.5096 0.5096 0.5096 0.5096 0.5096 0.3416 0.3416 0.3416 0.3416 0.3416 0.3416 0.3416 0.2503 41.2441 41.2441 27.8945 2.7573 
fa3 = 1.7461 0.7703 0.7703 0.7703 0.7703 0.7703 0.7703 0.7703 0.5096 0.5096 0.5096 0.5096 0.5096 0.5096 0.5096 0.3416 0.3416 0.3416 0.3416 0.3416 0.3416 0.3416 0.2503 41.2478 41.2478 27.8973 2.7574 
fa4 = 1.7421 0.7676 0.7676 0.7676 0.7676 0.7676 0.7676 0.7676 0.5078 0.5078 0.5078 0.5078 0.5078 0.5078 0.5078 0.3405 0.3405 0.3405 0.3405 0.3405 0.3405 0.3405 0.2497 41.6458 41.6458 28.1763 2.7378 
fb1 = -0.2476 -0.2679 -0.2679 -0.2679 -0.2679 -0.2679 -0.2679 -0.2679 -0.2779 -0.2779 -0.2779 -0.2779 -0.2779 -0.2779 -0.2779 -0.2882 -0.2882 -0.2882 -0.2882 -0.2882 -0.2882 -0.2882 -0.2972 0.0437 0.0437 0.0343 -0.1159 
fb2 = -0.2475 -0.2678 -0.2678 -0.2678 -0.2678 -0.2678 -0.2678 -0.2678 -0.2779 -0.2779 -0.2779 -0.2779 -0.2779 -0.2779 -0.2779 -0.2881 -0.2881 -0.2881 -0.2881 -0.2881 -0.2881 -0.2881 -0.2971 0.0446 0.0446 0.0348 -0.1158 
fb3 = -0.2475 -0.2678 -0.2678 -0.2678 -0.2678 -0.2678 -0.2678 -0.2678 -0.2779 -0.2779 -0.2779 -0.2779 -0.2779 -0.2779 -0.2779 -0.2881 -0.2881 -0.2881 -0.2881 -0.2881 -0.2881 -0.2881 -0.2971 0.0446 0.0446 0.0348 -0.1158 
fb4 = -0.2474 -0.2678 -0.2678 -0.2678 -0.2678 -0.2678 -0.2678 -0.2678 -0.2778 -0.2778 -0.2778 -0.2778 -0.2778 -0.2778 -0.2778 -0.2880 -0.2880 -0.2880 -0.2880 -0.2880 -0.2880 -0.2880 -0.2971 0.0454 0.0454 0.0354 -0.1157 
I = 14.9000 9.4000 9.4000 9.4000 9.4000 9.4000 9.4000 9.4000 6.0000 6.0000 6.0000 6.0000 6.0000 6.0000 6.0000 2.0000 2.0000 2.0000 2.0000 2.0000 2.0000 2.0000 -2.0000 24.4823 24.4823 10.0000 -4.7880 
S1 = 0.0000 0.0000 0.0000 0.0000 0.0000 0.0000 0.0000 0.0000 0.0000 0.0000 0.0000 0.0000 0.0000 0.0000 0.0000 0.0000 0.0000 0.0000 0.0000 0.0000 0.0000 0.0000 0.0000 0.0000 0.0000 0.0000 0.0000 
S2 = 0.0000 0.0000 0.0000 0.0000 0.0000 0.0000 0.0000 0.0000 0.0000 0.0000 0.0000 0.0000 0.0000 0.0000 0.0000 0.0000 0.0000 0.0000 0.0000 0.0000 0.0000 0.0000 0.0000 0.4823 0.4823 0.0000 6.2120 
u = 9.1818 9.1440 9.1440 9.1440 9.1440 9.1440 9.1440 9.1440 9.1234 9.1234 9.1234 9.1234 9.1234 9.1234 9.1234 9.1011 9.1011 9.1011 9.1011 9.1011 9.1011 9.1011 9.0804 10.0778 10.0778 10.7484 9.6256 
v = 29.9602 24.4984 24.4984 24.4984 24.4984 24.4984 24.4984 24.4984 21.7829 21.7829 21.7829 21.7829 21.7829 21.7829 21.7829 18.9989 18.9989 18.9989 18.9989 18.9989 18.9989 18.9989 16.5357 61.7339 61.7339 62.5872 19.1960 
