ExternalI = 5.5000 0.0000 0.0000 0.0000 0.0000 0.0000 0.0000 0.0000 4.0000 4.0000 4.0000 4.0000 4.0000 4.0000 4.0000 0.0000 0.0000 0.0000 0.0000 0.0000 0.0000 0.0000 0.0000 8.0000 8.0000 0.0000 0.0000 
before u = 9.1818 9.1440 9.1440 9.1440 9.1440 9.1440 9.1440 9.1440 9.1234 9.1234 9.1234 9.1234 9.1234 9.1234 9.1234 9.1011 9.1011 9.1011 9.1011 9.1011 9.1011 9.1011 9.0804 10.0778 10.0778 10.7484 9.6256 
before v = 29.9602 24.4984 24.4984 24.4984 24.4984 24.4984 24.4984 24.4984 21.7829 21.7829 21.7829 21.7829 21.7829 21.7829 21.7829 18.9989 18.9989 18.9989 18.9989 18.9989 18.9989 18.9989 16.5357 61.7339 61.7339 62.5872 19.1960 
Ibias = 9.4000 9.4000 9.4000 9.4000 9.4000 9.4000 9.4000 9.4000 2.0000 2.0000 2.0000 2.0000 2.0000 2.0000 2.0000 2.0000 2.0000 2.0000 2.0000 2.0000 2.0000 2.0000 -2.0000 16.0000 16.0000 10.0000 -11.0000 
fa1 = 1.7421 0.7676 0.7676 0.7676 0.7676 0.7676 0.7676 0.7676 0.5078 0.5078 0.5078 0.5078 0.5078 0.5078 0.5078 0.3405 0.3405 0.3405 0.3405 0.3405 0.3405 0.3405 0.2497 41.6448 41.6448 28.1763 2.7254 
fa2 = 1.7381 0.7650 0.7650 0.7650 0.7650 0.7650 0.7650 0.7650 0.5060 0.5060 0.5060 0.5060 0.5060 0.5060 0.5060 0.3395 0.3395 0.3395 0.3395 0.3395 0.3395 0.3395 0.2491 42.0500 42.0500 28.4597 2.7060 
fa3 = 1.7381 0.7650 0.7650 0.7650 0.7650 0.7650 0.7650 0.7650 0.5060 0.5060 0.5060 0.5060 0.5060 0.5060 0.5060 0.3395 0.3395 0.3395 0.3395 0.3395 0.3395 0.3395 0.2491 42.0539 42.0539 28.4625 2.7062 
fa4 = 1.7341 0.7624 0.7624 0.7624 0.7624 0.7624 0.7624 0.7624 0.5042 0.5042 0.5042 0.5042 0.5042 0.5042 0.5042 0.3384 0.3384 0.3384 0.3384 0.3384 0.3384 0.3384 0.2485 42.4667 42.4667 28.7504 2.6870 
fb1 = -0.2474 -0.2678 -0.2678 -0.2678 -0.2678 -0.2678 -0.2678 -0.2678 -0.2778 -0.2778 -0.2778 -0.2778 -0.2778 -0.2778 -0.2778 -0.2880 -0.2880 -0.2880 -0.2880 -0.2880 -0.2880 -0.2880 -0.2971 0.0454 0.0454 0.0354 -0.1157 
fb2 = -0.2473 -0.2677 -0.2677 -0.2677 -0.2677 -0.2677 -0.2677 -0.2677 -0.2777 -0.2777 -0.2777 -0.2777 -0.2777 -0.2777 -0.2777 -0.2880 -0.2880 -0.2880 -0.2880 -0.2880 -0.2880 -0.2880 -0.2970 0.0462 0.0462 0.0359 -0.1157 
fb3 = -0.2473 -0.2677 -0.2677 -0.2677 -0.2677 -0.2677 -0.2677 -0.2677 -0.2777 -0.2777 -0.2777 -0.2777 -0.2777 -0.2777 -0.2777 -0.2880 -0.2880 -0.2880 -0.2880 -0.2880 -0.2880 -0.2880 -0.2970 0.0462 0.0462 0.0359 -0.1157 
fb4 = -0.2473 -0.2676 -0.2676 -0.2676 -0.2676 -0.2676 -0.2676 -0.2676 -0.2777 -0.2777 -0.2777 -0.2777 -0.2777 -0.2777 -0.2777 -0.2879 -0.2879 -0.2879 -0.2879 -0.2879 -0.2879 -0.2879 -0.2969 0.0471 0.0471 0.0365 -0.1156 
I = 14.9000 9.4000 9.4000 9.4000 9.4000 9.4000 9.4000 9.4000 6.0000 6.0000 6.0000 6.0000 6.0000 6.0000 6.0000 2.0000 2.0000 2.0000 2.0000 2.0000 2.0000 2.0000 -2.0000 24.4813 24.4813 10.0000 -4.8004 
S1 = 0.0000 0.0000 0.0000 0.0000 0.0000 0.0000 0.0000 0.0000 0.0000 0.0000 0.0000 0.0000 0.0000 0.0000 0.0000 0.0000 0.0000 0.0000 0.0000 0.0000 0.0000 0.0000 0.0000 0.0000 0.0000 0.0000 0.0000 
S2 = 0.0000 0.0000 0.0000 0.0000 0.0000 0.0000 0.0000 0.0000 0.0000 0.0000 0.0000 0.0000 0.0000 0.0000 0.0000 0.0000 0.0000 0.0000 0.0000 0.0000 0.0000 0.0000 0.0000 0.4813 0.4813 0.0000 6.1996 
u = 9.1794 9.1413 9.1413 9.1413 9.1413 9.1413 9.1413 9.1413 9.1206 9.1206 9.1206 9.1206 9.1206 9.1206 9.1206 9.0982 9.0982 9.0982 9.0982 9.0982 9.0982 9.0982 9.0774 10.0783 10.0783 10.7487 9.6245 
v = 29.9776 24.5060 24.5060 24.5060 24.5060 24.5060 24.5060 24.5060 21.7879 21.7879 21.7879 21.7879 21.7879 21.7879 21.7879 19.0023 19.0023 19.0023 19.0023 19.0023 19.0023 19.0023 16.5382 62.1544 62.1544 62.8718 19.2231 
