ExternalI = 5.5000 0.0000 0.0000 0.0000 0.0000 0.0000 0.0000 0.0000 4.0000 4.0000 4.0000 4.0000 4.0000 4.0000 4.0000 0.0000 0.0000 0.0000 0.0000 0.0000 0.0000 0.0000 0.0000 8.0000 8.0000 0.0000 0.0000 
before u = 9.1794 9.1413 9.1413 9.1413 9.1413 9.1413 9.1413 9.1413 9.1206 9.1206 9.1206 9.1206 9.1206 9.1206 9.1206 9.0982 9.0982 9.0982 9.0982 9.0982 9.0982 9.0982 9.0774 10.0783 10.0783 10.7487 9.6245 
before v = 29.9776 24.5060 24.5060 24.5060 24.5060 24.5060 24.5060 24.5060 21.7879 21.7879 21.7879 21.7879 21.7879 21.7879 21.7879 19.0023 19.0023 19.0023 19.0023 19.0023 19.0023 19.0023 16.5382 62.1544 62.1544 62.8718 19.2231 
Ibias = 9.4000 9.4000 9.4000 9.4000 9.4000 9.4000 9.4000 9.4000 2.0000 2.0000 2.0000 2.0000 2.0000 2.0000 2.0000 2.0000 2.0000 2.0000 2.0000 2.0000 2.0000 2.0000 -2.0000 16.0000 16.0000 10.0000 -11.0000 
fa1 = 1.7341 0.7624 0.7624 0.7624 0.7624 0.7624 0.7624 0.7624 0.5042 0.5042 0.5042 0.5042 0.5042 0.5042 0.5042 0.3384 0.3384 0.3384 0.3384 0.3384 0.3384 0.3384 0.2485 42.4657 42.4657 28.7504 2.6746 
fa2 = 1.7301 0.7597 0.7597 0.7597 0.7597 0.7597 0.7597 0.7597 0.5024 0.5024 0.5024 0.5024 0.5024 0.5024 0.5024 0.3373 0.3373 0.3373 0.3373 0.3373 0.3373 0.3373 0.2479 42.8861 42.8861 29.0428 2.6556 
fa3 = 1.7301 0.7598 0.7598 0.7598 0.7598 0.7598 0.7598 0.7598 0.5024 0.5024 0.5024 0.5024 0.5024 0.5024 0.5024 0.3373 0.3373 0.3373 0.3373 0.3373 0.3373 0.3373 0.2479 42.8902 42.8902 29.0458 2.6557 
fa4 = 1.7262 0.7571 0.7571 0.7571 0.7571 0.7571 0.7571 0.7571 0.5006 0.5006 0.5006 0.5006 0.5006 0.5006 0.5006 0.3363 0.3363 0.3363 0.3363 0.3363 0.3363 0.3363 0.2473 43.3185 43.3185 29.3430 2.6369 
fb1 = -0.2473 -0.2676 -0.2676 -0.2676 -0.2676 -0.2676 -0.2676 -0.2676 -0.2777 -0.2777 -0.2777 -0.2777 -0.2777 -0.2777 -0.2777 -0.2879 -0.2879 -0.2879 -0.2879 -0.2879 -0.2879 -0.2879 -0.2969 0.0471 0.0471 0.0365 -0.1156 
fb2 = -0.2472 -0.2676 -0.2676 -0.2676 -0.2676 -0.2676 -0.2676 -0.2676 -0.2776 -0.2776 -0.2776 -0.2776 -0.2776 -0.2776 -0.2776 -0.2879 -0.2879 -0.2879 -0.2879 -0.2879 -0.2879 -0.2879 -0.2969 0.0479 0.0479 0.0371 -0.1155 
fb3 = -0.2472 -0.2676 -0.2676 -0.2676 -0.2676 -0.2676 -0.2676 -0.2676 -0.2776 -0.2776 -0.2776 -0.2776 -0.2776 -0.2776 -0.2776 -0.2879 -0.2879 -0.2879 -0.2879 -0.2879 -0.2879 -0.2879 -0.2969 0.0479 0.0479 0.0371 -0.1155 
fb4 = -0.2471 -0.2675 -0.2675 -0.2675 -0.2675 -0.2675 -0.2675 -0.2675 -0.2775 -0.2775 -0.2775 -0.2775 -0.2775 -0.2775 -0.2775 -0.2878 -0.2878 -0.2878 -0.2878 -0.2878 -0.2878 -0.2878 -0.2968 0.0488 0.0488 0.0377 -0.1155 
I = 14.9000 9.4000 9.4000 9.4000 9.4000 9.4000 9.4000 9.4000 6.0000 6.0000 6.0000 6.0000 6.0000 6.0000 6.0000 2.0000 2.0000 2.0000 2.0000 2.0000 2.0000 2.0000 -2.0000 24.4804 24.4804 10.0000 -4.8128 
S1 = 0.0000 0.0000 0.0000 0.0000 0.0000 0.0000 0.0000 0.0000 0.0000 0.0000 0.0000 0.0000 0.0000 0.0000 0.0000 0.0000 0.0000 0.0000 0.0000 0.0000 0.0000 0.0000 0.0000 0.0000 0.0000 0.0000 0.0000 
S2 = 0.0000 0.0000 0.0000 0.0000 0.0000 0.0000 0.0000 0.0000 0.0000 0.0000 0.0000 0.0000 0.0000 0.0000 0.0000 0.0000 0.0000 0.0000 0.0000 0.0000 0.0000 0.0000 0.0000 0.4804 0.4804 0.0000 6.1872 
u = 9.1769 9.1387 9.1387 9.1387 9.1387 9.1387 9.1387 9.1387 9.1178 9.1178 9.1178 9.1178 9.1178 9.1178 9.1178 9.0953 9.0953 9.0953 9.0953 9.0953 9.0953 9.0953 9.0745 10.0788 10.0788 10.7491 9.6233 
v = 29.9949 24.5136 24.5136 24.5136 24.5136 24.5136 24.5136 24.5136 21.7929 21.7929 21.7929 21.7929 21.7929 21.7929 21.7929 19.0057 19.0057 19.0057 19.0057 19.0057 19.0057 19.0057 16.5407 62.5833 62.5833 63.1623 19.2496 
