ExternalI = 5.5000 0.0000 0.0000 0.0000 0.0000 0.0000 0.0000 0.0000 4.0000 4.0000 4.0000 4.0000 4.0000 4.0000 4.0000 0.0000 0.0000 0.0000 0.0000 0.0000 0.0000 0.0000 0.0000 8.0000 8.0000 0.0000 0.0000 
before u = 9.9035 9.9028 9.9028 9.9028 9.9028 9.9028 9.9028 9.9028 9.9024 9.9024 9.9024 9.9024 9.9024 9.9024 9.9024 9.9018 9.9018 9.9018 9.9018 9.9018 9.9018 9.9018 9.9013 9.9616 9.9616 10.0320 9.9570 
before v = 16.1915 14.9936 14.9936 14.9936 14.9936 14.9936 14.9936 14.9936 14.2582 14.2582 14.2582 14.2582 14.2582 14.2582 14.2582 13.3982 13.3982 13.3982 13.3982 13.3982 13.3982 13.3982 12.5436 20.4285 20.4285 90.3716 12.7503 
Ibias = 9.4000 9.4000 9.4000 9.4000 9.4000 9.4000 9.4000 9.4000 2.0000 2.0000 2.0000 2.0000 2.0000 2.0000 2.0000 2.0000 2.0000 2.0000 2.0000 2.0000 2.0000 2.0000 -2.0000 16.0000 16.0000 10.0000 -11.0000 
fa1 = 16.9085 13.5088 13.5088 13.5088 13.5088 13.5088 13.5088 13.5088 11.4548 11.4548 11.4548 11.4548 11.4548 11.4548 11.4548 9.0840 9.0840 9.0840 9.0840 9.0840 9.0840 9.0840 6.7615 29.4458 29.4458 115.5344 7.2950 
fa2 = 16.7664 13.3890 13.3890 13.3890 13.3890 13.3890 13.3890 13.3890 11.3501 11.3501 11.3501 11.3501 11.3501 11.3501 11.3501 8.9982 8.9982 8.9982 8.9982 8.9982 8.9982 8.9982 6.6958 29.2461 29.2461 117.9903 7.2236 
fa3 = 16.7676 13.3901 13.3901 13.3901 13.3901 13.3901 13.3901 13.3901 11.3511 11.3511 11.3511 11.3511 11.3511 11.3511 11.3511 8.9990 8.9990 8.9990 8.9990 8.9990 8.9990 8.9990 6.6965 29.2475 29.2475 118.0428 7.2243 
fa4 = 16.6271 13.2718 13.2718 13.2718 13.2718 13.2718 13.2718 13.2718 11.2477 11.2477 11.2477 11.2477 11.2477 11.2477 11.2477 8.9142 8.9142 8.9142 8.9142 8.9142 8.9142 8.9142 6.6315 29.0509 29.0509 120.5814 7.1536 
fb1 = -0.3314 -0.3361 -0.3361 -0.3361 -0.3361 -0.3361 -0.3361 -0.3361 -0.3391 -0.3391 -0.3391 -0.3391 -0.3391 -0.3391 -0.3391 -0.3425 -0.3425 -0.3425 -0.3425 -0.3425 -0.3425 -0.3425 -0.3459 -0.1175 -0.1175 0.1608 -0.1481 
fb2 = -0.3310 -0.3358 -0.3358 -0.3358 -0.3358 -0.3358 -0.3358 -0.3358 -0.3388 -0.3388 -0.3388 -0.3388 -0.3388 -0.3388 -0.3388 -0.3422 -0.3422 -0.3422 -0.3422 -0.3422 -0.3422 -0.3422 -0.3457 -0.1169 -0.1169 0.1631 -0.1480 
fb3 = -0.3310 -0.3358 -0.3358 -0.3358 -0.3358 -0.3358 -0.3358 -0.3358 -0.3388 -0.3388 -0.3388 -0.3388 -0.3388 -0.3388 -0.3388 -0.3422 -0.3422 -0.3422 -0.3422 -0.3422 -0.3422 -0.3422 -0.3457 -0.1169 -0.1169 0.1632 -0.1480 
fb4 = -0.3306 -0.3355 -0.3355 -0.3355 -0.3355 -0.3355 -0.3355 -0.3355 -0.3385 -0.3385 -0.3385 -0.3385 -0.3385 -0.3385 -0.3385 -0.3420 -0.3420 -0.3420 -0.3420 -0.3420 -0.3420 -0.3420 -0.3455 -0.1163 -0.1163 0.1655 -0.1478 
I = 14.9000 9.4000 9.4000 9.4000 9.4000 9.4000 9.4000 9.4000 6.0000 6.0000 6.0000 6.0000 6.0000 6.0000 6.0000 2.0000 2.0000 2.0000 2.0000 2.0000 2.0000 2.0000 -2.0000 24.0000 24.0000 10.0000 -11.0000 
S1 = 0.0000 0.0000 0.0000 0.0000 0.0000 0.0000 0.0000 0.0000 0.0000 0.0000 0.0000 0.0000 0.0000 0.0000 0.0000 0.0000 0.0000 0.0000 0.0000 0.0000 0.0000 0.0000 0.0000 0.0000 0.0000 0.0000 0.0000 
S2 = 0.0000 0.0000 0.0000 0.0000 0.0000 0.0000 0.0000 0.0000 0.0000 0.0000 0.0000 0.0000 0.0000 0.0000 0.0000 0.0000 0.0000 0.0000 0.0000 0.0000 0.0000 0.0000 0.0000 0.0000 0.0000 0.0000 0.0000 
u = 9.9002 9.8994 9.8994 9.8994 9.8994 9.8994 9.8994 9.8994 9.8990 9.8990 9.8990 9.8990 9.8990 9.8990 9.8990 9.8984 9.8984 9.8984 9.8984 9.8984 9.8984 9.8984 9.8979 9.9605 9.9605 10.0336 9.9555 
v = 16.3592 15.1275 15.1275 15.1275 15.1275 15.1275 15.1275 15.1275 14.3718 14.3718 14.3718 14.3718 14.3718 14.3718 14.3718 13.4882 13.4882 13.4882 13.4882 13.4882 13.4882 13.4882 12.6106 20.7210 20.7210 91.5519 12.8225 
