ExternalI = 5.5000 0.0000 0.0000 0.0000 0.0000 0.0000 0.0000 0.0000 4.0000 4.0000 4.0000 4.0000 4.0000 4.0000 4.0000 0.0000 0.0000 0.0000 0.0000 0.0000 0.0000 0.0000 0.0000 8.0000 8.0000 0.0000 0.0000 
before u = 9.1769 9.1387 9.1387 9.1387 9.1387 9.1387 9.1387 9.1387 9.1178 9.1178 9.1178 9.1178 9.1178 9.1178 9.1178 9.0953 9.0953 9.0953 9.0953 9.0953 9.0953 9.0953 9.0745 10.0788 10.0788 10.7491 9.6233 
before v = 29.9949 24.5136 24.5136 24.5136 24.5136 24.5136 24.5136 24.5136 21.7929 21.7929 21.7929 21.7929 21.7929 21.7929 21.7929 19.0057 19.0057 19.0057 19.0057 19.0057 19.0057 19.0057 16.5407 62.5833 62.5833 63.1623 19.2496 
Ibias = 9.4000 9.4000 9.4000 9.4000 9.4000 9.4000 9.4000 9.4000 2.0000 2.0000 2.0000 2.0000 2.0000 2.0000 2.0000 2.0000 2.0000 2.0000 2.0000 2.0000 2.0000 2.0000 -2.0000 16.0000 16.0000 10.0000 -11.0000 
fa1 = 1.7262 0.7571 0.7571 0.7571 0.7571 0.7571 0.7571 0.7571 0.5006 0.5006 0.5006 0.5006 0.5006 0.5006 0.5006 0.3363 0.3363 0.3363 0.3363 0.3363 0.3363 0.3363 0.2473 43.3176 43.3176 29.3429 2.6245 
fa2 = 1.7222 0.7545 0.7545 0.7545 0.7545 0.7545 0.7545 0.7545 0.4989 0.4989 0.4989 0.4989 0.4989 0.4989 0.4989 0.3352 0.3352 0.3352 0.3352 0.3352 0.3352 0.3352 0.2467 43.7538 43.7538 29.6448 2.6060 
fa3 = 1.7222 0.7546 0.7546 0.7546 0.7546 0.7546 0.7546 0.7546 0.4989 0.4989 0.4989 0.4989 0.4989 0.4989 0.4989 0.3352 0.3352 0.3352 0.3352 0.3352 0.3352 0.3352 0.2467 43.7582 43.7582 29.6479 2.6061 
fa4 = 1.7183 0.7520 0.7520 0.7520 0.7520 0.7520 0.7520 0.7520 0.4971 0.4971 0.4971 0.4971 0.4971 0.4971 0.4971 0.3342 0.3342 0.3342 0.3342 0.3342 0.3342 0.3342 0.2461 44.2028 44.2028 29.9547 2.5877 
fb1 = -0.2471 -0.2675 -0.2675 -0.2675 -0.2675 -0.2675 -0.2675 -0.2675 -0.2775 -0.2775 -0.2775 -0.2775 -0.2775 -0.2775 -0.2775 -0.2878 -0.2878 -0.2878 -0.2878 -0.2878 -0.2878 -0.2878 -0.2968 0.0488 0.0488 0.0377 -0.1155 
fb2 = -0.2470 -0.2674 -0.2674 -0.2674 -0.2674 -0.2674 -0.2674 -0.2674 -0.2775 -0.2775 -0.2775 -0.2775 -0.2775 -0.2775 -0.2775 -0.2877 -0.2877 -0.2877 -0.2877 -0.2877 -0.2877 -0.2877 -0.2968 0.0496 0.0496 0.0382 -0.1154 
fb3 = -0.2470 -0.2674 -0.2674 -0.2674 -0.2674 -0.2674 -0.2674 -0.2674 -0.2775 -0.2775 -0.2775 -0.2775 -0.2775 -0.2775 -0.2775 -0.2877 -0.2877 -0.2877 -0.2877 -0.2877 -0.2877 -0.2877 -0.2968 0.0496 0.0496 0.0383 -0.1154 
fb4 = -0.2469 -0.2674 -0.2674 -0.2674 -0.2674 -0.2674 -0.2674 -0.2674 -0.2774 -0.2774 -0.2774 -0.2774 -0.2774 -0.2774 -0.2774 -0.2877 -0.2877 -0.2877 -0.2877 -0.2877 -0.2877 -0.2877 -0.2967 0.0505 0.0505 0.0388 -0.1153 
I = 14.9000 9.4000 9.4000 9.4000 9.4000 9.4000 9.4000 9.4000 6.0000 6.0000 6.0000 6.0000 6.0000 6.0000 6.0000 2.0000 2.0000 2.0000 2.0000 2.0000 2.0000 2.0000 -2.0000 24.4794 24.4794 10.0000 -4.8252 
S1 = 0.0000 0.0000 0.0000 0.0000 0.0000 0.0000 0.0000 0.0000 0.0000 0.0000 0.0000 0.0000 0.0000 0.0000 0.0000 0.0000 0.0000 0.0000 0.0000 0.0000 0.0000 0.0000 0.0000 0.0000 0.0000 0.0000 0.0000 
S2 = 0.0000 0.0000 0.0000 0.0000 0.0000 0.0000 0.0000 0.0000 0.0000 0.0000 0.0000 0.0000 0.0000 0.0000 0.0000 0.0000 0.0000 0.0000 0.0000 0.0000 0.0000 0.0000 0.0000 0.4794 0.4794 0.0000 6.1748 
u = 9.1744 9.1360 9.1360 9.1360 9.1360 9.1360 9.1360 9.1360 9.1151 9.1151 9.1151 9.1151 9.1151 9.1151 9.1151 9.0924 9.0924 9.0924 9.0924 9.0924 9.0924 9.0924 9.0715 10.0792 10.0792 10.7495 9.6222 
v = 30.0122 24.5212 24.5212 24.5212 24.5212 24.5212 24.5212 24.5212 21.7979 21.7979 21.7979 21.7979 21.7979 21.7979 21.7979 19.0090 19.0090 19.0090 19.0090 19.0090 19.0090 19.0090 16.5431 63.0209 63.0209 63.4587 19.2757 
