ExternalI = 5.5000 0.0000 0.0000 0.0000 0.0000 0.0000 0.0000 0.0000 4.0000 4.0000 4.0000 4.0000 4.0000 4.0000 4.0000 0.0000 0.0000 0.0000 0.0000 0.0000 0.0000 0.0000 0.0000 8.0000 8.0000 0.0000 0.0000 
before u = 9.1744 9.1360 9.1360 9.1360 9.1360 9.1360 9.1360 9.1360 9.1151 9.1151 9.1151 9.1151 9.1151 9.1151 9.1151 9.0924 9.0924 9.0924 9.0924 9.0924 9.0924 9.0924 9.0715 10.0792 10.0792 10.7495 9.6222 
before v = 30.0122 24.5212 24.5212 24.5212 24.5212 24.5212 24.5212 24.5212 21.7979 21.7979 21.7979 21.7979 21.7979 21.7979 21.7979 19.0090 19.0090 19.0090 19.0090 19.0090 19.0090 19.0090 16.5431 63.0209 63.0209 63.4587 19.2757 
Ibias = 9.4000 9.4000 9.4000 9.4000 9.4000 9.4000 9.4000 9.4000 2.0000 2.0000 2.0000 2.0000 2.0000 2.0000 2.0000 2.0000 2.0000 2.0000 2.0000 2.0000 2.0000 2.0000 -2.0000 16.0000 16.0000 10.0000 -11.0000 
fa1 = 1.7183 0.7520 0.7520 0.7520 0.7520 0.7520 0.7520 0.7520 0.4971 0.4971 0.4971 0.4971 0.4971 0.4971 0.4971 0.3342 0.3342 0.3342 0.3342 0.3342 0.3342 0.3342 0.2461 44.2018 44.2018 29.9547 2.5753 
fa2 = 1.7144 0.7494 0.7494 0.7494 0.7494 0.7494 0.7494 0.7494 0.4954 0.4954 0.4954 0.4954 0.4954 0.4954 0.4954 0.3332 0.3332 0.3332 0.3332 0.3332 0.3332 0.3332 0.2455 44.6548 44.6548 30.2665 2.5571 
fa3 = 1.7144 0.7494 0.7494 0.7494 0.7494 0.7494 0.7494 0.7494 0.4954 0.4954 0.4954 0.4954 0.4954 0.4954 0.4954 0.3332 0.3332 0.3332 0.3332 0.3332 0.3332 0.3332 0.2455 44.6594 44.6594 30.2697 2.5573 
fa4 = 1.7105 0.7469 0.7469 0.7469 0.7469 0.7469 0.7469 0.7469 0.4937 0.4937 0.4937 0.4937 0.4937 0.4937 0.4937 0.3322 0.3322 0.3322 0.3322 0.3322 0.3322 0.3322 0.2450 45.1211 45.1211 30.5866 2.5392 
fb1 = -0.2469 -0.2674 -0.2674 -0.2674 -0.2674 -0.2674 -0.2674 -0.2674 -0.2774 -0.2774 -0.2774 -0.2774 -0.2774 -0.2774 -0.2774 -0.2877 -0.2877 -0.2877 -0.2877 -0.2877 -0.2877 -0.2877 -0.2967 0.0505 0.0505 0.0388 -0.1153 
fb2 = -0.2468 -0.2673 -0.2673 -0.2673 -0.2673 -0.2673 -0.2673 -0.2673 -0.2773 -0.2773 -0.2773 -0.2773 -0.2773 -0.2773 -0.2773 -0.2876 -0.2876 -0.2876 -0.2876 -0.2876 -0.2876 -0.2876 -0.2966 0.0514 0.0514 0.0394 -0.1153 
fb3 = -0.2468 -0.2673 -0.2673 -0.2673 -0.2673 -0.2673 -0.2673 -0.2673 -0.2773 -0.2773 -0.2773 -0.2773 -0.2773 -0.2773 -0.2773 -0.2876 -0.2876 -0.2876 -0.2876 -0.2876 -0.2876 -0.2876 -0.2966 0.0514 0.0514 0.0394 -0.1153 
fb4 = -0.2468 -0.2672 -0.2672 -0.2672 -0.2672 -0.2672 -0.2672 -0.2672 -0.2773 -0.2773 -0.2773 -0.2773 -0.2773 -0.2773 -0.2773 -0.2875 -0.2875 -0.2875 -0.2875 -0.2875 -0.2875 -0.2875 -0.2966 0.0523 0.0523 0.0400 -0.1152 
I = 14.9000 9.4000 9.4000 9.4000 9.4000 9.4000 9.4000 9.4000 6.0000 6.0000 6.0000 6.0000 6.0000 6.0000 6.0000 2.0000 2.0000 2.0000 2.0000 2.0000 2.0000 2.0000 -2.0000 24.4785 24.4785 10.0000 -4.8375 
S1 = 0.0000 0.0000 0.0000 0.0000 0.0000 0.0000 0.0000 0.0000 0.0000 0.0000 0.0000 0.0000 0.0000 0.0000 0.0000 0.0000 0.0000 0.0000 0.0000 0.0000 0.0000 0.0000 0.0000 0.0000 0.0000 0.0000 0.0000 
S2 = 0.0000 0.0000 0.0000 0.0000 0.0000 0.0000 0.0000 0.0000 0.0000 0.0000 0.0000 0.0000 0.0000 0.0000 0.0000 0.0000 0.0000 0.0000 0.0000 0.0000 0.0000 0.0000 0.0000 0.4785 0.4785 0.0000 6.1625 
u = 9.1720 9.1333 9.1333 9.1333 9.1333 9.1333 9.1333 9.1333 9.1123 9.1123 9.1123 9.1123 9.1123 9.1123 9.1123 9.0895 9.0895 9.0895 9.0895 9.0895 9.0895 9.0895 9.0685 10.0798 10.0798 10.7499 9.6210 
v = 30.0293 24.5287 24.5287 24.5287 24.5287 24.5287 24.5287 24.5287 21.8029 21.8029 21.8029 21.8029 21.8029 21.8029 21.8029 19.0124 19.0124 19.0124 19.0124 19.0124 19.0124 19.0124 16.5456 63.4675 63.4675 63.7614 19.3012 
