ExternalI = 5.5000 0.0000 0.0000 0.0000 0.0000 0.0000 0.0000 0.0000 4.0000 4.0000 4.0000 4.0000 4.0000 4.0000 4.0000 0.0000 0.0000 0.0000 0.0000 0.0000 0.0000 0.0000 0.0000 8.0000 8.0000 0.0000 0.0000 
before u = 9.1720 9.1333 9.1333 9.1333 9.1333 9.1333 9.1333 9.1333 9.1123 9.1123 9.1123 9.1123 9.1123 9.1123 9.1123 9.0895 9.0895 9.0895 9.0895 9.0895 9.0895 9.0895 9.0685 10.0798 10.0798 10.7499 9.6210 
before v = 30.0293 24.5287 24.5287 24.5287 24.5287 24.5287 24.5287 24.5287 21.8029 21.8029 21.8029 21.8029 21.8029 21.8029 21.8029 19.0124 19.0124 19.0124 19.0124 19.0124 19.0124 19.0124 16.5456 63.4675 63.4675 63.7614 19.3012 
Ibias = 9.4000 9.4000 9.4000 9.4000 9.4000 9.4000 9.4000 9.4000 2.0000 2.0000 2.0000 2.0000 2.0000 2.0000 2.0000 2.0000 2.0000 2.0000 2.0000 2.0000 2.0000 2.0000 -2.0000 16.0000 16.0000 10.0000 -11.0000 
fa1 = 1.7105 0.7469 0.7469 0.7469 0.7469 0.7469 0.7469 0.7469 0.4937 0.4937 0.4937 0.4937 0.4937 0.4937 0.4937 0.3322 0.3322 0.3322 0.3322 0.3322 0.3322 0.3322 0.2450 45.1201 45.1201 30.5866 2.5269 
fa2 = 1.7066 0.7443 0.7443 0.7443 0.7443 0.7443 0.7443 0.7443 0.4920 0.4920 0.4920 0.4920 0.4920 0.4920 0.4920 0.3311 0.3311 0.3311 0.3311 0.3311 0.3311 0.3311 0.2444 45.5906 45.5906 30.9086 2.5091 
fa3 = 1.7066 0.7443 0.7443 0.7443 0.7443 0.7443 0.7443 0.7443 0.4920 0.4920 0.4920 0.4920 0.4920 0.4920 0.4920 0.3311 0.3311 0.3311 0.3311 0.3311 0.3311 0.3311 0.2444 45.5955 45.5955 30.9120 2.5092 
fa4 = 1.7028 0.7418 0.7418 0.7418 0.7418 0.7418 0.7418 0.7418 0.4903 0.4903 0.4903 0.4903 0.4903 0.4903 0.4903 0.3301 0.3301 0.3301 0.3301 0.3301 0.3301 0.3301 0.2438 46.0751 46.0751 31.2394 2.4915 
fb1 = -0.2468 -0.2672 -0.2672 -0.2672 -0.2672 -0.2672 -0.2672 -0.2672 -0.2773 -0.2773 -0.2773 -0.2773 -0.2773 -0.2773 -0.2773 -0.2875 -0.2875 -0.2875 -0.2875 -0.2875 -0.2875 -0.2875 -0.2966 0.0523 0.0523 0.0400 -0.1152 
fb2 = -0.2467 -0.2671 -0.2671 -0.2671 -0.2671 -0.2671 -0.2671 -0.2671 -0.2772 -0.2772 -0.2772 -0.2772 -0.2772 -0.2772 -0.2772 -0.2875 -0.2875 -0.2875 -0.2875 -0.2875 -0.2875 -0.2875 -0.2965 0.0532 0.0532 0.0407 -0.1152 
fb3 = -0.2467 -0.2672 -0.2672 -0.2672 -0.2672 -0.2672 -0.2672 -0.2672 -0.2772 -0.2772 -0.2772 -0.2772 -0.2772 -0.2772 -0.2772 -0.2875 -0.2875 -0.2875 -0.2875 -0.2875 -0.2875 -0.2875 -0.2965 0.0532 0.0532 0.0407 -0.1152 
fb4 = -0.2466 -0.2671 -0.2671 -0.2671 -0.2671 -0.2671 -0.2671 -0.2671 -0.2771 -0.2771 -0.2771 -0.2771 -0.2771 -0.2771 -0.2771 -0.2874 -0.2874 -0.2874 -0.2874 -0.2874 -0.2874 -0.2874 -0.2964 0.0541 0.0541 0.0413 -0.1151 
I = 14.9000 9.4000 9.4000 9.4000 9.4000 9.4000 9.4000 9.4000 6.0000 6.0000 6.0000 6.0000 6.0000 6.0000 6.0000 2.0000 2.0000 2.0000 2.0000 2.0000 2.0000 2.0000 -2.0000 24.4775 24.4775 10.0000 -4.8499 
S1 = 0.0000 0.0000 0.0000 0.0000 0.0000 0.0000 0.0000 0.0000 0.0000 0.0000 0.0000 0.0000 0.0000 0.0000 0.0000 0.0000 0.0000 0.0000 0.0000 0.0000 0.0000 0.0000 0.0000 0.0000 0.0000 0.0000 0.0000 
S2 = 0.0000 0.0000 0.0000 0.0000 0.0000 0.0000 0.0000 0.0000 0.0000 0.0000 0.0000 0.0000 0.0000 0.0000 0.0000 0.0000 0.0000 0.0000 0.0000 0.0000 0.0000 0.0000 0.0000 0.4775 0.4775 0.0000 6.1501 
u = 9.1695 9.1307 9.1307 9.1307 9.1307 9.1307 9.1307 9.1307 9.1095 9.1095 9.1095 9.1095 9.1095 9.1095 9.1095 9.0867 9.0867 9.0867 9.0867 9.0867 9.0867 9.0867 9.0656 10.0803 10.0803 10.7503 9.6199 
v = 30.0464 24.5361 24.5361 24.5361 24.5361 24.5361 24.5361 24.5361 21.8078 21.8078 21.8078 21.8078 21.8078 21.8078 21.8078 19.0157 19.0157 19.0157 19.0157 19.0157 19.0157 19.0157 16.5480 63.9234 63.9234 64.0705 19.3263 
