ExternalI = 5.5000 0.0000 0.0000 0.0000 0.0000 0.0000 0.0000 0.0000 4.0000 4.0000 4.0000 4.0000 4.0000 4.0000 4.0000 0.0000 0.0000 0.0000 0.0000 0.0000 0.0000 0.0000 0.0000 8.0000 8.0000 0.0000 0.0000 
before u = 9.1695 9.1307 9.1307 9.1307 9.1307 9.1307 9.1307 9.1307 9.1095 9.1095 9.1095 9.1095 9.1095 9.1095 9.1095 9.0867 9.0867 9.0867 9.0867 9.0867 9.0867 9.0867 9.0656 10.0803 10.0803 10.7503 9.6199 
before v = 30.0464 24.5361 24.5361 24.5361 24.5361 24.5361 24.5361 24.5361 21.8078 21.8078 21.8078 21.8078 21.8078 21.8078 21.8078 19.0157 19.0157 19.0157 19.0157 19.0157 19.0157 19.0157 16.5480 63.9234 63.9234 64.0705 19.3263 
Ibias = 9.4000 9.4000 9.4000 9.4000 9.4000 9.4000 9.4000 9.4000 2.0000 2.0000 2.0000 2.0000 2.0000 2.0000 2.0000 2.0000 2.0000 2.0000 2.0000 2.0000 2.0000 2.0000 -2.0000 16.0000 16.0000 10.0000 -11.0000 
fa1 = 1.7028 0.7418 0.7418 0.7418 0.7418 0.7418 0.7418 0.7418 0.4903 0.4903 0.4903 0.4903 0.4903 0.4903 0.4903 0.3301 0.3301 0.3301 0.3301 0.3301 0.3301 0.3301 0.2438 46.0741 46.0741 31.2394 2.4792 
fa2 = 1.6989 0.7393 0.7393 0.7393 0.7393 0.7393 0.7393 0.7393 0.4886 0.4886 0.4886 0.4886 0.4886 0.4886 0.4886 0.3291 0.3291 0.3291 0.3291 0.3291 0.3291 0.3291 0.2433 46.5630 46.5630 31.5722 2.4618 
fa3 = 1.6990 0.7393 0.7393 0.7393 0.7393 0.7393 0.7393 0.7393 0.4886 0.4886 0.4886 0.4886 0.4886 0.4886 0.4886 0.3291 0.3291 0.3291 0.3291 0.3291 0.3291 0.3291 0.2433 46.5682 46.5682 31.5758 2.4619 
fa4 = 1.6951 0.7368 0.7368 0.7368 0.7368 0.7368 0.7368 0.7368 0.4869 0.4869 0.4869 0.4869 0.4869 0.4869 0.4869 0.3281 0.3281 0.3281 0.3281 0.3281 0.3281 0.3281 0.2427 47.0666 47.0666 31.9142 2.4446 
fb1 = -0.2466 -0.2671 -0.2671 -0.2671 -0.2671 -0.2671 -0.2671 -0.2671 -0.2771 -0.2771 -0.2771 -0.2771 -0.2771 -0.2771 -0.2771 -0.2874 -0.2874 -0.2874 -0.2874 -0.2874 -0.2874 -0.2874 -0.2964 0.0541 0.0541 0.0413 -0.1151 
fb2 = -0.2465 -0.2670 -0.2670 -0.2670 -0.2670 -0.2670 -0.2670 -0.2670 -0.2771 -0.2771 -0.2771 -0.2771 -0.2771 -0.2771 -0.2771 -0.2873 -0.2873 -0.2873 -0.2873 -0.2873 -0.2873 -0.2873 -0.2964 0.0550 0.0550 0.0419 -0.1150 
fb3 = -0.2465 -0.2670 -0.2670 -0.2670 -0.2670 -0.2670 -0.2670 -0.2670 -0.2771 -0.2771 -0.2771 -0.2771 -0.2771 -0.2771 -0.2771 -0.2873 -0.2873 -0.2873 -0.2873 -0.2873 -0.2873 -0.2873 -0.2964 0.0550 0.0550 0.0419 -0.1150 
fb4 = -0.2464 -0.2669 -0.2669 -0.2669 -0.2669 -0.2669 -0.2669 -0.2669 -0.2770 -0.2770 -0.2770 -0.2770 -0.2770 -0.2770 -0.2770 -0.2873 -0.2873 -0.2873 -0.2873 -0.2873 -0.2873 -0.2873 -0.2963 0.0559 0.0559 0.0425 -0.1150 
I = 14.9000 9.4000 9.4000 9.4000 9.4000 9.4000 9.4000 9.4000 6.0000 6.0000 6.0000 6.0000 6.0000 6.0000 6.0000 2.0000 2.0000 2.0000 2.0000 2.0000 2.0000 2.0000 -2.0000 24.4765 24.4765 10.0000 -4.8622 
S1 = 0.0000 0.0000 0.0000 0.0000 0.0000 0.0000 0.0000 0.0000 0.0000 0.0000 0.0000 0.0000 0.0000 0.0000 0.0000 0.0000 0.0000 0.0000 0.0000 0.0000 0.0000 0.0000 0.0000 0.0000 0.0000 0.0000 0.0000 
S2 = 0.0000 0.0000 0.0000 0.0000 0.0000 0.0000 0.0000 0.0000 0.0000 0.0000 0.0000 0.0000 0.0000 0.0000 0.0000 0.0000 0.0000 0.0000 0.0000 0.0000 0.0000 0.0000 0.0000 0.4765 0.4765 0.0000 6.1378 
u = 9.1670 9.1280 9.1280 9.1280 9.1280 9.1280 9.1280 9.1280 9.1067 9.1067 9.1067 9.1067 9.1067 9.1067 9.1067 9.0838 9.0838 9.0838 9.0838 9.0838 9.0838 9.0838 9.0626 10.0808 10.0808 10.7507 9.6187 
v = 30.0634 24.5435 24.5435 24.5435 24.5435 24.5435 24.5435 24.5435 21.8127 21.8127 21.8127 21.8127 21.8127 21.8127 21.8127 19.0190 19.0190 19.0190 19.0190 19.0190 19.0190 19.0190 16.5505 64.3891 64.3891 64.3863 19.3510 
