ExternalI = 5.5000 0.0000 0.0000 0.0000 0.0000 0.0000 0.0000 0.0000 4.0000 4.0000 4.0000 4.0000 4.0000 4.0000 4.0000 0.0000 0.0000 0.0000 0.0000 0.0000 0.0000 0.0000 0.0000 8.0000 8.0000 0.0000 0.0000 
before u = 9.1670 9.1280 9.1280 9.1280 9.1280 9.1280 9.1280 9.1280 9.1067 9.1067 9.1067 9.1067 9.1067 9.1067 9.1067 9.0838 9.0838 9.0838 9.0838 9.0838 9.0838 9.0838 9.0626 10.0808 10.0808 10.7507 9.6187 
before v = 30.0634 24.5435 24.5435 24.5435 24.5435 24.5435 24.5435 24.5435 21.8127 21.8127 21.8127 21.8127 21.8127 21.8127 21.8127 19.0190 19.0190 19.0190 19.0190 19.0190 19.0190 19.0190 16.5505 64.3891 64.3891 64.3863 19.3510 
Ibias = 9.4000 9.4000 9.4000 9.4000 9.4000 9.4000 9.4000 9.4000 2.0000 2.0000 2.0000 2.0000 2.0000 2.0000 2.0000 2.0000 2.0000 2.0000 2.0000 2.0000 2.0000 2.0000 -2.0000 16.0000 16.0000 10.0000 -11.0000 
fa1 = 1.6951 0.7368 0.7368 0.7368 0.7368 0.7368 0.7368 0.7368 0.4869 0.4869 0.4869 0.4869 0.4869 0.4869 0.4869 0.3281 0.3281 0.3281 0.3281 0.3281 0.3281 0.3281 0.2427 47.0657 47.0657 31.9142 2.4323 
fa2 = 1.6913 0.7343 0.7343 0.7343 0.7343 0.7343 0.7343 0.7343 0.4853 0.4853 0.4853 0.4853 0.4853 0.4853 0.4853 0.3272 0.3272 0.3272 0.3272 0.3272 0.3272 0.3272 0.2422 47.5738 47.5738 32.2582 2.4153 
fa3 = 1.6913 0.7344 0.7344 0.7344 0.7344 0.7344 0.7344 0.7344 0.4853 0.4853 0.4853 0.4853 0.4853 0.4853 0.4853 0.3272 0.3272 0.3272 0.3272 0.3272 0.3272 0.3272 0.2422 47.5793 47.5793 32.2619 2.4154 
fa4 = 1.6875 0.7319 0.7319 0.7319 0.7319 0.7319 0.7319 0.7319 0.4836 0.4836 0.4836 0.4836 0.4836 0.4836 0.4836 0.3262 0.3262 0.3262 0.3262 0.3262 0.3262 0.3262 0.2416 48.0977 48.0977 32.6118 2.3984 
fb1 = -0.2464 -0.2669 -0.2669 -0.2669 -0.2669 -0.2669 -0.2669 -0.2669 -0.2770 -0.2770 -0.2770 -0.2770 -0.2770 -0.2770 -0.2770 -0.2873 -0.2873 -0.2873 -0.2873 -0.2873 -0.2873 -0.2873 -0.2963 0.0559 0.0559 0.0425 -0.1150 
fb2 = -0.2463 -0.2669 -0.2669 -0.2669 -0.2669 -0.2669 -0.2669 -0.2669 -0.2770 -0.2770 -0.2770 -0.2770 -0.2770 -0.2770 -0.2770 -0.2872 -0.2872 -0.2872 -0.2872 -0.2872 -0.2872 -0.2872 -0.2962 0.0569 0.0569 0.0432 -0.1149 
fb3 = -0.2463 -0.2669 -0.2669 -0.2669 -0.2669 -0.2669 -0.2669 -0.2669 -0.2770 -0.2770 -0.2770 -0.2770 -0.2770 -0.2770 -0.2770 -0.2872 -0.2872 -0.2872 -0.2872 -0.2872 -0.2872 -0.2872 -0.2962 0.0569 0.0569 0.0432 -0.1149 
fb4 = -0.2463 -0.2668 -0.2668 -0.2668 -0.2668 -0.2668 -0.2668 -0.2668 -0.2769 -0.2769 -0.2769 -0.2769 -0.2769 -0.2769 -0.2769 -0.2871 -0.2871 -0.2871 -0.2871 -0.2871 -0.2871 -0.2871 -0.2962 0.0578 0.0578 0.0438 -0.1149 
I = 14.9000 9.4000 9.4000 9.4000 9.4000 9.4000 9.4000 9.4000 6.0000 6.0000 6.0000 6.0000 6.0000 6.0000 6.0000 2.0000 2.0000 2.0000 2.0000 2.0000 2.0000 2.0000 -2.0000 24.4756 24.4756 10.0000 -4.8744 
S1 = 0.0000 0.0000 0.0000 0.0000 0.0000 0.0000 0.0000 0.0000 0.0000 0.0000 0.0000 0.0000 0.0000 0.0000 0.0000 0.0000 0.0000 0.0000 0.0000 0.0000 0.0000 0.0000 0.0000 0.0000 0.0000 0.0000 0.0000 
S2 = 0.0000 0.0000 0.0000 0.0000 0.0000 0.0000 0.0000 0.0000 0.0000 0.0000 0.0000 0.0000 0.0000 0.0000 0.0000 0.0000 0.0000 0.0000 0.0000 0.0000 0.0000 0.0000 0.0000 0.4756 0.4756 0.0000 6.1256 
u = 9.1646 9.1253 9.1253 9.1253 9.1253 9.1253 9.1253 9.1253 9.1040 9.1040 9.1040 9.1040 9.1040 9.1040 9.1040 9.0809 9.0809 9.0809 9.0809 9.0809 9.0809 9.0809 9.0596 10.0814 10.0814 10.7512 9.6176 
v = 30.0803 24.5509 24.5509 24.5509 24.5509 24.5509 24.5509 24.5509 21.8175 21.8175 21.8175 21.8175 21.8175 21.8175 21.8175 19.0222 19.0222 19.0222 19.0222 19.0222 19.0222 19.0222 16.5529 64.8649 64.8649 64.7089 19.3751 
