ExternalI = 5.5000 0.0000 0.0000 0.0000 0.0000 0.0000 0.0000 0.0000 4.0000 4.0000 4.0000 4.0000 4.0000 4.0000 4.0000 0.0000 0.0000 0.0000 0.0000 0.0000 0.0000 0.0000 0.0000 8.0000 8.0000 0.0000 0.0000 
before u = 9.1646 9.1253 9.1253 9.1253 9.1253 9.1253 9.1253 9.1253 9.1040 9.1040 9.1040 9.1040 9.1040 9.1040 9.1040 9.0809 9.0809 9.0809 9.0809 9.0809 9.0809 9.0809 9.0596 10.0814 10.0814 10.7512 9.6176 
before v = 30.0803 24.5509 24.5509 24.5509 24.5509 24.5509 24.5509 24.5509 21.8175 21.8175 21.8175 21.8175 21.8175 21.8175 21.8175 19.0222 19.0222 19.0222 19.0222 19.0222 19.0222 19.0222 16.5529 64.8649 64.8649 64.7089 19.3751 
Ibias = 9.4000 9.4000 9.4000 9.4000 9.4000 9.4000 9.4000 9.4000 2.0000 2.0000 2.0000 2.0000 2.0000 2.0000 2.0000 2.0000 2.0000 2.0000 2.0000 2.0000 2.0000 2.0000 -2.0000 16.0000 16.0000 10.0000 -11.0000 
fa1 = 1.6875 0.7319 0.7319 0.7319 0.7319 0.7319 0.7319 0.7319 0.4836 0.4836 0.4836 0.4836 0.4836 0.4836 0.4836 0.3262 0.3262 0.3262 0.3262 0.3262 0.3262 0.3262 0.2416 48.0967 48.0967 32.6118 2.3862 
fa2 = 1.6838 0.7294 0.7294 0.7294 0.7294 0.7294 0.7294 0.7294 0.4820 0.4820 0.4820 0.4820 0.4820 0.4820 0.4820 0.3252 0.3252 0.3252 0.3252 0.3252 0.3252 0.3252 0.2411 48.6252 48.6252 32.9676 2.3695 
fa3 = 1.6838 0.7294 0.7294 0.7294 0.7294 0.7294 0.7294 0.7294 0.4820 0.4820 0.4820 0.4820 0.4820 0.4820 0.4820 0.3252 0.3252 0.3252 0.3252 0.3252 0.3252 0.3252 0.2411 48.6310 48.6310 32.9715 2.3696 
fa4 = 1.6800 0.7270 0.7270 0.7270 0.7270 0.7270 0.7270 0.7270 0.4803 0.4803 0.4803 0.4803 0.4803 0.4803 0.4803 0.3242 0.3242 0.3242 0.3242 0.3242 0.3242 0.3242 0.2405 49.1702 49.1702 33.3334 2.3530 
fb1 = -0.2463 -0.2668 -0.2668 -0.2668 -0.2668 -0.2668 -0.2668 -0.2668 -0.2769 -0.2769 -0.2769 -0.2769 -0.2769 -0.2769 -0.2769 -0.2871 -0.2871 -0.2871 -0.2871 -0.2871 -0.2871 -0.2871 -0.2962 0.0578 0.0578 0.0438 -0.1149 
fb2 = -0.2462 -0.2667 -0.2667 -0.2667 -0.2667 -0.2667 -0.2667 -0.2667 -0.2768 -0.2768 -0.2768 -0.2768 -0.2768 -0.2768 -0.2768 -0.2871 -0.2871 -0.2871 -0.2871 -0.2871 -0.2871 -0.2871 -0.2961 0.0588 0.0588 0.0445 -0.1148 
fb3 = -0.2462 -0.2667 -0.2667 -0.2667 -0.2667 -0.2667 -0.2667 -0.2667 -0.2768 -0.2768 -0.2768 -0.2768 -0.2768 -0.2768 -0.2768 -0.2871 -0.2871 -0.2871 -0.2871 -0.2871 -0.2871 -0.2871 -0.2961 0.0588 0.0588 0.0445 -0.1148 
fb4 = -0.2461 -0.2667 -0.2667 -0.2667 -0.2667 -0.2667 -0.2667 -0.2667 -0.2768 -0.2768 -0.2768 -0.2768 -0.2768 -0.2768 -0.2768 -0.2870 -0.2870 -0.2870 -0.2870 -0.2870 -0.2870 -0.2870 -0.2960 0.0598 0.0598 0.0451 -0.1147 
I = 14.9000 9.4000 9.4000 9.4000 9.4000 9.4000 9.4000 9.4000 6.0000 6.0000 6.0000 6.0000 6.0000 6.0000 6.0000 2.0000 2.0000 2.0000 2.0000 2.0000 2.0000 2.0000 -2.0000 24.4746 24.4746 10.0000 -4.8867 
S1 = 0.0000 0.0000 0.0000 0.0000 0.0000 0.0000 0.0000 0.0000 0.0000 0.0000 0.0000 0.0000 0.0000 0.0000 0.0000 0.0000 0.0000 0.0000 0.0000 0.0000 0.0000 0.0000 0.0000 0.0000 0.0000 0.0000 0.0000 
S2 = 0.0000 0.0000 0.0000 0.0000 0.0000 0.0000 0.0000 0.0000 0.0000 0.0000 0.0000 0.0000 0.0000 0.0000 0.0000 0.0000 0.0000 0.0000 0.0000 0.0000 0.0000 0.0000 0.0000 0.4746 0.4746 0.0000 6.1133 
u = 9.1621 9.1226 9.1226 9.1226 9.1226 9.1226 9.1226 9.1226 9.1012 9.1012 9.1012 9.1012 9.1012 9.1012 9.1012 9.0781 9.0781 9.0781 9.0781 9.0781 9.0781 9.0781 9.0567 10.0820 10.0820 10.7516 9.6164 
v = 30.0971 24.5582 24.5582 24.5582 24.5582 24.5582 24.5582 24.5582 21.8224 21.8224 21.8224 21.8224 21.8224 21.8224 21.8224 19.0255 19.0255 19.0255 19.0255 19.0255 19.0255 19.0255 16.5553 65.3512 65.3512 65.0386 19.3988 
