ExternalI = 5.5000 0.0000 0.0000 0.0000 0.0000 0.0000 0.0000 0.0000 4.0000 4.0000 4.0000 4.0000 4.0000 4.0000 4.0000 0.0000 0.0000 0.0000 0.0000 0.0000 0.0000 0.0000 0.0000 8.0000 8.0000 0.0000 0.0000 
before u = 9.1621 9.1226 9.1226 9.1226 9.1226 9.1226 9.1226 9.1226 9.1012 9.1012 9.1012 9.1012 9.1012 9.1012 9.1012 9.0781 9.0781 9.0781 9.0781 9.0781 9.0781 9.0781 9.0567 10.0820 10.0820 10.7516 9.6164 
before v = 30.0971 24.5582 24.5582 24.5582 24.5582 24.5582 24.5582 24.5582 21.8224 21.8224 21.8224 21.8224 21.8224 21.8224 21.8224 19.0255 19.0255 19.0255 19.0255 19.0255 19.0255 19.0255 16.5553 65.3512 65.3512 65.0386 19.3988 
Ibias = 9.4000 9.4000 9.4000 9.4000 9.4000 9.4000 9.4000 9.4000 2.0000 2.0000 2.0000 2.0000 2.0000 2.0000 2.0000 2.0000 2.0000 2.0000 2.0000 2.0000 2.0000 2.0000 -2.0000 16.0000 16.0000 10.0000 -11.0000 
fa1 = 1.6800 0.7270 0.7270 0.7270 0.7270 0.7270 0.7270 0.7270 0.4803 0.4803 0.4803 0.4803 0.4803 0.4803 0.4803 0.3242 0.3242 0.3242 0.3242 0.3242 0.3242 0.3242 0.2405 49.1692 49.1692 33.3334 2.3408 
fa2 = 1.6763 0.7246 0.7246 0.7246 0.7246 0.7246 0.7246 0.7246 0.4787 0.4787 0.4787 0.4787 0.4787 0.4787 0.4787 0.3233 0.3233 0.3233 0.3233 0.3233 0.3233 0.3233 0.2400 49.7191 49.7191 33.7014 2.3244 
fa3 = 1.6763 0.7246 0.7246 0.7246 0.7246 0.7246 0.7246 0.7246 0.4787 0.4787 0.4787 0.4787 0.4787 0.4787 0.4787 0.3233 0.3233 0.3233 0.3233 0.3233 0.3233 0.3233 0.2400 49.7253 49.7253 33.7055 2.3245 
fa4 = 1.6726 0.7222 0.7222 0.7222 0.7222 0.7222 0.7222 0.7222 0.4771 0.4771 0.4771 0.4771 0.4771 0.4771 0.4771 0.3223 0.3223 0.3223 0.3223 0.3223 0.3223 0.3223 0.2395 50.2864 50.2864 34.0800 2.3083 
fb1 = -0.2461 -0.2667 -0.2667 -0.2667 -0.2667 -0.2667 -0.2667 -0.2667 -0.2768 -0.2768 -0.2768 -0.2768 -0.2768 -0.2768 -0.2768 -0.2870 -0.2870 -0.2870 -0.2870 -0.2870 -0.2870 -0.2870 -0.2960 0.0598 0.0598 0.0451 -0.1147 
fb2 = -0.2460 -0.2666 -0.2666 -0.2666 -0.2666 -0.2666 -0.2666 -0.2666 -0.2767 -0.2767 -0.2767 -0.2767 -0.2767 -0.2767 -0.2767 -0.2870 -0.2870 -0.2870 -0.2870 -0.2870 -0.2870 -0.2870 -0.2960 0.0607 0.0607 0.0458 -0.1147 
fb3 = -0.2460 -0.2666 -0.2666 -0.2666 -0.2666 -0.2666 -0.2666 -0.2666 -0.2767 -0.2767 -0.2767 -0.2767 -0.2767 -0.2767 -0.2767 -0.2870 -0.2870 -0.2870 -0.2870 -0.2870 -0.2870 -0.2870 -0.2960 0.0608 0.0608 0.0458 -0.1147 
fb4 = -0.2459 -0.2665 -0.2665 -0.2665 -0.2665 -0.2665 -0.2665 -0.2665 -0.2766 -0.2766 -0.2766 -0.2766 -0.2766 -0.2766 -0.2766 -0.2869 -0.2869 -0.2869 -0.2869 -0.2869 -0.2869 -0.2869 -0.2959 0.0617 0.0617 0.0465 -0.1146 
I = 14.9000 9.4000 9.4000 9.4000 9.4000 9.4000 9.4000 9.4000 6.0000 6.0000 6.0000 6.0000 6.0000 6.0000 6.0000 2.0000 2.0000 2.0000 2.0000 2.0000 2.0000 2.0000 -2.0000 24.4737 24.4737 10.0000 -4.8989 
S1 = 0.0000 0.0000 0.0000 0.0000 0.0000 0.0000 0.0000 0.0000 0.0000 0.0000 0.0000 0.0000 0.0000 0.0000 0.0000 0.0000 0.0000 0.0000 0.0000 0.0000 0.0000 0.0000 0.0000 0.0000 0.0000 0.0000 0.0000 
S2 = 0.0000 0.0000 0.0000 0.0000 0.0000 0.0000 0.0000 0.0000 0.0000 0.0000 0.0000 0.0000 0.0000 0.0000 0.0000 0.0000 0.0000 0.0000 0.0000 0.0000 0.0000 0.0000 0.0000 0.4737 0.4737 0.0000 6.1011 
u = 9.1596 9.1200 9.1200 9.1200 9.1200 9.1200 9.1200 9.1200 9.0984 9.0984 9.0984 9.0984 9.0984 9.0984 9.0984 9.0752 9.0752 9.0752 9.0752 9.0752 9.0752 9.0752 9.0537 10.0826 10.0826 10.7521 9.6153 
v = 30.1139 24.5654 24.5654 24.5654 24.5654 24.5654 24.5654 24.5654 21.8271 21.8271 21.8271 21.8271 21.8271 21.8271 21.8271 19.0287 19.0287 19.0287 19.0287 19.0287 19.0287 19.0287 16.5577 65.8484 65.8484 65.3756 19.4220 
