ExternalI = 5.5000 0.0000 0.0000 0.0000 0.0000 0.0000 0.0000 0.0000 4.0000 4.0000 4.0000 4.0000 4.0000 4.0000 4.0000 0.0000 0.0000 0.0000 0.0000 0.0000 0.0000 0.0000 0.0000 8.0000 8.0000 0.0000 0.0000 
before u = 9.1596 9.1200 9.1200 9.1200 9.1200 9.1200 9.1200 9.1200 9.0984 9.0984 9.0984 9.0984 9.0984 9.0984 9.0984 9.0752 9.0752 9.0752 9.0752 9.0752 9.0752 9.0752 9.0537 10.0826 10.0826 10.7521 9.6153 
before v = 30.1139 24.5654 24.5654 24.5654 24.5654 24.5654 24.5654 24.5654 21.8271 21.8271 21.8271 21.8271 21.8271 21.8271 21.8271 19.0287 19.0287 19.0287 19.0287 19.0287 19.0287 19.0287 16.5577 65.8484 65.8484 65.3756 19.4220 
Ibias = 9.4000 9.4000 9.4000 9.4000 9.4000 9.4000 9.4000 9.4000 2.0000 2.0000 2.0000 2.0000 2.0000 2.0000 2.0000 2.0000 2.0000 2.0000 2.0000 2.0000 2.0000 2.0000 -2.0000 16.0000 16.0000 10.0000 -11.0000 
fa1 = 1.6726 0.7222 0.7222 0.7222 0.7222 0.7222 0.7222 0.7222 0.4771 0.4771 0.4771 0.4771 0.4771 0.4771 0.4771 0.3223 0.3223 0.3223 0.3223 0.3223 0.3223 0.3223 0.2395 50.2854 50.2854 34.0800 2.2961 
fa2 = 1.6689 0.7198 0.7198 0.7198 0.7198 0.7198 0.7198 0.7198 0.4755 0.4755 0.4755 0.4755 0.4755 0.4755 0.4755 0.3214 0.3214 0.3214 0.3214 0.3214 0.3214 0.3214 0.2390 50.8579 50.8579 34.4609 2.2801 
fa3 = 1.6689 0.7198 0.7198 0.7198 0.7198 0.7198 0.7198 0.7198 0.4755 0.4755 0.4755 0.4755 0.4755 0.4755 0.4755 0.3214 0.3214 0.3214 0.3214 0.3214 0.3214 0.3214 0.2390 50.8644 50.8644 34.4652 2.2802 
fa4 = 1.6652 0.7174 0.7174 0.7174 0.7174 0.7174 0.7174 0.7174 0.4739 0.4739 0.4739 0.4739 0.4739 0.4739 0.4739 0.3205 0.3205 0.3205 0.3205 0.3205 0.3205 0.3205 0.2384 51.4487 51.4487 34.8529 2.2643 
fb1 = -0.2459 -0.2665 -0.2665 -0.2665 -0.2665 -0.2665 -0.2665 -0.2665 -0.2766 -0.2766 -0.2766 -0.2766 -0.2766 -0.2766 -0.2766 -0.2869 -0.2869 -0.2869 -0.2869 -0.2869 -0.2869 -0.2869 -0.2959 0.0617 0.0617 0.0465 -0.1146 
fb2 = -0.2458 -0.2665 -0.2665 -0.2665 -0.2665 -0.2665 -0.2665 -0.2665 -0.2766 -0.2766 -0.2766 -0.2766 -0.2766 -0.2766 -0.2766 -0.2868 -0.2868 -0.2868 -0.2868 -0.2868 -0.2868 -0.2868 -0.2959 0.0627 0.0627 0.0471 -0.1146 
fb3 = -0.2458 -0.2665 -0.2665 -0.2665 -0.2665 -0.2665 -0.2665 -0.2665 -0.2766 -0.2766 -0.2766 -0.2766 -0.2766 -0.2766 -0.2766 -0.2868 -0.2868 -0.2868 -0.2868 -0.2868 -0.2868 -0.2868 -0.2959 0.0628 0.0628 0.0471 -0.1146 
fb4 = -0.2458 -0.2664 -0.2664 -0.2664 -0.2664 -0.2664 -0.2664 -0.2664 -0.2765 -0.2765 -0.2765 -0.2765 -0.2765 -0.2765 -0.2765 -0.2868 -0.2868 -0.2868 -0.2868 -0.2868 -0.2868 -0.2868 -0.2958 0.0638 0.0638 0.0478 -0.1145 
I = 14.9000 9.4000 9.4000 9.4000 9.4000 9.4000 9.4000 9.4000 6.0000 6.0000 6.0000 6.0000 6.0000 6.0000 6.0000 2.0000 2.0000 2.0000 2.0000 2.0000 2.0000 2.0000 -2.0000 24.4727 24.4727 10.0000 -4.9111 
S1 = 0.0000 0.0000 0.0000 0.0000 0.0000 0.0000 0.0000 0.0000 0.0000 0.0000 0.0000 0.0000 0.0000 0.0000 0.0000 0.0000 0.0000 0.0000 0.0000 0.0000 0.0000 0.0000 0.0000 0.0000 0.0000 0.0000 0.0000 
S2 = 0.0000 0.0000 0.0000 0.0000 0.0000 0.0000 0.0000 0.0000 0.0000 0.0000 0.0000 0.0000 0.0000 0.0000 0.0000 0.0000 0.0000 0.0000 0.0000 0.0000 0.0000 0.0000 0.0000 0.4727 0.4727 0.0000 6.0889 
u = 9.1572 9.1173 9.1173 9.1173 9.1173 9.1173 9.1173 9.1173 9.0957 9.0957 9.0957 9.0957 9.0957 9.0957 9.0957 9.0723 9.0723 9.0723 9.0723 9.0723 9.0723 9.0723 9.0508 10.0832 10.0832 10.7525 9.6141 
v = 30.1306 24.5726 24.5726 24.5726 24.5726 24.5726 24.5726 24.5726 21.8319 21.8319 21.8319 21.8319 21.8319 21.8319 21.8319 19.0319 19.0319 19.0319 19.0319 19.0319 19.0319 19.0319 16.5601 66.3570 66.3570 65.7203 19.4448 
