ExternalI = 5.5000 0.0000 0.0000 0.0000 0.0000 0.0000 0.0000 0.0000 4.0000 4.0000 4.0000 4.0000 4.0000 4.0000 4.0000 0.0000 0.0000 0.0000 0.0000 0.0000 0.0000 0.0000 0.0000 8.0000 8.0000 0.0000 0.0000 
before u = 9.1572 9.1173 9.1173 9.1173 9.1173 9.1173 9.1173 9.1173 9.0957 9.0957 9.0957 9.0957 9.0957 9.0957 9.0957 9.0723 9.0723 9.0723 9.0723 9.0723 9.0723 9.0723 9.0508 10.0832 10.0832 10.7525 9.6141 
before v = 30.1306 24.5726 24.5726 24.5726 24.5726 24.5726 24.5726 24.5726 21.8319 21.8319 21.8319 21.8319 21.8319 21.8319 21.8319 19.0319 19.0319 19.0319 19.0319 19.0319 19.0319 19.0319 16.5601 66.3570 66.3570 65.7203 19.4448 
Ibias = 9.4000 9.4000 9.4000 9.4000 9.4000 9.4000 9.4000 9.4000 2.0000 2.0000 2.0000 2.0000 2.0000 2.0000 2.0000 2.0000 2.0000 2.0000 2.0000 2.0000 2.0000 2.0000 -2.0000 16.0000 16.0000 10.0000 -11.0000 
fa1 = 1.6652 0.7174 0.7174 0.7174 0.7174 0.7174 0.7174 0.7174 0.4739 0.4739 0.4739 0.4739 0.4739 0.4739 0.4739 0.3205 0.3205 0.3205 0.3205 0.3205 0.3205 0.3205 0.2384 51.4477 51.4477 34.8528 2.2521 
fa2 = 1.6615 0.7150 0.7150 0.7150 0.7150 0.7150 0.7150 0.7150 0.4723 0.4723 0.4723 0.4723 0.4723 0.4723 0.4723 0.3195 0.3195 0.3195 0.3195 0.3195 0.3195 0.3195 0.2379 52.0439 52.0439 35.2472 2.2364 
fa3 = 1.6615 0.7150 0.7150 0.7150 0.7150 0.7150 0.7150 0.7150 0.4723 0.4723 0.4723 0.4723 0.4723 0.4723 0.4723 0.3195 0.3195 0.3195 0.3195 0.3195 0.3195 0.3195 0.2379 52.0508 52.0508 35.2517 2.2365 
fa4 = 1.6578 0.7127 0.7127 0.7127 0.7127 0.7127 0.7127 0.7127 0.4707 0.4707 0.4707 0.4707 0.4707 0.4707 0.4707 0.3186 0.3186 0.3186 0.3186 0.3186 0.3186 0.3186 0.2374 52.6595 52.6595 35.6532 2.2210 
fb1 = -0.2458 -0.2664 -0.2664 -0.2664 -0.2664 -0.2664 -0.2664 -0.2664 -0.2765 -0.2765 -0.2765 -0.2765 -0.2765 -0.2765 -0.2765 -0.2868 -0.2868 -0.2868 -0.2868 -0.2868 -0.2868 -0.2868 -0.2958 0.0638 0.0638 0.0478 -0.1145 
fb2 = -0.2457 -0.2663 -0.2663 -0.2663 -0.2663 -0.2663 -0.2663 -0.2663 -0.2764 -0.2764 -0.2764 -0.2764 -0.2764 -0.2764 -0.2764 -0.2867 -0.2867 -0.2867 -0.2867 -0.2867 -0.2867 -0.2867 -0.2957 0.0648 0.0648 0.0485 -0.1144 
fb3 = -0.2457 -0.2663 -0.2663 -0.2663 -0.2663 -0.2663 -0.2663 -0.2663 -0.2764 -0.2764 -0.2764 -0.2764 -0.2764 -0.2764 -0.2764 -0.2867 -0.2867 -0.2867 -0.2867 -0.2867 -0.2867 -0.2867 -0.2957 0.0648 0.0648 0.0485 -0.1144 
fb4 = -0.2456 -0.2663 -0.2663 -0.2663 -0.2663 -0.2663 -0.2663 -0.2663 -0.2764 -0.2764 -0.2764 -0.2764 -0.2764 -0.2764 -0.2764 -0.2866 -0.2866 -0.2866 -0.2866 -0.2866 -0.2866 -0.2866 -0.2957 0.0658 0.0658 0.0492 -0.1144 
I = 14.9000 9.4000 9.4000 9.4000 9.4000 9.4000 9.4000 9.4000 6.0000 6.0000 6.0000 6.0000 6.0000 6.0000 6.0000 2.0000 2.0000 2.0000 2.0000 2.0000 2.0000 2.0000 -2.0000 24.4718 24.4718 10.0000 -4.9233 
S1 = 0.0000 0.0000 0.0000 0.0000 0.0000 0.0000 0.0000 0.0000 0.0000 0.0000 0.0000 0.0000 0.0000 0.0000 0.0000 0.0000 0.0000 0.0000 0.0000 0.0000 0.0000 0.0000 0.0000 0.0000 0.0000 0.0000 0.0000 
S2 = 0.0000 0.0000 0.0000 0.0000 0.0000 0.0000 0.0000 0.0000 0.0000 0.0000 0.0000 0.0000 0.0000 0.0000 0.0000 0.0000 0.0000 0.0000 0.0000 0.0000 0.0000 0.0000 0.0000 0.4718 0.4718 0.0000 6.0767 
u = 9.1547 9.1147 9.1147 9.1147 9.1147 9.1147 9.1147 9.1147 9.0929 9.0929 9.0929 9.0929 9.0929 9.0929 9.0929 9.0694 9.0694 9.0694 9.0694 9.0694 9.0694 9.0694 9.0478 10.0839 10.0839 10.7530 9.6130 
v = 30.1472 24.5798 24.5798 24.5798 24.5798 24.5798 24.5798 24.5798 21.8366 21.8366 21.8366 21.8366 21.8366 21.8366 21.8366 19.0351 19.0351 19.0351 19.0351 19.0351 19.0351 19.0351 16.5625 66.8775 66.8775 66.0728 19.4672 
