ExternalI = 5.5000 0.0000 0.0000 0.0000 0.0000 0.0000 0.0000 0.0000 4.0000 4.0000 4.0000 4.0000 4.0000 4.0000 4.0000 0.0000 0.0000 0.0000 0.0000 0.0000 0.0000 0.0000 0.0000 8.0000 8.0000 0.0000 0.0000 
before u = 9.1547 9.1147 9.1147 9.1147 9.1147 9.1147 9.1147 9.1147 9.0929 9.0929 9.0929 9.0929 9.0929 9.0929 9.0929 9.0694 9.0694 9.0694 9.0694 9.0694 9.0694 9.0694 9.0478 10.0839 10.0839 10.7530 9.6130 
before v = 30.1472 24.5798 24.5798 24.5798 24.5798 24.5798 24.5798 24.5798 21.8366 21.8366 21.8366 21.8366 21.8366 21.8366 21.8366 19.0351 19.0351 19.0351 19.0351 19.0351 19.0351 19.0351 16.5625 66.8775 66.8775 66.0728 19.4672 
Ibias = 9.4000 9.4000 9.4000 9.4000 9.4000 9.4000 9.4000 9.4000 2.0000 2.0000 2.0000 2.0000 2.0000 2.0000 2.0000 2.0000 2.0000 2.0000 2.0000 2.0000 2.0000 2.0000 -2.0000 16.0000 16.0000 10.0000 -11.0000 
fa1 = 1.6578 0.7127 0.7127 0.7127 0.7127 0.7127 0.7127 0.7127 0.4707 0.4707 0.4707 0.4707 0.4707 0.4707 0.4707 0.3186 0.3186 0.3186 0.3186 0.3186 0.3186 0.3186 0.2374 52.6586 52.6586 35.6532 2.2088 
fa2 = 1.6542 0.7103 0.7103 0.7103 0.7103 0.7103 0.7103 0.7103 0.4692 0.4692 0.4692 0.4692 0.4692 0.4692 0.4692 0.3177 0.3177 0.3177 0.3177 0.3177 0.3177 0.3177 0.2369 53.2798 53.2798 36.0617 2.1934 
fa3 = 1.6542 0.7103 0.7103 0.7103 0.7103 0.7103 0.7103 0.7103 0.4692 0.4692 0.4692 0.4692 0.4692 0.4692 0.4692 0.3177 0.3177 0.3177 0.3177 0.3177 0.3177 0.3177 0.2369 53.2872 53.2872 36.0664 2.1936 
fa4 = 1.6506 0.7080 0.7080 0.7080 0.7080 0.7080 0.7080 0.7080 0.4676 0.4676 0.4676 0.4676 0.4676 0.4676 0.4676 0.3168 0.3168 0.3168 0.3168 0.3168 0.3168 0.3168 0.2364 53.9216 53.9216 36.4823 2.1783 
fb1 = -0.2456 -0.2663 -0.2663 -0.2663 -0.2663 -0.2663 -0.2663 -0.2663 -0.2764 -0.2764 -0.2764 -0.2764 -0.2764 -0.2764 -0.2764 -0.2866 -0.2866 -0.2866 -0.2866 -0.2866 -0.2866 -0.2866 -0.2957 0.0658 0.0658 0.0492 -0.1144 
fb2 = -0.2455 -0.2662 -0.2662 -0.2662 -0.2662 -0.2662 -0.2662 -0.2662 -0.2763 -0.2763 -0.2763 -0.2763 -0.2763 -0.2763 -0.2763 -0.2866 -0.2866 -0.2866 -0.2866 -0.2866 -0.2866 -0.2866 -0.2956 0.0669 0.0669 0.0499 -0.1143 
fb3 = -0.2455 -0.2662 -0.2662 -0.2662 -0.2662 -0.2662 -0.2662 -0.2662 -0.2763 -0.2763 -0.2763 -0.2763 -0.2763 -0.2763 -0.2763 -0.2866 -0.2866 -0.2866 -0.2866 -0.2866 -0.2866 -0.2866 -0.2956 0.0669 0.0669 0.0499 -0.1143 
fb4 = -0.2454 -0.2661 -0.2661 -0.2661 -0.2661 -0.2661 -0.2661 -0.2661 -0.2762 -0.2762 -0.2762 -0.2762 -0.2762 -0.2762 -0.2762 -0.2865 -0.2865 -0.2865 -0.2865 -0.2865 -0.2865 -0.2865 -0.2955 0.0680 0.0680 0.0507 -0.1143 
I = 14.9000 9.4000 9.4000 9.4000 9.4000 9.4000 9.4000 9.4000 6.0000 6.0000 6.0000 6.0000 6.0000 6.0000 6.0000 2.0000 2.0000 2.0000 2.0000 2.0000 2.0000 2.0000 -2.0000 24.4709 24.4709 10.0000 -4.9355 
S1 = 0.0000 0.0000 0.0000 0.0000 0.0000 0.0000 0.0000 0.0000 0.0000 0.0000 0.0000 0.0000 0.0000 0.0000 0.0000 0.0000 0.0000 0.0000 0.0000 0.0000 0.0000 0.0000 0.0000 0.0000 0.0000 0.0000 0.0000 
S2 = 0.0000 0.0000 0.0000 0.0000 0.0000 0.0000 0.0000 0.0000 0.0000 0.0000 0.0000 0.0000 0.0000 0.0000 0.0000 0.0000 0.0000 0.0000 0.0000 0.0000 0.0000 0.0000 0.0000 0.4709 0.4709 0.0000 6.0645 
u = 9.1523 9.1120 9.1120 9.1120 9.1120 9.1120 9.1120 9.1120 9.0901 9.0901 9.0901 9.0901 9.0901 9.0901 9.0901 9.0666 9.0666 9.0666 9.0666 9.0666 9.0666 9.0666 9.0449 10.0846 10.0846 10.7535 9.6119 
v = 30.1637 24.5869 24.5869 24.5869 24.5869 24.5869 24.5869 24.5869 21.8413 21.8413 21.8413 21.8413 21.8413 21.8413 21.8413 19.0383 19.0383 19.0383 19.0383 19.0383 19.0383 19.0383 16.5648 67.4104 67.4104 66.4334 19.4891 
