ExternalI = 5.5000 0.0000 0.0000 0.0000 0.0000 0.0000 0.0000 0.0000 4.0000 4.0000 4.0000 4.0000 4.0000 4.0000 4.0000 0.0000 0.0000 0.0000 0.0000 0.0000 0.0000 0.0000 0.0000 8.0000 8.0000 0.0000 0.0000 
before u = 9.9002 9.8994 9.8994 9.8994 9.8994 9.8994 9.8994 9.8994 9.8990 9.8990 9.8990 9.8990 9.8990 9.8990 9.8990 9.8984 9.8984 9.8984 9.8984 9.8984 9.8984 9.8984 9.8979 9.9605 9.9605 10.0336 9.9555 
before v = 16.3592 15.1275 15.1275 15.1275 15.1275 15.1275 15.1275 15.1275 14.3718 14.3718 14.3718 14.3718 14.3718 14.3718 14.3718 13.4882 13.4882 13.4882 13.4882 13.4882 13.4882 13.4882 12.6106 20.7210 20.7210 91.5519 12.8225 
Ibias = 9.4000 9.4000 9.4000 9.4000 9.4000 9.4000 9.4000 9.4000 2.0000 2.0000 2.0000 2.0000 2.0000 2.0000 2.0000 2.0000 2.0000 2.0000 2.0000 2.0000 2.0000 2.0000 -2.0000 16.0000 16.0000 10.0000 -11.0000 
fa1 = 16.6271 13.2718 13.2718 13.2718 13.2718 13.2718 13.2718 13.2718 11.2477 11.2477 11.2477 11.2477 11.2477 11.2477 11.2477 8.9142 8.9142 8.9142 8.9142 8.9142 8.9142 8.9142 6.6315 29.0509 29.0509 120.5809 7.1536 
fa2 = 16.4885 13.1549 13.1549 13.1549 13.1549 13.1549 13.1549 13.1549 11.1454 11.1454 11.1454 11.1454 11.1454 11.1454 11.1454 8.8304 8.8304 8.8304 8.8304 8.8304 8.8304 8.8304 6.5672 28.8574 28.8574 123.2016 7.0838 
fa3 = 16.4896 13.1559 13.1559 13.1559 13.1559 13.1559 13.1559 13.1559 11.1464 11.1464 11.1464 11.1464 11.1464 11.1464 11.1464 8.8312 8.8312 8.8312 8.8312 8.8312 8.8312 8.8312 6.5679 28.8586 28.8586 123.2589 7.0845 
fa4 = 16.3526 13.0404 13.0404 13.0404 13.0404 13.0404 13.0404 13.0404 11.0453 11.0453 11.0453 11.0453 11.0453 11.0453 11.0453 8.7483 8.7483 8.7483 8.7483 8.7483 8.7483 8.7483 6.5043 28.6680 28.6680 125.9699 7.0155 
fb1 = -0.3306 -0.3355 -0.3355 -0.3355 -0.3355 -0.3355 -0.3355 -0.3355 -0.3385 -0.3385 -0.3385 -0.3385 -0.3385 -0.3385 -0.3385 -0.3420 -0.3420 -0.3420 -0.3420 -0.3420 -0.3420 -0.3420 -0.3455 -0.1163 -0.1163 0.1655 -0.1478 
fb2 = -0.3302 -0.3351 -0.3351 -0.3351 -0.3351 -0.3351 -0.3351 -0.3351 -0.3382 -0.3382 -0.3382 -0.3382 -0.3382 -0.3382 -0.3382 -0.3417 -0.3417 -0.3417 -0.3417 -0.3417 -0.3417 -0.3417 -0.3453 -0.1157 -0.1157 0.1679 -0.1477 
fb3 = -0.3302 -0.3351 -0.3351 -0.3351 -0.3351 -0.3351 -0.3351 -0.3351 -0.3382 -0.3382 -0.3382 -0.3382 -0.3382 -0.3382 -0.3382 -0.3417 -0.3417 -0.3417 -0.3417 -0.3417 -0.3417 -0.3417 -0.3453 -0.1157 -0.1157 0.1680 -0.1477 
fb4 = -0.3298 -0.3348 -0.3348 -0.3348 -0.3348 -0.3348 -0.3348 -0.3348 -0.3379 -0.3379 -0.3379 -0.3379 -0.3379 -0.3379 -0.3379 -0.3415 -0.3415 -0.3415 -0.3415 -0.3415 -0.3415 -0.3415 -0.3451 -0.1151 -0.1151 0.1704 -0.1475 
I = 14.9000 9.4000 9.4000 9.4000 9.4000 9.4000 9.4000 9.4000 6.0000 6.0000 6.0000 6.0000 6.0000 6.0000 6.0000 2.0000 2.0000 2.0000 2.0000 2.0000 2.0000 2.0000 -2.0000 24.0000 24.0000 10.0000 -11.0000 
S1 = 0.0000 0.0000 0.0000 0.0000 0.0000 0.0000 0.0000 0.0000 0.0000 0.0000 0.0000 0.0000 0.0000 0.0000 0.0000 0.0000 0.0000 0.0000 0.0000 0.0000 0.0000 0.0000 0.0000 0.0000 0.0000 0.0000 0.0000 
S2 = 0.0000 0.0000 0.0000 0.0000 0.0000 0.0000 0.0000 0.0000 0.0000 0.0000 0.0000 0.0000 0.0000 0.0000 0.0000 0.0000 0.0000 0.0000 0.0000 0.0000 0.0000 0.0000 0.0000 0.0000 0.0000 0.0000 0.0000 
u = 9.8969 9.8961 9.8961 9.8961 9.8961 9.8961 9.8961 9.8961 9.8956 9.8956 9.8956 9.8956 9.8956 9.8956 9.8956 9.8950 9.8950 9.8950 9.8950 9.8950 9.8950 9.8950 9.8944 9.9593 9.9593 10.0353 9.9541 
v = 16.5241 15.2590 15.2590 15.2590 15.2590 15.2590 15.2590 15.2590 14.4832 14.4832 14.4832 14.4832 14.4832 14.4832 14.4832 13.5765 13.5765 13.5765 13.5765 13.5765 13.5765 13.5765 12.6763 21.0096 21.0096 92.7844 12.8933 
