ExternalI = 5.5000 0.0000 0.0000 0.0000 0.0000 0.0000 0.0000 0.0000 4.0000 4.0000 4.0000 4.0000 4.0000 4.0000 4.0000 0.0000 0.0000 0.0000 0.0000 0.0000 0.0000 0.0000 0.0000 8.0000 8.0000 0.0000 0.0000 
before u = 9.1523 9.1120 9.1120 9.1120 9.1120 9.1120 9.1120 9.1120 9.0901 9.0901 9.0901 9.0901 9.0901 9.0901 9.0901 9.0666 9.0666 9.0666 9.0666 9.0666 9.0666 9.0666 9.0449 10.0846 10.0846 10.7535 9.6119 
before v = 30.1637 24.5869 24.5869 24.5869 24.5869 24.5869 24.5869 24.5869 21.8413 21.8413 21.8413 21.8413 21.8413 21.8413 21.8413 19.0383 19.0383 19.0383 19.0383 19.0383 19.0383 19.0383 16.5648 67.4104 67.4104 66.4334 19.4891 
Ibias = 9.4000 9.4000 9.4000 9.4000 9.4000 9.4000 9.4000 9.4000 2.0000 2.0000 2.0000 2.0000 2.0000 2.0000 2.0000 2.0000 2.0000 2.0000 2.0000 2.0000 2.0000 2.0000 -2.0000 16.0000 16.0000 10.0000 -11.0000 
fa1 = 1.6506 0.7080 0.7080 0.7080 0.7080 0.7080 0.7080 0.7080 0.4676 0.4676 0.4676 0.4676 0.4676 0.4676 0.4676 0.3168 0.3168 0.3168 0.3168 0.3168 0.3168 0.3168 0.2364 53.9206 53.9206 36.4823 2.1662 
fa2 = 1.6470 0.7057 0.7057 0.7057 0.7057 0.7057 0.7057 0.7057 0.4661 0.4661 0.4661 0.4661 0.4661 0.4661 0.4661 0.3159 0.3159 0.3159 0.3159 0.3159 0.3159 0.3159 0.2359 54.5683 54.5683 36.9056 2.1512 
fa3 = 1.6470 0.7057 0.7057 0.7057 0.7057 0.7057 0.7057 0.7057 0.4661 0.4661 0.4661 0.4661 0.4661 0.4661 0.4661 0.3159 0.3159 0.3159 0.3159 0.3159 0.3159 0.3159 0.2359 54.5761 54.5761 36.9105 2.1513 
fa4 = 1.6434 0.7034 0.7034 0.7034 0.7034 0.7034 0.7034 0.7034 0.4646 0.4646 0.4646 0.4646 0.4646 0.4646 0.4646 0.3150 0.3150 0.3150 0.3150 0.3150 0.3150 0.3150 0.2354 55.2378 55.2378 37.3415 2.1364 
fb1 = -0.2454 -0.2661 -0.2661 -0.2661 -0.2661 -0.2661 -0.2661 -0.2661 -0.2762 -0.2762 -0.2762 -0.2762 -0.2762 -0.2762 -0.2762 -0.2865 -0.2865 -0.2865 -0.2865 -0.2865 -0.2865 -0.2865 -0.2955 0.0680 0.0680 0.0507 -0.1143 
fb2 = -0.2454 -0.2661 -0.2661 -0.2661 -0.2661 -0.2661 -0.2661 -0.2661 -0.2762 -0.2762 -0.2762 -0.2762 -0.2762 -0.2762 -0.2762 -0.2864 -0.2864 -0.2864 -0.2864 -0.2864 -0.2864 -0.2864 -0.2955 0.0690 0.0690 0.0514 -0.1142 
fb3 = -0.2454 -0.2661 -0.2661 -0.2661 -0.2661 -0.2661 -0.2661 -0.2661 -0.2762 -0.2762 -0.2762 -0.2762 -0.2762 -0.2762 -0.2762 -0.2864 -0.2864 -0.2864 -0.2864 -0.2864 -0.2864 -0.2864 -0.2955 0.0690 0.0690 0.0514 -0.1142 
fb4 = -0.2453 -0.2660 -0.2660 -0.2660 -0.2660 -0.2660 -0.2660 -0.2660 -0.2761 -0.2761 -0.2761 -0.2761 -0.2761 -0.2761 -0.2761 -0.2864 -0.2864 -0.2864 -0.2864 -0.2864 -0.2864 -0.2864 -0.2954 0.0701 0.0701 0.0521 -0.1142 
I = 14.9000 9.4000 9.4000 9.4000 9.4000 9.4000 9.4000 9.4000 6.0000 6.0000 6.0000 6.0000 6.0000 6.0000 6.0000 2.0000 2.0000 2.0000 2.0000 2.0000 2.0000 2.0000 -2.0000 24.4699 24.4699 10.0000 -4.9476 
S1 = 0.0000 0.0000 0.0000 0.0000 0.0000 0.0000 0.0000 0.0000 0.0000 0.0000 0.0000 0.0000 0.0000 0.0000 0.0000 0.0000 0.0000 0.0000 0.0000 0.0000 0.0000 0.0000 0.0000 0.0000 0.0000 0.0000 0.0000 
S2 = 0.0000 0.0000 0.0000 0.0000 0.0000 0.0000 0.0000 0.0000 0.0000 0.0000 0.0000 0.0000 0.0000 0.0000 0.0000 0.0000 0.0000 0.0000 0.0000 0.0000 0.0000 0.0000 0.0000 0.4699 0.4699 0.0000 6.0524 
u = 9.1498 9.1093 9.1093 9.1093 9.1093 9.1093 9.1093 9.1093 9.0874 9.0874 9.0874 9.0874 9.0874 9.0874 9.0874 9.0637 9.0637 9.0637 9.0637 9.0637 9.0637 9.0637 9.0419 10.0852 10.0852 10.7540 9.6107 
v = 30.1802 24.5939 24.5939 24.5939 24.5939 24.5939 24.5939 24.5939 21.8460 21.8460 21.8460 21.8460 21.8460 21.8460 21.8460 19.0415 19.0415 19.0415 19.0415 19.0415 19.0415 19.0415 16.5672 67.9561 67.9561 66.8025 19.5107 
