ExternalI = 5.5000 0.0000 0.0000 0.0000 0.0000 0.0000 0.0000 0.0000 4.0000 4.0000 4.0000 4.0000 4.0000 4.0000 4.0000 0.0000 0.0000 0.0000 0.0000 0.0000 0.0000 0.0000 0.0000 8.0000 8.0000 0.0000 0.0000 
before u = 9.1498 9.1093 9.1093 9.1093 9.1093 9.1093 9.1093 9.1093 9.0874 9.0874 9.0874 9.0874 9.0874 9.0874 9.0874 9.0637 9.0637 9.0637 9.0637 9.0637 9.0637 9.0637 9.0419 10.0852 10.0852 10.7540 9.6107 
before v = 30.1802 24.5939 24.5939 24.5939 24.5939 24.5939 24.5939 24.5939 21.8460 21.8460 21.8460 21.8460 21.8460 21.8460 21.8460 19.0415 19.0415 19.0415 19.0415 19.0415 19.0415 19.0415 16.5672 67.9561 67.9561 66.8025 19.5107 
Ibias = 9.4000 9.4000 9.4000 9.4000 9.4000 9.4000 9.4000 9.4000 2.0000 2.0000 2.0000 2.0000 2.0000 2.0000 2.0000 2.0000 2.0000 2.0000 2.0000 2.0000 2.0000 2.0000 -2.0000 16.0000 16.0000 10.0000 -11.0000 
fa1 = 1.6434 0.7034 0.7034 0.7034 0.7034 0.7034 0.7034 0.7034 0.4646 0.4646 0.4646 0.4646 0.4646 0.4646 0.4646 0.3150 0.3150 0.3150 0.3150 0.3150 0.3150 0.3150 0.2354 55.2368 55.2368 37.3415 2.1243 
fa2 = 1.6398 0.7011 0.7011 0.7011 0.7011 0.7011 0.7011 0.7011 0.4630 0.4630 0.4630 0.4630 0.4630 0.4630 0.4630 0.3141 0.3141 0.3141 0.3141 0.3141 0.3141 0.3141 0.2349 55.9124 55.9124 37.7803 2.1095 
fa3 = 1.6398 0.7011 0.7011 0.7011 0.7011 0.7011 0.7011 0.7011 0.4630 0.4630 0.4630 0.4630 0.4630 0.4630 0.4630 0.3141 0.3141 0.3141 0.3141 0.3141 0.3141 0.3141 0.2349 55.9207 55.9207 37.7855 2.1096 
fa4 = 1.6362 0.6988 0.6988 0.6988 0.6988 0.6988 0.6988 0.6988 0.4615 0.4615 0.4615 0.4615 0.4615 0.4615 0.4615 0.3132 0.3132 0.3132 0.3132 0.3132 0.3132 0.3132 0.2344 56.6111 56.6111 38.2325 2.0951 
fb1 = -0.2453 -0.2660 -0.2660 -0.2660 -0.2660 -0.2660 -0.2660 -0.2660 -0.2761 -0.2761 -0.2761 -0.2761 -0.2761 -0.2761 -0.2761 -0.2864 -0.2864 -0.2864 -0.2864 -0.2864 -0.2864 -0.2864 -0.2954 0.0701 0.0701 0.0521 -0.1142 
fb2 = -0.2452 -0.2659 -0.2659 -0.2659 -0.2659 -0.2659 -0.2659 -0.2659 -0.2760 -0.2760 -0.2760 -0.2760 -0.2760 -0.2760 -0.2760 -0.2863 -0.2863 -0.2863 -0.2863 -0.2863 -0.2863 -0.2863 -0.2953 0.0712 0.0712 0.0529 -0.1141 
fb3 = -0.2452 -0.2659 -0.2659 -0.2659 -0.2659 -0.2659 -0.2659 -0.2659 -0.2760 -0.2760 -0.2760 -0.2760 -0.2760 -0.2760 -0.2760 -0.2863 -0.2863 -0.2863 -0.2863 -0.2863 -0.2863 -0.2863 -0.2953 0.0712 0.0712 0.0529 -0.1141 
fb4 = -0.2451 -0.2659 -0.2659 -0.2659 -0.2659 -0.2659 -0.2659 -0.2659 -0.2760 -0.2760 -0.2760 -0.2760 -0.2760 -0.2760 -0.2760 -0.2863 -0.2863 -0.2863 -0.2863 -0.2863 -0.2863 -0.2863 -0.2953 0.0723 0.0723 0.0536 -0.1141 
I = 14.9000 9.4000 9.4000 9.4000 9.4000 9.4000 9.4000 9.4000 6.0000 6.0000 6.0000 6.0000 6.0000 6.0000 6.0000 2.0000 2.0000 2.0000 2.0000 2.0000 2.0000 2.0000 -2.0000 24.4690 24.4690 10.0000 -4.9597 
S1 = 0.0000 0.0000 0.0000 0.0000 0.0000 0.0000 0.0000 0.0000 0.0000 0.0000 0.0000 0.0000 0.0000 0.0000 0.0000 0.0000 0.0000 0.0000 0.0000 0.0000 0.0000 0.0000 0.0000 0.0000 0.0000 0.0000 0.0000 
S2 = 0.0000 0.0000 0.0000 0.0000 0.0000 0.0000 0.0000 0.0000 0.0000 0.0000 0.0000 0.0000 0.0000 0.0000 0.0000 0.0000 0.0000 0.0000 0.0000 0.0000 0.0000 0.0000 0.0000 0.4690 0.4690 0.0000 6.0403 
u = 9.1474 9.1067 9.1067 9.1067 9.1067 9.1067 9.1067 9.1067 9.0846 9.0846 9.0846 9.0846 9.0846 9.0846 9.0846 9.0609 9.0609 9.0609 9.0609 9.0609 9.0609 9.0609 9.0389 10.0860 10.0860 10.7546 9.6096 
v = 30.1966 24.6009 24.6009 24.6009 24.6009 24.6009 24.6009 24.6009 21.8506 21.8506 21.8506 21.8506 21.8506 21.8506 21.8506 19.0446 19.0446 19.0446 19.0446 19.0446 19.0446 19.0446 16.5695 68.5153 68.5153 67.1804 19.5318 
