ExternalI = 5.5000 0.0000 0.0000 0.0000 0.0000 0.0000 0.0000 0.0000 4.0000 4.0000 4.0000 4.0000 4.0000 4.0000 4.0000 0.0000 0.0000 0.0000 0.0000 0.0000 0.0000 0.0000 0.0000 8.0000 8.0000 0.0000 0.0000 
before u = 9.1474 9.1067 9.1067 9.1067 9.1067 9.1067 9.1067 9.1067 9.0846 9.0846 9.0846 9.0846 9.0846 9.0846 9.0846 9.0609 9.0609 9.0609 9.0609 9.0609 9.0609 9.0609 9.0389 10.0860 10.0860 10.7546 9.6096 
before v = 30.1966 24.6009 24.6009 24.6009 24.6009 24.6009 24.6009 24.6009 21.8506 21.8506 21.8506 21.8506 21.8506 21.8506 21.8506 19.0446 19.0446 19.0446 19.0446 19.0446 19.0446 19.0446 16.5695 68.5153 68.5153 67.1804 19.5318 
Ibias = 9.4000 9.4000 9.4000 9.4000 9.4000 9.4000 9.4000 9.4000 2.0000 2.0000 2.0000 2.0000 2.0000 2.0000 2.0000 2.0000 2.0000 2.0000 2.0000 2.0000 2.0000 2.0000 -2.0000 16.0000 16.0000 10.0000 -11.0000 
fa1 = 1.6362 0.6988 0.6988 0.6988 0.6988 0.6988 0.6988 0.6988 0.4615 0.4615 0.4615 0.4615 0.4615 0.4615 0.4615 0.3132 0.3132 0.3132 0.3132 0.3132 0.3132 0.3132 0.2344 56.6101 56.6101 38.2324 2.0830 
fa2 = 1.6327 0.6965 0.6965 0.6965 0.6965 0.6965 0.6965 0.6965 0.4600 0.4600 0.4600 0.4600 0.4600 0.4600 0.4600 0.3123 0.3123 0.3123 0.3123 0.3123 0.3123 0.3123 0.2339 57.3153 57.3153 38.6875 2.0686 
fa3 = 1.6327 0.6965 0.6965 0.6965 0.6965 0.6965 0.6965 0.6965 0.4600 0.4600 0.4600 0.4600 0.4600 0.4600 0.4600 0.3123 0.3123 0.3123 0.3123 0.3123 0.3123 0.3123 0.2339 57.3241 57.3241 38.6930 2.0687 
fa4 = 1.6292 0.6942 0.6942 0.6942 0.6942 0.6942 0.6942 0.6942 0.4585 0.4585 0.4585 0.4585 0.4585 0.4585 0.4585 0.3114 0.3114 0.3114 0.3114 0.3114 0.3114 0.3114 0.2335 58.0449 58.0449 39.1566 2.0544 
fb1 = -0.2451 -0.2659 -0.2659 -0.2659 -0.2659 -0.2659 -0.2659 -0.2659 -0.2760 -0.2760 -0.2760 -0.2760 -0.2760 -0.2760 -0.2760 -0.2863 -0.2863 -0.2863 -0.2863 -0.2863 -0.2863 -0.2863 -0.2953 0.0723 0.0723 0.0536 -0.1141 
fb2 = -0.2450 -0.2658 -0.2658 -0.2658 -0.2658 -0.2658 -0.2658 -0.2658 -0.2759 -0.2759 -0.2759 -0.2759 -0.2759 -0.2759 -0.2759 -0.2862 -0.2862 -0.2862 -0.2862 -0.2862 -0.2862 -0.2862 -0.2952 0.0735 0.0735 0.0544 -0.1140 
fb3 = -0.2450 -0.2658 -0.2658 -0.2658 -0.2658 -0.2658 -0.2658 -0.2658 -0.2759 -0.2759 -0.2759 -0.2759 -0.2759 -0.2759 -0.2759 -0.2862 -0.2862 -0.2862 -0.2862 -0.2862 -0.2862 -0.2862 -0.2952 0.0735 0.0735 0.0544 -0.1140 
fb4 = -0.2449 -0.2657 -0.2657 -0.2657 -0.2657 -0.2657 -0.2657 -0.2657 -0.2759 -0.2759 -0.2759 -0.2759 -0.2759 -0.2759 -0.2759 -0.2861 -0.2861 -0.2861 -0.2861 -0.2861 -0.2861 -0.2861 -0.2952 0.0746 0.0746 0.0552 -0.1140 
I = 14.9000 9.4000 9.4000 9.4000 9.4000 9.4000 9.4000 9.4000 6.0000 6.0000 6.0000 6.0000 6.0000 6.0000 6.0000 2.0000 2.0000 2.0000 2.0000 2.0000 2.0000 2.0000 -2.0000 24.4680 24.4680 10.0000 -4.9718 
S1 = 0.0000 0.0000 0.0000 0.0000 0.0000 0.0000 0.0000 0.0000 0.0000 0.0000 0.0000 0.0000 0.0000 0.0000 0.0000 0.0000 0.0000 0.0000 0.0000 0.0000 0.0000 0.0000 0.0000 0.0000 0.0000 0.0000 0.0000 
S2 = 0.0000 0.0000 0.0000 0.0000 0.0000 0.0000 0.0000 0.0000 0.0000 0.0000 0.0000 0.0000 0.0000 0.0000 0.0000 0.0000 0.0000 0.0000 0.0000 0.0000 0.0000 0.0000 0.0000 0.4680 0.4680 0.0000 6.0282 
u = 9.1449 9.1040 9.1040 9.1040 9.1040 9.1040 9.1040 9.1040 9.0819 9.0819 9.0819 9.0819 9.0819 9.0819 9.0819 9.0580 9.0580 9.0580 9.0580 9.0580 9.0580 9.0580 9.0360 10.0867 10.0867 10.7551 9.6084 
v = 30.2129 24.6079 24.6079 24.6079 24.6079 24.6079 24.6079 24.6079 21.8552 21.8552 21.8552 21.8552 21.8552 21.8552 21.8552 19.0477 19.0477 19.0477 19.0477 19.0477 19.0477 19.0477 16.5719 69.0886 69.0886 67.5673 19.5524 
