ExternalI = 5.5000 0.0000 0.0000 0.0000 0.0000 0.0000 0.0000 0.0000 4.0000 4.0000 4.0000 4.0000 4.0000 4.0000 4.0000 0.0000 0.0000 0.0000 0.0000 0.0000 0.0000 0.0000 0.0000 8.0000 8.0000 0.0000 0.0000 
before u = 9.1449 9.1040 9.1040 9.1040 9.1040 9.1040 9.1040 9.1040 9.0819 9.0819 9.0819 9.0819 9.0819 9.0819 9.0819 9.0580 9.0580 9.0580 9.0580 9.0580 9.0580 9.0580 9.0360 10.0867 10.0867 10.7551 9.6084 
before v = 30.2129 24.6079 24.6079 24.6079 24.6079 24.6079 24.6079 24.6079 21.8552 21.8552 21.8552 21.8552 21.8552 21.8552 21.8552 19.0477 19.0477 19.0477 19.0477 19.0477 19.0477 19.0477 16.5719 69.0886 69.0886 67.5673 19.5524 
Ibias = 9.4000 9.4000 9.4000 9.4000 9.4000 9.4000 9.4000 9.4000 2.0000 2.0000 2.0000 2.0000 2.0000 2.0000 2.0000 2.0000 2.0000 2.0000 2.0000 2.0000 2.0000 2.0000 -2.0000 16.0000 16.0000 10.0000 -11.0000 
fa1 = 1.6292 0.6942 0.6942 0.6942 0.6942 0.6942 0.6942 0.6942 0.4585 0.4585 0.4585 0.4585 0.4585 0.4585 0.4585 0.3114 0.3114 0.3114 0.3114 0.3114 0.3114 0.3114 0.2335 58.0439 58.0439 39.1566 2.0423 
fa2 = 1.6256 0.6920 0.6920 0.6920 0.6920 0.6920 0.6920 0.6920 0.4570 0.4570 0.4570 0.4570 0.4570 0.4570 0.4570 0.3106 0.3106 0.3106 0.3106 0.3106 0.3106 0.3106 0.2330 58.7803 58.7803 39.6288 2.0282 
fa3 = 1.6256 0.6920 0.6920 0.6920 0.6920 0.6920 0.6920 0.6920 0.4570 0.4570 0.4570 0.4570 0.4570 0.4570 0.4570 0.3106 0.3106 0.3106 0.3106 0.3106 0.3106 0.3106 0.2330 58.7897 58.7897 39.6345 2.0283 
fa4 = 1.6221 0.6898 0.6898 0.6898 0.6898 0.6898 0.6898 0.6898 0.4556 0.4556 0.4556 0.4556 0.4556 0.4556 0.4556 0.3097 0.3097 0.3097 0.3097 0.3097 0.3097 0.3097 0.2325 59.5426 59.5426 40.1157 2.0144 
fb1 = -0.2449 -0.2657 -0.2657 -0.2657 -0.2657 -0.2657 -0.2657 -0.2657 -0.2759 -0.2759 -0.2759 -0.2759 -0.2759 -0.2759 -0.2759 -0.2861 -0.2861 -0.2861 -0.2861 -0.2861 -0.2861 -0.2861 -0.2952 0.0746 0.0746 0.0552 -0.1140 
fb2 = -0.2449 -0.2657 -0.2657 -0.2657 -0.2657 -0.2657 -0.2657 -0.2657 -0.2758 -0.2758 -0.2758 -0.2758 -0.2758 -0.2758 -0.2758 -0.2861 -0.2861 -0.2861 -0.2861 -0.2861 -0.2861 -0.2861 -0.2951 0.0758 0.0758 0.0559 -0.1139 
fb3 = -0.2449 -0.2657 -0.2657 -0.2657 -0.2657 -0.2657 -0.2657 -0.2657 -0.2758 -0.2758 -0.2758 -0.2758 -0.2758 -0.2758 -0.2758 -0.2861 -0.2861 -0.2861 -0.2861 -0.2861 -0.2861 -0.2861 -0.2951 0.0758 0.0758 0.0560 -0.1139 
fb4 = -0.2448 -0.2656 -0.2656 -0.2656 -0.2656 -0.2656 -0.2656 -0.2656 -0.2757 -0.2757 -0.2757 -0.2757 -0.2757 -0.2757 -0.2757 -0.2860 -0.2860 -0.2860 -0.2860 -0.2860 -0.2860 -0.2860 -0.2950 0.0770 0.0770 0.0567 -0.1139 
I = 14.9000 9.4000 9.4000 9.4000 9.4000 9.4000 9.4000 9.4000 6.0000 6.0000 6.0000 6.0000 6.0000 6.0000 6.0000 2.0000 2.0000 2.0000 2.0000 2.0000 2.0000 2.0000 -2.0000 24.4671 24.4671 10.0000 -4.9838 
S1 = 0.0000 0.0000 0.0000 0.0000 0.0000 0.0000 0.0000 0.0000 0.0000 0.0000 0.0000 0.0000 0.0000 0.0000 0.0000 0.0000 0.0000 0.0000 0.0000 0.0000 0.0000 0.0000 0.0000 0.0000 0.0000 0.0000 0.0000 
S2 = 0.0000 0.0000 0.0000 0.0000 0.0000 0.0000 0.0000 0.0000 0.0000 0.0000 0.0000 0.0000 0.0000 0.0000 0.0000 0.0000 0.0000 0.0000 0.0000 0.0000 0.0000 0.0000 0.0000 0.4671 0.4671 0.0000 6.0162 
u = 9.1425 9.1014 9.1014 9.1014 9.1014 9.1014 9.1014 9.1014 9.0791 9.0791 9.0791 9.0791 9.0791 9.0791 9.0791 9.0551 9.0551 9.0551 9.0551 9.0551 9.0551 9.0551 9.0330 10.0874 10.0874 10.7557 9.6073 
v = 30.2292 24.6148 24.6148 24.6148 24.6148 24.6148 24.6148 24.6148 21.8598 21.8598 21.8598 21.8598 21.8598 21.8598 21.8598 19.0508 19.0508 19.0508 19.0508 19.0508 19.0508 19.0508 16.5742 69.6764 69.6764 67.9636 19.5727 
