ExternalI = 5.5000 0.0000 0.0000 0.0000 0.0000 0.0000 0.0000 0.0000 4.0000 4.0000 4.0000 4.0000 4.0000 4.0000 4.0000 0.0000 0.0000 0.0000 0.0000 0.0000 0.0000 0.0000 0.0000 8.0000 8.0000 0.0000 0.0000 
before u = 9.1425 9.1014 9.1014 9.1014 9.1014 9.1014 9.1014 9.1014 9.0791 9.0791 9.0791 9.0791 9.0791 9.0791 9.0791 9.0551 9.0551 9.0551 9.0551 9.0551 9.0551 9.0551 9.0330 10.0874 10.0874 10.7557 9.6073 
before v = 30.2292 24.6148 24.6148 24.6148 24.6148 24.6148 24.6148 24.6148 21.8598 21.8598 21.8598 21.8598 21.8598 21.8598 21.8598 19.0508 19.0508 19.0508 19.0508 19.0508 19.0508 19.0508 16.5742 69.6764 69.6764 67.9636 19.5727 
Ibias = 9.4000 9.4000 9.4000 9.4000 9.4000 9.4000 9.4000 9.4000 2.0000 2.0000 2.0000 2.0000 2.0000 2.0000 2.0000 2.0000 2.0000 2.0000 2.0000 2.0000 2.0000 2.0000 -2.0000 16.0000 16.0000 10.0000 -11.0000 
fa1 = 1.6221 0.6898 0.6898 0.6898 0.6898 0.6898 0.6898 0.6898 0.4556 0.4556 0.4556 0.4556 0.4556 0.4556 0.4556 0.3097 0.3097 0.3097 0.3097 0.3097 0.3097 0.3097 0.2325 59.5416 59.5416 40.1156 2.0023 
fa2 = 1.6187 0.6875 0.6875 0.6875 0.6875 0.6875 0.6875 0.6875 0.4541 0.4541 0.4541 0.4541 0.4541 0.4541 0.4541 0.3089 0.3089 0.3089 0.3089 0.3089 0.3089 0.3089 0.2320 60.3111 60.3111 40.6058 1.9886 
fa3 = 1.6187 0.6876 0.6876 0.6876 0.6876 0.6876 0.6876 0.6876 0.4541 0.4541 0.4541 0.4541 0.4541 0.4541 0.4541 0.3089 0.3089 0.3089 0.3089 0.3089 0.3089 0.3089 0.2320 60.3211 60.3211 40.6118 1.9886 
fa4 = 1.6152 0.6853 0.6853 0.6853 0.6853 0.6853 0.6853 0.6853 0.4526 0.4526 0.4526 0.4526 0.4526 0.4526 0.4526 0.3080 0.3080 0.3080 0.3080 0.3080 0.3080 0.3080 0.2316 61.1081 61.1081 41.1114 1.9750 
fb1 = -0.2448 -0.2656 -0.2656 -0.2656 -0.2656 -0.2656 -0.2656 -0.2656 -0.2757 -0.2757 -0.2757 -0.2757 -0.2757 -0.2757 -0.2757 -0.2860 -0.2860 -0.2860 -0.2860 -0.2860 -0.2860 -0.2860 -0.2950 0.0770 0.0770 0.0567 -0.1139 
fb2 = -0.2447 -0.2655 -0.2655 -0.2655 -0.2655 -0.2655 -0.2655 -0.2655 -0.2757 -0.2757 -0.2757 -0.2757 -0.2757 -0.2757 -0.2757 -0.2859 -0.2859 -0.2859 -0.2859 -0.2859 -0.2859 -0.2859 -0.2950 0.0781 0.0781 0.0575 -0.1138 
fb3 = -0.2447 -0.2655 -0.2655 -0.2655 -0.2655 -0.2655 -0.2655 -0.2655 -0.2757 -0.2757 -0.2757 -0.2757 -0.2757 -0.2757 -0.2757 -0.2859 -0.2859 -0.2859 -0.2859 -0.2859 -0.2859 -0.2859 -0.2950 0.0782 0.0782 0.0575 -0.1138 
fb4 = -0.2446 -0.2655 -0.2655 -0.2655 -0.2655 -0.2655 -0.2655 -0.2655 -0.2756 -0.2756 -0.2756 -0.2756 -0.2756 -0.2756 -0.2756 -0.2859 -0.2859 -0.2859 -0.2859 -0.2859 -0.2859 -0.2859 -0.2949 0.0794 0.0794 0.0584 -0.1138 
I = 14.9000 9.4000 9.4000 9.4000 9.4000 9.4000 9.4000 9.4000 6.0000 6.0000 6.0000 6.0000 6.0000 6.0000 6.0000 2.0000 2.0000 2.0000 2.0000 2.0000 2.0000 2.0000 -2.0000 24.4662 24.4662 10.0000 -4.9959 
S1 = 0.0000 0.0000 0.0000 0.0000 0.0000 0.0000 0.0000 0.0000 0.0000 0.0000 0.0000 0.0000 0.0000 0.0000 0.0000 0.0000 0.0000 0.0000 0.0000 0.0000 0.0000 0.0000 0.0000 0.0000 0.0000 0.0000 0.0000 
S2 = 0.0000 0.0000 0.0000 0.0000 0.0000 0.0000 0.0000 0.0000 0.0000 0.0000 0.0000 0.0000 0.0000 0.0000 0.0000 0.0000 0.0000 0.0000 0.0000 0.0000 0.0000 0.0000 0.0000 0.4662 0.4662 0.0000 6.0041 
u = 9.1400 9.0987 9.0987 9.0987 9.0987 9.0987 9.0987 9.0987 9.0763 9.0763 9.0763 9.0763 9.0763 9.0763 9.0763 9.0523 9.0523 9.0523 9.0523 9.0523 9.0523 9.0523 9.0301 10.0882 10.0882 10.7562 9.6062 
v = 30.2454 24.6217 24.6217 24.6217 24.6217 24.6217 24.6217 24.6217 21.8643 21.8643 21.8643 21.8643 21.8643 21.8643 21.8643 19.0539 19.0539 19.0539 19.0539 19.0539 19.0539 19.0539 16.5765 70.2796 70.2796 68.3697 19.5926 
