ExternalI = 5.5000 0.0000 0.0000 0.0000 0.0000 0.0000 0.0000 0.0000 4.0000 4.0000 4.0000 4.0000 4.0000 4.0000 4.0000 0.0000 0.0000 0.0000 0.0000 0.0000 0.0000 0.0000 0.0000 8.0000 8.0000 0.0000 0.0000 
before u = 9.1400 9.0987 9.0987 9.0987 9.0987 9.0987 9.0987 9.0987 9.0763 9.0763 9.0763 9.0763 9.0763 9.0763 9.0763 9.0523 9.0523 9.0523 9.0523 9.0523 9.0523 9.0523 9.0301 10.0882 10.0882 10.7562 9.6062 
before v = 30.2454 24.6217 24.6217 24.6217 24.6217 24.6217 24.6217 24.6217 21.8643 21.8643 21.8643 21.8643 21.8643 21.8643 21.8643 19.0539 19.0539 19.0539 19.0539 19.0539 19.0539 19.0539 16.5765 70.2796 70.2796 68.3697 19.5926 
Ibias = 9.4000 9.4000 9.4000 9.4000 9.4000 9.4000 9.4000 9.4000 2.0000 2.0000 2.0000 2.0000 2.0000 2.0000 2.0000 2.0000 2.0000 2.0000 2.0000 2.0000 2.0000 2.0000 -2.0000 16.0000 16.0000 10.0000 -11.0000 
fa1 = 1.6152 0.6853 0.6853 0.6853 0.6853 0.6853 0.6853 0.6853 0.4526 0.4526 0.4526 0.4526 0.4526 0.4526 0.4526 0.3080 0.3080 0.3080 0.3080 0.3080 0.3080 0.3080 0.2316 61.1071 61.1071 41.1114 1.9630 
fa2 = 1.6117 0.6831 0.6831 0.6831 0.6831 0.6831 0.6831 0.6831 0.4512 0.4512 0.4512 0.4512 0.4512 0.4512 0.4512 0.3072 0.3072 0.3072 0.3072 0.3072 0.3072 0.3072 0.2311 61.9117 61.9117 41.6204 1.9495 
fa3 = 1.6117 0.6831 0.6831 0.6831 0.6831 0.6831 0.6831 0.6831 0.4512 0.4512 0.4512 0.4512 0.4512 0.4512 0.4512 0.3072 0.3072 0.3072 0.3072 0.3072 0.3072 0.3072 0.2311 61.9223 61.9223 41.6267 1.9496 
fa4 = 1.6083 0.6810 0.6810 0.6810 0.6810 0.6810 0.6810 0.6810 0.4497 0.4497 0.4497 0.4497 0.4497 0.4497 0.4497 0.3063 0.3063 0.3063 0.3063 0.3063 0.3063 0.3063 0.2307 62.7455 62.7455 42.1457 1.9362 
fb1 = -0.2446 -0.2655 -0.2655 -0.2655 -0.2655 -0.2655 -0.2655 -0.2655 -0.2756 -0.2756 -0.2756 -0.2756 -0.2756 -0.2756 -0.2756 -0.2859 -0.2859 -0.2859 -0.2859 -0.2859 -0.2859 -0.2859 -0.2949 0.0794 0.0794 0.0584 -0.1138 
fb2 = -0.2445 -0.2654 -0.2654 -0.2654 -0.2654 -0.2654 -0.2654 -0.2654 -0.2755 -0.2755 -0.2755 -0.2755 -0.2755 -0.2755 -0.2755 -0.2858 -0.2858 -0.2858 -0.2858 -0.2858 -0.2858 -0.2858 -0.2948 0.0806 0.0806 0.0592 -0.1137 
fb3 = -0.2445 -0.2654 -0.2654 -0.2654 -0.2654 -0.2654 -0.2654 -0.2654 -0.2755 -0.2755 -0.2755 -0.2755 -0.2755 -0.2755 -0.2755 -0.2858 -0.2858 -0.2858 -0.2858 -0.2858 -0.2858 -0.2858 -0.2948 0.0806 0.0806 0.0592 -0.1137 
fb4 = -0.2445 -0.2653 -0.2653 -0.2653 -0.2653 -0.2653 -0.2653 -0.2653 -0.2755 -0.2755 -0.2755 -0.2755 -0.2755 -0.2755 -0.2755 -0.2857 -0.2857 -0.2857 -0.2857 -0.2857 -0.2857 -0.2857 -0.2948 0.0818 0.0818 0.0600 -0.1137 
I = 14.9000 9.4000 9.4000 9.4000 9.4000 9.4000 9.4000 9.4000 6.0000 6.0000 6.0000 6.0000 6.0000 6.0000 6.0000 2.0000 2.0000 2.0000 2.0000 2.0000 2.0000 2.0000 -2.0000 24.4652 24.4652 10.0000 -5.0079 
S1 = 0.0000 0.0000 0.0000 0.0000 0.0000 0.0000 0.0000 0.0000 0.0000 0.0000 0.0000 0.0000 0.0000 0.0000 0.0000 0.0000 0.0000 0.0000 0.0000 0.0000 0.0000 0.0000 0.0000 0.0000 0.0000 0.0000 0.0000 
S2 = 0.0000 0.0000 0.0000 0.0000 0.0000 0.0000 0.0000 0.0000 0.0000 0.0000 0.0000 0.0000 0.0000 0.0000 0.0000 0.0000 0.0000 0.0000 0.0000 0.0000 0.0000 0.0000 0.0000 0.4652 0.4652 0.0000 5.9921 
u = 9.1376 9.0960 9.0960 9.0960 9.0960 9.0960 9.0960 9.0960 9.0736 9.0736 9.0736 9.0736 9.0736 9.0736 9.0736 9.0494 9.0494 9.0494 9.0494 9.0494 9.0494 9.0494 9.0271 10.0890 10.0890 10.7568 9.6050 
v = 30.2615 24.6285 24.6285 24.6285 24.6285 24.6285 24.6285 24.6285 21.8688 21.8688 21.8688 21.8688 21.8688 21.8688 21.8688 19.0570 19.0570 19.0570 19.0570 19.0570 19.0570 19.0570 16.5788 70.8988 70.8988 68.7860 19.6121 
