ExternalI = 5.5000 0.0000 0.0000 0.0000 0.0000 0.0000 0.0000 0.0000 4.0000 4.0000 4.0000 4.0000 4.0000 4.0000 4.0000 0.0000 0.0000 0.0000 0.0000 0.0000 0.0000 0.0000 0.0000 8.0000 8.0000 0.0000 0.0000 
before u = 9.1376 9.0960 9.0960 9.0960 9.0960 9.0960 9.0960 9.0960 9.0736 9.0736 9.0736 9.0736 9.0736 9.0736 9.0736 9.0494 9.0494 9.0494 9.0494 9.0494 9.0494 9.0494 9.0271 10.0890 10.0890 10.7568 9.6050 
before v = 30.2615 24.6285 24.6285 24.6285 24.6285 24.6285 24.6285 24.6285 21.8688 21.8688 21.8688 21.8688 21.8688 21.8688 21.8688 19.0570 19.0570 19.0570 19.0570 19.0570 19.0570 19.0570 16.5788 70.8988 70.8988 68.7860 19.6121 
Ibias = 9.4000 9.4000 9.4000 9.4000 9.4000 9.4000 9.4000 9.4000 2.0000 2.0000 2.0000 2.0000 2.0000 2.0000 2.0000 2.0000 2.0000 2.0000 2.0000 2.0000 2.0000 2.0000 -2.0000 16.0000 16.0000 10.0000 -11.0000 
fa1 = 1.6083 0.6810 0.6810 0.6810 0.6810 0.6810 0.6810 0.6810 0.4497 0.4497 0.4497 0.4497 0.4497 0.4497 0.4497 0.3063 0.3063 0.3063 0.3063 0.3063 0.3063 0.3063 0.2307 62.7445 62.7445 42.1457 1.9242 
fa2 = 1.6049 0.6788 0.6788 0.6788 0.6788 0.6788 0.6788 0.6788 0.4483 0.4483 0.4483 0.4483 0.4483 0.4483 0.4483 0.3055 0.3055 0.3055 0.3055 0.3055 0.3055 0.3055 0.2302 63.5863 63.5863 42.6746 1.9110 
fa3 = 1.6049 0.6788 0.6788 0.6788 0.6788 0.6788 0.6788 0.6788 0.4483 0.4483 0.4483 0.4483 0.4483 0.4483 0.4483 0.3055 0.3055 0.3055 0.3055 0.3055 0.3055 0.3055 0.2302 63.5976 63.5976 42.6812 1.9111 
fa4 = 1.6014 0.6766 0.6766 0.6766 0.6766 0.6766 0.6766 0.6766 0.4469 0.4469 0.4469 0.4469 0.4469 0.4469 0.4469 0.3047 0.3047 0.3047 0.3047 0.3047 0.3047 0.3047 0.2297 64.4591 64.4591 43.2206 1.8980 
fb1 = -0.2445 -0.2653 -0.2653 -0.2653 -0.2653 -0.2653 -0.2653 -0.2653 -0.2755 -0.2755 -0.2755 -0.2755 -0.2755 -0.2755 -0.2755 -0.2857 -0.2857 -0.2857 -0.2857 -0.2857 -0.2857 -0.2857 -0.2948 0.0818 0.0818 0.0600 -0.1137 
fb2 = -0.2444 -0.2653 -0.2653 -0.2653 -0.2653 -0.2653 -0.2653 -0.2653 -0.2754 -0.2754 -0.2754 -0.2754 -0.2754 -0.2754 -0.2754 -0.2857 -0.2857 -0.2857 -0.2857 -0.2857 -0.2857 -0.2857 -0.2947 0.0831 0.0831 0.0608 -0.1136 
fb3 = -0.2444 -0.2653 -0.2653 -0.2653 -0.2653 -0.2653 -0.2653 -0.2653 -0.2754 -0.2754 -0.2754 -0.2754 -0.2754 -0.2754 -0.2754 -0.2857 -0.2857 -0.2857 -0.2857 -0.2857 -0.2857 -0.2857 -0.2947 0.0831 0.0831 0.0609 -0.1136 
fb4 = -0.2443 -0.2652 -0.2652 -0.2652 -0.2652 -0.2652 -0.2652 -0.2652 -0.2753 -0.2753 -0.2753 -0.2753 -0.2753 -0.2753 -0.2753 -0.2856 -0.2856 -0.2856 -0.2856 -0.2856 -0.2856 -0.2856 -0.2946 0.0843 0.0843 0.0617 -0.1136 
I = 14.9000 9.4000 9.4000 9.4000 9.4000 9.4000 9.4000 9.4000 6.0000 6.0000 6.0000 6.0000 6.0000 6.0000 6.0000 2.0000 2.0000 2.0000 2.0000 2.0000 2.0000 2.0000 -2.0000 24.4643 24.4643 10.0000 -5.0199 
S1 = 0.0000 0.0000 0.0000 0.0000 0.0000 0.0000 0.0000 0.0000 0.0000 0.0000 0.0000 0.0000 0.0000 0.0000 0.0000 0.0000 0.0000 0.0000 0.0000 0.0000 0.0000 0.0000 0.0000 0.0000 0.0000 0.0000 0.0000 
S2 = 0.0000 0.0000 0.0000 0.0000 0.0000 0.0000 0.0000 0.0000 0.0000 0.0000 0.0000 0.0000 0.0000 0.0000 0.0000 0.0000 0.0000 0.0000 0.0000 0.0000 0.0000 0.0000 0.0000 0.4643 0.4643 0.0000 5.9801 
u = 9.1351 9.0934 9.0934 9.0934 9.0934 9.0934 9.0934 9.0934 9.0708 9.0708 9.0708 9.0708 9.0708 9.0708 9.0708 9.0466 9.0466 9.0466 9.0466 9.0466 9.0466 9.0466 9.0242 10.0899 10.0899 10.7574 9.6039 
v = 30.2775 24.6353 24.6353 24.6353 24.6353 24.6353 24.6353 24.6353 21.8733 21.8733 21.8733 21.8733 21.8733 21.8733 21.8733 19.0601 19.0601 19.0601 19.0601 19.0601 19.0601 19.0601 16.5811 71.5348 71.5348 69.2128 19.6312 
