ExternalI = 5.5000 0.0000 0.0000 0.0000 0.0000 0.0000 0.0000 0.0000 4.0000 4.0000 4.0000 4.0000 4.0000 4.0000 4.0000 0.0000 0.0000 0.0000 0.0000 0.0000 0.0000 0.0000 0.0000 8.0000 8.0000 0.0000 0.0000 
before u = 9.1351 9.0934 9.0934 9.0934 9.0934 9.0934 9.0934 9.0934 9.0708 9.0708 9.0708 9.0708 9.0708 9.0708 9.0708 9.0466 9.0466 9.0466 9.0466 9.0466 9.0466 9.0466 9.0242 10.0899 10.0899 10.7574 9.6039 
before v = 30.2775 24.6353 24.6353 24.6353 24.6353 24.6353 24.6353 24.6353 21.8733 21.8733 21.8733 21.8733 21.8733 21.8733 21.8733 19.0601 19.0601 19.0601 19.0601 19.0601 19.0601 19.0601 16.5811 71.5348 71.5348 69.2128 19.6312 
Ibias = 9.4000 9.4000 9.4000 9.4000 9.4000 9.4000 9.4000 9.4000 2.0000 2.0000 2.0000 2.0000 2.0000 2.0000 2.0000 2.0000 2.0000 2.0000 2.0000 2.0000 2.0000 2.0000 -2.0000 16.0000 16.0000 10.0000 -11.0000 
fa1 = 1.6014 0.6766 0.6766 0.6766 0.6766 0.6766 0.6766 0.6766 0.4469 0.4469 0.4469 0.4469 0.4469 0.4469 0.4469 0.3047 0.3047 0.3047 0.3047 0.3047 0.3047 0.3047 0.2297 64.4581 64.4581 43.2206 1.8860 
fa2 = 1.5980 0.6745 0.6745 0.6745 0.6745 0.6745 0.6745 0.6745 0.4455 0.4455 0.4455 0.4455 0.4455 0.4455 0.4455 0.3039 0.3039 0.3039 0.3039 0.3039 0.3039 0.3039 0.2293 65.3394 65.3394 43.7704 1.8731 
fa3 = 1.5981 0.6745 0.6745 0.6745 0.6745 0.6745 0.6745 0.6745 0.4455 0.4455 0.4455 0.4455 0.4455 0.4455 0.4455 0.3039 0.3039 0.3039 0.3039 0.3039 0.3039 0.3039 0.2293 65.3515 65.3515 43.7774 1.8732 
fa4 = 1.5947 0.6723 0.6723 0.6723 0.6723 0.6723 0.6723 0.6723 0.4441 0.4441 0.4441 0.4441 0.4441 0.4441 0.4441 0.3031 0.3031 0.3031 0.3031 0.3031 0.3031 0.3031 0.2289 66.2537 66.2537 44.3383 1.8604 
fb1 = -0.2443 -0.2652 -0.2652 -0.2652 -0.2652 -0.2652 -0.2652 -0.2652 -0.2753 -0.2753 -0.2753 -0.2753 -0.2753 -0.2753 -0.2753 -0.2856 -0.2856 -0.2856 -0.2856 -0.2856 -0.2856 -0.2856 -0.2946 0.0843 0.0843 0.0617 -0.1136 
fb2 = -0.2442 -0.2651 -0.2651 -0.2651 -0.2651 -0.2651 -0.2651 -0.2651 -0.2753 -0.2753 -0.2753 -0.2753 -0.2753 -0.2753 -0.2753 -0.2856 -0.2856 -0.2856 -0.2856 -0.2856 -0.2856 -0.2856 -0.2946 0.0856 0.0856 0.0626 -0.1135 
fb3 = -0.2442 -0.2651 -0.2651 -0.2651 -0.2651 -0.2651 -0.2651 -0.2651 -0.2753 -0.2753 -0.2753 -0.2753 -0.2753 -0.2753 -0.2753 -0.2856 -0.2856 -0.2856 -0.2856 -0.2856 -0.2856 -0.2856 -0.2946 0.0856 0.0856 0.0626 -0.1135 
fb4 = -0.2441 -0.2651 -0.2651 -0.2651 -0.2651 -0.2651 -0.2651 -0.2651 -0.2752 -0.2752 -0.2752 -0.2752 -0.2752 -0.2752 -0.2752 -0.2855 -0.2855 -0.2855 -0.2855 -0.2855 -0.2855 -0.2855 -0.2945 0.0869 0.0869 0.0634 -0.1135 
I = 14.9000 9.4000 9.4000 9.4000 9.4000 9.4000 9.4000 9.4000 6.0000 6.0000 6.0000 6.0000 6.0000 6.0000 6.0000 2.0000 2.0000 2.0000 2.0000 2.0000 2.0000 2.0000 -2.0000 24.4634 24.4634 10.0000 -5.0318 
S1 = 0.0000 0.0000 0.0000 0.0000 0.0000 0.0000 0.0000 0.0000 0.0000 0.0000 0.0000 0.0000 0.0000 0.0000 0.0000 0.0000 0.0000 0.0000 0.0000 0.0000 0.0000 0.0000 0.0000 0.0000 0.0000 0.0000 0.0000 
S2 = 0.0000 0.0000 0.0000 0.0000 0.0000 0.0000 0.0000 0.0000 0.0000 0.0000 0.0000 0.0000 0.0000 0.0000 0.0000 0.0000 0.0000 0.0000 0.0000 0.0000 0.0000 0.0000 0.0000 0.4634 0.4634 0.0000 5.9682 
u = 9.1327 9.0907 9.0907 9.0907 9.0907 9.0907 9.0907 9.0907 9.0681 9.0681 9.0681 9.0681 9.0681 9.0681 9.0681 9.0437 9.0437 9.0437 9.0437 9.0437 9.0437 9.0437 9.0212 10.0907 10.0907 10.7581 9.6027 
v = 30.2935 24.6420 24.6420 24.6420 24.6420 24.6420 24.6420 24.6420 21.8778 21.8778 21.8778 21.8778 21.8778 21.8778 21.8778 19.0631 19.0631 19.0631 19.0631 19.0631 19.0631 19.0631 16.5834 72.1883 72.1883 69.6505 19.6499 
