ExternalI = 5.5000 0.0000 0.0000 0.0000 0.0000 0.0000 0.0000 0.0000 4.0000 4.0000 4.0000 4.0000 4.0000 4.0000 4.0000 0.0000 0.0000 0.0000 0.0000 0.0000 0.0000 0.0000 0.0000 8.0000 8.0000 0.0000 0.0000 
before u = 9.1327 9.0907 9.0907 9.0907 9.0907 9.0907 9.0907 9.0907 9.0681 9.0681 9.0681 9.0681 9.0681 9.0681 9.0681 9.0437 9.0437 9.0437 9.0437 9.0437 9.0437 9.0437 9.0212 10.0907 10.0907 10.7581 9.6027 
before v = 30.2935 24.6420 24.6420 24.6420 24.6420 24.6420 24.6420 24.6420 21.8778 21.8778 21.8778 21.8778 21.8778 21.8778 21.8778 19.0631 19.0631 19.0631 19.0631 19.0631 19.0631 19.0631 16.5834 72.1883 72.1883 69.6505 19.6499 
Ibias = 9.4000 9.4000 9.4000 9.4000 9.4000 9.4000 9.4000 9.4000 2.0000 2.0000 2.0000 2.0000 2.0000 2.0000 2.0000 2.0000 2.0000 2.0000 2.0000 2.0000 2.0000 2.0000 -2.0000 16.0000 16.0000 10.0000 -11.0000 
fa1 = 1.5947 0.6723 0.6723 0.6723 0.6723 0.6723 0.6723 0.6723 0.4441 0.4441 0.4441 0.4441 0.4441 0.4441 0.4441 0.3031 0.3031 0.3031 0.3031 0.3031 0.3031 0.3031 0.2289 66.2527 66.2527 44.3382 1.8485 
fa2 = 1.5913 0.6702 0.6702 0.6702 0.6702 0.6702 0.6702 0.6702 0.4427 0.4427 0.4427 0.4427 0.4427 0.4427 0.4427 0.3023 0.3023 0.3023 0.3023 0.3023 0.3023 0.3023 0.2284 67.1760 67.1760 44.9101 1.8358 
fa3 = 1.5913 0.6702 0.6702 0.6702 0.6702 0.6702 0.6702 0.6702 0.4427 0.4427 0.4427 0.4427 0.4427 0.4427 0.4427 0.3023 0.3023 0.3023 0.3023 0.3023 0.3023 0.3023 0.2284 67.1889 67.1889 44.9175 1.8359 
fa4 = 1.5879 0.6681 0.6681 0.6681 0.6681 0.6681 0.6681 0.6681 0.4413 0.4413 0.4413 0.4413 0.4413 0.4413 0.4413 0.3015 0.3015 0.3015 0.3015 0.3015 0.3015 0.3015 0.2280 68.1345 68.1345 45.5009 1.8234 
fb1 = -0.2441 -0.2651 -0.2651 -0.2651 -0.2651 -0.2651 -0.2651 -0.2651 -0.2752 -0.2752 -0.2752 -0.2752 -0.2752 -0.2752 -0.2752 -0.2855 -0.2855 -0.2855 -0.2855 -0.2855 -0.2855 -0.2855 -0.2945 0.0869 0.0869 0.0634 -0.1135 
fb2 = -0.2441 -0.2650 -0.2650 -0.2650 -0.2650 -0.2650 -0.2650 -0.2650 -0.2751 -0.2751 -0.2751 -0.2751 -0.2751 -0.2751 -0.2751 -0.2854 -0.2854 -0.2854 -0.2854 -0.2854 -0.2854 -0.2854 -0.2945 0.0883 0.0883 0.0643 -0.1134 
fb3 = -0.2441 -0.2650 -0.2650 -0.2650 -0.2650 -0.2650 -0.2650 -0.2650 -0.2751 -0.2751 -0.2751 -0.2751 -0.2751 -0.2751 -0.2751 -0.2854 -0.2854 -0.2854 -0.2854 -0.2854 -0.2854 -0.2854 -0.2945 0.0883 0.0883 0.0643 -0.1134 
fb4 = -0.2440 -0.2649 -0.2649 -0.2649 -0.2649 -0.2649 -0.2649 -0.2649 -0.2751 -0.2751 -0.2751 -0.2751 -0.2751 -0.2751 -0.2751 -0.2854 -0.2854 -0.2854 -0.2854 -0.2854 -0.2854 -0.2854 -0.2944 0.0896 0.0896 0.0652 -0.1134 
I = 14.9000 9.4000 9.4000 9.4000 9.4000 9.4000 9.4000 9.4000 6.0000 6.0000 6.0000 6.0000 6.0000 6.0000 6.0000 2.0000 2.0000 2.0000 2.0000 2.0000 2.0000 2.0000 -2.0000 24.4624 24.4624 10.0000 -5.0438 
S1 = 0.0000 0.0000 0.0000 0.0000 0.0000 0.0000 0.0000 0.0000 0.0000 0.0000 0.0000 0.0000 0.0000 0.0000 0.0000 0.0000 0.0000 0.0000 0.0000 0.0000 0.0000 0.0000 0.0000 0.0000 0.0000 0.0000 0.0000 
S2 = 0.0000 0.0000 0.0000 0.0000 0.0000 0.0000 0.0000 0.0000 0.0000 0.0000 0.0000 0.0000 0.0000 0.0000 0.0000 0.0000 0.0000 0.0000 0.0000 0.0000 0.0000 0.0000 0.0000 0.4624 0.4624 0.0000 5.9562 
u = 9.1302 9.0881 9.0881 9.0881 9.0881 9.0881 9.0881 9.0881 9.0653 9.0653 9.0653 9.0653 9.0653 9.0653 9.0653 9.0408 9.0408 9.0408 9.0408 9.0408 9.0408 9.0408 9.0183 10.0916 10.0916 10.7587 9.6016 
v = 30.3094 24.6487 24.6487 24.6487 24.6487 24.6487 24.6487 24.6487 21.8822 21.8822 21.8822 21.8822 21.8822 21.8822 21.8822 19.0661 19.0661 19.0661 19.0661 19.0661 19.0661 19.0661 16.5857 72.8601 72.8601 70.0997 19.6683 
