ExternalI = 5.5000 0.0000 0.0000 0.0000 0.0000 0.0000 0.0000 0.0000 4.0000 4.0000 4.0000 4.0000 4.0000 4.0000 4.0000 0.0000 0.0000 0.0000 0.0000 0.0000 0.0000 0.0000 0.0000 8.0000 8.0000 0.0000 0.0000 
before u = 9.1302 9.0881 9.0881 9.0881 9.0881 9.0881 9.0881 9.0881 9.0653 9.0653 9.0653 9.0653 9.0653 9.0653 9.0653 9.0408 9.0408 9.0408 9.0408 9.0408 9.0408 9.0408 9.0183 10.0916 10.0916 10.7587 9.6016 
before v = 30.3094 24.6487 24.6487 24.6487 24.6487 24.6487 24.6487 24.6487 21.8822 21.8822 21.8822 21.8822 21.8822 21.8822 21.8822 19.0661 19.0661 19.0661 19.0661 19.0661 19.0661 19.0661 16.5857 72.8601 72.8601 70.0997 19.6683 
Ibias = 9.4000 9.4000 9.4000 9.4000 9.4000 9.4000 9.4000 9.4000 2.0000 2.0000 2.0000 2.0000 2.0000 2.0000 2.0000 2.0000 2.0000 2.0000 2.0000 2.0000 2.0000 2.0000 -2.0000 16.0000 16.0000 10.0000 -11.0000 
fa1 = 1.5879 0.6681 0.6681 0.6681 0.6681 0.6681 0.6681 0.6681 0.4413 0.4413 0.4413 0.4413 0.4413 0.4413 0.4413 0.3015 0.3015 0.3015 0.3015 0.3015 0.3015 0.3015 0.2280 68.1335 68.1335 45.5009 1.8115 
fa2 = 1.5846 0.6660 0.6660 0.6660 0.6660 0.6660 0.6660 0.6660 0.4399 0.4399 0.4399 0.4399 0.4399 0.4399 0.4399 0.3007 0.3007 0.3007 0.3007 0.3007 0.3007 0.3007 0.2275 69.1013 69.1013 46.0960 1.7991 
fa3 = 1.5846 0.6660 0.6660 0.6660 0.6660 0.6660 0.6660 0.6660 0.4399 0.4399 0.4399 0.4399 0.4399 0.4399 0.4399 0.3007 0.3007 0.3007 0.3007 0.3007 0.3007 0.3007 0.2275 69.1151 69.1151 46.1038 1.7992 
fa4 = 1.5813 0.6639 0.6639 0.6639 0.6639 0.6639 0.6639 0.6639 0.4386 0.4386 0.4386 0.4386 0.4386 0.4386 0.4386 0.2999 0.2999 0.2999 0.2999 0.2999 0.2999 0.2999 0.2271 70.1068 70.1068 46.7111 1.7870 
fb1 = -0.2440 -0.2649 -0.2649 -0.2649 -0.2649 -0.2649 -0.2649 -0.2649 -0.2751 -0.2751 -0.2751 -0.2751 -0.2751 -0.2751 -0.2751 -0.2854 -0.2854 -0.2854 -0.2854 -0.2854 -0.2854 -0.2854 -0.2944 0.0896 0.0896 0.0652 -0.1134 
fb2 = -0.2439 -0.2649 -0.2649 -0.2649 -0.2649 -0.2649 -0.2649 -0.2649 -0.2750 -0.2750 -0.2750 -0.2750 -0.2750 -0.2750 -0.2750 -0.2853 -0.2853 -0.2853 -0.2853 -0.2853 -0.2853 -0.2853 -0.2943 0.0910 0.0910 0.0661 -0.1133 
fb3 = -0.2439 -0.2649 -0.2649 -0.2649 -0.2649 -0.2649 -0.2649 -0.2649 -0.2750 -0.2750 -0.2750 -0.2750 -0.2750 -0.2750 -0.2750 -0.2853 -0.2853 -0.2853 -0.2853 -0.2853 -0.2853 -0.2853 -0.2943 0.0910 0.0910 0.0661 -0.1133 
fb4 = -0.2438 -0.2648 -0.2648 -0.2648 -0.2648 -0.2648 -0.2648 -0.2648 -0.2750 -0.2750 -0.2750 -0.2750 -0.2750 -0.2750 -0.2750 -0.2852 -0.2852 -0.2852 -0.2852 -0.2852 -0.2852 -0.2852 -0.2943 0.0924 0.0924 0.0671 -0.1133 
I = 14.9000 9.4000 9.4000 9.4000 9.4000 9.4000 9.4000 9.4000 6.0000 6.0000 6.0000 6.0000 6.0000 6.0000 6.0000 2.0000 2.0000 2.0000 2.0000 2.0000 2.0000 2.0000 -2.0000 24.4615 24.4615 10.0000 -5.0557 
S1 = 0.0000 0.0000 0.0000 0.0000 0.0000 0.0000 0.0000 0.0000 0.0000 0.0000 0.0000 0.0000 0.0000 0.0000 0.0000 0.0000 0.0000 0.0000 0.0000 0.0000 0.0000 0.0000 0.0000 0.0000 0.0000 0.0000 0.0000 
S2 = 0.0000 0.0000 0.0000 0.0000 0.0000 0.0000 0.0000 0.0000 0.0000 0.0000 0.0000 0.0000 0.0000 0.0000 0.0000 0.0000 0.0000 0.0000 0.0000 0.0000 0.0000 0.0000 0.0000 0.4615 0.4615 0.0000 5.9443 
u = 9.1278 9.0854 9.0854 9.0854 9.0854 9.0854 9.0854 9.0854 9.0626 9.0626 9.0626 9.0626 9.0626 9.0626 9.0626 9.0380 9.0380 9.0380 9.0380 9.0380 9.0380 9.0380 9.0154 10.0925 10.0925 10.7594 9.6005 
v = 30.3253 24.6554 24.6554 24.6554 24.6554 24.6554 24.6554 24.6554 21.8866 21.8866 21.8866 21.8866 21.8866 21.8866 21.8866 19.0691 19.0691 19.0691 19.0691 19.0691 19.0691 19.0691 16.5880 73.5512 73.5512 70.5607 19.6863 
