ExternalI = 5.5000 0.0000 0.0000 0.0000 0.0000 0.0000 0.0000 0.0000 4.0000 4.0000 4.0000 4.0000 4.0000 4.0000 4.0000 0.0000 0.0000 0.0000 0.0000 0.0000 0.0000 0.0000 0.0000 8.0000 8.0000 0.0000 0.0000 
before u = 9.1278 9.0854 9.0854 9.0854 9.0854 9.0854 9.0854 9.0854 9.0626 9.0626 9.0626 9.0626 9.0626 9.0626 9.0626 9.0380 9.0380 9.0380 9.0380 9.0380 9.0380 9.0380 9.0154 10.0925 10.0925 10.7594 9.6005 
before v = 30.3253 24.6554 24.6554 24.6554 24.6554 24.6554 24.6554 24.6554 21.8866 21.8866 21.8866 21.8866 21.8866 21.8866 21.8866 19.0691 19.0691 19.0691 19.0691 19.0691 19.0691 19.0691 16.5880 73.5512 73.5512 70.5607 19.6863 
Ibias = 9.4000 9.4000 9.4000 9.4000 9.4000 9.4000 9.4000 9.4000 2.0000 2.0000 2.0000 2.0000 2.0000 2.0000 2.0000 2.0000 2.0000 2.0000 2.0000 2.0000 2.0000 2.0000 -2.0000 16.0000 16.0000 10.0000 -11.0000 
fa1 = 1.5813 0.6639 0.6639 0.6639 0.6639 0.6639 0.6639 0.6639 0.4386 0.4386 0.4386 0.4386 0.4386 0.4386 0.4386 0.2999 0.2999 0.2999 0.2999 0.2999 0.2999 0.2999 0.2271 70.1058 70.1058 46.7111 1.7751 
fa2 = 1.5780 0.6618 0.6618 0.6618 0.6618 0.6618 0.6618 0.6618 0.4372 0.4372 0.4372 0.4372 0.4372 0.4372 0.4372 0.2991 0.2991 0.2991 0.2991 0.2991 0.2991 0.2991 0.2267 71.1212 71.1212 47.3306 1.7630 
fa3 = 1.5780 0.6618 0.6618 0.6618 0.6618 0.6618 0.6618 0.6618 0.4372 0.4372 0.4372 0.4372 0.4372 0.4372 0.4372 0.2991 0.2991 0.2991 0.2991 0.2991 0.2991 0.2991 0.2267 71.1360 71.1360 47.3389 1.7631 
fa4 = 1.5747 0.6597 0.6597 0.6597 0.6597 0.6597 0.6597 0.6597 0.4358 0.4358 0.4358 0.4358 0.4358 0.4358 0.4358 0.2983 0.2983 0.2983 0.2983 0.2983 0.2983 0.2983 0.2263 72.1767 72.1767 47.9714 1.7511 
fb1 = -0.2438 -0.2648 -0.2648 -0.2648 -0.2648 -0.2648 -0.2648 -0.2648 -0.2750 -0.2750 -0.2750 -0.2750 -0.2750 -0.2750 -0.2750 -0.2852 -0.2852 -0.2852 -0.2852 -0.2852 -0.2852 -0.2852 -0.2943 0.0924 0.0924 0.0671 -0.1133 
fb2 = -0.2437 -0.2647 -0.2647 -0.2647 -0.2647 -0.2647 -0.2647 -0.2647 -0.2749 -0.2749 -0.2749 -0.2749 -0.2749 -0.2749 -0.2749 -0.2852 -0.2852 -0.2852 -0.2852 -0.2852 -0.2852 -0.2852 -0.2942 0.0937 0.0937 0.0680 -0.1132 
fb3 = -0.2437 -0.2647 -0.2647 -0.2647 -0.2647 -0.2647 -0.2647 -0.2647 -0.2749 -0.2749 -0.2749 -0.2749 -0.2749 -0.2749 -0.2749 -0.2852 -0.2852 -0.2852 -0.2852 -0.2852 -0.2852 -0.2852 -0.2942 0.0938 0.0938 0.0680 -0.1132 
fb4 = -0.2437 -0.2647 -0.2647 -0.2647 -0.2647 -0.2647 -0.2647 -0.2647 -0.2748 -0.2748 -0.2748 -0.2748 -0.2748 -0.2748 -0.2748 -0.2851 -0.2851 -0.2851 -0.2851 -0.2851 -0.2851 -0.2851 -0.2941 0.0952 0.0952 0.0689 -0.1132 
I = 14.9000 9.4000 9.4000 9.4000 9.4000 9.4000 9.4000 9.4000 6.0000 6.0000 6.0000 6.0000 6.0000 6.0000 6.0000 2.0000 2.0000 2.0000 2.0000 2.0000 2.0000 2.0000 -2.0000 24.4606 24.4606 10.0000 -5.0676 
S1 = 0.0000 0.0000 0.0000 0.0000 0.0000 0.0000 0.0000 0.0000 0.0000 0.0000 0.0000 0.0000 0.0000 0.0000 0.0000 0.0000 0.0000 0.0000 0.0000 0.0000 0.0000 0.0000 0.0000 0.0000 0.0000 0.0000 0.0000 
S2 = 0.0000 0.0000 0.0000 0.0000 0.0000 0.0000 0.0000 0.0000 0.0000 0.0000 0.0000 0.0000 0.0000 0.0000 0.0000 0.0000 0.0000 0.0000 0.0000 0.0000 0.0000 0.0000 0.0000 0.4606 0.4606 0.0000 5.9324 
u = 9.1254 9.0828 9.0828 9.0828 9.0828 9.0828 9.0828 9.0828 9.0598 9.0598 9.0598 9.0598 9.0598 9.0598 9.0598 9.0351 9.0351 9.0351 9.0351 9.0351 9.0351 9.0351 9.0124 10.0935 10.0935 10.7600 9.5993 
v = 30.3410 24.6620 24.6620 24.6620 24.6620 24.6620 24.6620 24.6620 21.8910 21.8910 21.8910 21.8910 21.8910 21.8910 21.8910 19.0721 19.0721 19.0721 19.0721 19.0721 19.0721 19.0721 16.5903 74.2626 74.2626 71.0341 19.7039 
