ExternalI = 5.5000 0.0000 0.0000 0.0000 0.0000 0.0000 0.0000 0.0000 4.0000 4.0000 4.0000 4.0000 4.0000 4.0000 4.0000 0.0000 0.0000 0.0000 0.0000 0.0000 0.0000 0.0000 0.0000 8.0000 8.0000 0.0000 0.0000 
before u = 9.1254 9.0828 9.0828 9.0828 9.0828 9.0828 9.0828 9.0828 9.0598 9.0598 9.0598 9.0598 9.0598 9.0598 9.0598 9.0351 9.0351 9.0351 9.0351 9.0351 9.0351 9.0351 9.0124 10.0935 10.0935 10.7600 9.5993 
before v = 30.3410 24.6620 24.6620 24.6620 24.6620 24.6620 24.6620 24.6620 21.8910 21.8910 21.8910 21.8910 21.8910 21.8910 21.8910 19.0721 19.0721 19.0721 19.0721 19.0721 19.0721 19.0721 16.5903 74.2626 74.2626 71.0341 19.7039 
Ibias = 9.4000 9.4000 9.4000 9.4000 9.4000 9.4000 9.4000 9.4000 2.0000 2.0000 2.0000 2.0000 2.0000 2.0000 2.0000 2.0000 2.0000 2.0000 2.0000 2.0000 2.0000 2.0000 -2.0000 16.0000 16.0000 10.0000 -11.0000 
fa1 = 1.5747 0.6597 0.6597 0.6597 0.6597 0.6597 0.6597 0.6597 0.4358 0.4358 0.4358 0.4358 0.4358 0.4358 0.4358 0.2983 0.2983 0.2983 0.2983 0.2983 0.2983 0.2983 0.2263 72.1757 72.1757 47.9713 1.7392 
fa2 = 1.5714 0.6577 0.6577 0.6577 0.6577 0.6577 0.6577 0.6577 0.4345 0.4345 0.4345 0.4345 0.4345 0.4345 0.4345 0.2976 0.2976 0.2976 0.2976 0.2976 0.2976 0.2976 0.2258 73.2418 73.2418 48.6168 1.7274 
fa3 = 1.5714 0.6577 0.6577 0.6577 0.6577 0.6577 0.6577 0.6577 0.4345 0.4345 0.4345 0.4345 0.4345 0.4345 0.4345 0.2976 0.2976 0.2976 0.2976 0.2976 0.2976 0.2976 0.2258 73.2576 73.2576 48.6255 1.7275 
fa4 = 1.5681 0.6556 0.6556 0.6556 0.6556 0.6556 0.6556 0.6556 0.4332 0.4332 0.4332 0.4332 0.4332 0.4332 0.4332 0.2968 0.2968 0.2968 0.2968 0.2968 0.2968 0.2968 0.2254 74.3507 74.3507 49.2846 1.7158 
fb1 = -0.2437 -0.2647 -0.2647 -0.2647 -0.2647 -0.2647 -0.2647 -0.2647 -0.2748 -0.2748 -0.2748 -0.2748 -0.2748 -0.2748 -0.2748 -0.2851 -0.2851 -0.2851 -0.2851 -0.2851 -0.2851 -0.2851 -0.2941 0.0952 0.0952 0.0689 -0.1132 
fb2 = -0.2436 -0.2646 -0.2646 -0.2646 -0.2646 -0.2646 -0.2646 -0.2646 -0.2748 -0.2748 -0.2748 -0.2748 -0.2748 -0.2748 -0.2748 -0.2851 -0.2851 -0.2851 -0.2851 -0.2851 -0.2851 -0.2851 -0.2941 0.0966 0.0966 0.0699 -0.1131 
fb3 = -0.2436 -0.2646 -0.2646 -0.2646 -0.2646 -0.2646 -0.2646 -0.2646 -0.2748 -0.2748 -0.2748 -0.2748 -0.2748 -0.2748 -0.2748 -0.2851 -0.2851 -0.2851 -0.2851 -0.2851 -0.2851 -0.2851 -0.2941 0.0966 0.0966 0.0699 -0.1131 
fb4 = -0.2435 -0.2645 -0.2645 -0.2645 -0.2645 -0.2645 -0.2645 -0.2645 -0.2747 -0.2747 -0.2747 -0.2747 -0.2747 -0.2747 -0.2747 -0.2850 -0.2850 -0.2850 -0.2850 -0.2850 -0.2850 -0.2850 -0.2940 0.0981 0.0981 0.0709 -0.1131 
I = 14.9000 9.4000 9.4000 9.4000 9.4000 9.4000 9.4000 9.4000 6.0000 6.0000 6.0000 6.0000 6.0000 6.0000 6.0000 2.0000 2.0000 2.0000 2.0000 2.0000 2.0000 2.0000 -2.0000 24.4597 24.4597 10.0000 -5.0794 
S1 = 0.0000 0.0000 0.0000 0.0000 0.0000 0.0000 0.0000 0.0000 0.0000 0.0000 0.0000 0.0000 0.0000 0.0000 0.0000 0.0000 0.0000 0.0000 0.0000 0.0000 0.0000 0.0000 0.0000 0.0000 0.0000 0.0000 0.0000 
S2 = 0.0000 0.0000 0.0000 0.0000 0.0000 0.0000 0.0000 0.0000 0.0000 0.0000 0.0000 0.0000 0.0000 0.0000 0.0000 0.0000 0.0000 0.0000 0.0000 0.0000 0.0000 0.0000 0.0000 0.4597 0.4597 0.0000 5.9206 
u = 9.1229 9.0802 9.0802 9.0802 9.0802 9.0802 9.0802 9.0802 9.0571 9.0571 9.0571 9.0571 9.0571 9.0571 9.0571 9.0323 9.0323 9.0323 9.0323 9.0323 9.0323 9.0323 9.0095 10.0944 10.0944 10.7607 9.5982 
v = 30.3567 24.6686 24.6686 24.6686 24.6686 24.6686 24.6686 24.6686 21.8953 21.8953 21.8953 21.8953 21.8953 21.8953 21.8953 19.0751 19.0751 19.0751 19.0751 19.0751 19.0751 19.0751 16.5925 74.9951 74.9951 71.5203 19.7212 
