ExternalI = 5.5000 0.0000 0.0000 0.0000 0.0000 0.0000 0.0000 0.0000 4.0000 4.0000 4.0000 4.0000 4.0000 4.0000 4.0000 0.0000 0.0000 0.0000 0.0000 0.0000 0.0000 0.0000 0.0000 8.0000 8.0000 0.0000 0.0000 
before u = 9.1229 9.0802 9.0802 9.0802 9.0802 9.0802 9.0802 9.0802 9.0571 9.0571 9.0571 9.0571 9.0571 9.0571 9.0571 9.0323 9.0323 9.0323 9.0323 9.0323 9.0323 9.0323 9.0095 10.0944 10.0944 10.7607 9.5982 
before v = 30.3567 24.6686 24.6686 24.6686 24.6686 24.6686 24.6686 24.6686 21.8953 21.8953 21.8953 21.8953 21.8953 21.8953 21.8953 19.0751 19.0751 19.0751 19.0751 19.0751 19.0751 19.0751 16.5925 74.9951 74.9951 71.5203 19.7212 
Ibias = 9.4000 9.4000 9.4000 9.4000 9.4000 9.4000 9.4000 9.4000 2.0000 2.0000 2.0000 2.0000 2.0000 2.0000 2.0000 2.0000 2.0000 2.0000 2.0000 2.0000 2.0000 2.0000 -2.0000 16.0000 16.0000 10.0000 -11.0000 
fa1 = 1.5681 0.6556 0.6556 0.6556 0.6556 0.6556 0.6556 0.6556 0.4332 0.4332 0.4332 0.4332 0.4332 0.4332 0.4332 0.2968 0.2968 0.2968 0.2968 0.2968 0.2968 0.2968 0.2254 74.3497 74.3497 49.2845 1.7039 
fa2 = 1.5649 0.6536 0.6536 0.6536 0.6536 0.6536 0.6536 0.6536 0.4318 0.4318 0.4318 0.4318 0.4318 0.4318 0.4318 0.2960 0.2960 0.2960 0.2960 0.2960 0.2960 0.2960 0.2250 75.4698 75.4698 49.9573 1.6924 
fa3 = 1.5649 0.6536 0.6536 0.6536 0.6536 0.6536 0.6536 0.6536 0.4318 0.4318 0.4318 0.4318 0.4318 0.4318 0.4318 0.2960 0.2960 0.2960 0.2960 0.2960 0.2960 0.2960 0.2250 75.4868 75.4868 49.9665 1.6925 
fa4 = 1.5616 0.6516 0.6516 0.6516 0.6516 0.6516 0.6516 0.6516 0.4305 0.4305 0.4305 0.4305 0.4305 0.4305 0.4305 0.2953 0.2953 0.2953 0.2953 0.2953 0.2953 0.2953 0.2246 76.6358 76.6358 50.6537 1.6810 
fb1 = -0.2435 -0.2645 -0.2645 -0.2645 -0.2645 -0.2645 -0.2645 -0.2645 -0.2747 -0.2747 -0.2747 -0.2747 -0.2747 -0.2747 -0.2747 -0.2850 -0.2850 -0.2850 -0.2850 -0.2850 -0.2850 -0.2850 -0.2940 0.0981 0.0981 0.0709 -0.1131 
fb2 = -0.2434 -0.2645 -0.2645 -0.2645 -0.2645 -0.2645 -0.2645 -0.2645 -0.2746 -0.2746 -0.2746 -0.2746 -0.2746 -0.2746 -0.2746 -0.2849 -0.2849 -0.2849 -0.2849 -0.2849 -0.2849 -0.2849 -0.2939 0.0996 0.0996 0.0718 -0.1130 
fb3 = -0.2434 -0.2645 -0.2645 -0.2645 -0.2645 -0.2645 -0.2645 -0.2645 -0.2746 -0.2746 -0.2746 -0.2746 -0.2746 -0.2746 -0.2746 -0.2849 -0.2849 -0.2849 -0.2849 -0.2849 -0.2849 -0.2849 -0.2939 0.0996 0.0996 0.0719 -0.1130 
fb4 = -0.2433 -0.2644 -0.2644 -0.2644 -0.2644 -0.2644 -0.2644 -0.2644 -0.2746 -0.2746 -0.2746 -0.2746 -0.2746 -0.2746 -0.2746 -0.2849 -0.2849 -0.2849 -0.2849 -0.2849 -0.2849 -0.2849 -0.2939 0.1011 0.1011 0.0729 -0.1130 
I = 14.9000 9.4000 9.4000 9.4000 9.4000 9.4000 9.4000 9.4000 6.0000 6.0000 6.0000 6.0000 6.0000 6.0000 6.0000 2.0000 2.0000 2.0000 2.0000 2.0000 2.0000 2.0000 -2.0000 24.4588 24.4588 10.0000 -5.0913 
S1 = 0.0000 0.0000 0.0000 0.0000 0.0000 0.0000 0.0000 0.0000 0.0000 0.0000 0.0000 0.0000 0.0000 0.0000 0.0000 0.0000 0.0000 0.0000 0.0000 0.0000 0.0000 0.0000 0.0000 0.0000 0.0000 0.0000 0.0000 
S2 = 0.0000 0.0000 0.0000 0.0000 0.0000 0.0000 0.0000 0.0000 0.0000 0.0000 0.0000 0.0000 0.0000 0.0000 0.0000 0.0000 0.0000 0.0000 0.0000 0.0000 0.0000 0.0000 0.0000 0.4588 0.4588 0.0000 5.9087 
u = 9.1205 9.0775 9.0775 9.0775 9.0775 9.0775 9.0775 9.0775 9.0543 9.0543 9.0543 9.0543 9.0543 9.0543 9.0543 9.0294 9.0294 9.0294 9.0294 9.0294 9.0294 9.0294 9.0065 10.0954 10.0954 10.7615 9.5971 
v = 30.3724 24.6751 24.6751 24.6751 24.6751 24.6751 24.6751 24.6751 21.8996 21.8996 21.8996 21.8996 21.8996 21.8996 21.8996 19.0781 19.0781 19.0781 19.0781 19.0781 19.0781 19.0781 16.5948 75.7499 75.7499 72.0200 19.7381 
