ExternalI = 5.5000 0.0000 0.0000 0.0000 0.0000 0.0000 0.0000 0.0000 4.0000 4.0000 4.0000 4.0000 4.0000 4.0000 4.0000 0.0000 0.0000 0.0000 0.0000 0.0000 0.0000 0.0000 0.0000 8.0000 8.0000 0.0000 0.0000 
before u = 9.1205 9.0775 9.0775 9.0775 9.0775 9.0775 9.0775 9.0775 9.0543 9.0543 9.0543 9.0543 9.0543 9.0543 9.0543 9.0294 9.0294 9.0294 9.0294 9.0294 9.0294 9.0294 9.0065 10.0954 10.0954 10.7615 9.5971 
before v = 30.3724 24.6751 24.6751 24.6751 24.6751 24.6751 24.6751 24.6751 21.8996 21.8996 21.8996 21.8996 21.8996 21.8996 21.8996 19.0781 19.0781 19.0781 19.0781 19.0781 19.0781 19.0781 16.5948 75.7499 75.7499 72.0200 19.7381 
Ibias = 9.4000 9.4000 9.4000 9.4000 9.4000 9.4000 9.4000 9.4000 2.0000 2.0000 2.0000 2.0000 2.0000 2.0000 2.0000 2.0000 2.0000 2.0000 2.0000 2.0000 2.0000 2.0000 -2.0000 16.0000 16.0000 10.0000 -11.0000 
fa1 = 1.5616 0.6516 0.6516 0.6516 0.6516 0.6516 0.6516 0.6516 0.4305 0.4305 0.4305 0.4305 0.4305 0.4305 0.4305 0.2953 0.2953 0.2953 0.2953 0.2953 0.2953 0.2953 0.2246 76.6348 76.6348 50.6536 1.6692 
fa2 = 1.5584 0.6496 0.6496 0.6496 0.6496 0.6496 0.6496 0.6496 0.4292 0.4292 0.4292 0.4292 0.4292 0.4292 0.4292 0.2945 0.2945 0.2945 0.2945 0.2945 0.2945 0.2945 0.2242 77.8126 77.8126 51.3553 1.6579 
fa3 = 1.5584 0.6496 0.6496 0.6496 0.6496 0.6496 0.6496 0.6496 0.4292 0.4292 0.4292 0.4292 0.4292 0.4292 0.4292 0.2945 0.2945 0.2945 0.2945 0.2945 0.2945 0.2945 0.2242 77.8308 77.8308 51.3650 1.6580 
fa4 = 1.5552 0.6476 0.6476 0.6476 0.6476 0.6476 0.6476 0.6476 0.4279 0.4279 0.4279 0.4279 0.4279 0.4279 0.4279 0.2938 0.2938 0.2938 0.2938 0.2938 0.2938 0.2938 0.2238 79.0396 79.0396 52.0820 1.6468 
fb1 = -0.2433 -0.2644 -0.2644 -0.2644 -0.2644 -0.2644 -0.2644 -0.2644 -0.2746 -0.2746 -0.2746 -0.2746 -0.2746 -0.2746 -0.2746 -0.2849 -0.2849 -0.2849 -0.2849 -0.2849 -0.2849 -0.2849 -0.2939 0.1011 0.1011 0.0729 -0.1130 
fb2 = -0.2433 -0.2643 -0.2643 -0.2643 -0.2643 -0.2643 -0.2643 -0.2643 -0.2745 -0.2745 -0.2745 -0.2745 -0.2745 -0.2745 -0.2745 -0.2848 -0.2848 -0.2848 -0.2848 -0.2848 -0.2848 -0.2848 -0.2938 0.1026 0.1026 0.0739 -0.1129 
fb3 = -0.2433 -0.2643 -0.2643 -0.2643 -0.2643 -0.2643 -0.2643 -0.2643 -0.2745 -0.2745 -0.2745 -0.2745 -0.2745 -0.2745 -0.2745 -0.2848 -0.2848 -0.2848 -0.2848 -0.2848 -0.2848 -0.2848 -0.2938 0.1026 0.1026 0.0739 -0.1129 
fb4 = -0.2432 -0.2643 -0.2643 -0.2643 -0.2643 -0.2643 -0.2643 -0.2643 -0.2744 -0.2744 -0.2744 -0.2744 -0.2744 -0.2744 -0.2744 -0.2847 -0.2847 -0.2847 -0.2847 -0.2847 -0.2847 -0.2847 -0.2938 0.1042 0.1042 0.0749 -0.1129 
I = 14.9000 9.4000 9.4000 9.4000 9.4000 9.4000 9.4000 9.4000 6.0000 6.0000 6.0000 6.0000 6.0000 6.0000 6.0000 2.0000 2.0000 2.0000 2.0000 2.0000 2.0000 2.0000 -2.0000 24.4578 24.4578 10.0000 -5.1031 
S1 = 0.0000 0.0000 0.0000 0.0000 0.0000 0.0000 0.0000 0.0000 0.0000 0.0000 0.0000 0.0000 0.0000 0.0000 0.0000 0.0000 0.0000 0.0000 0.0000 0.0000 0.0000 0.0000 0.0000 0.0000 0.0000 0.0000 0.0000 
S2 = 0.0000 0.0000 0.0000 0.0000 0.0000 0.0000 0.0000 0.0000 0.0000 0.0000 0.0000 0.0000 0.0000 0.0000 0.0000 0.0000 0.0000 0.0000 0.0000 0.0000 0.0000 0.0000 0.0000 0.4578 0.4578 0.0000 5.8969 
u = 9.1181 9.0749 9.0749 9.0749 9.0749 9.0749 9.0749 9.0749 9.0516 9.0516 9.0516 9.0516 9.0516 9.0516 9.0516 9.0266 9.0266 9.0266 9.0266 9.0266 9.0266 9.0266 9.0036 10.0964 10.0964 10.7622 9.5960 
v = 30.3880 24.6816 24.6816 24.6816 24.6816 24.6816 24.6816 24.6816 21.9039 21.9039 21.9039 21.9039 21.9039 21.9039 21.9039 19.0810 19.0810 19.0810 19.0810 19.0810 19.0810 19.0810 16.5970 76.5282 76.5282 72.5336 19.7547 
