ExternalI = 5.5000 0.0000 0.0000 0.0000 0.0000 0.0000 0.0000 0.0000 4.0000 4.0000 4.0000 4.0000 4.0000 4.0000 4.0000 0.0000 0.0000 0.0000 0.0000 0.0000 0.0000 0.0000 0.0000 8.0000 8.0000 0.0000 0.0000 
before u = 9.1181 9.0749 9.0749 9.0749 9.0749 9.0749 9.0749 9.0749 9.0516 9.0516 9.0516 9.0516 9.0516 9.0516 9.0516 9.0266 9.0266 9.0266 9.0266 9.0266 9.0266 9.0266 9.0036 10.0964 10.0964 10.7622 9.5960 
before v = 30.3880 24.6816 24.6816 24.6816 24.6816 24.6816 24.6816 24.6816 21.9039 21.9039 21.9039 21.9039 21.9039 21.9039 21.9039 19.0810 19.0810 19.0810 19.0810 19.0810 19.0810 19.0810 16.5970 76.5282 76.5282 72.5336 19.7547 
Ibias = 9.4000 9.4000 9.4000 9.4000 9.4000 9.4000 9.4000 9.4000 2.0000 2.0000 2.0000 2.0000 2.0000 2.0000 2.0000 2.0000 2.0000 2.0000 2.0000 2.0000 2.0000 2.0000 -2.0000 16.0000 16.0000 10.0000 -11.0000 
fa1 = 1.5552 0.6476 0.6476 0.6476 0.6476 0.6476 0.6476 0.6476 0.4279 0.4279 0.4279 0.4279 0.4279 0.4279 0.4279 0.2938 0.2938 0.2938 0.2938 0.2938 0.2938 0.2938 0.2238 79.0386 79.0386 52.0819 1.6350 
fa2 = 1.5520 0.6456 0.6456 0.6456 0.6456 0.6456 0.6456 0.6456 0.4266 0.4266 0.4266 0.4266 0.4266 0.4266 0.4266 0.2930 0.2930 0.2930 0.2930 0.2930 0.2930 0.2930 0.2234 80.2782 80.2782 52.8141 1.6240 
fa3 = 1.5520 0.6456 0.6456 0.6456 0.6456 0.6456 0.6456 0.6456 0.4266 0.4266 0.4266 0.4266 0.4266 0.4266 0.4266 0.2931 0.2931 0.2931 0.2931 0.2931 0.2931 0.2931 0.2234 80.2977 80.2977 52.8244 1.6240 
fa4 = 1.5488 0.6436 0.6436 0.6436 0.6436 0.6436 0.6436 0.6436 0.4253 0.4253 0.4253 0.4253 0.4253 0.4253 0.4253 0.2923 0.2923 0.2923 0.2923 0.2923 0.2923 0.2923 0.2230 81.5704 81.5704 53.5728 1.6131 
fb1 = -0.2432 -0.2643 -0.2643 -0.2643 -0.2643 -0.2643 -0.2643 -0.2643 -0.2744 -0.2744 -0.2744 -0.2744 -0.2744 -0.2744 -0.2744 -0.2847 -0.2847 -0.2847 -0.2847 -0.2847 -0.2847 -0.2847 -0.2938 0.1042 0.1042 0.0749 -0.1129 
fb2 = -0.2431 -0.2642 -0.2642 -0.2642 -0.2642 -0.2642 -0.2642 -0.2642 -0.2744 -0.2744 -0.2744 -0.2744 -0.2744 -0.2744 -0.2744 -0.2847 -0.2847 -0.2847 -0.2847 -0.2847 -0.2847 -0.2847 -0.2937 0.1058 0.1058 0.0759 -0.1129 
fb3 = -0.2431 -0.2642 -0.2642 -0.2642 -0.2642 -0.2642 -0.2642 -0.2642 -0.2744 -0.2744 -0.2744 -0.2744 -0.2744 -0.2744 -0.2744 -0.2847 -0.2847 -0.2847 -0.2847 -0.2847 -0.2847 -0.2847 -0.2937 0.1058 0.1058 0.0759 -0.1129 
fb4 = -0.2430 -0.2641 -0.2641 -0.2641 -0.2641 -0.2641 -0.2641 -0.2641 -0.2743 -0.2743 -0.2743 -0.2743 -0.2743 -0.2743 -0.2743 -0.2846 -0.2846 -0.2846 -0.2846 -0.2846 -0.2846 -0.2846 -0.2936 0.1074 0.1074 0.0770 -0.1128 
I = 14.9000 9.4000 9.4000 9.4000 9.4000 9.4000 9.4000 9.4000 6.0000 6.0000 6.0000 6.0000 6.0000 6.0000 6.0000 2.0000 2.0000 2.0000 2.0000 2.0000 2.0000 2.0000 -2.0000 24.4569 24.4569 10.0000 -5.1149 
S1 = 0.0000 0.0000 0.0000 0.0000 0.0000 0.0000 0.0000 0.0000 0.0000 0.0000 0.0000 0.0000 0.0000 0.0000 0.0000 0.0000 0.0000 0.0000 0.0000 0.0000 0.0000 0.0000 0.0000 0.0000 0.0000 0.0000 0.0000 
S2 = 0.0000 0.0000 0.0000 0.0000 0.0000 0.0000 0.0000 0.0000 0.0000 0.0000 0.0000 0.0000 0.0000 0.0000 0.0000 0.0000 0.0000 0.0000 0.0000 0.0000 0.0000 0.0000 0.0000 0.4569 0.4569 0.0000 5.8851 
u = 9.1156 9.0722 9.0722 9.0722 9.0722 9.0722 9.0722 9.0722 9.0489 9.0489 9.0489 9.0489 9.0489 9.0489 9.0489 9.0237 9.0237 9.0237 9.0237 9.0237 9.0237 9.0237 9.0007 10.0975 10.0975 10.7630 9.5948 
v = 30.4035 24.6881 24.6881 24.6881 24.6881 24.6881 24.6881 24.6881 21.9082 21.9082 21.9082 21.9082 21.9082 21.9082 21.9082 19.0839 19.0839 19.0839 19.0839 19.0839 19.0839 19.0839 16.5992 77.3312 77.3312 73.0618 19.7710 
