ExternalI = 5.5000 0.0000 0.0000 0.0000 0.0000 0.0000 0.0000 0.0000 4.0000 4.0000 4.0000 4.0000 4.0000 4.0000 4.0000 0.0000 0.0000 0.0000 0.0000 0.0000 0.0000 0.0000 0.0000 8.0000 8.0000 0.0000 0.0000 
before u = 9.1156 9.0722 9.0722 9.0722 9.0722 9.0722 9.0722 9.0722 9.0489 9.0489 9.0489 9.0489 9.0489 9.0489 9.0489 9.0237 9.0237 9.0237 9.0237 9.0237 9.0237 9.0237 9.0007 10.0975 10.0975 10.7630 9.5948 
before v = 30.4035 24.6881 24.6881 24.6881 24.6881 24.6881 24.6881 24.6881 21.9082 21.9082 21.9082 21.9082 21.9082 21.9082 21.9082 19.0839 19.0839 19.0839 19.0839 19.0839 19.0839 19.0839 16.5992 77.3312 77.3312 73.0618 19.7710 
Ibias = 9.4000 9.4000 9.4000 9.4000 9.4000 9.4000 9.4000 9.4000 2.0000 2.0000 2.0000 2.0000 2.0000 2.0000 2.0000 2.0000 2.0000 2.0000 2.0000 2.0000 2.0000 2.0000 -2.0000 16.0000 16.0000 10.0000 -11.0000 
fa1 = 1.5488 0.6436 0.6436 0.6436 0.6436 0.6436 0.6436 0.6436 0.4253 0.4253 0.4253 0.4253 0.4253 0.4253 0.4253 0.2923 0.2923 0.2923 0.2923 0.2923 0.2923 0.2923 0.2230 81.5693 81.5693 53.5727 1.6013 
fa2 = 1.5456 0.6416 0.6416 0.6416 0.6416 0.6416 0.6416 0.6416 0.4241 0.4241 0.4241 0.4241 0.4241 0.4241 0.4241 0.2916 0.2916 0.2916 0.2916 0.2916 0.2916 0.2916 0.2226 82.8751 82.8751 54.3373 1.5905 
fa3 = 1.5456 0.6416 0.6416 0.6416 0.6416 0.6416 0.6416 0.6416 0.4241 0.4241 0.4241 0.4241 0.4241 0.4241 0.4241 0.2916 0.2916 0.2916 0.2916 0.2916 0.2916 0.2916 0.2226 82.8961 82.8961 54.3482 1.5906 
fa4 = 1.5424 0.6396 0.6396 0.6396 0.6396 0.6396 0.6396 0.6396 0.4228 0.4228 0.4228 0.4228 0.4228 0.4228 0.4228 0.2909 0.2909 0.2909 0.2909 0.2909 0.2909 0.2909 0.2222 84.2372 84.2372 55.1299 1.5799 
fb1 = -0.2430 -0.2641 -0.2641 -0.2641 -0.2641 -0.2641 -0.2641 -0.2641 -0.2743 -0.2743 -0.2743 -0.2743 -0.2743 -0.2743 -0.2743 -0.2846 -0.2846 -0.2846 -0.2846 -0.2846 -0.2846 -0.2846 -0.2936 0.1074 0.1074 0.0770 -0.1128 
fb2 = -0.2429 -0.2641 -0.2641 -0.2641 -0.2641 -0.2641 -0.2641 -0.2641 -0.2743 -0.2743 -0.2743 -0.2743 -0.2743 -0.2743 -0.2743 -0.2846 -0.2846 -0.2846 -0.2846 -0.2846 -0.2846 -0.2846 -0.2936 0.1090 0.1090 0.0781 -0.1128 
fb3 = -0.2429 -0.2641 -0.2641 -0.2641 -0.2641 -0.2641 -0.2641 -0.2641 -0.2743 -0.2743 -0.2743 -0.2743 -0.2743 -0.2743 -0.2743 -0.2846 -0.2846 -0.2846 -0.2846 -0.2846 -0.2846 -0.2846 -0.2936 0.1090 0.1090 0.0781 -0.1128 
fb4 = -0.2429 -0.2640 -0.2640 -0.2640 -0.2640 -0.2640 -0.2640 -0.2640 -0.2742 -0.2742 -0.2742 -0.2742 -0.2742 -0.2742 -0.2742 -0.2845 -0.2845 -0.2845 -0.2845 -0.2845 -0.2845 -0.2845 -0.2935 0.1107 0.1107 0.0791 -0.1127 
I = 14.9000 9.4000 9.4000 9.4000 9.4000 9.4000 9.4000 9.4000 6.0000 6.0000 6.0000 6.0000 6.0000 6.0000 6.0000 2.0000 2.0000 2.0000 2.0000 2.0000 2.0000 2.0000 -2.0000 24.4560 24.4560 10.0000 -5.1266 
S1 = 0.0000 0.0000 0.0000 0.0000 0.0000 0.0000 0.0000 0.0000 0.0000 0.0000 0.0000 0.0000 0.0000 0.0000 0.0000 0.0000 0.0000 0.0000 0.0000 0.0000 0.0000 0.0000 0.0000 0.0000 0.0000 0.0000 0.0000 
S2 = 0.0000 0.0000 0.0000 0.0000 0.0000 0.0000 0.0000 0.0000 0.0000 0.0000 0.0000 0.0000 0.0000 0.0000 0.0000 0.0000 0.0000 0.0000 0.0000 0.0000 0.0000 0.0000 0.0000 0.4560 0.4560 0.0000 5.8734 
u = 9.1132 9.0696 9.0696 9.0696 9.0696 9.0696 9.0696 9.0696 9.0461 9.0461 9.0461 9.0461 9.0461 9.0461 9.0461 9.0209 9.0209 9.0209 9.0209 9.0209 9.0209 9.0209 8.9977 10.0986 10.0986 10.7637 9.5937 
v = 30.4190 24.6945 24.6945 24.6945 24.6945 24.6945 24.6945 24.6945 21.9124 21.9124 21.9124 21.9124 21.9124 21.9124 21.9124 19.0868 19.0868 19.0868 19.0868 19.0868 19.0868 19.0868 16.6015 78.1601 78.1601 73.6053 19.7869 
