ExternalI = 5.5000 0.0000 0.0000 0.0000 0.0000 0.0000 0.0000 0.0000 4.0000 4.0000 4.0000 4.0000 4.0000 4.0000 4.0000 0.0000 0.0000 0.0000 0.0000 0.0000 0.0000 0.0000 0.0000 8.0000 8.0000 0.0000 0.0000 
before u = 9.1132 9.0696 9.0696 9.0696 9.0696 9.0696 9.0696 9.0696 9.0461 9.0461 9.0461 9.0461 9.0461 9.0461 9.0461 9.0209 9.0209 9.0209 9.0209 9.0209 9.0209 9.0209 8.9977 10.0986 10.0986 10.7637 9.5937 
before v = 30.4190 24.6945 24.6945 24.6945 24.6945 24.6945 24.6945 24.6945 21.9124 21.9124 21.9124 21.9124 21.9124 21.9124 21.9124 19.0868 19.0868 19.0868 19.0868 19.0868 19.0868 19.0868 16.6015 78.1601 78.1601 73.6053 19.7869 
Ibias = 9.4000 9.4000 9.4000 9.4000 9.4000 9.4000 9.4000 9.4000 2.0000 2.0000 2.0000 2.0000 2.0000 2.0000 2.0000 2.0000 2.0000 2.0000 2.0000 2.0000 2.0000 2.0000 -2.0000 16.0000 16.0000 10.0000 -11.0000 
fa1 = 1.5424 0.6396 0.6396 0.6396 0.6396 0.6396 0.6396 0.6396 0.4228 0.4228 0.4228 0.4228 0.4228 0.4228 0.4228 0.2909 0.2909 0.2909 0.2909 0.2909 0.2909 0.2909 0.2222 84.2361 84.2361 55.1299 1.5681 
fa2 = 1.5393 0.6377 0.6377 0.6377 0.6377 0.6377 0.6377 0.6377 0.4215 0.4215 0.4215 0.4215 0.4215 0.4215 0.4215 0.2901 0.2901 0.2901 0.2901 0.2901 0.2901 0.2901 0.2218 85.6127 85.6127 55.9287 1.5576 
fa3 = 1.5393 0.6377 0.6377 0.6377 0.6377 0.6377 0.6377 0.6377 0.4215 0.4215 0.4215 0.4215 0.4215 0.4215 0.4215 0.2902 0.2902 0.2902 0.2902 0.2902 0.2902 0.2902 0.2218 85.6353 85.6353 55.9403 1.5577 
fa4 = 1.5362 0.6358 0.6358 0.6358 0.6358 0.6358 0.6358 0.6358 0.4203 0.4203 0.4203 0.4203 0.4203 0.4203 0.4203 0.2894 0.2894 0.2894 0.2894 0.2894 0.2894 0.2894 0.2214 87.0499 87.0499 56.7574 1.5472 
fb1 = -0.2429 -0.2640 -0.2640 -0.2640 -0.2640 -0.2640 -0.2640 -0.2640 -0.2742 -0.2742 -0.2742 -0.2742 -0.2742 -0.2742 -0.2742 -0.2845 -0.2845 -0.2845 -0.2845 -0.2845 -0.2845 -0.2845 -0.2935 0.1107 0.1107 0.0791 -0.1127 
fb2 = -0.2428 -0.2639 -0.2639 -0.2639 -0.2639 -0.2639 -0.2639 -0.2639 -0.2741 -0.2741 -0.2741 -0.2741 -0.2741 -0.2741 -0.2741 -0.2844 -0.2844 -0.2844 -0.2844 -0.2844 -0.2844 -0.2844 -0.2934 0.1123 0.1123 0.0802 -0.1127 
fb3 = -0.2428 -0.2639 -0.2639 -0.2639 -0.2639 -0.2639 -0.2639 -0.2639 -0.2741 -0.2741 -0.2741 -0.2741 -0.2741 -0.2741 -0.2741 -0.2844 -0.2844 -0.2844 -0.2844 -0.2844 -0.2844 -0.2844 -0.2934 0.1124 0.1124 0.0803 -0.1127 
fb4 = -0.2427 -0.2639 -0.2639 -0.2639 -0.2639 -0.2639 -0.2639 -0.2639 -0.2741 -0.2741 -0.2741 -0.2741 -0.2741 -0.2741 -0.2741 -0.2844 -0.2844 -0.2844 -0.2844 -0.2844 -0.2844 -0.2844 -0.2934 0.1141 0.1141 0.0814 -0.1126 
I = 14.9000 9.4000 9.4000 9.4000 9.4000 9.4000 9.4000 9.4000 6.0000 6.0000 6.0000 6.0000 6.0000 6.0000 6.0000 2.0000 2.0000 2.0000 2.0000 2.0000 2.0000 2.0000 -2.0000 24.4551 24.4551 10.0000 -5.1384 
S1 = 0.0000 0.0000 0.0000 0.0000 0.0000 0.0000 0.0000 0.0000 0.0000 0.0000 0.0000 0.0000 0.0000 0.0000 0.0000 0.0000 0.0000 0.0000 0.0000 0.0000 0.0000 0.0000 0.0000 0.0000 0.0000 0.0000 0.0000 
S2 = 0.0000 0.0000 0.0000 0.0000 0.0000 0.0000 0.0000 0.0000 0.0000 0.0000 0.0000 0.0000 0.0000 0.0000 0.0000 0.0000 0.0000 0.0000 0.0000 0.0000 0.0000 0.0000 0.0000 0.4551 0.4551 0.0000 5.8616 
u = 9.1108 9.0669 9.0669 9.0669 9.0669 9.0669 9.0669 9.0669 9.0434 9.0434 9.0434 9.0434 9.0434 9.0434 9.0434 9.0181 9.0181 9.0181 9.0181 9.0181 9.0181 9.0181 8.9948 10.0997 10.0997 10.7645 9.5926 
v = 30.4344 24.7009 24.7009 24.7009 24.7009 24.7009 24.7009 24.7009 21.9166 21.9166 21.9166 21.9166 21.9166 21.9166 21.9166 19.0897 19.0897 19.0897 19.0897 19.0897 19.0897 19.0897 16.6037 79.0164 79.0164 74.1646 19.8024 
