ExternalI = 5.5000 0.0000 0.0000 0.0000 0.0000 0.0000 0.0000 0.0000 4.0000 4.0000 4.0000 4.0000 4.0000 4.0000 4.0000 0.0000 0.0000 0.0000 0.0000 0.0000 0.0000 0.0000 0.0000 8.0000 8.0000 0.0000 0.0000 
before u = 9.1108 9.0669 9.0669 9.0669 9.0669 9.0669 9.0669 9.0669 9.0434 9.0434 9.0434 9.0434 9.0434 9.0434 9.0434 9.0181 9.0181 9.0181 9.0181 9.0181 9.0181 9.0181 8.9948 10.0997 10.0997 10.7645 9.5926 
before v = 30.4344 24.7009 24.7009 24.7009 24.7009 24.7009 24.7009 24.7009 21.9166 21.9166 21.9166 21.9166 21.9166 21.9166 21.9166 19.0897 19.0897 19.0897 19.0897 19.0897 19.0897 19.0897 16.6037 79.0164 79.0164 74.1646 19.8024 
Ibias = 9.4000 9.4000 9.4000 9.4000 9.4000 9.4000 9.4000 9.4000 2.0000 2.0000 2.0000 2.0000 2.0000 2.0000 2.0000 2.0000 2.0000 2.0000 2.0000 2.0000 2.0000 2.0000 -2.0000 16.0000 16.0000 10.0000 -11.0000 
fa1 = 1.5362 0.6358 0.6358 0.6358 0.6358 0.6358 0.6358 0.6358 0.4203 0.4203 0.4203 0.4203 0.4203 0.4203 0.4203 0.2894 0.2894 0.2894 0.2894 0.2894 0.2894 0.2894 0.2214 87.0488 87.0488 56.7573 1.5355 
fa2 = 1.5330 0.6338 0.6338 0.6338 0.6338 0.6338 0.6338 0.6338 0.4190 0.4190 0.4190 0.4190 0.4190 0.4190 0.4190 0.2887 0.2887 0.2887 0.2887 0.2887 0.2887 0.2887 0.2210 88.5014 88.5014 57.5925 1.5252 
fa3 = 1.5330 0.6338 0.6338 0.6338 0.6338 0.6338 0.6338 0.6338 0.4190 0.4190 0.4190 0.4190 0.4190 0.4190 0.4190 0.2887 0.2887 0.2887 0.2887 0.2887 0.2887 0.2887 0.2211 88.5258 88.5258 57.6048 1.5252 
fa4 = 1.5299 0.6319 0.6319 0.6319 0.6319 0.6319 0.6319 0.6319 0.4178 0.4178 0.4178 0.4178 0.4178 0.4178 0.4178 0.2880 0.2880 0.2880 0.2880 0.2880 0.2880 0.2880 0.2207 90.0192 90.0192 58.4594 1.5150 
fb1 = -0.2427 -0.2639 -0.2639 -0.2639 -0.2639 -0.2639 -0.2639 -0.2639 -0.2741 -0.2741 -0.2741 -0.2741 -0.2741 -0.2741 -0.2741 -0.2844 -0.2844 -0.2844 -0.2844 -0.2844 -0.2844 -0.2844 -0.2934 0.1141 0.1141 0.0814 -0.1126 
fb2 = -0.2426 -0.2638 -0.2638 -0.2638 -0.2638 -0.2638 -0.2638 -0.2638 -0.2740 -0.2740 -0.2740 -0.2740 -0.2740 -0.2740 -0.2740 -0.2843 -0.2843 -0.2843 -0.2843 -0.2843 -0.2843 -0.2843 -0.2933 0.1158 0.1158 0.0825 -0.1126 
fb3 = -0.2426 -0.2638 -0.2638 -0.2638 -0.2638 -0.2638 -0.2638 -0.2638 -0.2740 -0.2740 -0.2740 -0.2740 -0.2740 -0.2740 -0.2740 -0.2843 -0.2843 -0.2843 -0.2843 -0.2843 -0.2843 -0.2843 -0.2933 0.1158 0.1158 0.0825 -0.1126 
fb4 = -0.2425 -0.2637 -0.2637 -0.2637 -0.2637 -0.2637 -0.2637 -0.2637 -0.2739 -0.2739 -0.2739 -0.2739 -0.2739 -0.2739 -0.2739 -0.2842 -0.2842 -0.2842 -0.2842 -0.2842 -0.2842 -0.2842 -0.2933 0.1176 0.1176 0.0837 -0.1126 
I = 14.9000 9.4000 9.4000 9.4000 9.4000 9.4000 9.4000 9.4000 6.0000 6.0000 6.0000 6.0000 6.0000 6.0000 6.0000 2.0000 2.0000 2.0000 2.0000 2.0000 2.0000 2.0000 -2.0000 24.4542 24.4542 10.0000 -5.1501 
S1 = 0.0000 0.0000 0.0000 0.0000 0.0000 0.0000 0.0000 0.0000 0.0000 0.0000 0.0000 0.0000 0.0000 0.0000 0.0000 0.0000 0.0000 0.0000 0.0000 0.0000 0.0000 0.0000 0.0000 0.0000 0.0000 0.0000 0.0000 
S2 = 0.0000 0.0000 0.0000 0.0000 0.0000 0.0000 0.0000 0.0000 0.0000 0.0000 0.0000 0.0000 0.0000 0.0000 0.0000 0.0000 0.0000 0.0000 0.0000 0.0000 0.0000 0.0000 0.0000 0.4542 0.4542 0.0000 5.8499 
u = 9.1083 9.0643 9.0643 9.0643 9.0643 9.0643 9.0643 9.0643 9.0406 9.0406 9.0406 9.0406 9.0406 9.0406 9.0406 9.0152 9.0152 9.0152 9.0152 9.0152 9.0152 9.0152 8.9919 10.1009 10.1009 10.7654 9.5914 
v = 30.4497 24.7072 24.7072 24.7072 24.7072 24.7072 24.7072 24.7072 21.9208 21.9208 21.9208 21.9208 21.9208 21.9208 21.9208 19.0926 19.0926 19.0926 19.0926 19.0926 19.0926 19.0926 16.6059 79.9016 79.9016 74.7407 19.8177 
