ExternalI = 5.5000 0.0000 0.0000 0.0000 0.0000 0.0000 0.0000 0.0000 4.0000 4.0000 4.0000 4.0000 4.0000 4.0000 4.0000 0.0000 0.0000 0.0000 0.0000 0.0000 0.0000 0.0000 0.0000 8.0000 8.0000 0.0000 0.0000 
before u = 9.1083 9.0643 9.0643 9.0643 9.0643 9.0643 9.0643 9.0643 9.0406 9.0406 9.0406 9.0406 9.0406 9.0406 9.0406 9.0152 9.0152 9.0152 9.0152 9.0152 9.0152 9.0152 8.9919 10.1009 10.1009 10.7654 9.5914 
before v = 30.4497 24.7072 24.7072 24.7072 24.7072 24.7072 24.7072 24.7072 21.9208 21.9208 21.9208 21.9208 21.9208 21.9208 21.9208 19.0926 19.0926 19.0926 19.0926 19.0926 19.0926 19.0926 16.6059 79.9016 79.9016 74.7407 19.8177 
Ibias = 9.4000 9.4000 9.4000 9.4000 9.4000 9.4000 9.4000 9.4000 2.0000 2.0000 2.0000 2.0000 2.0000 2.0000 2.0000 2.0000 2.0000 2.0000 2.0000 2.0000 2.0000 2.0000 -2.0000 16.0000 16.0000 10.0000 -11.0000 
fa1 = 1.5299 0.6319 0.6319 0.6319 0.6319 0.6319 0.6319 0.6319 0.4178 0.4178 0.4178 0.4178 0.4178 0.4178 0.4178 0.2880 0.2880 0.2880 0.2880 0.2880 0.2880 0.2880 0.2207 90.0181 90.0181 58.4593 1.5033 
fa2 = 1.5268 0.6300 0.6300 0.6300 0.6300 0.6300 0.6300 0.6300 0.4166 0.4166 0.4166 0.4166 0.4166 0.4166 0.4166 0.2873 0.2873 0.2873 0.2873 0.2873 0.2873 0.2873 0.2203 91.5524 91.5524 59.3331 1.4932 
fa3 = 1.5268 0.6300 0.6300 0.6300 0.6300 0.6300 0.6300 0.6300 0.4166 0.4166 0.4166 0.4166 0.4166 0.4166 0.4166 0.2873 0.2873 0.2873 0.2873 0.2873 0.2873 0.2873 0.2203 91.5787 91.5787 59.3462 1.4933 
fa4 = 1.5238 0.6281 0.6281 0.6281 0.6281 0.6281 0.6281 0.6281 0.4153 0.4153 0.4153 0.4153 0.4153 0.4153 0.4153 0.2866 0.2866 0.2866 0.2866 0.2866 0.2866 0.2866 0.2199 93.1570 93.1570 60.2406 1.4833 
fb1 = -0.2425 -0.2637 -0.2637 -0.2637 -0.2637 -0.2637 -0.2637 -0.2637 -0.2739 -0.2739 -0.2739 -0.2739 -0.2739 -0.2739 -0.2739 -0.2842 -0.2842 -0.2842 -0.2842 -0.2842 -0.2842 -0.2842 -0.2933 0.1176 0.1176 0.0837 -0.1126 
fb2 = -0.2425 -0.2637 -0.2637 -0.2637 -0.2637 -0.2637 -0.2637 -0.2637 -0.2739 -0.2739 -0.2739 -0.2739 -0.2739 -0.2739 -0.2739 -0.2842 -0.2842 -0.2842 -0.2842 -0.2842 -0.2842 -0.2842 -0.2932 0.1194 0.1194 0.0848 -0.1125 
fb3 = -0.2425 -0.2637 -0.2637 -0.2637 -0.2637 -0.2637 -0.2637 -0.2637 -0.2739 -0.2739 -0.2739 -0.2739 -0.2739 -0.2739 -0.2739 -0.2842 -0.2842 -0.2842 -0.2842 -0.2842 -0.2842 -0.2842 -0.2932 0.1194 0.1194 0.0848 -0.1125 
fb4 = -0.2424 -0.2636 -0.2636 -0.2636 -0.2636 -0.2636 -0.2636 -0.2636 -0.2738 -0.2738 -0.2738 -0.2738 -0.2738 -0.2738 -0.2738 -0.2841 -0.2841 -0.2841 -0.2841 -0.2841 -0.2841 -0.2841 -0.2931 0.1212 0.1212 0.0860 -0.1125 
I = 14.9000 9.4000 9.4000 9.4000 9.4000 9.4000 9.4000 9.4000 6.0000 6.0000 6.0000 6.0000 6.0000 6.0000 6.0000 2.0000 2.0000 2.0000 2.0000 2.0000 2.0000 2.0000 -2.0000 24.4533 24.4533 10.0000 -5.1618 
S1 = 0.0000 0.0000 0.0000 0.0000 0.0000 0.0000 0.0000 0.0000 0.0000 0.0000 0.0000 0.0000 0.0000 0.0000 0.0000 0.0000 0.0000 0.0000 0.0000 0.0000 0.0000 0.0000 0.0000 0.0000 0.0000 0.0000 0.0000 
S2 = 0.0000 0.0000 0.0000 0.0000 0.0000 0.0000 0.0000 0.0000 0.0000 0.0000 0.0000 0.0000 0.0000 0.0000 0.0000 0.0000 0.0000 0.0000 0.0000 0.0000 0.0000 0.0000 0.0000 0.4533 0.4533 0.0000 5.8382 
u = 9.1059 9.0617 9.0617 9.0617 9.0617 9.0617 9.0617 9.0617 9.0379 9.0379 9.0379 9.0379 9.0379 9.0379 9.0379 9.0124 9.0124 9.0124 9.0124 9.0124 9.0124 9.0124 8.9889 10.1021 10.1021 10.7662 9.5903 
v = 30.4649 24.7135 24.7135 24.7135 24.7135 24.7135 24.7135 24.7135 21.9250 21.9250 21.9250 21.9250 21.9250 21.9250 21.9250 19.0955 19.0955 19.0955 19.0955 19.0955 19.0955 19.0955 16.6081 80.8173 80.8173 75.3341 19.8326 
