ExternalI = 5.5000 0.0000 0.0000 0.0000 0.0000 0.0000 0.0000 0.0000 4.0000 4.0000 4.0000 4.0000 4.0000 4.0000 4.0000 0.0000 0.0000 0.0000 0.0000 0.0000 0.0000 0.0000 0.0000 8.0000 8.0000 0.0000 0.0000 
before u = 9.1059 9.0617 9.0617 9.0617 9.0617 9.0617 9.0617 9.0617 9.0379 9.0379 9.0379 9.0379 9.0379 9.0379 9.0379 9.0124 9.0124 9.0124 9.0124 9.0124 9.0124 9.0124 8.9889 10.1021 10.1021 10.7662 9.5903 
before v = 30.4649 24.7135 24.7135 24.7135 24.7135 24.7135 24.7135 24.7135 21.9250 21.9250 21.9250 21.9250 21.9250 21.9250 21.9250 19.0955 19.0955 19.0955 19.0955 19.0955 19.0955 19.0955 16.6081 80.8173 80.8173 75.3341 19.8326 
Ibias = 9.4000 9.4000 9.4000 9.4000 9.4000 9.4000 9.4000 9.4000 2.0000 2.0000 2.0000 2.0000 2.0000 2.0000 2.0000 2.0000 2.0000 2.0000 2.0000 2.0000 2.0000 2.0000 -2.0000 16.0000 16.0000 10.0000 -11.0000 
fa1 = 1.5238 0.6281 0.6281 0.6281 0.6281 0.6281 0.6281 0.6281 0.4153 0.4153 0.4153 0.4153 0.4153 0.4153 0.4153 0.2866 0.2866 0.2866 0.2866 0.2866 0.2866 0.2866 0.2199 93.1559 93.1559 60.2405 1.4717 
fa2 = 1.5207 0.6262 0.6262 0.6262 0.6262 0.6262 0.6262 0.6262 0.4141 0.4141 0.4141 0.4141 0.4141 0.4141 0.4141 0.2859 0.2859 0.2859 0.2859 0.2859 0.2859 0.2859 0.2195 94.7780 94.7780 61.1554 1.4618 
fa3 = 1.5207 0.6262 0.6262 0.6262 0.6262 0.6262 0.6262 0.6262 0.4141 0.4141 0.4141 0.4141 0.4141 0.4141 0.4141 0.2860 0.2860 0.2860 0.2860 0.2860 0.2860 0.2860 0.2196 94.8064 94.8064 61.1693 1.4619 
fa4 = 1.5176 0.6243 0.6243 0.6243 0.6243 0.6243 0.6243 0.6243 0.4129 0.4129 0.4129 0.4129 0.4129 0.4129 0.4129 0.2853 0.2853 0.2853 0.2853 0.2853 0.2853 0.2853 0.2192 96.4760 96.4760 62.1060 1.4521 
fb1 = -0.2424 -0.2636 -0.2636 -0.2636 -0.2636 -0.2636 -0.2636 -0.2636 -0.2738 -0.2738 -0.2738 -0.2738 -0.2738 -0.2738 -0.2738 -0.2841 -0.2841 -0.2841 -0.2841 -0.2841 -0.2841 -0.2841 -0.2931 0.1212 0.1212 0.0860 -0.1125 
fb2 = -0.2423 -0.2635 -0.2635 -0.2635 -0.2635 -0.2635 -0.2635 -0.2635 -0.2738 -0.2738 -0.2738 -0.2738 -0.2738 -0.2738 -0.2738 -0.2841 -0.2841 -0.2841 -0.2841 -0.2841 -0.2841 -0.2841 -0.2931 0.1231 0.1231 0.0872 -0.1124 
fb3 = -0.2423 -0.2635 -0.2635 -0.2635 -0.2635 -0.2635 -0.2635 -0.2635 -0.2738 -0.2738 -0.2738 -0.2738 -0.2738 -0.2738 -0.2738 -0.2841 -0.2841 -0.2841 -0.2841 -0.2841 -0.2841 -0.2841 -0.2931 0.1231 0.1231 0.0872 -0.1124 
fb4 = -0.2422 -0.2635 -0.2635 -0.2635 -0.2635 -0.2635 -0.2635 -0.2635 -0.2737 -0.2737 -0.2737 -0.2737 -0.2737 -0.2737 -0.2737 -0.2840 -0.2840 -0.2840 -0.2840 -0.2840 -0.2840 -0.2840 -0.2930 0.1250 0.1250 0.0884 -0.1124 
I = 14.9000 9.4000 9.4000 9.4000 9.4000 9.4000 9.4000 9.4000 6.0000 6.0000 6.0000 6.0000 6.0000 6.0000 6.0000 2.0000 2.0000 2.0000 2.0000 2.0000 2.0000 2.0000 -2.0000 24.4524 24.4524 10.0000 -5.1735 
S1 = 0.0000 0.0000 0.0000 0.0000 0.0000 0.0000 0.0000 0.0000 0.0000 0.0000 0.0000 0.0000 0.0000 0.0000 0.0000 0.0000 0.0000 0.0000 0.0000 0.0000 0.0000 0.0000 0.0000 0.0000 0.0000 0.0000 0.0000 
S2 = 0.0000 0.0000 0.0000 0.0000 0.0000 0.0000 0.0000 0.0000 0.0000 0.0000 0.0000 0.0000 0.0000 0.0000 0.0000 0.0000 0.0000 0.0000 0.0000 0.0000 0.0000 0.0000 0.0000 0.4524 0.4524 0.0000 5.8265 
u = 9.1035 9.0590 9.0590 9.0590 9.0590 9.0590 9.0590 9.0590 9.0351 9.0351 9.0351 9.0351 9.0351 9.0351 9.0351 9.0095 9.0095 9.0095 9.0095 9.0095 9.0095 9.0095 8.9860 10.1033 10.1033 10.7671 9.5892 
v = 30.4802 24.7198 24.7198 24.7198 24.7198 24.7198 24.7198 24.7198 21.9291 21.9291 21.9291 21.9291 21.9291 21.9291 21.9291 19.0984 19.0984 19.0984 19.0984 19.0984 19.0984 19.0984 16.6103 81.7653 81.7653 75.9457 19.8472 
