ExternalI = 5.5000 0.0000 0.0000 0.0000 0.0000 0.0000 0.0000 0.0000 4.0000 4.0000 4.0000 4.0000 4.0000 4.0000 4.0000 0.0000 0.0000 0.0000 0.0000 0.0000 0.0000 0.0000 0.0000 8.0000 8.0000 0.0000 0.0000 
before u = 9.1035 9.0590 9.0590 9.0590 9.0590 9.0590 9.0590 9.0590 9.0351 9.0351 9.0351 9.0351 9.0351 9.0351 9.0351 9.0095 9.0095 9.0095 9.0095 9.0095 9.0095 9.0095 8.9860 10.1033 10.1033 10.7671 9.5892 
before v = 30.4802 24.7198 24.7198 24.7198 24.7198 24.7198 24.7198 24.7198 21.9291 21.9291 21.9291 21.9291 21.9291 21.9291 21.9291 19.0984 19.0984 19.0984 19.0984 19.0984 19.0984 19.0984 16.6103 81.7653 81.7653 75.9457 19.8472 
Ibias = 9.4000 9.4000 9.4000 9.4000 9.4000 9.4000 9.4000 9.4000 2.0000 2.0000 2.0000 2.0000 2.0000 2.0000 2.0000 2.0000 2.0000 2.0000 2.0000 2.0000 2.0000 2.0000 -2.0000 16.0000 16.0000 10.0000 -11.0000 
fa1 = 1.5176 0.6243 0.6243 0.6243 0.6243 0.6243 0.6243 0.6243 0.4129 0.4129 0.4129 0.4129 0.4129 0.4129 0.4129 0.2853 0.2853 0.2853 0.2853 0.2853 0.2853 0.2853 0.2192 96.4749 96.4749 62.1059 1.4405 
fa2 = 1.5146 0.6224 0.6224 0.6224 0.6224 0.6224 0.6224 0.6224 0.4117 0.4117 0.4117 0.4117 0.4117 0.4117 0.4117 0.2846 0.2846 0.2846 0.2846 0.2846 0.2846 0.2846 0.2188 98.1917 98.1917 63.0644 1.4309 
fa3 = 1.5146 0.6225 0.6225 0.6225 0.6225 0.6225 0.6225 0.6225 0.4117 0.4117 0.4117 0.4117 0.4117 0.4117 0.4117 0.2846 0.2846 0.2846 0.2846 0.2846 0.2846 0.2846 0.2188 98.2225 98.2225 63.0793 1.4309 
fa4 = 1.5116 0.6206 0.6206 0.6206 0.6206 0.6206 0.6206 0.6206 0.4105 0.4105 0.4105 0.4105 0.4105 0.4105 0.4105 0.2839 0.2839 0.2839 0.2839 0.2839 0.2839 0.2839 0.2185 99.9905 99.9905 64.0611 1.4214 
fb1 = -0.2422 -0.2635 -0.2635 -0.2635 -0.2635 -0.2635 -0.2635 -0.2635 -0.2737 -0.2737 -0.2737 -0.2737 -0.2737 -0.2737 -0.2737 -0.2840 -0.2840 -0.2840 -0.2840 -0.2840 -0.2840 -0.2840 -0.2930 0.1250 0.1250 0.0884 -0.1124 
fb2 = -0.2421 -0.2634 -0.2634 -0.2634 -0.2634 -0.2634 -0.2634 -0.2634 -0.2736 -0.2736 -0.2736 -0.2736 -0.2736 -0.2736 -0.2736 -0.2839 -0.2839 -0.2839 -0.2839 -0.2839 -0.2839 -0.2839 -0.2929 0.1269 0.1269 0.0897 -0.1124 
fb3 = -0.2421 -0.2634 -0.2634 -0.2634 -0.2634 -0.2634 -0.2634 -0.2634 -0.2736 -0.2736 -0.2736 -0.2736 -0.2736 -0.2736 -0.2736 -0.2839 -0.2839 -0.2839 -0.2839 -0.2839 -0.2839 -0.2839 -0.2929 0.1269 0.1269 0.0897 -0.1124 
fb4 = -0.2421 -0.2634 -0.2634 -0.2634 -0.2634 -0.2634 -0.2634 -0.2634 -0.2736 -0.2736 -0.2736 -0.2736 -0.2736 -0.2736 -0.2736 -0.2839 -0.2839 -0.2839 -0.2839 -0.2839 -0.2839 -0.2839 -0.2929 0.1289 0.1289 0.0909 -0.1123 
I = 14.9000 9.4000 9.4000 9.4000 9.4000 9.4000 9.4000 9.4000 6.0000 6.0000 6.0000 6.0000 6.0000 6.0000 6.0000 2.0000 2.0000 2.0000 2.0000 2.0000 2.0000 2.0000 -2.0000 24.4515 24.4515 10.0000 -5.1851 
S1 = 0.0000 0.0000 0.0000 0.0000 0.0000 0.0000 0.0000 0.0000 0.0000 0.0000 0.0000 0.0000 0.0000 0.0000 0.0000 0.0000 0.0000 0.0000 0.0000 0.0000 0.0000 0.0000 0.0000 0.0000 0.0000 0.0000 0.0000 
S2 = 0.0000 0.0000 0.0000 0.0000 0.0000 0.0000 0.0000 0.0000 0.0000 0.0000 0.0000 0.0000 0.0000 0.0000 0.0000 0.0000 0.0000 0.0000 0.0000 0.0000 0.0000 0.0000 0.0000 0.4515 0.4515 0.0000 5.8149 
u = 9.1011 9.0564 9.0564 9.0564 9.0564 9.0564 9.0564 9.0564 9.0324 9.0324 9.0324 9.0324 9.0324 9.0324 9.0324 9.0067 9.0067 9.0067 9.0067 9.0067 9.0067 9.0067 8.9831 10.1046 10.1046 10.7680 9.5881 
v = 30.4953 24.7260 24.7260 24.7260 24.7260 24.7260 24.7260 24.7260 21.9333 21.9333 21.9333 21.9333 21.9333 21.9333 21.9333 19.1012 19.1012 19.1012 19.1012 19.1012 19.1012 19.1012 16.6125 82.7475 82.7475 76.5765 19.8615 
