ExternalI = 5.5000 0.0000 0.0000 0.0000 0.0000 0.0000 0.0000 0.0000 4.0000 4.0000 4.0000 4.0000 4.0000 4.0000 4.0000 0.0000 0.0000 0.0000 0.0000 0.0000 0.0000 0.0000 0.0000 8.0000 8.0000 0.0000 0.0000 
before u = 9.1011 9.0564 9.0564 9.0564 9.0564 9.0564 9.0564 9.0564 9.0324 9.0324 9.0324 9.0324 9.0324 9.0324 9.0324 9.0067 9.0067 9.0067 9.0067 9.0067 9.0067 9.0067 8.9831 10.1046 10.1046 10.7680 9.5881 
before v = 30.4953 24.7260 24.7260 24.7260 24.7260 24.7260 24.7260 24.7260 21.9333 21.9333 21.9333 21.9333 21.9333 21.9333 21.9333 19.1012 19.1012 19.1012 19.1012 19.1012 19.1012 19.1012 16.6125 82.7475 82.7475 76.5765 19.8615 
Ibias = 9.4000 9.4000 9.4000 9.4000 9.4000 9.4000 9.4000 9.4000 2.0000 2.0000 2.0000 2.0000 2.0000 2.0000 2.0000 2.0000 2.0000 2.0000 2.0000 2.0000 2.0000 2.0000 -2.0000 16.0000 16.0000 10.0000 -11.0000 
fa1 = 1.5116 0.6206 0.6206 0.6206 0.6206 0.6206 0.6206 0.6206 0.4105 0.4105 0.4105 0.4105 0.4105 0.4105 0.4105 0.2839 0.2839 0.2839 0.2839 0.2839 0.2839 0.2839 0.2185 99.9893 99.9893 64.0609 1.4098 
fa2 = 1.5085 0.6187 0.6187 0.6187 0.6187 0.6187 0.6187 0.6187 0.4093 0.4093 0.4093 0.4093 0.4093 0.4093 0.4093 0.2832 0.2832 0.2832 0.2832 0.2832 0.2832 0.2832 0.2181 101.8084 101.8084 65.0659 1.4004 
fa3 = 1.5085 0.6188 0.6188 0.6188 0.6188 0.6188 0.6188 0.6188 0.4093 0.4093 0.4093 0.4093 0.4093 0.4093 0.4093 0.2833 0.2833 0.2833 0.2833 0.2833 0.2833 0.2833 0.2181 101.8416 101.8416 65.0817 1.4004 
fa4 = 1.5055 0.6169 0.6169 0.6169 0.6169 0.6169 0.6169 0.6169 0.4082 0.4082 0.4082 0.4082 0.4082 0.4082 0.4082 0.2826 0.2826 0.2826 0.2826 0.2826 0.2826 0.2826 0.2177 103.7159 103.7159 66.1115 1.3911 
fb1 = -0.2421 -0.2634 -0.2634 -0.2634 -0.2634 -0.2634 -0.2634 -0.2634 -0.2736 -0.2736 -0.2736 -0.2736 -0.2736 -0.2736 -0.2736 -0.2839 -0.2839 -0.2839 -0.2839 -0.2839 -0.2839 -0.2839 -0.2929 0.1289 0.1289 0.0909 -0.1123 
fb2 = -0.2420 -0.2633 -0.2633 -0.2633 -0.2633 -0.2633 -0.2633 -0.2633 -0.2735 -0.2735 -0.2735 -0.2735 -0.2735 -0.2735 -0.2735 -0.2838 -0.2838 -0.2838 -0.2838 -0.2838 -0.2838 -0.2838 -0.2928 0.1309 0.1309 0.0922 -0.1123 
fb3 = -0.2420 -0.2633 -0.2633 -0.2633 -0.2633 -0.2633 -0.2633 -0.2633 -0.2735 -0.2735 -0.2735 -0.2735 -0.2735 -0.2735 -0.2735 -0.2838 -0.2838 -0.2838 -0.2838 -0.2838 -0.2838 -0.2838 -0.2928 0.1309 0.1309 0.0922 -0.1123 
fb4 = -0.2419 -0.2632 -0.2632 -0.2632 -0.2632 -0.2632 -0.2632 -0.2632 -0.2734 -0.2734 -0.2734 -0.2734 -0.2734 -0.2734 -0.2734 -0.2837 -0.2837 -0.2837 -0.2837 -0.2837 -0.2837 -0.2837 -0.2927 0.1329 0.1329 0.0935 -0.1122 
I = 14.9000 9.4000 9.4000 9.4000 9.4000 9.4000 9.4000 9.4000 6.0000 6.0000 6.0000 6.0000 6.0000 6.0000 6.0000 2.0000 2.0000 2.0000 2.0000 2.0000 2.0000 2.0000 -2.0000 24.4506 24.4506 10.0000 -5.1968 
S1 = 0.0000 0.0000 0.0000 0.0000 0.0000 0.0000 0.0000 0.0000 0.0000 0.0000 0.0000 0.0000 0.0000 0.0000 0.0000 0.0000 0.0000 0.0000 0.0000 0.0000 0.0000 0.0000 0.0000 0.0000 0.0000 0.0000 0.0000 
S2 = 0.0000 0.0000 0.0000 0.0000 0.0000 0.0000 0.0000 0.0000 0.0000 0.0000 0.0000 0.0000 0.0000 0.0000 0.0000 0.0000 0.0000 0.0000 0.0000 0.0000 0.0000 0.0000 0.0000 0.4506 0.4506 0.0000 5.8032 
u = 9.0987 9.0538 9.0538 9.0538 9.0538 9.0538 9.0538 9.0538 9.0297 9.0297 9.0297 9.0297 9.0297 9.0297 9.0297 9.0039 9.0039 9.0039 9.0039 9.0039 9.0039 9.0039 8.9801 10.1059 10.1059 10.7689 9.5869 
v = 30.5104 24.7322 24.7322 24.7322 24.7322 24.7322 24.7322 24.7322 21.9374 21.9374 21.9374 21.9374 21.9374 21.9374 21.9374 19.1040 19.1040 19.1040 19.1040 19.1040 19.1040 19.1040 16.6147 83.7658 83.7658 77.2273 19.8755 
