ExternalI = 5.5000 0.0000 0.0000 0.0000 0.0000 0.0000 0.0000 0.0000 4.0000 4.0000 4.0000 4.0000 4.0000 4.0000 4.0000 0.0000 0.0000 0.0000 0.0000 0.0000 0.0000 0.0000 0.0000 8.0000 8.0000 0.0000 0.0000 
before u = 9.0987 9.0538 9.0538 9.0538 9.0538 9.0538 9.0538 9.0538 9.0297 9.0297 9.0297 9.0297 9.0297 9.0297 9.0297 9.0039 9.0039 9.0039 9.0039 9.0039 9.0039 9.0039 8.9801 10.1059 10.1059 10.7689 9.5869 
before v = 30.5104 24.7322 24.7322 24.7322 24.7322 24.7322 24.7322 24.7322 21.9374 21.9374 21.9374 21.9374 21.9374 21.9374 21.9374 19.1040 19.1040 19.1040 19.1040 19.1040 19.1040 19.1040 16.6147 83.7658 83.7658 77.2273 19.8755 
Ibias = 9.4000 9.4000 9.4000 9.4000 9.4000 9.4000 9.4000 9.4000 2.0000 2.0000 2.0000 2.0000 2.0000 2.0000 2.0000 2.0000 2.0000 2.0000 2.0000 2.0000 2.0000 2.0000 -2.0000 16.0000 16.0000 10.0000 -11.0000 
fa1 = 1.5055 0.6169 0.6169 0.6169 0.6169 0.6169 0.6169 0.6169 0.4082 0.4082 0.4082 0.4082 0.4082 0.4082 0.4082 0.2826 0.2826 0.2826 0.2826 0.2826 0.2826 0.2826 0.2177 103.7148 103.7148 66.1114 1.3795 
fa2 = 1.5025 0.6151 0.6151 0.6151 0.6151 0.6151 0.6151 0.6151 0.4070 0.4070 0.4070 0.4070 0.4070 0.4070 0.4070 0.2819 0.2819 0.2819 0.2819 0.2819 0.2819 0.2819 0.2174 105.6442 105.6442 67.1658 1.3704 
fa3 = 1.5025 0.6151 0.6151 0.6151 0.6151 0.6151 0.6151 0.6151 0.4070 0.4070 0.4070 0.4070 0.4070 0.4070 0.4070 0.2819 0.2819 0.2819 0.2819 0.2819 0.2819 0.2819 0.2174 105.6803 105.6803 67.1827 1.3704 
fa4 = 1.4996 0.6133 0.6133 0.6133 0.6133 0.6133 0.6133 0.6133 0.4058 0.4058 0.4058 0.4058 0.4058 0.4058 0.4058 0.2813 0.2813 0.2813 0.2813 0.2813 0.2813 0.2813 0.2170 107.6696 107.6696 68.2637 1.3613 
fb1 = -0.2419 -0.2632 -0.2632 -0.2632 -0.2632 -0.2632 -0.2632 -0.2632 -0.2734 -0.2734 -0.2734 -0.2734 -0.2734 -0.2734 -0.2734 -0.2837 -0.2837 -0.2837 -0.2837 -0.2837 -0.2837 -0.2837 -0.2927 0.1329 0.1329 0.0935 -0.1122 
fb2 = -0.2418 -0.2632 -0.2632 -0.2632 -0.2632 -0.2632 -0.2632 -0.2632 -0.2734 -0.2734 -0.2734 -0.2734 -0.2734 -0.2734 -0.2734 -0.2837 -0.2837 -0.2837 -0.2837 -0.2837 -0.2837 -0.2837 -0.2927 0.1350 0.1350 0.0948 -0.1122 
fb3 = -0.2418 -0.2632 -0.2632 -0.2632 -0.2632 -0.2632 -0.2632 -0.2632 -0.2734 -0.2734 -0.2734 -0.2734 -0.2734 -0.2734 -0.2734 -0.2837 -0.2837 -0.2837 -0.2837 -0.2837 -0.2837 -0.2837 -0.2927 0.1350 0.1350 0.0949 -0.1122 
fb4 = -0.2417 -0.2631 -0.2631 -0.2631 -0.2631 -0.2631 -0.2631 -0.2631 -0.2733 -0.2733 -0.2733 -0.2733 -0.2733 -0.2733 -0.2733 -0.2836 -0.2836 -0.2836 -0.2836 -0.2836 -0.2836 -0.2836 -0.2926 0.1371 0.1371 0.0962 -0.1122 
I = 14.9000 9.4000 9.4000 9.4000 9.4000 9.4000 9.4000 9.4000 6.0000 6.0000 6.0000 6.0000 6.0000 6.0000 6.0000 2.0000 2.0000 2.0000 2.0000 2.0000 2.0000 2.0000 -2.0000 24.4497 24.4497 10.0000 -5.2084 
S1 = 0.0000 0.0000 0.0000 0.0000 0.0000 0.0000 0.0000 0.0000 0.0000 0.0000 0.0000 0.0000 0.0000 0.0000 0.0000 0.0000 0.0000 0.0000 0.0000 0.0000 0.0000 0.0000 0.0000 0.0000 0.0000 0.0000 0.0000 
S2 = 0.0000 0.0000 0.0000 0.0000 0.0000 0.0000 0.0000 0.0000 0.0000 0.0000 0.0000 0.0000 0.0000 0.0000 0.0000 0.0000 0.0000 0.0000 0.0000 0.0000 0.0000 0.0000 0.0000 0.4497 0.4497 0.0000 5.7916 
u = 9.0962 9.0511 9.0511 9.0511 9.0511 9.0511 9.0511 9.0511 9.0269 9.0269 9.0269 9.0269 9.0269 9.0269 9.0269 9.0010 9.0010 9.0010 9.0010 9.0010 9.0010 9.0010 8.9772 10.1072 10.1072 10.7699 9.5858 
v = 30.5254 24.7383 24.7383 24.7383 24.7383 24.7383 24.7383 24.7383 21.9414 21.9414 21.9414 21.9414 21.9414 21.9414 21.9414 19.1069 19.1069 19.1069 19.1069 19.1069 19.1069 19.1069 16.6168 84.8225 84.8225 77.8991 19.8893 
