ExternalI = 5.5000 0.0000 0.0000 0.0000 0.0000 0.0000 0.0000 0.0000 4.0000 4.0000 4.0000 4.0000 4.0000 4.0000 4.0000 0.0000 0.0000 0.0000 0.0000 0.0000 0.0000 0.0000 0.0000 8.0000 8.0000 0.0000 0.0000 
before u = 9.0962 9.0511 9.0511 9.0511 9.0511 9.0511 9.0511 9.0511 9.0269 9.0269 9.0269 9.0269 9.0269 9.0269 9.0269 9.0010 9.0010 9.0010 9.0010 9.0010 9.0010 9.0010 8.9772 10.1072 10.1072 10.7699 9.5858 
before v = 30.5254 24.7383 24.7383 24.7383 24.7383 24.7383 24.7383 24.7383 21.9414 21.9414 21.9414 21.9414 21.9414 21.9414 21.9414 19.1069 19.1069 19.1069 19.1069 19.1069 19.1069 19.1069 16.6168 84.8225 84.8225 77.8991 19.8893 
Ibias = 9.4000 9.4000 9.4000 9.4000 9.4000 9.4000 9.4000 9.4000 2.0000 2.0000 2.0000 2.0000 2.0000 2.0000 2.0000 2.0000 2.0000 2.0000 2.0000 2.0000 2.0000 2.0000 -2.0000 16.0000 16.0000 10.0000 -11.0000 
fa1 = 1.4996 0.6133 0.6133 0.6133 0.6133 0.6133 0.6133 0.6133 0.4058 0.4058 0.4058 0.4058 0.4058 0.4058 0.4058 0.2813 0.2813 0.2813 0.2813 0.2813 0.2813 0.2813 0.2170 107.6684 107.6684 68.2635 1.3498 
fa2 = 1.4966 0.6114 0.6114 0.6114 0.6114 0.6114 0.6114 0.6114 0.4047 0.4047 0.4047 0.4047 0.4047 0.4047 0.4047 0.2806 0.2806 0.2806 0.2806 0.2806 0.2806 0.2806 0.2167 109.7174 109.7174 69.3708 1.3408 
fa3 = 1.4966 0.6115 0.6115 0.6115 0.6115 0.6115 0.6115 0.6115 0.4047 0.4047 0.4047 0.4047 0.4047 0.4047 0.4047 0.2806 0.2806 0.2806 0.2806 0.2806 0.2806 0.2806 0.2167 109.7566 109.7566 69.3889 1.3409 
fa4 = 1.4936 0.6096 0.6096 0.6096 0.6096 0.6096 0.6096 0.6096 0.4035 0.4035 0.4035 0.4035 0.4035 0.4035 0.4035 0.2800 0.2800 0.2800 0.2800 0.2800 0.2800 0.2800 0.2163 111.8704 111.8704 70.5244 1.3320 
fb1 = -0.2417 -0.2631 -0.2631 -0.2631 -0.2631 -0.2631 -0.2631 -0.2631 -0.2733 -0.2733 -0.2733 -0.2733 -0.2733 -0.2733 -0.2733 -0.2836 -0.2836 -0.2836 -0.2836 -0.2836 -0.2836 -0.2836 -0.2926 0.1371 0.1371 0.0962 -0.1122 
fb2 = -0.2417 -0.2630 -0.2630 -0.2630 -0.2630 -0.2630 -0.2630 -0.2630 -0.2732 -0.2732 -0.2732 -0.2732 -0.2732 -0.2732 -0.2732 -0.2836 -0.2836 -0.2836 -0.2836 -0.2836 -0.2836 -0.2836 -0.2926 0.1393 0.1393 0.0976 -0.1121 
fb3 = -0.2417 -0.2630 -0.2630 -0.2630 -0.2630 -0.2630 -0.2630 -0.2630 -0.2732 -0.2732 -0.2732 -0.2732 -0.2732 -0.2732 -0.2732 -0.2836 -0.2836 -0.2836 -0.2836 -0.2836 -0.2836 -0.2836 -0.2926 0.1393 0.1393 0.0976 -0.1121 
fb4 = -0.2416 -0.2630 -0.2630 -0.2630 -0.2630 -0.2630 -0.2630 -0.2630 -0.2732 -0.2732 -0.2732 -0.2732 -0.2732 -0.2732 -0.2732 -0.2835 -0.2835 -0.2835 -0.2835 -0.2835 -0.2835 -0.2835 -0.2925 0.1415 0.1415 0.0990 -0.1121 
I = 14.9000 9.4000 9.4000 9.4000 9.4000 9.4000 9.4000 9.4000 6.0000 6.0000 6.0000 6.0000 6.0000 6.0000 6.0000 2.0000 2.0000 2.0000 2.0000 2.0000 2.0000 2.0000 -2.0000 24.4488 24.4488 10.0000 -5.2200 
S1 = 0.0000 0.0000 0.0000 0.0000 0.0000 0.0000 0.0000 0.0000 0.0000 0.0000 0.0000 0.0000 0.0000 0.0000 0.0000 0.0000 0.0000 0.0000 0.0000 0.0000 0.0000 0.0000 0.0000 0.0000 0.0000 0.0000 0.0000 
S2 = 0.0000 0.0000 0.0000 0.0000 0.0000 0.0000 0.0000 0.0000 0.0000 0.0000 0.0000 0.0000 0.0000 0.0000 0.0000 0.0000 0.0000 0.0000 0.0000 0.0000 0.0000 0.0000 0.0000 0.4488 0.4488 0.0000 5.7800 
u = 9.0938 9.0485 9.0485 9.0485 9.0485 9.0485 9.0485 9.0485 9.0242 9.0242 9.0242 9.0242 9.0242 9.0242 9.0242 8.9982 8.9982 8.9982 8.9982 8.9982 8.9982 8.9982 8.9743 10.1086 10.1086 10.7708 9.5847 
v = 30.5404 24.7445 24.7445 24.7445 24.7445 24.7445 24.7445 24.7445 21.9455 21.9455 21.9455 21.9455 21.9455 21.9455 21.9455 19.1097 19.1097 19.1097 19.1097 19.1097 19.1097 19.1097 16.6190 85.9200 85.9200 78.5929 19.9027 
