ExternalI = 5.5000 0.0000 0.0000 0.0000 0.0000 0.0000 0.0000 0.0000 4.0000 4.0000 4.0000 4.0000 4.0000 4.0000 4.0000 0.0000 0.0000 0.0000 0.0000 0.0000 0.0000 0.0000 0.0000 8.0000 8.0000 0.0000 0.0000 
before u = 9.0938 9.0485 9.0485 9.0485 9.0485 9.0485 9.0485 9.0485 9.0242 9.0242 9.0242 9.0242 9.0242 9.0242 9.0242 8.9982 8.9982 8.9982 8.9982 8.9982 8.9982 8.9982 8.9743 10.1086 10.1086 10.7708 9.5847 
before v = 30.5404 24.7445 24.7445 24.7445 24.7445 24.7445 24.7445 24.7445 21.9455 21.9455 21.9455 21.9455 21.9455 21.9455 21.9455 19.1097 19.1097 19.1097 19.1097 19.1097 19.1097 19.1097 16.6190 85.9200 85.9200 78.5929 19.9027 
Ibias = 9.4000 9.4000 9.4000 9.4000 9.4000 9.4000 9.4000 9.4000 2.0000 2.0000 2.0000 2.0000 2.0000 2.0000 2.0000 2.0000 2.0000 2.0000 2.0000 2.0000 2.0000 2.0000 -2.0000 16.0000 16.0000 10.0000 -11.0000 
fa1 = 1.4936 0.6096 0.6096 0.6096 0.6096 0.6096 0.6096 0.6096 0.4035 0.4035 0.4035 0.4035 0.4035 0.4035 0.4035 0.2800 0.2800 0.2800 0.2800 0.2800 0.2800 0.2800 0.2163 111.8691 111.8691 70.5243 1.3204 
fa2 = 1.4907 0.6079 0.6079 0.6079 0.6079 0.6079 0.6079 0.6079 0.4024 0.4024 0.4024 0.4024 0.4024 0.4024 0.4024 0.2793 0.2793 0.2793 0.2793 0.2793 0.2793 0.2793 0.2160 114.0476 114.0476 71.6880 1.3117 
fa3 = 1.4907 0.6079 0.6079 0.6079 0.6079 0.6079 0.6079 0.6079 0.4024 0.4024 0.4024 0.4024 0.4024 0.4024 0.4024 0.2793 0.2793 0.2793 0.2793 0.2793 0.2793 0.2793 0.2160 114.0903 114.0903 71.7073 1.3118 
fa4 = 1.4878 0.6061 0.6061 0.6061 0.6061 0.6061 0.6061 0.6061 0.4012 0.4012 0.4012 0.4012 0.4012 0.4012 0.4012 0.2787 0.2787 0.2787 0.2787 0.2787 0.2787 0.2787 0.2157 116.3391 116.3391 72.9012 1.3031 
fb1 = -0.2416 -0.2630 -0.2630 -0.2630 -0.2630 -0.2630 -0.2630 -0.2630 -0.2732 -0.2732 -0.2732 -0.2732 -0.2732 -0.2732 -0.2732 -0.2835 -0.2835 -0.2835 -0.2835 -0.2835 -0.2835 -0.2835 -0.2925 0.1415 0.1415 0.0990 -0.1121 
fb2 = -0.2415 -0.2629 -0.2629 -0.2629 -0.2629 -0.2629 -0.2629 -0.2629 -0.2731 -0.2731 -0.2731 -0.2731 -0.2731 -0.2731 -0.2731 -0.2834 -0.2834 -0.2834 -0.2834 -0.2834 -0.2834 -0.2834 -0.2924 0.1437 0.1437 0.1004 -0.1120 
fb3 = -0.2415 -0.2629 -0.2629 -0.2629 -0.2629 -0.2629 -0.2629 -0.2629 -0.2731 -0.2731 -0.2731 -0.2731 -0.2731 -0.2731 -0.2731 -0.2834 -0.2834 -0.2834 -0.2834 -0.2834 -0.2834 -0.2834 -0.2924 0.1438 0.1438 0.1004 -0.1120 
fb4 = -0.2414 -0.2628 -0.2628 -0.2628 -0.2628 -0.2628 -0.2628 -0.2628 -0.2731 -0.2731 -0.2731 -0.2731 -0.2731 -0.2731 -0.2731 -0.2834 -0.2834 -0.2834 -0.2834 -0.2834 -0.2834 -0.2834 -0.2924 0.1460 0.1460 0.1018 -0.1120 
I = 14.9000 9.4000 9.4000 9.4000 9.4000 9.4000 9.4000 9.4000 6.0000 6.0000 6.0000 6.0000 6.0000 6.0000 6.0000 2.0000 2.0000 2.0000 2.0000 2.0000 2.0000 2.0000 -2.0000 24.4479 24.4479 10.0000 -5.2315 
S1 = 0.0000 0.0000 0.0000 0.0000 0.0000 0.0000 0.0000 0.0000 0.0000 0.0000 0.0000 0.0000 0.0000 0.0000 0.0000 0.0000 0.0000 0.0000 0.0000 0.0000 0.0000 0.0000 0.0000 0.0000 0.0000 0.0000 0.0000 
S2 = 0.0000 0.0000 0.0000 0.0000 0.0000 0.0000 0.0000 0.0000 0.0000 0.0000 0.0000 0.0000 0.0000 0.0000 0.0000 0.0000 0.0000 0.0000 0.0000 0.0000 0.0000 0.0000 0.0000 0.4479 0.4479 0.0000 5.7685 
u = 9.0914 9.0459 9.0459 9.0459 9.0459 9.0459 9.0459 9.0459 9.0215 9.0215 9.0215 9.0215 9.0215 9.0215 9.0215 8.9953 8.9953 8.9953 8.9953 8.9953 8.9953 8.9953 8.9714 10.1101 10.1101 10.7718 9.5836 
v = 30.5553 24.7505 24.7505 24.7505 24.7505 24.7505 24.7505 24.7505 21.9495 21.9495 21.9495 21.9495 21.9495 21.9495 21.9495 19.1125 19.1125 19.1125 19.1125 19.1125 19.1125 19.1125 16.6212 87.0608 87.0608 79.3099 19.9158 
