ExternalI = 5.5000 0.0000 0.0000 0.0000 0.0000 0.0000 0.0000 0.0000 4.0000 4.0000 4.0000 4.0000 4.0000 4.0000 4.0000 0.0000 0.0000 0.0000 0.0000 0.0000 0.0000 0.0000 0.0000 8.0000 8.0000 0.0000 0.0000 
before u = 9.0914 9.0459 9.0459 9.0459 9.0459 9.0459 9.0459 9.0459 9.0215 9.0215 9.0215 9.0215 9.0215 9.0215 9.0215 8.9953 8.9953 8.9953 8.9953 8.9953 8.9953 8.9953 8.9714 10.1101 10.1101 10.7718 9.5836 
before v = 30.5553 24.7505 24.7505 24.7505 24.7505 24.7505 24.7505 24.7505 21.9495 21.9495 21.9495 21.9495 21.9495 21.9495 21.9495 19.1125 19.1125 19.1125 19.1125 19.1125 19.1125 19.1125 16.6212 87.0608 87.0608 79.3099 19.9158 
Ibias = 9.4000 9.4000 9.4000 9.4000 9.4000 9.4000 9.4000 9.4000 2.0000 2.0000 2.0000 2.0000 2.0000 2.0000 2.0000 2.0000 2.0000 2.0000 2.0000 2.0000 2.0000 2.0000 -2.0000 16.0000 16.0000 10.0000 -11.0000 
fa1 = 1.4878 0.6061 0.6061 0.6061 0.6061 0.6061 0.6061 0.6061 0.4012 0.4012 0.4012 0.4012 0.4012 0.4012 0.4012 0.2787 0.2787 0.2787 0.2787 0.2787 0.2787 0.2787 0.2157 116.3379 116.3379 72.9010 1.2916 
fa2 = 1.4848 0.6043 0.6043 0.6043 0.6043 0.6043 0.6043 0.6043 0.4001 0.4001 0.4001 0.4001 0.4001 0.4001 0.4001 0.2781 0.2781 0.2781 0.2781 0.2781 0.2781 0.2781 0.2153 118.6570 118.6570 74.1250 1.2830 
fa3 = 1.4848 0.6043 0.6043 0.6043 0.6043 0.6043 0.6043 0.6043 0.4001 0.4001 0.4001 0.4001 0.4001 0.4001 0.4001 0.2781 0.2781 0.2781 0.2781 0.2781 0.2781 0.2781 0.2153 118.7035 118.7035 74.1457 1.2831 
fa4 = 1.4819 0.6025 0.6025 0.6025 0.6025 0.6025 0.6025 0.6025 0.3990 0.3990 0.3990 0.3990 0.3990 0.3990 0.3990 0.2775 0.2775 0.2775 0.2775 0.2775 0.2775 0.2775 0.2150 121.0992 121.0992 75.4020 1.2746 
fb1 = -0.2414 -0.2628 -0.2628 -0.2628 -0.2628 -0.2628 -0.2628 -0.2628 -0.2731 -0.2731 -0.2731 -0.2731 -0.2731 -0.2731 -0.2731 -0.2834 -0.2834 -0.2834 -0.2834 -0.2834 -0.2834 -0.2834 -0.2924 0.1460 0.1460 0.1018 -0.1120 
fb2 = -0.2414 -0.2628 -0.2628 -0.2628 -0.2628 -0.2628 -0.2628 -0.2628 -0.2730 -0.2730 -0.2730 -0.2730 -0.2730 -0.2730 -0.2730 -0.2833 -0.2833 -0.2833 -0.2833 -0.2833 -0.2833 -0.2833 -0.2923 0.1484 0.1484 0.1033 -0.1120 
fb3 = -0.2414 -0.2628 -0.2628 -0.2628 -0.2628 -0.2628 -0.2628 -0.2628 -0.2730 -0.2730 -0.2730 -0.2730 -0.2730 -0.2730 -0.2730 -0.2833 -0.2833 -0.2833 -0.2833 -0.2833 -0.2833 -0.2833 -0.2923 0.1484 0.1484 0.1033 -0.1120 
fb4 = -0.2413 -0.2627 -0.2627 -0.2627 -0.2627 -0.2627 -0.2627 -0.2627 -0.2729 -0.2729 -0.2729 -0.2729 -0.2729 -0.2729 -0.2729 -0.2832 -0.2832 -0.2832 -0.2832 -0.2832 -0.2832 -0.2832 -0.2922 0.1508 0.1508 0.1047 -0.1119 
I = 14.9000 9.4000 9.4000 9.4000 9.4000 9.4000 9.4000 9.4000 6.0000 6.0000 6.0000 6.0000 6.0000 6.0000 6.0000 2.0000 2.0000 2.0000 2.0000 2.0000 2.0000 2.0000 -2.0000 24.4470 24.4470 10.0000 -5.2431 
S1 = 0.0000 0.0000 0.0000 0.0000 0.0000 0.0000 0.0000 0.0000 0.0000 0.0000 0.0000 0.0000 0.0000 0.0000 0.0000 0.0000 0.0000 0.0000 0.0000 0.0000 0.0000 0.0000 0.0000 0.0000 0.0000 0.0000 0.0000 
S2 = 0.0000 0.0000 0.0000 0.0000 0.0000 0.0000 0.0000 0.0000 0.0000 0.0000 0.0000 0.0000 0.0000 0.0000 0.0000 0.0000 0.0000 0.0000 0.0000 0.0000 0.0000 0.0000 0.0000 0.4470 0.4470 0.0000 5.7569 
u = 9.0890 9.0432 9.0432 9.0432 9.0432 9.0432 9.0432 9.0432 9.0188 9.0188 9.0188 9.0188 9.0188 9.0188 9.0188 8.9925 8.9925 8.9925 8.9925 8.9925 8.9925 8.9925 8.9684 10.1115 10.1115 10.7729 9.5825 
v = 30.5701 24.7566 24.7566 24.7566 24.7566 24.7566 24.7566 24.7566 21.9535 21.9535 21.9535 21.9535 21.9535 21.9535 21.9535 19.1152 19.1152 19.1152 19.1152 19.1152 19.1152 19.1152 16.6233 88.2477 88.2477 80.0513 19.9286 
