ExternalI = 5.5000 0.0000 0.0000 0.0000 0.0000 0.0000 0.0000 0.0000 4.0000 4.0000 4.0000 4.0000 4.0000 4.0000 4.0000 0.0000 0.0000 0.0000 0.0000 0.0000 0.0000 0.0000 0.0000 8.0000 8.0000 0.0000 0.0000 
before u = 9.0890 9.0432 9.0432 9.0432 9.0432 9.0432 9.0432 9.0432 9.0188 9.0188 9.0188 9.0188 9.0188 9.0188 9.0188 8.9925 8.9925 8.9925 8.9925 8.9925 8.9925 8.9925 8.9684 10.1115 10.1115 10.7729 9.5825 
before v = 30.5701 24.7566 24.7566 24.7566 24.7566 24.7566 24.7566 24.7566 21.9535 21.9535 21.9535 21.9535 21.9535 21.9535 21.9535 19.1152 19.1152 19.1152 19.1152 19.1152 19.1152 19.1152 16.6233 88.2477 88.2477 80.0513 19.9286 
Ibias = 9.4000 9.4000 9.4000 9.4000 9.4000 9.4000 9.4000 9.4000 2.0000 2.0000 2.0000 2.0000 2.0000 2.0000 2.0000 2.0000 2.0000 2.0000 2.0000 2.0000 2.0000 2.0000 -2.0000 16.0000 16.0000 10.0000 -11.0000 
fa1 = 1.4819 0.6025 0.6025 0.6025 0.6025 0.6025 0.6025 0.6025 0.3990 0.3990 0.3990 0.3990 0.3990 0.3990 0.3990 0.2775 0.2775 0.2775 0.2775 0.2775 0.2775 0.2775 0.2150 121.0979 121.0979 75.4018 1.2631 
fa2 = 1.4790 0.6008 0.6008 0.6008 0.6008 0.6008 0.6008 0.6008 0.3979 0.3979 0.3979 0.3979 0.3979 0.3979 0.3979 0.2768 0.2768 0.2768 0.2768 0.2768 0.2768 0.2768 0.2146 123.5699 123.5699 76.6904 1.2548 
fa3 = 1.4790 0.6008 0.6008 0.6008 0.6008 0.6008 0.6008 0.6008 0.3979 0.3979 0.3979 0.3979 0.3979 0.3979 0.3979 0.2768 0.2768 0.2768 0.2768 0.2768 0.2768 0.2768 0.2147 123.6207 123.6207 76.7125 1.2549 
fa4 = 1.4761 0.5990 0.5990 0.5990 0.5990 0.5990 0.5990 0.5990 0.3968 0.3968 0.3968 0.3968 0.3968 0.3968 0.3968 0.2762 0.2762 0.2762 0.2762 0.2762 0.2762 0.2762 0.2143 126.1762 126.1762 78.0357 1.2466 
fb1 = -0.2413 -0.2627 -0.2627 -0.2627 -0.2627 -0.2627 -0.2627 -0.2627 -0.2729 -0.2729 -0.2729 -0.2729 -0.2729 -0.2729 -0.2729 -0.2832 -0.2832 -0.2832 -0.2832 -0.2832 -0.2832 -0.2832 -0.2922 0.1508 0.1508 0.1047 -0.1119 
fb2 = -0.2412 -0.2626 -0.2626 -0.2626 -0.2626 -0.2626 -0.2626 -0.2626 -0.2729 -0.2729 -0.2729 -0.2729 -0.2729 -0.2729 -0.2729 -0.2832 -0.2832 -0.2832 -0.2832 -0.2832 -0.2832 -0.2832 -0.2922 0.1532 0.1532 0.1062 -0.1119 
fb3 = -0.2412 -0.2626 -0.2626 -0.2626 -0.2626 -0.2626 -0.2626 -0.2626 -0.2729 -0.2729 -0.2729 -0.2729 -0.2729 -0.2729 -0.2729 -0.2832 -0.2832 -0.2832 -0.2832 -0.2832 -0.2832 -0.2832 -0.2922 0.1532 0.1532 0.1063 -0.1119 
fb4 = -0.2411 -0.2626 -0.2626 -0.2626 -0.2626 -0.2626 -0.2626 -0.2626 -0.2728 -0.2728 -0.2728 -0.2728 -0.2728 -0.2728 -0.2728 -0.2831 -0.2831 -0.2831 -0.2831 -0.2831 -0.2831 -0.2831 -0.2921 0.1557 0.1557 0.1078 -0.1119 
I = 14.9000 9.4000 9.4000 9.4000 9.4000 9.4000 9.4000 9.4000 6.0000 6.0000 6.0000 6.0000 6.0000 6.0000 6.0000 2.0000 2.0000 2.0000 2.0000 2.0000 2.0000 2.0000 -2.0000 24.4461 24.4461 10.0000 -5.2546 
S1 = 0.0000 0.0000 0.0000 0.0000 0.0000 0.0000 0.0000 0.0000 0.0000 0.0000 0.0000 0.0000 0.0000 0.0000 0.0000 0.0000 0.0000 0.0000 0.0000 0.0000 0.0000 0.0000 0.0000 0.0000 0.0000 0.0000 0.0000 
S2 = 0.0000 0.0000 0.0000 0.0000 0.0000 0.0000 0.0000 0.0000 0.0000 0.0000 0.0000 0.0000 0.0000 0.0000 0.0000 0.0000 0.0000 0.0000 0.0000 0.0000 0.0000 0.0000 0.0000 0.4461 0.4461 0.0000 5.7454 
u = 9.0866 9.0406 9.0406 9.0406 9.0406 9.0406 9.0406 9.0406 9.0160 9.0160 9.0160 9.0160 9.0160 9.0160 9.0160 8.9897 8.9897 8.9897 8.9897 8.9897 8.9897 8.9897 8.9655 10.1131 10.1131 10.7739 9.5813 
v = 30.5849 24.7626 24.7626 24.7626 24.7626 24.7626 24.7626 24.7626 21.9575 21.9575 21.9575 21.9575 21.9575 21.9575 21.9575 19.1180 19.1180 19.1180 19.1180 19.1180 19.1180 19.1180 16.6255 89.4838 89.4838 80.8184 19.9412 
