ExternalI = 5.5000 0.0000 0.0000 0.0000 0.0000 0.0000 0.0000 0.0000 4.0000 4.0000 4.0000 4.0000 4.0000 4.0000 4.0000 0.0000 0.0000 0.0000 0.0000 0.0000 0.0000 0.0000 0.0000 8.0000 8.0000 0.0000 0.0000 
before u = 9.0866 9.0406 9.0406 9.0406 9.0406 9.0406 9.0406 9.0406 9.0160 9.0160 9.0160 9.0160 9.0160 9.0160 9.0160 8.9897 8.9897 8.9897 8.9897 8.9897 8.9897 8.9897 8.9655 10.1131 10.1131 10.7739 9.5813 
before v = 30.5849 24.7626 24.7626 24.7626 24.7626 24.7626 24.7626 24.7626 21.9575 21.9575 21.9575 21.9575 21.9575 21.9575 21.9575 19.1180 19.1180 19.1180 19.1180 19.1180 19.1180 19.1180 16.6255 89.4838 89.4838 80.8184 19.9412 
Ibias = 9.4000 9.4000 9.4000 9.4000 9.4000 9.4000 9.4000 9.4000 2.0000 2.0000 2.0000 2.0000 2.0000 2.0000 2.0000 2.0000 2.0000 2.0000 2.0000 2.0000 2.0000 2.0000 -2.0000 16.0000 16.0000 10.0000 -11.0000 
fa1 = 1.4761 0.5990 0.5990 0.5990 0.5990 0.5990 0.5990 0.5990 0.3968 0.3968 0.3968 0.3968 0.3968 0.3968 0.3968 0.2762 0.2762 0.2762 0.2762 0.2762 0.2762 0.2762 0.2143 126.1749 126.1749 78.0355 1.2351 
fa2 = 1.4733 0.5973 0.5973 0.5973 0.5973 0.5973 0.5973 0.5973 0.3957 0.3957 0.3957 0.3957 0.3957 0.3957 0.3957 0.2756 0.2756 0.2756 0.2756 0.2756 0.2756 0.2756 0.2140 128.8136 128.8136 79.3932 1.2270 
fa3 = 1.4733 0.5973 0.5973 0.5973 0.5973 0.5973 0.5973 0.5973 0.3957 0.3957 0.3957 0.3957 0.3957 0.3957 0.3957 0.2756 0.2756 0.2756 0.2756 0.2756 0.2756 0.2756 0.2140 128.8692 128.8692 79.4169 1.2271 
fa4 = 1.4704 0.5956 0.5956 0.5956 0.5956 0.5956 0.5956 0.5956 0.3946 0.3946 0.3946 0.3946 0.3946 0.3946 0.3946 0.2750 0.2750 0.2750 0.2750 0.2750 0.2750 0.2750 0.2137 131.5990 131.5990 80.8118 1.2190 
fb1 = -0.2411 -0.2626 -0.2626 -0.2626 -0.2626 -0.2626 -0.2626 -0.2626 -0.2728 -0.2728 -0.2728 -0.2728 -0.2728 -0.2728 -0.2728 -0.2831 -0.2831 -0.2831 -0.2831 -0.2831 -0.2831 -0.2831 -0.2921 0.1557 0.1557 0.1078 -0.1119 
fb2 = -0.2410 -0.2625 -0.2625 -0.2625 -0.2625 -0.2625 -0.2625 -0.2625 -0.2727 -0.2727 -0.2727 -0.2727 -0.2727 -0.2727 -0.2727 -0.2831 -0.2831 -0.2831 -0.2831 -0.2831 -0.2831 -0.2831 -0.2921 0.1582 0.1582 0.1093 -0.1118 
fb3 = -0.2410 -0.2625 -0.2625 -0.2625 -0.2625 -0.2625 -0.2625 -0.2625 -0.2727 -0.2727 -0.2727 -0.2727 -0.2727 -0.2727 -0.2727 -0.2831 -0.2831 -0.2831 -0.2831 -0.2831 -0.2831 -0.2831 -0.2921 0.1582 0.1582 0.1094 -0.1118 
fb4 = -0.2410 -0.2624 -0.2624 -0.2624 -0.2624 -0.2624 -0.2624 -0.2624 -0.2727 -0.2727 -0.2727 -0.2727 -0.2727 -0.2727 -0.2727 -0.2830 -0.2830 -0.2830 -0.2830 -0.2830 -0.2830 -0.2830 -0.2920 0.1608 0.1608 0.1109 -0.1118 
I = 14.9000 9.4000 9.4000 9.4000 9.4000 9.4000 9.4000 9.4000 6.0000 6.0000 6.0000 6.0000 6.0000 6.0000 6.0000 2.0000 2.0000 2.0000 2.0000 2.0000 2.0000 2.0000 -2.0000 24.4452 24.4452 10.0000 -5.2661 
S1 = 0.0000 0.0000 0.0000 0.0000 0.0000 0.0000 0.0000 0.0000 0.0000 0.0000 0.0000 0.0000 0.0000 0.0000 0.0000 0.0000 0.0000 0.0000 0.0000 0.0000 0.0000 0.0000 0.0000 0.0000 0.0000 0.0000 0.0000 
S2 = 0.0000 0.0000 0.0000 0.0000 0.0000 0.0000 0.0000 0.0000 0.0000 0.0000 0.0000 0.0000 0.0000 0.0000 0.0000 0.0000 0.0000 0.0000 0.0000 0.0000 0.0000 0.0000 0.0000 0.4452 0.4452 0.0000 5.7339 
u = 9.0842 9.0380 9.0380 9.0380 9.0380 9.0380 9.0380 9.0380 9.0133 9.0133 9.0133 9.0133 9.0133 9.0133 9.0133 8.9869 8.9869 8.9869 8.9869 8.9869 8.9869 8.9869 8.9626 10.1147 10.1147 10.7750 9.5802 
v = 30.5997 24.7686 24.7686 24.7686 24.7686 24.7686 24.7686 24.7686 21.9614 21.9614 21.9614 21.9614 21.9614 21.9614 21.9614 19.1208 19.1208 19.1208 19.1208 19.1208 19.1208 19.1208 16.6276 90.7724 90.7724 81.6125 19.9534 
