ExternalI = 5.5000 0.0000 0.0000 0.0000 0.0000 0.0000 0.0000 0.0000 4.0000 4.0000 4.0000 4.0000 4.0000 4.0000 4.0000 0.0000 0.0000 0.0000 0.0000 0.0000 0.0000 0.0000 0.0000 8.0000 8.0000 0.0000 0.0000 
before u = 9.0842 9.0380 9.0380 9.0380 9.0380 9.0380 9.0380 9.0380 9.0133 9.0133 9.0133 9.0133 9.0133 9.0133 9.0133 8.9869 8.9869 8.9869 8.9869 8.9869 8.9869 8.9869 8.9626 10.1147 10.1147 10.7750 9.5802 
before v = 30.5997 24.7686 24.7686 24.7686 24.7686 24.7686 24.7686 24.7686 21.9614 21.9614 21.9614 21.9614 21.9614 21.9614 21.9614 19.1208 19.1208 19.1208 19.1208 19.1208 19.1208 19.1208 16.6276 90.7724 90.7724 81.6125 19.9534 
Ibias = 9.4000 9.4000 9.4000 9.4000 9.4000 9.4000 9.4000 9.4000 2.0000 2.0000 2.0000 2.0000 2.0000 2.0000 2.0000 2.0000 2.0000 2.0000 2.0000 2.0000 2.0000 2.0000 -2.0000 16.0000 16.0000 10.0000 -11.0000 
fa1 = 1.4704 0.5956 0.5956 0.5956 0.5956 0.5956 0.5956 0.5956 0.3946 0.3946 0.3946 0.3946 0.3946 0.3946 0.3946 0.2750 0.2750 0.2750 0.2750 0.2750 0.2750 0.2750 0.2137 131.5976 131.5976 80.8116 1.2075 
fa2 = 1.4676 0.5939 0.5939 0.5939 0.5939 0.5939 0.5939 0.5939 0.3935 0.3935 0.3935 0.3935 0.3935 0.3935 0.3935 0.2744 0.2744 0.2744 0.2744 0.2744 0.2744 0.2744 0.2133 134.4183 134.4183 82.2435 1.1996 
fa3 = 1.4676 0.5939 0.5939 0.5939 0.5939 0.5939 0.5939 0.5939 0.3935 0.3935 0.3935 0.3935 0.3935 0.3935 0.3935 0.2744 0.2744 0.2744 0.2744 0.2744 0.2744 0.2744 0.2133 134.4791 134.4791 82.2690 1.1997 
fa4 = 1.4647 0.5922 0.5922 0.5922 0.5922 0.5922 0.5922 0.5922 0.3924 0.3924 0.3924 0.3924 0.3924 0.3924 0.3924 0.2738 0.2738 0.2738 0.2738 0.2738 0.2738 0.2738 0.2130 137.3995 137.3995 83.7408 1.1918 
fb1 = -0.2410 -0.2624 -0.2624 -0.2624 -0.2624 -0.2624 -0.2624 -0.2624 -0.2727 -0.2727 -0.2727 -0.2727 -0.2727 -0.2727 -0.2727 -0.2830 -0.2830 -0.2830 -0.2830 -0.2830 -0.2830 -0.2830 -0.2920 0.1608 0.1608 0.1109 -0.1118 
fb2 = -0.2409 -0.2624 -0.2624 -0.2624 -0.2624 -0.2624 -0.2624 -0.2624 -0.2726 -0.2726 -0.2726 -0.2726 -0.2726 -0.2726 -0.2726 -0.2829 -0.2829 -0.2829 -0.2829 -0.2829 -0.2829 -0.2829 -0.2919 0.1634 0.1634 0.1126 -0.1118 
fb3 = -0.2409 -0.2624 -0.2624 -0.2624 -0.2624 -0.2624 -0.2624 -0.2624 -0.2726 -0.2726 -0.2726 -0.2726 -0.2726 -0.2726 -0.2726 -0.2829 -0.2829 -0.2829 -0.2829 -0.2829 -0.2829 -0.2829 -0.2919 0.1635 0.1635 0.1126 -0.1118 
fb4 = -0.2408 -0.2623 -0.2623 -0.2623 -0.2623 -0.2623 -0.2623 -0.2623 -0.2726 -0.2726 -0.2726 -0.2726 -0.2726 -0.2726 -0.2726 -0.2829 -0.2829 -0.2829 -0.2829 -0.2829 -0.2829 -0.2829 -0.2919 0.1661 0.1661 0.1142 -0.1117 
I = 14.9000 9.4000 9.4000 9.4000 9.4000 9.4000 9.4000 9.4000 6.0000 6.0000 6.0000 6.0000 6.0000 6.0000 6.0000 2.0000 2.0000 2.0000 2.0000 2.0000 2.0000 2.0000 -2.0000 24.4443 24.4443 10.0000 -5.2775 
S1 = 0.0000 0.0000 0.0000 0.0000 0.0000 0.0000 0.0000 0.0000 0.0000 0.0000 0.0000 0.0000 0.0000 0.0000 0.0000 0.0000 0.0000 0.0000 0.0000 0.0000 0.0000 0.0000 0.0000 0.0000 0.0000 0.0000 0.0000 
S2 = 0.0000 0.0000 0.0000 0.0000 0.0000 0.0000 0.0000 0.0000 0.0000 0.0000 0.0000 0.0000 0.0000 0.0000 0.0000 0.0000 0.0000 0.0000 0.0000 0.0000 0.0000 0.0000 0.0000 0.4443 0.4443 0.0000 5.7225 
u = 9.0818 9.0354 9.0354 9.0354 9.0354 9.0354 9.0354 9.0354 9.0106 9.0106 9.0106 9.0106 9.0106 9.0106 9.0106 8.9840 8.9840 8.9840 8.9840 8.9840 8.9840 8.9840 8.9597 10.1163 10.1163 10.7761 9.5791 
v = 30.6143 24.7745 24.7745 24.7745 24.7745 24.7745 24.7745 24.7745 21.9654 21.9654 21.9654 21.9654 21.9654 21.9654 21.9654 19.1235 19.1235 19.1235 19.1235 19.1235 19.1235 19.1235 16.6297 92.1171 92.1171 82.4352 19.9654 
