ExternalI = 5.5000 0.0000 0.0000 0.0000 0.0000 0.0000 0.0000 0.0000 4.0000 4.0000 4.0000 4.0000 4.0000 4.0000 4.0000 0.0000 0.0000 0.0000 0.0000 0.0000 0.0000 0.0000 0.0000 8.0000 8.0000 0.0000 0.0000 
before u = 9.0818 9.0354 9.0354 9.0354 9.0354 9.0354 9.0354 9.0354 9.0106 9.0106 9.0106 9.0106 9.0106 9.0106 9.0106 8.9840 8.9840 8.9840 8.9840 8.9840 8.9840 8.9840 8.9597 10.1163 10.1163 10.7761 9.5791 
before v = 30.6143 24.7745 24.7745 24.7745 24.7745 24.7745 24.7745 24.7745 21.9654 21.9654 21.9654 21.9654 21.9654 21.9654 21.9654 19.1235 19.1235 19.1235 19.1235 19.1235 19.1235 19.1235 16.6297 92.1171 92.1171 82.4352 19.9654 
Ibias = 9.4000 9.4000 9.4000 9.4000 9.4000 9.4000 9.4000 9.4000 2.0000 2.0000 2.0000 2.0000 2.0000 2.0000 2.0000 2.0000 2.0000 2.0000 2.0000 2.0000 2.0000 2.0000 -2.0000 16.0000 16.0000 10.0000 -11.0000 
fa1 = 1.4647 0.5922 0.5922 0.5922 0.5922 0.5922 0.5922 0.5922 0.3924 0.3924 0.3924 0.3924 0.3924 0.3924 0.3924 0.2738 0.2738 0.2738 0.2738 0.2738 0.2738 0.2738 0.2130 137.3980 137.3980 83.7406 1.1804 
fa2 = 1.4619 0.5905 0.5905 0.5905 0.5905 0.5905 0.5905 0.5905 0.3914 0.3914 0.3914 0.3914 0.3914 0.3914 0.3914 0.2732 0.2732 0.2732 0.2732 0.2732 0.2732 0.2732 0.2127 140.4178 140.4178 85.2522 1.1726 
fa3 = 1.4619 0.5905 0.5905 0.5905 0.5905 0.5905 0.5905 0.5905 0.3914 0.3914 0.3914 0.3914 0.3914 0.3914 0.3914 0.2732 0.2732 0.2732 0.2732 0.2732 0.2732 0.2732 0.2127 140.4846 140.4846 85.2796 1.1727 
fa4 = 1.4591 0.5888 0.5888 0.5888 0.5888 0.5888 0.5888 0.5888 0.3903 0.3903 0.3903 0.3903 0.3903 0.3903 0.3903 0.2726 0.2726 0.2726 0.2726 0.2726 0.2726 0.2726 0.2124 143.6135 143.6135 86.8342 1.1650 
fb1 = -0.2408 -0.2623 -0.2623 -0.2623 -0.2623 -0.2623 -0.2623 -0.2623 -0.2726 -0.2726 -0.2726 -0.2726 -0.2726 -0.2726 -0.2726 -0.2829 -0.2829 -0.2829 -0.2829 -0.2829 -0.2829 -0.2829 -0.2919 0.1661 0.1661 0.1142 -0.1117 
fb2 = -0.2407 -0.2623 -0.2623 -0.2623 -0.2623 -0.2623 -0.2623 -0.2623 -0.2725 -0.2725 -0.2725 -0.2725 -0.2725 -0.2725 -0.2725 -0.2828 -0.2828 -0.2828 -0.2828 -0.2828 -0.2828 -0.2828 -0.2918 0.1689 0.1689 0.1159 -0.1117 
fb3 = -0.2407 -0.2623 -0.2623 -0.2623 -0.2623 -0.2623 -0.2623 -0.2623 -0.2725 -0.2725 -0.2725 -0.2725 -0.2725 -0.2725 -0.2725 -0.2828 -0.2828 -0.2828 -0.2828 -0.2828 -0.2828 -0.2828 -0.2918 0.1689 0.1689 0.1159 -0.1117 
fb4 = -0.2407 -0.2622 -0.2622 -0.2622 -0.2622 -0.2622 -0.2622 -0.2622 -0.2724 -0.2724 -0.2724 -0.2724 -0.2724 -0.2724 -0.2724 -0.2827 -0.2827 -0.2827 -0.2827 -0.2827 -0.2827 -0.2827 -0.2917 0.1717 0.1717 0.1176 -0.1117 
I = 14.9000 9.4000 9.4000 9.4000 9.4000 9.4000 9.4000 9.4000 6.0000 6.0000 6.0000 6.0000 6.0000 6.0000 6.0000 2.0000 2.0000 2.0000 2.0000 2.0000 2.0000 2.0000 -2.0000 24.4434 24.4434 10.0000 -5.2890 
S1 = 0.0000 0.0000 0.0000 0.0000 0.0000 0.0000 0.0000 0.0000 0.0000 0.0000 0.0000 0.0000 0.0000 0.0000 0.0000 0.0000 0.0000 0.0000 0.0000 0.0000 0.0000 0.0000 0.0000 0.0000 0.0000 0.0000 0.0000 
S2 = 0.0000 0.0000 0.0000 0.0000 0.0000 0.0000 0.0000 0.0000 0.0000 0.0000 0.0000 0.0000 0.0000 0.0000 0.0000 0.0000 0.0000 0.0000 0.0000 0.0000 0.0000 0.0000 0.0000 0.4434 0.4434 0.0000 5.7110 
u = 9.0794 9.0327 9.0327 9.0327 9.0327 9.0327 9.0327 9.0327 9.0078 9.0078 9.0078 9.0078 9.0078 9.0078 9.0078 8.9812 8.9812 8.9812 8.9812 8.9812 8.9812 8.9812 8.9568 10.1180 10.1180 10.7773 9.5780 
v = 30.6290 24.7804 24.7804 24.7804 24.7804 24.7804 24.7804 24.7804 21.9693 21.9693 21.9693 21.9693 21.9693 21.9693 21.9693 19.1262 19.1262 19.1262 19.1262 19.1262 19.1262 19.1262 16.6319 93.5217 93.5217 83.2879 19.9772 
