ExternalI = 5.5000 0.0000 0.0000 0.0000 0.0000 0.0000 0.0000 0.0000 4.0000 4.0000 4.0000 4.0000 4.0000 4.0000 4.0000 0.0000 0.0000 0.0000 0.0000 0.0000 0.0000 0.0000 0.0000 8.0000 8.0000 0.0000 0.0000 
before u = 9.0794 9.0327 9.0327 9.0327 9.0327 9.0327 9.0327 9.0327 9.0078 9.0078 9.0078 9.0078 9.0078 9.0078 9.0078 8.9812 8.9812 8.9812 8.9812 8.9812 8.9812 8.9812 8.9568 10.1180 10.1180 10.7773 9.5780 
before v = 30.6290 24.7804 24.7804 24.7804 24.7804 24.7804 24.7804 24.7804 21.9693 21.9693 21.9693 21.9693 21.9693 21.9693 21.9693 19.1262 19.1262 19.1262 19.1262 19.1262 19.1262 19.1262 16.6319 93.5217 93.5217 83.2879 19.9772 
Ibias = 9.4000 9.4000 9.4000 9.4000 9.4000 9.4000 9.4000 9.4000 2.0000 2.0000 2.0000 2.0000 2.0000 2.0000 2.0000 2.0000 2.0000 2.0000 2.0000 2.0000 2.0000 2.0000 -2.0000 16.0000 16.0000 10.0000 -11.0000 
fa1 = 1.4591 0.5888 0.5888 0.5888 0.5888 0.5888 0.5888 0.5888 0.3903 0.3903 0.3903 0.3903 0.3903 0.3903 0.3903 0.2726 0.2726 0.2726 0.2726 0.2726 0.2726 0.2726 0.2124 143.6120 143.6120 86.8339 1.1536 
fa2 = 1.4563 0.5871 0.5871 0.5871 0.5871 0.5871 0.5871 0.5871 0.3892 0.3892 0.3892 0.3892 0.3892 0.3892 0.3892 0.2720 0.2720 0.2720 0.2720 0.2720 0.2720 0.2720 0.2121 146.8499 146.8499 88.4313 1.1461 
fa3 = 1.4563 0.5871 0.5871 0.5871 0.5871 0.5871 0.5871 0.5871 0.3892 0.3892 0.3892 0.3892 0.3892 0.3892 0.3892 0.2720 0.2720 0.2720 0.2720 0.2720 0.2720 0.2720 0.2121 146.9234 146.9234 88.4608 1.1461 
fa4 = 1.4535 0.5854 0.5854 0.5854 0.5854 0.5854 0.5854 0.5854 0.3882 0.3882 0.3882 0.3882 0.3882 0.3882 0.3882 0.2714 0.2714 0.2714 0.2714 0.2714 0.2714 0.2714 0.2118 150.2813 150.2813 90.1044 1.1387 
fb1 = -0.2407 -0.2622 -0.2622 -0.2622 -0.2622 -0.2622 -0.2622 -0.2622 -0.2724 -0.2724 -0.2724 -0.2724 -0.2724 -0.2724 -0.2724 -0.2827 -0.2827 -0.2827 -0.2827 -0.2827 -0.2827 -0.2827 -0.2917 0.1717 0.1717 0.1176 -0.1117 
fb2 = -0.2406 -0.2621 -0.2621 -0.2621 -0.2621 -0.2621 -0.2621 -0.2621 -0.2724 -0.2724 -0.2724 -0.2724 -0.2724 -0.2724 -0.2724 -0.2827 -0.2827 -0.2827 -0.2827 -0.2827 -0.2827 -0.2827 -0.2917 0.1746 0.1746 0.1193 -0.1116 
fb3 = -0.2406 -0.2621 -0.2621 -0.2621 -0.2621 -0.2621 -0.2621 -0.2621 -0.2724 -0.2724 -0.2724 -0.2724 -0.2724 -0.2724 -0.2724 -0.2827 -0.2827 -0.2827 -0.2827 -0.2827 -0.2827 -0.2827 -0.2917 0.1746 0.1746 0.1194 -0.1116 
fb4 = -0.2405 -0.2621 -0.2621 -0.2621 -0.2621 -0.2621 -0.2621 -0.2621 -0.2723 -0.2723 -0.2723 -0.2723 -0.2723 -0.2723 -0.2723 -0.2826 -0.2826 -0.2826 -0.2826 -0.2826 -0.2826 -0.2826 -0.2916 0.1776 0.1776 0.1211 -0.1116 
I = 14.9000 9.4000 9.4000 9.4000 9.4000 9.4000 9.4000 9.4000 6.0000 6.0000 6.0000 6.0000 6.0000 6.0000 6.0000 2.0000 2.0000 2.0000 2.0000 2.0000 2.0000 2.0000 -2.0000 24.4425 24.4425 10.0000 -5.3004 
S1 = 0.0000 0.0000 0.0000 0.0000 0.0000 0.0000 0.0000 0.0000 0.0000 0.0000 0.0000 0.0000 0.0000 0.0000 0.0000 0.0000 0.0000 0.0000 0.0000 0.0000 0.0000 0.0000 0.0000 0.0000 0.0000 0.0000 0.0000 
S2 = 0.0000 0.0000 0.0000 0.0000 0.0000 0.0000 0.0000 0.0000 0.0000 0.0000 0.0000 0.0000 0.0000 0.0000 0.0000 0.0000 0.0000 0.0000 0.0000 0.0000 0.0000 0.0000 0.0000 0.4425 0.4425 0.0000 5.6996 
u = 9.0770 9.0301 9.0301 9.0301 9.0301 9.0301 9.0301 9.0301 9.0051 9.0051 9.0051 9.0051 9.0051 9.0051 9.0051 8.9784 8.9784 8.9784 8.9784 8.9784 8.9784 8.9784 8.9538 10.1197 10.1197 10.7785 9.5769 
v = 30.6435 24.7863 24.7863 24.7863 24.7863 24.7863 24.7863 24.7863 21.9732 21.9732 21.9732 21.9732 21.9732 21.9732 21.9732 19.1290 19.1290 19.1290 19.1290 19.1290 19.1290 19.1290 16.6340 94.9908 94.9908 84.1724 19.9886 
