ExternalI = 5.5000 0.0000 0.0000 0.0000 0.0000 0.0000 0.0000 0.0000 4.0000 4.0000 4.0000 4.0000 4.0000 4.0000 4.0000 0.0000 0.0000 0.0000 0.0000 0.0000 0.0000 0.0000 0.0000 8.0000 8.0000 0.0000 0.0000 
before u = 9.0770 9.0301 9.0301 9.0301 9.0301 9.0301 9.0301 9.0301 9.0051 9.0051 9.0051 9.0051 9.0051 9.0051 9.0051 8.9784 8.9784 8.9784 8.9784 8.9784 8.9784 8.9784 8.9538 10.1197 10.1197 10.7785 9.5769 
before v = 30.6435 24.7863 24.7863 24.7863 24.7863 24.7863 24.7863 24.7863 21.9732 21.9732 21.9732 21.9732 21.9732 21.9732 21.9732 19.1290 19.1290 19.1290 19.1290 19.1290 19.1290 19.1290 16.6340 94.9908 94.9908 84.1724 19.9886 
Ibias = 9.4000 9.4000 9.4000 9.4000 9.4000 9.4000 9.4000 9.4000 2.0000 2.0000 2.0000 2.0000 2.0000 2.0000 2.0000 2.0000 2.0000 2.0000 2.0000 2.0000 2.0000 2.0000 -2.0000 16.0000 16.0000 10.0000 -11.0000 
fa1 = 1.4535 0.5854 0.5854 0.5854 0.5854 0.5854 0.5854 0.5854 0.3882 0.3882 0.3882 0.3882 0.3882 0.3882 0.3882 0.2714 0.2714 0.2714 0.2714 0.2714 0.2714 0.2714 0.2118 150.2796 150.2796 90.1041 1.1273 
fa2 = 1.4507 0.5838 0.5838 0.5838 0.5838 0.5838 0.5838 0.5838 0.3871 0.3871 0.3871 0.3871 0.3871 0.3871 0.3871 0.2708 0.2708 0.2708 0.2708 0.2708 0.2708 0.2708 0.2115 153.7572 153.7572 91.7938 1.1199 
fa3 = 1.4507 0.5838 0.5838 0.5838 0.5838 0.5838 0.5838 0.5838 0.3871 0.3871 0.3871 0.3871 0.3871 0.3871 0.3871 0.2708 0.2708 0.2708 0.2708 0.2708 0.2708 0.2708 0.2115 153.8382 153.8382 91.8256 1.1200 
fa4 = 1.4480 0.5821 0.5821 0.5821 0.5821 0.5821 0.5821 0.5821 0.3861 0.3861 0.3861 0.3861 0.3861 0.3861 0.3861 0.2703 0.2703 0.2703 0.2703 0.2703 0.2703 0.2703 0.2112 157.4479 157.4479 93.5652 1.1127 
fb1 = -0.2405 -0.2621 -0.2621 -0.2621 -0.2621 -0.2621 -0.2621 -0.2621 -0.2723 -0.2723 -0.2723 -0.2723 -0.2723 -0.2723 -0.2723 -0.2826 -0.2826 -0.2826 -0.2826 -0.2826 -0.2826 -0.2826 -0.2916 0.1776 0.1776 0.1211 -0.1116 
fb2 = -0.2404 -0.2620 -0.2620 -0.2620 -0.2620 -0.2620 -0.2620 -0.2620 -0.2722 -0.2722 -0.2722 -0.2722 -0.2722 -0.2722 -0.2722 -0.2826 -0.2826 -0.2826 -0.2826 -0.2826 -0.2826 -0.2826 -0.2916 0.1806 0.1806 0.1229 -0.1115 
fb3 = -0.2404 -0.2620 -0.2620 -0.2620 -0.2620 -0.2620 -0.2620 -0.2620 -0.2722 -0.2722 -0.2722 -0.2722 -0.2722 -0.2722 -0.2722 -0.2826 -0.2826 -0.2826 -0.2826 -0.2826 -0.2826 -0.2826 -0.2916 0.1806 0.1806 0.1229 -0.1115 
fb4 = -0.2403 -0.2619 -0.2619 -0.2619 -0.2619 -0.2619 -0.2619 -0.2619 -0.2722 -0.2722 -0.2722 -0.2722 -0.2722 -0.2722 -0.2722 -0.2825 -0.2825 -0.2825 -0.2825 -0.2825 -0.2825 -0.2825 -0.2915 0.1837 0.1837 0.1248 -0.1115 
I = 14.9000 9.4000 9.4000 9.4000 9.4000 9.4000 9.4000 9.4000 6.0000 6.0000 6.0000 6.0000 6.0000 6.0000 6.0000 2.0000 2.0000 2.0000 2.0000 2.0000 2.0000 2.0000 -2.0000 24.4416 24.4416 10.0000 -5.3118 
S1 = 0.0000 0.0000 0.0000 0.0000 0.0000 0.0000 0.0000 0.0000 0.0000 0.0000 0.0000 0.0000 0.0000 0.0000 0.0000 0.0000 0.0000 0.0000 0.0000 0.0000 0.0000 0.0000 0.0000 0.0000 0.0000 0.0000 0.0000 
S2 = 0.0000 0.0000 0.0000 0.0000 0.0000 0.0000 0.0000 0.0000 0.0000 0.0000 0.0000 0.0000 0.0000 0.0000 0.0000 0.0000 0.0000 0.0000 0.0000 0.0000 0.0000 0.0000 0.0000 0.4416 0.4416 0.0000 5.6882 
u = 9.0745 9.0275 9.0275 9.0275 9.0275 9.0275 9.0275 9.0275 9.0024 9.0024 9.0024 9.0024 9.0024 9.0024 9.0024 8.9755 8.9755 8.9755 8.9755 8.9755 8.9755 8.9755 8.9509 10.1215 10.1215 10.7797 9.5758 
v = 30.6580 24.7921 24.7921 24.7921 24.7921 24.7921 24.7921 24.7921 21.9770 21.9770 21.9770 21.9770 21.9770 21.9770 21.9770 19.1317 19.1317 19.1317 19.1317 19.1317 19.1317 19.1317 16.6361 96.5290 96.5290 85.0906 19.9998 
