ExternalI = 5.5000 0.0000 0.0000 0.0000 0.0000 0.0000 0.0000 0.0000 4.0000 4.0000 4.0000 4.0000 4.0000 4.0000 4.0000 0.0000 0.0000 0.0000 0.0000 0.0000 0.0000 0.0000 0.0000 8.0000 8.0000 0.0000 0.0000 
before u = 9.0745 9.0275 9.0275 9.0275 9.0275 9.0275 9.0275 9.0275 9.0024 9.0024 9.0024 9.0024 9.0024 9.0024 9.0024 8.9755 8.9755 8.9755 8.9755 8.9755 8.9755 8.9755 8.9509 10.1215 10.1215 10.7797 9.5758 
before v = 30.6580 24.7921 24.7921 24.7921 24.7921 24.7921 24.7921 24.7921 21.9770 21.9770 21.9770 21.9770 21.9770 21.9770 21.9770 19.1317 19.1317 19.1317 19.1317 19.1317 19.1317 19.1317 16.6361 96.5290 96.5290 85.0906 19.9998 
Ibias = 9.4000 9.4000 9.4000 9.4000 9.4000 9.4000 9.4000 9.4000 2.0000 2.0000 2.0000 2.0000 2.0000 2.0000 2.0000 2.0000 2.0000 2.0000 2.0000 2.0000 2.0000 2.0000 -2.0000 16.0000 16.0000 10.0000 -11.0000 
fa1 = 1.4480 0.5821 0.5821 0.5821 0.5821 0.5821 0.5821 0.5821 0.3861 0.3861 0.3861 0.3861 0.3861 0.3861 0.3861 0.2703 0.2703 0.2703 0.2703 0.2703 0.2703 0.2703 0.2112 157.4462 157.4462 93.5649 1.1013 
fa2 = 1.4452 0.5805 0.5805 0.5805 0.5805 0.5805 0.5805 0.5805 0.3851 0.3851 0.3851 0.3851 0.3851 0.3851 0.3851 0.2697 0.2697 0.2697 0.2697 0.2697 0.2697 0.2697 0.2108 161.1876 161.1876 95.3542 1.0942 
fa3 = 1.4452 0.5805 0.5805 0.5805 0.5805 0.5805 0.5805 0.5805 0.3851 0.3851 0.3851 0.3851 0.3851 0.3851 0.3851 0.2697 0.2697 0.2697 0.2697 0.2697 0.2697 0.2697 0.2109 161.2771 161.2771 95.3886 1.0942 
fa4 = 1.4425 0.5788 0.5788 0.5788 0.5788 0.5788 0.5788 0.5788 0.3840 0.3840 0.3840 0.3840 0.3840 0.3840 0.3840 0.2691 0.2691 0.2691 0.2691 0.2691 0.2691 0.2691 0.2105 165.1644 165.1644 97.2317 1.0871 
fb1 = -0.2403 -0.2619 -0.2619 -0.2619 -0.2619 -0.2619 -0.2619 -0.2619 -0.2722 -0.2722 -0.2722 -0.2722 -0.2722 -0.2722 -0.2722 -0.2825 -0.2825 -0.2825 -0.2825 -0.2825 -0.2825 -0.2825 -0.2915 0.1837 0.1837 0.1248 -0.1115 
fb2 = -0.2403 -0.2619 -0.2619 -0.2619 -0.2619 -0.2619 -0.2619 -0.2619 -0.2721 -0.2721 -0.2721 -0.2721 -0.2721 -0.2721 -0.2721 -0.2824 -0.2824 -0.2824 -0.2824 -0.2824 -0.2824 -0.2824 -0.2914 0.1868 0.1868 0.1266 -0.1115 
fb3 = -0.2403 -0.2619 -0.2619 -0.2619 -0.2619 -0.2619 -0.2619 -0.2619 -0.2721 -0.2721 -0.2721 -0.2721 -0.2721 -0.2721 -0.2721 -0.2824 -0.2824 -0.2824 -0.2824 -0.2824 -0.2824 -0.2824 -0.2914 0.1869 0.1869 0.1267 -0.1115 
fb4 = -0.2402 -0.2618 -0.2618 -0.2618 -0.2618 -0.2618 -0.2618 -0.2618 -0.2721 -0.2721 -0.2721 -0.2721 -0.2721 -0.2721 -0.2721 -0.2824 -0.2824 -0.2824 -0.2824 -0.2824 -0.2824 -0.2824 -0.2914 0.1901 0.1901 0.1286 -0.1114 
I = 14.9000 9.4000 9.4000 9.4000 9.4000 9.4000 9.4000 9.4000 6.0000 6.0000 6.0000 6.0000 6.0000 6.0000 6.0000 2.0000 2.0000 2.0000 2.0000 2.0000 2.0000 2.0000 -2.0000 24.4408 24.4408 10.0000 -5.3232 
S1 = 0.0000 0.0000 0.0000 0.0000 0.0000 0.0000 0.0000 0.0000 0.0000 0.0000 0.0000 0.0000 0.0000 0.0000 0.0000 0.0000 0.0000 0.0000 0.0000 0.0000 0.0000 0.0000 0.0000 0.0000 0.0000 0.0000 0.0000 
S2 = 0.0000 0.0000 0.0000 0.0000 0.0000 0.0000 0.0000 0.0000 0.0000 0.0000 0.0000 0.0000 0.0000 0.0000 0.0000 0.0000 0.0000 0.0000 0.0000 0.0000 0.0000 0.0000 0.0000 0.4408 0.4408 0.0000 5.6768 
u = 9.0721 9.0249 9.0249 9.0249 9.0249 9.0249 9.0249 9.0249 8.9997 8.9997 8.9997 8.9997 8.9997 8.9997 8.9997 8.9727 8.9727 8.9727 8.9727 8.9727 8.9727 8.9727 8.9480 10.1234 10.1234 10.7810 9.5746 
v = 30.6725 24.7979 24.7979 24.7979 24.7979 24.7979 24.7979 24.7979 21.9809 21.9809 21.9809 21.9809 21.9809 21.9809 21.9809 19.1344 19.1344 19.1344 19.1344 19.1344 19.1344 19.1344 16.6382 98.1416 98.1416 86.0444 20.0108 
