ExternalI = 5.5000 0.0000 0.0000 0.0000 0.0000 0.0000 0.0000 0.0000 4.0000 4.0000 4.0000 4.0000 4.0000 4.0000 4.0000 0.0000 0.0000 0.0000 0.0000 0.0000 0.0000 0.0000 0.0000 8.0000 8.0000 0.0000 0.0000 
before u = 9.0721 9.0249 9.0249 9.0249 9.0249 9.0249 9.0249 9.0249 8.9997 8.9997 8.9997 8.9997 8.9997 8.9997 8.9997 8.9727 8.9727 8.9727 8.9727 8.9727 8.9727 8.9727 8.9480 10.1234 10.1234 10.7810 9.5746 
before v = 30.6725 24.7979 24.7979 24.7979 24.7979 24.7979 24.7979 24.7979 21.9809 21.9809 21.9809 21.9809 21.9809 21.9809 21.9809 19.1344 19.1344 19.1344 19.1344 19.1344 19.1344 19.1344 16.6382 98.1416 98.1416 86.0444 20.0108 
Ibias = 9.4000 9.4000 9.4000 9.4000 9.4000 9.4000 9.4000 9.4000 2.0000 2.0000 2.0000 2.0000 2.0000 2.0000 2.0000 2.0000 2.0000 2.0000 2.0000 2.0000 2.0000 2.0000 -2.0000 16.0000 16.0000 10.0000 -11.0000 
fa1 = 1.4425 0.5788 0.5788 0.5788 0.5788 0.5788 0.5788 0.5788 0.3840 0.3840 0.3840 0.3840 0.3840 0.3840 0.3840 0.2691 0.2691 0.2691 0.2691 0.2691 0.2691 0.2691 0.2105 165.1625 165.1625 97.2314 1.0758 
fa2 = 1.4397 0.5772 0.5772 0.5772 0.5772 0.5772 0.5772 0.5772 0.3830 0.3830 0.3830 0.3830 0.3830 0.3830 0.3830 0.2686 0.2686 0.2686 0.2686 0.2686 0.2686 0.2686 0.2102 169.1951 169.1951 99.1282 1.0688 
fa3 = 1.4397 0.5772 0.5772 0.5772 0.5772 0.5772 0.5772 0.5772 0.3830 0.3830 0.3830 0.3830 0.3830 0.3830 0.3830 0.2686 0.2686 0.2686 0.2686 0.2686 0.2686 0.2686 0.2103 169.2943 169.2943 99.1654 1.0689 
fa4 = 1.4370 0.5756 0.5756 0.5756 0.5756 0.5756 0.5756 0.5756 0.3820 0.3820 0.3820 0.3820 0.3820 0.3820 0.3820 0.2680 0.2680 0.2680 0.2680 0.2680 0.2680 0.2680 0.2100 173.4882 173.4882 101.1206 1.0619 
fb1 = -0.2402 -0.2618 -0.2618 -0.2618 -0.2618 -0.2618 -0.2618 -0.2618 -0.2721 -0.2721 -0.2721 -0.2721 -0.2721 -0.2721 -0.2721 -0.2824 -0.2824 -0.2824 -0.2824 -0.2824 -0.2824 -0.2824 -0.2914 0.1901 0.1901 0.1286 -0.1114 
fb2 = -0.2401 -0.2617 -0.2617 -0.2617 -0.2617 -0.2617 -0.2617 -0.2617 -0.2720 -0.2720 -0.2720 -0.2720 -0.2720 -0.2720 -0.2720 -0.2823 -0.2823 -0.2823 -0.2823 -0.2823 -0.2823 -0.2823 -0.2913 0.1934 0.1934 0.1305 -0.1114 
fb3 = -0.2401 -0.2617 -0.2617 -0.2617 -0.2617 -0.2617 -0.2617 -0.2617 -0.2720 -0.2720 -0.2720 -0.2720 -0.2720 -0.2720 -0.2720 -0.2823 -0.2823 -0.2823 -0.2823 -0.2823 -0.2823 -0.2823 -0.2913 0.1935 0.1935 0.1305 -0.1114 
fb4 = -0.2400 -0.2617 -0.2617 -0.2617 -0.2617 -0.2617 -0.2617 -0.2617 -0.2719 -0.2719 -0.2719 -0.2719 -0.2719 -0.2719 -0.2719 -0.2822 -0.2822 -0.2822 -0.2822 -0.2822 -0.2822 -0.2822 -0.2912 0.1968 0.1968 0.1325 -0.1114 
I = 14.9000 9.4000 9.4000 9.4000 9.4000 9.4000 9.4000 9.4000 6.0000 6.0000 6.0000 6.0000 6.0000 6.0000 6.0000 2.0000 2.0000 2.0000 2.0000 2.0000 2.0000 2.0000 -2.0000 24.4399 24.4399 10.0000 -5.3345 
S1 = 0.0000 0.0000 0.0000 0.0000 0.0000 0.0000 0.0000 0.0000 0.0000 0.0000 0.0000 0.0000 0.0000 0.0000 0.0000 0.0000 0.0000 0.0000 0.0000 0.0000 0.0000 0.0000 0.0000 0.0000 0.0000 0.0000 0.0000 
S2 = 0.0000 0.0000 0.0000 0.0000 0.0000 0.0000 0.0000 0.0000 0.0000 0.0000 0.0000 0.0000 0.0000 0.0000 0.0000 0.0000 0.0000 0.0000 0.0000 0.0000 0.0000 0.0000 0.0000 0.4399 0.4399 0.0000 5.6655 
u = 9.0697 9.0223 9.0223 9.0223 9.0223 9.0223 9.0223 9.0223 8.9970 8.9970 8.9970 8.9970 8.9970 8.9970 8.9970 8.9699 8.9699 8.9699 8.9699 8.9699 8.9699 8.9699 8.9451 10.1253 10.1253 10.7823 9.5735 
v = 30.6869 24.8037 24.8037 24.8037 24.8037 24.8037 24.8037 24.8037 21.9847 21.9847 21.9847 21.9847 21.9847 21.9847 21.9847 19.1371 19.1371 19.1371 19.1371 19.1371 19.1371 19.1371 16.6403 99.8343 99.8343 87.0360 20.0214 
