ExternalI = 5.5000 0.0000 0.0000 0.0000 0.0000 0.0000 0.0000 0.0000 4.0000 4.0000 4.0000 4.0000 4.0000 4.0000 4.0000 0.0000 0.0000 0.0000 0.0000 0.0000 0.0000 0.0000 0.0000 8.0000 8.0000 0.0000 0.0000 
before u = 9.0697 9.0223 9.0223 9.0223 9.0223 9.0223 9.0223 9.0223 8.9970 8.9970 8.9970 8.9970 8.9970 8.9970 8.9970 8.9699 8.9699 8.9699 8.9699 8.9699 8.9699 8.9699 8.9451 10.1253 10.1253 10.7823 9.5735 
before v = 30.6869 24.8037 24.8037 24.8037 24.8037 24.8037 24.8037 24.8037 21.9847 21.9847 21.9847 21.9847 21.9847 21.9847 21.9847 19.1371 19.1371 19.1371 19.1371 19.1371 19.1371 19.1371 16.6403 99.8343 99.8343 87.0360 20.0214 
Ibias = 9.4000 9.4000 9.4000 9.4000 9.4000 9.4000 9.4000 9.4000 2.0000 2.0000 2.0000 2.0000 2.0000 2.0000 2.0000 2.0000 2.0000 2.0000 2.0000 2.0000 2.0000 2.0000 -2.0000 16.0000 16.0000 10.0000 -11.0000 
fa1 = 1.4370 0.5756 0.5756 0.5756 0.5756 0.5756 0.5756 0.5756 0.3820 0.3820 0.3820 0.3820 0.3820 0.3820 0.3820 0.2680 0.2680 0.2680 0.2680 0.2680 0.2680 0.2680 0.2100 173.4862 173.4862 101.1202 1.0506 
fa2 = 1.4343 0.5740 0.5740 0.5740 0.5740 0.5740 0.5740 0.5740 0.3810 0.3810 0.3810 0.3810 0.3810 0.3810 0.3810 0.2675 0.2675 0.2675 0.2675 0.2675 0.2675 0.2675 0.2097 177.8410 177.8410 103.1334 1.0438 
fa3 = 1.4343 0.5740 0.5740 0.5740 0.5740 0.5740 0.5740 0.5740 0.3810 0.3810 0.3810 0.3810 0.3810 0.3810 0.3810 0.2675 0.2675 0.2675 0.2675 0.2675 0.2675 0.2675 0.2097 177.9511 177.9511 103.1737 1.0439 
fa4 = 1.4316 0.5724 0.5724 0.5724 0.5724 0.5724 0.5724 0.5724 0.3800 0.3800 0.3800 0.3800 0.3800 0.3800 0.3800 0.2669 0.2669 0.2669 0.2669 0.2669 0.2669 0.2669 0.2094 182.4848 182.4848 105.2501 1.0371 
fb1 = -0.2400 -0.2617 -0.2617 -0.2617 -0.2617 -0.2617 -0.2617 -0.2617 -0.2719 -0.2719 -0.2719 -0.2719 -0.2719 -0.2719 -0.2719 -0.2822 -0.2822 -0.2822 -0.2822 -0.2822 -0.2822 -0.2822 -0.2912 0.1968 0.1968 0.1325 -0.1114 
fb2 = -0.2400 -0.2616 -0.2616 -0.2616 -0.2616 -0.2616 -0.2616 -0.2616 -0.2719 -0.2719 -0.2719 -0.2719 -0.2719 -0.2719 -0.2719 -0.2822 -0.2822 -0.2822 -0.2822 -0.2822 -0.2822 -0.2822 -0.2912 0.2003 0.2003 0.1345 -0.1114 
fb3 = -0.2400 -0.2616 -0.2616 -0.2616 -0.2616 -0.2616 -0.2616 -0.2616 -0.2719 -0.2719 -0.2719 -0.2719 -0.2719 -0.2719 -0.2719 -0.2822 -0.2822 -0.2822 -0.2822 -0.2822 -0.2822 -0.2822 -0.2912 0.2004 0.2004 0.1345 -0.1114 
fb4 = -0.2399 -0.2615 -0.2615 -0.2615 -0.2615 -0.2615 -0.2615 -0.2615 -0.2718 -0.2718 -0.2718 -0.2718 -0.2718 -0.2718 -0.2718 -0.2821 -0.2821 -0.2821 -0.2821 -0.2821 -0.2821 -0.2821 -0.2911 0.2039 0.2039 0.1366 -0.1113 
I = 14.9000 9.4000 9.4000 9.4000 9.4000 9.4000 9.4000 9.4000 6.0000 6.0000 6.0000 6.0000 6.0000 6.0000 6.0000 2.0000 2.0000 2.0000 2.0000 2.0000 2.0000 2.0000 -2.0000 24.4390 24.4390 10.0000 -5.3459 
S1 = 0.0000 0.0000 0.0000 0.0000 0.0000 0.0000 0.0000 0.0000 0.0000 0.0000 0.0000 0.0000 0.0000 0.0000 0.0000 0.0000 0.0000 0.0000 0.0000 0.0000 0.0000 0.0000 0.0000 0.0000 0.0000 0.0000 0.0000 
S2 = 0.0000 0.0000 0.0000 0.0000 0.0000 0.0000 0.0000 0.0000 0.0000 0.0000 0.0000 0.0000 0.0000 0.0000 0.0000 0.0000 0.0000 0.0000 0.0000 0.0000 0.0000 0.0000 0.0000 0.4390 0.4390 0.0000 5.6541 
u = 9.0673 9.0197 9.0197 9.0197 9.0197 9.0197 9.0197 9.0197 8.9942 8.9942 8.9942 8.9942 8.9942 8.9942 8.9942 8.9671 8.9671 8.9671 8.9671 8.9671 8.9671 8.9671 8.9422 10.1273 10.1273 10.7836 9.5724 
v = 30.7012 24.8094 24.8094 24.8094 24.8094 24.8094 24.8094 24.8094 21.9885 21.9885 21.9885 21.9885 21.9885 21.9885 21.9885 19.1397 19.1397 19.1397 19.1397 19.1397 19.1397 19.1397 16.6424 101.6135 101.6135 88.0676 20.0319 
