ExternalI = 5.5000 0.0000 0.0000 0.0000 0.0000 0.0000 0.0000 0.0000 4.0000 4.0000 4.0000 4.0000 4.0000 4.0000 4.0000 0.0000 0.0000 0.0000 0.0000 0.0000 0.0000 0.0000 0.0000 8.0000 8.0000 0.0000 0.0000 
before u = 9.0673 9.0197 9.0197 9.0197 9.0197 9.0197 9.0197 9.0197 8.9942 8.9942 8.9942 8.9942 8.9942 8.9942 8.9942 8.9671 8.9671 8.9671 8.9671 8.9671 8.9671 8.9671 8.9422 10.1273 10.1273 10.7836 9.5724 
before v = 30.7012 24.8094 24.8094 24.8094 24.8094 24.8094 24.8094 24.8094 21.9885 21.9885 21.9885 21.9885 21.9885 21.9885 21.9885 19.1397 19.1397 19.1397 19.1397 19.1397 19.1397 19.1397 16.6424 101.6135 101.6135 88.0676 20.0319 
Ibias = 9.4000 9.4000 9.4000 9.4000 9.4000 9.4000 9.4000 9.4000 2.0000 2.0000 2.0000 2.0000 2.0000 2.0000 2.0000 2.0000 2.0000 2.0000 2.0000 2.0000 2.0000 2.0000 -2.0000 16.0000 16.0000 10.0000 -11.0000 
fa1 = 1.4316 0.5724 0.5724 0.5724 0.5724 0.5724 0.5724 0.5724 0.3800 0.3800 0.3800 0.3800 0.3800 0.3800 0.3800 0.2669 0.2669 0.2669 0.2669 0.2669 0.2669 0.2669 0.2094 182.4827 182.4827 105.2497 1.0258 
fa2 = 1.4289 0.5708 0.5708 0.5708 0.5708 0.5708 0.5708 0.5708 0.3790 0.3790 0.3790 0.3790 0.3790 0.3790 0.3790 0.2664 0.2664 0.2664 0.2664 0.2664 0.2664 0.2664 0.2091 187.1948 187.1948 107.3890 1.0192 
fa3 = 1.4289 0.5708 0.5708 0.5708 0.5708 0.5708 0.5708 0.5708 0.3790 0.3790 0.3790 0.3790 0.3790 0.3790 0.3790 0.2664 0.2664 0.2664 0.2664 0.2664 0.2664 0.2664 0.2091 187.3174 187.3174 107.4327 1.0193 
fa4 = 1.4262 0.5692 0.5692 0.5692 0.5692 0.5692 0.5692 0.5692 0.3780 0.3780 0.3780 0.3780 0.3780 0.3780 0.3780 0.2658 0.2658 0.2658 0.2658 0.2658 0.2658 0.2658 0.2088 192.2286 192.2286 109.6406 1.0127 
fb1 = -0.2399 -0.2615 -0.2615 -0.2615 -0.2615 -0.2615 -0.2615 -0.2615 -0.2718 -0.2718 -0.2718 -0.2718 -0.2718 -0.2718 -0.2718 -0.2821 -0.2821 -0.2821 -0.2821 -0.2821 -0.2821 -0.2821 -0.2911 0.2039 0.2039 0.1366 -0.1113 
fb2 = -0.2398 -0.2615 -0.2615 -0.2615 -0.2615 -0.2615 -0.2615 -0.2615 -0.2718 -0.2718 -0.2718 -0.2718 -0.2718 -0.2718 -0.2718 -0.2821 -0.2821 -0.2821 -0.2821 -0.2821 -0.2821 -0.2821 -0.2911 0.2075 0.2075 0.1387 -0.1113 
fb3 = -0.2398 -0.2615 -0.2615 -0.2615 -0.2615 -0.2615 -0.2615 -0.2615 -0.2718 -0.2718 -0.2718 -0.2718 -0.2718 -0.2718 -0.2718 -0.2821 -0.2821 -0.2821 -0.2821 -0.2821 -0.2821 -0.2821 -0.2911 0.2076 0.2076 0.1387 -0.1113 
fb4 = -0.2397 -0.2614 -0.2614 -0.2614 -0.2614 -0.2614 -0.2614 -0.2614 -0.2717 -0.2717 -0.2717 -0.2717 -0.2717 -0.2717 -0.2717 -0.2820 -0.2820 -0.2820 -0.2820 -0.2820 -0.2820 -0.2820 -0.2910 0.2114 0.2114 0.1409 -0.1113 
I = 14.9000 9.4000 9.4000 9.4000 9.4000 9.4000 9.4000 9.4000 6.0000 6.0000 6.0000 6.0000 6.0000 6.0000 6.0000 2.0000 2.0000 2.0000 2.0000 2.0000 2.0000 2.0000 -2.0000 24.4381 24.4381 10.0000 -5.3572 
S1 = 0.0000 0.0000 0.0000 0.0000 0.0000 0.0000 0.0000 0.0000 0.0000 0.0000 0.0000 0.0000 0.0000 0.0000 0.0000 0.0000 0.0000 0.0000 0.0000 0.0000 0.0000 0.0000 0.0000 0.0000 0.0000 0.0000 0.0000 
S2 = 0.0000 0.0000 0.0000 0.0000 0.0000 0.0000 0.0000 0.0000 0.0000 0.0000 0.0000 0.0000 0.0000 0.0000 0.0000 0.0000 0.0000 0.0000 0.0000 0.0000 0.0000 0.0000 0.0000 0.4381 0.4381 0.0000 5.6428 
u = 9.0649 9.0170 9.0170 9.0170 9.0170 9.0170 9.0170 9.0170 8.9915 8.9915 8.9915 8.9915 8.9915 8.9915 8.9915 8.9643 8.9643 8.9643 8.9643 8.9643 8.9643 8.9643 8.9393 10.1294 10.1294 10.7850 9.5713 
v = 30.7155 24.8151 24.8151 24.8151 24.8151 24.8151 24.8151 24.8151 21.9923 21.9923 21.9923 21.9923 21.9923 21.9923 21.9923 19.1424 19.1424 19.1424 19.1424 19.1424 19.1424 19.1424 16.6445 103.4864 103.4864 89.1418 20.0421 
