ExternalI = 5.5000 0.0000 0.0000 0.0000 0.0000 0.0000 0.0000 0.0000 4.0000 4.0000 4.0000 4.0000 4.0000 4.0000 4.0000 0.0000 0.0000 0.0000 0.0000 0.0000 0.0000 0.0000 0.0000 8.0000 8.0000 0.0000 0.0000 
before u = 9.0649 9.0170 9.0170 9.0170 9.0170 9.0170 9.0170 9.0170 8.9915 8.9915 8.9915 8.9915 8.9915 8.9915 8.9915 8.9643 8.9643 8.9643 8.9643 8.9643 8.9643 8.9643 8.9393 10.1294 10.1294 10.7850 9.5713 
before v = 30.7155 24.8151 24.8151 24.8151 24.8151 24.8151 24.8151 24.8151 21.9923 21.9923 21.9923 21.9923 21.9923 21.9923 21.9923 19.1424 19.1424 19.1424 19.1424 19.1424 19.1424 19.1424 16.6445 103.4864 103.4864 89.1418 20.0421 
Ibias = 9.4000 9.4000 9.4000 9.4000 9.4000 9.4000 9.4000 9.4000 2.0000 2.0000 2.0000 2.0000 2.0000 2.0000 2.0000 2.0000 2.0000 2.0000 2.0000 2.0000 2.0000 2.0000 -2.0000 16.0000 16.0000 10.0000 -11.0000 
fa1 = 1.4262 0.5692 0.5692 0.5692 0.5692 0.5692 0.5692 0.5692 0.3780 0.3780 0.3780 0.3780 0.3780 0.3780 0.3780 0.2658 0.2658 0.2658 0.2658 0.2658 0.2658 0.2658 0.2088 192.2262 192.2262 109.6402 1.0014 
fa2 = 1.4236 0.5676 0.5676 0.5676 0.5676 0.5676 0.5676 0.5676 0.3770 0.3770 0.3770 0.3770 0.3770 0.3770 0.3770 0.2653 0.2653 0.2653 0.2653 0.2653 0.2653 0.2653 0.2085 197.3359 197.3359 111.9163 0.9950 
fa3 = 1.4236 0.5676 0.5676 0.5676 0.5676 0.5676 0.5676 0.5676 0.3770 0.3770 0.3770 0.3770 0.3770 0.3770 0.3770 0.2653 0.2653 0.2653 0.2653 0.2653 0.2653 0.2653 0.2085 197.4727 197.4727 111.9638 0.9950 
fa4 = 1.4209 0.5660 0.5660 0.5660 0.5660 0.5660 0.5660 0.5660 0.3760 0.3760 0.3760 0.3760 0.3760 0.3760 0.3760 0.2647 0.2647 0.2647 0.2647 0.2647 0.2647 0.2647 0.2082 202.8045 202.8045 114.3145 0.9886 
fb1 = -0.2397 -0.2614 -0.2614 -0.2614 -0.2614 -0.2614 -0.2614 -0.2614 -0.2717 -0.2717 -0.2717 -0.2717 -0.2717 -0.2717 -0.2717 -0.2820 -0.2820 -0.2820 -0.2820 -0.2820 -0.2820 -0.2820 -0.2910 0.2114 0.2114 0.1409 -0.1113 
fb2 = -0.2397 -0.2614 -0.2614 -0.2614 -0.2614 -0.2614 -0.2614 -0.2614 -0.2716 -0.2716 -0.2716 -0.2716 -0.2716 -0.2716 -0.2716 -0.2819 -0.2819 -0.2819 -0.2819 -0.2819 -0.2819 -0.2819 -0.2909 0.2152 0.2152 0.1430 -0.1112 
fb3 = -0.2397 -0.2614 -0.2614 -0.2614 -0.2614 -0.2614 -0.2614 -0.2614 -0.2716 -0.2716 -0.2716 -0.2716 -0.2716 -0.2716 -0.2716 -0.2819 -0.2819 -0.2819 -0.2819 -0.2819 -0.2819 -0.2819 -0.2909 0.2153 0.2153 0.1431 -0.1112 
fb4 = -0.2396 -0.2613 -0.2613 -0.2613 -0.2613 -0.2613 -0.2613 -0.2613 -0.2716 -0.2716 -0.2716 -0.2716 -0.2716 -0.2716 -0.2716 -0.2819 -0.2819 -0.2819 -0.2819 -0.2819 -0.2819 -0.2819 -0.2909 0.2192 0.2192 0.1453 -0.1112 
I = 14.9000 9.4000 9.4000 9.4000 9.4000 9.4000 9.4000 9.4000 6.0000 6.0000 6.0000 6.0000 6.0000 6.0000 6.0000 2.0000 2.0000 2.0000 2.0000 2.0000 2.0000 2.0000 -2.0000 24.4372 24.4372 10.0000 -5.3685 
S1 = 0.0000 0.0000 0.0000 0.0000 0.0000 0.0000 0.0000 0.0000 0.0000 0.0000 0.0000 0.0000 0.0000 0.0000 0.0000 0.0000 0.0000 0.0000 0.0000 0.0000 0.0000 0.0000 0.0000 0.0000 0.0000 0.0000 0.0000 
S2 = 0.0000 0.0000 0.0000 0.0000 0.0000 0.0000 0.0000 0.0000 0.0000 0.0000 0.0000 0.0000 0.0000 0.0000 0.0000 0.0000 0.0000 0.0000 0.0000 0.0000 0.0000 0.0000 0.0000 0.4372 0.4372 0.0000 5.6315 
u = 9.0625 9.0144 9.0144 9.0144 9.0144 9.0144 9.0144 9.0144 8.9888 8.9888 8.9888 8.9888 8.9888 8.9888 8.9888 8.9614 8.9614 8.9614 8.9614 8.9614 8.9614 8.9614 8.9364 10.1316 10.1316 10.7865 9.5702 
v = 30.7297 24.8208 24.8208 24.8208 24.8208 24.8208 24.8208 24.8208 21.9961 21.9961 21.9961 21.9961 21.9961 21.9961 21.9961 19.1450 19.1450 19.1450 19.1450 19.1450 19.1450 19.1450 16.6466 105.4609 105.4609 90.2614 20.0520 
