ExternalI = 5.5000 0.0000 0.0000 0.0000 0.0000 0.0000 0.0000 0.0000 4.0000 4.0000 4.0000 4.0000 4.0000 4.0000 4.0000 0.0000 0.0000 0.0000 0.0000 0.0000 0.0000 0.0000 0.0000 8.0000 8.0000 0.0000 0.0000 
before u = 9.0625 9.0144 9.0144 9.0144 9.0144 9.0144 9.0144 9.0144 8.9888 8.9888 8.9888 8.9888 8.9888 8.9888 8.9888 8.9614 8.9614 8.9614 8.9614 8.9614 8.9614 8.9614 8.9364 10.1316 10.1316 10.7865 9.5702 
before v = 30.7297 24.8208 24.8208 24.8208 24.8208 24.8208 24.8208 24.8208 21.9961 21.9961 21.9961 21.9961 21.9961 21.9961 21.9961 19.1450 19.1450 19.1450 19.1450 19.1450 19.1450 19.1450 16.6466 105.4609 105.4609 90.2614 20.0520 
Ibias = 9.4000 9.4000 9.4000 9.4000 9.4000 9.4000 9.4000 9.4000 2.0000 2.0000 2.0000 2.0000 2.0000 2.0000 2.0000 2.0000 2.0000 2.0000 2.0000 2.0000 2.0000 2.0000 -2.0000 16.0000 16.0000 10.0000 -11.0000 
fa1 = 1.4209 0.5660 0.5660 0.5660 0.5660 0.5660 0.5660 0.5660 0.3760 0.3760 0.3760 0.3760 0.3760 0.3760 0.3760 0.2647 0.2647 0.2647 0.2647 0.2647 0.2647 0.2647 0.2082 202.8019 202.8019 114.3140 0.9774 
fa2 = 1.4183 0.5645 0.5645 0.5645 0.5645 0.5645 0.5645 0.5645 0.3751 0.3751 0.3751 0.3751 0.3751 0.3751 0.3751 0.2642 0.2642 0.2642 0.2642 0.2642 0.2642 0.2642 0.2079 208.3550 208.3550 116.7389 0.9711 
fa3 = 1.4183 0.5645 0.5645 0.5645 0.5645 0.5645 0.5645 0.5645 0.3751 0.3751 0.3751 0.3751 0.3751 0.3751 0.3751 0.2642 0.2642 0.2642 0.2642 0.2642 0.2642 0.2642 0.2079 208.5082 208.5082 116.7906 0.9711 
fa4 = 1.4156 0.5629 0.5629 0.5629 0.5629 0.5629 0.5629 0.5629 0.3741 0.3741 0.3741 0.3741 0.3741 0.3741 0.3741 0.2637 0.2637 0.2637 0.2637 0.2637 0.2637 0.2637 0.2077 214.3099 214.3099 119.2967 0.9649 
fb1 = -0.2396 -0.2613 -0.2613 -0.2613 -0.2613 -0.2613 -0.2613 -0.2613 -0.2716 -0.2716 -0.2716 -0.2716 -0.2716 -0.2716 -0.2716 -0.2819 -0.2819 -0.2819 -0.2819 -0.2819 -0.2819 -0.2819 -0.2909 0.2192 0.2192 0.1453 -0.1112 
fb2 = -0.2395 -0.2612 -0.2612 -0.2612 -0.2612 -0.2612 -0.2612 -0.2612 -0.2715 -0.2715 -0.2715 -0.2715 -0.2715 -0.2715 -0.2715 -0.2818 -0.2818 -0.2818 -0.2818 -0.2818 -0.2818 -0.2818 -0.2908 0.2232 0.2232 0.1476 -0.1112 
fb3 = -0.2395 -0.2612 -0.2612 -0.2612 -0.2612 -0.2612 -0.2612 -0.2612 -0.2715 -0.2715 -0.2715 -0.2715 -0.2715 -0.2715 -0.2715 -0.2818 -0.2818 -0.2818 -0.2818 -0.2818 -0.2818 -0.2818 -0.2908 0.2234 0.2234 0.1476 -0.1112 
fb4 = -0.2394 -0.2612 -0.2612 -0.2612 -0.2612 -0.2612 -0.2612 -0.2612 -0.2714 -0.2714 -0.2714 -0.2714 -0.2714 -0.2714 -0.2714 -0.2818 -0.2818 -0.2818 -0.2818 -0.2818 -0.2818 -0.2818 -0.2907 0.2275 0.2275 0.1500 -0.1111 
I = 14.9000 9.4000 9.4000 9.4000 9.4000 9.4000 9.4000 9.4000 6.0000 6.0000 6.0000 6.0000 6.0000 6.0000 6.0000 2.0000 2.0000 2.0000 2.0000 2.0000 2.0000 2.0000 -2.0000 24.4364 24.4364 10.0000 -5.3797 
S1 = 0.0000 0.0000 0.0000 0.0000 0.0000 0.0000 0.0000 0.0000 0.0000 0.0000 0.0000 0.0000 0.0000 0.0000 0.0000 0.0000 0.0000 0.0000 0.0000 0.0000 0.0000 0.0000 0.0000 0.0000 0.0000 0.0000 0.0000 
S2 = 0.0000 0.0000 0.0000 0.0000 0.0000 0.0000 0.0000 0.0000 0.0000 0.0000 0.0000 0.0000 0.0000 0.0000 0.0000 0.0000 0.0000 0.0000 0.0000 0.0000 0.0000 0.0000 0.0000 0.4364 0.4364 0.0000 5.6203 
u = 9.0602 9.0118 9.0118 9.0118 9.0118 9.0118 9.0118 9.0118 8.9861 8.9861 8.9861 8.9861 8.9861 8.9861 8.9861 8.9586 8.9586 8.9586 8.9586 8.9586 8.9586 8.9586 8.9335 10.1338 10.1338 10.7879 9.5691 
v = 30.7439 24.8265 24.8265 24.8265 24.8265 24.8265 24.8265 24.8265 21.9998 21.9998 21.9998 21.9998 21.9998 21.9998 21.9998 19.1477 19.1477 19.1477 19.1477 19.1477 19.1477 19.1477 16.6487 107.5456 107.5456 91.4292 20.0617 
