ExternalI = 5.5000 0.0000 0.0000 0.0000 0.0000 0.0000 0.0000 0.0000 4.0000 4.0000 4.0000 4.0000 4.0000 4.0000 4.0000 0.0000 0.0000 0.0000 0.0000 0.0000 0.0000 0.0000 0.0000 8.0000 8.0000 0.0000 0.0000 
before u = 9.0602 9.0118 9.0118 9.0118 9.0118 9.0118 9.0118 9.0118 8.9861 8.9861 8.9861 8.9861 8.9861 8.9861 8.9861 8.9586 8.9586 8.9586 8.9586 8.9586 8.9586 8.9586 8.9335 10.1338 10.1338 10.7879 9.5691 
before v = 30.7439 24.8265 24.8265 24.8265 24.8265 24.8265 24.8265 24.8265 21.9998 21.9998 21.9998 21.9998 21.9998 21.9998 21.9998 19.1477 19.1477 19.1477 19.1477 19.1477 19.1477 19.1477 16.6487 107.5456 107.5456 91.4292 20.0617 
Ibias = 9.4000 9.4000 9.4000 9.4000 9.4000 9.4000 9.4000 9.4000 2.0000 2.0000 2.0000 2.0000 2.0000 2.0000 2.0000 2.0000 2.0000 2.0000 2.0000 2.0000 2.0000 2.0000 -2.0000 16.0000 16.0000 10.0000 -11.0000 
fa1 = 1.4156 0.5629 0.5629 0.5629 0.5629 0.5629 0.5629 0.5629 0.3741 0.3741 0.3741 0.3741 0.3741 0.3741 0.3741 0.2637 0.2637 0.2637 0.2637 0.2637 0.2637 0.2637 0.2077 214.3070 214.3070 119.2962 0.9537 
fa2 = 1.4130 0.5614 0.5614 0.5614 0.5614 0.5614 0.5614 0.5614 0.3731 0.3731 0.3731 0.3731 0.3731 0.3731 0.3731 0.2631 0.2631 0.2631 0.2631 0.2631 0.2631 0.2631 0.2074 220.3563 220.3563 121.8831 0.9476 
fa3 = 1.4130 0.5614 0.5614 0.5614 0.5614 0.5614 0.5614 0.5614 0.3731 0.3731 0.3731 0.3731 0.3731 0.3731 0.3731 0.2632 0.2632 0.2632 0.2632 0.2632 0.2632 0.2632 0.2074 220.5284 220.5284 121.9395 0.9476 
fa4 = 1.4104 0.5598 0.5598 0.5598 0.5598 0.5598 0.5598 0.5598 0.3722 0.3722 0.3722 0.3722 0.3722 0.3722 0.3722 0.2626 0.2626 0.2626 0.2626 0.2626 0.2626 0.2626 0.2071 226.8569 226.8569 124.6150 0.9416 
fb1 = -0.2394 -0.2612 -0.2612 -0.2612 -0.2612 -0.2612 -0.2612 -0.2612 -0.2714 -0.2714 -0.2714 -0.2714 -0.2714 -0.2714 -0.2714 -0.2818 -0.2818 -0.2818 -0.2818 -0.2818 -0.2818 -0.2818 -0.2907 0.2275 0.2275 0.1500 -0.1111 
fb2 = -0.2394 -0.2611 -0.2611 -0.2611 -0.2611 -0.2611 -0.2611 -0.2611 -0.2714 -0.2714 -0.2714 -0.2714 -0.2714 -0.2714 -0.2714 -0.2817 -0.2817 -0.2817 -0.2817 -0.2817 -0.2817 -0.2817 -0.2907 0.2318 0.2318 0.1523 -0.1111 
fb3 = -0.2394 -0.2611 -0.2611 -0.2611 -0.2611 -0.2611 -0.2611 -0.2611 -0.2714 -0.2714 -0.2714 -0.2714 -0.2714 -0.2714 -0.2714 -0.2817 -0.2817 -0.2817 -0.2817 -0.2817 -0.2817 -0.2817 -0.2907 0.2319 0.2319 0.1524 -0.1111 
fb4 = -0.2393 -0.2610 -0.2610 -0.2610 -0.2610 -0.2610 -0.2610 -0.2610 -0.2713 -0.2713 -0.2713 -0.2713 -0.2713 -0.2713 -0.2713 -0.2816 -0.2816 -0.2816 -0.2816 -0.2816 -0.2816 -0.2816 -0.2906 0.2363 0.2363 0.1548 -0.1111 
I = 14.9000 9.4000 9.4000 9.4000 9.4000 9.4000 9.4000 9.4000 6.0000 6.0000 6.0000 6.0000 6.0000 6.0000 6.0000 2.0000 2.0000 2.0000 2.0000 2.0000 2.0000 2.0000 -2.0000 24.4355 24.4355 10.0000 -5.3910 
S1 = 0.0000 0.0000 0.0000 0.0000 0.0000 0.0000 0.0000 0.0000 0.0000 0.0000 0.0000 0.0000 0.0000 0.0000 0.0000 0.0000 0.0000 0.0000 0.0000 0.0000 0.0000 0.0000 0.0000 0.0000 0.0000 0.0000 0.0000 
S2 = 0.0000 0.0000 0.0000 0.0000 0.0000 0.0000 0.0000 0.0000 0.0000 0.0000 0.0000 0.0000 0.0000 0.0000 0.0000 0.0000 0.0000 0.0000 0.0000 0.0000 0.0000 0.0000 0.0000 0.4355 0.4355 0.0000 5.6090 
u = 9.0578 9.0092 9.0092 9.0092 9.0092 9.0092 9.0092 9.0092 8.9834 8.9834 8.9834 8.9834 8.9834 8.9834 8.9834 8.9558 8.9558 8.9558 8.9558 8.9558 8.9558 8.9558 8.9306 10.1361 10.1361 10.7895 9.5680 
v = 30.7581 24.8321 24.8321 24.8321 24.8321 24.8321 24.8321 24.8321 22.0036 22.0036 22.0036 22.0036 22.0036 22.0036 22.0036 19.1503 19.1503 19.1503 19.1503 19.1503 19.1503 19.1503 16.6507 109.7505 109.7505 92.6484 20.0712 
