ExternalI = 5.5000 0.0000 0.0000 0.0000 0.0000 0.0000 0.0000 0.0000 4.0000 4.0000 4.0000 4.0000 4.0000 4.0000 4.0000 0.0000 0.0000 0.0000 0.0000 0.0000 0.0000 0.0000 0.0000 8.0000 8.0000 0.0000 0.0000 
before u = 9.0578 9.0092 9.0092 9.0092 9.0092 9.0092 9.0092 9.0092 8.9834 8.9834 8.9834 8.9834 8.9834 8.9834 8.9834 8.9558 8.9558 8.9558 8.9558 8.9558 8.9558 8.9558 8.9306 10.1361 10.1361 10.7895 9.5680 
before v = 30.7581 24.8321 24.8321 24.8321 24.8321 24.8321 24.8321 24.8321 22.0036 22.0036 22.0036 22.0036 22.0036 22.0036 22.0036 19.1503 19.1503 19.1503 19.1503 19.1503 19.1503 19.1503 16.6507 109.7505 109.7505 92.6484 20.0712 
Ibias = 9.4000 9.4000 9.4000 9.4000 9.4000 9.4000 9.4000 9.4000 2.0000 2.0000 2.0000 2.0000 2.0000 2.0000 2.0000 2.0000 2.0000 2.0000 2.0000 2.0000 2.0000 2.0000 -2.0000 16.0000 16.0000 10.0000 -11.0000 
fa1 = 1.4104 0.5598 0.5598 0.5598 0.5598 0.5598 0.5598 0.5598 0.3722 0.3722 0.3722 0.3722 0.3722 0.3722 0.3722 0.2626 0.2626 0.2626 0.2626 0.2626 0.2626 0.2626 0.2071 226.8537 226.8537 124.6144 0.9304 
fa2 = 1.4078 0.5583 0.5583 0.5583 0.5583 0.5583 0.5583 0.5583 0.3712 0.3712 0.3712 0.3712 0.3712 0.3712 0.3712 0.2621 0.2621 0.2621 0.2621 0.2621 0.2621 0.2621 0.2068 233.4601 233.4601 127.3781 0.9244 
fa3 = 1.4078 0.5583 0.5583 0.5583 0.5583 0.5583 0.5583 0.5583 0.3712 0.3712 0.3712 0.3712 0.3712 0.3712 0.3712 0.2621 0.2621 0.2621 0.2621 0.2621 0.2621 0.2621 0.2068 233.6541 233.6541 127.4398 0.9245 
fa4 = 1.4052 0.5568 0.5568 0.5568 0.5568 0.5568 0.5568 0.5568 0.3703 0.3703 0.3703 0.3703 0.3703 0.3703 0.3703 0.2616 0.2616 0.2616 0.2616 0.2616 0.2616 0.2616 0.2066 240.5750 240.5750 130.3003 0.9186 
fb1 = -0.2393 -0.2610 -0.2610 -0.2610 -0.2610 -0.2610 -0.2610 -0.2610 -0.2713 -0.2713 -0.2713 -0.2713 -0.2713 -0.2713 -0.2713 -0.2816 -0.2816 -0.2816 -0.2816 -0.2816 -0.2816 -0.2816 -0.2906 0.2363 0.2363 0.1548 -0.1111 
fb2 = -0.2392 -0.2610 -0.2610 -0.2610 -0.2610 -0.2610 -0.2610 -0.2610 -0.2713 -0.2713 -0.2713 -0.2713 -0.2713 -0.2713 -0.2713 -0.2816 -0.2816 -0.2816 -0.2816 -0.2816 -0.2816 -0.2816 -0.2906 0.2408 0.2408 0.1573 -0.1110 
fb3 = -0.2392 -0.2610 -0.2610 -0.2610 -0.2610 -0.2610 -0.2610 -0.2610 -0.2713 -0.2713 -0.2713 -0.2713 -0.2713 -0.2713 -0.2713 -0.2816 -0.2816 -0.2816 -0.2816 -0.2816 -0.2816 -0.2816 -0.2906 0.2409 0.2409 0.1573 -0.1110 
fb4 = -0.2391 -0.2609 -0.2609 -0.2609 -0.2609 -0.2609 -0.2609 -0.2609 -0.2712 -0.2712 -0.2712 -0.2712 -0.2712 -0.2712 -0.2712 -0.2815 -0.2815 -0.2815 -0.2815 -0.2815 -0.2815 -0.2815 -0.2905 0.2456 0.2456 0.1599 -0.1110 
I = 14.9000 9.4000 9.4000 9.4000 9.4000 9.4000 9.4000 9.4000 6.0000 6.0000 6.0000 6.0000 6.0000 6.0000 6.0000 2.0000 2.0000 2.0000 2.0000 2.0000 2.0000 2.0000 -2.0000 24.4346 24.4346 10.0000 -5.4022 
S1 = 0.0000 0.0000 0.0000 0.0000 0.0000 0.0000 0.0000 0.0000 0.0000 0.0000 0.0000 0.0000 0.0000 0.0000 0.0000 0.0000 0.0000 0.0000 0.0000 0.0000 0.0000 0.0000 0.0000 0.0000 0.0000 0.0000 0.0000 
S2 = 0.0000 0.0000 0.0000 0.0000 0.0000 0.0000 0.0000 0.0000 0.0000 0.0000 0.0000 0.0000 0.0000 0.0000 0.0000 0.0000 0.0000 0.0000 0.0000 0.0000 0.0000 0.0000 0.0000 0.4346 0.4346 0.0000 5.5978 
u = 9.0554 9.0066 9.0066 9.0066 9.0066 9.0066 9.0066 9.0066 8.9807 8.9807 8.9807 8.9807 8.9807 8.9807 8.9807 8.9530 8.9530 8.9530 8.9530 8.9530 8.9530 8.9530 8.9277 10.1385 10.1385 10.7910 9.5669 
v = 30.7721 24.8377 24.8377 24.8377 24.8377 24.8377 24.8377 24.8377 22.0073 22.0073 22.0073 22.0073 22.0073 22.0073 22.0073 19.1529 19.1529 19.1529 19.1529 19.1529 19.1529 19.1529 16.6528 112.0866 112.0866 93.9227 20.0805 
