ExternalI = 5.5000 0.0000 0.0000 0.0000 0.0000 0.0000 0.0000 0.0000 4.0000 4.0000 4.0000 4.0000 4.0000 4.0000 4.0000 0.0000 0.0000 0.0000 0.0000 0.0000 0.0000 0.0000 0.0000 8.0000 8.0000 0.0000 0.0000 
before u = 9.0554 9.0066 9.0066 9.0066 9.0066 9.0066 9.0066 9.0066 8.9807 8.9807 8.9807 8.9807 8.9807 8.9807 8.9807 8.9530 8.9530 8.9530 8.9530 8.9530 8.9530 8.9530 8.9277 10.1385 10.1385 10.7910 9.5669 
before v = 30.7721 24.8377 24.8377 24.8377 24.8377 24.8377 24.8377 24.8377 22.0073 22.0073 22.0073 22.0073 22.0073 22.0073 22.0073 19.1529 19.1529 19.1529 19.1529 19.1529 19.1529 19.1529 16.6528 112.0866 112.0866 93.9227 20.0805 
Ibias = 9.4000 9.4000 9.4000 9.4000 9.4000 9.4000 9.4000 9.4000 2.0000 2.0000 2.0000 2.0000 2.0000 2.0000 2.0000 2.0000 2.0000 2.0000 2.0000 2.0000 2.0000 2.0000 -2.0000 16.0000 16.0000 10.0000 -11.0000 
fa1 = 1.4052 0.5568 0.5568 0.5568 0.5568 0.5568 0.5568 0.5568 0.3703 0.3703 0.3703 0.3703 0.3703 0.3703 0.3703 0.2616 0.2616 0.2616 0.2616 0.2616 0.2616 0.2616 0.2066 240.5715 240.5715 130.2996 0.9074 
fa2 = 1.4026 0.5553 0.5553 0.5553 0.5553 0.5553 0.5553 0.5553 0.3694 0.3694 0.3694 0.3694 0.3694 0.3694 0.3694 0.2611 0.2611 0.2611 0.2611 0.2611 0.2611 0.2611 0.2063 247.8055 247.8055 133.2566 0.9016 
fa3 = 1.4026 0.5553 0.5553 0.5553 0.5553 0.5553 0.5553 0.5553 0.3694 0.3694 0.3694 0.3694 0.3694 0.3694 0.3694 0.2611 0.2611 0.2611 0.2611 0.2611 0.2611 0.2611 0.2063 248.0248 248.0248 133.3241 0.9017 
fa4 = 1.4000 0.5538 0.5538 0.5538 0.5538 0.5538 0.5538 0.5538 0.3684 0.3684 0.3684 0.3684 0.3684 0.3684 0.3684 0.2606 0.2606 0.2606 0.2606 0.2606 0.2606 0.2606 0.2060 255.6145 255.6145 136.3871 0.8959 
fb1 = -0.2391 -0.2609 -0.2609 -0.2609 -0.2609 -0.2609 -0.2609 -0.2609 -0.2712 -0.2712 -0.2712 -0.2712 -0.2712 -0.2712 -0.2712 -0.2815 -0.2815 -0.2815 -0.2815 -0.2815 -0.2815 -0.2815 -0.2905 0.2456 0.2456 0.1599 -0.1110 
fb2 = -0.2391 -0.2608 -0.2608 -0.2608 -0.2608 -0.2608 -0.2608 -0.2608 -0.2711 -0.2711 -0.2711 -0.2711 -0.2711 -0.2711 -0.2711 -0.2814 -0.2814 -0.2814 -0.2814 -0.2814 -0.2814 -0.2814 -0.2904 0.2504 0.2504 0.1625 -0.1110 
fb3 = -0.2391 -0.2608 -0.2608 -0.2608 -0.2608 -0.2608 -0.2608 -0.2608 -0.2711 -0.2711 -0.2711 -0.2711 -0.2711 -0.2711 -0.2711 -0.2814 -0.2814 -0.2814 -0.2814 -0.2814 -0.2814 -0.2814 -0.2904 0.2505 0.2505 0.1625 -0.1110 
fb4 = -0.2390 -0.2608 -0.2608 -0.2608 -0.2608 -0.2608 -0.2608 -0.2608 -0.2711 -0.2711 -0.2711 -0.2711 -0.2711 -0.2711 -0.2711 -0.2814 -0.2814 -0.2814 -0.2814 -0.2814 -0.2814 -0.2814 -0.2904 0.2554 0.2554 0.1652 -0.1110 
I = 14.9000 9.4000 9.4000 9.4000 9.4000 9.4000 9.4000 9.4000 6.0000 6.0000 6.0000 6.0000 6.0000 6.0000 6.0000 2.0000 2.0000 2.0000 2.0000 2.0000 2.0000 2.0000 -2.0000 24.4337 24.4337 10.0000 -5.4134 
S1 = 0.0000 0.0000 0.0000 0.0000 0.0000 0.0000 0.0000 0.0000 0.0000 0.0000 0.0000 0.0000 0.0000 0.0000 0.0000 0.0000 0.0000 0.0000 0.0000 0.0000 0.0000 0.0000 0.0000 0.0000 0.0000 0.0000 0.0000 
S2 = 0.0000 0.0000 0.0000 0.0000 0.0000 0.0000 0.0000 0.0000 0.0000 0.0000 0.0000 0.0000 0.0000 0.0000 0.0000 0.0000 0.0000 0.0000 0.0000 0.0000 0.0000 0.0000 0.0000 0.4337 0.4337 0.0000 5.5866 
u = 9.0530 9.0040 9.0040 9.0040 9.0040 9.0040 9.0040 9.0040 8.9780 8.9780 8.9780 8.9780 8.9780 8.9780 8.9780 8.9502 8.9502 8.9502 8.9502 8.9502 8.9502 8.9502 8.9247 10.1410 10.1410 10.7927 9.5657 
v = 30.7862 24.8432 24.8432 24.8432 24.8432 24.8432 24.8432 24.8432 22.0110 22.0110 22.0110 22.0110 22.0110 22.0110 22.0110 19.1556 19.1556 19.1556 19.1556 19.1556 19.1556 19.1556 16.6549 114.5663 114.5663 95.2557 20.0895 
