ExternalI = 5.5000 0.0000 0.0000 0.0000 0.0000 0.0000 0.0000 0.0000 4.0000 4.0000 4.0000 4.0000 4.0000 4.0000 4.0000 0.0000 0.0000 0.0000 0.0000 0.0000 0.0000 0.0000 0.0000 8.0000 8.0000 0.0000 0.0000 
before u = 9.0530 9.0040 9.0040 9.0040 9.0040 9.0040 9.0040 9.0040 8.9780 8.9780 8.9780 8.9780 8.9780 8.9780 8.9780 8.9502 8.9502 8.9502 8.9502 8.9502 8.9502 8.9502 8.9247 10.1410 10.1410 10.7927 9.5657 
before v = 30.7862 24.8432 24.8432 24.8432 24.8432 24.8432 24.8432 24.8432 22.0110 22.0110 22.0110 22.0110 22.0110 22.0110 22.0110 19.1556 19.1556 19.1556 19.1556 19.1556 19.1556 19.1556 16.6549 114.5663 114.5663 95.2557 20.0895 
Ibias = 9.4000 9.4000 9.4000 9.4000 9.4000 9.4000 9.4000 9.4000 2.0000 2.0000 2.0000 2.0000 2.0000 2.0000 2.0000 2.0000 2.0000 2.0000 2.0000 2.0000 2.0000 2.0000 -2.0000 16.0000 16.0000 10.0000 -11.0000 
fa1 = 1.4000 0.5538 0.5538 0.5538 0.5538 0.5538 0.5538 0.5538 0.3684 0.3684 0.3684 0.3684 0.3684 0.3684 0.3684 0.2606 0.2606 0.2606 0.2606 0.2606 0.2606 0.2606 0.2060 255.6105 255.6105 136.3864 0.8848 
fa2 = 1.3975 0.5523 0.5523 0.5523 0.5523 0.5523 0.5523 0.5523 0.3675 0.3675 0.3675 0.3675 0.3675 0.3675 0.3675 0.2601 0.2601 0.2601 0.2601 0.2601 0.2601 0.2601 0.2058 263.5542 263.5542 139.5550 0.8792 
fa3 = 1.3975 0.5523 0.5523 0.5523 0.5523 0.5523 0.5523 0.5523 0.3675 0.3675 0.3675 0.3675 0.3675 0.3675 0.3675 0.2601 0.2601 0.2601 0.2601 0.2601 0.2601 0.2601 0.2058 263.8031 263.8031 139.6291 0.8792 
fa4 = 1.3949 0.5508 0.5508 0.5508 0.5508 0.5508 0.5508 0.5508 0.3666 0.3666 0.3666 0.3666 0.3666 0.3666 0.3666 0.2596 0.2596 0.2596 0.2596 0.2596 0.2596 0.2596 0.2055 272.1505 272.1505 142.9142 0.8736 
fb1 = -0.2390 -0.2608 -0.2608 -0.2608 -0.2608 -0.2608 -0.2608 -0.2608 -0.2711 -0.2711 -0.2711 -0.2711 -0.2711 -0.2711 -0.2711 -0.2814 -0.2814 -0.2814 -0.2814 -0.2814 -0.2814 -0.2814 -0.2904 0.2554 0.2554 0.1652 -0.1110 
fb2 = -0.2389 -0.2607 -0.2607 -0.2607 -0.2607 -0.2607 -0.2607 -0.2607 -0.2710 -0.2710 -0.2710 -0.2710 -0.2710 -0.2710 -0.2710 -0.2813 -0.2813 -0.2813 -0.2813 -0.2813 -0.2813 -0.2813 -0.2903 0.2605 0.2605 0.1679 -0.1109 
fb3 = -0.2389 -0.2607 -0.2607 -0.2607 -0.2607 -0.2607 -0.2607 -0.2607 -0.2710 -0.2710 -0.2710 -0.2710 -0.2710 -0.2710 -0.2710 -0.2813 -0.2813 -0.2813 -0.2813 -0.2813 -0.2813 -0.2813 -0.2903 0.2607 0.2607 0.1679 -0.1109 
fb4 = -0.2388 -0.2607 -0.2607 -0.2607 -0.2607 -0.2607 -0.2607 -0.2607 -0.2710 -0.2710 -0.2710 -0.2710 -0.2710 -0.2710 -0.2710 -0.2813 -0.2813 -0.2813 -0.2813 -0.2813 -0.2813 -0.2813 -0.2902 0.2659 0.2659 0.1707 -0.1109 
I = 14.9000 9.4000 9.4000 9.4000 9.4000 9.4000 9.4000 9.4000 6.0000 6.0000 6.0000 6.0000 6.0000 6.0000 6.0000 2.0000 2.0000 2.0000 2.0000 2.0000 2.0000 2.0000 -2.0000 24.4329 24.4329 10.0000 -5.4245 
S1 = 0.0000 0.0000 0.0000 0.0000 0.0000 0.0000 0.0000 0.0000 0.0000 0.0000 0.0000 0.0000 0.0000 0.0000 0.0000 0.0000 0.0000 0.0000 0.0000 0.0000 0.0000 0.0000 0.0000 0.0000 0.0000 0.0000 0.0000 
S2 = 0.0000 0.0000 0.0000 0.0000 0.0000 0.0000 0.0000 0.0000 0.0000 0.0000 0.0000 0.0000 0.0000 0.0000 0.0000 0.0000 0.0000 0.0000 0.0000 0.0000 0.0000 0.0000 0.0000 0.4329 0.4329 0.0000 5.5755 
u = 9.0506 9.0014 9.0014 9.0014 9.0014 9.0014 9.0014 9.0014 8.9752 8.9752 8.9752 8.9752 8.9752 8.9752 8.9752 8.9474 8.9474 8.9474 8.9474 8.9474 8.9474 8.9474 8.9218 10.1436 10.1436 10.7943 9.5646 
v = 30.8001 24.8487 24.8487 24.8487 24.8487 24.8487 24.8487 24.8487 22.0147 22.0147 22.0147 22.0147 22.0147 22.0147 22.0147 19.1582 19.1582 19.1582 19.1582 19.1582 19.1582 19.1582 16.6569 117.2038 117.2038 96.6519 20.0983 
