ExternalI = 5.5000 0.0000 0.0000 0.0000 0.0000 0.0000 0.0000 0.0000 4.0000 4.0000 4.0000 4.0000 4.0000 4.0000 4.0000 0.0000 0.0000 0.0000 0.0000 0.0000 0.0000 0.0000 0.0000 8.0000 8.0000 0.0000 0.0000 
before u = 9.0506 9.0014 9.0014 9.0014 9.0014 9.0014 9.0014 9.0014 8.9752 8.9752 8.9752 8.9752 8.9752 8.9752 8.9752 8.9474 8.9474 8.9474 8.9474 8.9474 8.9474 8.9474 8.9218 10.1436 10.1436 10.7943 9.5646 
before v = 30.8001 24.8487 24.8487 24.8487 24.8487 24.8487 24.8487 24.8487 22.0147 22.0147 22.0147 22.0147 22.0147 22.0147 22.0147 19.1582 19.1582 19.1582 19.1582 19.1582 19.1582 19.1582 16.6569 117.2038 117.2038 96.6519 20.0983 
Ibias = 9.4000 9.4000 9.4000 9.4000 9.4000 9.4000 9.4000 9.4000 2.0000 2.0000 2.0000 2.0000 2.0000 2.0000 2.0000 2.0000 2.0000 2.0000 2.0000 2.0000 2.0000 2.0000 -2.0000 16.0000 16.0000 10.0000 -11.0000 
fa1 = 1.3949 0.5508 0.5508 0.5508 0.5508 0.5508 0.5508 0.5508 0.3666 0.3666 0.3666 0.3666 0.3666 0.3666 0.3666 0.2596 0.2596 0.2596 0.2596 0.2596 0.2596 0.2596 0.2055 272.1460 272.1460 142.9134 0.8625 
fa2 = 1.3924 0.5493 0.5493 0.5493 0.5493 0.5493 0.5493 0.5493 0.3657 0.3657 0.3657 0.3657 0.3657 0.3657 0.3657 0.2591 0.2591 0.2591 0.2591 0.2591 0.2591 0.2591 0.2052 280.8952 280.8952 146.3144 0.8570 
fa3 = 1.3924 0.5493 0.5493 0.5493 0.5493 0.5493 0.5493 0.5493 0.3657 0.3657 0.3657 0.3657 0.3657 0.3657 0.3657 0.2591 0.2591 0.2591 0.2591 0.2591 0.2591 0.2591 0.2052 281.1789 281.1789 146.3958 0.8571 
fa4 = 1.3899 0.5479 0.5479 0.5479 0.5479 0.5479 0.5479 0.5479 0.3648 0.3648 0.3648 0.3648 0.3648 0.3648 0.3648 0.2586 0.2586 0.2586 0.2586 0.2586 0.2586 0.2586 0.2050 290.3884 290.3884 149.9250 0.8517 
fb1 = -0.2388 -0.2607 -0.2607 -0.2607 -0.2607 -0.2607 -0.2607 -0.2607 -0.2710 -0.2710 -0.2710 -0.2710 -0.2710 -0.2710 -0.2710 -0.2813 -0.2813 -0.2813 -0.2813 -0.2813 -0.2813 -0.2813 -0.2902 0.2659 0.2659 0.1707 -0.1109 
fb2 = -0.2387 -0.2606 -0.2606 -0.2606 -0.2606 -0.2606 -0.2606 -0.2606 -0.2709 -0.2709 -0.2709 -0.2709 -0.2709 -0.2709 -0.2709 -0.2812 -0.2812 -0.2812 -0.2812 -0.2812 -0.2812 -0.2812 -0.2902 0.2714 0.2714 0.1736 -0.1109 
fb3 = -0.2387 -0.2606 -0.2606 -0.2606 -0.2606 -0.2606 -0.2606 -0.2606 -0.2709 -0.2709 -0.2709 -0.2709 -0.2709 -0.2709 -0.2709 -0.2812 -0.2812 -0.2812 -0.2812 -0.2812 -0.2812 -0.2812 -0.2902 0.2715 0.2715 0.1736 -0.1109 
fb4 = -0.2387 -0.2605 -0.2605 -0.2605 -0.2605 -0.2605 -0.2605 -0.2605 -0.2708 -0.2708 -0.2708 -0.2708 -0.2708 -0.2708 -0.2708 -0.2811 -0.2811 -0.2811 -0.2811 -0.2811 -0.2811 -0.2811 -0.2901 0.2771 0.2771 0.1765 -0.1108 
I = 14.9000 9.4000 9.4000 9.4000 9.4000 9.4000 9.4000 9.4000 6.0000 6.0000 6.0000 6.0000 6.0000 6.0000 6.0000 2.0000 2.0000 2.0000 2.0000 2.0000 2.0000 2.0000 -2.0000 24.4320 24.4320 10.0000 -5.4357 
S1 = 0.0000 0.0000 0.0000 0.0000 0.0000 0.0000 0.0000 0.0000 0.0000 0.0000 0.0000 0.0000 0.0000 0.0000 0.0000 0.0000 0.0000 0.0000 0.0000 0.0000 0.0000 0.0000 0.0000 0.0000 0.0000 0.0000 0.0000 
S2 = 0.0000 0.0000 0.0000 0.0000 0.0000 0.0000 0.0000 0.0000 0.0000 0.0000 0.0000 0.0000 0.0000 0.0000 0.0000 0.0000 0.0000 0.0000 0.0000 0.0000 0.0000 0.0000 0.0000 0.4320 0.4320 0.0000 5.5643 
u = 9.0482 8.9988 8.9988 8.9988 8.9988 8.9988 8.9988 8.9988 8.9725 8.9725 8.9725 8.9725 8.9725 8.9725 8.9725 8.9445 8.9445 8.9445 8.9445 8.9445 8.9445 8.9445 8.9189 10.1464 10.1464 10.7961 9.5635 
v = 30.8141 24.8542 24.8542 24.8542 24.8542 24.8542 24.8542 24.8542 22.0183 22.0183 22.0183 22.0183 22.0183 22.0183 22.0183 19.1607 19.1607 19.1607 19.1607 19.1607 19.1607 19.1607 16.6590 120.0149 120.0149 98.1156 20.1068 
