ExternalI = 5.5000 0.0000 0.0000 0.0000 0.0000 0.0000 0.0000 0.0000 4.0000 4.0000 4.0000 4.0000 4.0000 4.0000 4.0000 0.0000 0.0000 0.0000 0.0000 0.0000 0.0000 0.0000 0.0000 8.0000 8.0000 0.0000 0.0000 
before u = 9.0482 8.9988 8.9988 8.9988 8.9988 8.9988 8.9988 8.9988 8.9725 8.9725 8.9725 8.9725 8.9725 8.9725 8.9725 8.9445 8.9445 8.9445 8.9445 8.9445 8.9445 8.9445 8.9189 10.1464 10.1464 10.7961 9.5635 
before v = 30.8141 24.8542 24.8542 24.8542 24.8542 24.8542 24.8542 24.8542 22.0183 22.0183 22.0183 22.0183 22.0183 22.0183 22.0183 19.1607 19.1607 19.1607 19.1607 19.1607 19.1607 19.1607 16.6590 120.0149 120.0149 98.1156 20.1068 
Ibias = 9.4000 9.4000 9.4000 9.4000 9.4000 9.4000 9.4000 9.4000 2.0000 2.0000 2.0000 2.0000 2.0000 2.0000 2.0000 2.0000 2.0000 2.0000 2.0000 2.0000 2.0000 2.0000 -2.0000 16.0000 16.0000 10.0000 -11.0000 
fa1 = 1.3899 0.5479 0.5479 0.5479 0.5479 0.5479 0.5479 0.5479 0.3648 0.3648 0.3648 0.3648 0.3648 0.3648 0.3648 0.2586 0.2586 0.2586 0.2586 0.2586 0.2586 0.2586 0.2050 290.3832 290.3832 149.9241 0.8405 
fa2 = 1.3874 0.5464 0.5464 0.5464 0.5464 0.5464 0.5464 0.5464 0.3639 0.3639 0.3639 0.3639 0.3639 0.3639 0.3639 0.2581 0.2581 0.2581 0.2581 0.2581 0.2581 0.2581 0.2047 300.0505 300.0505 153.5808 0.8352 
fa3 = 1.3874 0.5464 0.5464 0.5464 0.5464 0.5464 0.5464 0.5464 0.3639 0.3639 0.3639 0.3639 0.3639 0.3639 0.3639 0.2581 0.2581 0.2581 0.2581 0.2581 0.2581 0.2581 0.2047 300.3753 300.3753 153.6705 0.8353 
fa4 = 1.3848 0.5449 0.5449 0.5449 0.5449 0.5449 0.5449 0.5449 0.3630 0.3630 0.3630 0.3630 0.3630 0.3630 0.3630 0.2576 0.2576 0.2576 0.2576 0.2576 0.2576 0.2576 0.2045 310.5696 310.5696 157.4686 0.8300 
fb1 = -0.2387 -0.2605 -0.2605 -0.2605 -0.2605 -0.2605 -0.2605 -0.2605 -0.2708 -0.2708 -0.2708 -0.2708 -0.2708 -0.2708 -0.2708 -0.2811 -0.2811 -0.2811 -0.2811 -0.2811 -0.2811 -0.2811 -0.2901 0.2771 0.2771 0.1765 -0.1108 
fb2 = -0.2386 -0.2605 -0.2605 -0.2605 -0.2605 -0.2605 -0.2605 -0.2605 -0.2708 -0.2708 -0.2708 -0.2708 -0.2708 -0.2708 -0.2708 -0.2811 -0.2811 -0.2811 -0.2811 -0.2811 -0.2811 -0.2811 -0.2901 0.2829 0.2829 0.1795 -0.1108 
fb3 = -0.2386 -0.2605 -0.2605 -0.2605 -0.2605 -0.2605 -0.2605 -0.2605 -0.2708 -0.2708 -0.2708 -0.2708 -0.2708 -0.2708 -0.2708 -0.2811 -0.2811 -0.2811 -0.2811 -0.2811 -0.2811 -0.2811 -0.2901 0.2831 0.2831 0.1796 -0.1108 
fb4 = -0.2385 -0.2604 -0.2604 -0.2604 -0.2604 -0.2604 -0.2604 -0.2604 -0.2707 -0.2707 -0.2707 -0.2707 -0.2707 -0.2707 -0.2707 -0.2810 -0.2810 -0.2810 -0.2810 -0.2810 -0.2810 -0.2810 -0.2900 0.2891 0.2891 0.1827 -0.1108 
I = 14.9000 9.4000 9.4000 9.4000 9.4000 9.4000 9.4000 9.4000 6.0000 6.0000 6.0000 6.0000 6.0000 6.0000 6.0000 2.0000 2.0000 2.0000 2.0000 2.0000 2.0000 2.0000 -2.0000 24.4312 24.4312 10.0000 -5.4468 
S1 = 0.0000 0.0000 0.0000 0.0000 0.0000 0.0000 0.0000 0.0000 0.0000 0.0000 0.0000 0.0000 0.0000 0.0000 0.0000 0.0000 0.0000 0.0000 0.0000 0.0000 0.0000 0.0000 0.0000 0.0000 0.0000 0.0000 0.0000 
S2 = 0.0000 0.0000 0.0000 0.0000 0.0000 0.0000 0.0000 0.0000 0.0000 0.0000 0.0000 0.0000 0.0000 0.0000 0.0000 0.0000 0.0000 0.0000 0.0000 0.0000 0.0000 0.0000 0.0000 0.4312 0.4312 0.0000 5.5532 
u = 9.0458 8.9962 8.9962 8.9962 8.9962 8.9962 8.9962 8.9962 8.9698 8.9698 8.9698 8.9698 8.9698 8.9698 8.9698 8.9417 8.9417 8.9417 8.9417 8.9417 8.9417 8.9417 8.9160 10.1492 10.1492 10.7979 9.5624 
v = 30.8279 24.8597 24.8597 24.8597 24.8597 24.8597 24.8597 24.8597 22.0220 22.0220 22.0220 22.0220 22.0220 22.0220 22.0220 19.1633 19.1633 19.1633 19.1633 19.1633 19.1633 19.1633 16.6610 123.0179 123.0179 99.6521 20.1152 
