ExternalI = 5.5000 0.0000 0.0000 0.0000 0.0000 0.0000 0.0000 0.0000 4.0000 4.0000 4.0000 4.0000 4.0000 4.0000 4.0000 0.0000 0.0000 0.0000 0.0000 0.0000 0.0000 0.0000 0.0000 8.0000 8.0000 0.0000 0.0000 
before u = 9.0458 8.9962 8.9962 8.9962 8.9962 8.9962 8.9962 8.9962 8.9698 8.9698 8.9698 8.9698 8.9698 8.9698 8.9698 8.9417 8.9417 8.9417 8.9417 8.9417 8.9417 8.9417 8.9160 10.1492 10.1492 10.7979 9.5624 
before v = 30.8279 24.8597 24.8597 24.8597 24.8597 24.8597 24.8597 24.8597 22.0220 22.0220 22.0220 22.0220 22.0220 22.0220 22.0220 19.1633 19.1633 19.1633 19.1633 19.1633 19.1633 19.1633 16.6610 123.0179 123.0179 99.6521 20.1152 
Ibias = 9.4000 9.4000 9.4000 9.4000 9.4000 9.4000 9.4000 9.4000 2.0000 2.0000 2.0000 2.0000 2.0000 2.0000 2.0000 2.0000 2.0000 2.0000 2.0000 2.0000 2.0000 2.0000 -2.0000 16.0000 16.0000 10.0000 -11.0000 
fa1 = 1.3848 0.5449 0.5449 0.5449 0.5449 0.5449 0.5449 0.5449 0.3630 0.3630 0.3630 0.3630 0.3630 0.3630 0.3630 0.2576 0.2576 0.2576 0.2576 0.2576 0.2576 0.2576 0.2045 310.5637 310.5637 157.4675 0.8189 
fa2 = 1.3823 0.5435 0.5435 0.5435 0.5435 0.5435 0.5435 0.5435 0.3621 0.3621 0.3621 0.3621 0.3621 0.3621 0.3621 0.2571 0.2571 0.2571 0.2571 0.2571 0.2571 0.2571 0.2042 321.2822 321.2822 161.4062 0.8138 
fa3 = 1.3824 0.5435 0.5435 0.5435 0.5435 0.5435 0.5435 0.5435 0.3621 0.3621 0.3621 0.3621 0.3621 0.3621 0.3621 0.2571 0.2571 0.2571 0.2571 0.2571 0.2571 0.2571 0.2042 321.6556 321.6556 161.5054 0.8138 
fa4 = 1.3799 0.5420 0.5420 0.5420 0.5420 0.5420 0.5420 0.5420 0.3612 0.3612 0.3612 0.3612 0.3612 0.3612 0.3612 0.2566 0.2566 0.2566 0.2566 0.2566 0.2566 0.2566 0.2040 332.9804 332.9804 165.6003 0.8087 
fb1 = -0.2385 -0.2604 -0.2604 -0.2604 -0.2604 -0.2604 -0.2604 -0.2604 -0.2707 -0.2707 -0.2707 -0.2707 -0.2707 -0.2707 -0.2707 -0.2810 -0.2810 -0.2810 -0.2810 -0.2810 -0.2810 -0.2810 -0.2900 0.2891 0.2891 0.1827 -0.1108 
fb2 = -0.2384 -0.2603 -0.2603 -0.2603 -0.2603 -0.2603 -0.2603 -0.2603 -0.2706 -0.2706 -0.2706 -0.2706 -0.2706 -0.2706 -0.2706 -0.2810 -0.2810 -0.2810 -0.2810 -0.2810 -0.2810 -0.2810 -0.2899 0.2953 0.2953 0.1858 -0.1108 
fb3 = -0.2384 -0.2603 -0.2603 -0.2603 -0.2603 -0.2603 -0.2603 -0.2603 -0.2706 -0.2706 -0.2706 -0.2706 -0.2706 -0.2706 -0.2706 -0.2810 -0.2810 -0.2810 -0.2810 -0.2810 -0.2810 -0.2810 -0.2899 0.2955 0.2955 0.1859 -0.1108 
fb4 = -0.2384 -0.2603 -0.2603 -0.2603 -0.2603 -0.2603 -0.2603 -0.2603 -0.2706 -0.2706 -0.2706 -0.2706 -0.2706 -0.2706 -0.2706 -0.2809 -0.2809 -0.2809 -0.2809 -0.2809 -0.2809 -0.2809 -0.2899 0.3019 0.3019 0.1891 -0.1107 
I = 14.9000 9.4000 9.4000 9.4000 9.4000 9.4000 9.4000 9.4000 6.0000 6.0000 6.0000 6.0000 6.0000 6.0000 6.0000 2.0000 2.0000 2.0000 2.0000 2.0000 2.0000 2.0000 -2.0000 24.4303 24.4303 10.0000 -5.4579 
S1 = 0.0000 0.0000 0.0000 0.0000 0.0000 0.0000 0.0000 0.0000 0.0000 0.0000 0.0000 0.0000 0.0000 0.0000 0.0000 0.0000 0.0000 0.0000 0.0000 0.0000 0.0000 0.0000 0.0000 0.0000 0.0000 0.0000 0.0000 
S2 = 0.0000 0.0000 0.0000 0.0000 0.0000 0.0000 0.0000 0.0000 0.0000 0.0000 0.0000 0.0000 0.0000 0.0000 0.0000 0.0000 0.0000 0.0000 0.0000 0.0000 0.0000 0.0000 0.0000 0.4303 0.4303 0.0000 5.5421 
u = 9.0434 8.9936 8.9936 8.9936 8.9936 8.9936 8.9936 8.9936 8.9671 8.9671 8.9671 8.9671 8.9671 8.9671 8.9671 8.9389 8.9389 8.9389 8.9389 8.9389 8.9389 8.9389 8.9131 10.1521 10.1521 10.7997 9.5613 
v = 30.8418 24.8651 24.8651 24.8651 24.8651 24.8651 24.8651 24.8651 22.0256 22.0256 22.0256 22.0256 22.0256 22.0256 22.0256 19.1659 19.1659 19.1659 19.1659 19.1659 19.1659 19.1659 16.6631 126.2336 126.2336 101.2669 20.1233 
