ExternalI = 5.5000 0.0000 0.0000 0.0000 0.0000 0.0000 0.0000 0.0000 4.0000 4.0000 4.0000 4.0000 4.0000 4.0000 4.0000 0.0000 0.0000 0.0000 0.0000 0.0000 0.0000 0.0000 0.0000 8.0000 8.0000 0.0000 0.0000 
before u = 9.0434 8.9936 8.9936 8.9936 8.9936 8.9936 8.9936 8.9936 8.9671 8.9671 8.9671 8.9671 8.9671 8.9671 8.9671 8.9389 8.9389 8.9389 8.9389 8.9389 8.9389 8.9389 8.9131 10.1521 10.1521 10.7997 9.5613 
before v = 30.8418 24.8651 24.8651 24.8651 24.8651 24.8651 24.8651 24.8651 22.0256 22.0256 22.0256 22.0256 22.0256 22.0256 22.0256 19.1659 19.1659 19.1659 19.1659 19.1659 19.1659 19.1659 16.6631 126.2336 126.2336 101.2669 20.1233 
Ibias = 9.4000 9.4000 9.4000 9.4000 9.4000 9.4000 9.4000 9.4000 2.0000 2.0000 2.0000 2.0000 2.0000 2.0000 2.0000 2.0000 2.0000 2.0000 2.0000 2.0000 2.0000 2.0000 -2.0000 16.0000 16.0000 10.0000 -11.0000 
fa1 = 1.3799 0.5420 0.5420 0.5420 0.5420 0.5420 0.5420 0.5420 0.3612 0.3612 0.3612 0.3612 0.3612 0.3612 0.3612 0.2566 0.2566 0.2566 0.2566 0.2566 0.2566 0.2566 0.2040 332.9735 332.9735 165.5991 0.7976 
fa2 = 1.3774 0.5406 0.5406 0.5406 0.5406 0.5406 0.5406 0.5406 0.3603 0.3603 0.3603 0.3603 0.3603 0.3603 0.3603 0.2562 0.2562 0.2562 0.2562 0.2562 0.2562 0.2562 0.2037 344.9012 344.9012 169.8495 0.7926 
fa3 = 1.3774 0.5406 0.5406 0.5406 0.5406 0.5406 0.5406 0.5406 0.3603 0.3603 0.3603 0.3603 0.3603 0.3603 0.3603 0.2562 0.2562 0.2562 0.2562 0.2562 0.2562 0.2562 0.2037 345.3326 345.3326 169.9593 0.7927 
fa4 = 1.3749 0.5392 0.5392 0.5392 0.5392 0.5392 0.5392 0.5392 0.3594 0.3594 0.3594 0.3594 0.3594 0.3594 0.3594 0.2557 0.2557 0.2557 0.2557 0.2557 0.2557 0.2557 0.2035 357.9615 357.9615 174.3830 0.7877 
fb1 = -0.2384 -0.2603 -0.2603 -0.2603 -0.2603 -0.2603 -0.2603 -0.2603 -0.2706 -0.2706 -0.2706 -0.2706 -0.2706 -0.2706 -0.2706 -0.2809 -0.2809 -0.2809 -0.2809 -0.2809 -0.2809 -0.2809 -0.2899 0.3019 0.3019 0.1891 -0.1107 
fb2 = -0.2383 -0.2602 -0.2602 -0.2602 -0.2602 -0.2602 -0.2602 -0.2602 -0.2705 -0.2705 -0.2705 -0.2705 -0.2705 -0.2705 -0.2705 -0.2808 -0.2808 -0.2808 -0.2808 -0.2808 -0.2808 -0.2808 -0.2898 0.3085 0.3085 0.1924 -0.1107 
fb3 = -0.2383 -0.2602 -0.2602 -0.2602 -0.2602 -0.2602 -0.2602 -0.2602 -0.2705 -0.2705 -0.2705 -0.2705 -0.2705 -0.2705 -0.2705 -0.2808 -0.2808 -0.2808 -0.2808 -0.2808 -0.2808 -0.2808 -0.2898 0.3088 0.3088 0.1925 -0.1107 
fb4 = -0.2382 -0.2602 -0.2602 -0.2602 -0.2602 -0.2602 -0.2602 -0.2602 -0.2705 -0.2705 -0.2705 -0.2705 -0.2705 -0.2705 -0.2705 -0.2808 -0.2808 -0.2808 -0.2808 -0.2808 -0.2808 -0.2808 -0.2897 0.3156 0.3156 0.1958 -0.1107 
I = 14.9000 9.4000 9.4000 9.4000 9.4000 9.4000 9.4000 9.4000 6.0000 6.0000 6.0000 6.0000 6.0000 6.0000 6.0000 2.0000 2.0000 2.0000 2.0000 2.0000 2.0000 2.0000 -2.0000 24.4294 24.4294 10.0000 -5.4690 
S1 = 0.0000 0.0000 0.0000 0.0000 0.0000 0.0000 0.0000 0.0000 0.0000 0.0000 0.0000 0.0000 0.0000 0.0000 0.0000 0.0000 0.0000 0.0000 0.0000 0.0000 0.0000 0.0000 0.0000 0.0000 0.0000 0.0000 0.0000 
S2 = 0.0000 0.0000 0.0000 0.0000 0.0000 0.0000 0.0000 0.0000 0.0000 0.0000 0.0000 0.0000 0.0000 0.0000 0.0000 0.0000 0.0000 0.0000 0.0000 0.0000 0.0000 0.0000 0.0000 0.4294 0.4294 0.0000 5.5310 
u = 9.0410 8.9910 8.9910 8.9910 8.9910 8.9910 8.9910 8.9910 8.9644 8.9644 8.9644 8.9644 8.9644 8.9644 8.9644 8.9361 8.9361 8.9361 8.9361 8.9361 8.9361 8.9361 8.9102 10.1552 10.1552 10.8017 9.5602 
v = 30.8555 24.8705 24.8705 24.8705 24.8705 24.8705 24.8705 24.8705 22.0292 22.0292 22.0292 22.0292 22.0292 22.0292 22.0292 19.1685 19.1685 19.1685 19.1685 19.1685 19.1685 19.1685 16.6651 129.6860 129.6860 102.9663 20.1313 
