ExternalI = 5.5000 0.0000 0.0000 0.0000 0.0000 0.0000 0.0000 0.0000 4.0000 4.0000 4.0000 4.0000 4.0000 4.0000 4.0000 0.0000 0.0000 0.0000 0.0000 0.0000 0.0000 0.0000 0.0000 8.0000 8.0000 0.0000 0.0000 
before u = 9.0410 8.9910 8.9910 8.9910 8.9910 8.9910 8.9910 8.9910 8.9644 8.9644 8.9644 8.9644 8.9644 8.9644 8.9644 8.9361 8.9361 8.9361 8.9361 8.9361 8.9361 8.9361 8.9102 10.1552 10.1552 10.8017 9.5602 
before v = 30.8555 24.8705 24.8705 24.8705 24.8705 24.8705 24.8705 24.8705 22.0292 22.0292 22.0292 22.0292 22.0292 22.0292 22.0292 19.1685 19.1685 19.1685 19.1685 19.1685 19.1685 19.1685 16.6651 129.6860 129.6860 102.9663 20.1313 
Ibias = 9.4000 9.4000 9.4000 9.4000 9.4000 9.4000 9.4000 9.4000 2.0000 2.0000 2.0000 2.0000 2.0000 2.0000 2.0000 2.0000 2.0000 2.0000 2.0000 2.0000 2.0000 2.0000 -2.0000 16.0000 16.0000 10.0000 -11.0000 
fa1 = 1.3749 0.5392 0.5392 0.5392 0.5392 0.5392 0.5392 0.5392 0.3594 0.3594 0.3594 0.3594 0.3594 0.3594 0.3594 0.2557 0.2557 0.2557 0.2557 0.2557 0.2557 0.2557 0.2035 357.9534 357.9534 174.3816 0.7767 
fa2 = 1.3725 0.5378 0.5378 0.5378 0.5378 0.5378 0.5378 0.5378 0.3586 0.3586 0.3586 0.3586 0.3586 0.3586 0.3586 0.2552 0.2552 0.2552 0.2552 0.2552 0.2552 0.2552 0.2032 371.2792 371.2792 178.9775 0.7718 
fa3 = 1.3725 0.5378 0.5378 0.5378 0.5378 0.5378 0.5378 0.5378 0.3586 0.3586 0.3586 0.3586 0.3586 0.3586 0.3586 0.2552 0.2552 0.2552 0.2552 0.2552 0.2552 0.2552 0.2032 371.7803 371.7803 179.0995 0.7718 
fa4 = 1.3700 0.5363 0.5363 0.5363 0.5363 0.5363 0.5363 0.5363 0.3577 0.3577 0.3577 0.3577 0.3577 0.3577 0.3577 0.2548 0.2548 0.2548 0.2548 0.2548 0.2548 0.2548 0.2030 385.9214 385.9214 183.8879 0.7670 
fb1 = -0.2382 -0.2602 -0.2602 -0.2602 -0.2602 -0.2602 -0.2602 -0.2602 -0.2705 -0.2705 -0.2705 -0.2705 -0.2705 -0.2705 -0.2705 -0.2808 -0.2808 -0.2808 -0.2808 -0.2808 -0.2808 -0.2808 -0.2897 0.3156 0.3156 0.1958 -0.1107 
fb2 = -0.2381 -0.2601 -0.2601 -0.2601 -0.2601 -0.2601 -0.2601 -0.2601 -0.2704 -0.2704 -0.2704 -0.2704 -0.2704 -0.2704 -0.2704 -0.2807 -0.2807 -0.2807 -0.2807 -0.2807 -0.2807 -0.2807 -0.2897 0.3228 0.3228 0.1993 -0.1107 
fb3 = -0.2381 -0.2601 -0.2601 -0.2601 -0.2601 -0.2601 -0.2601 -0.2601 -0.2704 -0.2704 -0.2704 -0.2704 -0.2704 -0.2704 -0.2704 -0.2807 -0.2807 -0.2807 -0.2807 -0.2807 -0.2807 -0.2807 -0.2897 0.3230 0.3230 0.1994 -0.1107 
fb4 = -0.2381 -0.2600 -0.2600 -0.2600 -0.2600 -0.2600 -0.2600 -0.2600 -0.2703 -0.2703 -0.2703 -0.2703 -0.2703 -0.2703 -0.2703 -0.2806 -0.2806 -0.2806 -0.2806 -0.2806 -0.2806 -0.2806 -0.2896 0.3304 0.3304 0.2030 -0.1106 
I = 14.9000 9.4000 9.4000 9.4000 9.4000 9.4000 9.4000 9.4000 6.0000 6.0000 6.0000 6.0000 6.0000 6.0000 6.0000 2.0000 2.0000 2.0000 2.0000 2.0000 2.0000 2.0000 -2.0000 24.4286 24.4286 10.0000 -5.4801 
S1 = 0.0000 0.0000 0.0000 0.0000 0.0000 0.0000 0.0000 0.0000 0.0000 0.0000 0.0000 0.0000 0.0000 0.0000 0.0000 0.0000 0.0000 0.0000 0.0000 0.0000 0.0000 0.0000 0.0000 0.0000 0.0000 0.0000 0.0000 
S2 = 0.0000 0.0000 0.0000 0.0000 0.0000 0.0000 0.0000 0.0000 0.0000 0.0000 0.0000 0.0000 0.0000 0.0000 0.0000 0.0000 0.0000 0.0000 0.0000 0.0000 0.0000 0.0000 0.0000 0.4286 0.4286 0.0000 5.5199 
u = 9.0387 8.9884 8.9884 8.9884 8.9884 8.9884 8.9884 8.9884 8.9617 8.9617 8.9617 8.9617 8.9617 8.9617 8.9617 8.9333 8.9333 8.9333 8.9333 8.9333 8.9333 8.9333 8.9073 10.1585 10.1585 10.8037 9.5591 
v = 30.8693 24.8759 24.8759 24.8759 24.8759 24.8759 24.8759 24.8759 22.0328 22.0328 22.0328 22.0328 22.0328 22.0328 22.0328 19.1710 19.1710 19.1710 19.1710 19.1710 19.1710 19.1710 16.6671 133.4026 133.4026 104.7570 20.1390 
