ExternalI = 5.5000 0.0000 0.0000 0.0000 0.0000 0.0000 0.0000 0.0000 4.0000 4.0000 4.0000 4.0000 4.0000 4.0000 4.0000 0.0000 0.0000 0.0000 0.0000 0.0000 0.0000 0.0000 0.0000 8.0000 8.0000 0.0000 0.0000 
before u = 9.0387 8.9884 8.9884 8.9884 8.9884 8.9884 8.9884 8.9884 8.9617 8.9617 8.9617 8.9617 8.9617 8.9617 8.9617 8.9333 8.9333 8.9333 8.9333 8.9333 8.9333 8.9333 8.9073 10.2585 10.2585 10.8037 9.5591 
before v = 30.8693 24.8759 24.8759 24.8759 24.8759 24.8759 24.8759 24.8759 22.0328 22.0328 22.0328 22.0328 22.0328 22.0328 22.0328 19.1710 19.1710 19.1710 19.1710 19.1710 19.1710 19.1710 16.6671 55.0000 55.0000 104.7570 20.1390 
Ibias = 9.4000 9.4000 9.4000 9.4000 9.4000 9.4000 9.4000 9.4000 2.0000 2.0000 2.0000 2.0000 2.0000 2.0000 2.0000 2.0000 2.0000 2.0000 2.0000 2.0000 2.0000 2.0000 -2.0000 16.0000 16.0000 10.0000 -11.0000 
fa1 = 1.3700 0.5363 0.5363 0.5363 0.5363 0.5363 0.5363 0.5363 0.3577 0.3577 0.3577 0.3577 0.3577 0.3577 0.3577 0.2548 0.2548 0.2548 0.2548 0.2548 0.2548 0.2548 0.2030 30.6693 30.6693 183.8864 2.2560 
fa2 = 1.3676 0.5349 0.5349 0.5349 0.5349 0.5349 0.5349 0.5349 0.3568 0.3568 0.3568 0.3568 0.3568 0.3568 0.3568 0.2543 0.2543 0.2543 0.2543 0.2543 0.2543 0.2543 0.2027 30.8848 30.8848 188.8662 2.2409 
fa3 = 1.3676 0.5349 0.5349 0.5349 0.5349 0.5349 0.5349 0.5349 0.3569 0.3569 0.3569 0.3569 0.3569 0.3569 0.3569 0.2543 0.2543 0.2543 0.2543 0.2543 0.2543 0.2543 0.2027 30.8863 30.8863 189.0020 2.2410 
fa4 = 1.3651 0.5335 0.5335 0.5335 0.5335 0.5335 0.5335 0.5335 0.3560 0.3560 0.3560 0.3560 0.3560 0.3560 0.3560 0.2538 0.2538 0.2538 0.2538 0.2538 0.2538 0.2538 0.2025 31.1053 31.1053 194.1965 2.2260 
fb1 = -0.2381 -0.2600 -0.2600 -0.2600 -0.2600 -0.2600 -0.2600 -0.2600 -0.2703 -0.2703 -0.2703 -0.2703 -0.2703 -0.2703 -0.2703 -0.2806 -0.2806 -0.2806 -0.2806 -0.2806 -0.2806 -0.2806 -0.2896 0.0148 0.0148 0.2030 -0.1106 
fb2 = -0.2380 -0.2600 -0.2600 -0.2600 -0.2600 -0.2600 -0.2600 -0.2600 -0.2703 -0.2703 -0.2703 -0.2703 -0.2703 -0.2703 -0.2703 -0.2806 -0.2806 -0.2806 -0.2806 -0.2806 -0.2806 -0.2806 -0.2896 0.0154 0.0154 0.2066 -0.1106 
fb3 = -0.2380 -0.2600 -0.2600 -0.2600 -0.2600 -0.2600 -0.2600 -0.2600 -0.2703 -0.2703 -0.2703 -0.2703 -0.2703 -0.2703 -0.2703 -0.2806 -0.2806 -0.2806 -0.2806 -0.2806 -0.2806 -0.2806 -0.2896 0.0154 0.0154 0.2067 -0.1106 
fb4 = -0.2379 -0.2599 -0.2599 -0.2599 -0.2599 -0.2599 -0.2599 -0.2599 -0.2702 -0.2702 -0.2702 -0.2702 -0.2702 -0.2702 -0.2702 -0.2805 -0.2805 -0.2805 -0.2805 -0.2805 -0.2805 -0.2805 -0.2895 0.0161 0.0161 0.2105 -0.1105 
I = 14.9000 9.4000 9.4000 9.4000 9.4000 9.4000 9.4000 9.4000 6.0000 6.0000 6.0000 6.0000 6.0000 6.0000 6.0000 2.0000 2.0000 2.0000 2.0000 2.0000 2.0000 2.0000 -2.0000 24.9277 24.9277 10.0000 -3.9911 
S1 = 0.0000 0.0000 0.0000 0.0000 0.0000 0.0000 0.0000 0.0000 0.0000 0.0000 0.0000 0.0000 0.0000 0.0000 0.0000 0.0000 0.0000 0.0000 0.0000 0.0000 0.0000 0.0000 0.0000 0.0000 0.0000 0.0000 0.0000 
S2 = 0.0000 0.0000 0.0000 0.0000 0.0000 0.0000 0.0000 0.0000 0.0000 0.0000 0.0000 0.0000 0.0000 0.0000 0.0000 0.0000 0.0000 0.0000 0.0000 0.0000 0.0000 0.0000 0.0000 0.9277 0.9277 0.0000 7.0089 
u = 9.0363 8.9858 8.9858 8.9858 8.9858 8.9858 8.9858 8.9858 8.9590 8.9590 8.9590 8.9590 8.9590 8.9590 8.9590 8.9305 8.9305 8.9305 8.9305 8.9305 8.9305 8.9305 8.9045 10.2586 10.2586 10.8057 9.5580 
v = 30.8829 24.8813 24.8813 24.8813 24.8813 24.8813 24.8813 24.8813 22.0363 22.0363 22.0363 22.0363 22.0363 22.0363 22.0363 19.1736 19.1736 19.1736 19.1736 19.1736 19.1736 19.1736 16.6692 55.3089 55.3089 106.6467 20.1614 
