ExternalI = 5.5000 0.0000 0.0000 0.0000 0.0000 0.0000 0.0000 0.0000 4.0000 4.0000 4.0000 4.0000 4.0000 4.0000 4.0000 0.0000 0.0000 0.0000 0.0000 0.0000 0.0000 0.0000 0.0000 8.0000 8.0000 0.0000 0.0000 
before u = 9.0363 8.9858 8.9858 8.9858 8.9858 8.9858 8.9858 8.9858 8.9590 8.9590 8.9590 8.9590 8.9590 8.9590 8.9590 8.9305 8.9305 8.9305 8.9305 8.9305 8.9305 8.9305 8.9045 10.2586 10.2586 10.8057 9.5580 
before v = 30.8829 24.8813 24.8813 24.8813 24.8813 24.8813 24.8813 24.8813 22.0363 22.0363 22.0363 22.0363 22.0363 22.0363 22.0363 19.1736 19.1736 19.1736 19.1736 19.1736 19.1736 19.1736 16.6692 55.3089 55.3089 106.6467 20.1614 
Ibias = 9.4000 9.4000 9.4000 9.4000 9.4000 9.4000 9.4000 9.4000 2.0000 2.0000 2.0000 2.0000 2.0000 2.0000 2.0000 2.0000 2.0000 2.0000 2.0000 2.0000 2.0000 2.0000 -2.0000 16.0000 16.0000 10.0000 -11.0000 
fa1 = 1.3651 0.5335 0.5335 0.5335 0.5335 0.5335 0.5335 0.5335 0.3560 0.3560 0.3560 0.3560 0.3560 0.3560 0.3560 0.2538 0.2538 0.2538 0.2538 0.2538 0.2538 0.2538 0.2025 31.1035 31.1035 194.1948 2.2120 
fa2 = 1.3627 0.5322 0.5322 0.5322 0.5322 0.5322 0.5322 0.5322 0.3551 0.3551 0.3551 0.3551 0.3551 0.3551 0.3551 0.2534 0.2534 0.2534 0.2534 0.2534 0.2534 0.2534 0.2022 31.3259 31.3259 199.6026 2.1972 
fa3 = 1.3627 0.5322 0.5322 0.5322 0.5322 0.5322 0.5322 0.5322 0.3552 0.3552 0.3552 0.3552 0.3552 0.3552 0.3552 0.2534 0.2534 0.2534 0.2534 0.2534 0.2534 0.2534 0.2023 31.3275 31.3275 199.7543 2.1973 
fa4 = 1.3603 0.5308 0.5308 0.5308 0.5308 0.5308 0.5308 0.5308 0.3543 0.3543 0.3543 0.3543 0.3543 0.3543 0.3543 0.2529 0.2529 0.2529 0.2529 0.2529 0.2529 0.2529 0.2020 31.5536 31.5536 205.4021 2.1826 
fb1 = -0.2379 -0.2599 -0.2599 -0.2599 -0.2599 -0.2599 -0.2599 -0.2599 -0.2702 -0.2702 -0.2702 -0.2702 -0.2702 -0.2702 -0.2702 -0.2805 -0.2805 -0.2805 -0.2805 -0.2805 -0.2805 -0.2805 -0.2895 0.0161 0.0161 0.2105 -0.1105 
fb2 = -0.2378 -0.2598 -0.2598 -0.2598 -0.2598 -0.2598 -0.2598 -0.2598 -0.2702 -0.2702 -0.2702 -0.2702 -0.2702 -0.2702 -0.2702 -0.2805 -0.2805 -0.2805 -0.2805 -0.2805 -0.2805 -0.2805 -0.2894 0.0167 0.0167 0.2143 -0.1105 
fb3 = -0.2378 -0.2598 -0.2598 -0.2598 -0.2598 -0.2598 -0.2598 -0.2598 -0.2702 -0.2702 -0.2702 -0.2702 -0.2702 -0.2702 -0.2702 -0.2805 -0.2805 -0.2805 -0.2805 -0.2805 -0.2805 -0.2805 -0.2894 0.0167 0.0167 0.2144 -0.1105 
fb4 = -0.2378 -0.2598 -0.2598 -0.2598 -0.2598 -0.2598 -0.2598 -0.2598 -0.2701 -0.2701 -0.2701 -0.2701 -0.2701 -0.2701 -0.2701 -0.2804 -0.2804 -0.2804 -0.2804 -0.2804 -0.2804 -0.2804 -0.2894 0.0173 0.0173 0.2184 -0.1104 
I = 14.9000 9.4000 9.4000 9.4000 9.4000 9.4000 9.4000 9.4000 6.0000 6.0000 6.0000 6.0000 6.0000 6.0000 6.0000 2.0000 2.0000 2.0000 2.0000 2.0000 2.0000 2.0000 -2.0000 24.9259 24.9259 10.0000 -4.0051 
S1 = 0.0000 0.0000 0.0000 0.0000 0.0000 0.0000 0.0000 0.0000 0.0000 0.0000 0.0000 0.0000 0.0000 0.0000 0.0000 0.0000 0.0000 0.0000 0.0000 0.0000 0.0000 0.0000 0.0000 0.0000 0.0000 0.0000 0.0000 
S2 = 0.0000 0.0000 0.0000 0.0000 0.0000 0.0000 0.0000 0.0000 0.0000 0.0000 0.0000 0.0000 0.0000 0.0000 0.0000 0.0000 0.0000 0.0000 0.0000 0.0000 0.0000 0.0000 0.0000 0.9259 0.9259 0.0000 6.9949 
u = 9.0339 8.9832 8.9832 8.9832 8.9832 8.9832 8.9832 8.9832 8.9563 8.9563 8.9563 8.9563 8.9563 8.9563 8.9563 8.9277 8.9277 8.9277 8.9277 8.9277 8.9277 8.9277 8.9016 10.2588 10.2588 10.8079 9.5569 
v = 30.8966 24.8866 24.8866 24.8866 24.8866 24.8866 24.8866 24.8866 22.0399 22.0399 22.0399 22.0399 22.0399 22.0399 22.0399 19.1761 19.1761 19.1761 19.1761 19.1761 19.1761 19.1761 16.6712 55.6221 55.6221 108.6439 20.1834 
