ExternalI = 5.5000 0.0000 0.0000 0.0000 0.0000 0.0000 0.0000 0.0000 4.0000 4.0000 4.0000 4.0000 4.0000 4.0000 4.0000 0.0000 0.0000 0.0000 0.0000 0.0000 0.0000 0.0000 0.0000 8.0000 8.0000 0.0000 0.0000 
before u = 9.0339 8.9832 8.9832 8.9832 8.9832 8.9832 8.9832 8.9832 8.9563 8.9563 8.9563 8.9563 8.9563 8.9563 8.9563 8.9277 8.9277 8.9277 8.9277 8.9277 8.9277 8.9277 8.9016 10.2588 10.2588 10.8079 9.5569 
before v = 30.8966 24.8866 24.8866 24.8866 24.8866 24.8866 24.8866 24.8866 22.0399 22.0399 22.0399 22.0399 22.0399 22.0399 22.0399 19.1761 19.1761 19.1761 19.1761 19.1761 19.1761 19.1761 16.6712 55.6221 55.6221 108.6439 20.1834 
Ibias = 9.4000 9.4000 9.4000 9.4000 9.4000 9.4000 9.4000 9.4000 2.0000 2.0000 2.0000 2.0000 2.0000 2.0000 2.0000 2.0000 2.0000 2.0000 2.0000 2.0000 2.0000 2.0000 -2.0000 16.0000 16.0000 10.0000 -11.0000 
fa1 = 1.3603 0.5308 0.5308 0.5308 0.5308 0.5308 0.5308 0.5308 0.3543 0.3543 0.3543 0.3543 0.3543 0.3543 0.3543 0.2529 0.2529 0.2529 0.2529 0.2529 0.2529 0.2529 0.2020 31.5517 31.5517 205.4001 2.1686 
fa2 = 1.3579 0.5294 0.5294 0.5294 0.5294 0.5294 0.5294 0.5294 0.3535 0.3535 0.3535 0.3535 0.3535 0.3535 0.3535 0.2525 0.2525 0.2525 0.2525 0.2525 0.2525 0.2525 0.2018 31.7813 31.7813 211.2863 2.1542 
fa3 = 1.3579 0.5294 0.5294 0.5294 0.5294 0.5294 0.5294 0.5294 0.3535 0.3535 0.3535 0.3535 0.3535 0.3535 0.3535 0.2525 0.2525 0.2525 0.2525 0.2525 0.2525 0.2525 0.2018 31.7830 31.7830 211.4563 2.1543 
fa4 = 1.3555 0.5280 0.5280 0.5280 0.5280 0.5280 0.5280 0.5280 0.3526 0.3526 0.3526 0.3526 0.3526 0.3526 0.3526 0.2520 0.2520 0.2520 0.2520 0.2520 0.2520 0.2520 0.2015 32.0163 32.0163 217.6118 2.1399 
fb1 = -0.2378 -0.2598 -0.2598 -0.2598 -0.2598 -0.2598 -0.2598 -0.2598 -0.2701 -0.2701 -0.2701 -0.2701 -0.2701 -0.2701 -0.2701 -0.2804 -0.2804 -0.2804 -0.2804 -0.2804 -0.2804 -0.2804 -0.2894 0.0173 0.0173 0.2184 -0.1104 
fb2 = -0.2377 -0.2597 -0.2597 -0.2597 -0.2597 -0.2597 -0.2597 -0.2597 -0.2700 -0.2700 -0.2700 -0.2700 -0.2700 -0.2700 -0.2700 -0.2803 -0.2803 -0.2803 -0.2803 -0.2803 -0.2803 -0.2803 -0.2893 0.0179 0.0179 0.2225 -0.1104 
fb3 = -0.2377 -0.2597 -0.2597 -0.2597 -0.2597 -0.2597 -0.2597 -0.2597 -0.2700 -0.2700 -0.2700 -0.2700 -0.2700 -0.2700 -0.2700 -0.2803 -0.2803 -0.2803 -0.2803 -0.2803 -0.2803 -0.2803 -0.2893 0.0179 0.0179 0.2226 -0.1104 
fb4 = -0.2376 -0.2597 -0.2597 -0.2597 -0.2597 -0.2597 -0.2597 -0.2597 -0.2700 -0.2700 -0.2700 -0.2700 -0.2700 -0.2700 -0.2700 -0.2803 -0.2803 -0.2803 -0.2803 -0.2803 -0.2803 -0.2803 -0.2893 0.0186 0.0186 0.2268 -0.1103 
I = 14.9000 9.4000 9.4000 9.4000 9.4000 9.4000 9.4000 9.4000 6.0000 6.0000 6.0000 6.0000 6.0000 6.0000 6.0000 2.0000 2.0000 2.0000 2.0000 2.0000 2.0000 2.0000 -2.0000 24.9240 24.9240 10.0000 -4.0191 
S1 = 0.0000 0.0000 0.0000 0.0000 0.0000 0.0000 0.0000 0.0000 0.0000 0.0000 0.0000 0.0000 0.0000 0.0000 0.0000 0.0000 0.0000 0.0000 0.0000 0.0000 0.0000 0.0000 0.0000 0.0000 0.0000 0.0000 0.0000 
S2 = 0.0000 0.0000 0.0000 0.0000 0.0000 0.0000 0.0000 0.0000 0.0000 0.0000 0.0000 0.0000 0.0000 0.0000 0.0000 0.0000 0.0000 0.0000 0.0000 0.0000 0.0000 0.0000 0.0000 0.9240 0.9240 0.0000 6.9809 
u = 9.0315 8.9806 8.9806 8.9806 8.9806 8.9806 8.9806 8.9806 8.9536 8.9536 8.9536 8.9536 8.9536 8.9536 8.9536 8.9249 8.9249 8.9249 8.9249 8.9249 8.9249 8.9249 8.8987 10.2590 10.2590 10.8101 9.5558 
v = 30.9101 24.8919 24.8919 24.8919 24.8919 24.8919 24.8919 24.8919 22.0434 22.0434 22.0434 22.0434 22.0434 22.0434 22.0434 19.1786 19.1786 19.1786 19.1786 19.1786 19.1786 19.1786 16.6732 55.9400 55.9400 110.7580 20.2049 
