ExternalI = 5.5000 0.0000 0.0000 0.0000 0.0000 0.0000 0.0000 0.0000 4.0000 4.0000 4.0000 4.0000 4.0000 4.0000 4.0000 0.0000 0.0000 0.0000 0.0000 0.0000 0.0000 0.0000 0.0000 8.0000 8.0000 0.0000 0.0000 
before u = 9.0315 8.9806 8.9806 8.9806 8.9806 8.9806 8.9806 8.9806 8.9536 8.9536 8.9536 8.9536 8.9536 8.9536 8.9536 8.9249 8.9249 8.9249 8.9249 8.9249 8.9249 8.9249 8.8987 10.2590 10.2590 10.8101 9.5558 
before v = 30.9101 24.8919 24.8919 24.8919 24.8919 24.8919 24.8919 24.8919 22.0434 22.0434 22.0434 22.0434 22.0434 22.0434 22.0434 19.1786 19.1786 19.1786 19.1786 19.1786 19.1786 19.1786 16.6732 55.9400 55.9400 110.7580 20.2049 
Ibias = 9.4000 9.4000 9.4000 9.4000 9.4000 9.4000 9.4000 9.4000 2.0000 2.0000 2.0000 2.0000 2.0000 2.0000 2.0000 2.0000 2.0000 2.0000 2.0000 2.0000 2.0000 2.0000 -2.0000 16.0000 16.0000 10.0000 -11.0000 
fa1 = 1.3555 0.5280 0.5280 0.5280 0.5280 0.5280 0.5280 0.5280 0.3526 0.3526 0.3526 0.3526 0.3526 0.3526 0.3526 0.2520 0.2520 0.2520 0.2520 0.2520 0.2520 0.2520 0.2015 32.0145 32.0145 217.6094 2.1260 
fa2 = 1.3531 0.5267 0.5267 0.5267 0.5267 0.5267 0.5267 0.5267 0.3518 0.3518 0.3518 0.3518 0.3518 0.3518 0.3518 0.2516 0.2516 0.2516 0.2516 0.2516 0.2516 0.2516 0.2013 32.2516 32.2516 224.0323 2.1118 
fa3 = 1.3531 0.5267 0.5267 0.5267 0.5267 0.5267 0.5267 0.5267 0.3518 0.3518 0.3518 0.3518 0.3518 0.3518 0.3518 0.2516 0.2516 0.2516 0.2516 0.2516 0.2516 0.2516 0.2013 32.2533 32.2533 224.2233 2.1119 
fa4 = 1.3508 0.5253 0.5253 0.5253 0.5253 0.5253 0.5253 0.5253 0.3510 0.3510 0.3510 0.3510 0.3510 0.3510 0.3510 0.2511 0.2511 0.2511 0.2511 0.2511 0.2511 0.2511 0.2011 32.4943 32.4943 230.9491 2.0979 
fb1 = -0.2376 -0.2597 -0.2597 -0.2597 -0.2597 -0.2597 -0.2597 -0.2597 -0.2700 -0.2700 -0.2700 -0.2700 -0.2700 -0.2700 -0.2700 -0.2803 -0.2803 -0.2803 -0.2803 -0.2803 -0.2803 -0.2803 -0.2893 0.0186 0.0186 0.2268 -0.1103 
fb2 = -0.2375 -0.2596 -0.2596 -0.2596 -0.2596 -0.2596 -0.2596 -0.2596 -0.2699 -0.2699 -0.2699 -0.2699 -0.2699 -0.2699 -0.2699 -0.2802 -0.2802 -0.2802 -0.2802 -0.2802 -0.2802 -0.2802 -0.2892 0.0192 0.0192 0.2312 -0.1102 
fb3 = -0.2375 -0.2596 -0.2596 -0.2596 -0.2596 -0.2596 -0.2596 -0.2596 -0.2699 -0.2699 -0.2699 -0.2699 -0.2699 -0.2699 -0.2699 -0.2802 -0.2802 -0.2802 -0.2802 -0.2802 -0.2802 -0.2802 -0.2892 0.0192 0.0192 0.2313 -0.1102 
fb4 = -0.2375 -0.2595 -0.2595 -0.2595 -0.2595 -0.2595 -0.2595 -0.2595 -0.2698 -0.2698 -0.2698 -0.2698 -0.2698 -0.2698 -0.2698 -0.2802 -0.2802 -0.2802 -0.2802 -0.2802 -0.2802 -0.2802 -0.2891 0.0199 0.0199 0.2358 -0.1102 
I = 14.9000 9.4000 9.4000 9.4000 9.4000 9.4000 9.4000 9.4000 6.0000 6.0000 6.0000 6.0000 6.0000 6.0000 6.0000 2.0000 2.0000 2.0000 2.0000 2.0000 2.0000 2.0000 -2.0000 24.9222 24.9222 10.0000 -4.0331 
S1 = 0.0000 0.0000 0.0000 0.0000 0.0000 0.0000 0.0000 0.0000 0.0000 0.0000 0.0000 0.0000 0.0000 0.0000 0.0000 0.0000 0.0000 0.0000 0.0000 0.0000 0.0000 0.0000 0.0000 0.0000 0.0000 0.0000 0.0000 
S2 = 0.0000 0.0000 0.0000 0.0000 0.0000 0.0000 0.0000 0.0000 0.0000 0.0000 0.0000 0.0000 0.0000 0.0000 0.0000 0.0000 0.0000 0.0000 0.0000 0.0000 0.0000 0.0000 0.0000 0.9222 0.9222 0.0000 6.9669 
u = 9.0292 8.9780 8.9780 8.9780 8.9780 8.9780 8.9780 8.9780 8.9509 8.9509 8.9509 8.9509 8.9509 8.9509 8.9509 8.9221 8.9221 8.9221 8.9221 8.9221 8.9221 8.9221 8.8958 10.2591 10.2591 10.8124 9.5547 
v = 30.9237 24.8971 24.8971 24.8971 24.8971 24.8971 24.8971 24.8971 22.0469 22.0469 22.0469 22.0469 22.0469 22.0469 22.0469 19.1811 19.1811 19.1811 19.1811 19.1811 19.1811 19.1811 16.6752 56.2625 56.2625 112.9998 20.2260 
