ExternalI = 5.5000 0.0000 0.0000 0.0000 0.0000 0.0000 0.0000 0.0000 4.0000 4.0000 4.0000 4.0000 4.0000 4.0000 4.0000 0.0000 0.0000 0.0000 0.0000 0.0000 0.0000 0.0000 0.0000 8.0000 8.0000 0.0000 0.0000 
before u = 9.0292 8.9780 8.9780 8.9780 8.9780 8.9780 8.9780 8.9780 8.9509 8.9509 8.9509 8.9509 8.9509 8.9509 8.9509 8.9221 8.9221 8.9221 8.9221 8.9221 8.9221 8.9221 8.8958 10.2591 10.2591 10.8124 9.5547 
before v = 30.9237 24.8971 24.8971 24.8971 24.8971 24.8971 24.8971 24.8971 22.0469 22.0469 22.0469 22.0469 22.0469 22.0469 22.0469 19.1811 19.1811 19.1811 19.1811 19.1811 19.1811 19.1811 16.6752 56.2625 56.2625 112.9998 20.2260 
Ibias = 9.4000 9.4000 9.4000 9.4000 9.4000 9.4000 9.4000 9.4000 2.0000 2.0000 2.0000 2.0000 2.0000 2.0000 2.0000 2.0000 2.0000 2.0000 2.0000 2.0000 2.0000 2.0000 -2.0000 16.0000 16.0000 10.0000 -11.0000 
fa1 = 1.3508 0.5253 0.5253 0.5253 0.5253 0.5253 0.5253 0.5253 0.3510 0.3510 0.3510 0.3510 0.3510 0.3510 0.3510 0.2511 0.2511 0.2511 0.2511 0.2511 0.2511 0.2511 0.2011 32.4924 32.4924 230.9464 2.0839 
fa2 = 1.3484 0.5240 0.5240 0.5240 0.5240 0.5240 0.5240 0.5240 0.3502 0.3502 0.3502 0.3502 0.3502 0.3502 0.3502 0.2507 0.2507 0.2507 0.2507 0.2507 0.2507 0.2507 0.2009 32.7372 32.7372 237.9731 2.0701 
fa3 = 1.3484 0.5240 0.5240 0.5240 0.5240 0.5240 0.5240 0.5240 0.3502 0.3502 0.3502 0.3502 0.3502 0.3502 0.3502 0.2507 0.2507 0.2507 0.2507 0.2507 0.2507 0.2507 0.2009 32.7391 32.7391 238.1886 2.0702 
fa4 = 1.3461 0.5226 0.5226 0.5226 0.5226 0.5226 0.5226 0.5226 0.3494 0.3494 0.3494 0.3494 0.3494 0.3494 0.3494 0.2503 0.2503 0.2503 0.2503 0.2503 0.2503 0.2503 0.2006 32.9879 32.9879 245.5575 2.0564 
fb1 = -0.2375 -0.2595 -0.2595 -0.2595 -0.2595 -0.2595 -0.2595 -0.2595 -0.2698 -0.2698 -0.2698 -0.2698 -0.2698 -0.2698 -0.2698 -0.2802 -0.2802 -0.2802 -0.2802 -0.2802 -0.2802 -0.2802 -0.2891 0.0199 0.0199 0.2358 -0.1102 
fb2 = -0.2374 -0.2595 -0.2595 -0.2595 -0.2595 -0.2595 -0.2595 -0.2595 -0.2698 -0.2698 -0.2698 -0.2698 -0.2698 -0.2698 -0.2698 -0.2801 -0.2801 -0.2801 -0.2801 -0.2801 -0.2801 -0.2801 -0.2891 0.0205 0.0205 0.2403 -0.1101 
fb3 = -0.2374 -0.2595 -0.2595 -0.2595 -0.2595 -0.2595 -0.2595 -0.2595 -0.2698 -0.2698 -0.2698 -0.2698 -0.2698 -0.2698 -0.2698 -0.2801 -0.2801 -0.2801 -0.2801 -0.2801 -0.2801 -0.2801 -0.2891 0.0205 0.0205 0.2405 -0.1101 
fb4 = -0.2373 -0.2594 -0.2594 -0.2594 -0.2594 -0.2594 -0.2594 -0.2594 -0.2697 -0.2697 -0.2697 -0.2697 -0.2697 -0.2697 -0.2697 -0.2800 -0.2800 -0.2800 -0.2800 -0.2800 -0.2800 -0.2800 -0.2890 0.0212 0.0212 0.2452 -0.1101 
I = 14.9000 9.4000 9.4000 9.4000 9.4000 9.4000 9.4000 9.4000 6.0000 6.0000 6.0000 6.0000 6.0000 6.0000 6.0000 2.0000 2.0000 2.0000 2.0000 2.0000 2.0000 2.0000 -2.0000 24.9203 24.9203 10.0000 -4.0470 
S1 = 0.0000 0.0000 0.0000 0.0000 0.0000 0.0000 0.0000 0.0000 0.0000 0.0000 0.0000 0.0000 0.0000 0.0000 0.0000 0.0000 0.0000 0.0000 0.0000 0.0000 0.0000 0.0000 0.0000 0.0000 0.0000 0.0000 0.0000 
S2 = 0.0000 0.0000 0.0000 0.0000 0.0000 0.0000 0.0000 0.0000 0.0000 0.0000 0.0000 0.0000 0.0000 0.0000 0.0000 0.0000 0.0000 0.0000 0.0000 0.0000 0.0000 0.0000 0.0000 0.9203 0.9203 0.0000 6.9530 
u = 9.0268 8.9754 8.9754 8.9754 8.9754 8.9754 8.9754 8.9754 8.9482 8.9482 8.9482 8.9482 8.9482 8.9482 8.9482 8.9193 8.9193 8.9193 8.9193 8.9193 8.9193 8.9193 8.8929 10.2594 10.2594 10.8148 9.5536 
v = 30.9371 24.9024 24.9024 24.9024 24.9024 24.9024 24.9024 24.9024 22.0504 22.0504 22.0504 22.0504 22.0504 22.0504 22.0504 19.1836 19.1836 19.1836 19.1836 19.1836 19.1836 19.1836 16.6772 56.5899 56.5899 115.3812 20.2467 
