ExternalI = 5.5000 0.0000 0.0000 0.0000 0.0000 0.0000 0.0000 0.0000 4.0000 4.0000 4.0000 4.0000 4.0000 4.0000 4.0000 0.0000 0.0000 0.0000 0.0000 0.0000 0.0000 0.0000 0.0000 8.0000 8.0000 0.0000 0.0000 
before u = 9.0268 8.9754 8.9754 8.9754 8.9754 8.9754 8.9754 8.9754 8.9482 8.9482 8.9482 8.9482 8.9482 8.9482 8.9482 8.9193 8.9193 8.9193 8.9193 8.9193 8.9193 8.9193 8.8929 10.2594 10.2594 10.8148 9.5536 
before v = 30.9371 24.9024 24.9024 24.9024 24.9024 24.9024 24.9024 24.9024 22.0504 22.0504 22.0504 22.0504 22.0504 22.0504 22.0504 19.1836 19.1836 19.1836 19.1836 19.1836 19.1836 19.1836 16.6772 56.5899 56.5899 115.3812 20.2467 
Ibias = 9.4000 9.4000 9.4000 9.4000 9.4000 9.4000 9.4000 9.4000 2.0000 2.0000 2.0000 2.0000 2.0000 2.0000 2.0000 2.0000 2.0000 2.0000 2.0000 2.0000 2.0000 2.0000 -2.0000 16.0000 16.0000 10.0000 -11.0000 
fa1 = 1.3461 0.5226 0.5226 0.5226 0.5226 0.5226 0.5226 0.5226 0.3494 0.3494 0.3494 0.3494 0.3494 0.3494 0.3494 0.2503 0.2503 0.2503 0.2503 0.2503 0.2503 0.2503 0.2006 32.9861 32.9861 245.5543 2.0425 
fa2 = 1.3437 0.5213 0.5213 0.5213 0.5213 0.5213 0.5213 0.5213 0.3485 0.3485 0.3485 0.3485 0.3485 0.3485 0.3485 0.2498 0.2498 0.2498 0.2498 0.2498 0.2498 0.2498 0.2004 33.2389 33.2389 253.2630 2.0290 
fa3 = 1.3437 0.5213 0.5213 0.5213 0.5213 0.5213 0.5213 0.5213 0.3485 0.3485 0.3485 0.3485 0.3485 0.3485 0.3485 0.2498 0.2498 0.2498 0.2498 0.2498 0.2498 0.2498 0.2004 33.2409 33.2409 253.5070 2.0291 
fa4 = 1.3414 0.5200 0.5200 0.5200 0.5200 0.5200 0.5200 0.5200 0.3477 0.3477 0.3477 0.3477 0.3477 0.3477 0.3477 0.2494 0.2494 0.2494 0.2494 0.2494 0.2494 0.2494 0.2002 33.4979 33.4979 261.6036 2.0156 
fb1 = -0.2373 -0.2594 -0.2594 -0.2594 -0.2594 -0.2594 -0.2594 -0.2594 -0.2697 -0.2697 -0.2697 -0.2697 -0.2697 -0.2697 -0.2697 -0.2800 -0.2800 -0.2800 -0.2800 -0.2800 -0.2800 -0.2800 -0.2890 0.0212 0.0212 0.2452 -0.1101 
fb2 = -0.2372 -0.2593 -0.2593 -0.2593 -0.2593 -0.2593 -0.2593 -0.2593 -0.2697 -0.2697 -0.2697 -0.2697 -0.2697 -0.2697 -0.2697 -0.2800 -0.2800 -0.2800 -0.2800 -0.2800 -0.2800 -0.2800 -0.2889 0.0218 0.0218 0.2501 -0.1100 
fb3 = -0.2372 -0.2593 -0.2593 -0.2593 -0.2593 -0.2593 -0.2593 -0.2593 -0.2697 -0.2697 -0.2697 -0.2697 -0.2697 -0.2697 -0.2697 -0.2800 -0.2800 -0.2800 -0.2800 -0.2800 -0.2800 -0.2800 -0.2889 0.0218 0.0218 0.2503 -0.1100 
fb4 = -0.2372 -0.2593 -0.2593 -0.2593 -0.2593 -0.2593 -0.2593 -0.2593 -0.2696 -0.2696 -0.2696 -0.2696 -0.2696 -0.2696 -0.2696 -0.2799 -0.2799 -0.2799 -0.2799 -0.2799 -0.2799 -0.2799 -0.2889 0.0225 0.0225 0.2553 -0.1100 
I = 14.9000 9.4000 9.4000 9.4000 9.4000 9.4000 9.4000 9.4000 6.0000 6.0000 6.0000 6.0000 6.0000 6.0000 6.0000 2.0000 2.0000 2.0000 2.0000 2.0000 2.0000 2.0000 -2.0000 24.9185 24.9185 10.0000 -4.0609 
S1 = 0.0000 0.0000 0.0000 0.0000 0.0000 0.0000 0.0000 0.0000 0.0000 0.0000 0.0000 0.0000 0.0000 0.0000 0.0000 0.0000 0.0000 0.0000 0.0000 0.0000 0.0000 0.0000 0.0000 0.0000 0.0000 0.0000 0.0000 
S2 = 0.0000 0.0000 0.0000 0.0000 0.0000 0.0000 0.0000 0.0000 0.0000 0.0000 0.0000 0.0000 0.0000 0.0000 0.0000 0.0000 0.0000 0.0000 0.0000 0.0000 0.0000 0.0000 0.0000 0.9185 0.9185 0.0000 6.9391 
u = 9.0244 8.9728 8.9728 8.9728 8.9728 8.9728 8.9728 8.9728 8.9455 8.9455 8.9455 8.9455 8.9455 8.9455 8.9455 8.9165 8.9165 8.9165 8.9165 8.9165 8.9165 8.9165 8.8900 10.2596 10.2596 10.8173 9.5525 
v = 30.9506 24.9076 24.9076 24.9076 24.9076 24.9076 24.9076 24.9076 22.0539 22.0539 22.0539 22.0539 22.0539 22.0539 22.0539 19.1861 19.1861 19.1861 19.1861 19.1861 19.1861 19.1861 16.6792 56.9223 56.9223 117.9157 20.2670 
