ExternalI = 5.5000 0.0000 0.0000 0.0000 0.0000 0.0000 0.0000 0.0000 4.0000 4.0000 4.0000 4.0000 4.0000 4.0000 4.0000 0.0000 0.0000 0.0000 0.0000 0.0000 0.0000 0.0000 0.0000 8.0000 8.0000 0.0000 0.0000 
before u = 9.0244 8.9728 8.9728 8.9728 8.9728 8.9728 8.9728 8.9728 8.9455 8.9455 8.9455 8.9455 8.9455 8.9455 8.9455 8.9165 8.9165 8.9165 8.9165 8.9165 8.9165 8.9165 8.8900 10.2596 10.2596 10.8173 9.5525 
before v = 30.9506 24.9076 24.9076 24.9076 24.9076 24.9076 24.9076 24.9076 22.0539 22.0539 22.0539 22.0539 22.0539 22.0539 22.0539 19.1861 19.1861 19.1861 19.1861 19.1861 19.1861 19.1861 16.6792 56.9223 56.9223 117.9157 20.2670 
Ibias = 9.4000 9.4000 9.4000 9.4000 9.4000 9.4000 9.4000 9.4000 2.0000 2.0000 2.0000 2.0000 2.0000 2.0000 2.0000 2.0000 2.0000 2.0000 2.0000 2.0000 2.0000 2.0000 -2.0000 16.0000 16.0000 10.0000 -11.0000 
fa1 = 1.3414 0.5200 0.5200 0.5200 0.5200 0.5200 0.5200 0.5200 0.3477 0.3477 0.3477 0.3477 0.3477 0.3477 0.3477 0.2494 0.2494 0.2494 0.2494 0.2494 0.2494 0.2494 0.2002 33.4961 33.4961 261.5999 2.0018 
fa2 = 1.3391 0.5186 0.5186 0.5186 0.5186 0.5186 0.5186 0.5186 0.3469 0.3469 0.3469 0.3469 0.3469 0.3469 0.3469 0.2490 0.2490 0.2490 0.2490 0.2490 0.2490 0.2490 0.2000 33.7573 33.7573 270.0818 1.9885 
fa3 = 1.3391 0.5186 0.5186 0.5186 0.5186 0.5186 0.5186 0.5186 0.3469 0.3469 0.3469 0.3469 0.3469 0.3469 0.3469 0.2490 0.2490 0.2490 0.2490 0.2490 0.2490 0.2490 0.2000 33.7594 33.7594 270.3591 1.9886 
fa4 = 1.3367 0.5173 0.5173 0.5173 0.5173 0.5173 0.5173 0.5173 0.3462 0.3462 0.3462 0.3462 0.3462 0.3462 0.3462 0.2486 0.2486 0.2486 0.2486 0.2486 0.2486 0.2486 0.1997 34.0250 34.0250 279.2826 1.9755 
fb1 = -0.2372 -0.2593 -0.2593 -0.2593 -0.2593 -0.2593 -0.2593 -0.2593 -0.2696 -0.2696 -0.2696 -0.2696 -0.2696 -0.2696 -0.2696 -0.2799 -0.2799 -0.2799 -0.2799 -0.2799 -0.2799 -0.2799 -0.2889 0.0225 0.0225 0.2553 -0.1100 
fb2 = -0.2371 -0.2592 -0.2592 -0.2592 -0.2592 -0.2592 -0.2592 -0.2592 -0.2695 -0.2695 -0.2695 -0.2695 -0.2695 -0.2695 -0.2695 -0.2799 -0.2799 -0.2799 -0.2799 -0.2799 -0.2799 -0.2799 -0.2888 0.0232 0.0232 0.2605 -0.1099 
fb3 = -0.2371 -0.2592 -0.2592 -0.2592 -0.2592 -0.2592 -0.2592 -0.2592 -0.2695 -0.2695 -0.2695 -0.2695 -0.2695 -0.2695 -0.2695 -0.2799 -0.2799 -0.2799 -0.2799 -0.2799 -0.2799 -0.2799 -0.2888 0.0232 0.0232 0.2607 -0.1099 
fb4 = -0.2370 -0.2592 -0.2592 -0.2592 -0.2592 -0.2592 -0.2592 -0.2592 -0.2695 -0.2695 -0.2695 -0.2695 -0.2695 -0.2695 -0.2695 -0.2798 -0.2798 -0.2798 -0.2798 -0.2798 -0.2798 -0.2798 -0.2888 0.0238 0.0238 0.2661 -0.1099 
I = 14.9000 9.4000 9.4000 9.4000 9.4000 9.4000 9.4000 9.4000 6.0000 6.0000 6.0000 6.0000 6.0000 6.0000 6.0000 2.0000 2.0000 2.0000 2.0000 2.0000 2.0000 2.0000 -2.0000 24.9166 24.9166 10.0000 -4.0748 
S1 = 0.0000 0.0000 0.0000 0.0000 0.0000 0.0000 0.0000 0.0000 0.0000 0.0000 0.0000 0.0000 0.0000 0.0000 0.0000 0.0000 0.0000 0.0000 0.0000 0.0000 0.0000 0.0000 0.0000 0.0000 0.0000 0.0000 0.0000 
S2 = 0.0000 0.0000 0.0000 0.0000 0.0000 0.0000 0.0000 0.0000 0.0000 0.0000 0.0000 0.0000 0.0000 0.0000 0.0000 0.0000 0.0000 0.0000 0.0000 0.0000 0.0000 0.0000 0.0000 0.9166 0.9166 0.0000 6.9252 
u = 9.0220 8.9702 8.9702 8.9702 8.9702 8.9702 8.9702 8.9702 8.9428 8.9428 8.9428 8.9428 8.9428 8.9428 8.9428 8.9137 8.9137 8.9137 8.9137 8.9137 8.9137 8.9137 8.8871 10.2598 10.2598 10.8199 9.5514 
v = 30.9640 24.9128 24.9128 24.9128 24.9128 24.9128 24.9128 24.9128 22.0574 22.0574 22.0574 22.0574 22.0574 22.0574 22.0574 19.1886 19.1886 19.1886 19.1886 19.1886 19.1886 19.1886 16.6812 57.2599 57.2599 120.6186 20.2869 
