ExternalI = 5.5000 0.0000 0.0000 0.0000 0.0000 0.0000 0.0000 0.0000 4.0000 4.0000 4.0000 4.0000 4.0000 4.0000 4.0000 0.0000 0.0000 0.0000 0.0000 0.0000 0.0000 0.0000 0.0000 8.0000 8.0000 0.0000 0.0000 
before u = 9.0220 8.9702 8.9702 8.9702 8.9702 8.9702 8.9702 8.9702 8.9428 8.9428 8.9428 8.9428 8.9428 8.9428 8.9428 8.9137 8.9137 8.9137 8.9137 8.9137 8.9137 8.9137 8.8871 10.2598 10.2598 10.8199 9.5514 
before v = 30.9640 24.9128 24.9128 24.9128 24.9128 24.9128 24.9128 24.9128 22.0574 22.0574 22.0574 22.0574 22.0574 22.0574 22.0574 19.1886 19.1886 19.1886 19.1886 19.1886 19.1886 19.1886 16.6812 57.2599 57.2599 120.6186 20.2869 
Ibias = 9.4000 9.4000 9.4000 9.4000 9.4000 9.4000 9.4000 9.4000 2.0000 2.0000 2.0000 2.0000 2.0000 2.0000 2.0000 2.0000 2.0000 2.0000 2.0000 2.0000 2.0000 2.0000 -2.0000 16.0000 16.0000 10.0000 -11.0000 
fa1 = 1.3367 0.5173 0.5173 0.5173 0.5173 0.5173 0.5173 0.5173 0.3462 0.3462 0.3462 0.3462 0.3462 0.3462 0.3462 0.2486 0.2486 0.2486 0.2486 0.2486 0.2486 0.2486 0.1997 34.0231 34.0231 279.2783 1.9616 
fa2 = 1.3344 0.5160 0.5160 0.5160 0.5160 0.5160 0.5160 0.5160 0.3454 0.3454 0.3454 0.3454 0.3454 0.3454 0.3454 0.2481 0.2481 0.2481 0.2481 0.2481 0.2481 0.2481 0.1995 34.2931 34.2931 288.6402 1.9487 
fa3 = 1.3344 0.5160 0.5160 0.5160 0.5160 0.5160 0.5160 0.5160 0.3454 0.3454 0.3454 0.3454 0.3454 0.3454 0.3454 0.2481 0.2481 0.2481 0.2481 0.2481 0.2481 0.2481 0.1995 34.2952 34.2952 288.9568 1.9487 
fa4 = 1.3321 0.5147 0.5147 0.5147 0.5147 0.5147 0.5147 0.5147 0.3446 0.3446 0.3446 0.3446 0.3446 0.3446 0.3446 0.2477 0.2477 0.2477 0.2477 0.2477 0.2477 0.2477 0.1993 34.5697 34.5697 298.8237 1.9359 
fb1 = -0.2370 -0.2592 -0.2592 -0.2592 -0.2592 -0.2592 -0.2592 -0.2592 -0.2695 -0.2695 -0.2695 -0.2695 -0.2695 -0.2695 -0.2695 -0.2798 -0.2798 -0.2798 -0.2798 -0.2798 -0.2798 -0.2798 -0.2888 0.0238 0.0238 0.2661 -0.1099 
fb2 = -0.2370 -0.2591 -0.2591 -0.2591 -0.2591 -0.2591 -0.2591 -0.2591 -0.2694 -0.2694 -0.2694 -0.2694 -0.2694 -0.2694 -0.2694 -0.2797 -0.2797 -0.2797 -0.2797 -0.2797 -0.2797 -0.2797 -0.2887 0.0245 0.0245 0.2716 -0.1098 
fb3 = -0.2370 -0.2591 -0.2591 -0.2591 -0.2591 -0.2591 -0.2591 -0.2591 -0.2694 -0.2694 -0.2694 -0.2694 -0.2694 -0.2694 -0.2694 -0.2797 -0.2797 -0.2797 -0.2797 -0.2797 -0.2797 -0.2797 -0.2887 0.0245 0.0245 0.2718 -0.1098 
fb4 = -0.2369 -0.2590 -0.2590 -0.2590 -0.2590 -0.2590 -0.2590 -0.2590 -0.2694 -0.2694 -0.2694 -0.2694 -0.2694 -0.2694 -0.2694 -0.2797 -0.2797 -0.2797 -0.2797 -0.2797 -0.2797 -0.2797 -0.2886 0.0252 0.0252 0.2776 -0.1098 
I = 14.9000 9.4000 9.4000 9.4000 9.4000 9.4000 9.4000 9.4000 6.0000 6.0000 6.0000 6.0000 6.0000 6.0000 6.0000 2.0000 2.0000 2.0000 2.0000 2.0000 2.0000 2.0000 -2.0000 24.9148 24.9148 10.0000 -4.0887 
S1 = 0.0000 0.0000 0.0000 0.0000 0.0000 0.0000 0.0000 0.0000 0.0000 0.0000 0.0000 0.0000 0.0000 0.0000 0.0000 0.0000 0.0000 0.0000 0.0000 0.0000 0.0000 0.0000 0.0000 0.0000 0.0000 0.0000 0.0000 
S2 = 0.0000 0.0000 0.0000 0.0000 0.0000 0.0000 0.0000 0.0000 0.0000 0.0000 0.0000 0.0000 0.0000 0.0000 0.0000 0.0000 0.0000 0.0000 0.0000 0.0000 0.0000 0.0000 0.0000 0.9148 0.9148 0.0000 6.9113 
u = 9.0197 8.9676 8.9676 8.9676 8.9676 8.9676 8.9676 8.9676 8.9401 8.9401 8.9401 8.9401 8.9401 8.9401 8.9401 8.9109 8.9109 8.9109 8.9109 8.9109 8.9109 8.9109 8.8842 10.2600 10.2600 10.8226 9.5503 
v = 30.9773 24.9179 24.9179 24.9179 24.9179 24.9179 24.9179 24.9179 22.0608 22.0608 22.0608 22.0608 22.0608 22.0608 22.0608 19.1911 19.1911 19.1911 19.1911 19.1911 19.1911 19.1911 16.6832 57.6028 57.6028 123.5074 20.3064 
