ExternalI = 5.5000 0.0000 0.0000 0.0000 0.0000 0.0000 0.0000 0.0000 4.0000 4.0000 4.0000 4.0000 4.0000 4.0000 4.0000 0.0000 0.0000 0.0000 0.0000 0.0000 0.0000 0.0000 0.0000 8.0000 8.0000 0.0000 0.0000 
before u = 9.0197 8.9676 8.9676 8.9676 8.9676 8.9676 8.9676 8.9676 8.9401 8.9401 8.9401 8.9401 8.9401 8.9401 8.9401 8.9109 8.9109 8.9109 8.9109 8.9109 8.9109 8.9109 8.8842 10.2600 10.2600 10.8226 9.5503 
before v = 30.9773 24.9179 24.9179 24.9179 24.9179 24.9179 24.9179 24.9179 22.0608 22.0608 22.0608 22.0608 22.0608 22.0608 22.0608 19.1911 19.1911 19.1911 19.1911 19.1911 19.1911 19.1911 16.6832 57.6028 57.6028 123.5074 20.3064 
Ibias = 9.4000 9.4000 9.4000 9.4000 9.4000 9.4000 9.4000 9.4000 2.0000 2.0000 2.0000 2.0000 2.0000 2.0000 2.0000 2.0000 2.0000 2.0000 2.0000 2.0000 2.0000 2.0000 -2.0000 16.0000 16.0000 10.0000 -11.0000 
fa1 = 1.3321 0.5147 0.5147 0.5147 0.5147 0.5147 0.5147 0.5147 0.3446 0.3446 0.3446 0.3446 0.3446 0.3446 0.3446 0.2477 0.2477 0.2477 0.2477 0.2477 0.2477 0.2477 0.1993 34.5679 34.5679 298.8186 1.9221 
fa2 = 1.3299 0.5134 0.5134 0.5134 0.5134 0.5134 0.5134 0.5134 0.3438 0.3438 0.3438 0.3438 0.3438 0.3438 0.3438 0.2473 0.2473 0.2473 0.2473 0.2473 0.2473 0.2473 0.1991 34.8469 34.8469 309.1867 1.9094 
fa3 = 1.3299 0.5134 0.5134 0.5134 0.5134 0.5134 0.5134 0.5134 0.3438 0.3438 0.3438 0.3438 0.3438 0.3438 0.3438 0.2473 0.2473 0.2473 0.2473 0.2473 0.2473 0.2473 0.1991 34.8492 34.8492 309.5497 1.9095 
fa4 = 1.3276 0.5122 0.5122 0.5122 0.5122 0.5122 0.5122 0.5122 0.3430 0.3430 0.3430 0.3430 0.3430 0.3430 0.3430 0.2469 0.2469 0.2469 0.2469 0.2469 0.2469 0.2469 0.1989 35.1329 35.1329 320.4979 1.8969 
fb1 = -0.2369 -0.2590 -0.2590 -0.2590 -0.2590 -0.2590 -0.2590 -0.2590 -0.2694 -0.2694 -0.2694 -0.2694 -0.2694 -0.2694 -0.2694 -0.2797 -0.2797 -0.2797 -0.2797 -0.2797 -0.2797 -0.2797 -0.2886 0.0252 0.0252 0.2776 -0.1098 
fb2 = -0.2368 -0.2590 -0.2590 -0.2590 -0.2590 -0.2590 -0.2590 -0.2590 -0.2693 -0.2693 -0.2693 -0.2693 -0.2693 -0.2693 -0.2693 -0.2796 -0.2796 -0.2796 -0.2796 -0.2796 -0.2796 -0.2796 -0.2886 0.0259 0.0259 0.2835 -0.1097 
fb3 = -0.2368 -0.2590 -0.2590 -0.2590 -0.2590 -0.2590 -0.2590 -0.2590 -0.2693 -0.2693 -0.2693 -0.2693 -0.2693 -0.2693 -0.2693 -0.2796 -0.2796 -0.2796 -0.2796 -0.2796 -0.2796 -0.2796 -0.2886 0.0259 0.0259 0.2837 -0.1097 
fb4 = -0.2367 -0.2589 -0.2589 -0.2589 -0.2589 -0.2589 -0.2589 -0.2589 -0.2692 -0.2692 -0.2692 -0.2692 -0.2692 -0.2692 -0.2692 -0.2795 -0.2795 -0.2795 -0.2795 -0.2795 -0.2795 -0.2795 -0.2885 0.0266 0.0266 0.2899 -0.1097 
I = 14.9000 9.4000 9.4000 9.4000 9.4000 9.4000 9.4000 9.4000 6.0000 6.0000 6.0000 6.0000 6.0000 6.0000 6.0000 2.0000 2.0000 2.0000 2.0000 2.0000 2.0000 2.0000 -2.0000 24.9130 24.9130 10.0000 -4.1025 
S1 = 0.0000 0.0000 0.0000 0.0000 0.0000 0.0000 0.0000 0.0000 0.0000 0.0000 0.0000 0.0000 0.0000 0.0000 0.0000 0.0000 0.0000 0.0000 0.0000 0.0000 0.0000 0.0000 0.0000 0.0000 0.0000 0.0000 0.0000 
S2 = 0.0000 0.0000 0.0000 0.0000 0.0000 0.0000 0.0000 0.0000 0.0000 0.0000 0.0000 0.0000 0.0000 0.0000 0.0000 0.0000 0.0000 0.0000 0.0000 0.0000 0.0000 0.0000 0.0000 0.9130 0.9130 0.0000 6.8975 
u = 9.0173 8.9650 8.9650 8.9650 8.9650 8.9650 8.9650 8.9650 8.9374 8.9374 8.9374 8.9374 8.9374 8.9374 8.9374 8.9081 8.9081 8.9081 8.9081 8.9081 8.9081 8.9081 8.8813 10.2603 10.2603 10.8255 9.5492 
v = 30.9906 24.9231 24.9231 24.9231 24.9231 24.9231 24.9231 24.9231 22.0643 22.0643 22.0643 22.0643 22.0643 22.0643 22.0643 19.1936 19.1936 19.1936 19.1936 19.1936 19.1936 19.1936 16.6852 57.9513 57.9513 126.6021 20.3255 
