ExternalI = 5.5000 0.0000 0.0000 0.0000 0.0000 0.0000 0.0000 0.0000 4.0000 4.0000 4.0000 4.0000 4.0000 4.0000 4.0000 0.0000 0.0000 0.0000 0.0000 0.0000 0.0000 0.0000 0.0000 8.0000 8.0000 0.0000 0.0000 
before u = 9.0173 8.9650 8.9650 8.9650 8.9650 8.9650 8.9650 8.9650 8.9374 8.9374 8.9374 8.9374 8.9374 8.9374 8.9374 8.9081 8.9081 8.9081 8.9081 8.9081 8.9081 8.9081 8.8813 10.2603 10.2603 10.8255 9.5492 
before v = 30.9906 24.9231 24.9231 24.9231 24.9231 24.9231 24.9231 24.9231 22.0643 22.0643 22.0643 22.0643 22.0643 22.0643 22.0643 19.1936 19.1936 19.1936 19.1936 19.1936 19.1936 19.1936 16.6852 57.9513 57.9513 126.6021 20.3255 
Ibias = 9.4000 9.4000 9.4000 9.4000 9.4000 9.4000 9.4000 9.4000 2.0000 2.0000 2.0000 2.0000 2.0000 2.0000 2.0000 2.0000 2.0000 2.0000 2.0000 2.0000 2.0000 2.0000 -2.0000 16.0000 16.0000 10.0000 -11.0000 
fa1 = 1.3276 0.5122 0.5122 0.5122 0.5122 0.5122 0.5122 0.5122 0.3430 0.3430 0.3430 0.3430 0.3430 0.3430 0.3430 0.2469 0.2469 0.2469 0.2469 0.2469 0.2469 0.2469 0.1989 35.1311 35.1311 320.4918 1.8831 
fa2 = 1.3253 0.5109 0.5109 0.5109 0.5109 0.5109 0.5109 0.5109 0.3423 0.3423 0.3423 0.3423 0.3423 0.3423 0.3423 0.2465 0.2465 0.2465 0.2465 0.2465 0.2465 0.2465 0.1987 35.4196 35.4196 332.0157 1.8707 
fa3 = 1.3253 0.5109 0.5109 0.5109 0.5109 0.5109 0.5109 0.5109 0.3423 0.3423 0.3423 0.3423 0.3423 0.3423 0.3423 0.2465 0.2465 0.2465 0.2465 0.2465 0.2465 0.2465 0.1987 35.4220 35.4220 332.4339 1.8708 
fa4 = 1.3231 0.5096 0.5096 0.5096 0.5096 0.5096 0.5096 0.5096 0.3415 0.3415 0.3415 0.3415 0.3415 0.3415 0.3415 0.2461 0.2461 0.2461 0.2461 0.2461 0.2461 0.2461 0.1984 35.7154 35.7154 344.6274 1.8585 
fb1 = -0.2367 -0.2589 -0.2589 -0.2589 -0.2589 -0.2589 -0.2589 -0.2589 -0.2692 -0.2692 -0.2692 -0.2692 -0.2692 -0.2692 -0.2692 -0.2795 -0.2795 -0.2795 -0.2795 -0.2795 -0.2795 -0.2795 -0.2885 0.0266 0.0266 0.2899 -0.1097 
fb2 = -0.2367 -0.2588 -0.2588 -0.2588 -0.2588 -0.2588 -0.2588 -0.2588 -0.2692 -0.2692 -0.2692 -0.2692 -0.2692 -0.2692 -0.2692 -0.2795 -0.2795 -0.2795 -0.2795 -0.2795 -0.2795 -0.2795 -0.2885 0.0273 0.0273 0.2963 -0.1096 
fb3 = -0.2367 -0.2588 -0.2588 -0.2588 -0.2588 -0.2588 -0.2588 -0.2588 -0.2692 -0.2692 -0.2692 -0.2692 -0.2692 -0.2692 -0.2692 -0.2795 -0.2795 -0.2795 -0.2795 -0.2795 -0.2795 -0.2795 -0.2885 0.0273 0.0273 0.2965 -0.1096 
fb4 = -0.2366 -0.2588 -0.2588 -0.2588 -0.2588 -0.2588 -0.2588 -0.2588 -0.2691 -0.2691 -0.2691 -0.2691 -0.2691 -0.2691 -0.2691 -0.2794 -0.2794 -0.2794 -0.2794 -0.2794 -0.2794 -0.2794 -0.2884 0.0280 0.0280 0.3031 -0.1096 
I = 14.9000 9.4000 9.4000 9.4000 9.4000 9.4000 9.4000 9.4000 6.0000 6.0000 6.0000 6.0000 6.0000 6.0000 6.0000 2.0000 2.0000 2.0000 2.0000 2.0000 2.0000 2.0000 -2.0000 24.9111 24.9111 10.0000 -4.1163 
S1 = 0.0000 0.0000 0.0000 0.0000 0.0000 0.0000 0.0000 0.0000 0.0000 0.0000 0.0000 0.0000 0.0000 0.0000 0.0000 0.0000 0.0000 0.0000 0.0000 0.0000 0.0000 0.0000 0.0000 0.0000 0.0000 0.0000 0.0000 
S2 = 0.0000 0.0000 0.0000 0.0000 0.0000 0.0000 0.0000 0.0000 0.0000 0.0000 0.0000 0.0000 0.0000 0.0000 0.0000 0.0000 0.0000 0.0000 0.0000 0.0000 0.0000 0.0000 0.0000 0.9111 0.9111 0.0000 6.8837 
u = 9.0149 8.9624 8.9624 8.9624 8.9624 8.9624 8.9624 8.9624 8.9347 8.9347 8.9347 8.9347 8.9347 8.9347 8.9347 8.9053 8.9053 8.9053 8.9053 8.9053 8.9053 8.9053 8.8784 10.2606 10.2606 10.8284 9.5481 
v = 31.0039 24.9282 24.9282 24.9282 24.9282 24.9282 24.9282 24.9282 22.0677 22.0677 22.0677 22.0677 22.0677 22.0677 22.0677 19.1960 19.1960 19.1960 19.1960 19.1960 19.1960 19.1960 16.6872 58.3055 58.3055 129.9255 20.3442 
