ExternalI = 5.5000 0.0000 0.0000 0.0000 0.0000 0.0000 0.0000 0.0000 4.0000 4.0000 4.0000 4.0000 4.0000 4.0000 4.0000 0.0000 0.0000 0.0000 0.0000 0.0000 0.0000 0.0000 0.0000 8.0000 8.0000 0.0000 0.0000 
before u = 9.0149 8.9624 8.9624 8.9624 8.9624 8.9624 8.9624 8.9624 8.9347 8.9347 8.9347 8.9347 8.9347 8.9347 8.9347 8.9053 8.9053 8.9053 8.9053 8.9053 8.9053 8.9053 8.8784 10.2606 10.2606 10.8284 9.5481 
before v = 31.0039 24.9282 24.9282 24.9282 24.9282 24.9282 24.9282 24.9282 22.0677 22.0677 22.0677 22.0677 22.0677 22.0677 22.0677 19.1960 19.1960 19.1960 19.1960 19.1960 19.1960 19.1960 16.6872 58.3055 58.3055 129.9255 20.3442 
Ibias = 9.4000 9.4000 9.4000 9.4000 9.4000 9.4000 9.4000 9.4000 2.0000 2.0000 2.0000 2.0000 2.0000 2.0000 2.0000 2.0000 2.0000 2.0000 2.0000 2.0000 2.0000 2.0000 -2.0000 16.0000 16.0000 10.0000 -11.0000 
fa1 = 1.3231 0.5096 0.5096 0.5096 0.5096 0.5096 0.5096 0.5096 0.3415 0.3415 0.3415 0.3415 0.3415 0.3415 0.3415 0.2461 0.2461 0.2461 0.2461 0.2461 0.2461 0.2461 0.1984 35.7136 35.7136 344.6202 1.8448 
fa2 = 1.3208 0.5083 0.5083 0.5083 0.5083 0.5083 0.5083 0.5083 0.3407 0.3407 0.3407 0.3407 0.3407 0.3407 0.3407 0.2457 0.2457 0.2457 0.2457 0.2457 0.2457 0.2457 0.1982 36.0119 36.0119 357.4781 1.8326 
fa3 = 1.3208 0.5083 0.5083 0.5083 0.5083 0.5083 0.5083 0.5083 0.3407 0.3407 0.3407 0.3407 0.3407 0.3407 0.3407 0.2457 0.2457 0.2457 0.2457 0.2457 0.2457 0.2457 0.1982 36.0144 36.0144 357.9624 1.8327 
fa4 = 1.3186 0.5071 0.5071 0.5071 0.5071 0.5071 0.5071 0.5071 0.3400 0.3400 0.3400 0.3400 0.3400 0.3400 0.3400 0.2453 0.2453 0.2453 0.2453 0.2453 0.2453 0.2453 0.1980 36.3179 36.3179 371.5975 1.8207 
fb1 = -0.2366 -0.2588 -0.2588 -0.2588 -0.2588 -0.2588 -0.2588 -0.2588 -0.2691 -0.2691 -0.2691 -0.2691 -0.2691 -0.2691 -0.2691 -0.2794 -0.2794 -0.2794 -0.2794 -0.2794 -0.2794 -0.2794 -0.2884 0.0280 0.0280 0.3031 -0.1096 
fb2 = -0.2365 -0.2587 -0.2587 -0.2587 -0.2587 -0.2587 -0.2587 -0.2587 -0.2691 -0.2691 -0.2691 -0.2691 -0.2691 -0.2691 -0.2691 -0.2794 -0.2794 -0.2794 -0.2794 -0.2794 -0.2794 -0.2794 -0.2883 0.0287 0.0287 0.3100 -0.1095 
fb3 = -0.2365 -0.2587 -0.2587 -0.2587 -0.2587 -0.2587 -0.2587 -0.2587 -0.2691 -0.2691 -0.2691 -0.2691 -0.2691 -0.2691 -0.2691 -0.2794 -0.2794 -0.2794 -0.2794 -0.2794 -0.2794 -0.2794 -0.2883 0.0287 0.0287 0.3103 -0.1095 
fb4 = -0.2364 -0.2587 -0.2587 -0.2587 -0.2587 -0.2587 -0.2587 -0.2587 -0.2690 -0.2690 -0.2690 -0.2690 -0.2690 -0.2690 -0.2690 -0.2793 -0.2793 -0.2793 -0.2793 -0.2793 -0.2793 -0.2793 -0.2883 0.0294 0.0294 0.3174 -0.1095 
I = 14.9000 9.4000 9.4000 9.4000 9.4000 9.4000 9.4000 9.4000 6.0000 6.0000 6.0000 6.0000 6.0000 6.0000 6.0000 2.0000 2.0000 2.0000 2.0000 2.0000 2.0000 2.0000 -2.0000 24.9093 24.9093 10.0000 -4.1300 
S1 = 0.0000 0.0000 0.0000 0.0000 0.0000 0.0000 0.0000 0.0000 0.0000 0.0000 0.0000 0.0000 0.0000 0.0000 0.0000 0.0000 0.0000 0.0000 0.0000 0.0000 0.0000 0.0000 0.0000 0.0000 0.0000 0.0000 0.0000 
S2 = 0.0000 0.0000 0.0000 0.0000 0.0000 0.0000 0.0000 0.0000 0.0000 0.0000 0.0000 0.0000 0.0000 0.0000 0.0000 0.0000 0.0000 0.0000 0.0000 0.0000 0.0000 0.0000 0.0000 0.9093 0.9093 0.0000 6.8700 
u = 9.0126 8.9598 8.9598 8.9598 8.9598 8.9598 8.9598 8.9598 8.9320 8.9320 8.9320 8.9320 8.9320 8.9320 8.9320 8.9025 8.9025 8.9025 8.9025 8.9025 8.9025 8.9025 8.8756 10.2609 10.2609 10.8315 9.5470 
v = 31.0171 24.9333 24.9333 24.9333 24.9333 24.9333 24.9333 24.9333 22.0711 22.0711 22.0711 22.0711 22.0711 22.0711 22.0711 19.1985 19.1985 19.1985 19.1985 19.1985 19.1985 19.1985 16.6892 58.6657 58.6657 133.5040 20.3625 
