ExternalI = 5.5000 0.0000 0.0000 0.0000 0.0000 0.0000 0.0000 0.0000 4.0000 4.0000 4.0000 4.0000 4.0000 4.0000 4.0000 0.0000 0.0000 0.0000 0.0000 0.0000 0.0000 0.0000 0.0000 8.0000 8.0000 0.0000 0.0000 
before u = 9.0126 8.9598 8.9598 8.9598 8.9598 8.9598 8.9598 8.9598 8.9320 8.9320 8.9320 8.9320 8.9320 8.9320 8.9320 8.9025 8.9025 8.9025 8.9025 8.9025 8.9025 8.9025 8.8756 10.2609 10.2609 10.9315 9.5470 
before v = 31.0171 24.9333 24.9333 24.9333 24.9333 24.9333 24.9333 24.9333 22.0711 22.0711 22.0711 22.0711 22.0711 22.0711 22.0711 19.1985 19.1985 19.1985 19.1985 19.1985 19.1985 19.1985 16.6892 58.6657 58.6657 60.5000 20.3625 
Ibias = 9.4000 9.4000 9.4000 9.4000 9.4000 9.4000 9.4000 9.4000 2.0000 2.0000 2.0000 2.0000 2.0000 2.0000 2.0000 2.0000 2.0000 2.0000 2.0000 2.0000 2.0000 2.0000 -2.0000 16.0000 16.0000 10.0000 -11.0000 
fa1 = 1.3186 0.5071 0.5071 0.5071 0.5071 0.5071 0.5071 0.5071 0.3400 0.3400 0.3400 0.3400 0.3400 0.3400 0.3400 0.2453 0.2453 0.2453 0.2453 0.2453 0.2453 0.2453 0.1980 36.3161 36.3161 23.9785 3.3070 
fa2 = 1.3163 0.5058 0.5058 0.5058 0.5058 0.5058 0.5058 0.5058 0.3392 0.3392 0.3392 0.3392 0.3392 0.3392 0.3392 0.2449 0.2449 0.2449 0.2449 0.2449 0.2449 0.2449 0.1978 36.6247 36.6247 24.1995 3.2849 
fa3 = 1.3163 0.5058 0.5058 0.5058 0.5058 0.5058 0.5058 0.5058 0.3392 0.3392 0.3392 0.3392 0.3392 0.3392 0.3392 0.2449 0.2449 0.2449 0.2449 0.2449 0.2449 0.2449 0.1978 36.6273 36.6273 24.2016 3.2850 
fa4 = 1.3141 0.5046 0.5046 0.5046 0.5046 0.5046 0.5046 0.5046 0.3385 0.3385 0.3385 0.3385 0.3385 0.3385 0.3385 0.2445 0.2445 0.2445 0.2445 0.2445 0.2445 0.2445 0.1976 36.9413 36.9413 24.4259 3.2631 
fb1 = -0.2364 -0.2587 -0.2587 -0.2587 -0.2587 -0.2587 -0.2587 -0.2587 -0.2690 -0.2690 -0.2690 -0.2690 -0.2690 -0.2690 -0.2690 -0.2793 -0.2793 -0.2793 -0.2793 -0.2793 -0.2793 -0.2793 -0.2883 0.0294 0.0294 0.0234 -0.1095 
fb2 = -0.2364 -0.2586 -0.2586 -0.2586 -0.2586 -0.2586 -0.2586 -0.2586 -0.2689 -0.2689 -0.2689 -0.2689 -0.2689 -0.2689 -0.2689 -0.2792 -0.2792 -0.2792 -0.2792 -0.2792 -0.2792 -0.2792 -0.2882 0.0302 0.0302 0.0238 -0.1094 
fb3 = -0.2364 -0.2586 -0.2586 -0.2586 -0.2586 -0.2586 -0.2586 -0.2586 -0.2689 -0.2689 -0.2689 -0.2689 -0.2689 -0.2689 -0.2689 -0.2792 -0.2792 -0.2792 -0.2792 -0.2792 -0.2792 -0.2792 -0.2882 0.0302 0.0302 0.0239 -0.1094 
fb4 = -0.2363 -0.2585 -0.2585 -0.2585 -0.2585 -0.2585 -0.2585 -0.2585 -0.2689 -0.2689 -0.2689 -0.2689 -0.2689 -0.2689 -0.2689 -0.2792 -0.2792 -0.2792 -0.2792 -0.2792 -0.2792 -0.2792 -0.2881 0.0309 0.0309 0.0243 -0.1093 
I = 14.9000 9.4000 9.4000 9.4000 9.4000 9.4000 9.4000 9.4000 6.0000 6.0000 6.0000 6.0000 6.0000 6.0000 6.0000 2.0000 2.0000 2.0000 2.0000 2.0000 2.0000 2.0000 -2.0000 24.9075 24.9075 10.0000 -2.6438 
S1 = 0.0000 0.0000 0.0000 0.0000 0.0000 0.0000 0.0000 0.0000 0.0000 0.0000 0.0000 0.0000 0.0000 0.0000 0.0000 0.0000 0.0000 0.0000 0.0000 0.0000 0.0000 0.0000 0.0000 0.0000 0.0000 0.0000 0.0000 
S2 = 0.0000 0.0000 0.0000 0.0000 0.0000 0.0000 0.0000 0.0000 0.0000 0.0000 0.0000 0.0000 0.0000 0.0000 0.0000 0.0000 0.0000 0.0000 0.0000 0.0000 0.0000 0.0000 0.0000 0.9075 0.9075 0.0000 8.3562 
u = 9.0102 8.9572 8.9572 8.9572 8.9572 8.9572 8.9572 8.9572 8.9294 8.9294 8.9294 8.9294 8.9294 8.9294 8.9294 8.8997 8.8997 8.8997 8.8997 8.8997 8.8997 8.8997 8.8727 10.2612 10.2612 10.9318 9.5459 
v = 31.0302 24.9383 24.9383 24.9383 24.9383 24.9383 24.9383 24.9383 22.0745 22.0745 22.0745 22.0745 22.0745 22.0745 22.0745 19.2009 19.2009 19.2009 19.2009 19.2009 19.2009 19.2009 16.6912 59.0319 59.0319 60.7420 20.3954 
