ExternalI = 5.5000 0.0000 0.0000 0.0000 0.0000 0.0000 0.0000 0.0000 4.0000 4.0000 4.0000 4.0000 4.0000 4.0000 4.0000 0.0000 0.0000 0.0000 0.0000 0.0000 0.0000 0.0000 0.0000 8.0000 8.0000 0.0000 0.0000 
before u = 9.0102 8.9572 8.9572 8.9572 8.9572 8.9572 8.9572 8.9572 8.9294 8.9294 8.9294 8.9294 8.9294 8.9294 8.9294 8.8997 8.8997 8.8997 8.8997 8.8997 8.8997 8.8997 8.8727 10.2612 10.2612 10.9318 9.5459 
before v = 31.0302 24.9383 24.9383 24.9383 24.9383 24.9383 24.9383 24.9383 22.0745 22.0745 22.0745 22.0745 22.0745 22.0745 22.0745 19.2009 19.2009 19.2009 19.2009 19.2009 19.2009 19.2009 16.6912 59.0319 59.0319 60.7420 20.3954 
Ibias = 9.4000 9.4000 9.4000 9.4000 9.4000 9.4000 9.4000 9.4000 2.0000 2.0000 2.0000 2.0000 2.0000 2.0000 2.0000 2.0000 2.0000 2.0000 2.0000 2.0000 2.0000 2.0000 -2.0000 16.0000 16.0000 10.0000 -11.0000 
fa1 = 1.3141 0.5046 0.5046 0.5046 0.5046 0.5046 0.5046 0.5046 0.3385 0.3385 0.3385 0.3385 0.3385 0.3385 0.3385 0.2445 0.2445 0.2445 0.2445 0.2445 0.2445 0.2445 0.1976 36.9395 36.9395 24.4259 3.2464 
fa2 = 1.3119 0.5033 0.5033 0.5033 0.5033 0.5033 0.5033 0.5033 0.3377 0.3377 0.3377 0.3377 0.3377 0.3377 0.3377 0.2441 0.2441 0.2441 0.2441 0.2441 0.2441 0.2441 0.1974 37.2589 37.2589 24.6534 3.2247 
fa3 = 1.3119 0.5033 0.5033 0.5033 0.5033 0.5033 0.5033 0.5033 0.3377 0.3377 0.3377 0.3377 0.3377 0.3377 0.3377 0.2441 0.2441 0.2441 0.2441 0.2441 0.2441 0.2441 0.1974 37.2616 37.2616 24.6556 3.2249 
fa4 = 1.3097 0.5021 0.5021 0.5021 0.5021 0.5021 0.5021 0.5021 0.3370 0.3370 0.3370 0.3370 0.3370 0.3370 0.3370 0.2437 0.2437 0.2437 0.2437 0.2437 0.2437 0.2437 0.1972 37.5866 37.5866 24.8865 3.2034 
fb1 = -0.2363 -0.2585 -0.2585 -0.2585 -0.2585 -0.2585 -0.2585 -0.2585 -0.2689 -0.2689 -0.2689 -0.2689 -0.2689 -0.2689 -0.2689 -0.2792 -0.2792 -0.2792 -0.2792 -0.2792 -0.2792 -0.2792 -0.2881 0.0309 0.0309 0.0243 -0.1093 
fb2 = -0.2362 -0.2585 -0.2585 -0.2585 -0.2585 -0.2585 -0.2585 -0.2585 -0.2688 -0.2688 -0.2688 -0.2688 -0.2688 -0.2688 -0.2688 -0.2791 -0.2791 -0.2791 -0.2791 -0.2791 -0.2791 -0.2791 -0.2881 0.0316 0.0316 0.0248 -0.1093 
fb3 = -0.2362 -0.2585 -0.2585 -0.2585 -0.2585 -0.2585 -0.2585 -0.2585 -0.2688 -0.2688 -0.2688 -0.2688 -0.2688 -0.2688 -0.2688 -0.2791 -0.2791 -0.2791 -0.2791 -0.2791 -0.2791 -0.2791 -0.2881 0.0316 0.0316 0.0248 -0.1093 
fb4 = -0.2361 -0.2584 -0.2584 -0.2584 -0.2584 -0.2584 -0.2584 -0.2584 -0.2688 -0.2688 -0.2688 -0.2688 -0.2688 -0.2688 -0.2688 -0.2791 -0.2791 -0.2791 -0.2791 -0.2791 -0.2791 -0.2791 -0.2880 0.0324 0.0324 0.0253 -0.1092 
I = 14.9000 9.4000 9.4000 9.4000 9.4000 9.4000 9.4000 9.4000 6.0000 6.0000 6.0000 6.0000 6.0000 6.0000 6.0000 2.0000 2.0000 2.0000 2.0000 2.0000 2.0000 2.0000 -2.0000 24.9057 24.9057 10.0000 -2.6605 
S1 = 0.0000 0.0000 0.0000 0.0000 0.0000 0.0000 0.0000 0.0000 0.0000 0.0000 0.0000 0.0000 0.0000 0.0000 0.0000 0.0000 0.0000 0.0000 0.0000 0.0000 0.0000 0.0000 0.0000 0.0000 0.0000 0.0000 0.0000 
S2 = 0.0000 0.0000 0.0000 0.0000 0.0000 0.0000 0.0000 0.0000 0.0000 0.0000 0.0000 0.0000 0.0000 0.0000 0.0000 0.0000 0.0000 0.0000 0.0000 0.0000 0.0000 0.0000 0.0000 0.9057 0.9057 0.0000 8.3395 
u = 9.0078 8.9547 8.9547 8.9547 8.9547 8.9547 8.9547 8.9547 8.9267 8.9267 8.9267 8.9267 8.9267 8.9267 8.9267 8.8969 8.8969 8.8969 8.8969 8.8969 8.8969 8.8969 8.8698 10.2615 10.2615 10.9320 9.5448 
v = 31.0434 24.9434 24.9434 24.9434 24.9434 24.9434 24.9434 24.9434 22.0779 22.0779 22.0779 22.0779 22.0779 22.0779 22.0779 19.2034 19.2034 19.2034 19.2034 19.2034 19.2034 19.2034 16.6931 59.4046 59.4046 60.9886 20.4276 
