ExternalI = 5.5000 0.0000 0.0000 0.0000 0.0000 0.0000 0.0000 0.0000 4.0000 4.0000 4.0000 4.0000 4.0000 4.0000 4.0000 0.0000 0.0000 0.0000 0.0000 0.0000 0.0000 0.0000 0.0000 8.0000 8.0000 0.0000 0.0000 
before u = 9.8805 9.8794 9.8794 9.8794 9.8794 9.8794 9.8794 9.8794 9.8788 9.8788 9.8788 9.8788 9.8788 9.8788 9.8788 9.8780 9.8780 9.8780 9.8780 9.8780 9.8780 9.8780 9.8772 9.9537 9.9537 10.0445 9.9467 
before v = 17.3092 15.8835 15.8835 15.8835 15.8835 15.8835 15.8835 15.8835 15.0114 15.0114 15.0114 15.0114 15.0114 15.0114 15.0114 13.9942 13.9942 13.9942 13.9942 13.9942 13.9942 13.9942 12.9863 22.3982 22.3982 99.8666 13.2276 
Ibias = 9.4000 9.4000 9.4000 9.4000 9.4000 9.4000 9.4000 9.4000 2.0000 2.0000 2.0000 2.0000 2.0000 2.0000 2.0000 2.0000 2.0000 2.0000 2.0000 2.0000 2.0000 2.0000 -2.0000 16.0000 16.0000 10.0000 -11.0000 
fa1 = 15.0763 11.9614 11.9614 11.9614 11.9614 11.9614 11.9614 11.9614 10.1007 10.1007 10.1007 10.1007 10.1007 10.1007 10.1007 7.9729 7.9729 7.9729 7.9729 7.9729 7.9729 7.9729 5.9096 26.9189 26.9189 159.2891 6.3692 
fa2 = 14.9564 11.8598 11.8598 11.8598 11.8598 11.8598 11.8598 11.8598 10.0116 10.0116 10.0116 10.0116 10.0116 10.0116 10.0116 7.8997 7.8997 7.8997 7.8997 7.8997 7.8997 7.8997 5.8534 26.7576 26.7576 163.2872 6.3081 
fa3 = 14.9573 11.8607 11.8607 11.8607 11.8607 11.8607 11.8607 11.8607 10.0124 10.0124 10.0124 10.0124 10.0124 10.0124 10.0124 7.9004 7.9004 7.9004 7.9004 7.9004 7.9004 7.9004 5.8540 26.7585 26.7585 163.3883 6.3087 
fa4 = 14.8388 11.7602 11.7602 11.7602 11.7602 11.7602 11.7602 11.7602 9.9243 9.9243 9.9243 9.9243 9.9243 9.9243 9.9243 7.8280 7.8280 7.8280 7.8280 7.8280 7.8280 7.8280 5.7984 26.5996 26.5996 167.5459 6.2483 
fb1 = -0.3260 -0.3316 -0.3316 -0.3316 -0.3316 -0.3316 -0.3316 -0.3316 -0.3351 -0.3351 -0.3351 -0.3351 -0.3351 -0.3351 -0.3351 -0.3391 -0.3391 -0.3391 -0.3391 -0.3391 -0.3391 -0.3391 -0.3431 -0.1095 -0.1095 0.1986 -0.1460 
fb2 = -0.3256 -0.3313 -0.3313 -0.3313 -0.3313 -0.3313 -0.3313 -0.3313 -0.3348 -0.3348 -0.3348 -0.3348 -0.3348 -0.3348 -0.3348 -0.3389 -0.3389 -0.3389 -0.3389 -0.3389 -0.3389 -0.3389 -0.3430 -0.1089 -0.1089 0.2017 -0.1459 
fb3 = -0.3256 -0.3313 -0.3313 -0.3313 -0.3313 -0.3313 -0.3313 -0.3313 -0.3348 -0.3348 -0.3348 -0.3348 -0.3348 -0.3348 -0.3348 -0.3389 -0.3389 -0.3389 -0.3389 -0.3389 -0.3389 -0.3389 -0.3430 -0.1089 -0.1089 0.2018 -0.1459 
fb4 = -0.3253 -0.3310 -0.3310 -0.3310 -0.3310 -0.3310 -0.3310 -0.3310 -0.3346 -0.3346 -0.3346 -0.3346 -0.3346 -0.3346 -0.3346 -0.3387 -0.3387 -0.3387 -0.3387 -0.3387 -0.3387 -0.3387 -0.3428 -0.1084 -0.1084 0.2051 -0.1457 
I = 14.9000 9.4000 9.4000 9.4000 9.4000 9.4000 9.4000 9.4000 6.0000 6.0000 6.0000 6.0000 6.0000 6.0000 6.0000 2.0000 2.0000 2.0000 2.0000 2.0000 2.0000 2.0000 -2.0000 24.0000 24.0000 10.0000 -11.0000 
S1 = 0.0000 0.0000 0.0000 0.0000 0.0000 0.0000 0.0000 0.0000 0.0000 0.0000 0.0000 0.0000 0.0000 0.0000 0.0000 0.0000 0.0000 0.0000 0.0000 0.0000 0.0000 0.0000 0.0000 0.0000 0.0000 0.0000 0.0000 
S2 = 0.0000 0.0000 0.0000 0.0000 0.0000 0.0000 0.0000 0.0000 0.0000 0.0000 0.0000 0.0000 0.0000 0.0000 0.0000 0.0000 0.0000 0.0000 0.0000 0.0000 0.0000 0.0000 0.0000 0.0000 0.0000 0.0000 0.0000 
u = 9.8773 9.8761 9.8761 9.8761 9.8761 9.8761 9.8761 9.8761 9.8754 9.8754 9.8754 9.8754 9.8754 9.8754 9.8754 9.8746 9.8746 9.8746 9.8746 9.8746 9.8746 9.8746 9.8738 9.9526 9.9526 10.0465 9.9453 
v = 17.4587 16.0021 16.0021 16.0021 16.0021 16.0021 16.0021 16.0021 15.1115 15.1115 15.1115 15.1115 15.1115 15.1115 15.1115 14.0732 14.0732 14.0732 14.0732 14.0732 14.0732 14.0732 13.0449 22.6658 22.6658 101.5002 13.2907 
