ExternalI = 5.5000 0.0000 0.0000 0.0000 0.0000 0.0000 0.0000 0.0000 4.0000 4.0000 4.0000 4.0000 4.0000 4.0000 4.0000 0.0000 0.0000 0.0000 0.0000 0.0000 0.0000 0.0000 0.0000 8.0000 8.0000 0.0000 0.0000 
before u = 9.0078 8.9547 8.9547 8.9547 8.9547 8.9547 8.9547 8.9547 8.9267 8.9267 8.9267 8.9267 8.9267 8.9267 8.9267 8.8969 8.8969 8.8969 8.8969 8.8969 8.8969 8.8969 8.8698 10.2615 10.2615 10.9320 9.5448 
before v = 31.0434 24.9434 24.9434 24.9434 24.9434 24.9434 24.9434 24.9434 22.0779 22.0779 22.0779 22.0779 22.0779 22.0779 22.0779 19.2034 19.2034 19.2034 19.2034 19.2034 19.2034 19.2034 16.6931 59.4046 59.4046 60.9886 20.4276 
Ibias = 9.4000 9.4000 9.4000 9.4000 9.4000 9.4000 9.4000 9.4000 2.0000 2.0000 2.0000 2.0000 2.0000 2.0000 2.0000 2.0000 2.0000 2.0000 2.0000 2.0000 2.0000 2.0000 -2.0000 16.0000 16.0000 10.0000 -11.0000 
fa1 = 1.3097 0.5021 0.5021 0.5021 0.5021 0.5021 0.5021 0.5021 0.3370 0.3370 0.3370 0.3370 0.3370 0.3370 0.3370 0.2437 0.2437 0.2437 0.2437 0.2437 0.2437 0.2437 0.1972 37.5848 37.5848 24.8865 3.1867 
fa2 = 1.3075 0.5009 0.5009 0.5009 0.5009 0.5009 0.5009 0.5009 0.3363 0.3363 0.3363 0.3363 0.3363 0.3363 0.3363 0.2433 0.2433 0.2433 0.2433 0.2433 0.2433 0.2433 0.1970 37.9153 37.9153 25.1208 3.1655 
fa3 = 1.3075 0.5009 0.5009 0.5009 0.5009 0.5009 0.5009 0.5009 0.3363 0.3363 0.3363 0.3363 0.3363 0.3363 0.3363 0.2433 0.2433 0.2433 0.2433 0.2433 0.2433 0.2433 0.1970 37.9183 37.9183 25.1230 3.1656 
fa4 = 1.3053 0.4997 0.4997 0.4997 0.4997 0.4997 0.4997 0.4997 0.3355 0.3355 0.3355 0.3355 0.3355 0.3355 0.3355 0.2429 0.2429 0.2429 0.2429 0.2429 0.2429 0.2429 0.1968 38.2547 38.2547 25.3608 3.1446 
fb1 = -0.2361 -0.2584 -0.2584 -0.2584 -0.2584 -0.2584 -0.2584 -0.2584 -0.2688 -0.2688 -0.2688 -0.2688 -0.2688 -0.2688 -0.2688 -0.2791 -0.2791 -0.2791 -0.2791 -0.2791 -0.2791 -0.2791 -0.2880 0.0324 0.0324 0.0253 -0.1092 
fb2 = -0.2361 -0.2584 -0.2584 -0.2584 -0.2584 -0.2584 -0.2584 -0.2584 -0.2687 -0.2687 -0.2687 -0.2687 -0.2687 -0.2687 -0.2687 -0.2790 -0.2790 -0.2790 -0.2790 -0.2790 -0.2790 -0.2790 -0.2880 0.0331 0.0331 0.0258 -0.1091 
fb3 = -0.2361 -0.2584 -0.2584 -0.2584 -0.2584 -0.2584 -0.2584 -0.2584 -0.2687 -0.2687 -0.2687 -0.2687 -0.2687 -0.2687 -0.2687 -0.2790 -0.2790 -0.2790 -0.2790 -0.2790 -0.2790 -0.2790 -0.2880 0.0331 0.0331 0.0258 -0.1091 
fb4 = -0.2360 -0.2583 -0.2583 -0.2583 -0.2583 -0.2583 -0.2583 -0.2583 -0.2686 -0.2686 -0.2686 -0.2686 -0.2686 -0.2686 -0.2686 -0.2789 -0.2789 -0.2789 -0.2789 -0.2789 -0.2789 -0.2789 -0.2879 0.0339 0.0339 0.0263 -0.1090 
I = 14.9000 9.4000 9.4000 9.4000 9.4000 9.4000 9.4000 9.4000 6.0000 6.0000 6.0000 6.0000 6.0000 6.0000 6.0000 2.0000 2.0000 2.0000 2.0000 2.0000 2.0000 2.0000 -2.0000 24.9039 24.9039 10.0000 -2.6772 
S1 = 0.0000 0.0000 0.0000 0.0000 0.0000 0.0000 0.0000 0.0000 0.0000 0.0000 0.0000 0.0000 0.0000 0.0000 0.0000 0.0000 0.0000 0.0000 0.0000 0.0000 0.0000 0.0000 0.0000 0.0000 0.0000 0.0000 0.0000 
S2 = 0.0000 0.0000 0.0000 0.0000 0.0000 0.0000 0.0000 0.0000 0.0000 0.0000 0.0000 0.0000 0.0000 0.0000 0.0000 0.0000 0.0000 0.0000 0.0000 0.0000 0.0000 0.0000 0.0000 0.9039 0.9039 0.0000 8.3228 
u = 9.0055 8.9521 8.9521 8.9521 8.9521 8.9521 8.9521 8.9521 8.9240 8.9240 8.9240 8.9240 8.9240 8.9240 8.9240 8.8941 8.8941 8.8941 8.8941 8.8941 8.8941 8.8941 8.8669 10.2618 10.2618 10.9323 9.5437 
v = 31.0564 24.9484 24.9484 24.9484 24.9484 24.9484 24.9484 24.9484 22.0812 22.0812 22.0812 22.0812 22.0812 22.0812 22.0812 19.2058 19.2058 19.2058 19.2058 19.2058 19.2058 19.2058 16.6951 59.7837 59.7837 61.2398 20.4593 
