ExternalI = 5.5000 0.0000 0.0000 0.0000 0.0000 0.0000 0.0000 0.0000 4.0000 4.0000 4.0000 4.0000 4.0000 4.0000 4.0000 0.0000 0.0000 0.0000 0.0000 0.0000 0.0000 0.0000 0.0000 8.0000 8.0000 0.0000 0.0000 
before u = 9.0055 8.9521 8.9521 8.9521 8.9521 8.9521 8.9521 8.9521 8.9240 8.9240 8.9240 8.9240 8.9240 8.9240 8.9240 8.8941 8.8941 8.8941 8.8941 8.8941 8.8941 8.8941 8.8669 10.2618 10.2618 10.9323 9.5437 
before v = 31.0564 24.9484 24.9484 24.9484 24.9484 24.9484 24.9484 24.9484 22.0812 22.0812 22.0812 22.0812 22.0812 22.0812 22.0812 19.2058 19.2058 19.2058 19.2058 19.2058 19.2058 19.2058 16.6951 59.7837 59.7837 61.2398 20.4593 
Ibias = 9.4000 9.4000 9.4000 9.4000 9.4000 9.4000 9.4000 9.4000 2.0000 2.0000 2.0000 2.0000 2.0000 2.0000 2.0000 2.0000 2.0000 2.0000 2.0000 2.0000 2.0000 2.0000 -2.0000 16.0000 16.0000 10.0000 -11.0000 
fa1 = 1.3053 0.4997 0.4997 0.4997 0.4997 0.4997 0.4997 0.4997 0.3355 0.3355 0.3355 0.3355 0.3355 0.3355 0.3355 0.2429 0.2429 0.2429 0.2429 0.2429 0.2429 0.2429 0.1968 38.2528 38.2528 25.3608 3.1279 
fa2 = 1.3031 0.4984 0.4984 0.4984 0.4984 0.4984 0.4984 0.4984 0.3348 0.3348 0.3348 0.3348 0.3348 0.3348 0.3348 0.2426 0.2426 0.2426 0.2426 0.2426 0.2426 0.2426 0.1966 38.5951 38.5951 25.6022 3.1072 
fa3 = 1.3031 0.4984 0.4984 0.4984 0.4984 0.4984 0.4984 0.4984 0.3348 0.3348 0.3348 0.3348 0.3348 0.3348 0.3348 0.2426 0.2426 0.2426 0.2426 0.2426 0.2426 0.2426 0.1966 38.5982 38.5982 25.6045 3.1073 
fa4 = 1.3009 0.4972 0.4972 0.4972 0.4972 0.4972 0.4972 0.4972 0.3341 0.3341 0.3341 0.3341 0.3341 0.3341 0.3341 0.2422 0.2422 0.2422 0.2422 0.2422 0.2422 0.2422 0.1964 38.9465 38.9465 25.8495 3.0867 
fb1 = -0.2360 -0.2583 -0.2583 -0.2583 -0.2583 -0.2583 -0.2583 -0.2583 -0.2686 -0.2686 -0.2686 -0.2686 -0.2686 -0.2686 -0.2686 -0.2789 -0.2789 -0.2789 -0.2789 -0.2789 -0.2789 -0.2789 -0.2879 0.0339 0.0339 0.0263 -0.1090 
fb2 = -0.2359 -0.2582 -0.2582 -0.2582 -0.2582 -0.2582 -0.2582 -0.2582 -0.2686 -0.2686 -0.2686 -0.2686 -0.2686 -0.2686 -0.2686 -0.2789 -0.2789 -0.2789 -0.2789 -0.2789 -0.2789 -0.2789 -0.2878 0.0347 0.0347 0.0268 -0.1090 
fb3 = -0.2359 -0.2582 -0.2582 -0.2582 -0.2582 -0.2582 -0.2582 -0.2582 -0.2686 -0.2686 -0.2686 -0.2686 -0.2686 -0.2686 -0.2686 -0.2789 -0.2789 -0.2789 -0.2789 -0.2789 -0.2789 -0.2789 -0.2878 0.0347 0.0347 0.0268 -0.1090 
fb4 = -0.2358 -0.2582 -0.2582 -0.2582 -0.2582 -0.2582 -0.2582 -0.2582 -0.2685 -0.2685 -0.2685 -0.2685 -0.2685 -0.2685 -0.2685 -0.2788 -0.2788 -0.2788 -0.2788 -0.2788 -0.2788 -0.2788 -0.2878 0.0354 0.0354 0.0273 -0.1089 
I = 14.9000 9.4000 9.4000 9.4000 9.4000 9.4000 9.4000 9.4000 6.0000 6.0000 6.0000 6.0000 6.0000 6.0000 6.0000 2.0000 2.0000 2.0000 2.0000 2.0000 2.0000 2.0000 -2.0000 24.9021 24.9021 10.0000 -2.6938 
S1 = 0.0000 0.0000 0.0000 0.0000 0.0000 0.0000 0.0000 0.0000 0.0000 0.0000 0.0000 0.0000 0.0000 0.0000 0.0000 0.0000 0.0000 0.0000 0.0000 0.0000 0.0000 0.0000 0.0000 0.0000 0.0000 0.0000 0.0000 
S2 = 0.0000 0.0000 0.0000 0.0000 0.0000 0.0000 0.0000 0.0000 0.0000 0.0000 0.0000 0.0000 0.0000 0.0000 0.0000 0.0000 0.0000 0.0000 0.0000 0.0000 0.0000 0.0000 0.0000 0.9021 0.9021 0.0000 8.3062 
u = 9.0031 8.9495 8.9495 8.9495 8.9495 8.9495 8.9495 8.9495 8.9213 8.9213 8.9213 8.9213 8.9213 8.9213 8.9213 8.8913 8.8913 8.8913 8.8913 8.8913 8.8913 8.8913 8.8640 10.2622 10.2622 10.9325 9.5426 
v = 31.0695 24.9534 24.9534 24.9534 24.9534 24.9534 24.9534 24.9534 22.0846 22.0846 22.0846 22.0846 22.0846 22.0846 22.0846 19.2082 19.2082 19.2082 19.2082 19.2082 19.2082 19.2082 16.6971 60.1697 60.1697 61.4958 20.4903 
