ExternalI = 5.5000 0.0000 0.0000 0.0000 0.0000 0.0000 0.0000 0.0000 4.0000 4.0000 4.0000 4.0000 4.0000 4.0000 4.0000 0.0000 0.0000 0.0000 0.0000 0.0000 0.0000 0.0000 0.0000 8.0000 8.0000 0.0000 0.0000 
before u = 9.0031 8.9495 8.9495 8.9495 8.9495 8.9495 8.9495 8.9495 8.9213 8.9213 8.9213 8.9213 8.9213 8.9213 8.9213 8.8913 8.8913 8.8913 8.8913 8.8913 8.8913 8.8913 8.8640 10.2622 10.2622 10.9325 9.5426 
before v = 31.0695 24.9534 24.9534 24.9534 24.9534 24.9534 24.9534 24.9534 22.0846 22.0846 22.0846 22.0846 22.0846 22.0846 22.0846 19.2082 19.2082 19.2082 19.2082 19.2082 19.2082 19.2082 16.6971 60.1697 60.1697 61.4958 20.4903 
Ibias = 9.4000 9.4000 9.4000 9.4000 9.4000 9.4000 9.4000 9.4000 2.0000 2.0000 2.0000 2.0000 2.0000 2.0000 2.0000 2.0000 2.0000 2.0000 2.0000 2.0000 2.0000 2.0000 -2.0000 16.0000 16.0000 10.0000 -11.0000 
fa1 = 1.3009 0.4972 0.4972 0.4972 0.4972 0.4972 0.4972 0.4972 0.3341 0.3341 0.3341 0.3341 0.3341 0.3341 0.3341 0.2422 0.2422 0.2422 0.2422 0.2422 0.2422 0.2422 0.1964 38.9447 38.9447 25.8494 3.0701 
fa2 = 1.2988 0.4960 0.4960 0.4960 0.4960 0.4960 0.4960 0.4960 0.3334 0.3334 0.3334 0.3334 0.3334 0.3334 0.3334 0.2418 0.2418 0.2418 0.2418 0.2418 0.2418 0.2418 0.1962 39.2992 39.2992 26.0981 3.0498 
fa3 = 1.2988 0.4960 0.4960 0.4960 0.4960 0.4960 0.4960 0.4960 0.3334 0.3334 0.3334 0.3334 0.3334 0.3334 0.3334 0.2418 0.2418 0.2418 0.2418 0.2418 0.2418 0.2418 0.1962 39.3025 39.3025 26.1005 3.0499 
fa4 = 1.2966 0.4948 0.4948 0.4948 0.4948 0.4948 0.4948 0.4948 0.3327 0.3327 0.3327 0.3327 0.3327 0.3327 0.3327 0.2414 0.2414 0.2414 0.2414 0.2414 0.2414 0.2414 0.1960 39.6633 39.6633 26.3529 3.0297 
fb1 = -0.2358 -0.2582 -0.2582 -0.2582 -0.2582 -0.2582 -0.2582 -0.2582 -0.2685 -0.2685 -0.2685 -0.2685 -0.2685 -0.2685 -0.2685 -0.2788 -0.2788 -0.2788 -0.2788 -0.2788 -0.2788 -0.2788 -0.2878 0.0354 0.0354 0.0273 -0.1089 
fb2 = -0.2358 -0.2581 -0.2581 -0.2581 -0.2581 -0.2581 -0.2581 -0.2581 -0.2685 -0.2685 -0.2685 -0.2685 -0.2685 -0.2685 -0.2685 -0.2788 -0.2788 -0.2788 -0.2788 -0.2788 -0.2788 -0.2788 -0.2877 0.0362 0.0362 0.0278 -0.1088 
fb3 = -0.2358 -0.2581 -0.2581 -0.2581 -0.2581 -0.2581 -0.2581 -0.2581 -0.2685 -0.2685 -0.2685 -0.2685 -0.2685 -0.2685 -0.2685 -0.2788 -0.2788 -0.2788 -0.2788 -0.2788 -0.2788 -0.2788 -0.2877 0.0362 0.0362 0.0279 -0.1088 
fb4 = -0.2357 -0.2580 -0.2580 -0.2580 -0.2580 -0.2580 -0.2580 -0.2580 -0.2684 -0.2684 -0.2684 -0.2684 -0.2684 -0.2684 -0.2684 -0.2787 -0.2787 -0.2787 -0.2787 -0.2787 -0.2787 -0.2787 -0.2877 0.0370 0.0370 0.0284 -0.1087 
I = 14.9000 9.4000 9.4000 9.4000 9.4000 9.4000 9.4000 9.4000 6.0000 6.0000 6.0000 6.0000 6.0000 6.0000 6.0000 2.0000 2.0000 2.0000 2.0000 2.0000 2.0000 2.0000 -2.0000 24.9003 24.9003 10.0000 -2.7104 
S1 = 0.0000 0.0000 0.0000 0.0000 0.0000 0.0000 0.0000 0.0000 0.0000 0.0000 0.0000 0.0000 0.0000 0.0000 0.0000 0.0000 0.0000 0.0000 0.0000 0.0000 0.0000 0.0000 0.0000 0.0000 0.0000 0.0000 0.0000 
S2 = 0.0000 0.0000 0.0000 0.0000 0.0000 0.0000 0.0000 0.0000 0.0000 0.0000 0.0000 0.0000 0.0000 0.0000 0.0000 0.0000 0.0000 0.0000 0.0000 0.0000 0.0000 0.0000 0.0000 0.9003 0.9003 0.0000 8.2896 
u = 9.0008 8.9469 8.9469 8.9469 8.9469 8.9469 8.9469 8.9469 8.9186 8.9186 8.9186 8.9186 8.9186 8.9186 8.9186 8.8886 8.8886 8.8886 8.8886 8.8886 8.8886 8.8886 8.8612 10.2625 10.2625 10.9328 9.5415 
v = 31.0825 24.9583 24.9583 24.9583 24.9583 24.9583 24.9583 24.9583 22.0879 22.0879 22.0879 22.0879 22.0879 22.0879 22.0879 19.2107 19.2107 19.2107 19.2107 19.2107 19.2107 19.2107 16.6990 60.5627 60.5627 61.7568 20.5208 
