ExternalI = 5.5000 0.0000 0.0000 0.0000 0.0000 0.0000 0.0000 0.0000 4.0000 4.0000 4.0000 4.0000 4.0000 4.0000 4.0000 0.0000 0.0000 0.0000 0.0000 0.0000 0.0000 0.0000 0.0000 8.0000 8.0000 0.0000 0.0000 
before u = 9.0008 8.9469 8.9469 8.9469 8.9469 8.9469 8.9469 8.9469 8.9186 8.9186 8.9186 8.9186 8.9186 8.9186 8.9186 8.8886 8.8886 8.8886 8.8886 8.8886 8.8886 8.8886 8.8612 10.2625 10.2625 10.9328 9.5415 
before v = 31.0825 24.9583 24.9583 24.9583 24.9583 24.9583 24.9583 24.9583 22.0879 22.0879 22.0879 22.0879 22.0879 22.0879 22.0879 19.2107 19.2107 19.2107 19.2107 19.2107 19.2107 19.2107 16.6990 60.5627 60.5627 61.7568 20.5208 
Ibias = 9.4000 9.4000 9.4000 9.4000 9.4000 9.4000 9.4000 9.4000 2.0000 2.0000 2.0000 2.0000 2.0000 2.0000 2.0000 2.0000 2.0000 2.0000 2.0000 2.0000 2.0000 2.0000 -2.0000 16.0000 16.0000 10.0000 -11.0000 
fa1 = 1.2966 0.4948 0.4948 0.4948 0.4948 0.4948 0.4948 0.4948 0.3327 0.3327 0.3327 0.3327 0.3327 0.3327 0.3327 0.2414 0.2414 0.2414 0.2414 0.2414 0.2414 0.2414 0.1960 39.6615 39.6615 26.3529 3.0131 
fa2 = 1.2945 0.4936 0.4936 0.4936 0.4936 0.4936 0.4936 0.4936 0.3320 0.3320 0.3320 0.3320 0.3320 0.3320 0.3320 0.2411 0.2411 0.2411 0.2411 0.2411 0.2411 0.2411 0.1958 40.0288 40.0288 26.6092 2.9932 
fa3 = 1.2945 0.4937 0.4937 0.4937 0.4937 0.4937 0.4937 0.4937 0.3320 0.3320 0.3320 0.3320 0.3320 0.3320 0.3320 0.2411 0.2411 0.2411 0.2411 0.2411 0.2411 0.2411 0.1958 40.0322 40.0322 26.6117 2.9934 
fa4 = 1.2923 0.4925 0.4925 0.4925 0.4925 0.4925 0.4925 0.4925 0.3313 0.3313 0.3313 0.3313 0.3313 0.3313 0.3313 0.2407 0.2407 0.2407 0.2407 0.2407 0.2407 0.2407 0.1956 40.4062 40.4062 26.8719 2.9736 
fb1 = -0.2357 -0.2580 -0.2580 -0.2580 -0.2580 -0.2580 -0.2580 -0.2580 -0.2684 -0.2684 -0.2684 -0.2684 -0.2684 -0.2684 -0.2684 -0.2787 -0.2787 -0.2787 -0.2787 -0.2787 -0.2787 -0.2787 -0.2877 0.0370 0.0370 0.0284 -0.1087 
fb2 = -0.2356 -0.2580 -0.2580 -0.2580 -0.2580 -0.2580 -0.2580 -0.2580 -0.2683 -0.2683 -0.2683 -0.2683 -0.2683 -0.2683 -0.2683 -0.2786 -0.2786 -0.2786 -0.2786 -0.2786 -0.2786 -0.2786 -0.2876 0.0378 0.0378 0.0289 -0.1087 
fb3 = -0.2356 -0.2580 -0.2580 -0.2580 -0.2580 -0.2580 -0.2580 -0.2580 -0.2683 -0.2683 -0.2683 -0.2683 -0.2683 -0.2683 -0.2683 -0.2786 -0.2786 -0.2786 -0.2786 -0.2786 -0.2786 -0.2786 -0.2876 0.0378 0.0378 0.0289 -0.1087 
fb4 = -0.2356 -0.2579 -0.2579 -0.2579 -0.2579 -0.2579 -0.2579 -0.2579 -0.2683 -0.2683 -0.2683 -0.2683 -0.2683 -0.2683 -0.2683 -0.2786 -0.2786 -0.2786 -0.2786 -0.2786 -0.2786 -0.2786 -0.2875 0.0386 0.0386 0.0294 -0.1086 
I = 14.9000 9.4000 9.4000 9.4000 9.4000 9.4000 9.4000 9.4000 6.0000 6.0000 6.0000 6.0000 6.0000 6.0000 6.0000 2.0000 2.0000 2.0000 2.0000 2.0000 2.0000 2.0000 -2.0000 24.8985 24.8985 10.0000 -2.7270 
S1 = 0.0000 0.0000 0.0000 0.0000 0.0000 0.0000 0.0000 0.0000 0.0000 0.0000 0.0000 0.0000 0.0000 0.0000 0.0000 0.0000 0.0000 0.0000 0.0000 0.0000 0.0000 0.0000 0.0000 0.0000 0.0000 0.0000 0.0000 
S2 = 0.0000 0.0000 0.0000 0.0000 0.0000 0.0000 0.0000 0.0000 0.0000 0.0000 0.0000 0.0000 0.0000 0.0000 0.0000 0.0000 0.0000 0.0000 0.0000 0.0000 0.0000 0.0000 0.0000 0.8985 0.8985 0.0000 8.2730 
u = 8.9984 8.9443 8.9443 8.9443 8.9443 8.9443 8.9443 8.9443 8.9159 8.9159 8.9159 8.9159 8.9159 8.9159 8.9159 8.8858 8.8858 8.8858 8.8858 8.8858 8.8858 8.8858 8.8583 10.2629 10.2629 10.9331 9.5405 
v = 31.0954 24.9632 24.9632 24.9632 24.9632 24.9632 24.9632 24.9632 22.0912 22.0912 22.0912 22.0912 22.0912 22.0912 22.0912 19.2131 19.2131 19.2131 19.2131 19.2131 19.2131 19.2131 16.7010 60.9630 60.9630 62.0229 20.5508 
