ExternalI = 5.5000 0.0000 0.0000 0.0000 0.0000 0.0000 0.0000 0.0000 4.0000 4.0000 4.0000 4.0000 4.0000 4.0000 4.0000 0.0000 0.0000 0.0000 0.0000 0.0000 0.0000 0.0000 0.0000 8.0000 8.0000 0.0000 0.0000 
before u = 8.9984 8.9443 8.9443 8.9443 8.9443 8.9443 8.9443 8.9443 8.9159 8.9159 8.9159 8.9159 8.9159 8.9159 8.9159 8.8858 8.8858 8.8858 8.8858 8.8858 8.8858 8.8858 8.8583 10.2629 10.2629 10.9331 9.5405 
before v = 31.0954 24.9632 24.9632 24.9632 24.9632 24.9632 24.9632 24.9632 22.0912 22.0912 22.0912 22.0912 22.0912 22.0912 22.0912 19.2131 19.2131 19.2131 19.2131 19.2131 19.2131 19.2131 16.7010 60.9630 60.9630 62.0229 20.5508 
Ibias = 9.4000 9.4000 9.4000 9.4000 9.4000 9.4000 9.4000 9.4000 2.0000 2.0000 2.0000 2.0000 2.0000 2.0000 2.0000 2.0000 2.0000 2.0000 2.0000 2.0000 2.0000 2.0000 -2.0000 16.0000 16.0000 10.0000 -11.0000 
fa1 = 1.2923 0.4925 0.4925 0.4925 0.4925 0.4925 0.4925 0.4925 0.3313 0.3313 0.3313 0.3313 0.3313 0.3313 0.3313 0.2407 0.2407 0.2407 0.2407 0.2407 0.2407 0.2407 0.1956 40.4043 40.4043 26.8719 2.9571 
fa2 = 1.2902 0.4913 0.4913 0.4913 0.4913 0.4913 0.4913 0.4913 0.3306 0.3306 0.3306 0.3306 0.3306 0.3306 0.3306 0.2403 0.2403 0.2403 0.2403 0.2403 0.2403 0.2403 0.1955 40.7850 40.7850 27.1360 2.9376 
fa3 = 1.2902 0.4913 0.4913 0.4913 0.4913 0.4913 0.4913 0.4913 0.3306 0.3306 0.3306 0.3306 0.3306 0.3306 0.3306 0.2403 0.2403 0.2403 0.2403 0.2403 0.2403 0.2403 0.1955 40.7886 40.7886 27.1386 2.9377 
fa4 = 1.2881 0.4901 0.4901 0.4901 0.4901 0.4901 0.4901 0.4901 0.3299 0.3299 0.3299 0.3299 0.3299 0.3299 0.3299 0.2400 0.2400 0.2400 0.2400 0.2400 0.2400 0.2400 0.1953 41.1762 41.1762 27.4069 2.9183 
fb1 = -0.2356 -0.2579 -0.2579 -0.2579 -0.2579 -0.2579 -0.2579 -0.2579 -0.2683 -0.2683 -0.2683 -0.2683 -0.2683 -0.2683 -0.2683 -0.2786 -0.2786 -0.2786 -0.2786 -0.2786 -0.2786 -0.2786 -0.2875 0.0386 0.0386 0.0294 -0.1086 
fb2 = -0.2355 -0.2579 -0.2579 -0.2579 -0.2579 -0.2579 -0.2579 -0.2579 -0.2682 -0.2682 -0.2682 -0.2682 -0.2682 -0.2682 -0.2682 -0.2785 -0.2785 -0.2785 -0.2785 -0.2785 -0.2785 -0.2785 -0.2875 0.0394 0.0394 0.0300 -0.1085 
fb3 = -0.2355 -0.2579 -0.2579 -0.2579 -0.2579 -0.2579 -0.2579 -0.2579 -0.2682 -0.2682 -0.2682 -0.2682 -0.2682 -0.2682 -0.2682 -0.2785 -0.2785 -0.2785 -0.2785 -0.2785 -0.2785 -0.2785 -0.2875 0.0394 0.0394 0.0300 -0.1085 
fb4 = -0.2354 -0.2578 -0.2578 -0.2578 -0.2578 -0.2578 -0.2578 -0.2578 -0.2682 -0.2682 -0.2682 -0.2682 -0.2682 -0.2682 -0.2682 -0.2785 -0.2785 -0.2785 -0.2785 -0.2785 -0.2785 -0.2785 -0.2874 0.0402 0.0402 0.0305 -0.1085 
I = 14.9000 9.4000 9.4000 9.4000 9.4000 9.4000 9.4000 9.4000 6.0000 6.0000 6.0000 6.0000 6.0000 6.0000 6.0000 2.0000 2.0000 2.0000 2.0000 2.0000 2.0000 2.0000 -2.0000 24.8967 24.8967 10.0000 -2.7436 
S1 = 0.0000 0.0000 0.0000 0.0000 0.0000 0.0000 0.0000 0.0000 0.0000 0.0000 0.0000 0.0000 0.0000 0.0000 0.0000 0.0000 0.0000 0.0000 0.0000 0.0000 0.0000 0.0000 0.0000 0.0000 0.0000 0.0000 0.0000 
S2 = 0.0000 0.0000 0.0000 0.0000 0.0000 0.0000 0.0000 0.0000 0.0000 0.0000 0.0000 0.0000 0.0000 0.0000 0.0000 0.0000 0.0000 0.0000 0.0000 0.0000 0.0000 0.0000 0.0000 0.8967 0.8967 0.0000 8.2564 
u = 8.9961 8.9418 8.9418 8.9418 8.9418 8.9418 8.9418 8.9418 8.9132 8.9132 8.9132 8.9132 8.9132 8.9132 8.9132 8.8830 8.8830 8.8830 8.8830 8.8830 8.8830 8.8830 8.8554 10.2633 10.2633 10.9334 9.5394 
v = 31.1083 24.9682 24.9682 24.9682 24.9682 24.9682 24.9682 24.9682 22.0946 22.0946 22.0946 22.0946 22.0946 22.0946 22.0946 19.2155 19.2155 19.2155 19.2155 19.2155 19.2155 19.2155 16.7030 61.3709 61.3709 62.2943 20.5801 
