ExternalI = 5.5000 0.0000 0.0000 0.0000 0.0000 0.0000 0.0000 0.0000 4.0000 4.0000 4.0000 4.0000 4.0000 4.0000 4.0000 0.0000 0.0000 0.0000 0.0000 0.0000 0.0000 0.0000 0.0000 8.0000 8.0000 0.0000 0.0000 
before u = 8.9961 8.9418 8.9418 8.9418 8.9418 8.9418 8.9418 8.9418 8.9132 8.9132 8.9132 8.9132 8.9132 8.9132 8.9132 8.8830 8.8830 8.8830 8.8830 8.8830 8.8830 8.8830 8.8554 10.2633 10.2633 10.9334 9.5394 
before v = 31.1083 24.9682 24.9682 24.9682 24.9682 24.9682 24.9682 24.9682 22.0946 22.0946 22.0946 22.0946 22.0946 22.0946 22.0946 19.2155 19.2155 19.2155 19.2155 19.2155 19.2155 19.2155 16.7030 61.3709 61.3709 62.2943 20.5801 
Ibias = 9.4000 9.4000 9.4000 9.4000 9.4000 9.4000 9.4000 9.4000 2.0000 2.0000 2.0000 2.0000 2.0000 2.0000 2.0000 2.0000 2.0000 2.0000 2.0000 2.0000 2.0000 2.0000 -2.0000 16.0000 16.0000 10.0000 -11.0000 
fa1 = 1.2881 0.4901 0.4901 0.4901 0.4901 0.4901 0.4901 0.4901 0.3299 0.3299 0.3299 0.3299 0.3299 0.3299 0.3299 0.2400 0.2400 0.2400 0.2400 0.2400 0.2400 0.2400 0.1953 41.1744 41.1744 27.4069 2.9018 
fa2 = 1.2860 0.4890 0.4890 0.4890 0.4890 0.4890 0.4890 0.4890 0.3292 0.3292 0.3292 0.3292 0.3292 0.3292 0.3292 0.2396 0.2396 0.2396 0.2396 0.2396 0.2396 0.2396 0.1951 41.5691 41.5691 27.6793 2.8827 
fa3 = 1.2860 0.4890 0.4890 0.4890 0.4890 0.4890 0.4890 0.4890 0.3292 0.3292 0.3292 0.3292 0.3292 0.3292 0.3292 0.2396 0.2396 0.2396 0.2396 0.2396 0.2396 0.2396 0.1951 41.5729 41.5729 27.6820 2.8829 
fa4 = 1.2839 0.4878 0.4878 0.4878 0.4878 0.4878 0.4878 0.4878 0.3285 0.3285 0.3285 0.3285 0.3285 0.3285 0.3285 0.2392 0.2392 0.2392 0.2392 0.2392 0.2392 0.2392 0.1949 41.9748 41.9748 27.9588 2.8639 
fb1 = -0.2354 -0.2578 -0.2578 -0.2578 -0.2578 -0.2578 -0.2578 -0.2578 -0.2682 -0.2682 -0.2682 -0.2682 -0.2682 -0.2682 -0.2682 -0.2785 -0.2785 -0.2785 -0.2785 -0.2785 -0.2785 -0.2785 -0.2874 0.0402 0.0402 0.0305 -0.1085 
fb2 = -0.2353 -0.2577 -0.2577 -0.2577 -0.2577 -0.2577 -0.2577 -0.2577 -0.2681 -0.2681 -0.2681 -0.2681 -0.2681 -0.2681 -0.2681 -0.2784 -0.2784 -0.2784 -0.2784 -0.2784 -0.2784 -0.2784 -0.2873 0.0410 0.0410 0.0311 -0.1084 
fb3 = -0.2353 -0.2577 -0.2577 -0.2577 -0.2577 -0.2577 -0.2577 -0.2577 -0.2681 -0.2681 -0.2681 -0.2681 -0.2681 -0.2681 -0.2681 -0.2784 -0.2784 -0.2784 -0.2784 -0.2784 -0.2784 -0.2784 -0.2873 0.0410 0.0410 0.0311 -0.1084 
fb4 = -0.2353 -0.2577 -0.2577 -0.2577 -0.2577 -0.2577 -0.2577 -0.2577 -0.2680 -0.2680 -0.2680 -0.2680 -0.2680 -0.2680 -0.2680 -0.2783 -0.2783 -0.2783 -0.2783 -0.2783 -0.2783 -0.2783 -0.2873 0.0419 0.0419 0.0316 -0.1083 
I = 14.9000 9.4000 9.4000 9.4000 9.4000 9.4000 9.4000 9.4000 6.0000 6.0000 6.0000 6.0000 6.0000 6.0000 6.0000 2.0000 2.0000 2.0000 2.0000 2.0000 2.0000 2.0000 -2.0000 24.8949 24.8949 10.0000 -2.7601 
S1 = 0.0000 0.0000 0.0000 0.0000 0.0000 0.0000 0.0000 0.0000 0.0000 0.0000 0.0000 0.0000 0.0000 0.0000 0.0000 0.0000 0.0000 0.0000 0.0000 0.0000 0.0000 0.0000 0.0000 0.0000 0.0000 0.0000 0.0000 
S2 = 0.0000 0.0000 0.0000 0.0000 0.0000 0.0000 0.0000 0.0000 0.0000 0.0000 0.0000 0.0000 0.0000 0.0000 0.0000 0.0000 0.0000 0.0000 0.0000 0.0000 0.0000 0.0000 0.0000 0.8949 0.8949 0.0000 8.2399 
u = 8.9937 8.9392 8.9392 8.9392 8.9392 8.9392 8.9392 8.9392 8.9106 8.9106 8.9106 8.9106 8.9106 8.9106 8.9106 8.8802 8.8802 8.8802 8.8802 8.8802 8.8802 8.8802 8.8525 10.2637 10.2637 10.9337 9.5383 
v = 31.1212 24.9731 24.9731 24.9731 24.9731 24.9731 24.9731 24.9731 22.0978 22.0978 22.0978 22.0978 22.0978 22.0978 22.0978 19.2179 19.2179 19.2179 19.2179 19.2179 19.2179 19.2179 16.7049 61.7866 61.7866 62.5711 20.6090 
