ExternalI = 5.5000 0.0000 0.0000 0.0000 0.0000 0.0000 0.0000 0.0000 4.0000 4.0000 4.0000 4.0000 4.0000 4.0000 4.0000 0.0000 0.0000 0.0000 0.0000 0.0000 0.0000 0.0000 0.0000 8.0000 8.0000 0.0000 0.0000 
before u = 8.9937 8.9392 8.9392 8.9392 8.9392 8.9392 8.9392 8.9392 8.9106 8.9106 8.9106 8.9106 8.9106 8.9106 8.9106 8.8802 8.8802 8.8802 8.8802 8.8802 8.8802 8.8802 8.8525 10.2637 10.2637 10.9337 9.5383 
before v = 31.1212 24.9731 24.9731 24.9731 24.9731 24.9731 24.9731 24.9731 22.0978 22.0978 22.0978 22.0978 22.0978 22.0978 22.0978 19.2179 19.2179 19.2179 19.2179 19.2179 19.2179 19.2179 16.7049 61.7866 61.7866 62.5711 20.6090 
Ibias = 9.4000 9.4000 9.4000 9.4000 9.4000 9.4000 9.4000 9.4000 2.0000 2.0000 2.0000 2.0000 2.0000 2.0000 2.0000 2.0000 2.0000 2.0000 2.0000 2.0000 2.0000 2.0000 -2.0000 16.0000 16.0000 10.0000 -11.0000 
fa1 = 1.2839 0.4878 0.4878 0.4878 0.4878 0.4878 0.4878 0.4878 0.3285 0.3285 0.3285 0.3285 0.3285 0.3285 0.3285 0.2392 0.2392 0.2392 0.2392 0.2392 0.2392 0.2392 0.1949 41.9730 41.9730 27.9587 2.8474 
fa2 = 1.2818 0.4866 0.4866 0.4866 0.4866 0.4866 0.4866 0.4866 0.3278 0.3278 0.3278 0.3278 0.3278 0.3278 0.3278 0.2389 0.2389 0.2389 0.2389 0.2389 0.2389 0.2389 0.1947 42.3823 42.3823 28.2397 2.8288 
fa3 = 1.2818 0.4866 0.4866 0.4866 0.4866 0.4866 0.4866 0.4866 0.3278 0.3278 0.3278 0.3278 0.3278 0.3278 0.3278 0.2389 0.2389 0.2389 0.2389 0.2389 0.2389 0.2389 0.1947 42.3863 42.3863 28.2426 2.8289 
fa4 = 1.2797 0.4855 0.4855 0.4855 0.4855 0.4855 0.4855 0.4855 0.3271 0.3271 0.3271 0.3271 0.3271 0.3271 0.3271 0.2385 0.2385 0.2385 0.2385 0.2385 0.2385 0.2385 0.1945 42.8033 42.8033 28.5281 2.8103 
fb1 = -0.2353 -0.2577 -0.2577 -0.2577 -0.2577 -0.2577 -0.2577 -0.2577 -0.2680 -0.2680 -0.2680 -0.2680 -0.2680 -0.2680 -0.2680 -0.2783 -0.2783 -0.2783 -0.2783 -0.2783 -0.2783 -0.2783 -0.2873 0.0419 0.0419 0.0316 -0.1083 
fb2 = -0.2352 -0.2576 -0.2576 -0.2576 -0.2576 -0.2576 -0.2576 -0.2576 -0.2680 -0.2680 -0.2680 -0.2680 -0.2680 -0.2680 -0.2680 -0.2783 -0.2783 -0.2783 -0.2783 -0.2783 -0.2783 -0.2783 -0.2872 0.0427 0.0427 0.0322 -0.1083 
fb3 = -0.2352 -0.2576 -0.2576 -0.2576 -0.2576 -0.2576 -0.2576 -0.2576 -0.2680 -0.2680 -0.2680 -0.2680 -0.2680 -0.2680 -0.2680 -0.2783 -0.2783 -0.2783 -0.2783 -0.2783 -0.2783 -0.2783 -0.2872 0.0427 0.0427 0.0322 -0.1083 
fb4 = -0.2351 -0.2576 -0.2576 -0.2576 -0.2576 -0.2576 -0.2576 -0.2576 -0.2679 -0.2679 -0.2679 -0.2679 -0.2679 -0.2679 -0.2679 -0.2782 -0.2782 -0.2782 -0.2782 -0.2782 -0.2782 -0.2782 -0.2872 0.0436 0.0436 0.0327 -0.1082 
I = 14.9000 9.4000 9.4000 9.4000 9.4000 9.4000 9.4000 9.4000 6.0000 6.0000 6.0000 6.0000 6.0000 6.0000 6.0000 2.0000 2.0000 2.0000 2.0000 2.0000 2.0000 2.0000 -2.0000 24.8931 24.8931 10.0000 -2.7765 
S1 = 0.0000 0.0000 0.0000 0.0000 0.0000 0.0000 0.0000 0.0000 0.0000 0.0000 0.0000 0.0000 0.0000 0.0000 0.0000 0.0000 0.0000 0.0000 0.0000 0.0000 0.0000 0.0000 0.0000 0.0000 0.0000 0.0000 0.0000 
S2 = 0.0000 0.0000 0.0000 0.0000 0.0000 0.0000 0.0000 0.0000 0.0000 0.0000 0.0000 0.0000 0.0000 0.0000 0.0000 0.0000 0.0000 0.0000 0.0000 0.0000 0.0000 0.0000 0.0000 0.8931 0.8931 0.0000 8.2235 
u = 8.9913 8.9366 8.9366 8.9366 8.9366 8.9366 8.9366 8.9366 8.9079 8.9079 8.9079 8.9079 8.9079 8.9079 8.9079 8.8774 8.8774 8.8774 8.8774 8.8774 8.8774 8.8774 8.8497 10.2641 10.2641 10.9340 9.5372 
v = 31.1340 24.9779 24.9779 24.9779 24.9779 24.9779 24.9779 24.9779 22.1011 22.1011 22.1011 22.1011 22.1011 22.1011 22.1011 19.2203 19.2203 19.2203 19.2203 19.2203 19.2203 19.2203 16.7069 62.2105 62.2105 62.8535 20.6373 
