ExternalI = 5.5000 0.0000 0.0000 0.0000 0.0000 0.0000 0.0000 0.0000 4.0000 4.0000 4.0000 4.0000 4.0000 4.0000 4.0000 0.0000 0.0000 0.0000 0.0000 0.0000 0.0000 0.0000 0.0000 8.0000 8.0000 0.0000 0.0000 
before u = 8.9913 8.9366 8.9366 8.9366 8.9366 8.9366 8.9366 8.9366 8.9079 8.9079 8.9079 8.9079 8.9079 8.9079 8.9079 8.8774 8.8774 8.8774 8.8774 8.8774 8.8774 8.8774 8.8497 10.2641 10.2641 10.9340 9.5372 
before v = 31.1340 24.9779 24.9779 24.9779 24.9779 24.9779 24.9779 24.9779 22.1011 22.1011 22.1011 22.1011 22.1011 22.1011 22.1011 19.2203 19.2203 19.2203 19.2203 19.2203 19.2203 19.2203 16.7069 62.2105 62.2105 62.8535 20.6373 
Ibias = 9.4000 9.4000 9.4000 9.4000 9.4000 9.4000 9.4000 9.4000 2.0000 2.0000 2.0000 2.0000 2.0000 2.0000 2.0000 2.0000 2.0000 2.0000 2.0000 2.0000 2.0000 2.0000 -2.0000 16.0000 16.0000 10.0000 -11.0000 
fa1 = 1.2797 0.4855 0.4855 0.4855 0.4855 0.4855 0.4855 0.4855 0.3271 0.3271 0.3271 0.3271 0.3271 0.3271 0.3271 0.2385 0.2385 0.2385 0.2385 0.2385 0.2385 0.2385 0.1945 42.8015 42.8015 28.5281 2.7939 
fa2 = 1.2776 0.4844 0.4844 0.4844 0.4844 0.4844 0.4844 0.4844 0.3265 0.3265 0.3265 0.3265 0.3265 0.3265 0.3265 0.2382 0.2382 0.2382 0.2382 0.2382 0.2382 0.2382 0.1943 43.2262 43.2262 28.8180 2.7756 
fa3 = 1.2776 0.4844 0.4844 0.4844 0.4844 0.4844 0.4844 0.4844 0.3265 0.3265 0.3265 0.3265 0.3265 0.3265 0.3265 0.2382 0.2382 0.2382 0.2382 0.2382 0.2382 0.2382 0.1944 43.2304 43.2304 28.8210 2.7757 
fa4 = 1.2755 0.4832 0.4832 0.4832 0.4832 0.4832 0.4832 0.4832 0.3258 0.3258 0.3258 0.3258 0.3258 0.3258 0.3258 0.2378 0.2378 0.2378 0.2378 0.2378 0.2378 0.2378 0.1942 43.6631 43.6631 29.1156 2.7576 
fb1 = -0.2351 -0.2576 -0.2576 -0.2576 -0.2576 -0.2576 -0.2576 -0.2576 -0.2679 -0.2679 -0.2679 -0.2679 -0.2679 -0.2679 -0.2679 -0.2782 -0.2782 -0.2782 -0.2782 -0.2782 -0.2782 -0.2782 -0.2872 0.0436 0.0436 0.0327 -0.1082 
fb2 = -0.2350 -0.2575 -0.2575 -0.2575 -0.2575 -0.2575 -0.2575 -0.2575 -0.2679 -0.2679 -0.2679 -0.2679 -0.2679 -0.2679 -0.2679 -0.2782 -0.2782 -0.2782 -0.2782 -0.2782 -0.2782 -0.2782 -0.2871 0.0444 0.0444 0.0333 -0.1081 
fb3 = -0.2350 -0.2575 -0.2575 -0.2575 -0.2575 -0.2575 -0.2575 -0.2575 -0.2679 -0.2679 -0.2679 -0.2679 -0.2679 -0.2679 -0.2679 -0.2782 -0.2782 -0.2782 -0.2782 -0.2782 -0.2782 -0.2782 -0.2871 0.0444 0.0444 0.0333 -0.1081 
fb4 = -0.2350 -0.2574 -0.2574 -0.2574 -0.2574 -0.2574 -0.2574 -0.2574 -0.2678 -0.2678 -0.2678 -0.2678 -0.2678 -0.2678 -0.2678 -0.2781 -0.2781 -0.2781 -0.2781 -0.2781 -0.2781 -0.2781 -0.2870 0.0453 0.0453 0.0339 -0.1081 
I = 14.9000 9.4000 9.4000 9.4000 9.4000 9.4000 9.4000 9.4000 6.0000 6.0000 6.0000 6.0000 6.0000 6.0000 6.0000 2.0000 2.0000 2.0000 2.0000 2.0000 2.0000 2.0000 -2.0000 24.8913 24.8913 10.0000 -2.7930 
S1 = 0.0000 0.0000 0.0000 0.0000 0.0000 0.0000 0.0000 0.0000 0.0000 0.0000 0.0000 0.0000 0.0000 0.0000 0.0000 0.0000 0.0000 0.0000 0.0000 0.0000 0.0000 0.0000 0.0000 0.0000 0.0000 0.0000 0.0000 
S2 = 0.0000 0.0000 0.0000 0.0000 0.0000 0.0000 0.0000 0.0000 0.0000 0.0000 0.0000 0.0000 0.0000 0.0000 0.0000 0.0000 0.0000 0.0000 0.0000 0.0000 0.0000 0.0000 0.0000 0.8913 0.8913 0.0000 8.2070 
u = 8.9890 8.9340 8.9340 8.9340 8.9340 8.9340 8.9340 8.9340 8.9052 8.9052 8.9052 8.9052 8.9052 8.9052 8.9052 8.8746 8.8746 8.8746 8.8746 8.8746 8.8746 8.8746 8.8468 10.2646 10.2646 10.9344 9.5361 
v = 31.1468 24.9828 24.9828 24.9828 24.9828 24.9828 24.9828 24.9828 22.1044 22.1044 22.1044 22.1044 22.1044 22.1044 22.1044 19.2226 19.2226 19.2226 19.2226 19.2226 19.2226 19.2226 16.7088 62.6428 62.6428 63.1418 20.6650 
