ExternalI = 5.5000 0.0000 0.0000 0.0000 0.0000 0.0000 0.0000 0.0000 4.0000 4.0000 4.0000 4.0000 4.0000 4.0000 4.0000 0.0000 0.0000 0.0000 0.0000 0.0000 0.0000 0.0000 0.0000 8.0000 8.0000 0.0000 0.0000 
before u = 8.9890 8.9340 8.9340 8.9340 8.9340 8.9340 8.9340 8.9340 8.9052 8.9052 8.9052 8.9052 8.9052 8.9052 8.9052 8.8746 8.8746 8.8746 8.8746 8.8746 8.8746 8.8746 8.8468 10.2646 10.2646 10.9344 9.5361 
before v = 31.1468 24.9828 24.9828 24.9828 24.9828 24.9828 24.9828 24.9828 22.1044 22.1044 22.1044 22.1044 22.1044 22.1044 22.1044 19.2226 19.2226 19.2226 19.2226 19.2226 19.2226 19.2226 16.7088 62.6428 62.6428 63.1418 20.6650 
Ibias = 9.4000 9.4000 9.4000 9.4000 9.4000 9.4000 9.4000 9.4000 2.0000 2.0000 2.0000 2.0000 2.0000 2.0000 2.0000 2.0000 2.0000 2.0000 2.0000 2.0000 2.0000 2.0000 -2.0000 16.0000 16.0000 10.0000 -11.0000 
fa1 = 1.2755 0.4832 0.4832 0.4832 0.4832 0.4832 0.4832 0.4832 0.3258 0.3258 0.3258 0.3258 0.3258 0.3258 0.3258 0.2378 0.2378 0.2378 0.2378 0.2378 0.2378 0.2378 0.1942 43.6613 43.6613 29.1156 2.7411 
fa2 = 1.2735 0.4821 0.4821 0.4821 0.4821 0.4821 0.4821 0.4821 0.3251 0.3251 0.3251 0.3251 0.3251 0.3251 0.3251 0.2375 0.2375 0.2375 0.2375 0.2375 0.2375 0.2375 0.1940 44.1021 44.1021 29.4149 2.7232 
fa3 = 1.2735 0.4821 0.4821 0.4821 0.4821 0.4821 0.4821 0.4821 0.3251 0.3251 0.3251 0.3251 0.3251 0.3251 0.3251 0.2375 0.2375 0.2375 0.2375 0.2375 0.2375 0.2375 0.1940 44.1066 44.1066 29.4180 2.7233 
fa4 = 1.2714 0.4810 0.4810 0.4810 0.4810 0.4810 0.4810 0.4810 0.3245 0.3245 0.3245 0.3245 0.3245 0.3245 0.3245 0.2371 0.2371 0.2371 0.2371 0.2371 0.2371 0.2371 0.1938 44.5558 44.5558 29.7222 2.7056 
fb1 = -0.2350 -0.2574 -0.2574 -0.2574 -0.2574 -0.2574 -0.2574 -0.2574 -0.2678 -0.2678 -0.2678 -0.2678 -0.2678 -0.2678 -0.2678 -0.2781 -0.2781 -0.2781 -0.2781 -0.2781 -0.2781 -0.2781 -0.2870 0.0453 0.0453 0.0339 -0.1081 
fb2 = -0.2349 -0.2574 -0.2574 -0.2574 -0.2574 -0.2574 -0.2574 -0.2574 -0.2677 -0.2677 -0.2677 -0.2677 -0.2677 -0.2677 -0.2677 -0.2780 -0.2780 -0.2780 -0.2780 -0.2780 -0.2780 -0.2780 -0.2870 0.0461 0.0461 0.0345 -0.1080 
fb3 = -0.2349 -0.2574 -0.2574 -0.2574 -0.2574 -0.2574 -0.2574 -0.2574 -0.2677 -0.2677 -0.2677 -0.2677 -0.2677 -0.2677 -0.2677 -0.2780 -0.2780 -0.2780 -0.2780 -0.2780 -0.2780 -0.2780 -0.2870 0.0462 0.0462 0.0345 -0.1080 
fb4 = -0.2348 -0.2573 -0.2573 -0.2573 -0.2573 -0.2573 -0.2573 -0.2573 -0.2677 -0.2677 -0.2677 -0.2677 -0.2677 -0.2677 -0.2677 -0.2780 -0.2780 -0.2780 -0.2780 -0.2780 -0.2780 -0.2780 -0.2869 0.0470 0.0470 0.0350 -0.1079 
I = 14.9000 9.4000 9.4000 9.4000 9.4000 9.4000 9.4000 9.4000 6.0000 6.0000 6.0000 6.0000 6.0000 6.0000 6.0000 2.0000 2.0000 2.0000 2.0000 2.0000 2.0000 2.0000 -2.0000 24.8895 24.8895 10.0000 -2.8094 
S1 = 0.0000 0.0000 0.0000 0.0000 0.0000 0.0000 0.0000 0.0000 0.0000 0.0000 0.0000 0.0000 0.0000 0.0000 0.0000 0.0000 0.0000 0.0000 0.0000 0.0000 0.0000 0.0000 0.0000 0.0000 0.0000 0.0000 0.0000 
S2 = 0.0000 0.0000 0.0000 0.0000 0.0000 0.0000 0.0000 0.0000 0.0000 0.0000 0.0000 0.0000 0.0000 0.0000 0.0000 0.0000 0.0000 0.0000 0.0000 0.0000 0.0000 0.0000 0.0000 0.8895 0.8895 0.0000 8.1906 
u = 8.9867 8.9315 8.9315 8.9315 8.9315 8.9315 8.9315 8.9315 8.9025 8.9025 8.9025 8.9025 8.9025 8.9025 8.9025 8.8719 8.8719 8.8719 8.8719 8.8719 8.8719 8.8719 8.8439 10.2650 10.2650 10.9347 9.5350 
v = 31.1595 24.9876 24.9876 24.9876 24.9876 24.9876 24.9876 24.9876 22.1076 22.1076 22.1076 22.1076 22.1076 22.1076 22.1076 19.2250 19.2250 19.2250 19.2250 19.2250 19.2250 19.2250 16.7107 63.0839 63.0839 63.4359 20.6923 
