ExternalI = 5.5000 0.0000 0.0000 0.0000 0.0000 0.0000 0.0000 0.0000 4.0000 4.0000 4.0000 4.0000 4.0000 4.0000 4.0000 0.0000 0.0000 0.0000 0.0000 0.0000 0.0000 0.0000 0.0000 8.0000 8.0000 0.0000 0.0000 
before u = 8.9867 8.9315 8.9315 8.9315 8.9315 8.9315 8.9315 8.9315 8.9025 8.9025 8.9025 8.9025 8.9025 8.9025 8.9025 8.8719 8.8719 8.8719 8.8719 8.8719 8.8719 8.8719 8.8439 10.2650 10.2650 10.9347 9.5350 
before v = 31.1595 24.9876 24.9876 24.9876 24.9876 24.9876 24.9876 24.9876 22.1076 22.1076 22.1076 22.1076 22.1076 22.1076 22.1076 19.2250 19.2250 19.2250 19.2250 19.2250 19.2250 19.2250 16.7107 63.0839 63.0839 63.4359 20.6923 
Ibias = 9.4000 9.4000 9.4000 9.4000 9.4000 9.4000 9.4000 9.4000 2.0000 2.0000 2.0000 2.0000 2.0000 2.0000 2.0000 2.0000 2.0000 2.0000 2.0000 2.0000 2.0000 2.0000 -2.0000 16.0000 16.0000 10.0000 -11.0000 
fa1 = 1.2714 0.4810 0.4810 0.4810 0.4810 0.4810 0.4810 0.4810 0.3245 0.3245 0.3245 0.3245 0.3245 0.3245 0.3245 0.2371 0.2371 0.2371 0.2371 0.2371 0.2371 0.2371 0.1938 44.5540 44.5540 29.7222 2.6892 
fa2 = 1.2694 0.4798 0.4798 0.4798 0.4798 0.4798 0.4798 0.4798 0.3238 0.3238 0.3238 0.3238 0.3238 0.3238 0.3238 0.2368 0.2368 0.2368 0.2368 0.2368 0.2368 0.2368 0.1936 45.0117 45.0117 30.0312 2.6717 
fa3 = 1.2694 0.4799 0.4799 0.4799 0.4799 0.4799 0.4799 0.4799 0.3238 0.3238 0.3238 0.3238 0.3238 0.3238 0.3238 0.2368 0.2368 0.2368 0.2368 0.2368 0.2368 0.2368 0.1936 45.0165 45.0165 30.0344 2.6718 
fa4 = 1.2673 0.4787 0.4787 0.4787 0.4787 0.4787 0.4787 0.4787 0.3232 0.3232 0.3232 0.3232 0.3232 0.3232 0.3232 0.2364 0.2364 0.2364 0.2364 0.2364 0.2364 0.2364 0.1935 45.4830 45.4830 30.3486 2.6544 
fb1 = -0.2348 -0.2573 -0.2573 -0.2573 -0.2573 -0.2573 -0.2573 -0.2573 -0.2677 -0.2677 -0.2677 -0.2677 -0.2677 -0.2677 -0.2677 -0.2780 -0.2780 -0.2780 -0.2780 -0.2780 -0.2780 -0.2780 -0.2869 0.0470 0.0470 0.0350 -0.1079 
fb2 = -0.2348 -0.2572 -0.2572 -0.2572 -0.2572 -0.2572 -0.2572 -0.2572 -0.2676 -0.2676 -0.2676 -0.2676 -0.2676 -0.2676 -0.2676 -0.2779 -0.2779 -0.2779 -0.2779 -0.2779 -0.2779 -0.2779 -0.2869 0.0479 0.0479 0.0356 -0.1079 
fb3 = -0.2348 -0.2572 -0.2572 -0.2572 -0.2572 -0.2572 -0.2572 -0.2572 -0.2676 -0.2676 -0.2676 -0.2676 -0.2676 -0.2676 -0.2676 -0.2779 -0.2779 -0.2779 -0.2779 -0.2779 -0.2779 -0.2779 -0.2869 0.0479 0.0479 0.0356 -0.1079 
fb4 = -0.2347 -0.2572 -0.2572 -0.2572 -0.2572 -0.2572 -0.2572 -0.2572 -0.2676 -0.2676 -0.2676 -0.2676 -0.2676 -0.2676 -0.2676 -0.2779 -0.2779 -0.2779 -0.2779 -0.2779 -0.2779 -0.2779 -0.2868 0.0488 0.0488 0.0362 -0.1078 
I = 14.9000 9.4000 9.4000 9.4000 9.4000 9.4000 9.4000 9.4000 6.0000 6.0000 6.0000 6.0000 6.0000 6.0000 6.0000 2.0000 2.0000 2.0000 2.0000 2.0000 2.0000 2.0000 -2.0000 24.8877 24.8877 10.0000 -2.8258 
S1 = 0.0000 0.0000 0.0000 0.0000 0.0000 0.0000 0.0000 0.0000 0.0000 0.0000 0.0000 0.0000 0.0000 0.0000 0.0000 0.0000 0.0000 0.0000 0.0000 0.0000 0.0000 0.0000 0.0000 0.0000 0.0000 0.0000 0.0000 
S2 = 0.0000 0.0000 0.0000 0.0000 0.0000 0.0000 0.0000 0.0000 0.0000 0.0000 0.0000 0.0000 0.0000 0.0000 0.0000 0.0000 0.0000 0.0000 0.0000 0.0000 0.0000 0.0000 0.0000 0.8877 0.8877 0.0000 8.1742 
u = 8.9843 8.9289 8.9289 8.9289 8.9289 8.9289 8.9289 8.9289 8.8999 8.8999 8.8999 8.8999 8.8999 8.8999 8.8999 8.8691 8.8691 8.8691 8.8691 8.8691 8.8691 8.8691 8.8411 10.2655 10.2655 10.9351 9.5340 
v = 31.1722 24.9924 24.9924 24.9924 24.9924 24.9924 24.9924 24.9924 22.1109 22.1109 22.1109 22.1109 22.1109 22.1109 22.1109 19.2274 19.2274 19.2274 19.2274 19.2274 19.2274 19.2274 16.7127 63.5340 63.5340 63.7363 20.7190 
