ExternalI = 5.5000 0.0000 0.0000 0.0000 0.0000 0.0000 0.0000 0.0000 4.0000 4.0000 4.0000 4.0000 4.0000 4.0000 4.0000 0.0000 0.0000 0.0000 0.0000 0.0000 0.0000 0.0000 0.0000 8.0000 8.0000 0.0000 0.0000 
before u = 8.9843 8.9289 8.9289 8.9289 8.9289 8.9289 8.9289 8.9289 8.8999 8.8999 8.8999 8.8999 8.8999 8.8999 8.8999 8.8691 8.8691 8.8691 8.8691 8.8691 8.8691 8.8691 8.8411 10.2655 10.2655 10.9351 9.5340 
before v = 31.1722 24.9924 24.9924 24.9924 24.9924 24.9924 24.9924 24.9924 22.1109 22.1109 22.1109 22.1109 22.1109 22.1109 22.1109 19.2274 19.2274 19.2274 19.2274 19.2274 19.2274 19.2274 16.7127 63.5340 63.5340 63.7363 20.7190 
Ibias = 9.4000 9.4000 9.4000 9.4000 9.4000 9.4000 9.4000 9.4000 2.0000 2.0000 2.0000 2.0000 2.0000 2.0000 2.0000 2.0000 2.0000 2.0000 2.0000 2.0000 2.0000 2.0000 -2.0000 16.0000 16.0000 10.0000 -11.0000 
fa1 = 1.2673 0.4787 0.4787 0.4787 0.4787 0.4787 0.4787 0.4787 0.3232 0.3232 0.3232 0.3232 0.3232 0.3232 0.3232 0.2364 0.2364 0.2364 0.2364 0.2364 0.2364 0.2364 0.1935 45.4812 45.4812 30.3486 2.6380 
fa2 = 1.2653 0.4776 0.4776 0.4776 0.4776 0.4776 0.4776 0.4776 0.3225 0.3225 0.3225 0.3225 0.3225 0.3225 0.3225 0.2361 0.2361 0.2361 0.2361 0.2361 0.2361 0.2361 0.1933 45.9567 45.9567 30.6678 2.6209 
fa3 = 1.2653 0.4776 0.4776 0.4776 0.4776 0.4776 0.4776 0.4776 0.3225 0.3225 0.3225 0.3225 0.3225 0.3225 0.3225 0.2361 0.2361 0.2361 0.2361 0.2361 0.2361 0.2361 0.1933 45.9617 45.9617 30.6712 2.6210 
fa4 = 1.2633 0.4765 0.4765 0.4765 0.4765 0.4765 0.4765 0.4765 0.3219 0.3219 0.3219 0.3219 0.3219 0.3219 0.3219 0.2358 0.2358 0.2358 0.2358 0.2358 0.2358 0.2358 0.1931 46.4464 46.4464 30.9957 2.6039 
fb1 = -0.2347 -0.2572 -0.2572 -0.2572 -0.2572 -0.2572 -0.2572 -0.2572 -0.2676 -0.2676 -0.2676 -0.2676 -0.2676 -0.2676 -0.2676 -0.2779 -0.2779 -0.2779 -0.2779 -0.2779 -0.2779 -0.2779 -0.2868 0.0488 0.0488 0.0362 -0.1078 
fb2 = -0.2346 -0.2571 -0.2571 -0.2571 -0.2571 -0.2571 -0.2571 -0.2571 -0.2675 -0.2675 -0.2675 -0.2675 -0.2675 -0.2675 -0.2675 -0.2778 -0.2778 -0.2778 -0.2778 -0.2778 -0.2778 -0.2778 -0.2867 0.0497 0.0497 0.0368 -0.1077 
fb3 = -0.2346 -0.2571 -0.2571 -0.2571 -0.2571 -0.2571 -0.2571 -0.2571 -0.2675 -0.2675 -0.2675 -0.2675 -0.2675 -0.2675 -0.2675 -0.2778 -0.2778 -0.2778 -0.2778 -0.2778 -0.2778 -0.2778 -0.2867 0.0497 0.0497 0.0369 -0.1077 
fb4 = -0.2345 -0.2571 -0.2571 -0.2571 -0.2571 -0.2571 -0.2571 -0.2571 -0.2674 -0.2674 -0.2674 -0.2674 -0.2674 -0.2674 -0.2674 -0.2777 -0.2777 -0.2777 -0.2777 -0.2777 -0.2777 -0.2777 -0.2867 0.0507 0.0507 0.0375 -0.1077 
I = 14.9000 9.4000 9.4000 9.4000 9.4000 9.4000 9.4000 9.4000 6.0000 6.0000 6.0000 6.0000 6.0000 6.0000 6.0000 2.0000 2.0000 2.0000 2.0000 2.0000 2.0000 2.0000 -2.0000 24.8860 24.8860 10.0000 -2.8421 
S1 = 0.0000 0.0000 0.0000 0.0000 0.0000 0.0000 0.0000 0.0000 0.0000 0.0000 0.0000 0.0000 0.0000 0.0000 0.0000 0.0000 0.0000 0.0000 0.0000 0.0000 0.0000 0.0000 0.0000 0.0000 0.0000 0.0000 0.0000 
S2 = 0.0000 0.0000 0.0000 0.0000 0.0000 0.0000 0.0000 0.0000 0.0000 0.0000 0.0000 0.0000 0.0000 0.0000 0.0000 0.0000 0.0000 0.0000 0.0000 0.0000 0.0000 0.0000 0.0000 0.8860 0.8860 0.0000 8.1579 
u = 8.9820 8.9263 8.9263 8.9263 8.9263 8.9263 8.9263 8.9263 8.8972 8.8972 8.8972 8.8972 8.8972 8.8972 8.8972 8.8663 8.8663 8.8663 8.8663 8.8663 8.8663 8.8663 8.8382 10.2660 10.2660 10.9354 9.5329 
v = 31.1848 24.9972 24.9972 24.9972 24.9972 24.9972 24.9972 24.9972 22.1141 22.1141 22.1141 22.1141 22.1141 22.1141 22.1141 19.2298 19.2298 19.2298 19.2298 19.2298 19.2298 19.2298 16.7146 63.9936 63.9936 64.0430 20.7452 
