ExternalI = 5.5000 0.0000 0.0000 0.0000 0.0000 0.0000 0.0000 0.0000 4.0000 4.0000 4.0000 4.0000 4.0000 4.0000 4.0000 0.0000 0.0000 0.0000 0.0000 0.0000 0.0000 0.0000 0.0000 8.0000 8.0000 0.0000 0.0000 
before u = 8.9820 8.9263 8.9263 8.9263 8.9263 8.9263 8.9263 8.9263 8.8972 8.8972 8.8972 8.8972 8.8972 8.8972 8.8972 8.8663 8.8663 8.8663 8.8663 8.8663 8.8663 8.8663 8.8382 10.2660 10.2660 10.9354 9.5329 
before v = 31.1848 24.9972 24.9972 24.9972 24.9972 24.9972 24.9972 24.9972 22.1141 22.1141 22.1141 22.1141 22.1141 22.1141 22.1141 19.2298 19.2298 19.2298 19.2298 19.2298 19.2298 19.2298 16.7146 63.9936 63.9936 64.0430 20.7452 
Ibias = 9.4000 9.4000 9.4000 9.4000 9.4000 9.4000 9.4000 9.4000 2.0000 2.0000 2.0000 2.0000 2.0000 2.0000 2.0000 2.0000 2.0000 2.0000 2.0000 2.0000 2.0000 2.0000 -2.0000 16.0000 16.0000 10.0000 -11.0000 
fa1 = 1.2633 0.4765 0.4765 0.4765 0.4765 0.4765 0.4765 0.4765 0.3219 0.3219 0.3219 0.3219 0.3219 0.3219 0.3219 0.2358 0.2358 0.2358 0.2358 0.2358 0.2358 0.2358 0.1931 46.4446 46.4446 30.9957 2.5876 
fa2 = 1.2613 0.4754 0.4754 0.4754 0.4754 0.4754 0.4754 0.4754 0.3212 0.3212 0.3212 0.3212 0.3212 0.3212 0.3212 0.2354 0.2354 0.2354 0.2354 0.2354 0.2354 0.2354 0.1929 46.9387 46.9387 31.3256 2.5708 
fa3 = 1.2613 0.4754 0.4754 0.4754 0.4754 0.4754 0.4754 0.4754 0.3212 0.3212 0.3212 0.3212 0.3212 0.3212 0.3212 0.2354 0.2354 0.2354 0.2354 0.2354 0.2354 0.2354 0.1929 46.9440 46.9440 31.3291 2.5709 
fa4 = 1.2593 0.4743 0.4743 0.4743 0.4743 0.4743 0.4743 0.4743 0.3206 0.3206 0.3206 0.3206 0.3206 0.3206 0.3206 0.2351 0.2351 0.2351 0.2351 0.2351 0.2351 0.2351 0.1928 47.4479 47.4479 31.6645 2.5543 
fb1 = -0.2345 -0.2571 -0.2571 -0.2571 -0.2571 -0.2571 -0.2571 -0.2571 -0.2674 -0.2674 -0.2674 -0.2674 -0.2674 -0.2674 -0.2674 -0.2777 -0.2777 -0.2777 -0.2777 -0.2777 -0.2777 -0.2777 -0.2867 0.0507 0.0507 0.0375 -0.1077 
fb2 = -0.2345 -0.2570 -0.2570 -0.2570 -0.2570 -0.2570 -0.2570 -0.2570 -0.2674 -0.2674 -0.2674 -0.2674 -0.2674 -0.2674 -0.2674 -0.2777 -0.2777 -0.2777 -0.2777 -0.2777 -0.2777 -0.2777 -0.2866 0.0516 0.0516 0.0381 -0.1076 
fb3 = -0.2345 -0.2570 -0.2570 -0.2570 -0.2570 -0.2570 -0.2570 -0.2570 -0.2674 -0.2674 -0.2674 -0.2674 -0.2674 -0.2674 -0.2674 -0.2777 -0.2777 -0.2777 -0.2777 -0.2777 -0.2777 -0.2777 -0.2866 0.0516 0.0516 0.0381 -0.1076 
fb4 = -0.2344 -0.2569 -0.2569 -0.2569 -0.2569 -0.2569 -0.2569 -0.2569 -0.2673 -0.2673 -0.2673 -0.2673 -0.2673 -0.2673 -0.2673 -0.2776 -0.2776 -0.2776 -0.2776 -0.2776 -0.2776 -0.2776 -0.2865 0.0525 0.0525 0.0387 -0.1076 
I = 14.9000 9.4000 9.4000 9.4000 9.4000 9.4000 9.4000 9.4000 6.0000 6.0000 6.0000 6.0000 6.0000 6.0000 6.0000 2.0000 2.0000 2.0000 2.0000 2.0000 2.0000 2.0000 -2.0000 24.8842 24.8842 10.0000 -2.8584 
S1 = 0.0000 0.0000 0.0000 0.0000 0.0000 0.0000 0.0000 0.0000 0.0000 0.0000 0.0000 0.0000 0.0000 0.0000 0.0000 0.0000 0.0000 0.0000 0.0000 0.0000 0.0000 0.0000 0.0000 0.0000 0.0000 0.0000 0.0000 
S2 = 0.0000 0.0000 0.0000 0.0000 0.0000 0.0000 0.0000 0.0000 0.0000 0.0000 0.0000 0.0000 0.0000 0.0000 0.0000 0.0000 0.0000 0.0000 0.0000 0.0000 0.0000 0.0000 0.0000 0.8842 0.8842 0.0000 8.1416 
u = 8.9796 8.9237 8.9237 8.9237 8.9237 8.9237 8.9237 8.9237 8.8945 8.8945 8.8945 8.8945 8.8945 8.8945 8.8945 8.8635 8.8635 8.8635 8.8635 8.8635 8.8635 8.8635 8.8353 10.2665 10.2665 10.9358 9.5318 
v = 31.1975 25.0019 25.0019 25.0019 25.0019 25.0019 25.0019 25.0019 22.1173 22.1173 22.1173 22.1173 22.1173 22.1173 22.1173 19.2321 19.2321 19.2321 19.2321 19.2321 19.2321 19.2321 16.7165 64.4630 64.4630 64.3562 20.7709 
