ExternalI = 5.5000 0.0000 0.0000 0.0000 0.0000 0.0000 0.0000 0.0000 4.0000 4.0000 4.0000 4.0000 4.0000 4.0000 4.0000 0.0000 0.0000 0.0000 0.0000 0.0000 0.0000 0.0000 0.0000 8.0000 8.0000 0.0000 0.0000 
before u = 8.9796 8.9237 8.9237 8.9237 8.9237 8.9237 8.9237 8.9237 8.8945 8.8945 8.8945 8.8945 8.8945 8.8945 8.8945 8.8635 8.8635 8.8635 8.8635 8.8635 8.8635 8.8635 8.8353 10.2665 10.2665 10.9358 9.5318 
before v = 31.1975 25.0019 25.0019 25.0019 25.0019 25.0019 25.0019 25.0019 22.1173 22.1173 22.1173 22.1173 22.1173 22.1173 22.1173 19.2321 19.2321 19.2321 19.2321 19.2321 19.2321 19.2321 16.7165 64.4630 64.4630 64.3562 20.7709 
Ibias = 9.4000 9.4000 9.4000 9.4000 9.4000 9.4000 9.4000 9.4000 2.0000 2.0000 2.0000 2.0000 2.0000 2.0000 2.0000 2.0000 2.0000 2.0000 2.0000 2.0000 2.0000 2.0000 -2.0000 16.0000 16.0000 10.0000 -11.0000 
fa1 = 1.2593 0.4743 0.4743 0.4743 0.4743 0.4743 0.4743 0.4743 0.3206 0.3206 0.3206 0.3206 0.3206 0.3206 0.3206 0.2351 0.2351 0.2351 0.2351 0.2351 0.2351 0.2351 0.1928 47.4461 47.4461 31.6645 2.5380 
fa2 = 1.2573 0.4733 0.4733 0.4733 0.4733 0.4733 0.4733 0.4733 0.3199 0.3199 0.3199 0.3199 0.3199 0.3199 0.3199 0.2348 0.2348 0.2348 0.2348 0.2348 0.2348 0.2348 0.1926 47.9598 47.9598 32.0055 2.5215 
fa3 = 1.2573 0.4733 0.4733 0.4733 0.4733 0.4733 0.4733 0.4733 0.3199 0.3199 0.3199 0.3199 0.3199 0.3199 0.3199 0.2348 0.2348 0.2348 0.2348 0.2348 0.2348 0.2348 0.1926 47.9654 47.9654 32.0091 2.5217 
fa4 = 1.2553 0.4722 0.4722 0.4722 0.4722 0.4722 0.4722 0.4722 0.3193 0.3193 0.3193 0.3193 0.3193 0.3193 0.3193 0.2345 0.2345 0.2345 0.2345 0.2345 0.2345 0.2345 0.1924 48.4894 48.4894 32.3559 2.5053 
fb1 = -0.2344 -0.2569 -0.2569 -0.2569 -0.2569 -0.2569 -0.2569 -0.2569 -0.2673 -0.2673 -0.2673 -0.2673 -0.2673 -0.2673 -0.2673 -0.2776 -0.2776 -0.2776 -0.2776 -0.2776 -0.2776 -0.2776 -0.2865 0.0525 0.0525 0.0387 -0.1076 
fb2 = -0.2343 -0.2569 -0.2569 -0.2569 -0.2569 -0.2569 -0.2569 -0.2569 -0.2673 -0.2673 -0.2673 -0.2673 -0.2673 -0.2673 -0.2673 -0.2776 -0.2776 -0.2776 -0.2776 -0.2776 -0.2776 -0.2776 -0.2865 0.0535 0.0535 0.0393 -0.1075 
fb3 = -0.2343 -0.2569 -0.2569 -0.2569 -0.2569 -0.2569 -0.2569 -0.2569 -0.2673 -0.2673 -0.2673 -0.2673 -0.2673 -0.2673 -0.2673 -0.2776 -0.2776 -0.2776 -0.2776 -0.2776 -0.2776 -0.2776 -0.2865 0.0535 0.0535 0.0393 -0.1075 
fb4 = -0.2343 -0.2568 -0.2568 -0.2568 -0.2568 -0.2568 -0.2568 -0.2568 -0.2672 -0.2672 -0.2672 -0.2672 -0.2672 -0.2672 -0.2672 -0.2775 -0.2775 -0.2775 -0.2775 -0.2775 -0.2775 -0.2775 -0.2864 0.0544 0.0544 0.0400 -0.1074 
I = 14.9000 9.4000 9.4000 9.4000 9.4000 9.4000 9.4000 9.4000 6.0000 6.0000 6.0000 6.0000 6.0000 6.0000 6.0000 2.0000 2.0000 2.0000 2.0000 2.0000 2.0000 2.0000 -2.0000 24.8824 24.8824 10.0000 -2.8747 
S1 = 0.0000 0.0000 0.0000 0.0000 0.0000 0.0000 0.0000 0.0000 0.0000 0.0000 0.0000 0.0000 0.0000 0.0000 0.0000 0.0000 0.0000 0.0000 0.0000 0.0000 0.0000 0.0000 0.0000 0.0000 0.0000 0.0000 0.0000 
S2 = 0.0000 0.0000 0.0000 0.0000 0.0000 0.0000 0.0000 0.0000 0.0000 0.0000 0.0000 0.0000 0.0000 0.0000 0.0000 0.0000 0.0000 0.0000 0.0000 0.0000 0.0000 0.0000 0.0000 0.8824 0.8824 0.0000 8.1253 
u = 8.9773 8.9212 8.9212 8.9212 8.9212 8.9212 8.9212 8.9212 8.8918 8.8918 8.8918 8.8918 8.8918 8.8918 8.8918 8.8608 8.8608 8.8608 8.8608 8.8608 8.8608 8.8608 8.8325 10.2671 10.2671 10.9362 9.5307 
v = 31.2100 25.0066 25.0066 25.0066 25.0066 25.0066 25.0066 25.0066 22.1205 22.1205 22.1205 22.1205 22.1205 22.1205 22.1205 19.2345 19.2345 19.2345 19.2345 19.2345 19.2345 19.2345 16.7185 64.9427 64.9427 64.6763 20.7961 
