ExternalI = 5.5000 0.0000 0.0000 0.0000 0.0000 0.0000 0.0000 0.0000 4.0000 4.0000 4.0000 4.0000 4.0000 4.0000 4.0000 0.0000 0.0000 0.0000 0.0000 0.0000 0.0000 0.0000 0.0000 8.0000 8.0000 0.0000 0.0000 
before u = 8.9773 8.9212 8.9212 8.9212 8.9212 8.9212 8.9212 8.9212 8.8918 8.8918 8.8918 8.8918 8.8918 8.8918 8.8918 8.8608 8.8608 8.8608 8.8608 8.8608 8.8608 8.8608 8.8325 10.2671 10.2671 10.9362 9.5307 
before v = 31.2100 25.0066 25.0066 25.0066 25.0066 25.0066 25.0066 25.0066 22.1205 22.1205 22.1205 22.1205 22.1205 22.1205 22.1205 19.2345 19.2345 19.2345 19.2345 19.2345 19.2345 19.2345 16.7185 64.9427 64.9427 64.6763 20.7961 
Ibias = 9.4000 9.4000 9.4000 9.4000 9.4000 9.4000 9.4000 9.4000 2.0000 2.0000 2.0000 2.0000 2.0000 2.0000 2.0000 2.0000 2.0000 2.0000 2.0000 2.0000 2.0000 2.0000 -2.0000 16.0000 16.0000 10.0000 -11.0000 
fa1 = 1.2553 0.4722 0.4722 0.4722 0.4722 0.4722 0.4722 0.4722 0.3193 0.3193 0.3193 0.3193 0.3193 0.3193 0.3193 0.2345 0.2345 0.2345 0.2345 0.2345 0.2345 0.2345 0.1924 48.4876 48.4876 32.3559 2.4891 
fa2 = 1.2533 0.4711 0.4711 0.4711 0.4711 0.4711 0.4711 0.4711 0.3187 0.3187 0.3187 0.3187 0.3187 0.3187 0.3187 0.2341 0.2341 0.2341 0.2341 0.2341 0.2341 0.2341 0.1923 49.0220 49.0220 32.7085 2.4730 
fa3 = 1.2533 0.4711 0.4711 0.4711 0.4711 0.4711 0.4711 0.4711 0.3187 0.3187 0.3187 0.3187 0.3187 0.3187 0.3187 0.2341 0.2341 0.2341 0.2341 0.2341 0.2341 0.2341 0.1923 49.0279 49.0279 32.7123 2.4731 
fa4 = 1.2513 0.4700 0.4700 0.4700 0.4700 0.4700 0.4700 0.4700 0.3181 0.3181 0.3181 0.3181 0.3181 0.3181 0.3181 0.2338 0.2338 0.2338 0.2338 0.2338 0.2338 0.2338 0.1921 49.5731 49.5731 33.0710 2.4571 
fb1 = -0.2343 -0.2568 -0.2568 -0.2568 -0.2568 -0.2568 -0.2568 -0.2568 -0.2672 -0.2672 -0.2672 -0.2672 -0.2672 -0.2672 -0.2672 -0.2775 -0.2775 -0.2775 -0.2775 -0.2775 -0.2775 -0.2775 -0.2864 0.0544 0.0544 0.0400 -0.1074 
fb2 = -0.2342 -0.2568 -0.2568 -0.2568 -0.2568 -0.2568 -0.2568 -0.2568 -0.2671 -0.2671 -0.2671 -0.2671 -0.2671 -0.2671 -0.2671 -0.2774 -0.2774 -0.2774 -0.2774 -0.2774 -0.2774 -0.2774 -0.2864 0.0554 0.0554 0.0406 -0.1074 
fb3 = -0.2342 -0.2568 -0.2568 -0.2568 -0.2568 -0.2568 -0.2568 -0.2568 -0.2671 -0.2671 -0.2671 -0.2671 -0.2671 -0.2671 -0.2671 -0.2774 -0.2774 -0.2774 -0.2774 -0.2774 -0.2774 -0.2774 -0.2864 0.0554 0.0554 0.0406 -0.1074 
fb4 = -0.2341 -0.2567 -0.2567 -0.2567 -0.2567 -0.2567 -0.2567 -0.2567 -0.2671 -0.2671 -0.2671 -0.2671 -0.2671 -0.2671 -0.2671 -0.2774 -0.2774 -0.2774 -0.2774 -0.2774 -0.2774 -0.2774 -0.2863 0.0564 0.0564 0.0413 -0.1073 
I = 14.9000 9.4000 9.4000 9.4000 9.4000 9.4000 9.4000 9.4000 6.0000 6.0000 6.0000 6.0000 6.0000 6.0000 6.0000 2.0000 2.0000 2.0000 2.0000 2.0000 2.0000 2.0000 -2.0000 24.8807 24.8807 10.0000 -2.8910 
S1 = 0.0000 0.0000 0.0000 0.0000 0.0000 0.0000 0.0000 0.0000 0.0000 0.0000 0.0000 0.0000 0.0000 0.0000 0.0000 0.0000 0.0000 0.0000 0.0000 0.0000 0.0000 0.0000 0.0000 0.0000 0.0000 0.0000 0.0000 
S2 = 0.0000 0.0000 0.0000 0.0000 0.0000 0.0000 0.0000 0.0000 0.0000 0.0000 0.0000 0.0000 0.0000 0.0000 0.0000 0.0000 0.0000 0.0000 0.0000 0.0000 0.0000 0.0000 0.0000 0.8807 0.8807 0.0000 8.1090 
u = 8.9749 8.9186 8.9186 8.9186 8.9186 8.9186 8.9186 8.9186 8.8892 8.8892 8.8892 8.8892 8.8892 8.8892 8.8892 8.8580 8.8580 8.8580 8.8580 8.8580 8.8580 8.8580 8.8296 10.2676 10.2676 10.9366 9.5297 
v = 31.2226 25.0114 25.0114 25.0114 25.0114 25.0114 25.0114 25.0114 22.1237 22.1237 22.1237 22.1237 22.1237 22.1237 22.1237 19.2368 19.2368 19.2368 19.2368 19.2368 19.2368 19.2368 16.7204 65.4330 65.4330 65.0034 20.8208 
