ExternalI = 5.5000 0.0000 0.0000 0.0000 0.0000 0.0000 0.0000 0.0000 4.0000 4.0000 4.0000 4.0000 4.0000 4.0000 4.0000 0.0000 0.0000 0.0000 0.0000 0.0000 0.0000 0.0000 0.0000 8.0000 8.0000 0.0000 0.0000 
before u = 8.9749 8.9186 8.9186 8.9186 8.9186 8.9186 8.9186 8.9186 8.8892 8.8892 8.8892 8.8892 8.8892 8.8892 8.8892 8.8580 8.8580 8.8580 8.8580 8.8580 8.8580 8.8580 8.8296 10.2676 10.2676 10.9366 9.5297 
before v = 31.2226 25.0114 25.0114 25.0114 25.0114 25.0114 25.0114 25.0114 22.1237 22.1237 22.1237 22.1237 22.1237 22.1237 22.1237 19.2368 19.2368 19.2368 19.2368 19.2368 19.2368 19.2368 16.7204 65.4330 65.4330 65.0034 20.8208 
Ibias = 9.4000 9.4000 9.4000 9.4000 9.4000 9.4000 9.4000 9.4000 2.0000 2.0000 2.0000 2.0000 2.0000 2.0000 2.0000 2.0000 2.0000 2.0000 2.0000 2.0000 2.0000 2.0000 -2.0000 16.0000 16.0000 10.0000 -11.0000 
fa1 = 1.2513 0.4700 0.4700 0.4700 0.4700 0.4700 0.4700 0.4700 0.3181 0.3181 0.3181 0.3181 0.3181 0.3181 0.3181 0.2338 0.2338 0.2338 0.2338 0.2338 0.2338 0.2338 0.1921 49.5713 49.5713 33.0709 2.4409 
fa2 = 1.2494 0.4690 0.4690 0.4690 0.4690 0.4690 0.4690 0.4690 0.3174 0.3174 0.3174 0.3174 0.3174 0.3174 0.3174 0.2335 0.2335 0.2335 0.2335 0.2335 0.2335 0.2335 0.1919 50.1273 50.1273 33.4357 2.4252 
fa3 = 1.2494 0.4690 0.4690 0.4690 0.4690 0.4690 0.4690 0.4690 0.3174 0.3174 0.3174 0.3174 0.3174 0.3174 0.3174 0.2335 0.2335 0.2335 0.2335 0.2335 0.2335 0.2335 0.1919 50.1336 50.1336 33.4397 2.4253 
fa4 = 1.2474 0.4679 0.4679 0.4679 0.4679 0.4679 0.4679 0.4679 0.3168 0.3168 0.3168 0.3168 0.3168 0.3168 0.3168 0.2332 0.2332 0.2332 0.2332 0.2332 0.2332 0.2332 0.1918 50.7011 50.7011 33.8108 2.4097 
fb1 = -0.2341 -0.2567 -0.2567 -0.2567 -0.2567 -0.2567 -0.2567 -0.2567 -0.2671 -0.2671 -0.2671 -0.2671 -0.2671 -0.2671 -0.2671 -0.2774 -0.2774 -0.2774 -0.2774 -0.2774 -0.2774 -0.2774 -0.2863 0.0564 0.0564 0.0413 -0.1073 
fb2 = -0.2340 -0.2566 -0.2566 -0.2566 -0.2566 -0.2566 -0.2566 -0.2566 -0.2670 -0.2670 -0.2670 -0.2670 -0.2670 -0.2670 -0.2670 -0.2773 -0.2773 -0.2773 -0.2773 -0.2773 -0.2773 -0.2773 -0.2862 0.0574 0.0574 0.0419 -0.1073 
fb3 = -0.2340 -0.2566 -0.2566 -0.2566 -0.2566 -0.2566 -0.2566 -0.2566 -0.2670 -0.2670 -0.2670 -0.2670 -0.2670 -0.2670 -0.2670 -0.2773 -0.2773 -0.2773 -0.2773 -0.2773 -0.2773 -0.2773 -0.2862 0.0574 0.0574 0.0419 -0.1073 
fb4 = -0.2340 -0.2566 -0.2566 -0.2566 -0.2566 -0.2566 -0.2566 -0.2566 -0.2670 -0.2670 -0.2670 -0.2670 -0.2670 -0.2670 -0.2670 -0.2773 -0.2773 -0.2773 -0.2773 -0.2773 -0.2773 -0.2773 -0.2862 0.0584 0.0584 0.0426 -0.1072 
I = 14.9000 9.4000 9.4000 9.4000 9.4000 9.4000 9.4000 9.4000 6.0000 6.0000 6.0000 6.0000 6.0000 6.0000 6.0000 2.0000 2.0000 2.0000 2.0000 2.0000 2.0000 2.0000 -2.0000 24.8789 24.8789 10.0000 -2.9072 
S1 = 0.0000 0.0000 0.0000 0.0000 0.0000 0.0000 0.0000 0.0000 0.0000 0.0000 0.0000 0.0000 0.0000 0.0000 0.0000 0.0000 0.0000 0.0000 0.0000 0.0000 0.0000 0.0000 0.0000 0.0000 0.0000 0.0000 0.0000 
S2 = 0.0000 0.0000 0.0000 0.0000 0.0000 0.0000 0.0000 0.0000 0.0000 0.0000 0.0000 0.0000 0.0000 0.0000 0.0000 0.0000 0.0000 0.0000 0.0000 0.0000 0.0000 0.0000 0.0000 0.8789 0.8789 0.0000 8.0928 
u = 8.9726 8.9160 8.9160 8.9160 8.9160 8.9160 8.9160 8.9160 8.8865 8.8865 8.8865 8.8865 8.8865 8.8865 8.8865 8.8552 8.8552 8.8552 8.8552 8.8552 8.8552 8.8552 8.8267 10.2682 10.2682 10.9370 9.5286 
v = 31.2351 25.0160 25.0160 25.0160 25.0160 25.0160 25.0160 25.0160 22.1269 22.1269 22.1269 22.1269 22.1269 22.1269 22.1269 19.2391 19.2391 19.2391 19.2391 19.2391 19.2391 19.2391 16.7223 65.9343 65.9343 65.3378 20.8451 
