ExternalI = 5.5000 0.0000 0.0000 0.0000 0.0000 0.0000 0.0000 0.0000 4.0000 4.0000 4.0000 4.0000 4.0000 4.0000 4.0000 0.0000 0.0000 0.0000 0.0000 0.0000 0.0000 0.0000 0.0000 8.0000 8.0000 0.0000 0.0000 
before u = 8.9726 8.9160 8.9160 8.9160 8.9160 8.9160 8.9160 8.9160 8.8865 8.8865 8.8865 8.8865 8.8865 8.8865 8.8865 8.8552 8.8552 8.8552 8.8552 8.8552 8.8552 8.8552 8.8267 10.2682 10.2682 10.9370 9.5286 
before v = 31.2351 25.0160 25.0160 25.0160 25.0160 25.0160 25.0160 25.0160 22.1269 22.1269 22.1269 22.1269 22.1269 22.1269 22.1269 19.2391 19.2391 19.2391 19.2391 19.2391 19.2391 19.2391 16.7223 65.9343 65.9343 65.3378 20.8451 
Ibias = 9.4000 9.4000 9.4000 9.4000 9.4000 9.4000 9.4000 9.4000 2.0000 2.0000 2.0000 2.0000 2.0000 2.0000 2.0000 2.0000 2.0000 2.0000 2.0000 2.0000 2.0000 2.0000 -2.0000 16.0000 16.0000 10.0000 -11.0000 
fa1 = 1.2474 0.4679 0.4679 0.4679 0.4679 0.4679 0.4679 0.4679 0.3168 0.3168 0.3168 0.3168 0.3168 0.3168 0.3168 0.2332 0.2332 0.2332 0.2332 0.2332 0.2332 0.2332 0.1918 50.6993 50.6993 33.8107 2.3935 
fa2 = 1.2454 0.4669 0.4669 0.4669 0.4669 0.4669 0.4669 0.4669 0.3162 0.3162 0.3162 0.3162 0.3162 0.3162 0.3162 0.2329 0.2329 0.2329 0.2329 0.2329 0.2329 0.2329 0.1916 51.2782 51.2782 34.1882 2.3781 
fa3 = 1.2454 0.4669 0.4669 0.4669 0.4669 0.4669 0.4669 0.4669 0.3162 0.3162 0.3162 0.3162 0.3162 0.3162 0.3162 0.2329 0.2329 0.2329 0.2329 0.2329 0.2329 0.2329 0.1916 51.2848 51.2848 34.1924 2.3782 
fa4 = 1.2435 0.4658 0.4658 0.4658 0.4658 0.4658 0.4658 0.4658 0.3156 0.3156 0.3156 0.3156 0.3156 0.3156 0.3156 0.2325 0.2325 0.2325 0.2325 0.2325 0.2325 0.2325 0.1915 51.8758 51.8758 34.5765 2.3629 
fb1 = -0.2340 -0.2566 -0.2566 -0.2566 -0.2566 -0.2566 -0.2566 -0.2566 -0.2670 -0.2670 -0.2670 -0.2670 -0.2670 -0.2670 -0.2670 -0.2773 -0.2773 -0.2773 -0.2773 -0.2773 -0.2773 -0.2773 -0.2862 0.0584 0.0584 0.0426 -0.1072 
fb2 = -0.2339 -0.2565 -0.2565 -0.2565 -0.2565 -0.2565 -0.2565 -0.2565 -0.2669 -0.2669 -0.2669 -0.2669 -0.2669 -0.2669 -0.2669 -0.2772 -0.2772 -0.2772 -0.2772 -0.2772 -0.2772 -0.2772 -0.2861 0.0594 0.0594 0.0433 -0.1071 
fb3 = -0.2339 -0.2565 -0.2565 -0.2565 -0.2565 -0.2565 -0.2565 -0.2565 -0.2669 -0.2669 -0.2669 -0.2669 -0.2669 -0.2669 -0.2669 -0.2772 -0.2772 -0.2772 -0.2772 -0.2772 -0.2772 -0.2772 -0.2861 0.0594 0.0594 0.0433 -0.1071 
fb4 = -0.2338 -0.2565 -0.2565 -0.2565 -0.2565 -0.2565 -0.2565 -0.2565 -0.2668 -0.2668 -0.2668 -0.2668 -0.2668 -0.2668 -0.2668 -0.2771 -0.2771 -0.2771 -0.2771 -0.2771 -0.2771 -0.2771 -0.2861 0.0604 0.0604 0.0440 -0.1071 
I = 14.9000 9.4000 9.4000 9.4000 9.4000 9.4000 9.4000 9.4000 6.0000 6.0000 6.0000 6.0000 6.0000 6.0000 6.0000 2.0000 2.0000 2.0000 2.0000 2.0000 2.0000 2.0000 -2.0000 24.8771 24.8771 10.0000 -2.9234 
S1 = 0.0000 0.0000 0.0000 0.0000 0.0000 0.0000 0.0000 0.0000 0.0000 0.0000 0.0000 0.0000 0.0000 0.0000 0.0000 0.0000 0.0000 0.0000 0.0000 0.0000 0.0000 0.0000 0.0000 0.0000 0.0000 0.0000 0.0000 
S2 = 0.0000 0.0000 0.0000 0.0000 0.0000 0.0000 0.0000 0.0000 0.0000 0.0000 0.0000 0.0000 0.0000 0.0000 0.0000 0.0000 0.0000 0.0000 0.0000 0.0000 0.0000 0.0000 0.0000 0.8771 0.8771 0.0000 8.0766 
u = 8.9702 8.9135 8.9135 8.9135 8.9135 8.9135 8.9135 8.9135 8.8838 8.8838 8.8838 8.8838 8.8838 8.8838 8.8838 8.8524 8.8524 8.8524 8.8524 8.8524 8.8524 8.8524 8.8239 10.2688 10.2688 10.9375 9.5275 
v = 31.2475 25.0207 25.0207 25.0207 25.0207 25.0207 25.0207 25.0207 22.1300 22.1300 22.1300 22.1300 22.1300 22.1300 22.1300 19.2415 19.2415 19.2415 19.2415 19.2415 19.2415 19.2415 16.7242 66.4471 66.4471 65.6797 20.8689 
