ExternalI = 5.5000 0.0000 0.0000 0.0000 0.0000 0.0000 0.0000 0.0000 4.0000 4.0000 4.0000 4.0000 4.0000 4.0000 4.0000 0.0000 0.0000 0.0000 0.0000 0.0000 0.0000 0.0000 0.0000 8.0000 8.0000 0.0000 0.0000 
before u = 8.9702 8.9135 8.9135 8.9135 8.9135 8.9135 8.9135 8.9135 8.8838 8.8838 8.8838 8.8838 8.8838 8.8838 8.8838 8.8524 8.8524 8.8524 8.8524 8.8524 8.8524 8.8524 8.8239 10.2688 10.2688 10.9375 9.5275 
before v = 31.2475 25.0207 25.0207 25.0207 25.0207 25.0207 25.0207 25.0207 22.1300 22.1300 22.1300 22.1300 22.1300 22.1300 22.1300 19.2415 19.2415 19.2415 19.2415 19.2415 19.2415 19.2415 16.7242 66.4471 66.4471 65.6797 20.8689 
Ibias = 9.4000 9.4000 9.4000 9.4000 9.4000 9.4000 9.4000 9.4000 2.0000 2.0000 2.0000 2.0000 2.0000 2.0000 2.0000 2.0000 2.0000 2.0000 2.0000 2.0000 2.0000 2.0000 -2.0000 16.0000 16.0000 10.0000 -11.0000 
fa1 = 1.2435 0.4658 0.4658 0.4658 0.4658 0.4658 0.4658 0.4658 0.3156 0.3156 0.3156 0.3156 0.3156 0.3156 0.3156 0.2325 0.2325 0.2325 0.2325 0.2325 0.2325 0.2325 0.1915 51.8740 51.8740 34.5764 2.3467 
fa2 = 1.2416 0.4648 0.4648 0.4648 0.4648 0.4648 0.4648 0.4648 0.3150 0.3150 0.3150 0.3150 0.3150 0.3150 0.3150 0.2322 0.2322 0.2322 0.2322 0.2322 0.2322 0.2322 0.1913 52.4771 52.4771 34.9672 2.3317 
fa3 = 1.2416 0.4648 0.4648 0.4648 0.4648 0.4648 0.4648 0.4648 0.3150 0.3150 0.3150 0.3150 0.3150 0.3150 0.3150 0.2322 0.2322 0.2322 0.2322 0.2322 0.2322 0.2322 0.1913 52.4841 52.4841 34.9716 2.3318 
fa4 = 1.2396 0.4638 0.4638 0.4638 0.4638 0.4638 0.4638 0.4638 0.3144 0.3144 0.3144 0.3144 0.3144 0.3144 0.3144 0.2319 0.2319 0.2319 0.2319 0.2319 0.2319 0.2319 0.1911 53.0998 53.0998 35.3693 2.3168 
fb1 = -0.2338 -0.2565 -0.2565 -0.2565 -0.2565 -0.2565 -0.2565 -0.2565 -0.2668 -0.2668 -0.2668 -0.2668 -0.2668 -0.2668 -0.2668 -0.2771 -0.2771 -0.2771 -0.2771 -0.2771 -0.2771 -0.2771 -0.2861 0.0604 0.0604 0.0440 -0.1071 
fb2 = -0.2337 -0.2564 -0.2564 -0.2564 -0.2564 -0.2564 -0.2564 -0.2564 -0.2668 -0.2668 -0.2668 -0.2668 -0.2668 -0.2668 -0.2668 -0.2771 -0.2771 -0.2771 -0.2771 -0.2771 -0.2771 -0.2771 -0.2860 0.0614 0.0614 0.0447 -0.1070 
fb3 = -0.2337 -0.2564 -0.2564 -0.2564 -0.2564 -0.2564 -0.2564 -0.2564 -0.2668 -0.2668 -0.2668 -0.2668 -0.2668 -0.2668 -0.2668 -0.2771 -0.2771 -0.2771 -0.2771 -0.2771 -0.2771 -0.2771 -0.2860 0.0615 0.0615 0.0447 -0.1070 
fb4 = -0.2337 -0.2563 -0.2563 -0.2563 -0.2563 -0.2563 -0.2563 -0.2563 -0.2667 -0.2667 -0.2667 -0.2667 -0.2667 -0.2667 -0.2667 -0.2770 -0.2770 -0.2770 -0.2770 -0.2770 -0.2770 -0.2770 -0.2859 0.0625 0.0625 0.0454 -0.1070 
I = 14.9000 9.4000 9.4000 9.4000 9.4000 9.4000 9.4000 9.4000 6.0000 6.0000 6.0000 6.0000 6.0000 6.0000 6.0000 2.0000 2.0000 2.0000 2.0000 2.0000 2.0000 2.0000 -2.0000 24.8754 24.8754 10.0000 -2.9395 
S1 = 0.0000 0.0000 0.0000 0.0000 0.0000 0.0000 0.0000 0.0000 0.0000 0.0000 0.0000 0.0000 0.0000 0.0000 0.0000 0.0000 0.0000 0.0000 0.0000 0.0000 0.0000 0.0000 0.0000 0.0000 0.0000 0.0000 0.0000 
S2 = 0.0000 0.0000 0.0000 0.0000 0.0000 0.0000 0.0000 0.0000 0.0000 0.0000 0.0000 0.0000 0.0000 0.0000 0.0000 0.0000 0.0000 0.0000 0.0000 0.0000 0.0000 0.0000 0.0000 0.8754 0.8754 0.0000 8.0605 
u = 8.9679 8.9109 8.9109 8.9109 8.9109 8.9109 8.9109 8.9109 8.8812 8.8812 8.8812 8.8812 8.8812 8.8812 8.8812 8.8497 8.8497 8.8497 8.8497 8.8497 8.8497 8.8497 8.8210 10.2694 10.2694 10.9379 9.5264 
v = 31.2599 25.0254 25.0254 25.0254 25.0254 25.0254 25.0254 25.0254 22.1332 22.1332 22.1332 22.1332 22.1332 22.1332 22.1332 19.2438 19.2438 19.2438 19.2438 19.2438 19.2438 19.2438 16.7261 66.9719 66.9719 66.0295 20.8922 
