ExternalI = 5.5000 0.0000 0.0000 0.0000 0.0000 0.0000 0.0000 0.0000 4.0000 4.0000 4.0000 4.0000 4.0000 4.0000 4.0000 0.0000 0.0000 0.0000 0.0000 0.0000 0.0000 0.0000 0.0000 8.0000 8.0000 0.0000 0.0000 
before u = 8.9679 8.9109 8.9109 8.9109 8.9109 8.9109 8.9109 8.9109 8.8812 8.8812 8.8812 8.8812 8.8812 8.8812 8.8812 8.8497 8.8497 8.8497 8.8497 8.8497 8.8497 8.8497 8.8210 10.2694 10.2694 10.9379 9.5264 
before v = 31.2599 25.0254 25.0254 25.0254 25.0254 25.0254 25.0254 25.0254 22.1332 22.1332 22.1332 22.1332 22.1332 22.1332 22.1332 19.2438 19.2438 19.2438 19.2438 19.2438 19.2438 19.2438 16.7261 66.9719 66.9719 66.0295 20.8922 
Ibias = 9.4000 9.4000 9.4000 9.4000 9.4000 9.4000 9.4000 9.4000 2.0000 2.0000 2.0000 2.0000 2.0000 2.0000 2.0000 2.0000 2.0000 2.0000 2.0000 2.0000 2.0000 2.0000 -2.0000 16.0000 16.0000 10.0000 -11.0000 
fa1 = 1.2396 0.4638 0.4638 0.4638 0.4638 0.4638 0.4638 0.4638 0.3144 0.3144 0.3144 0.3144 0.3144 0.3144 0.3144 0.2319 0.2319 0.2319 0.2319 0.2319 0.2319 0.2319 0.1911 53.0981 53.0981 35.3693 2.3007 
fa2 = 1.2377 0.4627 0.4627 0.4627 0.4627 0.4627 0.4627 0.4627 0.3138 0.3138 0.3138 0.3138 0.3138 0.3138 0.3138 0.2316 0.2316 0.2316 0.2316 0.2316 0.2316 0.2316 0.1910 53.7265 53.7265 35.7739 2.2859 
fa3 = 1.2377 0.4627 0.4627 0.4627 0.4627 0.4627 0.4627 0.4627 0.3138 0.3138 0.3138 0.3138 0.3138 0.3138 0.3138 0.2316 0.2316 0.2316 0.2316 0.2316 0.2316 0.2316 0.1910 53.7340 53.7340 35.7785 2.2860 
fa4 = 1.2358 0.4617 0.4617 0.4617 0.4617 0.4617 0.4617 0.4617 0.3132 0.3132 0.3132 0.3132 0.3132 0.3132 0.3132 0.2313 0.2313 0.2313 0.2313 0.2313 0.2313 0.2313 0.1908 54.3759 54.3759 36.1905 2.2714 
fb1 = -0.2337 -0.2563 -0.2563 -0.2563 -0.2563 -0.2563 -0.2563 -0.2563 -0.2667 -0.2667 -0.2667 -0.2667 -0.2667 -0.2667 -0.2667 -0.2770 -0.2770 -0.2770 -0.2770 -0.2770 -0.2770 -0.2770 -0.2859 0.0625 0.0625 0.0454 -0.1070 
fb2 = -0.2336 -0.2563 -0.2563 -0.2563 -0.2563 -0.2563 -0.2563 -0.2563 -0.2667 -0.2667 -0.2667 -0.2667 -0.2667 -0.2667 -0.2667 -0.2770 -0.2770 -0.2770 -0.2770 -0.2770 -0.2770 -0.2770 -0.2859 0.0636 0.0636 0.0461 -0.1069 
fb3 = -0.2336 -0.2563 -0.2563 -0.2563 -0.2563 -0.2563 -0.2563 -0.2563 -0.2667 -0.2667 -0.2667 -0.2667 -0.2667 -0.2667 -0.2667 -0.2770 -0.2770 -0.2770 -0.2770 -0.2770 -0.2770 -0.2770 -0.2859 0.0636 0.0636 0.0461 -0.1069 
fb4 = -0.2335 -0.2562 -0.2562 -0.2562 -0.2562 -0.2562 -0.2562 -0.2562 -0.2666 -0.2666 -0.2666 -0.2666 -0.2666 -0.2666 -0.2666 -0.2769 -0.2769 -0.2769 -0.2769 -0.2769 -0.2769 -0.2769 -0.2858 0.0646 0.0646 0.0468 -0.1068 
I = 14.9000 9.4000 9.4000 9.4000 9.4000 9.4000 9.4000 9.4000 6.0000 6.0000 6.0000 6.0000 6.0000 6.0000 6.0000 2.0000 2.0000 2.0000 2.0000 2.0000 2.0000 2.0000 -2.0000 24.8736 24.8736 10.0000 -2.9557 
S1 = 0.0000 0.0000 0.0000 0.0000 0.0000 0.0000 0.0000 0.0000 0.0000 0.0000 0.0000 0.0000 0.0000 0.0000 0.0000 0.0000 0.0000 0.0000 0.0000 0.0000 0.0000 0.0000 0.0000 0.0000 0.0000 0.0000 0.0000 
S2 = 0.0000 0.0000 0.0000 0.0000 0.0000 0.0000 0.0000 0.0000 0.0000 0.0000 0.0000 0.0000 0.0000 0.0000 0.0000 0.0000 0.0000 0.0000 0.0000 0.0000 0.0000 0.0000 0.0000 0.8736 0.8736 0.0000 8.0443 
u = 8.9656 8.9083 8.9083 8.9083 8.9083 8.9083 8.9083 8.9083 8.8785 8.8785 8.8785 8.8785 8.8785 8.8785 8.8785 8.8469 8.8469 8.8469 8.8469 8.8469 8.8469 8.8469 8.8182 10.2700 10.2700 10.9384 9.5254 
v = 31.2723 25.0300 25.0300 25.0300 25.0300 25.0300 25.0300 25.0300 22.1363 22.1363 22.1363 22.1363 22.1363 22.1363 22.1363 19.2461 19.2461 19.2461 19.2461 19.2461 19.2461 19.2461 16.7280 67.5093 67.5093 66.3872 20.9150 
