ExternalI = 5.5000 0.0000 0.0000 0.0000 0.0000 0.0000 0.0000 0.0000 4.0000 4.0000 4.0000 4.0000 4.0000 4.0000 4.0000 0.0000 0.0000 0.0000 0.0000 0.0000 0.0000 0.0000 0.0000 8.0000 8.0000 0.0000 0.0000 
before u = 8.9656 8.9083 8.9083 8.9083 8.9083 8.9083 8.9083 8.9083 8.8785 8.8785 8.8785 8.8785 8.8785 8.8785 8.8785 8.8469 8.8469 8.8469 8.8469 8.8469 8.8469 8.8469 8.8182 10.2700 10.2700 10.9384 9.5254 
before v = 31.2723 25.0300 25.0300 25.0300 25.0300 25.0300 25.0300 25.0300 22.1363 22.1363 22.1363 22.1363 22.1363 22.1363 22.1363 19.2461 19.2461 19.2461 19.2461 19.2461 19.2461 19.2461 16.7280 67.5093 67.5093 66.3872 20.9150 
Ibias = 9.4000 9.4000 9.4000 9.4000 9.4000 9.4000 9.4000 9.4000 2.0000 2.0000 2.0000 2.0000 2.0000 2.0000 2.0000 2.0000 2.0000 2.0000 2.0000 2.0000 2.0000 2.0000 -2.0000 16.0000 16.0000 10.0000 -11.0000 
fa1 = 1.2358 0.4617 0.4617 0.4617 0.4617 0.4617 0.4617 0.4617 0.3132 0.3132 0.3132 0.3132 0.3132 0.3132 0.3132 0.2313 0.2313 0.2313 0.2313 0.2313 0.2313 0.2313 0.1908 54.3741 54.3741 36.1905 2.2553 
fa2 = 1.2339 0.4607 0.4607 0.4607 0.4607 0.4607 0.4607 0.4607 0.3126 0.3126 0.3126 0.3126 0.3126 0.3126 0.3126 0.2310 0.2310 0.2310 0.2310 0.2310 0.2310 0.2310 0.1907 55.0294 55.0294 36.6097 2.2409 
fa3 = 1.2339 0.4607 0.4607 0.4607 0.4607 0.4607 0.4607 0.4607 0.3126 0.3126 0.3126 0.3126 0.3126 0.3126 0.3126 0.2310 0.2310 0.2310 0.2310 0.2310 0.2310 0.2310 0.1907 55.0374 55.0374 36.6146 2.2410 
fa4 = 1.2320 0.4597 0.4597 0.4597 0.4597 0.4597 0.4597 0.4597 0.3120 0.3120 0.3120 0.3120 0.3120 0.3120 0.3120 0.2307 0.2307 0.2307 0.2307 0.2307 0.2307 0.2307 0.1905 55.7069 55.7069 37.0415 2.2267 
fb1 = -0.2335 -0.2562 -0.2562 -0.2562 -0.2562 -0.2562 -0.2562 -0.2562 -0.2666 -0.2666 -0.2666 -0.2666 -0.2666 -0.2666 -0.2666 -0.2769 -0.2769 -0.2769 -0.2769 -0.2769 -0.2769 -0.2769 -0.2858 0.0646 0.0646 0.0468 -0.1068 
fb2 = -0.2335 -0.2562 -0.2562 -0.2562 -0.2562 -0.2562 -0.2562 -0.2562 -0.2665 -0.2665 -0.2665 -0.2665 -0.2665 -0.2665 -0.2665 -0.2768 -0.2768 -0.2768 -0.2768 -0.2768 -0.2768 -0.2768 -0.2858 0.0657 0.0657 0.0475 -0.1068 
fb3 = -0.2335 -0.2562 -0.2562 -0.2562 -0.2562 -0.2562 -0.2562 -0.2562 -0.2665 -0.2665 -0.2665 -0.2665 -0.2665 -0.2665 -0.2665 -0.2768 -0.2768 -0.2768 -0.2768 -0.2768 -0.2768 -0.2768 -0.2858 0.0657 0.0657 0.0475 -0.1068 
fb4 = -0.2334 -0.2561 -0.2561 -0.2561 -0.2561 -0.2561 -0.2561 -0.2561 -0.2665 -0.2665 -0.2665 -0.2665 -0.2665 -0.2665 -0.2665 -0.2768 -0.2768 -0.2768 -0.2768 -0.2768 -0.2768 -0.2768 -0.2857 0.0668 0.0668 0.0482 -0.1067 
I = 14.9000 9.4000 9.4000 9.4000 9.4000 9.4000 9.4000 9.4000 6.0000 6.0000 6.0000 6.0000 6.0000 6.0000 6.0000 2.0000 2.0000 2.0000 2.0000 2.0000 2.0000 2.0000 -2.0000 24.8719 24.8719 10.0000 -2.9717 
S1 = 0.0000 0.0000 0.0000 0.0000 0.0000 0.0000 0.0000 0.0000 0.0000 0.0000 0.0000 0.0000 0.0000 0.0000 0.0000 0.0000 0.0000 0.0000 0.0000 0.0000 0.0000 0.0000 0.0000 0.0000 0.0000 0.0000 0.0000 
S2 = 0.0000 0.0000 0.0000 0.0000 0.0000 0.0000 0.0000 0.0000 0.0000 0.0000 0.0000 0.0000 0.0000 0.0000 0.0000 0.0000 0.0000 0.0000 0.0000 0.0000 0.0000 0.0000 0.0000 0.8719 0.8719 0.0000 8.0283 
u = 8.9632 8.9058 8.9058 8.9058 8.9058 8.9058 8.9058 8.9058 8.8758 8.8758 8.8758 8.8758 8.8758 8.8758 8.8758 8.8441 8.8441 8.8441 8.8441 8.8441 8.8441 8.8441 8.8153 10.2707 10.2707 10.9389 9.5243 
v = 31.2846 25.0346 25.0346 25.0346 25.0346 25.0346 25.0346 25.0346 22.1395 22.1395 22.1395 22.1395 22.1395 22.1395 22.1395 19.2484 19.2484 19.2484 19.2484 19.2484 19.2484 19.2484 16.7299 68.0596 68.0596 66.7534 20.9375 
