ExternalI = 5.5000 0.0000 0.0000 0.0000 0.0000 0.0000 0.0000 0.0000 4.0000 4.0000 4.0000 4.0000 4.0000 4.0000 4.0000 0.0000 0.0000 0.0000 0.0000 0.0000 0.0000 0.0000 0.0000 8.0000 8.0000 0.0000 0.0000 
before u = 8.9632 8.9058 8.9058 8.9058 8.9058 8.9058 8.9058 8.9058 8.8758 8.8758 8.8758 8.8758 8.8758 8.8758 8.8758 8.8441 8.8441 8.8441 8.8441 8.8441 8.8441 8.8441 8.8153 10.2707 10.2707 10.9389 9.5243 
before v = 31.2846 25.0346 25.0346 25.0346 25.0346 25.0346 25.0346 25.0346 22.1395 22.1395 22.1395 22.1395 22.1395 22.1395 22.1395 19.2484 19.2484 19.2484 19.2484 19.2484 19.2484 19.2484 16.7299 68.0596 68.0596 66.7534 20.9375 
Ibias = 9.4000 9.4000 9.4000 9.4000 9.4000 9.4000 9.4000 9.4000 2.0000 2.0000 2.0000 2.0000 2.0000 2.0000 2.0000 2.0000 2.0000 2.0000 2.0000 2.0000 2.0000 2.0000 -2.0000 16.0000 16.0000 10.0000 -11.0000 
fa1 = 1.2320 0.4597 0.4597 0.4597 0.4597 0.4597 0.4597 0.4597 0.3120 0.3120 0.3120 0.3120 0.3120 0.3120 0.3120 0.2307 0.2307 0.2307 0.2307 0.2307 0.2307 0.2307 0.1905 55.7051 55.7051 37.0415 2.2106 
fa2 = 1.2301 0.4587 0.4587 0.4587 0.4587 0.4587 0.4587 0.4587 0.3115 0.3115 0.3115 0.3115 0.3115 0.3115 0.3115 0.2304 0.2304 0.2304 0.2304 0.2304 0.2304 0.2304 0.1904 56.3888 56.3888 37.4761 2.1965 
fa3 = 1.2301 0.4587 0.4587 0.4587 0.4587 0.4587 0.4587 0.4587 0.3115 0.3115 0.3115 0.3115 0.3115 0.3115 0.3115 0.2304 0.2304 0.2304 0.2304 0.2304 0.2304 0.2304 0.1904 56.3972 56.3972 37.4812 2.1966 
fa4 = 1.2282 0.4577 0.4577 0.4577 0.4577 0.4577 0.4577 0.4577 0.3109 0.3109 0.3109 0.3109 0.3109 0.3109 0.3109 0.2301 0.2301 0.2301 0.2301 0.2301 0.2301 0.2301 0.1902 57.0959 57.0959 37.9238 2.1826 
fb1 = -0.2334 -0.2561 -0.2561 -0.2561 -0.2561 -0.2561 -0.2561 -0.2561 -0.2665 -0.2665 -0.2665 -0.2665 -0.2665 -0.2665 -0.2665 -0.2768 -0.2768 -0.2768 -0.2768 -0.2768 -0.2768 -0.2768 -0.2857 0.0668 0.0668 0.0482 -0.1067 
fb2 = -0.2333 -0.2560 -0.2560 -0.2560 -0.2560 -0.2560 -0.2560 -0.2560 -0.2664 -0.2664 -0.2664 -0.2664 -0.2664 -0.2664 -0.2664 -0.2767 -0.2767 -0.2767 -0.2767 -0.2767 -0.2767 -0.2767 -0.2856 0.0679 0.0679 0.0490 -0.1067 
fb3 = -0.2333 -0.2560 -0.2560 -0.2560 -0.2560 -0.2560 -0.2560 -0.2560 -0.2664 -0.2664 -0.2664 -0.2664 -0.2664 -0.2664 -0.2664 -0.2767 -0.2767 -0.2767 -0.2767 -0.2767 -0.2767 -0.2767 -0.2856 0.0679 0.0679 0.0490 -0.1067 
fb4 = -0.2332 -0.2560 -0.2560 -0.2560 -0.2560 -0.2560 -0.2560 -0.2560 -0.2664 -0.2664 -0.2664 -0.2664 -0.2664 -0.2664 -0.2664 -0.2767 -0.2767 -0.2767 -0.2767 -0.2767 -0.2767 -0.2767 -0.2856 0.0691 0.0691 0.0497 -0.1066 
I = 14.9000 9.4000 9.4000 9.4000 9.4000 9.4000 9.4000 9.4000 6.0000 6.0000 6.0000 6.0000 6.0000 6.0000 6.0000 2.0000 2.0000 2.0000 2.0000 2.0000 2.0000 2.0000 -2.0000 24.8701 24.8701 10.0000 -2.9878 
S1 = 0.0000 0.0000 0.0000 0.0000 0.0000 0.0000 0.0000 0.0000 0.0000 0.0000 0.0000 0.0000 0.0000 0.0000 0.0000 0.0000 0.0000 0.0000 0.0000 0.0000 0.0000 0.0000 0.0000 0.0000 0.0000 0.0000 0.0000 
S2 = 0.0000 0.0000 0.0000 0.0000 0.0000 0.0000 0.0000 0.0000 0.0000 0.0000 0.0000 0.0000 0.0000 0.0000 0.0000 0.0000 0.0000 0.0000 0.0000 0.0000 0.0000 0.0000 0.0000 0.8701 0.8701 0.0000 8.0122 
u = 8.9609 8.9032 8.9032 8.9032 8.9032 8.9032 8.9032 8.9032 8.8732 8.8732 8.8732 8.8732 8.8732 8.8732 8.8732 8.8414 8.8414 8.8414 8.8414 8.8414 8.8414 8.8414 8.8124 10.2714 10.2714 10.9394 9.5232 
v = 31.2969 25.0392 25.0392 25.0392 25.0392 25.0392 25.0392 25.0392 22.1426 22.1426 22.1426 22.1426 22.1426 22.1426 22.1426 19.2507 19.2507 19.2507 19.2507 19.2507 19.2507 19.2507 16.7319 68.6236 68.6236 67.1282 20.9594 
