ExternalI = 5.5000 0.0000 0.0000 0.0000 0.0000 0.0000 0.0000 0.0000 4.0000 4.0000 4.0000 4.0000 4.0000 4.0000 4.0000 0.0000 0.0000 0.0000 0.0000 0.0000 0.0000 0.0000 0.0000 8.0000 8.0000 0.0000 0.0000 
before u = 8.9609 8.9032 8.9032 8.9032 8.9032 8.9032 8.9032 8.9032 8.8732 8.8732 8.8732 8.8732 8.8732 8.8732 8.8732 8.8414 8.8414 8.8414 8.8414 8.8414 8.8414 8.8414 8.8124 10.2714 10.2714 10.9394 9.5232 
before v = 31.2969 25.0392 25.0392 25.0392 25.0392 25.0392 25.0392 25.0392 22.1426 22.1426 22.1426 22.1426 22.1426 22.1426 22.1426 19.2507 19.2507 19.2507 19.2507 19.2507 19.2507 19.2507 16.7319 68.6236 68.6236 67.1282 20.9594 
Ibias = 9.4000 9.4000 9.4000 9.4000 9.4000 9.4000 9.4000 9.4000 2.0000 2.0000 2.0000 2.0000 2.0000 2.0000 2.0000 2.0000 2.0000 2.0000 2.0000 2.0000 2.0000 2.0000 -2.0000 16.0000 16.0000 10.0000 -11.0000 
fa1 = 1.2282 0.4577 0.4577 0.4577 0.4577 0.4577 0.4577 0.4577 0.3109 0.3109 0.3109 0.3109 0.3109 0.3109 0.3109 0.2301 0.2301 0.2301 0.2301 0.2301 0.2301 0.2301 0.1902 57.0941 57.0941 37.9238 2.1666 
fa2 = 1.2263 0.4567 0.4567 0.4567 0.4567 0.4567 0.4567 0.4567 0.3103 0.3103 0.3103 0.3103 0.3103 0.3103 0.3103 0.2298 0.2298 0.2298 0.2298 0.2298 0.2298 0.2298 0.1900 57.8078 57.8078 38.3744 2.1528 
fa3 = 1.2263 0.4567 0.4567 0.4567 0.4567 0.4567 0.4567 0.4567 0.3103 0.3103 0.3103 0.3103 0.3103 0.3103 0.3103 0.2298 0.2298 0.2298 0.2298 0.2298 0.2298 0.2298 0.1900 57.8168 57.8168 38.3798 2.1529 
fa4 = 1.2245 0.4557 0.4557 0.4557 0.4557 0.4557 0.4557 0.4557 0.3097 0.3097 0.3097 0.3097 0.3097 0.3097 0.3097 0.2295 0.2295 0.2295 0.2295 0.2295 0.2295 0.2295 0.1899 58.5464 58.5464 38.8388 2.1392 
fb1 = -0.2332 -0.2560 -0.2560 -0.2560 -0.2560 -0.2560 -0.2560 -0.2560 -0.2664 -0.2664 -0.2664 -0.2664 -0.2664 -0.2664 -0.2664 -0.2767 -0.2767 -0.2767 -0.2767 -0.2767 -0.2767 -0.2767 -0.2856 0.0691 0.0691 0.0497 -0.1066 
fb2 = -0.2332 -0.2559 -0.2559 -0.2559 -0.2559 -0.2559 -0.2559 -0.2559 -0.2663 -0.2663 -0.2663 -0.2663 -0.2663 -0.2663 -0.2663 -0.2766 -0.2766 -0.2766 -0.2766 -0.2766 -0.2766 -0.2766 -0.2855 0.0702 0.0702 0.0505 -0.1066 
fb3 = -0.2332 -0.2559 -0.2559 -0.2559 -0.2559 -0.2559 -0.2559 -0.2559 -0.2663 -0.2663 -0.2663 -0.2663 -0.2663 -0.2663 -0.2663 -0.2766 -0.2766 -0.2766 -0.2766 -0.2766 -0.2766 -0.2766 -0.2855 0.0702 0.0702 0.0505 -0.1066 
fb4 = -0.2331 -0.2559 -0.2559 -0.2559 -0.2559 -0.2559 -0.2559 -0.2559 -0.2662 -0.2662 -0.2662 -0.2662 -0.2662 -0.2662 -0.2662 -0.2765 -0.2765 -0.2765 -0.2765 -0.2765 -0.2765 -0.2765 -0.2854 0.0714 0.0714 0.0513 -0.1065 
I = 14.9000 9.4000 9.4000 9.4000 9.4000 9.4000 9.4000 9.4000 6.0000 6.0000 6.0000 6.0000 6.0000 6.0000 6.0000 2.0000 2.0000 2.0000 2.0000 2.0000 2.0000 2.0000 -2.0000 24.8684 24.8684 10.0000 -3.0038 
S1 = 0.0000 0.0000 0.0000 0.0000 0.0000 0.0000 0.0000 0.0000 0.0000 0.0000 0.0000 0.0000 0.0000 0.0000 0.0000 0.0000 0.0000 0.0000 0.0000 0.0000 0.0000 0.0000 0.0000 0.0000 0.0000 0.0000 0.0000 
S2 = 0.0000 0.0000 0.0000 0.0000 0.0000 0.0000 0.0000 0.0000 0.0000 0.0000 0.0000 0.0000 0.0000 0.0000 0.0000 0.0000 0.0000 0.0000 0.0000 0.0000 0.0000 0.0000 0.0000 0.8684 0.8684 0.0000 7.9962 
u = 8.9586 8.9007 8.9007 8.9007 8.9007 8.9007 8.9007 8.9007 8.8705 8.8705 8.8705 8.8705 8.8705 8.8705 8.8705 8.8386 8.8386 8.8386 8.8386 8.8386 8.8386 8.8386 8.8096 10.2721 10.2721 10.9399 9.5222 
v = 31.3092 25.0437 25.0437 25.0437 25.0437 25.0437 25.0437 25.0437 22.1457 22.1457 22.1457 22.1457 22.1457 22.1457 22.1457 19.2530 19.2530 19.2530 19.2530 19.2530 19.2530 19.2530 16.7338 69.2017 69.2017 67.5119 20.9809 
