ExternalI = 5.5000 0.0000 0.0000 0.0000 0.0000 0.0000 0.0000 0.0000 4.0000 4.0000 4.0000 4.0000 4.0000 4.0000 4.0000 0.0000 0.0000 0.0000 0.0000 0.0000 0.0000 0.0000 0.0000 8.0000 8.0000 0.0000 0.0000 
before u = 8.9586 8.9007 8.9007 8.9007 8.9007 8.9007 8.9007 8.9007 8.8705 8.8705 8.8705 8.8705 8.8705 8.8705 8.8705 8.8386 8.8386 8.8386 8.8386 8.8386 8.8386 8.8386 8.8096 10.2721 10.2721 10.9399 9.5222 
before v = 31.3092 25.0437 25.0437 25.0437 25.0437 25.0437 25.0437 25.0437 22.1457 22.1457 22.1457 22.1457 22.1457 22.1457 22.1457 19.2530 19.2530 19.2530 19.2530 19.2530 19.2530 19.2530 16.7338 69.2017 69.2017 67.5119 20.9809 
Ibias = 9.4000 9.4000 9.4000 9.4000 9.4000 9.4000 9.4000 9.4000 2.0000 2.0000 2.0000 2.0000 2.0000 2.0000 2.0000 2.0000 2.0000 2.0000 2.0000 2.0000 2.0000 2.0000 -2.0000 16.0000 16.0000 10.0000 -11.0000 
fa1 = 1.2245 0.4557 0.4557 0.4557 0.4557 0.4557 0.4557 0.4557 0.3097 0.3097 0.3097 0.3097 0.3097 0.3097 0.3097 0.2295 0.2295 0.2295 0.2295 0.2295 0.2295 0.2295 0.1899 58.5446 58.5446 38.8388 2.1232 
fa2 = 1.2226 0.4547 0.4547 0.4547 0.4547 0.4547 0.4547 0.4547 0.3092 0.3092 0.3092 0.3092 0.3092 0.3092 0.3092 0.2292 0.2292 0.2292 0.2292 0.2292 0.2292 0.2292 0.1897 59.2900 59.2900 39.3063 2.1097 
fa3 = 1.2226 0.4547 0.4547 0.4547 0.4547 0.4547 0.4547 0.4547 0.3092 0.3092 0.3092 0.3092 0.3092 0.3092 0.3092 0.2292 0.2292 0.2292 0.2292 0.2292 0.2292 0.2292 0.1897 59.2996 59.2996 39.3120 2.1098 
fa4 = 1.2207 0.4537 0.4537 0.4537 0.4537 0.4537 0.4537 0.4537 0.3086 0.3086 0.3086 0.3086 0.3086 0.3086 0.3086 0.2289 0.2289 0.2289 0.2289 0.2289 0.2289 0.2289 0.1896 60.0618 60.0618 39.7883 2.0964 
fb1 = -0.2331 -0.2559 -0.2559 -0.2559 -0.2559 -0.2559 -0.2559 -0.2559 -0.2662 -0.2662 -0.2662 -0.2662 -0.2662 -0.2662 -0.2662 -0.2765 -0.2765 -0.2765 -0.2765 -0.2765 -0.2765 -0.2765 -0.2854 0.0714 0.0714 0.0513 -0.1065 
fb2 = -0.2330 -0.2558 -0.2558 -0.2558 -0.2558 -0.2558 -0.2558 -0.2558 -0.2662 -0.2662 -0.2662 -0.2662 -0.2662 -0.2662 -0.2662 -0.2765 -0.2765 -0.2765 -0.2765 -0.2765 -0.2765 -0.2765 -0.2854 0.0725 0.0725 0.0520 -0.1065 
fb3 = -0.2330 -0.2558 -0.2558 -0.2558 -0.2558 -0.2558 -0.2558 -0.2558 -0.2662 -0.2662 -0.2662 -0.2662 -0.2662 -0.2662 -0.2662 -0.2765 -0.2765 -0.2765 -0.2765 -0.2765 -0.2765 -0.2765 -0.2854 0.0725 0.0725 0.0520 -0.1065 
fb4 = -0.2330 -0.2557 -0.2557 -0.2557 -0.2557 -0.2557 -0.2557 -0.2557 -0.2661 -0.2661 -0.2661 -0.2661 -0.2661 -0.2661 -0.2661 -0.2764 -0.2764 -0.2764 -0.2764 -0.2764 -0.2764 -0.2764 -0.2853 0.0737 0.0737 0.0528 -0.1064 
I = 14.9000 9.4000 9.4000 9.4000 9.4000 9.4000 9.4000 9.4000 6.0000 6.0000 6.0000 6.0000 6.0000 6.0000 6.0000 2.0000 2.0000 2.0000 2.0000 2.0000 2.0000 2.0000 -2.0000 24.8667 24.8667 10.0000 -3.0198 
S1 = 0.0000 0.0000 0.0000 0.0000 0.0000 0.0000 0.0000 0.0000 0.0000 0.0000 0.0000 0.0000 0.0000 0.0000 0.0000 0.0000 0.0000 0.0000 0.0000 0.0000 0.0000 0.0000 0.0000 0.0000 0.0000 0.0000 0.0000 
S2 = 0.0000 0.0000 0.0000 0.0000 0.0000 0.0000 0.0000 0.0000 0.0000 0.0000 0.0000 0.0000 0.0000 0.0000 0.0000 0.0000 0.0000 0.0000 0.0000 0.0000 0.0000 0.0000 0.0000 0.8667 0.8667 0.0000 7.9802 
u = 8.9562 8.8981 8.8981 8.8981 8.8981 8.8981 8.8981 8.8981 8.8678 8.8678 8.8678 8.8678 8.8678 8.8678 8.8678 8.8358 8.8358 8.8358 8.8358 8.8358 8.8358 8.8358 8.8067 10.2728 10.2728 10.9404 9.5211 
v = 31.3214 25.0483 25.0483 25.0483 25.0483 25.0483 25.0483 25.0483 22.1488 22.1488 22.1488 22.1488 22.1488 22.1488 22.1488 19.2553 19.2553 19.2553 19.2553 19.2553 19.2553 19.2553 16.7356 69.7947 69.7947 67.9050 21.0020 
