ExternalI = 5.5000 0.0000 0.0000 0.0000 0.0000 0.0000 0.0000 0.0000 4.0000 4.0000 4.0000 4.0000 4.0000 4.0000 4.0000 0.0000 0.0000 0.0000 0.0000 0.0000 0.0000 0.0000 0.0000 8.0000 8.0000 0.0000 0.0000 
before u = 8.9562 8.8981 8.8981 8.8981 8.8981 8.8981 8.8981 8.8981 8.8678 8.8678 8.8678 8.8678 8.8678 8.8678 8.8678 8.8358 8.8358 8.8358 8.8358 8.8358 8.8358 8.8358 8.8067 10.2728 10.2728 10.9404 9.5211 
before v = 31.3214 25.0483 25.0483 25.0483 25.0483 25.0483 25.0483 25.0483 22.1488 22.1488 22.1488 22.1488 22.1488 22.1488 22.1488 19.2553 19.2553 19.2553 19.2553 19.2553 19.2553 19.2553 16.7356 69.7947 69.7947 67.9050 21.0020 
Ibias = 9.4000 9.4000 9.4000 9.4000 9.4000 9.4000 9.4000 9.4000 2.0000 2.0000 2.0000 2.0000 2.0000 2.0000 2.0000 2.0000 2.0000 2.0000 2.0000 2.0000 2.0000 2.0000 -2.0000 16.0000 16.0000 10.0000 -11.0000 
fa1 = 1.2207 0.4537 0.4537 0.4537 0.4537 0.4537 0.4537 0.4537 0.3086 0.3086 0.3086 0.3086 0.3086 0.3086 0.3086 0.2289 0.2289 0.2289 0.2289 0.2289 0.2289 0.2289 0.1896 60.0601 60.0601 39.7883 2.0804 
fa2 = 1.2189 0.4527 0.4527 0.4527 0.4527 0.4527 0.4527 0.4527 0.3080 0.3080 0.3080 0.3080 0.3080 0.3080 0.3080 0.2286 0.2286 0.2286 0.2286 0.2286 0.2286 0.2286 0.1895 60.8391 60.8391 40.2735 2.0672 
fa3 = 1.2189 0.4527 0.4527 0.4527 0.4527 0.4527 0.4527 0.4527 0.3080 0.3080 0.3080 0.3080 0.3080 0.3080 0.3080 0.2286 0.2286 0.2286 0.2286 0.2286 0.2286 0.2286 0.1895 60.8493 60.8493 40.2795 2.0673 
fa4 = 1.2171 0.4517 0.4517 0.4517 0.4517 0.4517 0.4517 0.4517 0.3075 0.3075 0.3075 0.3075 0.3075 0.3075 0.3075 0.2284 0.2284 0.2284 0.2284 0.2284 0.2284 0.2284 0.1893 61.6462 61.6462 40.7740 2.0542 
fb1 = -0.2330 -0.2557 -0.2557 -0.2557 -0.2557 -0.2557 -0.2557 -0.2557 -0.2661 -0.2661 -0.2661 -0.2661 -0.2661 -0.2661 -0.2661 -0.2764 -0.2764 -0.2764 -0.2764 -0.2764 -0.2764 -0.2764 -0.2853 0.0737 0.0737 0.0528 -0.1064 
fb2 = -0.2329 -0.2557 -0.2557 -0.2557 -0.2557 -0.2557 -0.2557 -0.2557 -0.2661 -0.2661 -0.2661 -0.2661 -0.2661 -0.2661 -0.2661 -0.2764 -0.2764 -0.2764 -0.2764 -0.2764 -0.2764 -0.2764 -0.2853 0.0749 0.0749 0.0536 -0.1064 
fb3 = -0.2329 -0.2557 -0.2557 -0.2557 -0.2557 -0.2557 -0.2557 -0.2557 -0.2661 -0.2661 -0.2661 -0.2661 -0.2661 -0.2661 -0.2661 -0.2764 -0.2764 -0.2764 -0.2764 -0.2764 -0.2764 -0.2764 -0.2853 0.0749 0.0749 0.0536 -0.1064 
fb4 = -0.2328 -0.2556 -0.2556 -0.2556 -0.2556 -0.2556 -0.2556 -0.2556 -0.2660 -0.2660 -0.2660 -0.2660 -0.2660 -0.2660 -0.2660 -0.2763 -0.2763 -0.2763 -0.2763 -0.2763 -0.2763 -0.2763 -0.2852 0.0761 0.0761 0.0544 -0.1063 
I = 14.9000 9.4000 9.4000 9.4000 9.4000 9.4000 9.4000 9.4000 6.0000 6.0000 6.0000 6.0000 6.0000 6.0000 6.0000 2.0000 2.0000 2.0000 2.0000 2.0000 2.0000 2.0000 -2.0000 24.8649 24.8649 10.0000 -3.0358 
S1 = 0.0000 0.0000 0.0000 0.0000 0.0000 0.0000 0.0000 0.0000 0.0000 0.0000 0.0000 0.0000 0.0000 0.0000 0.0000 0.0000 0.0000 0.0000 0.0000 0.0000 0.0000 0.0000 0.0000 0.0000 0.0000 0.0000 0.0000 
S2 = 0.0000 0.0000 0.0000 0.0000 0.0000 0.0000 0.0000 0.0000 0.0000 0.0000 0.0000 0.0000 0.0000 0.0000 0.0000 0.0000 0.0000 0.0000 0.0000 0.0000 0.0000 0.0000 0.0000 0.8649 0.8649 0.0000 7.9642 
u = 8.9539 8.8956 8.8956 8.8956 8.8956 8.8956 8.8956 8.8956 8.8652 8.8652 8.8652 8.8652 8.8652 8.8652 8.8652 8.8331 8.8331 8.8331 8.8331 8.8331 8.8331 8.8331 8.8039 10.2736 10.2736 10.9409 9.5200 
v = 31.3336 25.0528 25.0528 25.0528 25.0528 25.0528 25.0528 25.0528 22.1518 22.1518 22.1518 22.1518 22.1518 22.1518 22.1518 19.2576 19.2576 19.2576 19.2576 19.2576 19.2576 19.2576 16.7375 70.4032 70.4032 68.3078 21.0227 
