ExternalI = 5.5000 0.0000 0.0000 0.0000 0.0000 0.0000 0.0000 0.0000 4.0000 4.0000 4.0000 4.0000 4.0000 4.0000 4.0000 0.0000 0.0000 0.0000 0.0000 0.0000 0.0000 0.0000 0.0000 8.0000 8.0000 0.0000 0.0000 
before u = 8.9539 8.8956 8.8956 8.8956 8.8956 8.8956 8.8956 8.8956 8.8652 8.8652 8.8652 8.8652 8.8652 8.8652 8.8652 8.8331 8.8331 8.8331 8.8331 8.8331 8.8331 8.8331 8.8039 10.2736 10.2736 10.9409 9.5200 
before v = 31.3336 25.0528 25.0528 25.0528 25.0528 25.0528 25.0528 25.0528 22.1518 22.1518 22.1518 22.1518 22.1518 22.1518 22.1518 19.2576 19.2576 19.2576 19.2576 19.2576 19.2576 19.2576 16.7375 70.4032 70.4032 68.3078 21.0227 
Ibias = 9.4000 9.4000 9.4000 9.4000 9.4000 9.4000 9.4000 9.4000 2.0000 2.0000 2.0000 2.0000 2.0000 2.0000 2.0000 2.0000 2.0000 2.0000 2.0000 2.0000 2.0000 2.0000 -2.0000 16.0000 16.0000 10.0000 -11.0000 
fa1 = 1.2171 0.4517 0.4517 0.4517 0.4517 0.4517 0.4517 0.4517 0.3075 0.3075 0.3075 0.3075 0.3075 0.3075 0.3075 0.2284 0.2284 0.2284 0.2284 0.2284 0.2284 0.2284 0.1893 61.6444 61.6444 40.7740 2.0383 
fa2 = 1.2152 0.4508 0.4508 0.4508 0.4508 0.4508 0.4508 0.4508 0.3069 0.3069 0.3069 0.3069 0.3069 0.3069 0.3069 0.2281 0.2281 0.2281 0.2281 0.2281 0.2281 0.2281 0.1892 62.4592 62.4592 41.2778 2.0254 
fa3 = 1.2152 0.4508 0.4508 0.4508 0.4508 0.4508 0.4508 0.4508 0.3069 0.3069 0.3069 0.3069 0.3069 0.3069 0.3069 0.2281 0.2281 0.2281 0.2281 0.2281 0.2281 0.2281 0.1892 62.4700 62.4700 41.2841 2.0255 
fa4 = 1.2134 0.4498 0.4498 0.4498 0.4498 0.4498 0.4498 0.4498 0.3064 0.3064 0.3064 0.3064 0.3064 0.3064 0.3064 0.2278 0.2278 0.2278 0.2278 0.2278 0.2278 0.2278 0.1890 63.3036 63.3036 41.7977 2.0127 
fb1 = -0.2328 -0.2556 -0.2556 -0.2556 -0.2556 -0.2556 -0.2556 -0.2556 -0.2660 -0.2660 -0.2660 -0.2660 -0.2660 -0.2660 -0.2660 -0.2763 -0.2763 -0.2763 -0.2763 -0.2763 -0.2763 -0.2763 -0.2852 0.0761 0.0761 0.0544 -0.1063 
fb2 = -0.2328 -0.2556 -0.2556 -0.2556 -0.2556 -0.2556 -0.2556 -0.2556 -0.2659 -0.2659 -0.2659 -0.2659 -0.2659 -0.2659 -0.2659 -0.2762 -0.2762 -0.2762 -0.2762 -0.2762 -0.2762 -0.2762 -0.2851 0.0774 0.0774 0.0552 -0.1063 
fb3 = -0.2328 -0.2556 -0.2556 -0.2556 -0.2556 -0.2556 -0.2556 -0.2556 -0.2659 -0.2659 -0.2659 -0.2659 -0.2659 -0.2659 -0.2659 -0.2762 -0.2762 -0.2762 -0.2762 -0.2762 -0.2762 -0.2762 -0.2851 0.0774 0.0774 0.0552 -0.1063 
fb4 = -0.2327 -0.2555 -0.2555 -0.2555 -0.2555 -0.2555 -0.2555 -0.2555 -0.2659 -0.2659 -0.2659 -0.2659 -0.2659 -0.2659 -0.2659 -0.2762 -0.2762 -0.2762 -0.2762 -0.2762 -0.2762 -0.2762 -0.2851 0.0786 0.0786 0.0561 -0.1062 
I = 14.9000 9.4000 9.4000 9.4000 9.4000 9.4000 9.4000 9.4000 6.0000 6.0000 6.0000 6.0000 6.0000 6.0000 6.0000 2.0000 2.0000 2.0000 2.0000 2.0000 2.0000 2.0000 -2.0000 24.8632 24.8632 10.0000 -3.0517 
S1 = 0.0000 0.0000 0.0000 0.0000 0.0000 0.0000 0.0000 0.0000 0.0000 0.0000 0.0000 0.0000 0.0000 0.0000 0.0000 0.0000 0.0000 0.0000 0.0000 0.0000 0.0000 0.0000 0.0000 0.0000 0.0000 0.0000 0.0000 
S2 = 0.0000 0.0000 0.0000 0.0000 0.0000 0.0000 0.0000 0.0000 0.0000 0.0000 0.0000 0.0000 0.0000 0.0000 0.0000 0.0000 0.0000 0.0000 0.0000 0.0000 0.0000 0.0000 0.0000 0.8632 0.8632 0.0000 7.9483 
u = 8.9516 8.8930 8.8930 8.8930 8.8930 8.8930 8.8930 8.8930 8.8625 8.8625 8.8625 8.8625 8.8625 8.8625 8.8625 8.8303 8.8303 8.8303 8.8303 8.8303 8.8303 8.8303 8.8010 10.2743 10.2743 10.9415 9.5190 
v = 31.3458 25.0573 25.0573 25.0573 25.0573 25.0573 25.0573 25.0573 22.1549 22.1549 22.1549 22.1549 22.1549 22.1549 22.1549 19.2599 19.2599 19.2599 19.2599 19.2599 19.2599 19.2599 16.7394 71.0279 71.0279 68.7207 21.0430 
