ExternalI = 5.5000 0.0000 0.0000 0.0000 0.0000 0.0000 0.0000 0.0000 4.0000 4.0000 4.0000 4.0000 4.0000 4.0000 4.0000 0.0000 0.0000 0.0000 0.0000 0.0000 0.0000 0.0000 0.0000 8.0000 8.0000 0.0000 0.0000 
before u = 8.9516 8.8930 8.8930 8.8930 8.8930 8.8930 8.8930 8.8930 8.8625 8.8625 8.8625 8.8625 8.8625 8.8625 8.8625 8.8303 8.8303 8.8303 8.8303 8.8303 8.8303 8.8303 8.8010 10.2743 10.2743 10.9415 9.5190 
before v = 31.3458 25.0573 25.0573 25.0573 25.0573 25.0573 25.0573 25.0573 22.1549 22.1549 22.1549 22.1549 22.1549 22.1549 22.1549 19.2599 19.2599 19.2599 19.2599 19.2599 19.2599 19.2599 16.7394 71.0279 71.0279 68.7207 21.0430 
Ibias = 9.4000 9.4000 9.4000 9.4000 9.4000 9.4000 9.4000 9.4000 2.0000 2.0000 2.0000 2.0000 2.0000 2.0000 2.0000 2.0000 2.0000 2.0000 2.0000 2.0000 2.0000 2.0000 -2.0000 16.0000 16.0000 10.0000 -11.0000 
fa1 = 1.2134 0.4498 0.4498 0.4498 0.4498 0.4498 0.4498 0.4498 0.3064 0.3064 0.3064 0.3064 0.3064 0.3064 0.3064 0.2278 0.2278 0.2278 0.2278 0.2278 0.2278 0.2278 0.1890 63.3018 63.3018 41.7977 1.9968 
fa2 = 1.2116 0.4488 0.4488 0.4488 0.4488 0.4488 0.4488 0.4488 0.3058 0.3058 0.3058 0.3058 0.3058 0.3058 0.3058 0.2275 0.2275 0.2275 0.2275 0.2275 0.2275 0.2275 0.1889 64.1544 64.1544 42.3212 1.9841 
fa3 = 1.2116 0.4488 0.4488 0.4488 0.4488 0.4488 0.4488 0.4488 0.3058 0.3058 0.3058 0.3058 0.3058 0.3058 0.3058 0.2275 0.2275 0.2275 0.2275 0.2275 0.2275 0.2275 0.1889 64.1659 64.1659 42.3277 1.9842 
fa4 = 1.2098 0.4479 0.4479 0.4479 0.4479 0.4479 0.4479 0.4479 0.3053 0.3053 0.3053 0.3053 0.3053 0.3053 0.3053 0.2272 0.2272 0.2272 0.2272 0.2272 0.2272 0.2272 0.1887 65.0386 65.0386 42.8615 1.9717 
fb1 = -0.2327 -0.2555 -0.2555 -0.2555 -0.2555 -0.2555 -0.2555 -0.2555 -0.2659 -0.2659 -0.2659 -0.2659 -0.2659 -0.2659 -0.2659 -0.2762 -0.2762 -0.2762 -0.2762 -0.2762 -0.2762 -0.2762 -0.2851 0.0786 0.0786 0.0561 -0.1062 
fb2 = -0.2326 -0.2554 -0.2554 -0.2554 -0.2554 -0.2554 -0.2554 -0.2554 -0.2658 -0.2658 -0.2658 -0.2658 -0.2658 -0.2658 -0.2658 -0.2761 -0.2761 -0.2761 -0.2761 -0.2761 -0.2761 -0.2761 -0.2850 0.0799 0.0799 0.0569 -0.1062 
fb3 = -0.2326 -0.2554 -0.2554 -0.2554 -0.2554 -0.2554 -0.2554 -0.2554 -0.2658 -0.2658 -0.2658 -0.2658 -0.2658 -0.2658 -0.2658 -0.2761 -0.2761 -0.2761 -0.2761 -0.2761 -0.2761 -0.2761 -0.2850 0.0799 0.0799 0.0569 -0.1062 
fb4 = -0.2325 -0.2554 -0.2554 -0.2554 -0.2554 -0.2554 -0.2554 -0.2554 -0.2658 -0.2658 -0.2658 -0.2658 -0.2658 -0.2658 -0.2658 -0.2761 -0.2761 -0.2761 -0.2761 -0.2761 -0.2761 -0.2761 -0.2850 0.0812 0.0812 0.0577 -0.1061 
I = 14.9000 9.4000 9.4000 9.4000 9.4000 9.4000 9.4000 9.4000 6.0000 6.0000 6.0000 6.0000 6.0000 6.0000 6.0000 2.0000 2.0000 2.0000 2.0000 2.0000 2.0000 2.0000 -2.0000 24.8615 24.8615 10.0000 -3.0676 
S1 = 0.0000 0.0000 0.0000 0.0000 0.0000 0.0000 0.0000 0.0000 0.0000 0.0000 0.0000 0.0000 0.0000 0.0000 0.0000 0.0000 0.0000 0.0000 0.0000 0.0000 0.0000 0.0000 0.0000 0.0000 0.0000 0.0000 0.0000 
S2 = 0.0000 0.0000 0.0000 0.0000 0.0000 0.0000 0.0000 0.0000 0.0000 0.0000 0.0000 0.0000 0.0000 0.0000 0.0000 0.0000 0.0000 0.0000 0.0000 0.0000 0.0000 0.0000 0.0000 0.8615 0.8615 0.0000 7.9324 
u = 8.9493 8.8904 8.8904 8.8904 8.8904 8.8904 8.8904 8.8904 8.8599 8.8599 8.8599 8.8599 8.8599 8.8599 8.8599 8.8275 8.8275 8.8275 8.8275 8.8275 8.8275 8.8275 8.7982 10.2751 10.2751 10.9420 9.5179 
v = 31.3579 25.0618 25.0618 25.0618 25.0618 25.0618 25.0618 25.0618 22.1580 22.1580 22.1580 22.1580 22.1580 22.1580 22.1580 19.2621 19.2621 19.2621 19.2621 19.2621 19.2621 19.2621 16.7413 71.6695 71.6695 69.1439 21.0628 
