ExternalI = 5.5000 0.0000 0.0000 0.0000 0.0000 0.0000 0.0000 0.0000 4.0000 4.0000 4.0000 4.0000 4.0000 4.0000 4.0000 0.0000 0.0000 0.0000 0.0000 0.0000 0.0000 0.0000 0.0000 8.0000 8.0000 0.0000 0.0000 
before u = 8.9493 8.8904 8.8904 8.8904 8.8904 8.8904 8.8904 8.8904 8.8599 8.8599 8.8599 8.8599 8.8599 8.8599 8.8599 8.8275 8.8275 8.8275 8.8275 8.8275 8.8275 8.8275 8.7982 10.2751 10.2751 10.9420 9.5179 
before v = 31.3579 25.0618 25.0618 25.0618 25.0618 25.0618 25.0618 25.0618 22.1580 22.1580 22.1580 22.1580 22.1580 22.1580 22.1580 19.2621 19.2621 19.2621 19.2621 19.2621 19.2621 19.2621 16.7413 71.6695 71.6695 69.1439 21.0628 
Ibias = 9.4000 9.4000 9.4000 9.4000 9.4000 9.4000 9.4000 9.4000 2.0000 2.0000 2.0000 2.0000 2.0000 2.0000 2.0000 2.0000 2.0000 2.0000 2.0000 2.0000 2.0000 2.0000 -2.0000 16.0000 16.0000 10.0000 -11.0000 
fa1 = 1.2098 0.4479 0.4479 0.4479 0.4479 0.4479 0.4479 0.4479 0.3053 0.3053 0.3053 0.3053 0.3053 0.3053 0.3053 0.2272 0.2272 0.2272 0.2272 0.2272 0.2272 0.2272 0.1887 65.0368 65.0368 42.8615 1.9558 
fa2 = 1.2080 0.4469 0.4469 0.4469 0.4469 0.4469 0.4469 0.4469 0.3047 0.3047 0.3047 0.3047 0.3047 0.3047 0.3047 0.2270 0.2270 0.2270 0.2270 0.2270 0.2270 0.2270 0.1886 65.9295 65.9295 43.4055 1.9435 
fa3 = 1.2080 0.4469 0.4469 0.4469 0.4469 0.4469 0.4469 0.4469 0.3047 0.3047 0.3047 0.3047 0.3047 0.3047 0.3047 0.2270 0.2270 0.2270 0.2270 0.2270 0.2270 0.2270 0.1886 65.9418 65.9418 43.4125 1.9436 
fa4 = 1.2062 0.4460 0.4460 0.4460 0.4460 0.4460 0.4460 0.4460 0.3042 0.3042 0.3042 0.3042 0.3042 0.3042 0.3042 0.2267 0.2267 0.2267 0.2267 0.2267 0.2267 0.2267 0.1884 66.8559 66.8559 43.9674 1.9314 
fb1 = -0.2325 -0.2554 -0.2554 -0.2554 -0.2554 -0.2554 -0.2554 -0.2554 -0.2658 -0.2658 -0.2658 -0.2658 -0.2658 -0.2658 -0.2658 -0.2761 -0.2761 -0.2761 -0.2761 -0.2761 -0.2761 -0.2761 -0.2850 0.0812 0.0812 0.0577 -0.1061 
fb2 = -0.2325 -0.2553 -0.2553 -0.2553 -0.2553 -0.2553 -0.2553 -0.2553 -0.2657 -0.2657 -0.2657 -0.2657 -0.2657 -0.2657 -0.2657 -0.2760 -0.2760 -0.2760 -0.2760 -0.2760 -0.2760 -0.2760 -0.2849 0.0825 0.0825 0.0586 -0.1061 
fb3 = -0.2325 -0.2553 -0.2553 -0.2553 -0.2553 -0.2553 -0.2553 -0.2553 -0.2657 -0.2657 -0.2657 -0.2657 -0.2657 -0.2657 -0.2657 -0.2760 -0.2760 -0.2760 -0.2760 -0.2760 -0.2760 -0.2760 -0.2849 0.0825 0.0825 0.0586 -0.1061 
fb4 = -0.2324 -0.2553 -0.2553 -0.2553 -0.2553 -0.2553 -0.2553 -0.2553 -0.2656 -0.2656 -0.2656 -0.2656 -0.2656 -0.2656 -0.2656 -0.2759 -0.2759 -0.2759 -0.2759 -0.2759 -0.2759 -0.2759 -0.2848 0.0838 0.0838 0.0595 -0.1060 
I = 14.9000 9.4000 9.4000 9.4000 9.4000 9.4000 9.4000 9.4000 6.0000 6.0000 6.0000 6.0000 6.0000 6.0000 6.0000 2.0000 2.0000 2.0000 2.0000 2.0000 2.0000 2.0000 -2.0000 24.8598 24.8598 10.0000 -3.0835 
S1 = 0.0000 0.0000 0.0000 0.0000 0.0000 0.0000 0.0000 0.0000 0.0000 0.0000 0.0000 0.0000 0.0000 0.0000 0.0000 0.0000 0.0000 0.0000 0.0000 0.0000 0.0000 0.0000 0.0000 0.0000 0.0000 0.0000 0.0000 
S2 = 0.0000 0.0000 0.0000 0.0000 0.0000 0.0000 0.0000 0.0000 0.0000 0.0000 0.0000 0.0000 0.0000 0.0000 0.0000 0.0000 0.0000 0.0000 0.0000 0.0000 0.0000 0.0000 0.0000 0.8598 0.8598 0.0000 7.9165 
u = 8.9469 8.8879 8.8879 8.8879 8.8879 8.8879 8.8879 8.8879 8.8572 8.8572 8.8572 8.8572 8.8572 8.8572 8.8572 8.8248 8.8248 8.8248 8.8248 8.8248 8.8248 8.8248 8.7953 10.2759 10.2759 10.9426 9.5169 
v = 31.3700 25.0663 25.0663 25.0663 25.0663 25.0663 25.0663 25.0663 22.1610 22.1610 22.1610 22.1610 22.1610 22.1610 22.1610 19.2644 19.2644 19.2644 19.2644 19.2644 19.2644 19.2644 16.7432 72.3289 72.3289 69.5780 21.0822 
