ExternalI = 5.5000 0.0000 0.0000 0.0000 0.0000 0.0000 0.0000 0.0000 4.0000 4.0000 4.0000 4.0000 4.0000 4.0000 4.0000 0.0000 0.0000 0.0000 0.0000 0.0000 0.0000 0.0000 0.0000 8.0000 8.0000 0.0000 0.0000 
before u = 8.9469 8.8879 8.8879 8.8879 8.8879 8.8879 8.8879 8.8879 8.8572 8.8572 8.8572 8.8572 8.8572 8.8572 8.8572 8.8248 8.8248 8.8248 8.8248 8.8248 8.8248 8.8248 8.7953 10.2759 10.2759 10.9426 9.5169 
before v = 31.3700 25.0663 25.0663 25.0663 25.0663 25.0663 25.0663 25.0663 22.1610 22.1610 22.1610 22.1610 22.1610 22.1610 22.1610 19.2644 19.2644 19.2644 19.2644 19.2644 19.2644 19.2644 16.7432 72.3289 72.3289 69.5780 21.0822 
Ibias = 9.4000 9.4000 9.4000 9.4000 9.4000 9.4000 9.4000 9.4000 2.0000 2.0000 2.0000 2.0000 2.0000 2.0000 2.0000 2.0000 2.0000 2.0000 2.0000 2.0000 2.0000 2.0000 -2.0000 16.0000 16.0000 10.0000 -11.0000 
fa1 = 1.2062 0.4460 0.4460 0.4460 0.4460 0.4460 0.4460 0.4460 0.3042 0.3042 0.3042 0.3042 0.3042 0.3042 0.3042 0.2267 0.2267 0.2267 0.2267 0.2267 0.2267 0.2267 0.1884 66.8541 66.8541 43.9674 1.9155 
fa2 = 1.2044 0.4451 0.4451 0.4451 0.4451 0.4451 0.4451 0.4451 0.3036 0.3036 0.3036 0.3036 0.3036 0.3036 0.3036 0.2264 0.2264 0.2264 0.2264 0.2264 0.2264 0.2264 0.1883 67.7896 67.7896 44.5332 1.9035 
fa3 = 1.2044 0.4451 0.4451 0.4451 0.4451 0.4451 0.4451 0.4451 0.3036 0.3036 0.3036 0.3036 0.3036 0.3036 0.3036 0.2264 0.2264 0.2264 0.2264 0.2264 0.2264 0.2264 0.1883 67.8027 67.8027 44.5405 1.9036 
fa4 = 1.2026 0.4441 0.4441 0.4441 0.4441 0.4441 0.4441 0.4441 0.3031 0.3031 0.3031 0.3031 0.3031 0.3031 0.3031 0.2261 0.2261 0.2261 0.2261 0.2261 0.2261 0.2261 0.1882 68.7609 68.7609 45.1177 1.8916 
fb1 = -0.2324 -0.2553 -0.2553 -0.2553 -0.2553 -0.2553 -0.2553 -0.2553 -0.2656 -0.2656 -0.2656 -0.2656 -0.2656 -0.2656 -0.2656 -0.2759 -0.2759 -0.2759 -0.2759 -0.2759 -0.2759 -0.2759 -0.2848 0.0838 0.0838 0.0595 -0.1060 
fb2 = -0.2323 -0.2552 -0.2552 -0.2552 -0.2552 -0.2552 -0.2552 -0.2552 -0.2656 -0.2656 -0.2656 -0.2656 -0.2656 -0.2656 -0.2656 -0.2759 -0.2759 -0.2759 -0.2759 -0.2759 -0.2759 -0.2759 -0.2848 0.0851 0.0851 0.0603 -0.1060 
fb3 = -0.2323 -0.2552 -0.2552 -0.2552 -0.2552 -0.2552 -0.2552 -0.2552 -0.2656 -0.2656 -0.2656 -0.2656 -0.2656 -0.2656 -0.2656 -0.2759 -0.2759 -0.2759 -0.2759 -0.2759 -0.2759 -0.2759 -0.2848 0.0851 0.0851 0.0603 -0.1060 
fb4 = -0.2323 -0.2551 -0.2551 -0.2551 -0.2551 -0.2551 -0.2551 -0.2551 -0.2655 -0.2655 -0.2655 -0.2655 -0.2655 -0.2655 -0.2655 -0.2758 -0.2758 -0.2758 -0.2758 -0.2758 -0.2758 -0.2758 -0.2847 0.0865 0.0865 0.0612 -0.1059 
I = 14.9000 9.4000 9.4000 9.4000 9.4000 9.4000 9.4000 9.4000 6.0000 6.0000 6.0000 6.0000 6.0000 6.0000 6.0000 2.0000 2.0000 2.0000 2.0000 2.0000 2.0000 2.0000 -2.0000 24.8580 24.8580 10.0000 -3.0993 
S1 = 0.0000 0.0000 0.0000 0.0000 0.0000 0.0000 0.0000 0.0000 0.0000 0.0000 0.0000 0.0000 0.0000 0.0000 0.0000 0.0000 0.0000 0.0000 0.0000 0.0000 0.0000 0.0000 0.0000 0.0000 0.0000 0.0000 0.0000 
S2 = 0.0000 0.0000 0.0000 0.0000 0.0000 0.0000 0.0000 0.0000 0.0000 0.0000 0.0000 0.0000 0.0000 0.0000 0.0000 0.0000 0.0000 0.0000 0.0000 0.0000 0.0000 0.0000 0.0000 0.8580 0.8580 0.0000 7.9007 
u = 8.9446 8.8853 8.8853 8.8853 8.8853 8.8853 8.8853 8.8853 8.8545 8.8545 8.8545 8.8545 8.8545 8.8545 8.8545 8.8220 8.8220 8.8220 8.8220 8.8220 8.8220 8.8220 8.7925 10.2768 10.2768 10.9432 9.5158 
v = 31.3820 25.0707 25.0707 25.0707 25.0707 25.0707 25.0707 25.0707 22.1641 22.1641 22.1641 22.1641 22.1641 22.1641 22.1641 19.2667 19.2667 19.2667 19.2667 19.2667 19.2667 19.2667 16.7451 73.0069 73.0069 70.0234 21.1013 
