ExternalI = 5.5000 0.0000 0.0000 0.0000 0.0000 0.0000 0.0000 0.0000 4.0000 4.0000 4.0000 4.0000 4.0000 4.0000 4.0000 0.0000 0.0000 0.0000 0.0000 0.0000 0.0000 0.0000 0.0000 8.0000 8.0000 0.0000 0.0000 
before u = 8.9446 8.8853 8.8853 8.8853 8.8853 8.8853 8.8853 8.8853 8.8545 8.8545 8.8545 8.8545 8.8545 8.8545 8.8545 8.8220 8.8220 8.8220 8.8220 8.8220 8.8220 8.8220 8.7925 10.2768 10.2768 10.9432 9.5158 
before v = 31.3820 25.0707 25.0707 25.0707 25.0707 25.0707 25.0707 25.0707 22.1641 22.1641 22.1641 22.1641 22.1641 22.1641 22.1641 19.2667 19.2667 19.2667 19.2667 19.2667 19.2667 19.2667 16.7451 73.0069 73.0069 70.0234 21.1013 
Ibias = 9.4000 9.4000 9.4000 9.4000 9.4000 9.4000 9.4000 9.4000 2.0000 2.0000 2.0000 2.0000 2.0000 2.0000 2.0000 2.0000 2.0000 2.0000 2.0000 2.0000 2.0000 2.0000 -2.0000 16.0000 16.0000 10.0000 -11.0000 
fa1 = 1.2026 0.4441 0.4441 0.4441 0.4441 0.4441 0.4441 0.4441 0.3031 0.3031 0.3031 0.3031 0.3031 0.3031 0.3031 0.2261 0.2261 0.2261 0.2261 0.2261 0.2261 0.2261 0.1882 68.7591 68.7591 45.1177 1.8758 
fa2 = 1.2008 0.4432 0.4432 0.4432 0.4432 0.4432 0.4432 0.4432 0.3026 0.3026 0.3026 0.3026 0.3026 0.3026 0.3026 0.2259 0.2259 0.2259 0.2259 0.2259 0.2259 0.2259 0.1880 69.7399 69.7399 45.7064 1.8640 
fa3 = 1.2008 0.4432 0.4432 0.4432 0.4432 0.4432 0.4432 0.4432 0.3026 0.3026 0.3026 0.3026 0.3026 0.3026 0.3026 0.2259 0.2259 0.2259 0.2259 0.2259 0.2259 0.2259 0.1880 69.7540 69.7540 45.7141 1.8641 
fa4 = 1.1990 0.4423 0.4423 0.4423 0.4423 0.4423 0.4423 0.4423 0.3021 0.3021 0.3021 0.3021 0.3021 0.3021 0.3021 0.2256 0.2256 0.2256 0.2256 0.2256 0.2256 0.2256 0.1879 70.7590 70.7590 46.3148 1.8524 
fb1 = -0.2323 -0.2551 -0.2551 -0.2551 -0.2551 -0.2551 -0.2551 -0.2551 -0.2655 -0.2655 -0.2655 -0.2655 -0.2655 -0.2655 -0.2655 -0.2758 -0.2758 -0.2758 -0.2758 -0.2758 -0.2758 -0.2758 -0.2847 0.0865 0.0865 0.0612 -0.1059 
fb2 = -0.2322 -0.2551 -0.2551 -0.2551 -0.2551 -0.2551 -0.2551 -0.2551 -0.2655 -0.2655 -0.2655 -0.2655 -0.2655 -0.2655 -0.2655 -0.2758 -0.2758 -0.2758 -0.2758 -0.2758 -0.2758 -0.2758 -0.2847 0.0879 0.0879 0.0621 -0.1059 
fb3 = -0.2322 -0.2551 -0.2551 -0.2551 -0.2551 -0.2551 -0.2551 -0.2551 -0.2655 -0.2655 -0.2655 -0.2655 -0.2655 -0.2655 -0.2655 -0.2758 -0.2758 -0.2758 -0.2758 -0.2758 -0.2758 -0.2758 -0.2847 0.0879 0.0879 0.0621 -0.1059 
fb4 = -0.2321 -0.2550 -0.2550 -0.2550 -0.2550 -0.2550 -0.2550 -0.2550 -0.2654 -0.2654 -0.2654 -0.2654 -0.2654 -0.2654 -0.2654 -0.2757 -0.2757 -0.2757 -0.2757 -0.2757 -0.2757 -0.2757 -0.2846 0.0893 0.0893 0.0630 -0.1058 
I = 14.9000 9.4000 9.4000 9.4000 9.4000 9.4000 9.4000 9.4000 6.0000 6.0000 6.0000 6.0000 6.0000 6.0000 6.0000 2.0000 2.0000 2.0000 2.0000 2.0000 2.0000 2.0000 -2.0000 24.8563 24.8563 10.0000 -3.1151 
S1 = 0.0000 0.0000 0.0000 0.0000 0.0000 0.0000 0.0000 0.0000 0.0000 0.0000 0.0000 0.0000 0.0000 0.0000 0.0000 0.0000 0.0000 0.0000 0.0000 0.0000 0.0000 0.0000 0.0000 0.0000 0.0000 0.0000 0.0000 
S2 = 0.0000 0.0000 0.0000 0.0000 0.0000 0.0000 0.0000 0.0000 0.0000 0.0000 0.0000 0.0000 0.0000 0.0000 0.0000 0.0000 0.0000 0.0000 0.0000 0.0000 0.0000 0.0000 0.0000 0.8563 0.8563 0.0000 7.8849 
u = 8.9423 8.8828 8.8828 8.8828 8.8828 8.8828 8.8828 8.8828 8.8519 8.8519 8.8519 8.8519 8.8519 8.8519 8.8519 8.8193 8.8193 8.8193 8.8193 8.8193 8.8193 8.8193 8.7896 10.2777 10.2777 10.9438 9.5147 
v = 31.3940 25.0752 25.0752 25.0752 25.0752 25.0752 25.0752 25.0752 22.1671 22.1671 22.1671 22.1671 22.1671 22.1671 22.1671 19.2689 19.2689 19.2689 19.2689 19.2689 19.2689 19.2689 16.7470 73.7044 73.7044 70.4805 21.1199 
