ExternalI = 5.5000 0.0000 0.0000 0.0000 0.0000 0.0000 0.0000 0.0000 4.0000 4.0000 4.0000 4.0000 4.0000 4.0000 4.0000 0.0000 0.0000 0.0000 0.0000 0.0000 0.0000 0.0000 0.0000 8.0000 8.0000 0.0000 0.0000 
before u = 8.9423 8.8828 8.8828 8.8828 8.8828 8.8828 8.8828 8.8828 8.8519 8.8519 8.8519 8.8519 8.8519 8.8519 8.8519 8.8193 8.8193 8.8193 8.8193 8.8193 8.8193 8.8193 8.7896 10.2777 10.2777 10.9438 9.5147 
before v = 31.3940 25.0752 25.0752 25.0752 25.0752 25.0752 25.0752 25.0752 22.1671 22.1671 22.1671 22.1671 22.1671 22.1671 22.1671 19.2689 19.2689 19.2689 19.2689 19.2689 19.2689 19.2689 16.7470 73.7044 73.7044 70.4805 21.1199 
Ibias = 9.4000 9.4000 9.4000 9.4000 9.4000 9.4000 9.4000 9.4000 2.0000 2.0000 2.0000 2.0000 2.0000 2.0000 2.0000 2.0000 2.0000 2.0000 2.0000 2.0000 2.0000 2.0000 -2.0000 16.0000 16.0000 10.0000 -11.0000 
fa1 = 1.1990 0.4423 0.4423 0.4423 0.4423 0.4423 0.4423 0.4423 0.3021 0.3021 0.3021 0.3021 0.3021 0.3021 0.3021 0.2256 0.2256 0.2256 0.2256 0.2256 0.2256 0.2256 0.1879 70.7572 70.7572 46.3148 1.8366 
fa2 = 1.1973 0.4413 0.4413 0.4413 0.4413 0.4413 0.4413 0.4413 0.3015 0.3015 0.3015 0.3015 0.3015 0.3015 0.3015 0.2253 0.2253 0.2253 0.2253 0.2253 0.2253 0.2253 0.1878 71.7865 71.7865 46.9276 1.8251 
fa3 = 1.1973 0.4414 0.4414 0.4414 0.4414 0.4414 0.4414 0.4414 0.3015 0.3015 0.3015 0.3015 0.3015 0.3015 0.3015 0.2253 0.2253 0.2253 0.2253 0.2253 0.2253 0.2253 0.1878 71.8015 71.8015 46.9357 1.8252 
fa4 = 1.1955 0.4404 0.4404 0.4404 0.4404 0.4404 0.4404 0.4404 0.3010 0.3010 0.3010 0.3010 0.3010 0.3010 0.3010 0.2251 0.2251 0.2251 0.2251 0.2251 0.2251 0.2251 0.1876 72.8566 72.8566 47.5613 1.8138 
fb1 = -0.2321 -0.2550 -0.2550 -0.2550 -0.2550 -0.2550 -0.2550 -0.2550 -0.2654 -0.2654 -0.2654 -0.2654 -0.2654 -0.2654 -0.2654 -0.2757 -0.2757 -0.2757 -0.2757 -0.2757 -0.2757 -0.2757 -0.2846 0.0893 0.0893 0.0630 -0.1058 
fb2 = -0.2320 -0.2550 -0.2550 -0.2550 -0.2550 -0.2550 -0.2550 -0.2550 -0.2653 -0.2653 -0.2653 -0.2653 -0.2653 -0.2653 -0.2653 -0.2756 -0.2756 -0.2756 -0.2756 -0.2756 -0.2756 -0.2756 -0.2845 0.0907 0.0907 0.0640 -0.1058 
fb3 = -0.2320 -0.2550 -0.2550 -0.2550 -0.2550 -0.2550 -0.2550 -0.2550 -0.2653 -0.2653 -0.2653 -0.2653 -0.2653 -0.2653 -0.2653 -0.2756 -0.2756 -0.2756 -0.2756 -0.2756 -0.2756 -0.2756 -0.2845 0.0907 0.0907 0.0640 -0.1058 
fb4 = -0.2320 -0.2549 -0.2549 -0.2549 -0.2549 -0.2549 -0.2549 -0.2549 -0.2653 -0.2653 -0.2653 -0.2653 -0.2653 -0.2653 -0.2653 -0.2756 -0.2756 -0.2756 -0.2756 -0.2756 -0.2756 -0.2756 -0.2845 0.0921 0.0921 0.0649 -0.1057 
I = 14.9000 9.4000 9.4000 9.4000 9.4000 9.4000 9.4000 9.4000 6.0000 6.0000 6.0000 6.0000 6.0000 6.0000 6.0000 2.0000 2.0000 2.0000 2.0000 2.0000 2.0000 2.0000 -2.0000 24.8546 24.8546 10.0000 -3.1309 
S1 = 0.0000 0.0000 0.0000 0.0000 0.0000 0.0000 0.0000 0.0000 0.0000 0.0000 0.0000 0.0000 0.0000 0.0000 0.0000 0.0000 0.0000 0.0000 0.0000 0.0000 0.0000 0.0000 0.0000 0.0000 0.0000 0.0000 0.0000 
S2 = 0.0000 0.0000 0.0000 0.0000 0.0000 0.0000 0.0000 0.0000 0.0000 0.0000 0.0000 0.0000 0.0000 0.0000 0.0000 0.0000 0.0000 0.0000 0.0000 0.0000 0.0000 0.0000 0.0000 0.8546 0.8546 0.0000 7.8691 
u = 8.9400 8.8802 8.8802 8.8802 8.8802 8.8802 8.8802 8.8802 8.8492 8.8492 8.8492 8.8492 8.8492 8.8492 8.8492 8.8165 8.8165 8.8165 8.8165 8.8165 8.8165 8.8165 8.7868 10.2786 10.2786 10.9445 9.5137 
v = 31.4060 25.0796 25.0796 25.0796 25.0796 25.0796 25.0796 25.0796 22.1701 22.1701 22.1701 22.1701 22.1701 22.1701 22.1701 19.2712 19.2712 19.2712 19.2712 19.2712 19.2712 19.2712 16.7489 74.4224 74.4224 70.9499 21.1382 
