ExternalI = 5.5000 0.0000 0.0000 0.0000 0.0000 0.0000 0.0000 0.0000 4.0000 4.0000 4.0000 4.0000 4.0000 4.0000 4.0000 0.0000 0.0000 0.0000 0.0000 0.0000 0.0000 0.0000 0.0000 8.0000 8.0000 0.0000 0.0000 
before u = 8.9400 8.8802 8.8802 8.8802 8.8802 8.8802 8.8802 8.8802 8.8492 8.8492 8.8492 8.8492 8.8492 8.8492 8.8492 8.8165 8.8165 8.8165 8.8165 8.8165 8.8165 8.8165 8.7868 10.2786 10.2786 10.9445 9.5137 
before v = 31.4060 25.0796 25.0796 25.0796 25.0796 25.0796 25.0796 25.0796 22.1701 22.1701 22.1701 22.1701 22.1701 22.1701 22.1701 19.2712 19.2712 19.2712 19.2712 19.2712 19.2712 19.2712 16.7489 74.4224 74.4224 70.9499 21.1382 
Ibias = 9.4000 9.4000 9.4000 9.4000 9.4000 9.4000 9.4000 9.4000 2.0000 2.0000 2.0000 2.0000 2.0000 2.0000 2.0000 2.0000 2.0000 2.0000 2.0000 2.0000 2.0000 2.0000 -2.0000 16.0000 16.0000 10.0000 -11.0000 
fa1 = 1.1955 0.4404 0.4404 0.4404 0.4404 0.4404 0.4404 0.4404 0.3010 0.3010 0.3010 0.3010 0.3010 0.3010 0.3010 0.2251 0.2251 0.2251 0.2251 0.2251 0.2251 0.2251 0.1876 72.8548 72.8548 47.5613 1.7981 
fa2 = 1.1938 0.4395 0.4395 0.4395 0.4395 0.4395 0.4395 0.4395 0.3005 0.3005 0.3005 0.3005 0.3005 0.3005 0.3005 0.2248 0.2248 0.2248 0.2248 0.2248 0.2248 0.2248 0.1875 73.9356 73.9356 48.1996 1.7868 
fa3 = 1.1938 0.4395 0.4395 0.4395 0.4395 0.4395 0.4395 0.4395 0.3005 0.3005 0.3005 0.3005 0.3005 0.3005 0.3005 0.2248 0.2248 0.2248 0.2248 0.2248 0.2248 0.2248 0.1875 73.9517 73.9517 48.2082 1.7869 
fa4 = 1.1920 0.4386 0.4386 0.4386 0.4386 0.4386 0.4386 0.4386 0.3000 0.3000 0.3000 0.3000 0.3000 0.3000 0.3000 0.2246 0.2246 0.2246 0.2246 0.2246 0.2246 0.2246 0.1874 75.0601 75.0601 48.8600 1.7757 
fb1 = -0.2320 -0.2549 -0.2549 -0.2549 -0.2549 -0.2549 -0.2549 -0.2549 -0.2653 -0.2653 -0.2653 -0.2653 -0.2653 -0.2653 -0.2653 -0.2756 -0.2756 -0.2756 -0.2756 -0.2756 -0.2756 -0.2756 -0.2845 0.0921 0.0921 0.0649 -0.1057 
fb2 = -0.2319 -0.2548 -0.2548 -0.2548 -0.2548 -0.2548 -0.2548 -0.2548 -0.2652 -0.2652 -0.2652 -0.2652 -0.2652 -0.2652 -0.2652 -0.2755 -0.2755 -0.2755 -0.2755 -0.2755 -0.2755 -0.2755 -0.2844 0.0936 0.0936 0.0659 -0.1057 
fb3 = -0.2319 -0.2548 -0.2548 -0.2548 -0.2548 -0.2548 -0.2548 -0.2548 -0.2652 -0.2652 -0.2652 -0.2652 -0.2652 -0.2652 -0.2652 -0.2755 -0.2755 -0.2755 -0.2755 -0.2755 -0.2755 -0.2755 -0.2844 0.0936 0.0936 0.0659 -0.1057 
fb4 = -0.2318 -0.2548 -0.2548 -0.2548 -0.2548 -0.2548 -0.2548 -0.2548 -0.2652 -0.2652 -0.2652 -0.2652 -0.2652 -0.2652 -0.2652 -0.2755 -0.2755 -0.2755 -0.2755 -0.2755 -0.2755 -0.2755 -0.2844 0.0951 0.0951 0.0668 -0.1056 
I = 14.9000 9.4000 9.4000 9.4000 9.4000 9.4000 9.4000 9.4000 6.0000 6.0000 6.0000 6.0000 6.0000 6.0000 6.0000 2.0000 2.0000 2.0000 2.0000 2.0000 2.0000 2.0000 -2.0000 24.8529 24.8529 10.0000 -3.1466 
S1 = 0.0000 0.0000 0.0000 0.0000 0.0000 0.0000 0.0000 0.0000 0.0000 0.0000 0.0000 0.0000 0.0000 0.0000 0.0000 0.0000 0.0000 0.0000 0.0000 0.0000 0.0000 0.0000 0.0000 0.0000 0.0000 0.0000 0.0000 
S2 = 0.0000 0.0000 0.0000 0.0000 0.0000 0.0000 0.0000 0.0000 0.0000 0.0000 0.0000 0.0000 0.0000 0.0000 0.0000 0.0000 0.0000 0.0000 0.0000 0.0000 0.0000 0.0000 0.0000 0.8529 0.8529 0.0000 7.8534 
u = 8.9377 8.8777 8.8777 8.8777 8.8777 8.8777 8.8777 8.8777 8.8466 8.8466 8.8466 8.8466 8.8466 8.8466 8.8466 8.8138 8.8138 8.8138 8.8138 8.8138 8.8138 8.8138 8.7839 10.2795 10.2795 10.9451 9.5126 
v = 31.4179 25.0840 25.0840 25.0840 25.0840 25.0840 25.0840 25.0840 22.1731 22.1731 22.1731 22.1731 22.1731 22.1731 22.1731 19.2734 19.2734 19.2734 19.2734 19.2734 19.2734 19.2734 16.7507 75.1619 75.1619 71.4319 21.1560 
