ExternalI = 5.5000 0.0000 0.0000 0.0000 0.0000 0.0000 0.0000 0.0000 4.0000 4.0000 4.0000 4.0000 4.0000 4.0000 4.0000 0.0000 0.0000 0.0000 0.0000 0.0000 0.0000 0.0000 0.0000 8.0000 8.0000 0.0000 0.0000 
before u = 8.9377 8.8777 8.8777 8.8777 8.8777 8.8777 8.8777 8.8777 8.8466 8.8466 8.8466 8.8466 8.8466 8.8466 8.8466 8.8138 8.8138 8.8138 8.8138 8.8138 8.8138 8.8138 8.7839 10.2795 10.2795 10.9451 9.5126 
before v = 31.4179 25.0840 25.0840 25.0840 25.0840 25.0840 25.0840 25.0840 22.1731 22.1731 22.1731 22.1731 22.1731 22.1731 22.1731 19.2734 19.2734 19.2734 19.2734 19.2734 19.2734 19.2734 16.7507 75.1619 75.1619 71.4319 21.1560 
Ibias = 9.4000 9.4000 9.4000 9.4000 9.4000 9.4000 9.4000 9.4000 2.0000 2.0000 2.0000 2.0000 2.0000 2.0000 2.0000 2.0000 2.0000 2.0000 2.0000 2.0000 2.0000 2.0000 -2.0000 16.0000 16.0000 10.0000 -11.0000 
fa1 = 1.1920 0.4386 0.4386 0.4386 0.4386 0.4386 0.4386 0.4386 0.3000 0.3000 0.3000 0.3000 0.3000 0.3000 0.3000 0.2246 0.2246 0.2246 0.2246 0.2246 0.2246 0.2246 0.1874 75.0583 75.0583 48.8599 1.7600 
fa2 = 1.1903 0.4377 0.4377 0.4377 0.4377 0.4377 0.4377 0.4377 0.2995 0.2995 0.2995 0.2995 0.2995 0.2995 0.2995 0.2243 0.2243 0.2243 0.2243 0.2243 0.2243 0.2243 0.1872 76.1942 76.1942 49.5251 1.7491 
fa3 = 1.1903 0.4377 0.4377 0.4377 0.4377 0.4377 0.4377 0.4377 0.2995 0.2995 0.2995 0.2995 0.2995 0.2995 0.2995 0.2243 0.2243 0.2243 0.2243 0.2243 0.2243 0.2243 0.1872 76.2115 76.2115 49.5342 1.7491 
fa4 = 1.1885 0.4368 0.4368 0.4368 0.4368 0.4368 0.4368 0.4368 0.2990 0.2990 0.2990 0.2990 0.2990 0.2990 0.2990 0.2240 0.2240 0.2240 0.2240 0.2240 0.2240 0.2240 0.1871 77.3768 77.3768 50.2137 1.7382 
fb1 = -0.2318 -0.2548 -0.2548 -0.2548 -0.2548 -0.2548 -0.2548 -0.2548 -0.2652 -0.2652 -0.2652 -0.2652 -0.2652 -0.2652 -0.2652 -0.2755 -0.2755 -0.2755 -0.2755 -0.2755 -0.2755 -0.2755 -0.2844 0.0951 0.0951 0.0668 -0.1056 
fb2 = -0.2318 -0.2547 -0.2547 -0.2547 -0.2547 -0.2547 -0.2547 -0.2547 -0.2651 -0.2651 -0.2651 -0.2651 -0.2651 -0.2651 -0.2651 -0.2754 -0.2754 -0.2754 -0.2754 -0.2754 -0.2754 -0.2754 -0.2843 0.0965 0.0965 0.0678 -0.1056 
fb3 = -0.2318 -0.2547 -0.2547 -0.2547 -0.2547 -0.2547 -0.2547 -0.2547 -0.2651 -0.2651 -0.2651 -0.2651 -0.2651 -0.2651 -0.2651 -0.2754 -0.2754 -0.2754 -0.2754 -0.2754 -0.2754 -0.2754 -0.2843 0.0966 0.0966 0.0678 -0.1056 
fb4 = -0.2317 -0.2547 -0.2547 -0.2547 -0.2547 -0.2547 -0.2547 -0.2547 -0.2651 -0.2651 -0.2651 -0.2651 -0.2651 -0.2651 -0.2651 -0.2753 -0.2753 -0.2753 -0.2753 -0.2753 -0.2753 -0.2753 -0.2842 0.0981 0.0981 0.0688 -0.1055 
I = 14.9000 9.4000 9.4000 9.4000 9.4000 9.4000 9.4000 9.4000 6.0000 6.0000 6.0000 6.0000 6.0000 6.0000 6.0000 2.0000 2.0000 2.0000 2.0000 2.0000 2.0000 2.0000 -2.0000 24.8512 24.8512 10.0000 -3.1623 
S1 = 0.0000 0.0000 0.0000 0.0000 0.0000 0.0000 0.0000 0.0000 0.0000 0.0000 0.0000 0.0000 0.0000 0.0000 0.0000 0.0000 0.0000 0.0000 0.0000 0.0000 0.0000 0.0000 0.0000 0.0000 0.0000 0.0000 0.0000 
S2 = 0.0000 0.0000 0.0000 0.0000 0.0000 0.0000 0.0000 0.0000 0.0000 0.0000 0.0000 0.0000 0.0000 0.0000 0.0000 0.0000 0.0000 0.0000 0.0000 0.0000 0.0000 0.0000 0.0000 0.8512 0.8512 0.0000 7.8377 
u = 8.9353 8.8751 8.8751 8.8751 8.8751 8.8751 8.8751 8.8751 8.8439 8.8439 8.8439 8.8439 8.8439 8.8439 8.8439 8.8110 8.8110 8.8110 8.8110 8.8110 8.8110 8.8110 8.7811 10.2805 10.2805 10.9458 9.5116 
v = 31.4298 25.0884 25.0884 25.0884 25.0884 25.0884 25.0884 25.0884 22.1761 22.1761 22.1761 22.1761 22.1761 22.1761 22.1761 19.2757 19.2757 19.2757 19.2757 19.2757 19.2757 19.2757 16.7526 75.9239 75.9239 71.9273 21.1735 
