ExternalI = 5.5000 0.0000 0.0000 0.0000 0.0000 0.0000 0.0000 0.0000 4.0000 4.0000 4.0000 4.0000 4.0000 4.0000 4.0000 0.0000 0.0000 0.0000 0.0000 0.0000 0.0000 0.0000 0.0000 8.0000 8.0000 0.0000 0.0000 
before u = 8.9353 8.8751 8.8751 8.8751 8.8751 8.8751 8.8751 8.8751 8.8439 8.8439 8.8439 8.8439 8.8439 8.8439 8.8439 8.8110 8.8110 8.8110 8.8110 8.8110 8.8110 8.8110 8.7811 10.2805 10.2805 10.9458 9.5116 
before v = 31.4298 25.0884 25.0884 25.0884 25.0884 25.0884 25.0884 25.0884 22.1761 22.1761 22.1761 22.1761 22.1761 22.1761 22.1761 19.2757 19.2757 19.2757 19.2757 19.2757 19.2757 19.2757 16.7526 75.9239 75.9239 71.9273 21.1735 
Ibias = 9.4000 9.4000 9.4000 9.4000 9.4000 9.4000 9.4000 9.4000 2.0000 2.0000 2.0000 2.0000 2.0000 2.0000 2.0000 2.0000 2.0000 2.0000 2.0000 2.0000 2.0000 2.0000 -2.0000 16.0000 16.0000 10.0000 -11.0000 
fa1 = 1.1885 0.4368 0.4368 0.4368 0.4368 0.4368 0.4368 0.4368 0.2990 0.2990 0.2990 0.2990 0.2990 0.2990 0.2990 0.2240 0.2240 0.2240 0.2240 0.2240 0.2240 0.2240 0.1871 77.3750 77.3750 50.2136 1.7226 
fa2 = 1.1868 0.4359 0.4359 0.4359 0.4359 0.4359 0.4359 0.4359 0.2984 0.2984 0.2984 0.2984 0.2984 0.2984 0.2984 0.2238 0.2238 0.2238 0.2238 0.2238 0.2238 0.2238 0.1870 78.5697 78.5697 50.9073 1.7118 
fa3 = 1.1868 0.4359 0.4359 0.4359 0.4359 0.4359 0.4359 0.4359 0.2985 0.2985 0.2985 0.2985 0.2985 0.2985 0.2985 0.2238 0.2238 0.2238 0.2238 0.2238 0.2238 0.2238 0.1870 78.5882 78.5882 50.9169 1.7119 
fa4 = 1.1851 0.4350 0.4350 0.4350 0.4350 0.4350 0.4350 0.4350 0.2979 0.2979 0.2979 0.2979 0.2979 0.2979 0.2979 0.2235 0.2235 0.2235 0.2235 0.2235 0.2235 0.2235 0.1868 79.8144 79.8144 51.6256 1.7013 
fb1 = -0.2317 -0.2547 -0.2547 -0.2547 -0.2547 -0.2547 -0.2547 -0.2547 -0.2651 -0.2651 -0.2651 -0.2651 -0.2651 -0.2651 -0.2651 -0.2753 -0.2753 -0.2753 -0.2753 -0.2753 -0.2753 -0.2753 -0.2842 0.0981 0.0981 0.0688 -0.1055 
fb2 = -0.2316 -0.2546 -0.2546 -0.2546 -0.2546 -0.2546 -0.2546 -0.2546 -0.2650 -0.2650 -0.2650 -0.2650 -0.2650 -0.2650 -0.2650 -0.2753 -0.2753 -0.2753 -0.2753 -0.2753 -0.2753 -0.2753 -0.2842 0.0996 0.0996 0.0698 -0.1055 
fb3 = -0.2316 -0.2546 -0.2546 -0.2546 -0.2546 -0.2546 -0.2546 -0.2546 -0.2650 -0.2650 -0.2650 -0.2650 -0.2650 -0.2650 -0.2650 -0.2753 -0.2753 -0.2753 -0.2753 -0.2753 -0.2753 -0.2753 -0.2842 0.0996 0.0996 0.0698 -0.1055 
fb4 = -0.2316 -0.2545 -0.2545 -0.2545 -0.2545 -0.2545 -0.2545 -0.2545 -0.2649 -0.2649 -0.2649 -0.2649 -0.2649 -0.2649 -0.2649 -0.2752 -0.2752 -0.2752 -0.2752 -0.2752 -0.2752 -0.2752 -0.2841 0.1012 0.1012 0.0708 -0.1054 
I = 14.9000 9.4000 9.4000 9.4000 9.4000 9.4000 9.4000 9.4000 6.0000 6.0000 6.0000 6.0000 6.0000 6.0000 6.0000 2.0000 2.0000 2.0000 2.0000 2.0000 2.0000 2.0000 -2.0000 24.8495 24.8495 10.0000 -3.1780 
S1 = 0.0000 0.0000 0.0000 0.0000 0.0000 0.0000 0.0000 0.0000 0.0000 0.0000 0.0000 0.0000 0.0000 0.0000 0.0000 0.0000 0.0000 0.0000 0.0000 0.0000 0.0000 0.0000 0.0000 0.0000 0.0000 0.0000 0.0000 
S2 = 0.0000 0.0000 0.0000 0.0000 0.0000 0.0000 0.0000 0.0000 0.0000 0.0000 0.0000 0.0000 0.0000 0.0000 0.0000 0.0000 0.0000 0.0000 0.0000 0.0000 0.0000 0.0000 0.0000 0.8495 0.8495 0.0000 7.8220 
u = 8.9330 8.8726 8.8726 8.8726 8.8726 8.8726 8.8726 8.8726 8.8413 8.8413 8.8413 8.8413 8.8413 8.8413 8.8413 8.8082 8.8082 8.8082 8.8082 8.8082 8.8082 8.8082 8.7783 10.2815 10.2815 10.9465 9.5105 
v = 31.4417 25.0927 25.0927 25.0927 25.0927 25.0927 25.0927 25.0927 22.1791 22.1791 22.1791 22.1791 22.1791 22.1791 22.1791 19.2779 19.2779 19.2779 19.2779 19.2779 19.2779 19.2779 16.7545 76.7098 76.7098 72.4364 21.1907 
