ExternalI = 5.5000 0.0000 0.0000 0.0000 0.0000 0.0000 0.0000 0.0000 4.0000 4.0000 4.0000 4.0000 4.0000 4.0000 4.0000 0.0000 0.0000 0.0000 0.0000 0.0000 0.0000 0.0000 0.0000 8.0000 8.0000 0.0000 0.0000 
before u = 8.9330 8.8726 8.8726 8.8726 8.8726 8.8726 8.8726 8.8726 8.8413 8.8413 8.8413 8.8413 8.8413 8.8413 8.8413 8.8082 8.8082 8.8082 8.8082 8.8082 8.8082 8.8082 8.7783 10.2815 10.2815 10.9465 9.5105 
before v = 31.4417 25.0927 25.0927 25.0927 25.0927 25.0927 25.0927 25.0927 22.1791 22.1791 22.1791 22.1791 22.1791 22.1791 22.1791 19.2779 19.2779 19.2779 19.2779 19.2779 19.2779 19.2779 16.7545 76.7098 76.7098 72.4364 21.1907 
Ibias = 9.4000 9.4000 9.4000 9.4000 9.4000 9.4000 9.4000 9.4000 2.0000 2.0000 2.0000 2.0000 2.0000 2.0000 2.0000 2.0000 2.0000 2.0000 2.0000 2.0000 2.0000 2.0000 -2.0000 16.0000 16.0000 10.0000 -11.0000 
fa1 = 1.1851 0.4350 0.4350 0.4350 0.4350 0.4350 0.4350 0.4350 0.2979 0.2979 0.2979 0.2979 0.2979 0.2979 0.2979 0.2235 0.2235 0.2235 0.2235 0.2235 0.2235 0.2235 0.1868 79.8126 79.8126 51.6256 1.6856 
fa2 = 1.1834 0.4341 0.4341 0.4341 0.4341 0.4341 0.4341 0.4341 0.2974 0.2974 0.2974 0.2974 0.2974 0.2974 0.2974 0.2233 0.2233 0.2233 0.2233 0.2233 0.2233 0.2233 0.1867 81.0702 81.0702 52.3493 1.6752 
fa3 = 1.1834 0.4342 0.4342 0.4342 0.4342 0.4342 0.4342 0.4342 0.2974 0.2974 0.2974 0.2974 0.2974 0.2974 0.2974 0.2233 0.2233 0.2233 0.2233 0.2233 0.2233 0.2233 0.1867 81.0901 81.0901 52.3595 1.6752 
fa4 = 1.1817 0.4333 0.4333 0.4333 0.4333 0.4333 0.4333 0.4333 0.2970 0.2970 0.2970 0.2970 0.2970 0.2970 0.2970 0.2230 0.2230 0.2230 0.2230 0.2230 0.2230 0.2230 0.1866 82.3815 82.3815 53.0992 1.6648 
fb1 = -0.2316 -0.2545 -0.2545 -0.2545 -0.2545 -0.2545 -0.2545 -0.2545 -0.2649 -0.2649 -0.2649 -0.2649 -0.2649 -0.2649 -0.2649 -0.2752 -0.2752 -0.2752 -0.2752 -0.2752 -0.2752 -0.2752 -0.2841 0.1012 0.1012 0.0708 -0.1054 
fb2 = -0.2315 -0.2545 -0.2545 -0.2545 -0.2545 -0.2545 -0.2545 -0.2545 -0.2649 -0.2649 -0.2649 -0.2649 -0.2649 -0.2649 -0.2649 -0.2752 -0.2752 -0.2752 -0.2752 -0.2752 -0.2752 -0.2752 -0.2841 0.1028 0.1028 0.0718 -0.1054 
fb3 = -0.2315 -0.2545 -0.2545 -0.2545 -0.2545 -0.2545 -0.2545 -0.2545 -0.2649 -0.2649 -0.2649 -0.2649 -0.2649 -0.2649 -0.2649 -0.2752 -0.2752 -0.2752 -0.2752 -0.2752 -0.2752 -0.2752 -0.2841 0.1028 0.1028 0.0719 -0.1054 
fb4 = -0.2314 -0.2544 -0.2544 -0.2544 -0.2544 -0.2544 -0.2544 -0.2544 -0.2648 -0.2648 -0.2648 -0.2648 -0.2648 -0.2648 -0.2648 -0.2751 -0.2751 -0.2751 -0.2751 -0.2751 -0.2751 -0.2751 -0.2840 0.1044 0.1044 0.0729 -0.1054 
I = 14.9000 9.4000 9.4000 9.4000 9.4000 9.4000 9.4000 9.4000 6.0000 6.0000 6.0000 6.0000 6.0000 6.0000 6.0000 2.0000 2.0000 2.0000 2.0000 2.0000 2.0000 2.0000 -2.0000 24.8478 24.8478 10.0000 -3.1936 
S1 = 0.0000 0.0000 0.0000 0.0000 0.0000 0.0000 0.0000 0.0000 0.0000 0.0000 0.0000 0.0000 0.0000 0.0000 0.0000 0.0000 0.0000 0.0000 0.0000 0.0000 0.0000 0.0000 0.0000 0.0000 0.0000 0.0000 0.0000 
S2 = 0.0000 0.0000 0.0000 0.0000 0.0000 0.0000 0.0000 0.0000 0.0000 0.0000 0.0000 0.0000 0.0000 0.0000 0.0000 0.0000 0.0000 0.0000 0.0000 0.0000 0.0000 0.0000 0.0000 0.8478 0.8478 0.0000 7.8064 
u = 8.9307 8.8701 8.8701 8.8701 8.8701 8.8701 8.8701 8.8701 8.8386 8.8386 8.8386 8.8386 8.8386 8.8386 8.8386 8.8055 8.8055 8.8055 8.8055 8.8055 8.8055 8.8055 8.7754 10.2825 10.2825 10.9472 9.5095 
v = 31.4535 25.0971 25.0971 25.0971 25.0971 25.0971 25.0971 25.0971 22.1821 22.1821 22.1821 22.1821 22.1821 22.1821 22.1821 19.2802 19.2802 19.2802 19.2802 19.2802 19.2802 19.2802 16.7563 77.5206 77.5206 72.9600 21.2074 
