ExternalI = 5.5000 0.0000 0.0000 0.0000 0.0000 0.0000 0.0000 0.0000 4.0000 4.0000 4.0000 4.0000 4.0000 4.0000 4.0000 0.0000 0.0000 0.0000 0.0000 0.0000 0.0000 0.0000 0.0000 8.0000 8.0000 0.0000 0.0000 
before u = 8.9307 8.8701 8.8701 8.8701 8.8701 8.8701 8.8701 8.8701 8.8386 8.8386 8.8386 8.8386 8.8386 8.8386 8.8386 8.8055 8.8055 8.8055 8.8055 8.8055 8.8055 8.8055 8.7754 10.2825 10.2825 10.9472 9.5095 
before v = 31.4535 25.0971 25.0971 25.0971 25.0971 25.0971 25.0971 25.0971 22.1821 22.1821 22.1821 22.1821 22.1821 22.1821 22.1821 19.2802 19.2802 19.2802 19.2802 19.2802 19.2802 19.2802 16.7563 77.5206 77.5206 72.9600 21.2074 
Ibias = 9.4000 9.4000 9.4000 9.4000 9.4000 9.4000 9.4000 9.4000 2.0000 2.0000 2.0000 2.0000 2.0000 2.0000 2.0000 2.0000 2.0000 2.0000 2.0000 2.0000 2.0000 2.0000 -2.0000 16.0000 16.0000 10.0000 -11.0000 
fa1 = 1.1817 0.4333 0.4333 0.4333 0.4333 0.4333 0.4333 0.4333 0.2970 0.2970 0.2970 0.2970 0.2970 0.2970 0.2970 0.2230 0.2230 0.2230 0.2230 0.2230 0.2230 0.2230 0.1866 82.3796 82.3796 53.0991 1.6492 
fa2 = 1.1800 0.4324 0.4324 0.4324 0.4324 0.4324 0.4324 0.4324 0.2965 0.2965 0.2965 0.2965 0.2965 0.2965 0.2965 0.2228 0.2228 0.2228 0.2228 0.2228 0.2228 0.2228 0.1864 83.7046 83.7046 53.8548 1.6390 
fa3 = 1.1800 0.4324 0.4324 0.4324 0.4324 0.4324 0.4324 0.4324 0.2965 0.2965 0.2965 0.2965 0.2965 0.2965 0.2965 0.2228 0.2228 0.2228 0.2228 0.2228 0.2228 0.2228 0.1864 83.7261 83.7261 53.8656 1.6391 
fa4 = 1.1783 0.4315 0.4315 0.4315 0.4315 0.4315 0.4315 0.4315 0.2960 0.2960 0.2960 0.2960 0.2960 0.2960 0.2960 0.2225 0.2225 0.2225 0.2225 0.2225 0.2225 0.2225 0.1863 85.0872 85.0872 54.6381 1.6289 
fb1 = -0.2314 -0.2544 -0.2544 -0.2544 -0.2544 -0.2544 -0.2544 -0.2544 -0.2648 -0.2648 -0.2648 -0.2648 -0.2648 -0.2648 -0.2648 -0.2751 -0.2751 -0.2751 -0.2751 -0.2751 -0.2751 -0.2751 -0.2840 0.1044 0.1044 0.0729 -0.1054 
fb2 = -0.2313 -0.2544 -0.2544 -0.2544 -0.2544 -0.2544 -0.2544 -0.2544 -0.2648 -0.2648 -0.2648 -0.2648 -0.2648 -0.2648 -0.2648 -0.2750 -0.2750 -0.2750 -0.2750 -0.2750 -0.2750 -0.2750 -0.2839 0.1061 0.1061 0.0739 -0.1053 
fb3 = -0.2313 -0.2544 -0.2544 -0.2544 -0.2544 -0.2544 -0.2544 -0.2544 -0.2648 -0.2648 -0.2648 -0.2648 -0.2648 -0.2648 -0.2648 -0.2750 -0.2750 -0.2750 -0.2750 -0.2750 -0.2750 -0.2750 -0.2839 0.1061 0.1061 0.0740 -0.1053 
fb4 = -0.2313 -0.2543 -0.2543 -0.2543 -0.2543 -0.2543 -0.2543 -0.2543 -0.2647 -0.2647 -0.2647 -0.2647 -0.2647 -0.2647 -0.2647 -0.2750 -0.2750 -0.2750 -0.2750 -0.2750 -0.2750 -0.2750 -0.2839 0.1078 0.1078 0.0750 -0.1053 
I = 14.9000 9.4000 9.4000 9.4000 9.4000 9.4000 9.4000 9.4000 6.0000 6.0000 6.0000 6.0000 6.0000 6.0000 6.0000 2.0000 2.0000 2.0000 2.0000 2.0000 2.0000 2.0000 -2.0000 24.8461 24.8461 10.0000 -3.2093 
S1 = 0.0000 0.0000 0.0000 0.0000 0.0000 0.0000 0.0000 0.0000 0.0000 0.0000 0.0000 0.0000 0.0000 0.0000 0.0000 0.0000 0.0000 0.0000 0.0000 0.0000 0.0000 0.0000 0.0000 0.0000 0.0000 0.0000 0.0000 
S2 = 0.0000 0.0000 0.0000 0.0000 0.0000 0.0000 0.0000 0.0000 0.0000 0.0000 0.0000 0.0000 0.0000 0.0000 0.0000 0.0000 0.0000 0.0000 0.0000 0.0000 0.0000 0.0000 0.0000 0.8461 0.8461 0.0000 7.7907 
u = 8.9284 8.8675 8.8675 8.8675 8.8675 8.8675 8.8675 8.8675 8.8360 8.8360 8.8360 8.8360 8.8360 8.8360 8.8360 8.8027 8.8027 8.8027 8.8027 8.8027 8.8027 8.8027 8.7726 10.2836 10.2836 10.9480 9.5084 
v = 31.4653 25.1014 25.1014 25.1014 25.1014 25.1014 25.1014 25.1014 22.1850 22.1850 22.1850 22.1850 22.1850 22.1850 22.1850 19.2824 19.2824 19.2824 19.2824 19.2824 19.2824 19.2824 16.7582 78.3578 78.3578 73.4986 21.2238 
