ExternalI = 5.5000 0.0000 0.0000 0.0000 0.0000 0.0000 0.0000 0.0000 4.0000 4.0000 4.0000 4.0000 4.0000 4.0000 4.0000 0.0000 0.0000 0.0000 0.0000 0.0000 0.0000 0.0000 0.0000 8.0000 8.0000 0.0000 0.0000 
before u = 8.9284 8.8675 8.8675 8.8675 8.8675 8.8675 8.8675 8.8675 8.8360 8.8360 8.8360 8.8360 8.8360 8.8360 8.8360 8.8027 8.8027 8.8027 8.8027 8.8027 8.8027 8.8027 8.7726 10.2836 10.2836 10.9480 9.5084 
before v = 31.4653 25.1014 25.1014 25.1014 25.1014 25.1014 25.1014 25.1014 22.1850 22.1850 22.1850 22.1850 22.1850 22.1850 22.1850 19.2824 19.2824 19.2824 19.2824 19.2824 19.2824 19.2824 16.7582 78.3578 78.3578 73.4986 21.2238 
Ibias = 9.4000 9.4000 9.4000 9.4000 9.4000 9.4000 9.4000 9.4000 2.0000 2.0000 2.0000 2.0000 2.0000 2.0000 2.0000 2.0000 2.0000 2.0000 2.0000 2.0000 2.0000 2.0000 -2.0000 16.0000 16.0000 10.0000 -11.0000 
fa1 = 1.1783 0.4315 0.4315 0.4315 0.4315 0.4315 0.4315 0.4315 0.2960 0.2960 0.2960 0.2960 0.2960 0.2960 0.2960 0.2225 0.2225 0.2225 0.2225 0.2225 0.2225 0.2225 0.1863 85.0854 85.0854 54.6380 1.6133 
fa2 = 1.1766 0.4307 0.4307 0.4307 0.4307 0.4307 0.4307 0.4307 0.2955 0.2955 0.2955 0.2955 0.2955 0.2955 0.2955 0.2223 0.2223 0.2223 0.2223 0.2223 0.2223 0.2223 0.1862 86.4826 86.4826 55.4274 1.6034 
fa3 = 1.1766 0.4307 0.4307 0.4307 0.4307 0.4307 0.4307 0.4307 0.2955 0.2955 0.2955 0.2955 0.2955 0.2955 0.2955 0.2223 0.2223 0.2223 0.2223 0.2223 0.2223 0.2223 0.1862 86.5057 86.5057 55.4388 1.6034 
fa4 = 1.1749 0.4298 0.4298 0.4298 0.4298 0.4298 0.4298 0.4298 0.2950 0.2950 0.2950 0.2950 0.2950 0.2950 0.2950 0.2220 0.2220 0.2220 0.2220 0.2220 0.2220 0.2220 0.1861 87.9418 87.9418 56.2461 1.5935 
fb1 = -0.2313 -0.2543 -0.2543 -0.2543 -0.2543 -0.2543 -0.2543 -0.2543 -0.2647 -0.2647 -0.2647 -0.2647 -0.2647 -0.2647 -0.2647 -0.2750 -0.2750 -0.2750 -0.2750 -0.2750 -0.2750 -0.2750 -0.2839 0.1078 0.1078 0.0750 -0.1053 
fb2 = -0.2312 -0.2542 -0.2542 -0.2542 -0.2542 -0.2542 -0.2542 -0.2542 -0.2646 -0.2646 -0.2646 -0.2646 -0.2646 -0.2646 -0.2646 -0.2749 -0.2749 -0.2749 -0.2749 -0.2749 -0.2749 -0.2749 -0.2838 0.1095 0.1095 0.0761 -0.1052 
fb3 = -0.2312 -0.2542 -0.2542 -0.2542 -0.2542 -0.2542 -0.2542 -0.2542 -0.2646 -0.2646 -0.2646 -0.2646 -0.2646 -0.2646 -0.2646 -0.2749 -0.2749 -0.2749 -0.2749 -0.2749 -0.2749 -0.2749 -0.2838 0.1095 0.1095 0.0761 -0.1052 
fb4 = -0.2311 -0.2542 -0.2542 -0.2542 -0.2542 -0.2542 -0.2542 -0.2542 -0.2646 -0.2646 -0.2646 -0.2646 -0.2646 -0.2646 -0.2646 -0.2749 -0.2749 -0.2749 -0.2749 -0.2749 -0.2749 -0.2749 -0.2837 0.1112 0.1112 0.0772 -0.1052 
I = 14.9000 9.4000 9.4000 9.4000 9.4000 9.4000 9.4000 9.4000 6.0000 6.0000 6.0000 6.0000 6.0000 6.0000 6.0000 2.0000 2.0000 2.0000 2.0000 2.0000 2.0000 2.0000 -2.0000 24.8444 24.8444 10.0000 -3.2248 
S1 = 0.0000 0.0000 0.0000 0.0000 0.0000 0.0000 0.0000 0.0000 0.0000 0.0000 0.0000 0.0000 0.0000 0.0000 0.0000 0.0000 0.0000 0.0000 0.0000 0.0000 0.0000 0.0000 0.0000 0.0000 0.0000 0.0000 0.0000 
S2 = 0.0000 0.0000 0.0000 0.0000 0.0000 0.0000 0.0000 0.0000 0.0000 0.0000 0.0000 0.0000 0.0000 0.0000 0.0000 0.0000 0.0000 0.0000 0.0000 0.0000 0.0000 0.0000 0.0000 0.8444 0.8444 0.0000 7.7752 
u = 8.9261 8.8650 8.8650 8.8650 8.8650 8.8650 8.8650 8.8650 8.8333 8.8333 8.8333 8.8333 8.8333 8.8333 8.8333 8.8000 8.8000 8.8000 8.8000 8.8000 8.8000 8.8000 8.7697 10.2847 10.2847 10.9487 9.5074 
v = 31.4771 25.1057 25.1057 25.1057 25.1057 25.1057 25.1057 25.1057 22.1880 22.1880 22.1880 22.1880 22.1880 22.1880 22.1880 19.2846 19.2846 19.2846 19.2846 19.2846 19.2846 19.2846 16.7601 79.2229 79.2229 74.0530 21.2398 
