ExternalI = 5.5000 0.0000 0.0000 0.0000 0.0000 0.0000 0.0000 0.0000 4.0000 4.0000 4.0000 4.0000 4.0000 4.0000 4.0000 0.0000 0.0000 0.0000 0.0000 0.0000 0.0000 0.0000 0.0000 8.0000 8.0000 0.0000 0.0000 
before u = 8.9261 8.8650 8.8650 8.8650 8.8650 8.8650 8.8650 8.8650 8.8333 8.8333 8.8333 8.8333 8.8333 8.8333 8.8333 8.8000 8.8000 8.8000 8.8000 8.8000 8.8000 8.8000 8.7697 10.2847 10.2847 10.9487 9.5074 
before v = 31.4771 25.1057 25.1057 25.1057 25.1057 25.1057 25.1057 25.1057 22.1880 22.1880 22.1880 22.1880 22.1880 22.1880 22.1880 19.2846 19.2846 19.2846 19.2846 19.2846 19.2846 19.2846 16.7601 79.2229 79.2229 74.0530 21.2398 
Ibias = 9.4000 9.4000 9.4000 9.4000 9.4000 9.4000 9.4000 9.4000 2.0000 2.0000 2.0000 2.0000 2.0000 2.0000 2.0000 2.0000 2.0000 2.0000 2.0000 2.0000 2.0000 2.0000 -2.0000 16.0000 16.0000 10.0000 -11.0000 
fa1 = 1.1749 0.4298 0.4298 0.4298 0.4298 0.4298 0.4298 0.4298 0.2950 0.2950 0.2950 0.2950 0.2950 0.2950 0.2950 0.2220 0.2220 0.2220 0.2220 0.2220 0.2220 0.2220 0.1861 87.9399 87.9399 56.2460 1.5780 
fa2 = 1.1733 0.4289 0.4289 0.4289 0.4289 0.4289 0.4289 0.4289 0.2945 0.2945 0.2945 0.2945 0.2945 0.2945 0.2945 0.2218 0.2218 0.2218 0.2218 0.2218 0.2218 0.2218 0.1859 89.4147 89.4147 57.0712 1.5682 
fa3 = 1.1733 0.4289 0.4289 0.4289 0.4289 0.4289 0.4289 0.4289 0.2945 0.2945 0.2945 0.2945 0.2945 0.2945 0.2945 0.2218 0.2218 0.2218 0.2218 0.2218 0.2218 0.2218 0.1859 89.4396 89.4396 57.0833 1.5683 
fa4 = 1.1716 0.4281 0.4281 0.4281 0.4281 0.4281 0.4281 0.4281 0.2940 0.2940 0.2940 0.2940 0.2940 0.2940 0.2940 0.2216 0.2216 0.2216 0.2216 0.2216 0.2216 0.2216 0.1858 90.9561 90.9561 57.9275 1.5586 
fb1 = -0.2311 -0.2542 -0.2542 -0.2542 -0.2542 -0.2542 -0.2542 -0.2542 -0.2646 -0.2646 -0.2646 -0.2646 -0.2646 -0.2646 -0.2646 -0.2749 -0.2749 -0.2749 -0.2749 -0.2749 -0.2749 -0.2749 -0.2837 0.1112 0.1112 0.0772 -0.1052 
fb2 = -0.2311 -0.2541 -0.2541 -0.2541 -0.2541 -0.2541 -0.2541 -0.2541 -0.2645 -0.2645 -0.2645 -0.2645 -0.2645 -0.2645 -0.2645 -0.2748 -0.2748 -0.2748 -0.2748 -0.2748 -0.2748 -0.2748 -0.2837 0.1129 0.1129 0.0784 -0.1051 
fb3 = -0.2311 -0.2541 -0.2541 -0.2541 -0.2541 -0.2541 -0.2541 -0.2541 -0.2645 -0.2645 -0.2645 -0.2645 -0.2645 -0.2645 -0.2645 -0.2748 -0.2748 -0.2748 -0.2748 -0.2748 -0.2748 -0.2748 -0.2837 0.1130 0.1130 0.0784 -0.1051 
fb4 = -0.2310 -0.2541 -0.2541 -0.2541 -0.2541 -0.2541 -0.2541 -0.2541 -0.2645 -0.2645 -0.2645 -0.2645 -0.2645 -0.2645 -0.2645 -0.2747 -0.2747 -0.2747 -0.2747 -0.2747 -0.2747 -0.2747 -0.2836 0.1148 0.1148 0.0795 -0.1051 
I = 14.9000 9.4000 9.4000 9.4000 9.4000 9.4000 9.4000 9.4000 6.0000 6.0000 6.0000 6.0000 6.0000 6.0000 6.0000 2.0000 2.0000 2.0000 2.0000 2.0000 2.0000 2.0000 -2.0000 24.8427 24.8427 10.0000 -3.2404 
S1 = 0.0000 0.0000 0.0000 0.0000 0.0000 0.0000 0.0000 0.0000 0.0000 0.0000 0.0000 0.0000 0.0000 0.0000 0.0000 0.0000 0.0000 0.0000 0.0000 0.0000 0.0000 0.0000 0.0000 0.0000 0.0000 0.0000 0.0000 
S2 = 0.0000 0.0000 0.0000 0.0000 0.0000 0.0000 0.0000 0.0000 0.0000 0.0000 0.0000 0.0000 0.0000 0.0000 0.0000 0.0000 0.0000 0.0000 0.0000 0.0000 0.0000 0.0000 0.0000 0.8427 0.8427 0.0000 7.7596 
u = 8.9238 8.8624 8.8624 8.8624 8.8624 8.8624 8.8624 8.8624 8.8307 8.8307 8.8307 8.8307 8.8307 8.8307 8.8307 8.7972 8.7972 8.7972 8.7972 8.7972 8.7972 8.7972 8.7669 10.2858 10.2858 10.9495 9.5063 
v = 31.4888 25.1100 25.1100 25.1100 25.1100 25.1100 25.1100 25.1100 22.1909 22.1909 22.1909 22.1909 22.1909 22.1909 22.1909 19.2868 19.2868 19.2868 19.2868 19.2868 19.2868 19.2868 16.7619 80.1172 80.1172 74.6238 21.2555 
