ExternalI = 5.5000 0.0000 0.0000 0.0000 0.0000 0.0000 0.0000 0.0000 4.0000 4.0000 4.0000 4.0000 4.0000 4.0000 4.0000 0.0000 0.0000 0.0000 0.0000 0.0000 0.0000 0.0000 0.0000 8.0000 8.0000 0.0000 0.0000 
before u = 8.9238 8.8624 8.8624 8.8624 8.8624 8.8624 8.8624 8.8624 8.8307 8.8307 8.8307 8.8307 8.8307 8.8307 8.8307 8.7972 8.7972 8.7972 8.7972 8.7972 8.7972 8.7972 8.7669 10.2858 10.2858 10.9495 9.5063 
before v = 31.4888 25.1100 25.1100 25.1100 25.1100 25.1100 25.1100 25.1100 22.1909 22.1909 22.1909 22.1909 22.1909 22.1909 22.1909 19.2868 19.2868 19.2868 19.2868 19.2868 19.2868 19.2868 16.7619 80.1172 80.1172 74.6238 21.2555 
Ibias = 9.4000 9.4000 9.4000 9.4000 9.4000 9.4000 9.4000 9.4000 2.0000 2.0000 2.0000 2.0000 2.0000 2.0000 2.0000 2.0000 2.0000 2.0000 2.0000 2.0000 2.0000 2.0000 -2.0000 16.0000 16.0000 10.0000 -11.0000 
fa1 = 1.1716 0.4281 0.4281 0.4281 0.4281 0.4281 0.4281 0.4281 0.2940 0.2940 0.2940 0.2940 0.2940 0.2940 0.2940 0.2216 0.2216 0.2216 0.2216 0.2216 0.2216 0.2216 0.1858 90.9542 90.9542 57.9274 1.5431 
fa2 = 1.1699 0.4272 0.4272 0.4272 0.4272 0.4272 0.4272 0.4272 0.2936 0.2936 0.2936 0.2936 0.2936 0.2936 0.2936 0.2213 0.2213 0.2213 0.2213 0.2213 0.2213 0.2213 0.1857 92.5124 92.5124 58.7906 1.5336 
fa3 = 1.1699 0.4272 0.4272 0.4272 0.4272 0.4272 0.4272 0.4272 0.2936 0.2936 0.2936 0.2936 0.2936 0.2936 0.2936 0.2213 0.2213 0.2213 0.2213 0.2213 0.2213 0.2213 0.1857 92.5393 92.5393 58.8035 1.5337 
fa4 = 1.1683 0.4264 0.4264 0.4264 0.4264 0.4264 0.4264 0.4264 0.2931 0.2931 0.2931 0.2931 0.2931 0.2931 0.2931 0.2211 0.2211 0.2211 0.2211 0.2211 0.2211 0.2211 0.1856 94.1423 94.1423 59.6869 1.5242 
fb1 = -0.2310 -0.2541 -0.2541 -0.2541 -0.2541 -0.2541 -0.2541 -0.2541 -0.2645 -0.2645 -0.2645 -0.2645 -0.2645 -0.2645 -0.2645 -0.2747 -0.2747 -0.2747 -0.2747 -0.2747 -0.2747 -0.2747 -0.2836 0.1148 0.1148 0.0795 -0.1051 
fb2 = -0.2309 -0.2540 -0.2540 -0.2540 -0.2540 -0.2540 -0.2540 -0.2540 -0.2644 -0.2644 -0.2644 -0.2644 -0.2644 -0.2644 -0.2644 -0.2747 -0.2747 -0.2747 -0.2747 -0.2747 -0.2747 -0.2747 -0.2836 0.1166 0.1166 0.0807 -0.1051 
fb3 = -0.2309 -0.2540 -0.2540 -0.2540 -0.2540 -0.2540 -0.2540 -0.2540 -0.2644 -0.2644 -0.2644 -0.2644 -0.2644 -0.2644 -0.2644 -0.2747 -0.2747 -0.2747 -0.2747 -0.2747 -0.2747 -0.2747 -0.2836 0.1166 0.1166 0.0807 -0.1051 
fb4 = -0.2309 -0.2539 -0.2539 -0.2539 -0.2539 -0.2539 -0.2539 -0.2539 -0.2643 -0.2643 -0.2643 -0.2643 -0.2643 -0.2643 -0.2643 -0.2746 -0.2746 -0.2746 -0.2746 -0.2746 -0.2746 -0.2746 -0.2835 0.1184 0.1184 0.0818 -0.1050 
I = 14.9000 9.4000 9.4000 9.4000 9.4000 9.4000 9.4000 9.4000 6.0000 6.0000 6.0000 6.0000 6.0000 6.0000 6.0000 2.0000 2.0000 2.0000 2.0000 2.0000 2.0000 2.0000 -2.0000 24.8410 24.8410 10.0000 -3.2559 
S1 = 0.0000 0.0000 0.0000 0.0000 0.0000 0.0000 0.0000 0.0000 0.0000 0.0000 0.0000 0.0000 0.0000 0.0000 0.0000 0.0000 0.0000 0.0000 0.0000 0.0000 0.0000 0.0000 0.0000 0.0000 0.0000 0.0000 0.0000 
S2 = 0.0000 0.0000 0.0000 0.0000 0.0000 0.0000 0.0000 0.0000 0.0000 0.0000 0.0000 0.0000 0.0000 0.0000 0.0000 0.0000 0.0000 0.0000 0.0000 0.0000 0.0000 0.0000 0.0000 0.8410 0.8410 0.0000 7.7441 
u = 8.9215 8.8599 8.8599 8.8599 8.8599 8.8599 8.8599 8.8599 8.8280 8.8280 8.8280 8.8280 8.8280 8.8280 8.8280 8.7945 8.7945 8.7945 8.7945 8.7945 8.7945 8.7945 8.7641 10.2870 10.2870 10.9503 9.5053 
v = 31.5005 25.1142 25.1142 25.1142 25.1142 25.1142 25.1142 25.1142 22.1939 22.1939 22.1939 22.1939 22.1939 22.1939 22.1939 19.2890 19.2890 19.2890 19.2890 19.2890 19.2890 19.2890 16.7638 81.0425 81.0425 75.2118 21.2709 
