ExternalI = 5.5000 0.0000 0.0000 0.0000 0.0000 0.0000 0.0000 0.0000 4.0000 4.0000 4.0000 4.0000 4.0000 4.0000 4.0000 0.0000 0.0000 0.0000 0.0000 0.0000 0.0000 0.0000 0.0000 8.0000 8.0000 0.0000 0.0000 
before u = 8.9215 8.8599 8.8599 8.8599 8.8599 8.8599 8.8599 8.8599 8.8280 8.8280 8.8280 8.8280 8.8280 8.8280 8.8280 8.7945 8.7945 8.7945 8.7945 8.7945 8.7945 8.7945 8.7641 10.2870 10.2870 10.9503 9.5053 
before v = 31.5005 25.1142 25.1142 25.1142 25.1142 25.1142 25.1142 25.1142 22.1939 22.1939 22.1939 22.1939 22.1939 22.1939 22.1939 19.2890 19.2890 19.2890 19.2890 19.2890 19.2890 19.2890 16.7638 81.0425 81.0425 75.2118 21.2709 
Ibias = 9.4000 9.4000 9.4000 9.4000 9.4000 9.4000 9.4000 9.4000 2.0000 2.0000 2.0000 2.0000 2.0000 2.0000 2.0000 2.0000 2.0000 2.0000 2.0000 2.0000 2.0000 2.0000 -2.0000 16.0000 16.0000 10.0000 -11.0000 
fa1 = 1.1683 0.4264 0.4264 0.4264 0.4264 0.4264 0.4264 0.4264 0.2931 0.2931 0.2931 0.2931 0.2931 0.2931 0.2931 0.2211 0.2211 0.2211 0.2211 0.2211 0.2211 0.2211 0.1856 94.1405 94.1405 59.6868 1.5088 
fa2 = 1.1666 0.4255 0.4255 0.4255 0.4255 0.4255 0.4255 0.4255 0.2926 0.2926 0.2926 0.2926 0.2926 0.2926 0.2926 0.2208 0.2208 0.2208 0.2208 0.2208 0.2208 0.2208 0.1854 95.7884 95.7884 60.5903 1.4995 
fa3 = 1.1666 0.4256 0.4256 0.4256 0.4256 0.4256 0.4256 0.4256 0.2926 0.2926 0.2926 0.2926 0.2926 0.2926 0.2926 0.2208 0.2208 0.2208 0.2208 0.2208 0.2208 0.2208 0.1854 95.8174 95.8174 60.6040 1.4995 
fa4 = 1.1650 0.4247 0.4247 0.4247 0.4247 0.4247 0.4247 0.4247 0.2921 0.2921 0.2921 0.2921 0.2921 0.2921 0.2921 0.2206 0.2206 0.2206 0.2206 0.2206 0.2206 0.2206 0.1853 97.5137 97.5137 61.5290 1.4903 
fb1 = -0.2309 -0.2539 -0.2539 -0.2539 -0.2539 -0.2539 -0.2539 -0.2539 -0.2643 -0.2643 -0.2643 -0.2643 -0.2643 -0.2643 -0.2643 -0.2746 -0.2746 -0.2746 -0.2746 -0.2746 -0.2746 -0.2746 -0.2835 0.1184 0.1184 0.0818 -0.1050 
fb2 = -0.2308 -0.2539 -0.2539 -0.2539 -0.2539 -0.2539 -0.2539 -0.2539 -0.2643 -0.2643 -0.2643 -0.2643 -0.2643 -0.2643 -0.2643 -0.2746 -0.2746 -0.2746 -0.2746 -0.2746 -0.2746 -0.2746 -0.2834 0.1203 0.1203 0.0830 -0.1050 
fb3 = -0.2308 -0.2539 -0.2539 -0.2539 -0.2539 -0.2539 -0.2539 -0.2539 -0.2643 -0.2643 -0.2643 -0.2643 -0.2643 -0.2643 -0.2643 -0.2746 -0.2746 -0.2746 -0.2746 -0.2746 -0.2746 -0.2746 -0.2834 0.1203 0.1203 0.0830 -0.1050 
fb4 = -0.2307 -0.2538 -0.2538 -0.2538 -0.2538 -0.2538 -0.2538 -0.2538 -0.2642 -0.2642 -0.2642 -0.2642 -0.2642 -0.2642 -0.2642 -0.2745 -0.2745 -0.2745 -0.2745 -0.2745 -0.2745 -0.2745 -0.2834 0.1222 0.1222 0.0842 -0.1049 
I = 14.9000 9.4000 9.4000 9.4000 9.4000 9.4000 9.4000 9.4000 6.0000 6.0000 6.0000 6.0000 6.0000 6.0000 6.0000 2.0000 2.0000 2.0000 2.0000 2.0000 2.0000 2.0000 -2.0000 24.8393 24.8393 10.0000 -3.2714 
S1 = 0.0000 0.0000 0.0000 0.0000 0.0000 0.0000 0.0000 0.0000 0.0000 0.0000 0.0000 0.0000 0.0000 0.0000 0.0000 0.0000 0.0000 0.0000 0.0000 0.0000 0.0000 0.0000 0.0000 0.0000 0.0000 0.0000 0.0000 
S2 = 0.0000 0.0000 0.0000 0.0000 0.0000 0.0000 0.0000 0.0000 0.0000 0.0000 0.0000 0.0000 0.0000 0.0000 0.0000 0.0000 0.0000 0.0000 0.0000 0.0000 0.0000 0.0000 0.0000 0.8393 0.8393 0.0000 7.7286 
u = 8.9192 8.8573 8.8573 8.8573 8.8573 8.8573 8.8573 8.8573 8.8254 8.8254 8.8254 8.8254 8.8254 8.8254 8.8254 8.7918 8.7918 8.7918 8.7918 8.7918 8.7918 8.7918 8.7612 10.2882 10.2882 10.9512 9.5042 
v = 31.5122 25.1185 25.1185 25.1185 25.1185 25.1185 25.1185 25.1185 22.1968 22.1968 22.1968 22.1968 22.1968 22.1968 22.1968 19.2912 19.2912 19.2912 19.2912 19.2912 19.2912 19.2912 16.7656 82.0006 82.0006 75.8178 21.2858 
