ExternalI = 5.5000 0.0000 0.0000 0.0000 0.0000 0.0000 0.0000 0.0000 4.0000 4.0000 4.0000 4.0000 4.0000 4.0000 4.0000 0.0000 0.0000 0.0000 0.0000 0.0000 0.0000 0.0000 0.0000 8.0000 8.0000 0.0000 0.0000 
before u = 8.9192 8.8573 8.8573 8.8573 8.8573 8.8573 8.8573 8.8573 8.8254 8.8254 8.8254 8.8254 8.8254 8.8254 8.8254 8.7918 8.7918 8.7918 8.7918 8.7918 8.7918 8.7918 8.7612 10.2882 10.2882 10.9512 9.5042 
before v = 31.5122 25.1185 25.1185 25.1185 25.1185 25.1185 25.1185 25.1185 22.1968 22.1968 22.1968 22.1968 22.1968 22.1968 22.1968 19.2912 19.2912 19.2912 19.2912 19.2912 19.2912 19.2912 16.7656 82.0006 82.0006 75.8178 21.2858 
Ibias = 9.4000 9.4000 9.4000 9.4000 9.4000 9.4000 9.4000 9.4000 2.0000 2.0000 2.0000 2.0000 2.0000 2.0000 2.0000 2.0000 2.0000 2.0000 2.0000 2.0000 2.0000 2.0000 -2.0000 16.0000 16.0000 10.0000 -11.0000 
fa1 = 1.1650 0.4247 0.4247 0.4247 0.4247 0.4247 0.4247 0.4247 0.2921 0.2921 0.2921 0.2921 0.2921 0.2921 0.2921 0.2206 0.2206 0.2206 0.2206 0.2206 0.2206 0.2206 0.1853 97.5118 97.5118 61.5289 1.4749 
fa2 = 1.1634 0.4239 0.4239 0.4239 0.4239 0.4239 0.4239 0.4239 0.2917 0.2917 0.2917 0.2917 0.2917 0.2917 0.2917 0.2204 0.2204 0.2204 0.2204 0.2204 0.2204 0.2204 0.1852 99.2564 99.2564 62.4754 1.4658 
fa3 = 1.1634 0.4239 0.4239 0.4239 0.4239 0.4239 0.4239 0.4239 0.2917 0.2917 0.2917 0.2917 0.2917 0.2917 0.2917 0.2204 0.2204 0.2204 0.2204 0.2204 0.2204 0.2204 0.1852 99.2878 99.2878 62.4900 1.4659 
fa4 = 1.1617 0.4231 0.4231 0.4231 0.4231 0.4231 0.4231 0.4231 0.2912 0.2912 0.2912 0.2912 0.2912 0.2912 0.2912 0.2201 0.2201 0.2201 0.2201 0.2201 0.2201 0.2201 0.1851 101.0847 101.0847 63.4593 1.4569 
fb1 = -0.2307 -0.2538 -0.2538 -0.2538 -0.2538 -0.2538 -0.2538 -0.2538 -0.2642 -0.2642 -0.2642 -0.2642 -0.2642 -0.2642 -0.2642 -0.2745 -0.2745 -0.2745 -0.2745 -0.2745 -0.2745 -0.2745 -0.2834 0.1222 0.1222 0.0842 -0.1049 
fb2 = -0.2306 -0.2538 -0.2538 -0.2538 -0.2538 -0.2538 -0.2538 -0.2538 -0.2642 -0.2642 -0.2642 -0.2642 -0.2642 -0.2642 -0.2642 -0.2744 -0.2744 -0.2744 -0.2744 -0.2744 -0.2744 -0.2744 -0.2833 0.1242 0.1242 0.0855 -0.1049 
fb3 = -0.2306 -0.2538 -0.2538 -0.2538 -0.2538 -0.2538 -0.2538 -0.2538 -0.2642 -0.2642 -0.2642 -0.2642 -0.2642 -0.2642 -0.2642 -0.2744 -0.2744 -0.2744 -0.2744 -0.2744 -0.2744 -0.2744 -0.2833 0.1242 0.1242 0.0855 -0.1049 
fb4 = -0.2306 -0.2537 -0.2537 -0.2537 -0.2537 -0.2537 -0.2537 -0.2537 -0.2641 -0.2641 -0.2641 -0.2641 -0.2641 -0.2641 -0.2641 -0.2744 -0.2744 -0.2744 -0.2744 -0.2744 -0.2744 -0.2744 -0.2833 0.1262 0.1262 0.0867 -0.1049 
I = 14.9000 9.4000 9.4000 9.4000 9.4000 9.4000 9.4000 9.4000 6.0000 6.0000 6.0000 6.0000 6.0000 6.0000 6.0000 2.0000 2.0000 2.0000 2.0000 2.0000 2.0000 2.0000 -2.0000 24.8377 24.8377 10.0000 -3.2869 
S1 = 0.0000 0.0000 0.0000 0.0000 0.0000 0.0000 0.0000 0.0000 0.0000 0.0000 0.0000 0.0000 0.0000 0.0000 0.0000 0.0000 0.0000 0.0000 0.0000 0.0000 0.0000 0.0000 0.0000 0.0000 0.0000 0.0000 0.0000 
S2 = 0.0000 0.0000 0.0000 0.0000 0.0000 0.0000 0.0000 0.0000 0.0000 0.0000 0.0000 0.0000 0.0000 0.0000 0.0000 0.0000 0.0000 0.0000 0.0000 0.0000 0.0000 0.0000 0.0000 0.8377 0.8377 0.0000 7.7131 
u = 8.9168 8.8548 8.8548 8.8548 8.8548 8.8548 8.8548 8.8548 8.8228 8.8228 8.8228 8.8228 8.8228 8.8228 8.8228 8.7890 8.7890 8.7890 8.7890 8.7890 8.7890 8.7890 8.7584 10.2894 10.2894 10.9520 9.5032 
v = 31.5238 25.1227 25.1227 25.1227 25.1227 25.1227 25.1227 25.1227 22.1997 22.1997 22.1997 22.1997 22.1997 22.1997 22.1997 19.2934 19.2934 19.2934 19.2934 19.2934 19.2934 19.2934 16.7675 82.9934 82.9934 76.4426 21.3005 
