ExternalI = 5.5000 0.0000 0.0000 0.0000 0.0000 0.0000 0.0000 0.0000 4.0000 4.0000 4.0000 4.0000 4.0000 4.0000 4.0000 0.0000 0.0000 0.0000 0.0000 0.0000 0.0000 0.0000 0.0000 8.0000 8.0000 0.0000 0.0000 
before u = 8.9168 8.8548 8.8548 8.8548 8.8548 8.8548 8.8548 8.8548 8.8228 8.8228 8.8228 8.8228 8.8228 8.8228 8.8228 8.7890 8.7890 8.7890 8.7890 8.7890 8.7890 8.7890 8.7584 10.2894 10.2894 10.9520 9.5032 
before v = 31.5238 25.1227 25.1227 25.1227 25.1227 25.1227 25.1227 25.1227 22.1997 22.1997 22.1997 22.1997 22.1997 22.1997 22.1997 19.2934 19.2934 19.2934 19.2934 19.2934 19.2934 19.2934 16.7675 82.9934 82.9934 76.4426 21.3005 
Ibias = 9.4000 9.4000 9.4000 9.4000 9.4000 9.4000 9.4000 9.4000 2.0000 2.0000 2.0000 2.0000 2.0000 2.0000 2.0000 2.0000 2.0000 2.0000 2.0000 2.0000 2.0000 2.0000 -2.0000 16.0000 16.0000 10.0000 -11.0000 
fa1 = 1.1617 0.4231 0.4231 0.4231 0.4231 0.4231 0.4231 0.4231 0.2912 0.2912 0.2912 0.2912 0.2912 0.2912 0.2912 0.2201 0.2201 0.2201 0.2201 0.2201 0.2201 0.2201 0.1851 101.0827 101.0827 63.4592 1.4415 
fa2 = 1.1601 0.4222 0.4222 0.4222 0.4222 0.4222 0.4222 0.4222 0.2907 0.2907 0.2907 0.2907 0.2907 0.2907 0.2907 0.2199 0.2199 0.2199 0.2199 0.2199 0.2199 0.2199 0.1850 102.9318 102.9318 64.4513 1.4327 
fa3 = 1.1601 0.4222 0.4222 0.4222 0.4222 0.4222 0.4222 0.4222 0.2908 0.2908 0.2908 0.2908 0.2908 0.2908 0.2908 0.2199 0.2199 0.2199 0.2199 0.2199 0.2199 0.2199 0.1850 102.9658 102.9658 64.4668 1.4327 
fa4 = 1.1585 0.4214 0.4214 0.4214 0.4214 0.4214 0.4214 0.4214 0.2903 0.2903 0.2903 0.2903 0.2903 0.2903 0.2903 0.2197 0.2197 0.2197 0.2197 0.2197 0.2197 0.2197 0.1849 104.8713 104.8713 65.4833 1.4240 
fb1 = -0.2306 -0.2537 -0.2537 -0.2537 -0.2537 -0.2537 -0.2537 -0.2537 -0.2641 -0.2641 -0.2641 -0.2641 -0.2641 -0.2641 -0.2641 -0.2744 -0.2744 -0.2744 -0.2744 -0.2744 -0.2744 -0.2744 -0.2833 0.1262 0.1262 0.0867 -0.1049 
fb2 = -0.2305 -0.2536 -0.2536 -0.2536 -0.2536 -0.2536 -0.2536 -0.2536 -0.2641 -0.2641 -0.2641 -0.2641 -0.2641 -0.2641 -0.2641 -0.2743 -0.2743 -0.2743 -0.2743 -0.2743 -0.2743 -0.2743 -0.2832 0.1282 0.1282 0.0880 -0.1048 
fb3 = -0.2305 -0.2536 -0.2536 -0.2536 -0.2536 -0.2536 -0.2536 -0.2536 -0.2641 -0.2641 -0.2641 -0.2641 -0.2641 -0.2641 -0.2641 -0.2743 -0.2743 -0.2743 -0.2743 -0.2743 -0.2743 -0.2743 -0.2832 0.1282 0.1282 0.0880 -0.1048 
fb4 = -0.2304 -0.2536 -0.2536 -0.2536 -0.2536 -0.2536 -0.2536 -0.2536 -0.2640 -0.2640 -0.2640 -0.2640 -0.2640 -0.2640 -0.2640 -0.2743 -0.2743 -0.2743 -0.2743 -0.2743 -0.2743 -0.2743 -0.2831 0.1303 0.1303 0.0893 -0.1048 
I = 14.9000 9.4000 9.4000 9.4000 9.4000 9.4000 9.4000 9.4000 6.0000 6.0000 6.0000 6.0000 6.0000 6.0000 6.0000 2.0000 2.0000 2.0000 2.0000 2.0000 2.0000 2.0000 -2.0000 24.8360 24.8360 10.0000 -3.3023 
S1 = 0.0000 0.0000 0.0000 0.0000 0.0000 0.0000 0.0000 0.0000 0.0000 0.0000 0.0000 0.0000 0.0000 0.0000 0.0000 0.0000 0.0000 0.0000 0.0000 0.0000 0.0000 0.0000 0.0000 0.0000 0.0000 0.0000 0.0000 
S2 = 0.0000 0.0000 0.0000 0.0000 0.0000 0.0000 0.0000 0.0000 0.0000 0.0000 0.0000 0.0000 0.0000 0.0000 0.0000 0.0000 0.0000 0.0000 0.0000 0.0000 0.0000 0.0000 0.0000 0.8360 0.8360 0.0000 7.6977 
u = 8.9145 8.8523 8.8523 8.8523 8.8523 8.8523 8.8523 8.8523 8.8201 8.8201 8.8201 8.8201 8.8201 8.8201 8.8201 8.7863 8.7863 8.7863 8.7863 8.7863 8.7863 8.7863 8.7556 10.2907 10.2907 10.9529 9.5021 
v = 31.5354 25.1270 25.1270 25.1270 25.1270 25.1270 25.1270 25.1270 22.2026 22.2026 22.2026 22.2026 22.2026 22.2026 22.2026 19.2956 19.2956 19.2956 19.2956 19.2956 19.2956 19.2956 16.7693 84.0230 84.0230 77.0873 21.3148 
