ExternalI = 5.5000 0.0000 0.0000 0.0000 0.0000 0.0000 0.0000 0.0000 4.0000 4.0000 4.0000 4.0000 4.0000 4.0000 4.0000 0.0000 0.0000 0.0000 0.0000 0.0000 0.0000 0.0000 0.0000 8.0000 8.0000 0.0000 0.0000 
before u = 9.9893 9.9892 9.9892 9.9892 9.9892 9.9892 9.9892 9.9892 9.9892 9.9892 9.9892 9.9892 9.9892 9.9892 9.9892 9.9892 9.9892 9.9892 9.9892 9.9892 9.9892 9.9892 9.9892 9.9953 9.9953 10.0025 9.9952 
before v = 10.8394 10.6797 10.6797 10.6797 10.6797 10.6797 10.6797 10.6797 10.5809 10.5809 10.5809 10.5809 10.5809 10.5809 10.5809 10.4647 10.4647 10.4647 10.4647 10.4647 10.4647 10.4647 10.3486 11.3944 11.3944 71.4360 10.3775 
Ibias = 9.4000 9.4000 9.4000 9.4000 9.4000 9.4000 9.4000 9.4000 2.0000 2.0000 2.0000 2.0000 2.0000 2.0000 2.0000 2.0000 2.0000 2.0000 2.0000 2.0000 2.0000 2.0000 -2.0000 16.0000 16.0000 10.0000 -11.0000 
fa1 = 27.0921 21.9339 21.9339 21.9339 21.9339 21.9339 21.9339 21.9339 18.7462 18.7462 18.7462 18.7462 18.7462 18.7462 18.7462 14.9970 14.9970 14.9970 14.9970 14.9970 14.9970 14.9970 11.2487 45.0149 45.0149 49.8137 12.1799 
fa2 = 26.8057 21.7009 21.7009 21.7009 21.7009 21.7009 21.7009 21.7009 18.5465 18.5465 18.5465 18.5465 18.5465 18.5465 18.5465 14.8368 14.8368 14.8368 14.8368 14.8368 14.8368 14.8368 11.1285 44.5476 44.5476 50.4919 12.0487 
fa3 = 26.8088 21.7034 21.7034 21.7034 21.7034 21.7034 21.7034 21.7034 18.5487 18.5487 18.5487 18.5487 18.5487 18.5487 18.5487 14.8385 14.8385 14.8385 14.8385 14.8385 14.8385 14.8385 11.1298 44.5525 44.5525 50.5012 12.0501 
fa4 = 26.5268 21.4737 21.4737 21.4737 21.4737 21.4737 21.4737 21.4737 18.3517 18.3517 18.3517 18.3517 18.3517 18.3517 18.3517 14.6805 14.6805 14.6805 14.6805 14.6805 14.6805 14.6805 11.0111 44.0939 44.0939 51.1941 11.9206 
fb1 = -0.3562 -0.3569 -0.3569 -0.3569 -0.3569 -0.3569 -0.3569 -0.3569 -0.3572 -0.3572 -0.3572 -0.3572 -0.3572 -0.3572 -0.3572 -0.3577 -0.3577 -0.3577 -0.3577 -0.3577 -0.3577 -0.3577 -0.3582 -0.1543 -0.1543 0.0857 -0.1584 
fb2 = -0.3556 -0.3563 -0.3563 -0.3563 -0.3563 -0.3563 -0.3563 -0.3563 -0.3568 -0.3568 -0.3568 -0.3568 -0.3568 -0.3568 -0.3568 -0.3573 -0.3573 -0.3573 -0.3573 -0.3573 -0.3573 -0.3573 -0.3579 -0.1534 -0.1534 0.0867 -0.1581 
fb3 = -0.3556 -0.3563 -0.3563 -0.3563 -0.3563 -0.3563 -0.3563 -0.3563 -0.3568 -0.3568 -0.3568 -0.3568 -0.3568 -0.3568 -0.3568 -0.3573 -0.3573 -0.3573 -0.3573 -0.3573 -0.3573 -0.3573 -0.3579 -0.1534 -0.1534 0.0867 -0.1581 
fb4 = -0.3550 -0.3558 -0.3558 -0.3558 -0.3558 -0.3558 -0.3558 -0.3558 -0.3564 -0.3564 -0.3564 -0.3564 -0.3564 -0.3564 -0.3564 -0.3570 -0.3570 -0.3570 -0.3570 -0.3570 -0.3570 -0.3570 -0.3576 -0.1525 -0.1525 0.0877 -0.1579 
I = 14.9000 9.4000 9.4000 9.4000 9.4000 9.4000 9.4000 9.4000 6.0000 6.0000 6.0000 6.0000 6.0000 6.0000 6.0000 2.0000 2.0000 2.0000 2.0000 2.0000 2.0000 2.0000 -2.0000 24.0000 24.0000 10.0000 -11.0000 
S1 = 0.0000 0.0000 0.0000 0.0000 0.0000 0.0000 0.0000 0.0000 0.0000 0.0000 0.0000 0.0000 0.0000 0.0000 0.0000 0.0000 0.0000 0.0000 0.0000 0.0000 0.0000 0.0000 0.0000 0.0000 0.0000 0.0000 0.0000 
S2 = 0.0000 0.0000 0.0000 0.0000 0.0000 0.0000 0.0000 0.0000 0.0000 0.0000 0.0000 0.0000 0.0000 0.0000 0.0000 0.0000 0.0000 0.0000 0.0000 0.0000 0.0000 0.0000 0.0000 0.0000 0.0000 0.0000 0.0000 
u = 9.9857 9.9857 9.9857 9.9857 9.9857 9.9857 9.9857 9.9857 9.9857 9.9857 9.9857 9.9857 9.9857 9.9857 9.9857 9.9857 9.9857 9.9857 9.9857 9.9857 9.9857 9.9857 9.9856 9.9938 9.9938 10.0034 9.9936 
v = 11.1075 10.8967 10.8967 10.8967 10.8967 10.8967 10.8967 10.8967 10.7664 10.7664 10.7664 10.7664 10.7664 10.7664 10.7664 10.6131 10.6131 10.6131 10.6131 10.6131 10.6131 10.6131 10.4599 11.8399 11.8399 71.9410 10.4980 
