ExternalI = 5.5000 0.0000 0.0000 0.0000 0.0000 0.0000 0.0000 0.0000 4.0000 4.0000 4.0000 4.0000 4.0000 4.0000 4.0000 0.0000 0.0000 0.0000 0.0000 0.0000 0.0000 0.0000 0.0000 8.0000 8.0000 0.0000 0.0000 
before u = 8.9145 8.8523 8.8523 8.8523 8.8523 8.8523 8.8523 8.8523 8.8201 8.8201 8.8201 8.8201 8.8201 8.8201 8.8201 8.7863 8.7863 8.7863 8.7863 8.7863 8.7863 8.7863 8.7556 10.2907 10.2907 10.9529 9.5021 
before v = 31.5354 25.1270 25.1270 25.1270 25.1270 25.1270 25.1270 25.1270 22.2026 22.2026 22.2026 22.2026 22.2026 22.2026 22.2026 19.2956 19.2956 19.2956 19.2956 19.2956 19.2956 19.2956 16.7693 84.0230 84.0230 77.0873 21.3148 
Ibias = 9.4000 9.4000 9.4000 9.4000 9.4000 9.4000 9.4000 9.4000 2.0000 2.0000 2.0000 2.0000 2.0000 2.0000 2.0000 2.0000 2.0000 2.0000 2.0000 2.0000 2.0000 2.0000 -2.0000 16.0000 16.0000 10.0000 -11.0000 
fa1 = 1.1585 0.4214 0.4214 0.4214 0.4214 0.4214 0.4214 0.4214 0.2903 0.2903 0.2903 0.2903 0.2903 0.2903 0.2903 0.2197 0.2197 0.2197 0.2197 0.2197 0.2197 0.2197 0.1849 104.8693 104.8693 65.4832 1.4086 
fa2 = 1.1569 0.4206 0.4206 0.4206 0.4206 0.4206 0.4206 0.4206 0.2898 0.2898 0.2898 0.2898 0.2898 0.2898 0.2898 0.2194 0.2194 0.2194 0.2194 0.2194 0.2194 0.2194 0.1847 106.8312 106.8312 66.5240 1.4000 
fa3 = 1.1569 0.4206 0.4206 0.4206 0.4206 0.4206 0.4206 0.4206 0.2898 0.2898 0.2898 0.2898 0.2898 0.2898 0.2898 0.2195 0.2195 0.2195 0.2195 0.2195 0.2195 0.2195 0.1847 106.8681 106.8681 66.5406 1.4001 
fa4 = 1.1553 0.4198 0.4198 0.4198 0.4198 0.4198 0.4198 0.4198 0.2894 0.2894 0.2894 0.2894 0.2894 0.2894 0.2894 0.2192 0.2192 0.2192 0.2192 0.2192 0.2192 0.2192 0.1846 108.8911 108.8911 67.6073 1.3915 
fb1 = -0.2304 -0.2536 -0.2536 -0.2536 -0.2536 -0.2536 -0.2536 -0.2536 -0.2640 -0.2640 -0.2640 -0.2640 -0.2640 -0.2640 -0.2640 -0.2743 -0.2743 -0.2743 -0.2743 -0.2743 -0.2743 -0.2743 -0.2831 0.1303 0.1303 0.0893 -0.1048 
fb2 = -0.2304 -0.2535 -0.2535 -0.2535 -0.2535 -0.2535 -0.2535 -0.2535 -0.2639 -0.2639 -0.2639 -0.2639 -0.2639 -0.2639 -0.2639 -0.2742 -0.2742 -0.2742 -0.2742 -0.2742 -0.2742 -0.2742 -0.2831 0.1324 0.1324 0.0906 -0.1047 
fb3 = -0.2304 -0.2535 -0.2535 -0.2535 -0.2535 -0.2535 -0.2535 -0.2535 -0.2639 -0.2639 -0.2639 -0.2639 -0.2639 -0.2639 -0.2639 -0.2742 -0.2742 -0.2742 -0.2742 -0.2742 -0.2742 -0.2742 -0.2831 0.1324 0.1324 0.0906 -0.1047 
fb4 = -0.2303 -0.2535 -0.2535 -0.2535 -0.2535 -0.2535 -0.2535 -0.2535 -0.2639 -0.2639 -0.2639 -0.2639 -0.2639 -0.2639 -0.2639 -0.2741 -0.2741 -0.2741 -0.2741 -0.2741 -0.2741 -0.2741 -0.2830 0.1345 0.1345 0.0919 -0.1047 
I = 14.9000 9.4000 9.4000 9.4000 9.4000 9.4000 9.4000 9.4000 6.0000 6.0000 6.0000 6.0000 6.0000 6.0000 6.0000 2.0000 2.0000 2.0000 2.0000 2.0000 2.0000 2.0000 -2.0000 24.8343 24.8343 10.0000 -3.3177 
S1 = 0.0000 0.0000 0.0000 0.0000 0.0000 0.0000 0.0000 0.0000 0.0000 0.0000 0.0000 0.0000 0.0000 0.0000 0.0000 0.0000 0.0000 0.0000 0.0000 0.0000 0.0000 0.0000 0.0000 0.0000 0.0000 0.0000 0.0000 
S2 = 0.0000 0.0000 0.0000 0.0000 0.0000 0.0000 0.0000 0.0000 0.0000 0.0000 0.0000 0.0000 0.0000 0.0000 0.0000 0.0000 0.0000 0.0000 0.0000 0.0000 0.0000 0.0000 0.0000 0.8343 0.8343 0.0000 7.6823 
u = 8.9122 8.8497 8.8497 8.8497 8.8497 8.8497 8.8497 8.8497 8.8175 8.8175 8.8175 8.8175 8.8175 8.8175 8.8175 8.7835 8.7835 8.7835 8.7835 8.7835 8.7835 8.7835 8.7527 10.2920 10.2920 10.9538 9.5011 
v = 31.5470 25.1312 25.1312 25.1312 25.1312 25.1312 25.1312 25.1312 22.2055 22.2055 22.2055 22.2055 22.2055 22.2055 22.2055 19.2978 19.2978 19.2978 19.2978 19.2978 19.2978 19.2978 16.7712 85.0916 85.0916 77.7526 21.3288 
