ExternalI = 5.5000 0.0000 0.0000 0.0000 0.0000 0.0000 0.0000 0.0000 4.0000 4.0000 4.0000 4.0000 4.0000 4.0000 4.0000 0.0000 0.0000 0.0000 0.0000 0.0000 0.0000 0.0000 0.0000 8.0000 8.0000 0.0000 0.0000 
before u = 8.9122 8.8497 8.8497 8.8497 8.8497 8.8497 8.8497 8.8497 8.8175 8.8175 8.8175 8.8175 8.8175 8.8175 8.8175 8.7835 8.7835 8.7835 8.7835 8.7835 8.7835 8.7835 8.7527 10.2920 10.2920 10.9538 9.5011 
before v = 31.5470 25.1312 25.1312 25.1312 25.1312 25.1312 25.1312 25.1312 22.2055 22.2055 22.2055 22.2055 22.2055 22.2055 22.2055 19.2978 19.2978 19.2978 19.2978 19.2978 19.2978 19.2978 16.7712 85.0916 85.0916 77.7526 21.3288 
Ibias = 9.4000 9.4000 9.4000 9.4000 9.4000 9.4000 9.4000 9.4000 2.0000 2.0000 2.0000 2.0000 2.0000 2.0000 2.0000 2.0000 2.0000 2.0000 2.0000 2.0000 2.0000 2.0000 -2.0000 16.0000 16.0000 10.0000 -11.0000 
fa1 = 1.1553 0.4198 0.4198 0.4198 0.4198 0.4198 0.4198 0.4198 0.2894 0.2894 0.2894 0.2894 0.2894 0.2894 0.2894 0.2192 0.2192 0.2192 0.2192 0.2192 0.2192 0.2192 0.1846 108.8892 108.8892 67.6072 1.3762 
fa2 = 1.1537 0.4190 0.4190 0.4190 0.4190 0.4190 0.4190 0.4190 0.2889 0.2889 0.2889 0.2889 0.2889 0.2889 0.2889 0.2190 0.2190 0.2190 0.2190 0.2190 0.2190 0.2190 0.1845 110.9732 110.9732 68.6999 1.3678 
fa3 = 1.1537 0.4190 0.4190 0.4190 0.4190 0.4190 0.4190 0.4190 0.2889 0.2889 0.2889 0.2889 0.2889 0.2889 0.2889 0.2190 0.2190 0.2190 0.2190 0.2190 0.2190 0.2190 0.1845 111.0133 111.0133 68.7176 1.3678 
fa4 = 1.1521 0.4182 0.4182 0.4182 0.4182 0.4182 0.4182 0.4182 0.2885 0.2885 0.2885 0.2885 0.2885 0.2885 0.2885 0.2188 0.2188 0.2188 0.2188 0.2188 0.2188 0.2188 0.1844 113.1637 113.1637 69.8380 1.3595 
fb1 = -0.2303 -0.2535 -0.2535 -0.2535 -0.2535 -0.2535 -0.2535 -0.2535 -0.2639 -0.2639 -0.2639 -0.2639 -0.2639 -0.2639 -0.2639 -0.2741 -0.2741 -0.2741 -0.2741 -0.2741 -0.2741 -0.2741 -0.2830 0.1345 0.1345 0.0919 -0.1047 
fb2 = -0.2302 -0.2534 -0.2534 -0.2534 -0.2534 -0.2534 -0.2534 -0.2534 -0.2638 -0.2638 -0.2638 -0.2638 -0.2638 -0.2638 -0.2638 -0.2741 -0.2741 -0.2741 -0.2741 -0.2741 -0.2741 -0.2741 -0.2830 0.1367 0.1367 0.0933 -0.1047 
fb3 = -0.2302 -0.2534 -0.2534 -0.2534 -0.2534 -0.2534 -0.2534 -0.2534 -0.2638 -0.2638 -0.2638 -0.2638 -0.2638 -0.2638 -0.2638 -0.2741 -0.2741 -0.2741 -0.2741 -0.2741 -0.2741 -0.2741 -0.2830 0.1367 0.1367 0.0933 -0.1047 
fb4 = -0.2302 -0.2533 -0.2533 -0.2533 -0.2533 -0.2533 -0.2533 -0.2533 -0.2638 -0.2638 -0.2638 -0.2638 -0.2638 -0.2638 -0.2638 -0.2740 -0.2740 -0.2740 -0.2740 -0.2740 -0.2740 -0.2740 -0.2829 0.1389 0.1389 0.0947 -0.1046 
I = 14.9000 9.4000 9.4000 9.4000 9.4000 9.4000 9.4000 9.4000 6.0000 6.0000 6.0000 6.0000 6.0000 6.0000 6.0000 2.0000 2.0000 2.0000 2.0000 2.0000 2.0000 2.0000 -2.0000 24.8327 24.8327 10.0000 -3.3330 
S1 = 0.0000 0.0000 0.0000 0.0000 0.0000 0.0000 0.0000 0.0000 0.0000 0.0000 0.0000 0.0000 0.0000 0.0000 0.0000 0.0000 0.0000 0.0000 0.0000 0.0000 0.0000 0.0000 0.0000 0.0000 0.0000 0.0000 0.0000 
S2 = 0.0000 0.0000 0.0000 0.0000 0.0000 0.0000 0.0000 0.0000 0.0000 0.0000 0.0000 0.0000 0.0000 0.0000 0.0000 0.0000 0.0000 0.0000 0.0000 0.0000 0.0000 0.0000 0.0000 0.8327 0.8327 0.0000 7.6670 
u = 8.9099 8.8472 8.8472 8.8472 8.8472 8.8472 8.8472 8.8472 8.8148 8.8148 8.8148 8.8148 8.8148 8.8148 8.8148 8.7808 8.7808 8.7808 8.7808 8.7808 8.7808 8.7808 8.7499 10.2934 10.2934 10.9547 9.5000 
v = 31.5585 25.1354 25.1354 25.1354 25.1354 25.1354 25.1354 25.1354 22.2084 22.2084 22.2084 22.2084 22.2084 22.2084 22.2084 19.3000 19.3000 19.3000 19.3000 19.3000 19.3000 19.3000 16.7730 86.2017 86.2017 78.4398 21.3425 
