ExternalI = 5.5000 0.0000 0.0000 0.0000 0.0000 0.0000 0.0000 0.0000 4.0000 4.0000 4.0000 4.0000 4.0000 4.0000 4.0000 0.0000 0.0000 0.0000 0.0000 0.0000 0.0000 0.0000 0.0000 8.0000 8.0000 0.0000 0.0000 
before u = 8.9099 8.8472 8.8472 8.8472 8.8472 8.8472 8.8472 8.8472 8.8148 8.8148 8.8148 8.8148 8.8148 8.8148 8.8148 8.7808 8.7808 8.7808 8.7808 8.7808 8.7808 8.7808 8.7499 10.2934 10.2934 10.9547 9.5000 
before v = 31.5585 25.1354 25.1354 25.1354 25.1354 25.1354 25.1354 25.1354 22.2084 22.2084 22.2084 22.2084 22.2084 22.2084 22.2084 19.3000 19.3000 19.3000 19.3000 19.3000 19.3000 19.3000 16.7730 86.2017 86.2017 78.4398 21.3425 
Ibias = 9.4000 9.4000 9.4000 9.4000 9.4000 9.4000 9.4000 9.4000 2.0000 2.0000 2.0000 2.0000 2.0000 2.0000 2.0000 2.0000 2.0000 2.0000 2.0000 2.0000 2.0000 2.0000 -2.0000 16.0000 16.0000 10.0000 -11.0000 
fa1 = 1.1521 0.4182 0.4182 0.4182 0.4182 0.4182 0.4182 0.4182 0.2885 0.2885 0.2885 0.2885 0.2885 0.2885 0.2885 0.2188 0.2188 0.2188 0.2188 0.2188 0.2188 0.2188 0.1844 113.1617 113.1617 69.8379 1.3442 
fa2 = 1.1505 0.4174 0.4174 0.4174 0.4174 0.4174 0.4174 0.4174 0.2880 0.2880 0.2880 0.2880 0.2880 0.2880 0.2880 0.2186 0.2186 0.2186 0.2186 0.2186 0.2186 0.2186 0.1843 115.3783 115.3783 70.9859 1.3360 
fa3 = 1.1505 0.4174 0.4174 0.4174 0.4174 0.4174 0.4174 0.4174 0.2880 0.2880 0.2880 0.2880 0.2880 0.2880 0.2880 0.2186 0.2186 0.2186 0.2186 0.2186 0.2186 0.2186 0.1843 115.4220 115.4220 71.0049 1.3361 
fa4 = 1.1489 0.4166 0.4166 0.4166 0.4166 0.4166 0.4166 0.4166 0.2876 0.2876 0.2876 0.2876 0.2876 0.2876 0.2876 0.2183 0.2183 0.2183 0.2183 0.2183 0.2183 0.2183 0.1842 117.7106 117.7106 72.1826 1.3280 
fb1 = -0.2302 -0.2533 -0.2533 -0.2533 -0.2533 -0.2533 -0.2533 -0.2533 -0.2638 -0.2638 -0.2638 -0.2638 -0.2638 -0.2638 -0.2638 -0.2740 -0.2740 -0.2740 -0.2740 -0.2740 -0.2740 -0.2740 -0.2829 0.1389 0.1389 0.0947 -0.1046 
fb2 = -0.2301 -0.2533 -0.2533 -0.2533 -0.2533 -0.2533 -0.2533 -0.2533 -0.2637 -0.2637 -0.2637 -0.2637 -0.2637 -0.2637 -0.2637 -0.2740 -0.2740 -0.2740 -0.2740 -0.2740 -0.2740 -0.2740 -0.2828 0.1412 0.1412 0.0961 -0.1046 
fb3 = -0.2301 -0.2533 -0.2533 -0.2533 -0.2533 -0.2533 -0.2533 -0.2533 -0.2637 -0.2637 -0.2637 -0.2637 -0.2637 -0.2637 -0.2637 -0.2740 -0.2740 -0.2740 -0.2740 -0.2740 -0.2740 -0.2740 -0.2828 0.1412 0.1412 0.0961 -0.1046 
fb4 = -0.2300 -0.2532 -0.2532 -0.2532 -0.2532 -0.2532 -0.2532 -0.2532 -0.2636 -0.2636 -0.2636 -0.2636 -0.2636 -0.2636 -0.2636 -0.2739 -0.2739 -0.2739 -0.2739 -0.2739 -0.2739 -0.2739 -0.2828 0.1435 0.1435 0.0975 -0.1046 
I = 14.9000 9.4000 9.4000 9.4000 9.4000 9.4000 9.4000 9.4000 6.0000 6.0000 6.0000 6.0000 6.0000 6.0000 6.0000 2.0000 2.0000 2.0000 2.0000 2.0000 2.0000 2.0000 -2.0000 24.8310 24.8310 10.0000 -3.3484 
S1 = 0.0000 0.0000 0.0000 0.0000 0.0000 0.0000 0.0000 0.0000 0.0000 0.0000 0.0000 0.0000 0.0000 0.0000 0.0000 0.0000 0.0000 0.0000 0.0000 0.0000 0.0000 0.0000 0.0000 0.0000 0.0000 0.0000 0.0000 
S2 = 0.0000 0.0000 0.0000 0.0000 0.0000 0.0000 0.0000 0.0000 0.0000 0.0000 0.0000 0.0000 0.0000 0.0000 0.0000 0.0000 0.0000 0.0000 0.0000 0.0000 0.0000 0.0000 0.0000 0.8310 0.8310 0.0000 7.6516 
u = 8.9076 8.8447 8.8447 8.8447 8.8447 8.8447 8.8447 8.8447 8.8122 8.8122 8.8122 8.8122 8.8122 8.8122 8.8122 8.7780 8.7780 8.7780 8.7780 8.7780 8.7780 8.7780 8.7471 10.2948 10.2948 10.9557 9.4990 
v = 31.5700 25.1395 25.1395 25.1395 25.1395 25.1395 25.1395 25.1395 22.2113 22.2113 22.2113 22.2113 22.2113 22.2113 22.2113 19.3022 19.3022 19.3022 19.3022 19.3022 19.3022 19.3022 16.7749 87.3558 87.3558 79.1498 21.3559 
