ExternalI = 5.5000 0.0000 0.0000 0.0000 0.0000 0.0000 0.0000 0.0000 4.0000 4.0000 4.0000 4.0000 4.0000 4.0000 4.0000 0.0000 0.0000 0.0000 0.0000 0.0000 0.0000 0.0000 0.0000 8.0000 8.0000 0.0000 0.0000 
before u = 8.9076 8.8447 8.8447 8.8447 8.8447 8.8447 8.8447 8.8447 8.8122 8.8122 8.8122 8.8122 8.8122 8.8122 8.8122 8.7780 8.7780 8.7780 8.7780 8.7780 8.7780 8.7780 8.7471 10.2948 10.2948 10.9557 9.4990 
before v = 31.5700 25.1395 25.1395 25.1395 25.1395 25.1395 25.1395 25.1395 22.2113 22.2113 22.2113 22.2113 22.2113 22.2113 22.2113 19.3022 19.3022 19.3022 19.3022 19.3022 19.3022 19.3022 16.7749 87.3558 87.3558 79.1498 21.3559 
Ibias = 9.4000 9.4000 9.4000 9.4000 9.4000 9.4000 9.4000 9.4000 2.0000 2.0000 2.0000 2.0000 2.0000 2.0000 2.0000 2.0000 2.0000 2.0000 2.0000 2.0000 2.0000 2.0000 -2.0000 16.0000 16.0000 10.0000 -11.0000 
fa1 = 1.1489 0.4166 0.4166 0.4166 0.4166 0.4166 0.4166 0.4166 0.2876 0.2876 0.2876 0.2876 0.2876 0.2876 0.2876 0.2183 0.2183 0.2183 0.2183 0.2183 0.2183 0.2183 0.1842 117.7085 117.7085 72.1825 1.3127 
fa2 = 1.1474 0.4158 0.4158 0.4158 0.4158 0.4158 0.4158 0.4158 0.2872 0.2872 0.2872 0.2872 0.2872 0.2872 0.2872 0.2181 0.2181 0.2181 0.2181 0.2181 0.2181 0.2181 0.1841 120.0690 120.0690 73.3897 1.3047 
fa3 = 1.1474 0.4158 0.4158 0.4158 0.4158 0.4158 0.4158 0.4158 0.2872 0.2872 0.2872 0.2872 0.2872 0.2872 0.2872 0.2181 0.2181 0.2181 0.2181 0.2181 0.2181 0.2181 0.1841 120.1167 120.1167 73.4100 1.3048 
fa4 = 1.1458 0.4150 0.4150 0.4150 0.4150 0.4150 0.4150 0.4150 0.2867 0.2867 0.2867 0.2867 0.2867 0.2867 0.2867 0.2179 0.2179 0.2179 0.2179 0.2179 0.2179 0.2179 0.1839 122.5556 122.5556 74.6490 1.2969 
fb1 = -0.2300 -0.2532 -0.2532 -0.2532 -0.2532 -0.2532 -0.2532 -0.2532 -0.2636 -0.2636 -0.2636 -0.2636 -0.2636 -0.2636 -0.2636 -0.2739 -0.2739 -0.2739 -0.2739 -0.2739 -0.2739 -0.2739 -0.2828 0.1435 0.1435 0.0975 -0.1046 
fb2 = -0.2300 -0.2532 -0.2532 -0.2532 -0.2532 -0.2532 -0.2532 -0.2532 -0.2636 -0.2636 -0.2636 -0.2636 -0.2636 -0.2636 -0.2636 -0.2739 -0.2739 -0.2739 -0.2739 -0.2739 -0.2739 -0.2739 -0.2827 0.1459 0.1459 0.0989 -0.1045 
fb3 = -0.2300 -0.2532 -0.2532 -0.2532 -0.2532 -0.2532 -0.2532 -0.2532 -0.2636 -0.2636 -0.2636 -0.2636 -0.2636 -0.2636 -0.2636 -0.2739 -0.2739 -0.2739 -0.2739 -0.2739 -0.2739 -0.2739 -0.2827 0.1459 0.1459 0.0989 -0.1045 
fb4 = -0.2299 -0.2531 -0.2531 -0.2531 -0.2531 -0.2531 -0.2531 -0.2531 -0.2635 -0.2635 -0.2635 -0.2635 -0.2635 -0.2635 -0.2635 -0.2738 -0.2738 -0.2738 -0.2738 -0.2738 -0.2738 -0.2738 -0.2827 0.1483 0.1483 0.1004 -0.1045 
I = 14.9000 9.4000 9.4000 9.4000 9.4000 9.4000 9.4000 9.4000 6.0000 6.0000 6.0000 6.0000 6.0000 6.0000 6.0000 2.0000 2.0000 2.0000 2.0000 2.0000 2.0000 2.0000 -2.0000 24.8293 24.8293 10.0000 -3.3637 
S1 = 0.0000 0.0000 0.0000 0.0000 0.0000 0.0000 0.0000 0.0000 0.0000 0.0000 0.0000 0.0000 0.0000 0.0000 0.0000 0.0000 0.0000 0.0000 0.0000 0.0000 0.0000 0.0000 0.0000 0.0000 0.0000 0.0000 0.0000 
S2 = 0.0000 0.0000 0.0000 0.0000 0.0000 0.0000 0.0000 0.0000 0.0000 0.0000 0.0000 0.0000 0.0000 0.0000 0.0000 0.0000 0.0000 0.0000 0.0000 0.0000 0.0000 0.0000 0.0000 0.8293 0.8293 0.0000 7.6363 
u = 8.9053 8.8421 8.8421 8.8421 8.8421 8.8421 8.8421 8.8421 8.8096 8.8096 8.8096 8.8096 8.8096 8.8096 8.8096 8.7753 8.7753 8.7753 8.7753 8.7753 8.7753 8.7753 8.7443 10.2963 10.2963 10.9567 9.4979 
v = 31.5815 25.1437 25.1437 25.1437 25.1437 25.1437 25.1437 25.1437 22.2141 22.2141 22.2141 22.2141 22.2141 22.2141 22.2141 19.3044 19.3044 19.3044 19.3044 19.3044 19.3044 19.3044 16.7767 88.5569 88.5569 79.8838 21.3689 
