ExternalI = 5.5000 0.0000 0.0000 0.0000 0.0000 0.0000 0.0000 0.0000 4.0000 4.0000 4.0000 4.0000 4.0000 4.0000 4.0000 0.0000 0.0000 0.0000 0.0000 0.0000 0.0000 0.0000 0.0000 8.0000 8.0000 0.0000 0.0000 
before u = 8.9053 8.8421 8.8421 8.8421 8.8421 8.8421 8.8421 8.8421 8.8096 8.8096 8.8096 8.8096 8.8096 8.8096 8.8096 8.7753 8.7753 8.7753 8.7753 8.7753 8.7753 8.7753 8.7443 10.2963 10.2963 10.9567 9.4979 
before v = 31.5815 25.1437 25.1437 25.1437 25.1437 25.1437 25.1437 25.1437 22.2141 22.2141 22.2141 22.2141 22.2141 22.2141 22.2141 19.3044 19.3044 19.3044 19.3044 19.3044 19.3044 19.3044 16.7767 88.5569 88.5569 79.8838 21.3689 
Ibias = 9.4000 9.4000 9.4000 9.4000 9.4000 9.4000 9.4000 9.4000 2.0000 2.0000 2.0000 2.0000 2.0000 2.0000 2.0000 2.0000 2.0000 2.0000 2.0000 2.0000 2.0000 2.0000 -2.0000 16.0000 16.0000 10.0000 -11.0000 
fa1 = 1.1458 0.4150 0.4150 0.4150 0.4150 0.4150 0.4150 0.4150 0.2867 0.2867 0.2867 0.2867 0.2867 0.2867 0.2867 0.2179 0.2179 0.2179 0.2179 0.2179 0.2179 0.2179 0.1839 122.5535 122.5535 74.6489 1.2816 
fa2 = 1.1442 0.4142 0.4142 0.4142 0.4142 0.4142 0.4142 0.4142 0.2863 0.2863 0.2863 0.2863 0.2863 0.2863 0.2863 0.2177 0.2177 0.2177 0.2177 0.2177 0.2177 0.2177 0.1838 125.0707 125.0707 75.9195 1.2738 
fa3 = 1.1442 0.4142 0.4142 0.4142 0.4142 0.4142 0.4142 0.4142 0.2863 0.2863 0.2863 0.2863 0.2863 0.2863 0.2863 0.2177 0.2177 0.2177 0.2177 0.2177 0.2177 0.2177 0.1838 125.1227 125.1227 75.9412 1.2739 
fa4 = 1.1427 0.4134 0.4134 0.4134 0.4134 0.4134 0.4134 0.4134 0.2859 0.2859 0.2859 0.2859 0.2859 0.2859 0.2859 0.2175 0.2175 0.2175 0.2175 0.2175 0.2175 0.2175 0.1837 127.7253 127.7253 77.2459 1.2662 
fb1 = -0.2299 -0.2531 -0.2531 -0.2531 -0.2531 -0.2531 -0.2531 -0.2531 -0.2635 -0.2635 -0.2635 -0.2635 -0.2635 -0.2635 -0.2635 -0.2738 -0.2738 -0.2738 -0.2738 -0.2738 -0.2738 -0.2738 -0.2827 0.1483 0.1483 0.1004 -0.1045 
fb2 = -0.2298 -0.2531 -0.2531 -0.2531 -0.2531 -0.2531 -0.2531 -0.2531 -0.2635 -0.2635 -0.2635 -0.2635 -0.2635 -0.2635 -0.2635 -0.2737 -0.2737 -0.2737 -0.2737 -0.2737 -0.2737 -0.2737 -0.2826 0.1507 0.1507 0.1019 -0.1044 
fb3 = -0.2298 -0.2531 -0.2531 -0.2531 -0.2531 -0.2531 -0.2531 -0.2531 -0.2635 -0.2635 -0.2635 -0.2635 -0.2635 -0.2635 -0.2635 -0.2737 -0.2737 -0.2737 -0.2737 -0.2737 -0.2737 -0.2737 -0.2826 0.1508 0.1508 0.1019 -0.1044 
fb4 = -0.2297 -0.2530 -0.2530 -0.2530 -0.2530 -0.2530 -0.2530 -0.2530 -0.2634 -0.2634 -0.2634 -0.2634 -0.2634 -0.2634 -0.2634 -0.2737 -0.2737 -0.2737 -0.2737 -0.2737 -0.2737 -0.2737 -0.2825 0.1533 0.1533 0.1034 -0.1044 
I = 14.9000 9.4000 9.4000 9.4000 9.4000 9.4000 9.4000 9.4000 6.0000 6.0000 6.0000 6.0000 6.0000 6.0000 6.0000 2.0000 2.0000 2.0000 2.0000 2.0000 2.0000 2.0000 -2.0000 24.8277 24.8277 10.0000 -3.3789 
S1 = 0.0000 0.0000 0.0000 0.0000 0.0000 0.0000 0.0000 0.0000 0.0000 0.0000 0.0000 0.0000 0.0000 0.0000 0.0000 0.0000 0.0000 0.0000 0.0000 0.0000 0.0000 0.0000 0.0000 0.0000 0.0000 0.0000 0.0000 
S2 = 0.0000 0.0000 0.0000 0.0000 0.0000 0.0000 0.0000 0.0000 0.0000 0.0000 0.0000 0.0000 0.0000 0.0000 0.0000 0.0000 0.0000 0.0000 0.0000 0.0000 0.0000 0.0000 0.0000 0.8277 0.8277 0.0000 7.6211 
u = 8.9030 8.8396 8.8396 8.8396 8.8396 8.8396 8.8396 8.8396 8.8069 8.8069 8.8069 8.8069 8.8069 8.8069 8.8069 8.7726 8.7726 8.7726 8.7726 8.7726 8.7726 8.7726 8.7414 10.2978 10.2978 10.9577 9.4969 
v = 31.5930 25.1478 25.1478 25.1478 25.1478 25.1478 25.1478 25.1478 22.2170 22.2170 22.2170 22.2170 22.2170 22.2170 22.2170 19.3066 19.3066 19.3066 19.3066 19.3066 19.3066 19.3066 16.7785 89.8080 89.8080 80.6432 21.3817 
