ExternalI = 5.5000 0.0000 0.0000 0.0000 0.0000 0.0000 0.0000 0.0000 4.0000 4.0000 4.0000 4.0000 4.0000 4.0000 4.0000 0.0000 0.0000 0.0000 0.0000 0.0000 0.0000 0.0000 0.0000 8.0000 8.0000 0.0000 0.0000 
before u = 8.9030 8.8396 8.8396 8.8396 8.8396 8.8396 8.8396 8.8396 8.8069 8.8069 8.8069 8.8069 8.8069 8.8069 8.8069 8.7726 8.7726 8.7726 8.7726 8.7726 8.7726 8.7726 8.7414 10.2978 10.2978 10.9577 9.4969 
before v = 31.5930 25.1478 25.1478 25.1478 25.1478 25.1478 25.1478 25.1478 22.2170 22.2170 22.2170 22.2170 22.2170 22.2170 22.2170 19.3066 19.3066 19.3066 19.3066 19.3066 19.3066 19.3066 16.7785 89.8080 89.8080 80.6432 21.3817 
Ibias = 9.4000 9.4000 9.4000 9.4000 9.4000 9.4000 9.4000 9.4000 2.0000 2.0000 2.0000 2.0000 2.0000 2.0000 2.0000 2.0000 2.0000 2.0000 2.0000 2.0000 2.0000 2.0000 -2.0000 16.0000 16.0000 10.0000 -11.0000 
fa1 = 1.1427 0.4134 0.4134 0.4134 0.4134 0.4134 0.4134 0.4134 0.2859 0.2859 0.2859 0.2859 0.2859 0.2859 0.2859 0.2175 0.2175 0.2175 0.2175 0.2175 0.2175 0.2175 0.1837 127.7232 127.7232 77.2457 1.2510 
fa2 = 1.1411 0.4127 0.4127 0.4127 0.4127 0.4127 0.4127 0.4127 0.2854 0.2854 0.2854 0.2854 0.2854 0.2854 0.2854 0.2173 0.2173 0.2173 0.2173 0.2173 0.2173 0.2173 0.1836 130.4111 130.4111 78.5842 1.2434 
fa3 = 1.1411 0.4127 0.4127 0.4127 0.4127 0.4127 0.4127 0.4127 0.2854 0.2854 0.2854 0.2854 0.2854 0.2854 0.2854 0.2173 0.2173 0.2173 0.2173 0.2173 0.2173 0.2173 0.1836 130.4680 130.4680 78.6075 1.2435 
fa4 = 1.1396 0.4119 0.4119 0.4119 0.4119 0.4119 0.4119 0.4119 0.2850 0.2850 0.2850 0.2850 0.2850 0.2850 0.2850 0.2170 0.2170 0.2170 0.2170 0.2170 0.2170 0.2170 0.1835 133.2493 133.2493 79.9825 1.2360 
fb1 = -0.2297 -0.2530 -0.2530 -0.2530 -0.2530 -0.2530 -0.2530 -0.2530 -0.2634 -0.2634 -0.2634 -0.2634 -0.2634 -0.2634 -0.2634 -0.2737 -0.2737 -0.2737 -0.2737 -0.2737 -0.2737 -0.2737 -0.2825 0.1533 0.1533 0.1034 -0.1044 
fb2 = -0.2297 -0.2529 -0.2529 -0.2529 -0.2529 -0.2529 -0.2529 -0.2529 -0.2634 -0.2634 -0.2634 -0.2634 -0.2634 -0.2634 -0.2634 -0.2736 -0.2736 -0.2736 -0.2736 -0.2736 -0.2736 -0.2736 -0.2825 0.1558 0.1558 0.1050 -0.1044 
fb3 = -0.2297 -0.2529 -0.2529 -0.2529 -0.2529 -0.2529 -0.2529 -0.2529 -0.2634 -0.2634 -0.2634 -0.2634 -0.2634 -0.2634 -0.2634 -0.2736 -0.2736 -0.2736 -0.2736 -0.2736 -0.2736 -0.2736 -0.2825 0.1559 0.1559 0.1050 -0.1044 
fb4 = -0.2296 -0.2529 -0.2529 -0.2529 -0.2529 -0.2529 -0.2529 -0.2529 -0.2633 -0.2633 -0.2633 -0.2633 -0.2633 -0.2633 -0.2633 -0.2736 -0.2736 -0.2736 -0.2736 -0.2736 -0.2736 -0.2736 -0.2824 0.1585 0.1585 0.1065 -0.1043 
I = 14.9000 9.4000 9.4000 9.4000 9.4000 9.4000 9.4000 9.4000 6.0000 6.0000 6.0000 6.0000 6.0000 6.0000 6.0000 2.0000 2.0000 2.0000 2.0000 2.0000 2.0000 2.0000 -2.0000 24.8260 24.8260 10.0000 -3.3942 
S1 = 0.0000 0.0000 0.0000 0.0000 0.0000 0.0000 0.0000 0.0000 0.0000 0.0000 0.0000 0.0000 0.0000 0.0000 0.0000 0.0000 0.0000 0.0000 0.0000 0.0000 0.0000 0.0000 0.0000 0.0000 0.0000 0.0000 0.0000 
S2 = 0.0000 0.0000 0.0000 0.0000 0.0000 0.0000 0.0000 0.0000 0.0000 0.0000 0.0000 0.0000 0.0000 0.0000 0.0000 0.0000 0.0000 0.0000 0.0000 0.0000 0.0000 0.0000 0.0000 0.8260 0.8260 0.0000 7.6058 
u = 8.9007 8.8371 8.8371 8.8371 8.8371 8.8371 8.8371 8.8371 8.8043 8.8043 8.8043 8.8043 8.8043 8.8043 8.8043 8.7698 8.7698 8.7698 8.7698 8.7698 8.7698 8.7698 8.7386 10.2993 10.2993 10.9588 9.4958 
v = 31.6044 25.1520 25.1520 25.1520 25.1520 25.1520 25.1520 25.1520 22.2199 22.2199 22.2199 22.2199 22.2199 22.2199 22.2199 19.3087 19.3087 19.3087 19.3087 19.3087 19.3087 19.3087 16.7804 91.1125 91.1125 81.4292 21.3941 
