ExternalI = 5.5000 0.0000 0.0000 0.0000 0.0000 0.0000 0.0000 0.0000 4.0000 4.0000 4.0000 4.0000 4.0000 4.0000 4.0000 0.0000 0.0000 0.0000 0.0000 0.0000 0.0000 0.0000 0.0000 8.0000 8.0000 0.0000 0.0000 
before u = 8.9007 8.8371 8.8371 8.8371 8.8371 8.8371 8.8371 8.8371 8.8043 8.8043 8.8043 8.8043 8.8043 8.8043 8.8043 8.7698 8.7698 8.7698 8.7698 8.7698 8.7698 8.7698 8.7386 10.2993 10.2993 10.9588 9.4958 
before v = 31.6044 25.1520 25.1520 25.1520 25.1520 25.1520 25.1520 25.1520 22.2199 22.2199 22.2199 22.2199 22.2199 22.2199 22.2199 19.3087 19.3087 19.3087 19.3087 19.3087 19.3087 19.3087 16.7804 91.1125 91.1125 81.4292 21.3941 
Ibias = 9.4000 9.4000 9.4000 9.4000 9.4000 9.4000 9.4000 9.4000 2.0000 2.0000 2.0000 2.0000 2.0000 2.0000 2.0000 2.0000 2.0000 2.0000 2.0000 2.0000 2.0000 2.0000 -2.0000 16.0000 16.0000 10.0000 -11.0000 
fa1 = 1.1396 0.4119 0.4119 0.4119 0.4119 0.4119 0.4119 0.4119 0.2850 0.2850 0.2850 0.2850 0.2850 0.2850 0.2850 0.2170 0.2170 0.2170 0.2170 0.2170 0.2170 0.2170 0.1835 133.2471 133.2471 79.9823 1.2208 
fa2 = 1.1381 0.4111 0.4111 0.4111 0.4111 0.4111 0.4111 0.4111 0.2846 0.2846 0.2846 0.2846 0.2846 0.2846 0.2846 0.2168 0.2168 0.2168 0.2168 0.2168 0.2168 0.2168 0.1834 136.1215 136.1215 81.3935 1.2134 
fa3 = 1.1381 0.4111 0.4111 0.4111 0.4111 0.4111 0.4111 0.4111 0.2846 0.2846 0.2846 0.2846 0.2846 0.2846 0.2846 0.2168 0.2168 0.2168 0.2168 0.2168 0.2168 0.2168 0.1834 136.1839 136.1839 81.4186 1.2135 
fa4 = 1.1365 0.4104 0.4104 0.4104 0.4104 0.4104 0.4104 0.4104 0.2842 0.2842 0.2842 0.2842 0.2842 0.2842 0.2842 0.2166 0.2166 0.2166 0.2166 0.2166 0.2166 0.2166 0.1833 139.1606 139.1606 82.8690 1.2062 
fb1 = -0.2296 -0.2529 -0.2529 -0.2529 -0.2529 -0.2529 -0.2529 -0.2529 -0.2633 -0.2633 -0.2633 -0.2633 -0.2633 -0.2633 -0.2633 -0.2736 -0.2736 -0.2736 -0.2736 -0.2736 -0.2736 -0.2736 -0.2824 0.1585 0.1585 0.1065 -0.1043 
fb2 = -0.2295 -0.2528 -0.2528 -0.2528 -0.2528 -0.2528 -0.2528 -0.2528 -0.2632 -0.2632 -0.2632 -0.2632 -0.2632 -0.2632 -0.2632 -0.2735 -0.2735 -0.2735 -0.2735 -0.2735 -0.2735 -0.2735 -0.2824 0.1611 0.1611 0.1081 -0.1043 
fb3 = -0.2295 -0.2528 -0.2528 -0.2528 -0.2528 -0.2528 -0.2528 -0.2528 -0.2632 -0.2632 -0.2632 -0.2632 -0.2632 -0.2632 -0.2632 -0.2735 -0.2735 -0.2735 -0.2735 -0.2735 -0.2735 -0.2735 -0.2824 0.1612 0.1612 0.1082 -0.1043 
fb4 = -0.2295 -0.2528 -0.2528 -0.2528 -0.2528 -0.2528 -0.2528 -0.2528 -0.2632 -0.2632 -0.2632 -0.2632 -0.2632 -0.2632 -0.2632 -0.2734 -0.2734 -0.2734 -0.2734 -0.2734 -0.2734 -0.2734 -0.2823 0.1639 0.1639 0.1098 -0.1043 
I = 14.9000 9.4000 9.4000 9.4000 9.4000 9.4000 9.4000 9.4000 6.0000 6.0000 6.0000 6.0000 6.0000 6.0000 6.0000 2.0000 2.0000 2.0000 2.0000 2.0000 2.0000 2.0000 -2.0000 24.8244 24.8244 10.0000 -3.4094 
S1 = 0.0000 0.0000 0.0000 0.0000 0.0000 0.0000 0.0000 0.0000 0.0000 0.0000 0.0000 0.0000 0.0000 0.0000 0.0000 0.0000 0.0000 0.0000 0.0000 0.0000 0.0000 0.0000 0.0000 0.0000 0.0000 0.0000 0.0000 
S2 = 0.0000 0.0000 0.0000 0.0000 0.0000 0.0000 0.0000 0.0000 0.0000 0.0000 0.0000 0.0000 0.0000 0.0000 0.0000 0.0000 0.0000 0.0000 0.0000 0.0000 0.0000 0.0000 0.0000 0.8244 0.8244 0.0000 7.5906 
u = 8.8984 8.8345 8.8345 8.8345 8.8345 8.8345 8.8345 8.8345 8.8017 8.8017 8.8017 8.8017 8.8017 8.8017 8.8017 8.7671 8.7671 8.7671 8.7671 8.7671 8.7671 8.7671 8.7358 10.3009 10.3009 10.9598 9.4948 
v = 31.6158 25.1561 25.1561 25.1561 25.1561 25.1561 25.1561 25.1561 22.2227 22.2227 22.2227 22.2227 22.2227 22.2227 22.2227 19.3109 19.3109 19.3109 19.3109 19.3109 19.3109 19.3109 16.7822 92.4742 92.4742 82.2433 21.4062 
