ExternalI = 5.5000 0.0000 0.0000 0.0000 0.0000 0.0000 0.0000 0.0000 4.0000 4.0000 4.0000 4.0000 4.0000 4.0000 4.0000 0.0000 0.0000 0.0000 0.0000 0.0000 0.0000 0.0000 0.0000 8.0000 8.0000 0.0000 0.0000 
before u = 8.8984 8.8345 8.8345 8.8345 8.8345 8.8345 8.8345 8.8345 8.8017 8.8017 8.8017 8.8017 8.8017 8.8017 8.8017 8.7671 8.7671 8.7671 8.7671 8.7671 8.7671 8.7671 8.7358 10.3009 10.3009 10.9598 9.4948 
before v = 31.6158 25.1561 25.1561 25.1561 25.1561 25.1561 25.1561 25.1561 22.2227 22.2227 22.2227 22.2227 22.2227 22.2227 22.2227 19.3109 19.3109 19.3109 19.3109 19.3109 19.3109 19.3109 16.7822 92.4742 92.4742 82.2433 21.4062 
Ibias = 9.4000 9.4000 9.4000 9.4000 9.4000 9.4000 9.4000 9.4000 2.0000 2.0000 2.0000 2.0000 2.0000 2.0000 2.0000 2.0000 2.0000 2.0000 2.0000 2.0000 2.0000 2.0000 -2.0000 16.0000 16.0000 10.0000 -11.0000 
fa1 = 1.1365 0.4104 0.4104 0.4104 0.4104 0.4104 0.4104 0.4104 0.2842 0.2842 0.2842 0.2842 0.2842 0.2842 0.2842 0.2166 0.2166 0.2166 0.2166 0.2166 0.2166 0.2166 0.1833 139.1583 139.1583 82.8688 1.1910 
fa2 = 1.1350 0.4096 0.4096 0.4096 0.4096 0.4096 0.4096 0.4096 0.2837 0.2837 0.2837 0.2837 0.2837 0.2837 0.2837 0.2164 0.2164 0.2164 0.2164 0.2164 0.2164 0.2164 0.1832 142.2369 142.2369 84.3583 1.1839 
fa3 = 1.1350 0.4096 0.4096 0.4096 0.4096 0.4096 0.4096 0.4096 0.2837 0.2837 0.2837 0.2837 0.2837 0.2837 0.2837 0.2164 0.2164 0.2164 0.2164 0.2164 0.2164 0.2164 0.1832 142.3055 142.3055 84.3852 1.1839 
fa4 = 1.1335 0.4088 0.4088 0.4088 0.4088 0.4088 0.4088 0.4088 0.2833 0.2833 0.2833 0.2833 0.2833 0.2833 0.2833 0.2162 0.2162 0.2162 0.2162 0.2162 0.2162 0.2162 0.1831 145.4962 145.4962 85.9167 1.1768 
fb1 = -0.2295 -0.2528 -0.2528 -0.2528 -0.2528 -0.2528 -0.2528 -0.2528 -0.2632 -0.2632 -0.2632 -0.2632 -0.2632 -0.2632 -0.2632 -0.2734 -0.2734 -0.2734 -0.2734 -0.2734 -0.2734 -0.2734 -0.2823 0.1639 0.1639 0.1098 -0.1043 
fb2 = -0.2294 -0.2527 -0.2527 -0.2527 -0.2527 -0.2527 -0.2527 -0.2527 -0.2631 -0.2631 -0.2631 -0.2631 -0.2631 -0.2631 -0.2631 -0.2734 -0.2734 -0.2734 -0.2734 -0.2734 -0.2734 -0.2734 -0.2822 0.1666 0.1666 0.1114 -0.1042 
fb3 = -0.2294 -0.2527 -0.2527 -0.2527 -0.2527 -0.2527 -0.2527 -0.2527 -0.2631 -0.2631 -0.2631 -0.2631 -0.2631 -0.2631 -0.2631 -0.2734 -0.2734 -0.2734 -0.2734 -0.2734 -0.2734 -0.2734 -0.2822 0.1667 0.1667 0.1115 -0.1042 
fb4 = -0.2293 -0.2526 -0.2526 -0.2526 -0.2526 -0.2526 -0.2526 -0.2526 -0.2631 -0.2631 -0.2631 -0.2631 -0.2631 -0.2631 -0.2631 -0.2733 -0.2733 -0.2733 -0.2733 -0.2733 -0.2733 -0.2733 -0.2822 0.1695 0.1695 0.1131 -0.1042 
I = 14.9000 9.4000 9.4000 9.4000 9.4000 9.4000 9.4000 9.4000 6.0000 6.0000 6.0000 6.0000 6.0000 6.0000 6.0000 2.0000 2.0000 2.0000 2.0000 2.0000 2.0000 2.0000 -2.0000 24.8227 24.8227 10.0000 -3.4246 
S1 = 0.0000 0.0000 0.0000 0.0000 0.0000 0.0000 0.0000 0.0000 0.0000 0.0000 0.0000 0.0000 0.0000 0.0000 0.0000 0.0000 0.0000 0.0000 0.0000 0.0000 0.0000 0.0000 0.0000 0.0000 0.0000 0.0000 0.0000 
S2 = 0.0000 0.0000 0.0000 0.0000 0.0000 0.0000 0.0000 0.0000 0.0000 0.0000 0.0000 0.0000 0.0000 0.0000 0.0000 0.0000 0.0000 0.0000 0.0000 0.0000 0.0000 0.0000 0.0000 0.8227 0.8227 0.0000 7.5754 
u = 8.8961 8.8320 8.8320 8.8320 8.8320 8.8320 8.8320 8.8320 8.7990 8.7990 8.7990 8.7990 8.7990 8.7990 8.7990 8.7644 8.7644 8.7644 8.7644 8.7644 8.7644 8.7644 8.7330 10.3026 10.3026 10.9609 9.4938 
v = 31.6271 25.1602 25.1602 25.1602 25.1602 25.1602 25.1602 25.1602 22.2255 22.2255 22.2255 22.2255 22.2255 22.2255 22.2255 19.3131 19.3131 19.3131 19.3131 19.3131 19.3131 19.3131 16.7840 93.8971 93.8971 83.0871 21.4181 
