ExternalI = 5.5000 0.0000 0.0000 0.0000 0.0000 0.0000 0.0000 0.0000 4.0000 4.0000 4.0000 4.0000 4.0000 4.0000 4.0000 0.0000 0.0000 0.0000 0.0000 0.0000 0.0000 0.0000 0.0000 8.0000 8.0000 0.0000 0.0000 
before u = 8.8961 8.8320 8.8320 8.8320 8.8320 8.8320 8.8320 8.8320 8.7990 8.7990 8.7990 8.7990 8.7990 8.7990 8.7990 8.7644 8.7644 8.7644 8.7644 8.7644 8.7644 8.7644 8.7330 10.3026 10.3026 10.9609 9.4938 
before v = 31.6271 25.1602 25.1602 25.1602 25.1602 25.1602 25.1602 25.1602 22.2255 22.2255 22.2255 22.2255 22.2255 22.2255 22.2255 19.3131 19.3131 19.3131 19.3131 19.3131 19.3131 19.3131 16.7840 93.8971 93.8971 83.0871 21.4181 
Ibias = 9.4000 9.4000 9.4000 9.4000 9.4000 9.4000 9.4000 9.4000 2.0000 2.0000 2.0000 2.0000 2.0000 2.0000 2.0000 2.0000 2.0000 2.0000 2.0000 2.0000 2.0000 2.0000 -2.0000 16.0000 16.0000 10.0000 -11.0000 
fa1 = 1.1335 0.4088 0.4088 0.4088 0.4088 0.4088 0.4088 0.4088 0.2833 0.2833 0.2833 0.2833 0.2833 0.2833 0.2833 0.2162 0.2162 0.2162 0.2162 0.2162 0.2162 0.2162 0.1831 145.4938 145.4938 85.9165 1.1617 
fa2 = 1.1320 0.4081 0.4081 0.4081 0.4081 0.4081 0.4081 0.4081 0.2829 0.2829 0.2829 0.2829 0.2829 0.2829 0.2829 0.2160 0.2160 0.2160 0.2160 0.2160 0.2160 0.2160 0.1830 148.7963 148.7963 87.4900 1.1547 
fa3 = 1.1320 0.4081 0.4081 0.4081 0.4081 0.4081 0.4081 0.4081 0.2829 0.2829 0.2829 0.2829 0.2829 0.2829 0.2829 0.2160 0.2160 0.2160 0.2160 0.2160 0.2160 0.2160 0.1830 148.8718 148.8718 87.5189 1.1547 
fa4 = 1.1305 0.4073 0.4073 0.4073 0.4073 0.4073 0.4073 0.4073 0.2825 0.2825 0.2825 0.2825 0.2825 0.2825 0.2825 0.2158 0.2158 0.2158 0.2158 0.2158 0.2158 0.2158 0.1829 152.2975 152.2975 89.1378 1.1478 
fb1 = -0.2293 -0.2526 -0.2526 -0.2526 -0.2526 -0.2526 -0.2526 -0.2526 -0.2631 -0.2631 -0.2631 -0.2631 -0.2631 -0.2631 -0.2631 -0.2733 -0.2733 -0.2733 -0.2733 -0.2733 -0.2733 -0.2733 -0.2822 0.1695 0.1695 0.1131 -0.1042 
fb2 = -0.2293 -0.2526 -0.2526 -0.2526 -0.2526 -0.2526 -0.2526 -0.2526 -0.2630 -0.2630 -0.2630 -0.2630 -0.2630 -0.2630 -0.2630 -0.2733 -0.2733 -0.2733 -0.2733 -0.2733 -0.2733 -0.2733 -0.2821 0.1724 0.1724 0.1148 -0.1042 
fb3 = -0.2293 -0.2526 -0.2526 -0.2526 -0.2526 -0.2526 -0.2526 -0.2526 -0.2630 -0.2630 -0.2630 -0.2630 -0.2630 -0.2630 -0.2630 -0.2733 -0.2733 -0.2733 -0.2733 -0.2733 -0.2733 -0.2733 -0.2821 0.1725 0.1725 0.1149 -0.1042 
fb4 = -0.2292 -0.2525 -0.2525 -0.2525 -0.2525 -0.2525 -0.2525 -0.2525 -0.2629 -0.2629 -0.2629 -0.2629 -0.2629 -0.2629 -0.2629 -0.2732 -0.2732 -0.2732 -0.2732 -0.2732 -0.2732 -0.2732 -0.2821 0.1755 0.1755 0.1166 -0.1041 
I = 14.9000 9.4000 9.4000 9.4000 9.4000 9.4000 9.4000 9.4000 6.0000 6.0000 6.0000 6.0000 6.0000 6.0000 6.0000 2.0000 2.0000 2.0000 2.0000 2.0000 2.0000 2.0000 -2.0000 24.8211 24.8211 10.0000 -3.4397 
S1 = 0.0000 0.0000 0.0000 0.0000 0.0000 0.0000 0.0000 0.0000 0.0000 0.0000 0.0000 0.0000 0.0000 0.0000 0.0000 0.0000 0.0000 0.0000 0.0000 0.0000 0.0000 0.0000 0.0000 0.0000 0.0000 0.0000 0.0000 
S2 = 0.0000 0.0000 0.0000 0.0000 0.0000 0.0000 0.0000 0.0000 0.0000 0.0000 0.0000 0.0000 0.0000 0.0000 0.0000 0.0000 0.0000 0.0000 0.0000 0.0000 0.0000 0.0000 0.0000 0.8211 0.8211 0.0000 7.5603 
u = 8.8939 8.8295 8.8295 8.8295 8.8295 8.8295 8.8295 8.8295 8.7964 8.7964 8.7964 8.7964 8.7964 8.7964 8.7964 8.7616 8.7616 8.7616 8.7616 8.7616 8.7616 8.7616 8.7301 10.3043 10.3043 10.9621 9.4927 
v = 31.6384 25.1642 25.1642 25.1642 25.1642 25.1642 25.1642 25.1642 22.2284 22.2284 22.2284 22.2284 22.2284 22.2284 22.2284 19.3152 19.3152 19.3152 19.3152 19.3152 19.3152 19.3152 16.7859 95.3857 95.3857 83.9622 21.4296 
