ExternalI = 5.5000 0.0000 0.0000 0.0000 0.0000 0.0000 0.0000 0.0000 4.0000 4.0000 4.0000 4.0000 4.0000 4.0000 4.0000 0.0000 0.0000 0.0000 0.0000 0.0000 0.0000 0.0000 0.0000 8.0000 8.0000 0.0000 0.0000 
before u = 8.8939 8.8295 8.8295 8.8295 8.8295 8.8295 8.8295 8.8295 8.7964 8.7964 8.7964 8.7964 8.7964 8.7964 8.7964 8.7616 8.7616 8.7616 8.7616 8.7616 8.7616 8.7616 8.7301 10.3043 10.3043 10.9621 9.4927 
before v = 31.6384 25.1642 25.1642 25.1642 25.1642 25.1642 25.1642 25.1642 22.2284 22.2284 22.2284 22.2284 22.2284 22.2284 22.2284 19.3152 19.3152 19.3152 19.3152 19.3152 19.3152 19.3152 16.7859 95.3857 95.3857 83.9622 21.4296 
Ibias = 9.4000 9.4000 9.4000 9.4000 9.4000 9.4000 9.4000 9.4000 2.0000 2.0000 2.0000 2.0000 2.0000 2.0000 2.0000 2.0000 2.0000 2.0000 2.0000 2.0000 2.0000 2.0000 -2.0000 16.0000 16.0000 10.0000 -11.0000 
fa1 = 1.1305 0.4073 0.4073 0.4073 0.4073 0.4073 0.4073 0.4073 0.2825 0.2825 0.2825 0.2825 0.2825 0.2825 0.2825 0.2158 0.2158 0.2158 0.2158 0.2158 0.2158 0.2158 0.1829 152.2951 152.2951 89.1375 1.1327 
fa2 = 1.1290 0.4066 0.4066 0.4066 0.4066 0.4066 0.4066 0.4066 0.2821 0.2821 0.2821 0.2821 0.2821 0.2821 0.2821 0.2156 0.2156 0.2156 0.2156 0.2156 0.2156 0.2156 0.1828 155.8437 155.8437 90.8015 1.1260 
fa3 = 1.1290 0.4066 0.4066 0.4066 0.4066 0.4066 0.4066 0.4066 0.2821 0.2821 0.2821 0.2821 0.2821 0.2821 0.2821 0.2156 0.2156 0.2156 0.2156 0.2156 0.2156 0.2156 0.1828 155.9269 155.9269 90.8327 1.1260 
fa4 = 1.1275 0.4058 0.4058 0.4058 0.4058 0.4058 0.4058 0.4058 0.2817 0.2817 0.2817 0.2817 0.2817 0.2817 0.2817 0.2154 0.2154 0.2154 0.2154 0.2154 0.2154 0.2154 0.1826 159.6113 159.6113 92.5455 1.1193 
fb1 = -0.2292 -0.2525 -0.2525 -0.2525 -0.2525 -0.2525 -0.2525 -0.2525 -0.2629 -0.2629 -0.2629 -0.2629 -0.2629 -0.2629 -0.2629 -0.2732 -0.2732 -0.2732 -0.2732 -0.2732 -0.2732 -0.2732 -0.2821 0.1755 0.1755 0.1166 -0.1041 
fb2 = -0.2291 -0.2525 -0.2525 -0.2525 -0.2525 -0.2525 -0.2525 -0.2525 -0.2629 -0.2629 -0.2629 -0.2629 -0.2629 -0.2629 -0.2629 -0.2731 -0.2731 -0.2731 -0.2731 -0.2731 -0.2731 -0.2731 -0.2820 0.1785 0.1785 0.1184 -0.1041 
fb3 = -0.2291 -0.2525 -0.2525 -0.2525 -0.2525 -0.2525 -0.2525 -0.2525 -0.2629 -0.2629 -0.2629 -0.2629 -0.2629 -0.2629 -0.2629 -0.2731 -0.2731 -0.2731 -0.2731 -0.2731 -0.2731 -0.2731 -0.2820 0.1786 0.1786 0.1184 -0.1041 
fb4 = -0.2291 -0.2524 -0.2524 -0.2524 -0.2524 -0.2524 -0.2524 -0.2524 -0.2628 -0.2628 -0.2628 -0.2628 -0.2628 -0.2628 -0.2628 -0.2731 -0.2731 -0.2731 -0.2731 -0.2731 -0.2731 -0.2731 -0.2819 0.1817 0.1817 0.1202 -0.1041 
I = 14.9000 9.4000 9.4000 9.4000 9.4000 9.4000 9.4000 9.4000 6.0000 6.0000 6.0000 6.0000 6.0000 6.0000 6.0000 2.0000 2.0000 2.0000 2.0000 2.0000 2.0000 2.0000 -2.0000 24.8194 24.8194 10.0000 -3.4549 
S1 = 0.0000 0.0000 0.0000 0.0000 0.0000 0.0000 0.0000 0.0000 0.0000 0.0000 0.0000 0.0000 0.0000 0.0000 0.0000 0.0000 0.0000 0.0000 0.0000 0.0000 0.0000 0.0000 0.0000 0.0000 0.0000 0.0000 0.0000 
S2 = 0.0000 0.0000 0.0000 0.0000 0.0000 0.0000 0.0000 0.0000 0.0000 0.0000 0.0000 0.0000 0.0000 0.0000 0.0000 0.0000 0.0000 0.0000 0.0000 0.0000 0.0000 0.0000 0.0000 0.8194 0.8194 0.0000 7.5451 
u = 8.8916 8.8270 8.8270 8.8270 8.8270 8.8270 8.8270 8.8270 8.7938 8.7938 8.7938 8.7938 8.7938 8.7938 8.7938 8.7589 8.7589 8.7589 8.7589 8.7589 8.7589 8.7589 8.7273 10.3061 10.3061 10.9633 9.4917 
v = 31.6497 25.1683 25.1683 25.1683 25.1683 25.1683 25.1683 25.1683 22.2312 22.2312 22.2312 22.2312 22.2312 22.2312 22.2312 19.3174 19.3174 19.3174 19.3174 19.3174 19.3174 19.3174 16.7877 96.9447 96.9447 84.8705 21.4409 
