ExternalI = 5.5000 0.0000 0.0000 0.0000 0.0000 0.0000 0.0000 0.0000 4.0000 4.0000 4.0000 4.0000 4.0000 4.0000 4.0000 0.0000 0.0000 0.0000 0.0000 0.0000 0.0000 0.0000 0.0000 8.0000 8.0000 0.0000 0.0000 
before u = 9.8643 9.8629 9.8629 9.8629 9.8629 9.8629 9.8629 9.8629 9.8621 9.8621 9.8621 9.8621 9.8621 9.8621 9.8621 9.8611 9.8611 9.8611 9.8611 9.8611 9.8611 9.8611 9.8601 9.9483 9.9483 10.0553 9.9394 
before v = 18.0341 16.4571 16.4571 16.4571 16.4571 16.4571 16.4571 16.4571 15.4950 15.4950 15.4950 15.4950 15.4950 15.4950 15.4950 14.3752 14.3752 14.3752 14.3752 14.3752 14.3752 14.3752 13.2682 23.7055 23.7055 108.9670 13.5314 
Ibias = 9.4000 9.4000 9.4000 9.4000 9.4000 9.4000 9.4000 9.4000 2.0000 2.0000 2.0000 2.0000 2.0000 2.0000 2.0000 2.0000 2.0000 2.0000 2.0000 2.0000 2.0000 2.0000 -2.0000 16.0000 16.0000 10.0000 -11.0000 
fa1 = 13.9426 10.9992 10.9992 10.9992 10.9992 10.9992 10.9992 10.9992 9.2568 9.2568 9.2568 9.2568 9.2568 9.2568 9.2568 7.2792 7.2792 7.2792 7.2792 7.2792 7.2792 7.2792 5.3770 25.4131 25.4131 207.9962 5.7904 
fa2 = 13.8358 10.9084 10.9084 10.9084 10.9084 10.9084 10.9084 10.9084 9.1771 9.1771 9.1771 9.1771 9.1771 9.1771 9.1771 7.2136 7.2136 7.2136 7.2136 7.2136 7.2136 7.2136 5.3266 25.2741 25.2741 213.9843 5.7356 
fa3 = 13.8366 10.9092 10.9092 10.9092 10.9092 10.9092 10.9092 10.9092 9.1778 9.1778 9.1778 9.1778 9.1778 9.1778 9.1778 7.2142 7.2142 7.2142 7.2142 7.2142 7.2142 7.2142 5.3271 25.2748 25.2748 214.1579 5.7361 
fa4 = 13.7311 10.8193 10.8193 10.8193 10.8193 10.8193 10.8193 10.8193 9.0989 9.0989 9.0989 9.0989 9.0989 9.0989 9.0989 7.1493 7.1493 7.1493 7.1493 7.1493 7.1493 7.1493 5.2773 25.1378 25.1378 220.4215 5.6819 
fb1 = -0.3224 -0.3287 -0.3287 -0.3287 -0.3287 -0.3287 -0.3287 -0.3287 -0.3325 -0.3325 -0.3325 -0.3325 -0.3325 -0.3325 -0.3325 -0.3369 -0.3369 -0.3369 -0.3369 -0.3369 -0.3369 -0.3369 -0.3413 -0.1041 -0.1041 0.2348 -0.1447 
fb2 = -0.3221 -0.3284 -0.3284 -0.3284 -0.3284 -0.3284 -0.3284 -0.3284 -0.3323 -0.3323 -0.3323 -0.3323 -0.3323 -0.3323 -0.3323 -0.3367 -0.3367 -0.3367 -0.3367 -0.3367 -0.3367 -0.3367 -0.3412 -0.1036 -0.1036 0.2389 -0.1445 
fb3 = -0.3221 -0.3284 -0.3284 -0.3284 -0.3284 -0.3284 -0.3284 -0.3284 -0.3323 -0.3323 -0.3323 -0.3323 -0.3323 -0.3323 -0.3323 -0.3367 -0.3367 -0.3367 -0.3367 -0.3367 -0.3367 -0.3367 -0.3412 -0.1036 -0.1036 0.2390 -0.1445 
fb4 = -0.3218 -0.3281 -0.3281 -0.3281 -0.3281 -0.3281 -0.3281 -0.3281 -0.3320 -0.3320 -0.3320 -0.3320 -0.3320 -0.3320 -0.3320 -0.3365 -0.3365 -0.3365 -0.3365 -0.3365 -0.3365 -0.3365 -0.3410 -0.1031 -0.1031 0.2433 -0.1444 
I = 14.9000 9.4000 9.4000 9.4000 9.4000 9.4000 9.4000 9.4000 6.0000 6.0000 6.0000 6.0000 6.0000 6.0000 6.0000 2.0000 2.0000 2.0000 2.0000 2.0000 2.0000 2.0000 -2.0000 24.0000 24.0000 10.0000 -11.0000 
S1 = 0.0000 0.0000 0.0000 0.0000 0.0000 0.0000 0.0000 0.0000 0.0000 0.0000 0.0000 0.0000 0.0000 0.0000 0.0000 0.0000 0.0000 0.0000 0.0000 0.0000 0.0000 0.0000 0.0000 0.0000 0.0000 0.0000 0.0000 
S2 = 0.0000 0.0000 0.0000 0.0000 0.0000 0.0000 0.0000 0.0000 0.0000 0.0000 0.0000 0.0000 0.0000 0.0000 0.0000 0.0000 0.0000 0.0000 0.0000 0.0000 0.0000 0.0000 0.0000 0.0000 0.0000 0.0000 0.0000 
u = 9.8611 9.8596 9.8596 9.8596 9.8596 9.8596 9.8596 9.8596 9.8588 9.8588 9.8588 9.8588 9.8588 9.8588 9.8588 9.8577 9.8577 9.8577 9.8577 9.8577 9.8577 9.8577 9.8567 9.9473 9.9473 10.0577 9.9380 
v = 18.1724 16.5662 16.5662 16.5662 16.5662 16.5662 16.5662 16.5662 15.5867 15.5867 15.5867 15.5867 15.5867 15.5867 15.5867 14.4473 14.4473 14.4473 14.4473 14.4473 14.4473 14.4473 13.3215 23.9583 23.9583 111.1082 13.5887 
