ExternalI = 5.5000 0.0000 0.0000 0.0000 0.0000 0.0000 0.0000 0.0000 4.0000 4.0000 4.0000 4.0000 4.0000 4.0000 4.0000 0.0000 0.0000 0.0000 0.0000 0.0000 0.0000 0.0000 0.0000 8.0000 8.0000 0.0000 0.0000 
before u = 8.8916 8.8270 8.8270 8.8270 8.8270 8.8270 8.8270 8.8270 8.7938 8.7938 8.7938 8.7938 8.7938 8.7938 8.7938 8.7589 8.7589 8.7589 8.7589 8.7589 8.7589 8.7589 8.7273 10.3061 10.3061 10.9633 9.4917 
before v = 31.6497 25.1683 25.1683 25.1683 25.1683 25.1683 25.1683 25.1683 22.2312 22.2312 22.2312 22.2312 22.2312 22.2312 22.2312 19.3174 19.3174 19.3174 19.3174 19.3174 19.3174 19.3174 16.7877 96.9447 96.9447 84.8705 21.4409 
Ibias = 9.4000 9.4000 9.4000 9.4000 9.4000 9.4000 9.4000 9.4000 2.0000 2.0000 2.0000 2.0000 2.0000 2.0000 2.0000 2.0000 2.0000 2.0000 2.0000 2.0000 2.0000 2.0000 -2.0000 16.0000 16.0000 10.0000 -11.0000 
fa1 = 1.1275 0.4058 0.4058 0.4058 0.4058 0.4058 0.4058 0.4058 0.2817 0.2817 0.2817 0.2817 0.2817 0.2817 0.2817 0.2154 0.2154 0.2154 0.2154 0.2154 0.2154 0.2154 0.1826 159.6087 159.6087 92.5453 1.1042 
fa2 = 1.1260 0.4051 0.4051 0.4051 0.4051 0.4051 0.4051 0.4051 0.2813 0.2813 0.2813 0.2813 0.2813 0.2813 0.2813 0.2152 0.2152 0.2152 0.2152 0.2152 0.2152 0.2152 0.1825 163.4285 163.4285 94.3068 1.0976 
fa3 = 1.1260 0.4051 0.4051 0.4051 0.4051 0.4051 0.4051 0.4051 0.2813 0.2813 0.2813 0.2813 0.2813 0.2813 0.2813 0.2152 0.2152 0.2152 0.2152 0.2152 0.2152 0.2152 0.1825 163.5205 163.5205 94.3405 1.0977 
fa4 = 1.1245 0.4044 0.4044 0.4044 0.4044 0.4044 0.4044 0.4044 0.2809 0.2809 0.2809 0.2809 0.2809 0.2809 0.2809 0.2150 0.2150 0.2150 0.2150 0.2150 0.2150 0.2150 0.1824 167.4902 167.4902 96.1548 1.0911 
fb1 = -0.2291 -0.2524 -0.2524 -0.2524 -0.2524 -0.2524 -0.2524 -0.2524 -0.2628 -0.2628 -0.2628 -0.2628 -0.2628 -0.2628 -0.2628 -0.2731 -0.2731 -0.2731 -0.2731 -0.2731 -0.2731 -0.2731 -0.2819 0.1817 0.1817 0.1202 -0.1041 
fb2 = -0.2290 -0.2523 -0.2523 -0.2523 -0.2523 -0.2523 -0.2523 -0.2523 -0.2628 -0.2628 -0.2628 -0.2628 -0.2628 -0.2628 -0.2628 -0.2730 -0.2730 -0.2730 -0.2730 -0.2730 -0.2730 -0.2730 -0.2819 0.1848 0.1848 0.1221 -0.1040 
fb3 = -0.2290 -0.2523 -0.2523 -0.2523 -0.2523 -0.2523 -0.2523 -0.2523 -0.2628 -0.2628 -0.2628 -0.2628 -0.2628 -0.2628 -0.2628 -0.2730 -0.2730 -0.2730 -0.2730 -0.2730 -0.2730 -0.2730 -0.2819 0.1849 0.1849 0.1221 -0.1040 
fb4 = -0.2289 -0.2523 -0.2523 -0.2523 -0.2523 -0.2523 -0.2523 -0.2523 -0.2627 -0.2627 -0.2627 -0.2627 -0.2627 -0.2627 -0.2627 -0.2730 -0.2730 -0.2730 -0.2730 -0.2730 -0.2730 -0.2730 -0.2818 0.1882 0.1882 0.1240 -0.1040 
I = 14.9000 9.4000 9.4000 9.4000 9.4000 9.4000 9.4000 9.4000 6.0000 6.0000 6.0000 6.0000 6.0000 6.0000 6.0000 2.0000 2.0000 2.0000 2.0000 2.0000 2.0000 2.0000 -2.0000 24.8178 24.8178 10.0000 -3.4699 
S1 = 0.0000 0.0000 0.0000 0.0000 0.0000 0.0000 0.0000 0.0000 0.0000 0.0000 0.0000 0.0000 0.0000 0.0000 0.0000 0.0000 0.0000 0.0000 0.0000 0.0000 0.0000 0.0000 0.0000 0.0000 0.0000 0.0000 0.0000 
S2 = 0.0000 0.0000 0.0000 0.0000 0.0000 0.0000 0.0000 0.0000 0.0000 0.0000 0.0000 0.0000 0.0000 0.0000 0.0000 0.0000 0.0000 0.0000 0.0000 0.0000 0.0000 0.0000 0.0000 0.8178 0.8178 0.0000 7.5301 
u = 8.8893 8.8244 8.8244 8.8244 8.8244 8.8244 8.8244 8.8244 8.7912 8.7912 8.7912 8.7912 8.7912 8.7912 8.7912 8.7562 8.7562 8.7562 8.7562 8.7562 8.7562 8.7562 8.7245 10.3080 10.3080 10.9645 9.4906 
v = 31.6610 25.1724 25.1724 25.1724 25.1724 25.1724 25.1724 25.1724 22.2340 22.2340 22.2340 22.2340 22.2340 22.2340 22.2340 19.3195 19.3195 19.3195 19.3195 19.3195 19.3195 19.3195 16.7895 98.5797 98.5797 85.8138 21.4519 
