ExternalI = 5.5000 0.0000 0.0000 0.0000 0.0000 0.0000 0.0000 0.0000 4.0000 4.0000 4.0000 4.0000 4.0000 4.0000 4.0000 0.0000 0.0000 0.0000 0.0000 0.0000 0.0000 0.0000 0.0000 8.0000 8.0000 0.0000 0.0000 
before u = 8.8893 8.8244 8.8244 8.8244 8.8244 8.8244 8.8244 8.8244 8.7912 8.7912 8.7912 8.7912 8.7912 8.7912 8.7912 8.7562 8.7562 8.7562 8.7562 8.7562 8.7562 8.7562 8.7245 10.3080 10.3080 10.9645 9.4906 
before v = 31.6610 25.1724 25.1724 25.1724 25.1724 25.1724 25.1724 25.1724 22.2340 22.2340 22.2340 22.2340 22.2340 22.2340 22.2340 19.3195 19.3195 19.3195 19.3195 19.3195 19.3195 19.3195 16.7895 98.5797 98.5797 85.8138 21.4519 
Ibias = 9.4000 9.4000 9.4000 9.4000 9.4000 9.4000 9.4000 9.4000 2.0000 2.0000 2.0000 2.0000 2.0000 2.0000 2.0000 2.0000 2.0000 2.0000 2.0000 2.0000 2.0000 2.0000 -2.0000 16.0000 16.0000 10.0000 -11.0000 
fa1 = 1.1245 0.4044 0.4044 0.4044 0.4044 0.4044 0.4044 0.4044 0.2809 0.2809 0.2809 0.2809 0.2809 0.2809 0.2809 0.2150 0.2150 0.2150 0.2150 0.2150 0.2150 0.2150 0.1824 167.4875 167.4875 96.1545 1.0761 
fa2 = 1.1230 0.4036 0.4036 0.4036 0.4036 0.4036 0.4036 0.4036 0.2805 0.2805 0.2805 0.2805 0.2805 0.2805 0.2805 0.2148 0.2148 0.2148 0.2148 0.2148 0.2148 0.2148 0.1823 171.6067 171.6067 98.0214 1.0697 
fa3 = 1.1230 0.4036 0.4036 0.4036 0.4036 0.4036 0.4036 0.4036 0.2805 0.2805 0.2805 0.2805 0.2805 0.2805 0.2805 0.2148 0.2148 0.2148 0.2148 0.2148 0.2148 0.2148 0.1823 171.7087 171.7087 98.0578 1.0697 
fa4 = 1.1215 0.4029 0.4029 0.4029 0.4029 0.4029 0.4029 0.4029 0.2801 0.2801 0.2801 0.2801 0.2801 0.2801 0.2801 0.2146 0.2146 0.2146 0.2146 0.2146 0.2146 0.2146 0.1822 175.9939 175.9939 99.9817 1.0634 
fb1 = -0.2289 -0.2523 -0.2523 -0.2523 -0.2523 -0.2523 -0.2523 -0.2523 -0.2627 -0.2627 -0.2627 -0.2627 -0.2627 -0.2627 -0.2627 -0.2730 -0.2730 -0.2730 -0.2730 -0.2730 -0.2730 -0.2730 -0.2818 0.1882 0.1882 0.1240 -0.1040 
fb2 = -0.2289 -0.2522 -0.2522 -0.2522 -0.2522 -0.2522 -0.2522 -0.2522 -0.2627 -0.2627 -0.2627 -0.2627 -0.2627 -0.2627 -0.2627 -0.2729 -0.2729 -0.2729 -0.2729 -0.2729 -0.2729 -0.2729 -0.2818 0.1915 0.1915 0.1259 -0.1040 
fb3 = -0.2289 -0.2522 -0.2522 -0.2522 -0.2522 -0.2522 -0.2522 -0.2522 -0.2627 -0.2627 -0.2627 -0.2627 -0.2627 -0.2627 -0.2627 -0.2729 -0.2729 -0.2729 -0.2729 -0.2729 -0.2729 -0.2729 -0.2818 0.1916 0.1916 0.1259 -0.1040 
fb4 = -0.2288 -0.2522 -0.2522 -0.2522 -0.2522 -0.2522 -0.2522 -0.2522 -0.2626 -0.2626 -0.2626 -0.2626 -0.2626 -0.2626 -0.2626 -0.2729 -0.2729 -0.2729 -0.2729 -0.2729 -0.2729 -0.2729 -0.2817 0.1950 0.1950 0.1279 -0.1039 
I = 14.9000 9.4000 9.4000 9.4000 9.4000 9.4000 9.4000 9.4000 6.0000 6.0000 6.0000 6.0000 6.0000 6.0000 6.0000 2.0000 2.0000 2.0000 2.0000 2.0000 2.0000 2.0000 -2.0000 24.8161 24.8161 10.0000 -3.4850 
S1 = 0.0000 0.0000 0.0000 0.0000 0.0000 0.0000 0.0000 0.0000 0.0000 0.0000 0.0000 0.0000 0.0000 0.0000 0.0000 0.0000 0.0000 0.0000 0.0000 0.0000 0.0000 0.0000 0.0000 0.0000 0.0000 0.0000 0.0000 
S2 = 0.0000 0.0000 0.0000 0.0000 0.0000 0.0000 0.0000 0.0000 0.0000 0.0000 0.0000 0.0000 0.0000 0.0000 0.0000 0.0000 0.0000 0.0000 0.0000 0.0000 0.0000 0.0000 0.0000 0.8161 0.8161 0.0000 7.5150 
u = 8.8870 8.8219 8.8219 8.8219 8.8219 8.8219 8.8219 8.8219 8.7885 8.7885 8.7885 8.7885 8.7885 8.7885 8.7885 8.7534 8.7534 8.7534 8.7534 8.7534 8.7534 8.7534 8.7217 10.3099 10.3099 10.9658 9.4896 
v = 31.6722 25.1764 25.1764 25.1764 25.1764 25.1764 25.1764 25.1764 22.2368 22.2368 22.2368 22.2368 22.2368 22.2368 22.2368 19.3217 19.3217 19.3217 19.3217 19.3217 19.3217 19.3217 16.7914 100.2966 100.2966 86.7943 21.4625 
