ExternalI = 5.5000 0.0000 0.0000 0.0000 0.0000 0.0000 0.0000 0.0000 4.0000 4.0000 4.0000 4.0000 4.0000 4.0000 4.0000 0.0000 0.0000 0.0000 0.0000 0.0000 0.0000 0.0000 0.0000 8.0000 8.0000 0.0000 0.0000 
before u = 8.8870 8.8219 8.8219 8.8219 8.8219 8.8219 8.8219 8.8219 8.7885 8.7885 8.7885 8.7885 8.7885 8.7885 8.7885 8.7534 8.7534 8.7534 8.7534 8.7534 8.7534 8.7534 8.7217 10.3099 10.3099 10.9658 9.4896 
before v = 31.6722 25.1764 25.1764 25.1764 25.1764 25.1764 25.1764 25.1764 22.2368 22.2368 22.2368 22.2368 22.2368 22.2368 22.2368 19.3217 19.3217 19.3217 19.3217 19.3217 19.3217 19.3217 16.7914 100.2966 100.2966 86.7943 21.4625 
Ibias = 9.4000 9.4000 9.4000 9.4000 9.4000 9.4000 9.4000 9.4000 2.0000 2.0000 2.0000 2.0000 2.0000 2.0000 2.0000 2.0000 2.0000 2.0000 2.0000 2.0000 2.0000 2.0000 -2.0000 16.0000 16.0000 10.0000 -11.0000 
fa1 = 1.1215 0.4029 0.4029 0.4029 0.4029 0.4029 0.4029 0.4029 0.2801 0.2801 0.2801 0.2801 0.2801 0.2801 0.2801 0.2146 0.2146 0.2146 0.2146 0.2146 0.2146 0.2146 0.1822 175.9911 175.9911 99.9814 1.0484 
fa2 = 1.1201 0.4022 0.4022 0.4022 0.4022 0.4022 0.4022 0.4022 0.2797 0.2797 0.2797 0.2797 0.2797 0.2797 0.2797 0.2144 0.2144 0.2144 0.2144 0.2144 0.2144 0.2144 0.1821 180.4417 180.4417 101.9622 1.0422 
fa3 = 1.1201 0.4022 0.4022 0.4022 0.4022 0.4022 0.4022 0.4022 0.2797 0.2797 0.2797 0.2797 0.2797 0.2797 0.2797 0.2144 0.2144 0.2144 0.2144 0.2144 0.2144 0.2144 0.1821 180.5551 180.5551 102.0016 1.0422 
fa4 = 1.1186 0.4015 0.4015 0.4015 0.4015 0.4015 0.4015 0.4015 0.2793 0.2793 0.2793 0.2793 0.2793 0.2793 0.2793 0.2142 0.2142 0.2142 0.2142 0.2142 0.2142 0.2142 0.1820 185.1901 185.1901 104.0442 1.0360 
fb1 = -0.2288 -0.2522 -0.2522 -0.2522 -0.2522 -0.2522 -0.2522 -0.2522 -0.2626 -0.2626 -0.2626 -0.2626 -0.2626 -0.2626 -0.2626 -0.2729 -0.2729 -0.2729 -0.2729 -0.2729 -0.2729 -0.2729 -0.2817 0.1950 0.1950 0.1279 -0.1039 
fb2 = -0.2287 -0.2521 -0.2521 -0.2521 -0.2521 -0.2521 -0.2521 -0.2521 -0.2625 -0.2625 -0.2625 -0.2625 -0.2625 -0.2625 -0.2625 -0.2728 -0.2728 -0.2728 -0.2728 -0.2728 -0.2728 -0.2728 -0.2816 0.1985 0.1985 0.1298 -0.1039 
fb3 = -0.2287 -0.2521 -0.2521 -0.2521 -0.2521 -0.2521 -0.2521 -0.2521 -0.2625 -0.2625 -0.2625 -0.2625 -0.2625 -0.2625 -0.2625 -0.2728 -0.2728 -0.2728 -0.2728 -0.2728 -0.2728 -0.2728 -0.2816 0.1986 0.1986 0.1299 -0.1039 
fb4 = -0.2287 -0.2521 -0.2521 -0.2521 -0.2521 -0.2521 -0.2521 -0.2521 -0.2625 -0.2625 -0.2625 -0.2625 -0.2625 -0.2625 -0.2625 -0.2727 -0.2727 -0.2727 -0.2727 -0.2727 -0.2727 -0.2727 -0.2816 0.2022 0.2022 0.1319 -0.1039 
I = 14.9000 9.4000 9.4000 9.4000 9.4000 9.4000 9.4000 9.4000 6.0000 6.0000 6.0000 6.0000 6.0000 6.0000 6.0000 2.0000 2.0000 2.0000 2.0000 2.0000 2.0000 2.0000 -2.0000 24.8145 24.8145 10.0000 -3.5000 
S1 = 0.0000 0.0000 0.0000 0.0000 0.0000 0.0000 0.0000 0.0000 0.0000 0.0000 0.0000 0.0000 0.0000 0.0000 0.0000 0.0000 0.0000 0.0000 0.0000 0.0000 0.0000 0.0000 0.0000 0.0000 0.0000 0.0000 0.0000 
S2 = 0.0000 0.0000 0.0000 0.0000 0.0000 0.0000 0.0000 0.0000 0.0000 0.0000 0.0000 0.0000 0.0000 0.0000 0.0000 0.0000 0.0000 0.0000 0.0000 0.0000 0.0000 0.0000 0.0000 0.8145 0.8145 0.0000 7.5000 
u = 8.8847 8.8194 8.8194 8.8194 8.8194 8.8194 8.8194 8.8194 8.7859 8.7859 8.7859 8.7859 8.7859 8.7859 8.7859 8.7507 8.7507 8.7507 8.7507 8.7507 8.7507 8.7507 8.7189 10.3119 10.3119 10.9671 9.4886 
v = 31.6834 25.1804 25.1804 25.1804 25.1804 25.1804 25.1804 25.1804 22.2396 22.2396 22.2396 22.2396 22.2396 22.2396 22.2396 19.3238 19.3238 19.3238 19.3238 19.3238 19.3238 19.3238 16.7932 102.1019 102.1019 87.8142 21.4730 
