ExternalI = 5.5000 0.0000 0.0000 0.0000 0.0000 0.0000 0.0000 0.0000 4.0000 4.0000 4.0000 4.0000 4.0000 4.0000 4.0000 0.0000 0.0000 0.0000 0.0000 0.0000 0.0000 0.0000 0.0000 8.0000 8.0000 0.0000 0.0000 
before u = 8.8847 8.8194 8.8194 8.8194 8.8194 8.8194 8.8194 8.8194 8.7859 8.7859 8.7859 8.7859 8.7859 8.7859 8.7859 8.7507 8.7507 8.7507 8.7507 8.7507 8.7507 8.7507 8.7189 10.3119 10.3119 10.9671 9.4886 
before v = 31.6834 25.1804 25.1804 25.1804 25.1804 25.1804 25.1804 25.1804 22.2396 22.2396 22.2396 22.2396 22.2396 22.2396 22.2396 19.3238 19.3238 19.3238 19.3238 19.3238 19.3238 19.3238 16.7932 102.1019 102.1019 87.8142 21.4730 
Ibias = 9.4000 9.4000 9.4000 9.4000 9.4000 9.4000 9.4000 9.4000 2.0000 2.0000 2.0000 2.0000 2.0000 2.0000 2.0000 2.0000 2.0000 2.0000 2.0000 2.0000 2.0000 2.0000 -2.0000 16.0000 16.0000 10.0000 -11.0000 
fa1 = 1.1186 0.4015 0.4015 0.4015 0.4015 0.4015 0.4015 0.4015 0.2793 0.2793 0.2793 0.2793 0.2793 0.2793 0.2793 0.2142 0.2142 0.2142 0.2142 0.2142 0.2142 0.2142 0.1820 185.1871 185.1871 104.0438 1.0210 
fa2 = 1.1172 0.4008 0.4008 0.4008 0.4008 0.4008 0.4008 0.4008 0.2789 0.2789 0.2789 0.2789 0.2789 0.2789 0.2789 0.2140 0.2140 0.2140 0.2140 0.2140 0.2140 0.2140 0.1819 190.0058 190.0058 106.1479 1.0150 
fa3 = 1.1172 0.4008 0.4008 0.4008 0.4008 0.4008 0.4008 0.4008 0.2789 0.2789 0.2789 0.2789 0.2789 0.2789 0.2789 0.2140 0.2140 0.2140 0.2140 0.2140 0.2140 0.2140 0.1819 190.1321 190.1321 106.1907 1.0151 
fa4 = 1.1157 0.4000 0.4000 0.4000 0.4000 0.4000 0.4000 0.4000 0.2785 0.2785 0.2785 0.2785 0.2785 0.2785 0.2785 0.2138 0.2138 0.2138 0.2138 0.2138 0.2138 0.2138 0.1818 195.1560 195.1560 108.3619 1.0091 
fb1 = -0.2287 -0.2521 -0.2521 -0.2521 -0.2521 -0.2521 -0.2521 -0.2521 -0.2625 -0.2625 -0.2625 -0.2625 -0.2625 -0.2625 -0.2625 -0.2727 -0.2727 -0.2727 -0.2727 -0.2727 -0.2727 -0.2727 -0.2816 0.2022 0.2022 0.1319 -0.1039 
fb2 = -0.2286 -0.2520 -0.2520 -0.2520 -0.2520 -0.2520 -0.2520 -0.2520 -0.2624 -0.2624 -0.2624 -0.2624 -0.2624 -0.2624 -0.2624 -0.2727 -0.2727 -0.2727 -0.2727 -0.2727 -0.2727 -0.2727 -0.2815 0.2059 0.2059 0.1340 -0.1038 
fb3 = -0.2286 -0.2520 -0.2520 -0.2520 -0.2520 -0.2520 -0.2520 -0.2520 -0.2624 -0.2624 -0.2624 -0.2624 -0.2624 -0.2624 -0.2624 -0.2727 -0.2727 -0.2727 -0.2727 -0.2727 -0.2727 -0.2727 -0.2815 0.2059 0.2059 0.1340 -0.1038 
fb4 = -0.2285 -0.2519 -0.2519 -0.2519 -0.2519 -0.2519 -0.2519 -0.2519 -0.2624 -0.2624 -0.2624 -0.2624 -0.2624 -0.2624 -0.2624 -0.2726 -0.2726 -0.2726 -0.2726 -0.2726 -0.2726 -0.2726 -0.2815 0.2097 0.2097 0.1361 -0.1038 
I = 14.9000 9.4000 9.4000 9.4000 9.4000 9.4000 9.4000 9.4000 6.0000 6.0000 6.0000 6.0000 6.0000 6.0000 6.0000 2.0000 2.0000 2.0000 2.0000 2.0000 2.0000 2.0000 -2.0000 24.8129 24.8129 10.0000 -3.5150 
S1 = 0.0000 0.0000 0.0000 0.0000 0.0000 0.0000 0.0000 0.0000 0.0000 0.0000 0.0000 0.0000 0.0000 0.0000 0.0000 0.0000 0.0000 0.0000 0.0000 0.0000 0.0000 0.0000 0.0000 0.0000 0.0000 0.0000 0.0000 
S2 = 0.0000 0.0000 0.0000 0.0000 0.0000 0.0000 0.0000 0.0000 0.0000 0.0000 0.0000 0.0000 0.0000 0.0000 0.0000 0.0000 0.0000 0.0000 0.0000 0.0000 0.0000 0.0000 0.0000 0.8129 0.8129 0.0000 7.4850 
u = 8.8824 8.8169 8.8169 8.8169 8.8169 8.8169 8.8169 8.8169 8.7833 8.7833 8.7833 8.7833 8.7833 8.7833 8.7833 8.7480 8.7480 8.7480 8.7480 8.7480 8.7480 8.7480 8.7160 10.3139 10.3139 10.9684 9.4875 
v = 31.6946 25.1844 25.1844 25.1844 25.1844 25.1844 25.1844 25.1844 22.2424 22.2424 22.2424 22.2424 22.2424 22.2424 22.2424 19.3260 19.3260 19.3260 19.3260 19.3260 19.3260 19.3260 16.7950 104.0029 104.0029 88.8760 21.4831 
