ExternalI = 5.5000 0.0000 0.0000 0.0000 0.0000 0.0000 0.0000 0.0000 4.0000 4.0000 4.0000 4.0000 4.0000 4.0000 4.0000 0.0000 0.0000 0.0000 0.0000 0.0000 0.0000 0.0000 0.0000 8.0000 8.0000 0.0000 0.0000 
before u = 8.8824 8.8169 8.8169 8.8169 8.8169 8.8169 8.8169 8.8169 8.7833 8.7833 8.7833 8.7833 8.7833 8.7833 8.7833 8.7480 8.7480 8.7480 8.7480 8.7480 8.7480 8.7480 8.7160 10.3139 10.3139 10.9684 9.4875 
before v = 31.6946 25.1844 25.1844 25.1844 25.1844 25.1844 25.1844 25.1844 22.2424 22.2424 22.2424 22.2424 22.2424 22.2424 22.2424 19.3260 19.3260 19.3260 19.3260 19.3260 19.3260 19.3260 16.7950 104.0029 104.0029 88.8760 21.4831 
Ibias = 9.4000 9.4000 9.4000 9.4000 9.4000 9.4000 9.4000 9.4000 2.0000 2.0000 2.0000 2.0000 2.0000 2.0000 2.0000 2.0000 2.0000 2.0000 2.0000 2.0000 2.0000 2.0000 -2.0000 16.0000 16.0000 10.0000 -11.0000 
fa1 = 1.1157 0.4000 0.4000 0.4000 0.4000 0.4000 0.4000 0.4000 0.2785 0.2785 0.2785 0.2785 0.2785 0.2785 0.2785 0.2138 0.2138 0.2138 0.2138 0.2138 0.2138 0.2138 0.1818 195.1528 195.1528 108.3615 0.9941 
fa2 = 1.1143 0.3993 0.3993 0.3993 0.3993 0.3993 0.3993 0.3993 0.2781 0.2781 0.2781 0.2781 0.2781 0.2781 0.2781 0.2136 0.2136 0.2136 0.2136 0.2136 0.2136 0.2136 0.1817 200.3811 200.3811 110.5994 0.9883 
fa3 = 1.1143 0.3993 0.3993 0.3993 0.3993 0.3993 0.3993 0.3993 0.2781 0.2781 0.2781 0.2781 0.2781 0.2781 0.2781 0.2136 0.2136 0.2136 0.2136 0.2136 0.2136 0.2136 0.1817 200.5222 200.5222 110.6459 0.9883 
fa4 = 1.1128 0.3986 0.3986 0.3986 0.3986 0.3986 0.3986 0.3986 0.2777 0.2777 0.2777 0.2777 0.2777 0.2777 0.2777 0.2134 0.2134 0.2134 0.2134 0.2134 0.2134 0.2134 0.1816 205.9797 205.9797 112.9567 0.9825 
fb1 = -0.2285 -0.2519 -0.2519 -0.2519 -0.2519 -0.2519 -0.2519 -0.2519 -0.2624 -0.2624 -0.2624 -0.2624 -0.2624 -0.2624 -0.2624 -0.2726 -0.2726 -0.2726 -0.2726 -0.2726 -0.2726 -0.2726 -0.2815 0.2097 0.2097 0.1361 -0.1038 
fb2 = -0.2285 -0.2519 -0.2519 -0.2519 -0.2519 -0.2519 -0.2519 -0.2519 -0.2623 -0.2623 -0.2623 -0.2623 -0.2623 -0.2623 -0.2623 -0.2726 -0.2726 -0.2726 -0.2726 -0.2726 -0.2726 -0.2726 -0.2814 0.2136 0.2136 0.1383 -0.1038 
fb3 = -0.2285 -0.2519 -0.2519 -0.2519 -0.2519 -0.2519 -0.2519 -0.2519 -0.2623 -0.2623 -0.2623 -0.2623 -0.2623 -0.2623 -0.2623 -0.2726 -0.2726 -0.2726 -0.2726 -0.2726 -0.2726 -0.2726 -0.2814 0.2137 0.2137 0.1383 -0.1038 
fb4 = -0.2284 -0.2518 -0.2518 -0.2518 -0.2518 -0.2518 -0.2518 -0.2518 -0.2622 -0.2622 -0.2622 -0.2622 -0.2622 -0.2622 -0.2622 -0.2725 -0.2725 -0.2725 -0.2725 -0.2725 -0.2725 -0.2725 -0.2813 0.2177 0.2177 0.1405 -0.1038 
I = 14.9000 9.4000 9.4000 9.4000 9.4000 9.4000 9.4000 9.4000 6.0000 6.0000 6.0000 6.0000 6.0000 6.0000 6.0000 2.0000 2.0000 2.0000 2.0000 2.0000 2.0000 2.0000 -2.0000 24.8113 24.8113 10.0000 -3.5300 
S1 = 0.0000 0.0000 0.0000 0.0000 0.0000 0.0000 0.0000 0.0000 0.0000 0.0000 0.0000 0.0000 0.0000 0.0000 0.0000 0.0000 0.0000 0.0000 0.0000 0.0000 0.0000 0.0000 0.0000 0.0000 0.0000 0.0000 0.0000 
S2 = 0.0000 0.0000 0.0000 0.0000 0.0000 0.0000 0.0000 0.0000 0.0000 0.0000 0.0000 0.0000 0.0000 0.0000 0.0000 0.0000 0.0000 0.0000 0.0000 0.0000 0.0000 0.0000 0.0000 0.8113 0.8113 0.0000 7.4700 
u = 8.8801 8.8144 8.8144 8.8144 8.8144 8.8144 8.8144 8.8144 8.7807 8.7807 8.7807 8.7807 8.7807 8.7807 8.7807 8.7453 8.7453 8.7453 8.7453 8.7453 8.7453 8.7453 8.7132 10.3161 10.3161 10.9698 9.4865 
v = 31.7057 25.1884 25.1884 25.1884 25.1884 25.1884 25.1884 25.1884 22.2452 22.2452 22.2452 22.2452 22.2452 22.2452 22.2452 19.3281 19.3281 19.3281 19.3281 19.3281 19.3281 19.3281 16.7968 106.0078 106.0078 89.9824 21.4930 
