ExternalI = 5.5000 0.0000 0.0000 0.0000 0.0000 0.0000 0.0000 0.0000 4.0000 4.0000 4.0000 4.0000 4.0000 4.0000 4.0000 0.0000 0.0000 0.0000 0.0000 0.0000 0.0000 0.0000 0.0000 8.0000 8.0000 0.0000 0.0000 
before u = 8.8801 8.8144 8.8144 8.8144 8.8144 8.8144 8.8144 8.8144 8.7807 8.7807 8.7807 8.7807 8.7807 8.7807 8.7807 8.7453 8.7453 8.7453 8.7453 8.7453 8.7453 8.7453 8.7132 10.3161 10.3161 10.9698 9.4865 
before v = 31.7057 25.1884 25.1884 25.1884 25.1884 25.1884 25.1884 25.1884 22.2452 22.2452 22.2452 22.2452 22.2452 22.2452 22.2452 19.3281 19.3281 19.3281 19.3281 19.3281 19.3281 19.3281 16.7968 106.0078 106.0078 89.9824 21.4930 
Ibias = 9.4000 9.4000 9.4000 9.4000 9.4000 9.4000 9.4000 9.4000 2.0000 2.0000 2.0000 2.0000 2.0000 2.0000 2.0000 2.0000 2.0000 2.0000 2.0000 2.0000 2.0000 2.0000 -2.0000 16.0000 16.0000 10.0000 -11.0000 
fa1 = 1.1128 0.3986 0.3986 0.3986 0.3986 0.3986 0.3986 0.3986 0.2777 0.2777 0.2777 0.2777 0.2777 0.2777 0.2777 0.2134 0.2134 0.2134 0.2134 0.2134 0.2134 0.2134 0.1816 205.9763 205.9763 112.9562 0.9675 
fa2 = 1.1114 0.3979 0.3979 0.3979 0.3979 0.3979 0.3979 0.3979 0.2773 0.2773 0.2773 0.2773 0.2773 0.2773 0.2773 0.2133 0.2133 0.2133 0.2133 0.2133 0.2133 0.2133 0.1815 211.6621 211.6621 115.3396 0.9619 
fa3 = 1.1114 0.3979 0.3979 0.3979 0.3979 0.3979 0.3979 0.3979 0.2773 0.2773 0.2773 0.2773 0.2773 0.2773 0.2773 0.2133 0.2133 0.2133 0.2133 0.2133 0.2133 0.2133 0.1815 211.8202 211.8202 115.3901 0.9619 
fa4 = 1.1100 0.3972 0.3972 0.3972 0.3972 0.3972 0.3972 0.3972 0.2770 0.2770 0.2770 0.2770 0.2770 0.2770 0.2770 0.2131 0.2131 0.2131 0.2131 0.2131 0.2131 0.2131 0.1815 217.7627 217.7627 117.8528 0.9563 
fb1 = -0.2284 -0.2518 -0.2518 -0.2518 -0.2518 -0.2518 -0.2518 -0.2518 -0.2622 -0.2622 -0.2622 -0.2622 -0.2622 -0.2622 -0.2622 -0.2725 -0.2725 -0.2725 -0.2725 -0.2725 -0.2725 -0.2725 -0.2813 0.2177 0.2177 0.1405 -0.1038 
fb2 = -0.2283 -0.2518 -0.2518 -0.2518 -0.2518 -0.2518 -0.2518 -0.2518 -0.2622 -0.2622 -0.2622 -0.2622 -0.2622 -0.2622 -0.2622 -0.2724 -0.2724 -0.2724 -0.2724 -0.2724 -0.2724 -0.2724 -0.2813 0.2218 0.2218 0.1428 -0.1037 
fb3 = -0.2283 -0.2518 -0.2518 -0.2518 -0.2518 -0.2518 -0.2518 -0.2518 -0.2622 -0.2622 -0.2622 -0.2622 -0.2622 -0.2622 -0.2622 -0.2724 -0.2724 -0.2724 -0.2724 -0.2724 -0.2724 -0.2724 -0.2813 0.2219 0.2219 0.1428 -0.1037 
fb4 = -0.2282 -0.2517 -0.2517 -0.2517 -0.2517 -0.2517 -0.2517 -0.2517 -0.2621 -0.2621 -0.2621 -0.2621 -0.2621 -0.2621 -0.2621 -0.2724 -0.2724 -0.2724 -0.2724 -0.2724 -0.2724 -0.2724 -0.2812 0.2261 0.2261 0.1451 -0.1037 
I = 14.9000 9.4000 9.4000 9.4000 9.4000 9.4000 9.4000 9.4000 6.0000 6.0000 6.0000 6.0000 6.0000 6.0000 6.0000 2.0000 2.0000 2.0000 2.0000 2.0000 2.0000 2.0000 -2.0000 24.8096 24.8096 10.0000 -3.5449 
S1 = 0.0000 0.0000 0.0000 0.0000 0.0000 0.0000 0.0000 0.0000 0.0000 0.0000 0.0000 0.0000 0.0000 0.0000 0.0000 0.0000 0.0000 0.0000 0.0000 0.0000 0.0000 0.0000 0.0000 0.0000 0.0000 0.0000 0.0000 
S2 = 0.0000 0.0000 0.0000 0.0000 0.0000 0.0000 0.0000 0.0000 0.0000 0.0000 0.0000 0.0000 0.0000 0.0000 0.0000 0.0000 0.0000 0.0000 0.0000 0.0000 0.0000 0.0000 0.0000 0.8096 0.8096 0.0000 7.4551 
u = 8.8778 8.8118 8.8118 8.8118 8.8118 8.8118 8.8118 8.8118 8.7780 8.7780 8.7780 8.7780 8.7780 8.7780 8.7780 8.7425 8.7425 8.7425 8.7425 8.7425 8.7425 8.7425 8.7104 10.3183 10.3183 10.9712 9.4854 
v = 31.7168 25.1924 25.1924 25.1924 25.1924 25.1924 25.1924 25.1924 22.2479 22.2479 22.2479 22.2479 22.2479 22.2479 22.2479 19.3302 19.3302 19.3302 19.3302 19.3302 19.3302 19.3302 16.7986 108.1256 108.1256 91.1362 21.5026 
