ExternalI = 5.5000 0.0000 0.0000 0.0000 0.0000 0.0000 0.0000 0.0000 4.0000 4.0000 4.0000 4.0000 4.0000 4.0000 4.0000 0.0000 0.0000 0.0000 0.0000 0.0000 0.0000 0.0000 0.0000 8.0000 8.0000 0.0000 0.0000 
before u = 8.8778 8.8118 8.8118 8.8118 8.8118 8.8118 8.8118 8.8118 8.7780 8.7780 8.7780 8.7780 8.7780 8.7780 8.7780 8.7425 8.7425 8.7425 8.7425 8.7425 8.7425 8.7425 8.7104 10.3183 10.3183 10.9712 9.4854 
before v = 31.7168 25.1924 25.1924 25.1924 25.1924 25.1924 25.1924 25.1924 22.2479 22.2479 22.2479 22.2479 22.2479 22.2479 22.2479 19.3302 19.3302 19.3302 19.3302 19.3302 19.3302 19.3302 16.7986 108.1256 108.1256 91.1362 21.5026 
Ibias = 9.4000 9.4000 9.4000 9.4000 9.4000 9.4000 9.4000 9.4000 2.0000 2.0000 2.0000 2.0000 2.0000 2.0000 2.0000 2.0000 2.0000 2.0000 2.0000 2.0000 2.0000 2.0000 -2.0000 16.0000 16.0000 10.0000 -11.0000 
fa1 = 1.1100 0.3972 0.3972 0.3972 0.3972 0.3972 0.3972 0.3972 0.2770 0.2770 0.2770 0.2770 0.2770 0.2770 0.2770 0.2131 0.2131 0.2131 0.2131 0.2131 0.2131 0.2131 0.1815 217.7590 217.7590 117.8523 0.9414 
fa2 = 1.1085 0.3965 0.3965 0.3965 0.3965 0.3965 0.3965 0.3965 0.2766 0.2766 0.2766 0.2766 0.2766 0.2766 0.2766 0.2129 0.2129 0.2129 0.2129 0.2129 0.2129 0.2129 0.1814 223.9570 223.9570 120.3939 0.9358 
fa3 = 1.1085 0.3965 0.3965 0.3965 0.3965 0.3965 0.3965 0.3965 0.2766 0.2766 0.2766 0.2766 0.2766 0.2766 0.2766 0.2129 0.2129 0.2129 0.2129 0.2129 0.2129 0.2129 0.1814 224.1348 224.1348 120.4491 0.9359 
fa4 = 1.1071 0.3958 0.3958 0.3958 0.3958 0.3958 0.3958 0.3958 0.2762 0.2762 0.2762 0.2762 0.2762 0.2762 0.2762 0.2127 0.2127 0.2127 0.2127 0.2127 0.2127 0.2127 0.1813 230.6214 230.6214 123.0772 0.9304 
fb1 = -0.2282 -0.2517 -0.2517 -0.2517 -0.2517 -0.2517 -0.2517 -0.2517 -0.2621 -0.2621 -0.2621 -0.2621 -0.2621 -0.2621 -0.2621 -0.2724 -0.2724 -0.2724 -0.2724 -0.2724 -0.2724 -0.2724 -0.2812 0.2261 0.2261 0.1451 -0.1037 
fb2 = -0.2282 -0.2516 -0.2516 -0.2516 -0.2516 -0.2516 -0.2516 -0.2516 -0.2621 -0.2621 -0.2621 -0.2621 -0.2621 -0.2621 -0.2621 -0.2723 -0.2723 -0.2723 -0.2723 -0.2723 -0.2723 -0.2723 -0.2812 0.2305 0.2305 0.1475 -0.1037 
fb3 = -0.2282 -0.2516 -0.2516 -0.2516 -0.2516 -0.2516 -0.2516 -0.2516 -0.2621 -0.2621 -0.2621 -0.2621 -0.2621 -0.2621 -0.2621 -0.2723 -0.2723 -0.2723 -0.2723 -0.2723 -0.2723 -0.2723 -0.2812 0.2306 0.2306 0.1475 -0.1037 
fb4 = -0.2281 -0.2516 -0.2516 -0.2516 -0.2516 -0.2516 -0.2516 -0.2516 -0.2620 -0.2620 -0.2620 -0.2620 -0.2620 -0.2620 -0.2620 -0.2723 -0.2723 -0.2723 -0.2723 -0.2723 -0.2723 -0.2723 -0.2811 0.2351 0.2351 0.1499 -0.1036 
I = 14.9000 9.4000 9.4000 9.4000 9.4000 9.4000 9.4000 9.4000 6.0000 6.0000 6.0000 6.0000 6.0000 6.0000 6.0000 2.0000 2.0000 2.0000 2.0000 2.0000 2.0000 2.0000 -2.0000 24.8080 24.8080 10.0000 -3.5599 
S1 = 0.0000 0.0000 0.0000 0.0000 0.0000 0.0000 0.0000 0.0000 0.0000 0.0000 0.0000 0.0000 0.0000 0.0000 0.0000 0.0000 0.0000 0.0000 0.0000 0.0000 0.0000 0.0000 0.0000 0.0000 0.0000 0.0000 0.0000 
S2 = 0.0000 0.0000 0.0000 0.0000 0.0000 0.0000 0.0000 0.0000 0.0000 0.0000 0.0000 0.0000 0.0000 0.0000 0.0000 0.0000 0.0000 0.0000 0.0000 0.0000 0.0000 0.0000 0.0000 0.8080 0.8080 0.0000 7.4401 
u = 8.8756 8.8093 8.8093 8.8093 8.8093 8.8093 8.8093 8.8093 8.7754 8.7754 8.7754 8.7754 8.7754 8.7754 8.7754 8.7398 8.7398 8.7398 8.7398 8.7398 8.7398 8.7398 8.7076 10.3206 10.3206 10.9727 9.4844 
v = 31.7279 25.1964 25.1964 25.1964 25.1964 25.1964 25.1964 25.1964 22.2507 22.2507 22.2507 22.2507 22.2507 22.2507 22.2507 19.3324 19.3324 19.3324 19.3324 19.3324 19.3324 19.3324 16.8004 110.3666 110.3666 92.3405 21.5120 
