ExternalI = 5.5000 0.0000 0.0000 0.0000 0.0000 0.0000 0.0000 0.0000 4.0000 4.0000 4.0000 4.0000 4.0000 4.0000 4.0000 0.0000 0.0000 0.0000 0.0000 0.0000 0.0000 0.0000 0.0000 8.0000 8.0000 0.0000 0.0000 
before u = 8.8756 8.8093 8.8093 8.8093 8.8093 8.8093 8.8093 8.8093 8.7754 8.7754 8.7754 8.7754 8.7754 8.7754 8.7754 8.7398 8.7398 8.7398 8.7398 8.7398 8.7398 8.7398 8.7076 10.3206 10.3206 10.9727 9.4844 
before v = 31.7279 25.1964 25.1964 25.1964 25.1964 25.1964 25.1964 25.1964 22.2507 22.2507 22.2507 22.2507 22.2507 22.2507 22.2507 19.3324 19.3324 19.3324 19.3324 19.3324 19.3324 19.3324 16.8004 110.3666 110.3666 92.3405 21.5120 
Ibias = 9.4000 9.4000 9.4000 9.4000 9.4000 9.4000 9.4000 9.4000 2.0000 2.0000 2.0000 2.0000 2.0000 2.0000 2.0000 2.0000 2.0000 2.0000 2.0000 2.0000 2.0000 2.0000 -2.0000 16.0000 16.0000 10.0000 -11.0000 
fa1 = 1.1071 0.3958 0.3958 0.3958 0.3958 0.3958 0.3958 0.3958 0.2762 0.2762 0.2762 0.2762 0.2762 0.2762 0.2762 0.2127 0.2127 0.2127 0.2127 0.2127 0.2127 0.2127 0.1813 230.6174 230.6174 123.0766 0.9155 
fa2 = 1.1057 0.3952 0.3952 0.3952 0.3952 0.3952 0.3952 0.3952 0.2758 0.2758 0.2758 0.2758 0.2758 0.2758 0.2758 0.2125 0.2125 0.2125 0.2125 0.2125 0.2125 0.2125 0.1812 237.3911 237.3911 125.7909 0.9102 
fa3 = 1.1057 0.3952 0.3952 0.3952 0.3952 0.3952 0.3952 0.3952 0.2758 0.2758 0.2758 0.2758 0.2758 0.2758 0.2758 0.2125 0.2125 0.2125 0.2125 0.2125 0.2125 0.2125 0.1812 237.5917 237.5917 125.8511 0.9102 
fa4 = 1.1043 0.3945 0.3945 0.3945 0.3945 0.3945 0.3945 0.3945 0.2755 0.2755 0.2755 0.2755 0.2755 0.2755 0.2755 0.2123 0.2123 0.2123 0.2123 0.2123 0.2123 0.2123 0.1811 244.6908 244.6908 128.6599 0.9049 
fb1 = -0.2281 -0.2516 -0.2516 -0.2516 -0.2516 -0.2516 -0.2516 -0.2516 -0.2620 -0.2620 -0.2620 -0.2620 -0.2620 -0.2620 -0.2620 -0.2723 -0.2723 -0.2723 -0.2723 -0.2723 -0.2723 -0.2723 -0.2811 0.2351 0.2351 0.1499 -0.1036 
fb2 = -0.2280 -0.2515 -0.2515 -0.2515 -0.2515 -0.2515 -0.2515 -0.2515 -0.2620 -0.2620 -0.2620 -0.2620 -0.2620 -0.2620 -0.2620 -0.2722 -0.2722 -0.2722 -0.2722 -0.2722 -0.2722 -0.2722 -0.2810 0.2396 0.2396 0.1524 -0.1036 
fb3 = -0.2280 -0.2515 -0.2515 -0.2515 -0.2515 -0.2515 -0.2515 -0.2515 -0.2620 -0.2620 -0.2620 -0.2620 -0.2620 -0.2620 -0.2620 -0.2722 -0.2722 -0.2722 -0.2722 -0.2722 -0.2722 -0.2722 -0.2810 0.2398 0.2398 0.1524 -0.1036 
fb4 = -0.2280 -0.2515 -0.2515 -0.2515 -0.2515 -0.2515 -0.2515 -0.2515 -0.2619 -0.2619 -0.2619 -0.2619 -0.2619 -0.2619 -0.2619 -0.2721 -0.2721 -0.2721 -0.2721 -0.2721 -0.2721 -0.2721 -0.2810 0.2445 0.2445 0.1549 -0.1036 
I = 14.9000 9.4000 9.4000 9.4000 9.4000 9.4000 9.4000 9.4000 6.0000 6.0000 6.0000 6.0000 6.0000 6.0000 6.0000 2.0000 2.0000 2.0000 2.0000 2.0000 2.0000 2.0000 -2.0000 24.8064 24.8064 10.0000 -3.5747 
S1 = 0.0000 0.0000 0.0000 0.0000 0.0000 0.0000 0.0000 0.0000 0.0000 0.0000 0.0000 0.0000 0.0000 0.0000 0.0000 0.0000 0.0000 0.0000 0.0000 0.0000 0.0000 0.0000 0.0000 0.0000 0.0000 0.0000 0.0000 
S2 = 0.0000 0.0000 0.0000 0.0000 0.0000 0.0000 0.0000 0.0000 0.0000 0.0000 0.0000 0.0000 0.0000 0.0000 0.0000 0.0000 0.0000 0.0000 0.0000 0.0000 0.0000 0.0000 0.0000 0.8064 0.8064 0.0000 7.4253 
u = 8.8733 8.8068 8.8068 8.8068 8.8068 8.8068 8.8068 8.8068 8.7728 8.7728 8.7728 8.7728 8.7728 8.7728 8.7728 8.7371 8.7371 8.7371 8.7371 8.7371 8.7371 8.7371 8.7048 10.3230 10.3230 10.9742 9.4834 
v = 31.7390 25.2003 25.2003 25.2003 25.2003 25.2003 25.2003 25.2003 22.2535 22.2535 22.2535 22.2535 22.2535 22.2535 22.2535 19.3345 19.3345 19.3345 19.3345 19.3345 19.3345 19.3345 16.8023 112.7420 112.7420 93.5989 21.5211 
