ExternalI = 5.5000 0.0000 0.0000 0.0000 0.0000 0.0000 0.0000 0.0000 4.0000 4.0000 4.0000 4.0000 4.0000 4.0000 4.0000 0.0000 0.0000 0.0000 0.0000 0.0000 0.0000 0.0000 0.0000 8.0000 8.0000 0.0000 0.0000 
before u = 8.8733 8.8068 8.8068 8.8068 8.8068 8.8068 8.8068 8.8068 8.7728 8.7728 8.7728 8.7728 8.7728 8.7728 8.7728 8.7371 8.7371 8.7371 8.7371 8.7371 8.7371 8.7371 8.7048 10.3230 10.3230 10.9742 9.4834 
before v = 31.7390 25.2003 25.2003 25.2003 25.2003 25.2003 25.2003 25.2003 22.2535 22.2535 22.2535 22.2535 22.2535 22.2535 22.2535 19.3345 19.3345 19.3345 19.3345 19.3345 19.3345 19.3345 16.8023 112.7420 112.7420 93.5989 21.5211 
Ibias = 9.4000 9.4000 9.4000 9.4000 9.4000 9.4000 9.4000 9.4000 2.0000 2.0000 2.0000 2.0000 2.0000 2.0000 2.0000 2.0000 2.0000 2.0000 2.0000 2.0000 2.0000 2.0000 -2.0000 16.0000 16.0000 10.0000 -11.0000 
fa1 = 1.1043 0.3945 0.3945 0.3945 0.3945 0.3945 0.3945 0.3945 0.2755 0.2755 0.2755 0.2755 0.2755 0.2755 0.2755 0.2123 0.2123 0.2123 0.2123 0.2123 0.2123 0.2123 0.1811 244.6864 244.6864 128.6592 0.8901 
fa2 = 1.1029 0.3938 0.3938 0.3938 0.3938 0.3938 0.3938 0.3938 0.2751 0.2751 0.2751 0.2751 0.2751 0.2751 0.2751 0.2121 0.2121 0.2121 0.2121 0.2121 0.2121 0.2121 0.1810 252.1093 252.1093 131.5620 0.8849 
fa3 = 1.1029 0.3938 0.3938 0.3938 0.3938 0.3938 0.3938 0.3938 0.2751 0.2751 0.2751 0.2751 0.2751 0.2751 0.2751 0.2121 0.2121 0.2121 0.2121 0.2121 0.2121 0.2121 0.1810 252.3364 252.3364 131.6279 0.8849 
fa4 = 1.1015 0.3931 0.3931 0.3931 0.3931 0.3931 0.3931 0.3931 0.2747 0.2747 0.2747 0.2747 0.2747 0.2747 0.2747 0.2120 0.2120 0.2120 0.2120 0.2120 0.2120 0.2120 0.1809 260.1276 260.1276 134.6343 0.8798 
fb1 = -0.2280 -0.2515 -0.2515 -0.2515 -0.2515 -0.2515 -0.2515 -0.2515 -0.2619 -0.2619 -0.2619 -0.2619 -0.2619 -0.2619 -0.2619 -0.2721 -0.2721 -0.2721 -0.2721 -0.2721 -0.2721 -0.2721 -0.2810 0.2445 0.2445 0.1549 -0.1036 
fb2 = -0.2279 -0.2514 -0.2514 -0.2514 -0.2514 -0.2514 -0.2514 -0.2514 -0.2618 -0.2618 -0.2618 -0.2618 -0.2618 -0.2618 -0.2618 -0.2721 -0.2721 -0.2721 -0.2721 -0.2721 -0.2721 -0.2721 -0.2809 0.2494 0.2494 0.1575 -0.1036 
fb3 = -0.2279 -0.2514 -0.2514 -0.2514 -0.2514 -0.2514 -0.2514 -0.2514 -0.2618 -0.2618 -0.2618 -0.2618 -0.2618 -0.2618 -0.2618 -0.2721 -0.2721 -0.2721 -0.2721 -0.2721 -0.2721 -0.2721 -0.2809 0.2495 0.2495 0.1575 -0.1036 
fb4 = -0.2278 -0.2514 -0.2514 -0.2514 -0.2514 -0.2514 -0.2514 -0.2514 -0.2618 -0.2618 -0.2618 -0.2618 -0.2618 -0.2618 -0.2618 -0.2720 -0.2720 -0.2720 -0.2720 -0.2720 -0.2720 -0.2720 -0.2809 0.2546 0.2546 0.1601 -0.1035 
I = 14.9000 9.4000 9.4000 9.4000 9.4000 9.4000 9.4000 9.4000 6.0000 6.0000 6.0000 6.0000 6.0000 6.0000 6.0000 2.0000 2.0000 2.0000 2.0000 2.0000 2.0000 2.0000 -2.0000 24.8048 24.8048 10.0000 -3.5896 
S1 = 0.0000 0.0000 0.0000 0.0000 0.0000 0.0000 0.0000 0.0000 0.0000 0.0000 0.0000 0.0000 0.0000 0.0000 0.0000 0.0000 0.0000 0.0000 0.0000 0.0000 0.0000 0.0000 0.0000 0.0000 0.0000 0.0000 0.0000 
S2 = 0.0000 0.0000 0.0000 0.0000 0.0000 0.0000 0.0000 0.0000 0.0000 0.0000 0.0000 0.0000 0.0000 0.0000 0.0000 0.0000 0.0000 0.0000 0.0000 0.0000 0.0000 0.0000 0.0000 0.8048 0.8048 0.0000 7.4104 
u = 8.8710 8.8043 8.8043 8.8043 8.8043 8.8043 8.8043 8.8043 8.7702 8.7702 8.7702 8.7702 8.7702 8.7702 8.7702 8.7344 8.7344 8.7344 8.7344 8.7344 8.7344 8.7344 8.7020 10.3255 10.3255 10.9758 9.4823 
v = 31.7500 25.2043 25.2043 25.2043 25.2043 25.2043 25.2043 25.2043 22.2562 22.2562 22.2562 22.2562 22.2562 22.2562 22.2562 19.3366 19.3366 19.3366 19.3366 19.3366 19.3366 19.3366 16.8041 115.2649 115.2649 94.9150 21.5299 
