ExternalI = 5.5000 0.0000 0.0000 0.0000 0.0000 0.0000 0.0000 0.0000 4.0000 4.0000 4.0000 4.0000 4.0000 4.0000 4.0000 0.0000 0.0000 0.0000 0.0000 0.0000 0.0000 0.0000 0.0000 8.0000 8.0000 0.0000 0.0000 
before u = 8.8710 8.8043 8.8043 8.8043 8.8043 8.8043 8.8043 8.8043 8.7702 8.7702 8.7702 8.7702 8.7702 8.7702 8.7702 8.7344 8.7344 8.7344 8.7344 8.7344 8.7344 8.7344 8.7020 10.3255 10.3255 10.9758 9.4823 
before v = 31.7500 25.2043 25.2043 25.2043 25.2043 25.2043 25.2043 25.2043 22.2562 22.2562 22.2562 22.2562 22.2562 22.2562 22.2562 19.3366 19.3366 19.3366 19.3366 19.3366 19.3366 19.3366 16.8041 115.2649 115.2649 94.9150 21.5299 
Ibias = 9.4000 9.4000 9.4000 9.4000 9.4000 9.4000 9.4000 9.4000 2.0000 2.0000 2.0000 2.0000 2.0000 2.0000 2.0000 2.0000 2.0000 2.0000 2.0000 2.0000 2.0000 2.0000 -2.0000 16.0000 16.0000 10.0000 -11.0000 
fa1 = 1.1015 0.3931 0.3931 0.3931 0.3931 0.3931 0.3931 0.3931 0.2747 0.2747 0.2747 0.2747 0.2747 0.2747 0.2747 0.2120 0.2120 0.2120 0.2120 0.2120 0.2120 0.2120 0.1809 260.1228 260.1228 134.6336 0.8650 
fa2 = 1.1001 0.3924 0.3924 0.3924 0.3924 0.3924 0.3924 0.3924 0.2744 0.2744 0.2744 0.2744 0.2744 0.2744 0.2744 0.2118 0.2118 0.2118 0.2118 0.2118 0.2118 0.2118 0.1808 268.2805 268.2805 137.7429 0.8600 
fa3 = 1.1001 0.3924 0.3924 0.3924 0.3924 0.3924 0.3924 0.3924 0.2744 0.2744 0.2744 0.2744 0.2744 0.2744 0.2744 0.2118 0.2118 0.2118 0.2118 0.2118 0.2118 0.2118 0.1808 268.5386 268.5386 137.8151 0.8600 
fa4 = 1.0987 0.3918 0.3918 0.3918 0.3918 0.3918 0.3918 0.3918 0.2740 0.2740 0.2740 0.2740 0.2740 0.2740 0.2740 0.2116 0.2116 0.2116 0.2116 0.2116 0.2116 0.2116 0.1807 277.1149 277.1149 141.0380 0.8550 
fb1 = -0.2278 -0.2514 -0.2514 -0.2514 -0.2514 -0.2514 -0.2514 -0.2514 -0.2618 -0.2618 -0.2618 -0.2618 -0.2618 -0.2618 -0.2618 -0.2720 -0.2720 -0.2720 -0.2720 -0.2720 -0.2720 -0.2720 -0.2809 0.2546 0.2546 0.1601 -0.1035 
fb2 = -0.2278 -0.2513 -0.2513 -0.2513 -0.2513 -0.2513 -0.2513 -0.2513 -0.2617 -0.2617 -0.2617 -0.2617 -0.2617 -0.2617 -0.2617 -0.2720 -0.2720 -0.2720 -0.2720 -0.2720 -0.2720 -0.2720 -0.2808 0.2597 0.2597 0.1628 -0.1035 
fb3 = -0.2278 -0.2513 -0.2513 -0.2513 -0.2513 -0.2513 -0.2513 -0.2513 -0.2617 -0.2617 -0.2617 -0.2617 -0.2617 -0.2617 -0.2617 -0.2720 -0.2720 -0.2720 -0.2720 -0.2720 -0.2720 -0.2720 -0.2808 0.2599 0.2599 0.1629 -0.1035 
fb4 = -0.2277 -0.2512 -0.2512 -0.2512 -0.2512 -0.2512 -0.2512 -0.2512 -0.2617 -0.2617 -0.2617 -0.2617 -0.2617 -0.2617 -0.2617 -0.2719 -0.2719 -0.2719 -0.2719 -0.2719 -0.2719 -0.2719 -0.2807 0.2652 0.2652 0.1656 -0.1035 
I = 14.9000 9.4000 9.4000 9.4000 9.4000 9.4000 9.4000 9.4000 6.0000 6.0000 6.0000 6.0000 6.0000 6.0000 6.0000 2.0000 2.0000 2.0000 2.0000 2.0000 2.0000 2.0000 -2.0000 24.8032 24.8032 10.0000 -3.6044 
S1 = 0.0000 0.0000 0.0000 0.0000 0.0000 0.0000 0.0000 0.0000 0.0000 0.0000 0.0000 0.0000 0.0000 0.0000 0.0000 0.0000 0.0000 0.0000 0.0000 0.0000 0.0000 0.0000 0.0000 0.0000 0.0000 0.0000 0.0000 
S2 = 0.0000 0.0000 0.0000 0.0000 0.0000 0.0000 0.0000 0.0000 0.0000 0.0000 0.0000 0.0000 0.0000 0.0000 0.0000 0.0000 0.0000 0.0000 0.0000 0.0000 0.0000 0.0000 0.0000 0.8032 0.8032 0.0000 7.3956 
u = 8.8687 8.8018 8.8018 8.8018 8.8018 8.8018 8.8018 8.8018 8.7676 8.7676 8.7676 8.7676 8.7676 8.7676 8.7676 8.7316 8.7316 8.7316 8.7316 8.7316 8.7316 8.7316 8.6992 10.3281 10.3281 10.9774 9.4813 
v = 31.7610 25.2082 25.2082 25.2082 25.2082 25.2082 25.2082 25.2082 22.2590 22.2590 22.2590 22.2590 22.2590 22.2590 22.2590 19.3387 19.3387 19.3387 19.3387 19.3387 19.3387 19.3387 16.8059 117.9497 117.9497 96.2930 21.5385 
