ExternalI = 5.5000 0.0000 0.0000 0.0000 0.0000 0.0000 0.0000 0.0000 4.0000 4.0000 4.0000 4.0000 4.0000 4.0000 4.0000 0.0000 0.0000 0.0000 0.0000 0.0000 0.0000 0.0000 0.0000 8.0000 8.0000 0.0000 0.0000 
before u = 9.8611 9.8596 9.8596 9.8596 9.8596 9.8596 9.8596 9.8596 9.8588 9.8588 9.8588 9.8588 9.8588 9.8588 9.8588 9.8577 9.8577 9.8577 9.8577 9.8577 9.8577 9.8577 9.8567 9.9473 9.9473 10.0577 9.9380 
before v = 18.1724 16.5662 16.5662 16.5662 16.5662 16.5662 16.5662 16.5662 15.5867 15.5867 15.5867 15.5867 15.5867 15.5867 15.5867 14.4473 14.4473 14.4473 14.4473 14.4473 14.4473 14.4473 13.3215 23.9583 23.9583 111.1082 13.5887 
Ibias = 9.4000 9.4000 9.4000 9.4000 9.4000 9.4000 9.4000 9.4000 2.0000 2.0000 2.0000 2.0000 2.0000 2.0000 2.0000 2.0000 2.0000 2.0000 2.0000 2.0000 2.0000 2.0000 -2.0000 16.0000 16.0000 10.0000 -11.0000 
fa1 = 13.7311 10.8193 10.8193 10.8193 10.8193 10.8193 10.8193 10.8193 9.0989 9.0989 9.0989 9.0989 9.0989 9.0989 9.0989 7.1493 7.1493 7.1493 7.1493 7.1493 7.1493 7.1493 5.2773 25.1378 25.1378 220.4191 5.6819 
fa2 = 13.6267 10.7305 10.7305 10.7305 10.7305 10.7305 10.7305 10.7305 9.0209 9.0209 9.0209 9.0209 9.0209 9.0209 9.0209 7.0851 7.0851 7.0851 7.0851 7.0851 7.0851 7.0851 5.2280 25.0028 25.0028 226.9563 5.6284 
fa3 = 13.6275 10.7312 10.7312 10.7312 10.7312 10.7312 10.7312 10.7312 9.0216 9.0216 9.0216 9.0216 9.0216 9.0216 9.0216 7.0857 7.0857 7.0857 7.0857 7.0857 7.0857 7.0857 5.2285 25.0035 25.0035 227.1517 5.6289 
fa4 = 13.5243 10.6434 10.6434 10.6434 10.6434 10.6434 10.6434 10.6434 8.9444 8.9444 8.9444 8.9444 8.9444 8.9444 8.9444 7.0222 7.0222 7.0222 7.0222 7.0222 7.0222 7.0222 5.1797 24.8705 24.8705 233.9992 5.5758 
fb1 = -0.3218 -0.3281 -0.3281 -0.3281 -0.3281 -0.3281 -0.3281 -0.3281 -0.3320 -0.3320 -0.3320 -0.3320 -0.3320 -0.3320 -0.3320 -0.3365 -0.3365 -0.3365 -0.3365 -0.3365 -0.3365 -0.3365 -0.3410 -0.1031 -0.1031 0.2433 -0.1444 
fb2 = -0.3214 -0.3278 -0.3278 -0.3278 -0.3278 -0.3278 -0.3278 -0.3278 -0.3318 -0.3318 -0.3318 -0.3318 -0.3318 -0.3318 -0.3318 -0.3363 -0.3363 -0.3363 -0.3363 -0.3363 -0.3363 -0.3363 -0.3408 -0.1026 -0.1026 0.2477 -0.1443 
fb3 = -0.3214 -0.3278 -0.3278 -0.3278 -0.3278 -0.3278 -0.3278 -0.3278 -0.3318 -0.3318 -0.3318 -0.3318 -0.3318 -0.3318 -0.3318 -0.3363 -0.3363 -0.3363 -0.3363 -0.3363 -0.3363 -0.3363 -0.3408 -0.1026 -0.1026 0.2478 -0.1443 
fb4 = -0.3211 -0.3276 -0.3276 -0.3276 -0.3276 -0.3276 -0.3276 -0.3276 -0.3315 -0.3315 -0.3315 -0.3315 -0.3315 -0.3315 -0.3315 -0.3361 -0.3361 -0.3361 -0.3361 -0.3361 -0.3361 -0.3361 -0.3406 -0.1021 -0.1021 0.2523 -0.1442 
I = 14.9000 9.4000 9.4000 9.4000 9.4000 9.4000 9.4000 9.4000 6.0000 6.0000 6.0000 6.0000 6.0000 6.0000 6.0000 2.0000 2.0000 2.0000 2.0000 2.0000 2.0000 2.0000 -2.0000 24.0000 24.0000 10.0000 -11.0000 
S1 = 0.0000 0.0000 0.0000 0.0000 0.0000 0.0000 0.0000 0.0000 0.0000 0.0000 0.0000 0.0000 0.0000 0.0000 0.0000 0.0000 0.0000 0.0000 0.0000 0.0000 0.0000 0.0000 0.0000 0.0000 0.0000 0.0000 0.0000 
S2 = 0.0000 0.0000 0.0000 0.0000 0.0000 0.0000 0.0000 0.0000 0.0000 0.0000 0.0000 0.0000 0.0000 0.0000 0.0000 0.0000 0.0000 0.0000 0.0000 0.0000 0.0000 0.0000 0.0000 0.0000 0.0000 0.0000 0.0000 
u = 9.8579 9.8564 9.8564 9.8564 9.8564 9.8564 9.8564 9.8564 9.8554 9.8554 9.8554 9.8554 9.8554 9.8554 9.8554 9.8543 9.8543 9.8543 9.8543 9.8543 9.8543 9.8543 9.8533 9.9463 9.9463 10.0602 9.9366 
v = 18.3087 16.6735 16.6735 16.6735 16.6735 16.6735 16.6735 16.6735 15.6770 15.6770 15.6770 15.6770 15.6770 15.6770 15.6770 14.5182 14.5182 14.5182 14.5182 14.5182 14.5182 14.5182 13.3738 24.2083 24.2083 113.3793 13.6450 
