ExternalI = 5.5000 0.0000 0.0000 0.0000 0.0000 0.0000 0.0000 0.0000 4.0000 4.0000 4.0000 4.0000 4.0000 4.0000 4.0000 0.0000 0.0000 0.0000 0.0000 0.0000 0.0000 0.0000 0.0000 8.0000 8.0000 0.0000 0.0000 
before u = 8.8687 8.8018 8.8018 8.8018 8.8018 8.8018 8.8018 8.8018 8.7676 8.7676 8.7676 8.7676 8.7676 8.7676 8.7676 8.7316 8.7316 8.7316 8.7316 8.7316 8.7316 8.7316 8.6992 10.3281 10.3281 10.9774 9.4813 
before v = 31.7610 25.2082 25.2082 25.2082 25.2082 25.2082 25.2082 25.2082 22.2590 22.2590 22.2590 22.2590 22.2590 22.2590 22.2590 19.3387 19.3387 19.3387 19.3387 19.3387 19.3387 19.3387 16.8059 117.9497 117.9497 96.2930 21.5385 
Ibias = 9.4000 9.4000 9.4000 9.4000 9.4000 9.4000 9.4000 9.4000 2.0000 2.0000 2.0000 2.0000 2.0000 2.0000 2.0000 2.0000 2.0000 2.0000 2.0000 2.0000 2.0000 2.0000 -2.0000 16.0000 16.0000 10.0000 -11.0000 
fa1 = 1.0987 0.3918 0.3918 0.3918 0.3918 0.3918 0.3918 0.3918 0.2740 0.2740 0.2740 0.2740 0.2740 0.2740 0.2740 0.2116 0.2116 0.2116 0.2116 0.2116 0.2116 0.2116 0.1807 277.1095 277.1095 141.0372 0.8402 
fa2 = 1.0973 0.3911 0.3911 0.3911 0.3911 0.3911 0.3911 0.3911 0.2736 0.2736 0.2736 0.2736 0.2736 0.2736 0.2736 0.2114 0.2114 0.2114 0.2114 0.2114 0.2114 0.2114 0.1806 286.1023 286.1023 144.3731 0.8354 
fa3 = 1.0973 0.3911 0.3911 0.3911 0.3911 0.3911 0.3911 0.3911 0.2736 0.2736 0.2736 0.2736 0.2736 0.2736 0.2736 0.2114 0.2114 0.2114 0.2114 0.2114 0.2114 0.2114 0.1806 286.3967 286.3967 144.4525 0.8354 
fa4 = 1.0960 0.3904 0.3904 0.3904 0.3904 0.3904 0.3904 0.3904 0.2733 0.2733 0.2733 0.2733 0.2733 0.2733 0.2733 0.2113 0.2113 0.2113 0.2113 0.2113 0.2113 0.2113 0.1805 295.8673 295.8673 147.9132 0.8306 
fb1 = -0.2277 -0.2512 -0.2512 -0.2512 -0.2512 -0.2512 -0.2512 -0.2512 -0.2617 -0.2617 -0.2617 -0.2617 -0.2617 -0.2617 -0.2617 -0.2719 -0.2719 -0.2719 -0.2719 -0.2719 -0.2719 -0.2719 -0.2807 0.2652 0.2652 0.1656 -0.1035 
fb2 = -0.2276 -0.2512 -0.2512 -0.2512 -0.2512 -0.2512 -0.2512 -0.2512 -0.2616 -0.2616 -0.2616 -0.2616 -0.2616 -0.2616 -0.2616 -0.2719 -0.2719 -0.2719 -0.2719 -0.2719 -0.2719 -0.2719 -0.2807 0.2708 0.2708 0.1684 -0.1034 
fb3 = -0.2276 -0.2512 -0.2512 -0.2512 -0.2512 -0.2512 -0.2512 -0.2512 -0.2616 -0.2616 -0.2616 -0.2616 -0.2616 -0.2616 -0.2616 -0.2719 -0.2719 -0.2719 -0.2719 -0.2719 -0.2719 -0.2719 -0.2807 0.2709 0.2709 0.1685 -0.1034 
fb4 = -0.2276 -0.2511 -0.2511 -0.2511 -0.2511 -0.2511 -0.2511 -0.2511 -0.2616 -0.2616 -0.2616 -0.2616 -0.2616 -0.2616 -0.2616 -0.2718 -0.2718 -0.2718 -0.2718 -0.2718 -0.2718 -0.2718 -0.2806 0.2766 0.2766 0.1714 -0.1034 
I = 14.9000 9.4000 9.4000 9.4000 9.4000 9.4000 9.4000 9.4000 6.0000 6.0000 6.0000 6.0000 6.0000 6.0000 6.0000 2.0000 2.0000 2.0000 2.0000 2.0000 2.0000 2.0000 -2.0000 24.8016 24.8016 10.0000 -3.6192 
S1 = 0.0000 0.0000 0.0000 0.0000 0.0000 0.0000 0.0000 0.0000 0.0000 0.0000 0.0000 0.0000 0.0000 0.0000 0.0000 0.0000 0.0000 0.0000 0.0000 0.0000 0.0000 0.0000 0.0000 0.0000 0.0000 0.0000 0.0000 
S2 = 0.0000 0.0000 0.0000 0.0000 0.0000 0.0000 0.0000 0.0000 0.0000 0.0000 0.0000 0.0000 0.0000 0.0000 0.0000 0.0000 0.0000 0.0000 0.0000 0.0000 0.0000 0.0000 0.0000 0.8016 0.8016 0.0000 7.3808 
u = 8.8664 8.7993 8.7993 8.7993 8.7993 8.7993 8.7993 8.7993 8.7649 8.7649 8.7649 8.7649 8.7649 8.7649 8.7649 8.7289 8.7289 8.7289 8.7289 8.7289 8.7289 8.7289 8.6964 10.3308 10.3308 10.9791 9.4803 
v = 31.7720 25.2121 25.2121 25.2121 25.2121 25.2121 25.2121 25.2121 22.2617 22.2617 22.2617 22.2617 22.2617 22.2617 22.2617 19.3409 19.3409 19.3409 19.3409 19.3409 19.3409 19.3409 16.8077 120.8130 120.8130 97.7373 21.5469 
