ExternalI = 5.5000 0.0000 0.0000 0.0000 0.0000 0.0000 0.0000 0.0000 4.0000 4.0000 4.0000 4.0000 4.0000 4.0000 4.0000 0.0000 0.0000 0.0000 0.0000 0.0000 0.0000 0.0000 0.0000 8.0000 8.0000 0.0000 0.0000 
before u = 8.8664 8.7993 8.7993 8.7993 8.7993 8.7993 8.7993 8.7993 8.7649 8.7649 8.7649 8.7649 8.7649 8.7649 8.7649 8.7289 8.7289 8.7289 8.7289 8.7289 8.7289 8.7289 8.6964 10.3308 10.3308 10.9791 9.4803 
before v = 31.7720 25.2121 25.2121 25.2121 25.2121 25.2121 25.2121 25.2121 22.2617 22.2617 22.2617 22.2617 22.2617 22.2617 22.2617 19.3409 19.3409 19.3409 19.3409 19.3409 19.3409 19.3409 16.8077 120.8130 120.8130 97.7373 21.5469 
Ibias = 9.4000 9.4000 9.4000 9.4000 9.4000 9.4000 9.4000 9.4000 2.0000 2.0000 2.0000 2.0000 2.0000 2.0000 2.0000 2.0000 2.0000 2.0000 2.0000 2.0000 2.0000 2.0000 -2.0000 16.0000 16.0000 10.0000 -11.0000 
fa1 = 1.0960 0.3904 0.3904 0.3904 0.3904 0.3904 0.3904 0.3904 0.2733 0.2733 0.2733 0.2733 0.2733 0.2733 0.2733 0.2113 0.2113 0.2113 0.2113 0.2113 0.2113 0.2113 0.1805 295.8612 295.8612 147.9123 0.8159 
fa2 = 1.0946 0.3898 0.3898 0.3898 0.3898 0.3898 0.3898 0.3898 0.2729 0.2729 0.2729 0.2729 0.2729 0.2729 0.2729 0.2111 0.2111 0.2111 0.2111 0.2111 0.2111 0.2111 0.1804 305.8070 305.8070 151.4973 0.8112 
fa3 = 1.0946 0.3898 0.3898 0.3898 0.3898 0.3898 0.3898 0.3898 0.2729 0.2729 0.2729 0.2729 0.2729 0.2729 0.2729 0.2111 0.2111 0.2111 0.2111 0.2111 0.2111 0.2111 0.1804 306.1444 306.1444 151.5847 0.8112 
fa4 = 1.0932 0.3891 0.3891 0.3891 0.3891 0.3891 0.3891 0.3891 0.2726 0.2726 0.2726 0.2726 0.2726 0.2726 0.2726 0.2109 0.2109 0.2109 0.2109 0.2109 0.2109 0.2109 0.1803 316.6379 316.6379 155.3074 0.8065 
fb1 = -0.2276 -0.2511 -0.2511 -0.2511 -0.2511 -0.2511 -0.2511 -0.2511 -0.2616 -0.2616 -0.2616 -0.2616 -0.2616 -0.2616 -0.2616 -0.2718 -0.2718 -0.2718 -0.2718 -0.2718 -0.2718 -0.2718 -0.2806 0.2766 0.2766 0.1714 -0.1034 
fb2 = -0.2275 -0.2511 -0.2511 -0.2511 -0.2511 -0.2511 -0.2511 -0.2511 -0.2615 -0.2615 -0.2615 -0.2615 -0.2615 -0.2615 -0.2615 -0.2717 -0.2717 -0.2717 -0.2717 -0.2717 -0.2717 -0.2717 -0.2806 0.2825 0.2825 0.1743 -0.1034 
fb3 = -0.2275 -0.2511 -0.2511 -0.2511 -0.2511 -0.2511 -0.2511 -0.2511 -0.2615 -0.2615 -0.2615 -0.2615 -0.2615 -0.2615 -0.2615 -0.2717 -0.2717 -0.2717 -0.2717 -0.2717 -0.2717 -0.2717 -0.2806 0.2827 0.2827 0.1744 -0.1034 
fb4 = -0.2274 -0.2510 -0.2510 -0.2510 -0.2510 -0.2510 -0.2510 -0.2510 -0.2614 -0.2614 -0.2614 -0.2614 -0.2614 -0.2614 -0.2614 -0.2717 -0.2717 -0.2717 -0.2717 -0.2717 -0.2717 -0.2717 -0.2805 0.2888 0.2888 0.1774 -0.1034 
I = 14.9000 9.4000 9.4000 9.4000 9.4000 9.4000 9.4000 9.4000 6.0000 6.0000 6.0000 6.0000 6.0000 6.0000 6.0000 2.0000 2.0000 2.0000 2.0000 2.0000 2.0000 2.0000 -2.0000 24.8000 24.8000 10.0000 -3.6340 
S1 = 0.0000 0.0000 0.0000 0.0000 0.0000 0.0000 0.0000 0.0000 0.0000 0.0000 0.0000 0.0000 0.0000 0.0000 0.0000 0.0000 0.0000 0.0000 0.0000 0.0000 0.0000 0.0000 0.0000 0.0000 0.0000 0.0000 0.0000 
S2 = 0.0000 0.0000 0.0000 0.0000 0.0000 0.0000 0.0000 0.0000 0.0000 0.0000 0.0000 0.0000 0.0000 0.0000 0.0000 0.0000 0.0000 0.0000 0.0000 0.0000 0.0000 0.0000 0.0000 0.8000 0.8000 0.0000 7.3660 
u = 8.8642 8.7968 8.7968 8.7968 8.7968 8.7968 8.7968 8.7968 8.7623 8.7623 8.7623 8.7623 8.7623 8.7623 8.7623 8.7262 8.7262 8.7262 8.7262 8.7262 8.7262 8.7262 8.6936 10.3336 10.3336 10.9808 9.4792 
v = 31.7829 25.2160 25.2160 25.2160 25.2160 25.2160 25.2160 25.2160 22.2644 22.2644 22.2644 22.2644 22.2644 22.2644 22.2644 19.3430 19.3430 19.3430 19.3430 19.3430 19.3430 19.3430 16.8095 123.8736 123.8736 99.2530 21.5550 
