ExternalI = 5.5000 0.0000 0.0000 0.0000 0.0000 0.0000 0.0000 0.0000 4.0000 4.0000 4.0000 4.0000 4.0000 4.0000 4.0000 0.0000 0.0000 0.0000 0.0000 0.0000 0.0000 0.0000 0.0000 8.0000 8.0000 0.0000 0.0000 
before u = 8.8642 8.7968 8.7968 8.7968 8.7968 8.7968 8.7968 8.7968 8.7623 8.7623 8.7623 8.7623 8.7623 8.7623 8.7623 8.7262 8.7262 8.7262 8.7262 8.7262 8.7262 8.7262 8.6936 10.3336 10.3336 10.9808 9.4792 
before v = 31.7829 25.2160 25.2160 25.2160 25.2160 25.2160 25.2160 25.2160 22.2644 22.2644 22.2644 22.2644 22.2644 22.2644 22.2644 19.3430 19.3430 19.3430 19.3430 19.3430 19.3430 19.3430 16.8095 123.8736 123.8736 99.2530 21.5550 
Ibias = 9.4000 9.4000 9.4000 9.4000 9.4000 9.4000 9.4000 9.4000 2.0000 2.0000 2.0000 2.0000 2.0000 2.0000 2.0000 2.0000 2.0000 2.0000 2.0000 2.0000 2.0000 2.0000 -2.0000 16.0000 16.0000 10.0000 -11.0000 
fa1 = 1.0932 0.3891 0.3891 0.3891 0.3891 0.3891 0.3891 0.3891 0.2726 0.2726 0.2726 0.2726 0.2726 0.2726 0.2726 0.2109 0.2109 0.2109 0.2109 0.2109 0.2109 0.2109 0.1803 316.6310 316.6310 155.3063 0.7918 
fa2 = 1.0919 0.3884 0.3884 0.3884 0.3884 0.3884 0.3884 0.3884 0.2722 0.2722 0.2722 0.2722 0.2722 0.2722 0.2722 0.2107 0.2107 0.2107 0.2107 0.2107 0.2107 0.2107 0.1802 327.6692 327.6692 159.1658 0.7873 
fa3 = 1.0919 0.3885 0.3885 0.3885 0.3885 0.3885 0.3885 0.3885 0.2722 0.2722 0.2722 0.2722 0.2722 0.2722 0.2722 0.2107 0.2107 0.2107 0.2107 0.2107 0.2107 0.2107 0.1802 328.0576 328.0576 159.2623 0.7873 
fa4 = 1.0905 0.3878 0.3878 0.3878 0.3878 0.3878 0.3878 0.3878 0.2719 0.2719 0.2719 0.2719 0.2719 0.2719 0.2719 0.2106 0.2106 0.2106 0.2106 0.2106 0.2106 0.2106 0.1802 339.7269 339.7269 163.2739 0.7828 
fb1 = -0.2274 -0.2510 -0.2510 -0.2510 -0.2510 -0.2510 -0.2510 -0.2510 -0.2614 -0.2614 -0.2614 -0.2614 -0.2614 -0.2614 -0.2614 -0.2717 -0.2717 -0.2717 -0.2717 -0.2717 -0.2717 -0.2717 -0.2805 0.2888 0.2888 0.1774 -0.1034 
fb2 = -0.2274 -0.2509 -0.2509 -0.2509 -0.2509 -0.2509 -0.2509 -0.2509 -0.2614 -0.2614 -0.2614 -0.2614 -0.2614 -0.2614 -0.2614 -0.2716 -0.2716 -0.2716 -0.2716 -0.2716 -0.2716 -0.2716 -0.2804 0.2951 0.2951 0.1805 -0.1033 
fb3 = -0.2274 -0.2509 -0.2509 -0.2509 -0.2509 -0.2509 -0.2509 -0.2509 -0.2614 -0.2614 -0.2614 -0.2614 -0.2614 -0.2614 -0.2614 -0.2716 -0.2716 -0.2716 -0.2716 -0.2716 -0.2716 -0.2716 -0.2804 0.2953 0.2953 0.1806 -0.1033 
fb4 = -0.2273 -0.2509 -0.2509 -0.2509 -0.2509 -0.2509 -0.2509 -0.2509 -0.2613 -0.2613 -0.2613 -0.2613 -0.2613 -0.2613 -0.2613 -0.2716 -0.2716 -0.2716 -0.2716 -0.2716 -0.2716 -0.2716 -0.2804 0.3019 0.3019 0.1837 -0.1033 
I = 14.9000 9.4000 9.4000 9.4000 9.4000 9.4000 9.4000 9.4000 6.0000 6.0000 6.0000 6.0000 6.0000 6.0000 6.0000 2.0000 2.0000 2.0000 2.0000 2.0000 2.0000 2.0000 -2.0000 24.7984 24.7984 10.0000 -3.6487 
S1 = 0.0000 0.0000 0.0000 0.0000 0.0000 0.0000 0.0000 0.0000 0.0000 0.0000 0.0000 0.0000 0.0000 0.0000 0.0000 0.0000 0.0000 0.0000 0.0000 0.0000 0.0000 0.0000 0.0000 0.0000 0.0000 0.0000 0.0000 
S2 = 0.0000 0.0000 0.0000 0.0000 0.0000 0.0000 0.0000 0.0000 0.0000 0.0000 0.0000 0.0000 0.0000 0.0000 0.0000 0.0000 0.0000 0.0000 0.0000 0.0000 0.0000 0.0000 0.0000 0.7984 0.7984 0.0000 7.3513 
u = 8.8619 8.7943 8.7943 8.7943 8.7943 8.7943 8.7943 8.7943 8.7597 8.7597 8.7597 8.7597 8.7597 8.7597 8.7597 8.7235 8.7235 8.7235 8.7235 8.7235 8.7235 8.7235 8.6908 10.3366 10.3366 10.9826 9.4782 
v = 31.7938 25.2199 25.2199 25.2199 25.2199 25.2199 25.2199 25.2199 22.2672 22.2672 22.2672 22.2672 22.2672 22.2672 22.2672 19.3451 19.3451 19.3451 19.3451 19.3451 19.3451 19.3451 16.8113 127.1533 127.1533 100.8454 21.5629 
