ExternalI = 5.5000 0.0000 0.0000 0.0000 0.0000 0.0000 0.0000 0.0000 4.0000 4.0000 4.0000 4.0000 4.0000 4.0000 4.0000 0.0000 0.0000 0.0000 0.0000 0.0000 0.0000 0.0000 0.0000 8.0000 8.0000 0.0000 0.0000 
before u = 8.8619 8.7943 8.7943 8.7943 8.7943 8.7943 8.7943 8.7943 8.7597 8.7597 8.7597 8.7597 8.7597 8.7597 8.7597 8.7235 8.7235 8.7235 8.7235 8.7235 8.7235 8.7235 8.6908 10.3366 10.3366 10.9826 9.4782 
before v = 31.7938 25.2199 25.2199 25.2199 25.2199 25.2199 25.2199 25.2199 22.2672 22.2672 22.2672 22.2672 22.2672 22.2672 22.2672 19.3451 19.3451 19.3451 19.3451 19.3451 19.3451 19.3451 16.8113 127.1533 127.1533 100.8454 21.5629 
Ibias = 9.4000 9.4000 9.4000 9.4000 9.4000 9.4000 9.4000 9.4000 2.0000 2.0000 2.0000 2.0000 2.0000 2.0000 2.0000 2.0000 2.0000 2.0000 2.0000 2.0000 2.0000 2.0000 -2.0000 16.0000 16.0000 10.0000 -11.0000 
fa1 = 1.0905 0.3878 0.3878 0.3878 0.3878 0.3878 0.3878 0.3878 0.2719 0.2719 0.2719 0.2719 0.2719 0.2719 0.2719 0.2106 0.2106 0.2106 0.2106 0.2106 0.2106 0.2106 0.1802 339.7189 339.7189 163.2728 0.7681 
fa2 = 1.0892 0.3871 0.3871 0.3871 0.3871 0.3871 0.3871 0.3871 0.2715 0.2715 0.2715 0.2715 0.2715 0.2715 0.2715 0.2104 0.2104 0.2104 0.2104 0.2104 0.2104 0.2104 0.1801 352.0156 352.0156 167.4355 0.7637 
fa3 = 1.0892 0.3872 0.3872 0.3872 0.3872 0.3872 0.3872 0.3872 0.2715 0.2715 0.2715 0.2715 0.2715 0.2715 0.2715 0.2104 0.2104 0.2104 0.2104 0.2104 0.2104 0.2104 0.1801 352.4651 352.4651 167.5424 0.7637 
fa4 = 1.0878 0.3865 0.3865 0.3865 0.3865 0.3865 0.3865 0.3865 0.2712 0.2712 0.2712 0.2712 0.2712 0.2712 0.2712 0.2102 0.2102 0.2102 0.2102 0.2102 0.2102 0.2102 0.1800 365.4925 365.4925 171.8736 0.7594 
fb1 = -0.2273 -0.2509 -0.2509 -0.2509 -0.2509 -0.2509 -0.2509 -0.2509 -0.2613 -0.2613 -0.2613 -0.2613 -0.2613 -0.2613 -0.2613 -0.2716 -0.2716 -0.2716 -0.2716 -0.2716 -0.2716 -0.2716 -0.2804 0.3019 0.3019 0.1837 -0.1033 
fb2 = -0.2272 -0.2508 -0.2508 -0.2508 -0.2508 -0.2508 -0.2508 -0.2508 -0.2613 -0.2613 -0.2613 -0.2613 -0.2613 -0.2613 -0.2613 -0.2715 -0.2715 -0.2715 -0.2715 -0.2715 -0.2715 -0.2715 -0.2803 0.3086 0.3086 0.1870 -0.1033 
fb3 = -0.2272 -0.2508 -0.2508 -0.2508 -0.2508 -0.2508 -0.2508 -0.2508 -0.2613 -0.2613 -0.2613 -0.2613 -0.2613 -0.2613 -0.2613 -0.2715 -0.2715 -0.2715 -0.2715 -0.2715 -0.2715 -0.2715 -0.2803 0.3089 0.3089 0.1871 -0.1033 
fb4 = -0.2272 -0.2508 -0.2508 -0.2508 -0.2508 -0.2508 -0.2508 -0.2508 -0.2612 -0.2612 -0.2612 -0.2612 -0.2612 -0.2612 -0.2612 -0.2714 -0.2714 -0.2714 -0.2714 -0.2714 -0.2714 -0.2714 -0.2803 0.3159 0.3159 0.1904 -0.1033 
I = 14.9000 9.4000 9.4000 9.4000 9.4000 9.4000 9.4000 9.4000 6.0000 6.0000 6.0000 6.0000 6.0000 6.0000 6.0000 2.0000 2.0000 2.0000 2.0000 2.0000 2.0000 2.0000 -2.0000 24.7968 24.7968 10.0000 -3.6634 
S1 = 0.0000 0.0000 0.0000 0.0000 0.0000 0.0000 0.0000 0.0000 0.0000 0.0000 0.0000 0.0000 0.0000 0.0000 0.0000 0.0000 0.0000 0.0000 0.0000 0.0000 0.0000 0.0000 0.0000 0.0000 0.0000 0.0000 0.0000 
S2 = 0.0000 0.0000 0.0000 0.0000 0.0000 0.0000 0.0000 0.0000 0.0000 0.0000 0.0000 0.0000 0.0000 0.0000 0.0000 0.0000 0.0000 0.0000 0.0000 0.0000 0.0000 0.0000 0.0000 0.7968 0.7968 0.0000 7.3366 
u = 8.8596 8.7917 8.7917 8.7917 8.7917 8.7917 8.7917 8.7917 8.7571 8.7571 8.7571 8.7571 8.7571 8.7571 8.7571 8.7208 8.7208 8.7208 8.7208 8.7208 8.7208 8.7208 8.6880 10.3396 10.3396 10.9845 9.4772 
v = 31.8047 25.2237 25.2237 25.2237 25.2237 25.2237 25.2237 25.2237 22.2699 22.2699 22.2699 22.2699 22.2699 22.2699 22.2699 19.3472 19.3472 19.3472 19.3472 19.3472 19.3472 19.3472 16.8131 130.6769 130.6769 102.5205 21.5705 
