ExternalI = 5.5000 0.0000 0.0000 0.0000 0.0000 0.0000 0.0000 0.0000 4.0000 4.0000 4.0000 4.0000 4.0000 4.0000 4.0000 0.0000 0.0000 0.0000 0.0000 0.0000 0.0000 0.0000 0.0000 8.0000 8.0000 0.0000 0.0000 
before u = 8.8596 8.7917 8.7917 8.7917 8.7917 8.7917 8.7917 8.7917 8.7571 8.7571 8.7571 8.7571 8.7571 8.7571 8.7571 8.7208 8.7208 8.7208 8.7208 8.7208 8.7208 8.7208 8.6880 10.4396 10.4396 10.9845 9.4772 
before v = 31.8047 25.2237 25.2237 25.2237 25.2237 25.2237 25.2237 25.2237 22.2699 22.2699 22.2699 22.2699 22.2699 22.2699 22.2699 19.3472 19.3472 19.3472 19.3472 19.3472 19.3472 19.3472 16.8131 55.0000 55.0000 102.5205 21.5705 
Ibias = 9.4000 9.4000 9.4000 9.4000 9.4000 9.4000 9.4000 9.4000 2.0000 2.0000 2.0000 2.0000 2.0000 2.0000 2.0000 2.0000 2.0000 2.0000 2.0000 2.0000 2.0000 2.0000 -2.0000 16.0000 16.0000 10.0000 -11.0000 
fa1 = 1.0878 0.3865 0.3865 0.3865 0.3865 0.3865 0.3865 0.3865 0.2712 0.2712 0.2712 0.2712 0.2712 0.2712 0.2712 0.2102 0.2102 0.2102 0.2102 0.2102 0.2102 0.2102 0.1800 30.8555 30.8555 171.8723 2.2447 
fa2 = 1.0865 0.3859 0.3859 0.3859 0.3859 0.3859 0.3859 0.3859 0.2708 0.2708 0.2708 0.2708 0.2708 0.2708 0.2708 0.2101 0.2101 0.2101 0.2101 0.2101 0.2101 0.2101 0.1799 31.0724 31.0724 176.3710 2.2309 
fa3 = 1.0865 0.3859 0.3859 0.3859 0.3859 0.3859 0.3859 0.3859 0.2708 0.2708 0.2708 0.2708 0.2708 0.2708 0.2708 0.2101 0.2101 0.2101 0.2101 0.2101 0.2101 0.2101 0.1799 31.0739 31.0739 176.4895 2.2310 
fa4 = 1.0851 0.3852 0.3852 0.3852 0.3852 0.3852 0.3852 0.3852 0.2705 0.2705 0.2705 0.2705 0.2705 0.2705 0.2705 0.2099 0.2099 0.2099 0.2099 0.2099 0.2099 0.2099 0.1798 31.2943 31.2943 181.1753 2.2173 
fb1 = -0.2272 -0.2508 -0.2508 -0.2508 -0.2508 -0.2508 -0.2508 -0.2508 -0.2612 -0.2612 -0.2612 -0.2612 -0.2612 -0.2612 -0.2612 -0.2714 -0.2714 -0.2714 -0.2714 -0.2714 -0.2714 -0.2714 -0.2803 0.0112 0.0112 0.1904 -0.1033 
fb2 = -0.2271 -0.2507 -0.2507 -0.2507 -0.2507 -0.2507 -0.2507 -0.2507 -0.2611 -0.2611 -0.2611 -0.2611 -0.2611 -0.2611 -0.2611 -0.2714 -0.2714 -0.2714 -0.2714 -0.2714 -0.2714 -0.2714 -0.2802 0.0118 0.0118 0.1938 -0.1032 
fb3 = -0.2271 -0.2507 -0.2507 -0.2507 -0.2507 -0.2507 -0.2507 -0.2507 -0.2611 -0.2611 -0.2611 -0.2611 -0.2611 -0.2611 -0.2611 -0.2714 -0.2714 -0.2714 -0.2714 -0.2714 -0.2714 -0.2714 -0.2802 0.0118 0.0118 0.1939 -0.1032 
fb4 = -0.2270 -0.2507 -0.2507 -0.2507 -0.2507 -0.2507 -0.2507 -0.2507 -0.2611 -0.2611 -0.2611 -0.2611 -0.2611 -0.2611 -0.2611 -0.2713 -0.2713 -0.2713 -0.2713 -0.2713 -0.2713 -0.2713 -0.2801 0.0124 0.0124 0.1974 -0.1032 
I = 14.9000 9.4000 9.4000 9.4000 9.4000 9.4000 9.4000 9.4000 6.0000 6.0000 6.0000 6.0000 6.0000 6.0000 6.0000 2.0000 2.0000 2.0000 2.0000 2.0000 2.0000 2.0000 -2.0000 25.2952 25.2952 10.0000 -2.1781 
S1 = 0.0000 0.0000 0.0000 0.0000 0.0000 0.0000 0.0000 0.0000 0.0000 0.0000 0.0000 0.0000 0.0000 0.0000 0.0000 0.0000 0.0000 0.0000 0.0000 0.0000 0.0000 0.0000 0.0000 0.0000 0.0000 0.0000 0.0000 
S2 = 0.0000 0.0000 0.0000 0.0000 0.0000 0.0000 0.0000 0.0000 0.0000 0.0000 0.0000 0.0000 0.0000 0.0000 0.0000 0.0000 0.0000 0.0000 0.0000 0.0000 0.0000 0.0000 0.0000 1.2952 1.2952 0.0000 8.8219 
u = 8.8574 8.7892 8.7892 8.7892 8.7892 8.7892 8.7892 8.7892 8.7545 8.7545 8.7545 8.7545 8.7545 8.7545 8.7545 8.7181 8.7181 8.7181 8.7181 8.7181 8.7181 8.7181 8.6852 10.4398 10.4398 10.9865 9.4761 
v = 31.8156 25.2276 25.2276 25.2276 25.2276 25.2276 25.2276 25.2276 22.2726 22.2726 22.2726 22.2726 22.2726 22.2726 22.2726 19.3493 19.3493 19.3493 19.3493 19.3493 19.3493 19.3493 16.8149 55.3107 55.3107 104.2851 21.5928 
