ExternalI = 5.5000 0.0000 0.0000 0.0000 0.0000 0.0000 0.0000 0.0000 4.0000 4.0000 4.0000 4.0000 4.0000 4.0000 4.0000 0.0000 0.0000 0.0000 0.0000 0.0000 0.0000 0.0000 0.0000 8.0000 8.0000 0.0000 0.0000 
before u = 8.8574 8.7892 8.7892 8.7892 8.7892 8.7892 8.7892 8.7892 8.7545 8.7545 8.7545 8.7545 8.7545 8.7545 8.7545 8.7181 8.7181 8.7181 8.7181 8.7181 8.7181 8.7181 8.6852 10.4398 10.4398 10.9865 9.4761 
before v = 31.8156 25.2276 25.2276 25.2276 25.2276 25.2276 25.2276 25.2276 22.2726 22.2726 22.2726 22.2726 22.2726 22.2726 22.2726 19.3493 19.3493 19.3493 19.3493 19.3493 19.3493 19.3493 16.8149 55.3107 55.3107 104.2851 21.5928 
Ibias = 9.4000 9.4000 9.4000 9.4000 9.4000 9.4000 9.4000 9.4000 2.0000 2.0000 2.0000 2.0000 2.0000 2.0000 2.0000 2.0000 2.0000 2.0000 2.0000 2.0000 2.0000 2.0000 -2.0000 16.0000 16.0000 10.0000 -11.0000 
fa1 = 1.0851 0.3852 0.3852 0.3852 0.3852 0.3852 0.3852 0.3852 0.2705 0.2705 0.2705 0.2705 0.2705 0.2705 0.2705 0.2099 0.2099 0.2099 0.2099 0.2099 0.2099 0.2099 0.1798 31.2917 31.2917 181.1738 2.1997 
fa2 = 1.0838 0.3846 0.3846 0.3846 0.3846 0.3846 0.3846 0.3846 0.2701 0.2701 0.2701 0.2701 0.2701 0.2701 0.2701 0.2097 0.2097 0.2097 0.2097 0.2097 0.2097 0.2097 0.1797 31.5156 31.5156 186.0455 2.1862 
fa3 = 1.0838 0.3846 0.3846 0.3846 0.3846 0.3846 0.3846 0.3846 0.2701 0.2701 0.2701 0.2701 0.2701 0.2701 0.2701 0.2097 0.2097 0.2097 0.2097 0.2097 0.2097 0.2097 0.1797 31.5172 31.5172 186.1774 2.1863 
fa4 = 1.0825 0.3840 0.3840 0.3840 0.3840 0.3840 0.3840 0.3840 0.2698 0.2698 0.2698 0.2698 0.2698 0.2698 0.2698 0.2096 0.2096 0.2096 0.2096 0.2096 0.2096 0.2096 0.1796 31.7446 31.7446 191.2575 2.1729 
fb1 = -0.2270 -0.2507 -0.2507 -0.2507 -0.2507 -0.2507 -0.2507 -0.2507 -0.2611 -0.2611 -0.2611 -0.2611 -0.2611 -0.2611 -0.2611 -0.2713 -0.2713 -0.2713 -0.2713 -0.2713 -0.2713 -0.2713 -0.2801 0.0124 0.0124 0.1974 -0.1032 
fb2 = -0.2270 -0.2506 -0.2506 -0.2506 -0.2506 -0.2506 -0.2506 -0.2506 -0.2610 -0.2610 -0.2610 -0.2610 -0.2610 -0.2610 -0.2610 -0.2713 -0.2713 -0.2713 -0.2713 -0.2713 -0.2713 -0.2713 -0.2801 0.0131 0.0131 0.2010 -0.1031 
fb3 = -0.2270 -0.2506 -0.2506 -0.2506 -0.2506 -0.2506 -0.2506 -0.2506 -0.2610 -0.2610 -0.2610 -0.2610 -0.2610 -0.2610 -0.2610 -0.2713 -0.2713 -0.2713 -0.2713 -0.2713 -0.2713 -0.2713 -0.2801 0.0131 0.0131 0.2011 -0.1031 
fb4 = -0.2269 -0.2505 -0.2505 -0.2505 -0.2505 -0.2505 -0.2505 -0.2505 -0.2610 -0.2610 -0.2610 -0.2610 -0.2610 -0.2610 -0.2610 -0.2712 -0.2712 -0.2712 -0.2712 -0.2712 -0.2712 -0.2712 -0.2800 0.0137 0.0137 0.2048 -0.1030 
I = 14.9000 9.4000 9.4000 9.4000 9.4000 9.4000 9.4000 9.4000 6.0000 6.0000 6.0000 6.0000 6.0000 6.0000 6.0000 2.0000 2.0000 2.0000 2.0000 2.0000 2.0000 2.0000 -2.0000 25.2926 25.2926 10.0000 -2.1957 
S1 = 0.0000 0.0000 0.0000 0.0000 0.0000 0.0000 0.0000 0.0000 0.0000 0.0000 0.0000 0.0000 0.0000 0.0000 0.0000 0.0000 0.0000 0.0000 0.0000 0.0000 0.0000 0.0000 0.0000 0.0000 0.0000 0.0000 0.0000 
S2 = 0.0000 0.0000 0.0000 0.0000 0.0000 0.0000 0.0000 0.0000 0.0000 0.0000 0.0000 0.0000 0.0000 0.0000 0.0000 0.0000 0.0000 0.0000 0.0000 0.0000 0.0000 0.0000 0.0000 1.2926 1.2926 0.0000 8.8043 
u = 8.8551 8.7867 8.7867 8.7867 8.7867 8.7867 8.7867 8.7867 8.7519 8.7519 8.7519 8.7519 8.7519 8.7519 8.7519 8.7154 8.7154 8.7154 8.7154 8.7154 8.7154 8.7154 8.6824 10.4399 10.4399 10.9885 9.4751 
v = 31.8264 25.2315 25.2315 25.2315 25.2315 25.2315 25.2315 25.2315 22.2753 22.2753 22.2753 22.2753 22.2753 22.2753 22.2753 19.3514 19.3514 19.3514 19.3514 19.3514 19.3514 19.3514 16.8167 55.6259 55.6259 106.1466 21.6147 
