ExternalI = 5.5000 0.0000 0.0000 0.0000 0.0000 0.0000 0.0000 0.0000 4.0000 4.0000 4.0000 4.0000 4.0000 4.0000 4.0000 0.0000 0.0000 0.0000 0.0000 0.0000 0.0000 0.0000 0.0000 8.0000 8.0000 0.0000 0.0000 
before u = 8.8551 8.7867 8.7867 8.7867 8.7867 8.7867 8.7867 8.7867 8.7519 8.7519 8.7519 8.7519 8.7519 8.7519 8.7519 8.7154 8.7154 8.7154 8.7154 8.7154 8.7154 8.7154 8.6824 10.4399 10.4399 10.9885 9.4751 
before v = 31.8264 25.2315 25.2315 25.2315 25.2315 25.2315 25.2315 25.2315 22.2753 22.2753 22.2753 22.2753 22.2753 22.2753 22.2753 19.3514 19.3514 19.3514 19.3514 19.3514 19.3514 19.3514 16.8167 55.6259 55.6259 106.1466 21.6147 
Ibias = 9.4000 9.4000 9.4000 9.4000 9.4000 9.4000 9.4000 9.4000 2.0000 2.0000 2.0000 2.0000 2.0000 2.0000 2.0000 2.0000 2.0000 2.0000 2.0000 2.0000 2.0000 2.0000 -2.0000 16.0000 16.0000 10.0000 -11.0000 
fa1 = 1.0825 0.3840 0.3840 0.3840 0.3840 0.3840 0.3840 0.3840 0.2698 0.2698 0.2698 0.2698 0.2698 0.2698 0.2698 0.2096 0.2096 0.2096 0.2096 0.2096 0.2096 0.2096 0.1796 31.7421 31.7421 191.2558 2.1553 
fa2 = 1.0812 0.3833 0.3833 0.3833 0.3833 0.3833 0.3833 0.3833 0.2695 0.2695 0.2695 0.2695 0.2695 0.2695 0.2695 0.2094 0.2094 0.2094 0.2094 0.2094 0.2094 0.2094 0.1795 31.9731 31.9731 196.5430 2.1421 
fa3 = 1.0812 0.3833 0.3833 0.3833 0.3833 0.3833 0.3833 0.3833 0.2695 0.2695 0.2695 0.2695 0.2695 0.2695 0.2695 0.2094 0.2094 0.2094 0.2094 0.2094 0.2094 0.2094 0.1795 31.9748 31.9748 196.6902 2.1422 
fa4 = 1.0799 0.3827 0.3827 0.3827 0.3827 0.3827 0.3827 0.3827 0.2691 0.2691 0.2691 0.2691 0.2691 0.2691 0.2691 0.2092 0.2092 0.2092 0.2092 0.2092 0.2092 0.2092 0.1795 32.2097 32.2097 202.2102 2.1291 
fb1 = -0.2269 -0.2505 -0.2505 -0.2505 -0.2505 -0.2505 -0.2505 -0.2505 -0.2610 -0.2610 -0.2610 -0.2610 -0.2610 -0.2610 -0.2610 -0.2712 -0.2712 -0.2712 -0.2712 -0.2712 -0.2712 -0.2712 -0.2800 0.0137 0.0137 0.2048 -0.1030 
fb2 = -0.2268 -0.2505 -0.2505 -0.2505 -0.2505 -0.2505 -0.2505 -0.2505 -0.2609 -0.2609 -0.2609 -0.2609 -0.2609 -0.2609 -0.2609 -0.2712 -0.2712 -0.2712 -0.2712 -0.2712 -0.2712 -0.2712 -0.2800 0.0143 0.0143 0.2086 -0.1030 
fb3 = -0.2268 -0.2505 -0.2505 -0.2505 -0.2505 -0.2505 -0.2505 -0.2505 -0.2609 -0.2609 -0.2609 -0.2609 -0.2609 -0.2609 -0.2609 -0.2712 -0.2712 -0.2712 -0.2712 -0.2712 -0.2712 -0.2712 -0.2800 0.0143 0.0143 0.2087 -0.1030 
fb4 = -0.2268 -0.2504 -0.2504 -0.2504 -0.2504 -0.2504 -0.2504 -0.2504 -0.2609 -0.2609 -0.2609 -0.2609 -0.2609 -0.2609 -0.2609 -0.2711 -0.2711 -0.2711 -0.2711 -0.2711 -0.2711 -0.2711 -0.2799 0.0150 0.0150 0.2126 -0.1029 
I = 14.9000 9.4000 9.4000 9.4000 9.4000 9.4000 9.4000 9.4000 6.0000 6.0000 6.0000 6.0000 6.0000 6.0000 6.0000 2.0000 2.0000 2.0000 2.0000 2.0000 2.0000 2.0000 -2.0000 25.2900 25.2900 10.0000 -2.2133 
S1 = 0.0000 0.0000 0.0000 0.0000 0.0000 0.0000 0.0000 0.0000 0.0000 0.0000 0.0000 0.0000 0.0000 0.0000 0.0000 0.0000 0.0000 0.0000 0.0000 0.0000 0.0000 0.0000 0.0000 0.0000 0.0000 0.0000 0.0000 
S2 = 0.0000 0.0000 0.0000 0.0000 0.0000 0.0000 0.0000 0.0000 0.0000 0.0000 0.0000 0.0000 0.0000 0.0000 0.0000 0.0000 0.0000 0.0000 0.0000 0.0000 0.0000 0.0000 0.0000 1.2900 1.2900 0.0000 8.7867 
u = 8.8528 8.7842 8.7842 8.7842 8.7842 8.7842 8.7842 8.7842 8.7493 8.7493 8.7493 8.7493 8.7493 8.7493 8.7493 8.7126 8.7126 8.7126 8.7126 8.7126 8.7126 8.7126 8.6796 10.4400 10.4400 10.9906 9.4741 
v = 31.8372 25.2353 25.2353 25.2353 25.2353 25.2353 25.2353 25.2353 22.2780 22.2780 22.2780 22.2780 22.2780 22.2780 22.2780 19.3535 19.3535 19.3535 19.3535 19.3535 19.3535 19.3535 16.8185 55.9457 55.9457 108.1132 21.6361 
