ExternalI = 5.5000 0.0000 0.0000 0.0000 0.0000 0.0000 0.0000 0.0000 4.0000 4.0000 4.0000 4.0000 4.0000 4.0000 4.0000 0.0000 0.0000 0.0000 0.0000 0.0000 0.0000 0.0000 0.0000 8.0000 8.0000 0.0000 0.0000 
before u = 8.8528 8.7842 8.7842 8.7842 8.7842 8.7842 8.7842 8.7842 8.7493 8.7493 8.7493 8.7493 8.7493 8.7493 8.7493 8.7126 8.7126 8.7126 8.7126 8.7126 8.7126 8.7126 8.6796 10.4400 10.4400 10.9906 9.4741 
before v = 31.8372 25.2353 25.2353 25.2353 25.2353 25.2353 25.2353 25.2353 22.2780 22.2780 22.2780 22.2780 22.2780 22.2780 22.2780 19.3535 19.3535 19.3535 19.3535 19.3535 19.3535 19.3535 16.8185 55.9457 55.9457 108.1132 21.6361 
Ibias = 9.4000 9.4000 9.4000 9.4000 9.4000 9.4000 9.4000 9.4000 2.0000 2.0000 2.0000 2.0000 2.0000 2.0000 2.0000 2.0000 2.0000 2.0000 2.0000 2.0000 2.0000 2.0000 -2.0000 16.0000 16.0000 10.0000 -11.0000 
fa1 = 1.0799 0.3827 0.3827 0.3827 0.3827 0.3827 0.3827 0.3827 0.2691 0.2691 0.2691 0.2691 0.2691 0.2691 0.2691 0.2092 0.2092 0.2092 0.2092 0.2092 0.2092 0.2092 0.1795 32.2071 32.2071 202.2082 2.1116 
fa2 = 1.0785 0.3821 0.3821 0.3821 0.3821 0.3821 0.3821 0.3821 0.2688 0.2688 0.2688 0.2688 0.2688 0.2688 0.2688 0.2091 0.2091 0.2091 0.2091 0.2091 0.2091 0.2091 0.1794 32.4457 32.4457 207.9594 2.0987 
fa3 = 1.0785 0.3821 0.3821 0.3821 0.3821 0.3821 0.3821 0.3821 0.2688 0.2688 0.2688 0.2688 0.2688 0.2688 0.2688 0.2091 0.2091 0.2091 0.2091 0.2091 0.2091 0.2091 0.1794 32.4474 32.4474 208.1242 2.0988 
fa4 = 1.0772 0.3815 0.3815 0.3815 0.3815 0.3815 0.3815 0.3815 0.2685 0.2685 0.2685 0.2685 0.2685 0.2685 0.2685 0.2089 0.2089 0.2089 0.2089 0.2089 0.2089 0.2089 0.1793 32.6899 32.6899 214.1363 2.0860 
fb1 = -0.2268 -0.2504 -0.2504 -0.2504 -0.2504 -0.2504 -0.2504 -0.2504 -0.2609 -0.2609 -0.2609 -0.2609 -0.2609 -0.2609 -0.2609 -0.2711 -0.2711 -0.2711 -0.2711 -0.2711 -0.2711 -0.2711 -0.2799 0.0150 0.0150 0.2126 -0.1029 
fb2 = -0.2267 -0.2504 -0.2504 -0.2504 -0.2504 -0.2504 -0.2504 -0.2504 -0.2608 -0.2608 -0.2608 -0.2608 -0.2608 -0.2608 -0.2608 -0.2710 -0.2710 -0.2710 -0.2710 -0.2710 -0.2710 -0.2710 -0.2798 0.0156 0.0156 0.2167 -0.1029 
fb3 = -0.2267 -0.2504 -0.2504 -0.2504 -0.2504 -0.2504 -0.2504 -0.2504 -0.2608 -0.2608 -0.2608 -0.2608 -0.2608 -0.2608 -0.2608 -0.2710 -0.2710 -0.2710 -0.2710 -0.2710 -0.2710 -0.2710 -0.2798 0.0156 0.0156 0.2168 -0.1029 
fb4 = -0.2266 -0.2503 -0.2503 -0.2503 -0.2503 -0.2503 -0.2503 -0.2503 -0.2607 -0.2607 -0.2607 -0.2607 -0.2607 -0.2607 -0.2607 -0.2710 -0.2710 -0.2710 -0.2710 -0.2710 -0.2710 -0.2710 -0.2798 0.0163 0.0163 0.2209 -0.1028 
I = 14.9000 9.4000 9.4000 9.4000 9.4000 9.4000 9.4000 9.4000 6.0000 6.0000 6.0000 6.0000 6.0000 6.0000 6.0000 2.0000 2.0000 2.0000 2.0000 2.0000 2.0000 2.0000 -2.0000 25.2874 25.2874 10.0000 -2.2309 
S1 = 0.0000 0.0000 0.0000 0.0000 0.0000 0.0000 0.0000 0.0000 0.0000 0.0000 0.0000 0.0000 0.0000 0.0000 0.0000 0.0000 0.0000 0.0000 0.0000 0.0000 0.0000 0.0000 0.0000 0.0000 0.0000 0.0000 0.0000 
S2 = 0.0000 0.0000 0.0000 0.0000 0.0000 0.0000 0.0000 0.0000 0.0000 0.0000 0.0000 0.0000 0.0000 0.0000 0.0000 0.0000 0.0000 0.0000 0.0000 0.0000 0.0000 0.0000 0.0000 1.2874 1.2874 0.0000 8.7691 
u = 8.8506 8.7817 8.7817 8.7817 8.7817 8.7817 8.7817 8.7817 8.7467 8.7467 8.7467 8.7467 8.7467 8.7467 8.7467 8.7099 8.7099 8.7099 8.7099 8.7099 8.7099 8.7099 8.6768 10.4402 10.4402 10.9927 9.4730 
v = 31.8480 25.2391 25.2391 25.2391 25.2391 25.2391 25.2391 25.2391 22.2807 22.2807 22.2807 22.2807 22.2807 22.2807 22.2807 19.3556 19.3556 19.3556 19.3556 19.3556 19.3556 19.3556 16.8203 56.2701 56.2701 110.1940 21.6571 
