ExternalI = 5.5000 0.0000 0.0000 0.0000 0.0000 0.0000 0.0000 0.0000 4.0000 4.0000 4.0000 4.0000 4.0000 4.0000 4.0000 0.0000 0.0000 0.0000 0.0000 0.0000 0.0000 0.0000 0.0000 8.0000 8.0000 0.0000 0.0000 
before u = 8.8506 8.7817 8.7817 8.7817 8.7817 8.7817 8.7817 8.7817 8.7467 8.7467 8.7467 8.7467 8.7467 8.7467 8.7467 8.7099 8.7099 8.7099 8.7099 8.7099 8.7099 8.7099 8.6768 10.4402 10.4402 10.9927 9.4730 
before v = 31.8480 25.2391 25.2391 25.2391 25.2391 25.2391 25.2391 25.2391 22.2807 22.2807 22.2807 22.2807 22.2807 22.2807 22.2807 19.3556 19.3556 19.3556 19.3556 19.3556 19.3556 19.3556 16.8203 56.2701 56.2701 110.1940 21.6571 
Ibias = 9.4000 9.4000 9.4000 9.4000 9.4000 9.4000 9.4000 9.4000 2.0000 2.0000 2.0000 2.0000 2.0000 2.0000 2.0000 2.0000 2.0000 2.0000 2.0000 2.0000 2.0000 2.0000 -2.0000 16.0000 16.0000 10.0000 -11.0000 
fa1 = 1.0772 0.3815 0.3815 0.3815 0.3815 0.3815 0.3815 0.3815 0.2685 0.2685 0.2685 0.2685 0.2685 0.2685 0.2685 0.2089 0.2089 0.2089 0.2089 0.2089 0.2089 0.2089 0.1793 32.6874 32.6874 214.1341 2.0684 
fa2 = 1.0759 0.3808 0.3808 0.3808 0.3808 0.3808 0.3808 0.3808 0.2681 0.2681 0.2681 0.2681 0.2681 0.2681 0.2681 0.2087 0.2087 0.2087 0.2087 0.2087 0.2087 0.2087 0.1792 32.9338 32.9338 220.4053 2.0559 
fa3 = 1.0759 0.3808 0.3808 0.3808 0.3808 0.3808 0.3808 0.3808 0.2681 0.2681 0.2681 0.2681 0.2681 0.2681 0.2681 0.2087 0.2087 0.2087 0.2087 0.2087 0.2087 0.2087 0.1792 32.9356 32.9356 220.5904 2.0559 
fa4 = 1.0746 0.3802 0.3802 0.3802 0.3802 0.3802 0.3802 0.3802 0.2678 0.2678 0.2678 0.2678 0.2678 0.2678 0.2678 0.2086 0.2086 0.2086 0.2086 0.2086 0.2086 0.2086 0.1791 33.1861 33.1861 227.1549 2.0434 
fb1 = -0.2266 -0.2503 -0.2503 -0.2503 -0.2503 -0.2503 -0.2503 -0.2503 -0.2607 -0.2607 -0.2607 -0.2607 -0.2607 -0.2607 -0.2607 -0.2710 -0.2710 -0.2710 -0.2710 -0.2710 -0.2710 -0.2710 -0.2798 0.0163 0.0163 0.2209 -0.1028 
fb2 = -0.2266 -0.2503 -0.2503 -0.2503 -0.2503 -0.2503 -0.2503 -0.2503 -0.2607 -0.2607 -0.2607 -0.2607 -0.2607 -0.2607 -0.2607 -0.2709 -0.2709 -0.2709 -0.2709 -0.2709 -0.2709 -0.2709 -0.2797 0.0169 0.0169 0.2252 -0.1028 
fb3 = -0.2266 -0.2503 -0.2503 -0.2503 -0.2503 -0.2503 -0.2503 -0.2503 -0.2607 -0.2607 -0.2607 -0.2607 -0.2607 -0.2607 -0.2607 -0.2709 -0.2709 -0.2709 -0.2709 -0.2709 -0.2709 -0.2709 -0.2797 0.0169 0.0169 0.2253 -0.1028 
fb4 = -0.2265 -0.2502 -0.2502 -0.2502 -0.2502 -0.2502 -0.2502 -0.2502 -0.2606 -0.2606 -0.2606 -0.2606 -0.2606 -0.2606 -0.2606 -0.2709 -0.2709 -0.2709 -0.2709 -0.2709 -0.2709 -0.2709 -0.2797 0.0176 0.0176 0.2297 -0.1027 
I = 14.9000 9.4000 9.4000 9.4000 9.4000 9.4000 9.4000 9.4000 6.0000 6.0000 6.0000 6.0000 6.0000 6.0000 6.0000 2.0000 2.0000 2.0000 2.0000 2.0000 2.0000 2.0000 -2.0000 25.2848 25.2848 10.0000 -2.2484 
S1 = 0.0000 0.0000 0.0000 0.0000 0.0000 0.0000 0.0000 0.0000 0.0000 0.0000 0.0000 0.0000 0.0000 0.0000 0.0000 0.0000 0.0000 0.0000 0.0000 0.0000 0.0000 0.0000 0.0000 0.0000 0.0000 0.0000 0.0000 
S2 = 0.0000 0.0000 0.0000 0.0000 0.0000 0.0000 0.0000 0.0000 0.0000 0.0000 0.0000 0.0000 0.0000 0.0000 0.0000 0.0000 0.0000 0.0000 0.0000 0.0000 0.0000 0.0000 0.0000 1.2848 1.2848 0.0000 8.7516 
u = 8.8483 8.7792 8.7792 8.7792 8.7792 8.7792 8.7792 8.7792 8.7441 8.7441 8.7441 8.7441 8.7441 8.7441 8.7441 8.7072 8.7072 8.7072 8.7072 8.7072 8.7072 8.7072 8.6740 10.4404 10.4404 10.9950 9.4720 
v = 31.8588 25.2429 25.2429 25.2429 25.2429 25.2429 25.2429 25.2429 22.2833 22.2833 22.2833 22.2833 22.2833 22.2833 22.2833 19.3576 19.3576 19.3576 19.3576 19.3576 19.3576 19.3576 16.8221 56.5995 56.5995 112.3995 21.6777 
