ExternalI = 5.5000 0.0000 0.0000 0.0000 0.0000 0.0000 0.0000 0.0000 4.0000 4.0000 4.0000 4.0000 4.0000 4.0000 4.0000 0.0000 0.0000 0.0000 0.0000 0.0000 0.0000 0.0000 0.0000 8.0000 8.0000 0.0000 0.0000 
before u = 8.8483 8.7792 8.7792 8.7792 8.7792 8.7792 8.7792 8.7792 8.7441 8.7441 8.7441 8.7441 8.7441 8.7441 8.7441 8.7072 8.7072 8.7072 8.7072 8.7072 8.7072 8.7072 8.6740 10.4404 10.4404 10.9950 9.4720 
before v = 31.8588 25.2429 25.2429 25.2429 25.2429 25.2429 25.2429 25.2429 22.2833 22.2833 22.2833 22.2833 22.2833 22.2833 22.2833 19.3576 19.3576 19.3576 19.3576 19.3576 19.3576 19.3576 16.8221 56.5995 56.5995 112.3995 21.6777 
Ibias = 9.4000 9.4000 9.4000 9.4000 9.4000 9.4000 9.4000 9.4000 2.0000 2.0000 2.0000 2.0000 2.0000 2.0000 2.0000 2.0000 2.0000 2.0000 2.0000 2.0000 2.0000 2.0000 -2.0000 16.0000 16.0000 10.0000 -11.0000 
fa1 = 1.0746 0.3802 0.3802 0.3802 0.3802 0.3802 0.3802 0.3802 0.2678 0.2678 0.2678 0.2678 0.2678 0.2678 0.2678 0.2086 0.2086 0.2086 0.2086 0.2086 0.2086 0.2086 0.1791 33.1835 33.1835 227.1523 2.0259 
fa2 = 1.0734 0.3796 0.3796 0.3796 0.3796 0.3796 0.3796 0.3796 0.2675 0.2675 0.2675 0.2675 0.2675 0.2675 0.2675 0.2084 0.2084 0.2084 0.2084 0.2084 0.2084 0.2084 0.1790 33.4381 33.4381 234.0082 2.0136 
fa3 = 1.0734 0.3796 0.3796 0.3796 0.3796 0.3796 0.3796 0.3796 0.2675 0.2675 0.2675 0.2675 0.2675 0.2675 0.2675 0.2084 0.2084 0.2084 0.2084 0.2084 0.2084 0.2084 0.1790 33.4400 33.4400 234.2168 2.0137 
fa4 = 1.0721 0.3790 0.3790 0.3790 0.3790 0.3790 0.3790 0.3790 0.2672 0.2672 0.2672 0.2672 0.2672 0.2672 0.2672 0.2083 0.2083 0.2083 0.2083 0.2083 0.2083 0.2083 0.1790 33.6988 33.6988 241.4036 2.0015 
fb1 = -0.2265 -0.2502 -0.2502 -0.2502 -0.2502 -0.2502 -0.2502 -0.2502 -0.2606 -0.2606 -0.2606 -0.2606 -0.2606 -0.2606 -0.2606 -0.2709 -0.2709 -0.2709 -0.2709 -0.2709 -0.2709 -0.2709 -0.2797 0.0176 0.0176 0.2297 -0.1027 
fb2 = -0.2264 -0.2501 -0.2501 -0.2501 -0.2501 -0.2501 -0.2501 -0.2501 -0.2606 -0.2606 -0.2606 -0.2606 -0.2606 -0.2606 -0.2606 -0.2708 -0.2708 -0.2708 -0.2708 -0.2708 -0.2708 -0.2708 -0.2796 0.0183 0.0183 0.2342 -0.1027 
fb3 = -0.2264 -0.2501 -0.2501 -0.2501 -0.2501 -0.2501 -0.2501 -0.2501 -0.2606 -0.2606 -0.2606 -0.2606 -0.2606 -0.2606 -0.2606 -0.2708 -0.2708 -0.2708 -0.2708 -0.2708 -0.2708 -0.2708 -0.2796 0.0183 0.0183 0.2344 -0.1027 
fb4 = -0.2264 -0.2501 -0.2501 -0.2501 -0.2501 -0.2501 -0.2501 -0.2501 -0.2605 -0.2605 -0.2605 -0.2605 -0.2605 -0.2605 -0.2605 -0.2707 -0.2707 -0.2707 -0.2707 -0.2707 -0.2707 -0.2707 -0.2796 0.0189 0.0189 0.2390 -0.1026 
I = 14.9000 9.4000 9.4000 9.4000 9.4000 9.4000 9.4000 9.4000 6.0000 6.0000 6.0000 6.0000 6.0000 6.0000 6.0000 2.0000 2.0000 2.0000 2.0000 2.0000 2.0000 2.0000 -2.0000 25.2823 25.2823 10.0000 -2.2659 
S1 = 0.0000 0.0000 0.0000 0.0000 0.0000 0.0000 0.0000 0.0000 0.0000 0.0000 0.0000 0.0000 0.0000 0.0000 0.0000 0.0000 0.0000 0.0000 0.0000 0.0000 0.0000 0.0000 0.0000 0.0000 0.0000 0.0000 0.0000 
S2 = 0.0000 0.0000 0.0000 0.0000 0.0000 0.0000 0.0000 0.0000 0.0000 0.0000 0.0000 0.0000 0.0000 0.0000 0.0000 0.0000 0.0000 0.0000 0.0000 0.0000 0.0000 0.0000 0.0000 1.2823 1.2823 0.0000 8.7341 
u = 8.8460 8.7767 8.7767 8.7767 8.7767 8.7767 8.7767 8.7767 8.7414 8.7414 8.7414 8.7414 8.7414 8.7414 8.7414 8.7045 8.7045 8.7045 8.7045 8.7045 8.7045 8.7045 8.6712 10.4405 10.4405 10.9973 9.4710 
v = 31.8695 25.2467 25.2467 25.2467 25.2467 25.2467 25.2467 25.2467 22.2860 22.2860 22.2860 22.2860 22.2860 22.2860 22.2860 19.3597 19.3597 19.3597 19.3597 19.3597 19.3597 19.3597 16.8239 56.9339 56.9339 114.7412 21.6978 
