ExternalI = 5.5000 0.0000 0.0000 0.0000 0.0000 0.0000 0.0000 0.0000 4.0000 4.0000 4.0000 4.0000 4.0000 4.0000 4.0000 0.0000 0.0000 0.0000 0.0000 0.0000 0.0000 0.0000 0.0000 8.0000 8.0000 0.0000 0.0000 
before u = 8.8460 8.7767 8.7767 8.7767 8.7767 8.7767 8.7767 8.7767 8.7414 8.7414 8.7414 8.7414 8.7414 8.7414 8.7414 8.7045 8.7045 8.7045 8.7045 8.7045 8.7045 8.7045 8.6712 10.4405 10.4405 10.9973 9.4710 
before v = 31.8695 25.2467 25.2467 25.2467 25.2467 25.2467 25.2467 25.2467 22.2860 22.2860 22.2860 22.2860 22.2860 22.2860 22.2860 19.3597 19.3597 19.3597 19.3597 19.3597 19.3597 19.3597 16.8239 56.9339 56.9339 114.7412 21.6978 
Ibias = 9.4000 9.4000 9.4000 9.4000 9.4000 9.4000 9.4000 9.4000 2.0000 2.0000 2.0000 2.0000 2.0000 2.0000 2.0000 2.0000 2.0000 2.0000 2.0000 2.0000 2.0000 2.0000 -2.0000 16.0000 16.0000 10.0000 -11.0000 
fa1 = 1.0721 0.3790 0.3790 0.3790 0.3790 0.3790 0.3790 0.3790 0.2672 0.2672 0.2672 0.2672 0.2672 0.2672 0.2672 0.2083 0.2083 0.2083 0.2083 0.2083 0.2083 0.2083 0.1790 33.6962 33.6962 241.4006 1.9840 
fa2 = 1.0708 0.3784 0.3784 0.3784 0.3784 0.3784 0.3784 0.3784 0.2668 0.2668 0.2668 0.2668 0.2668 0.2668 0.2668 0.2081 0.2081 0.2081 0.2081 0.2081 0.2081 0.2081 0.1789 33.9592 33.9592 248.9161 1.9720 
fa3 = 1.0708 0.3784 0.3784 0.3784 0.3784 0.3784 0.3784 0.3784 0.2668 0.2668 0.2668 0.2668 0.2668 0.2668 0.2668 0.2081 0.2081 0.2081 0.2081 0.2081 0.2081 0.2081 0.1789 33.9612 33.9612 249.1519 1.9721 
fa4 = 1.0695 0.3778 0.3778 0.3778 0.3778 0.3778 0.3778 0.3778 0.2665 0.2665 0.2665 0.2665 0.2665 0.2665 0.2665 0.2079 0.2079 0.2079 0.2079 0.2079 0.2079 0.2079 0.1788 34.2286 34.2286 257.0422 1.9601 
fb1 = -0.2264 -0.2501 -0.2501 -0.2501 -0.2501 -0.2501 -0.2501 -0.2501 -0.2605 -0.2605 -0.2605 -0.2605 -0.2605 -0.2605 -0.2605 -0.2707 -0.2707 -0.2707 -0.2707 -0.2707 -0.2707 -0.2707 -0.2796 0.0189 0.0189 0.2390 -0.1026 
fb2 = -0.2263 -0.2500 -0.2500 -0.2500 -0.2500 -0.2500 -0.2500 -0.2500 -0.2605 -0.2605 -0.2605 -0.2605 -0.2605 -0.2605 -0.2605 -0.2707 -0.2707 -0.2707 -0.2707 -0.2707 -0.2707 -0.2707 -0.2795 0.0196 0.0196 0.2438 -0.1026 
fb3 = -0.2263 -0.2500 -0.2500 -0.2500 -0.2500 -0.2500 -0.2500 -0.2500 -0.2605 -0.2605 -0.2605 -0.2605 -0.2605 -0.2605 -0.2605 -0.2707 -0.2707 -0.2707 -0.2707 -0.2707 -0.2707 -0.2707 -0.2795 0.0196 0.0196 0.2440 -0.1026 
fb4 = -0.2262 -0.2500 -0.2500 -0.2500 -0.2500 -0.2500 -0.2500 -0.2500 -0.2604 -0.2604 -0.2604 -0.2604 -0.2604 -0.2604 -0.2604 -0.2706 -0.2706 -0.2706 -0.2706 -0.2706 -0.2706 -0.2706 -0.2794 0.0203 0.0203 0.2489 -0.1025 
I = 14.9000 9.4000 9.4000 9.4000 9.4000 9.4000 9.4000 9.4000 6.0000 6.0000 6.0000 6.0000 6.0000 6.0000 6.0000 2.0000 2.0000 2.0000 2.0000 2.0000 2.0000 2.0000 -2.0000 25.2797 25.2797 10.0000 -2.2834 
S1 = 0.0000 0.0000 0.0000 0.0000 0.0000 0.0000 0.0000 0.0000 0.0000 0.0000 0.0000 0.0000 0.0000 0.0000 0.0000 0.0000 0.0000 0.0000 0.0000 0.0000 0.0000 0.0000 0.0000 0.0000 0.0000 0.0000 0.0000 
S2 = 0.0000 0.0000 0.0000 0.0000 0.0000 0.0000 0.0000 0.0000 0.0000 0.0000 0.0000 0.0000 0.0000 0.0000 0.0000 0.0000 0.0000 0.0000 0.0000 0.0000 0.0000 0.0000 0.0000 1.2797 1.2797 0.0000 8.7166 
u = 8.8438 8.7742 8.7742 8.7742 8.7742 8.7742 8.7742 8.7742 8.7388 8.7388 8.7388 8.7388 8.7388 8.7388 8.7388 8.7018 8.7018 8.7018 8.7018 8.7018 8.7018 8.7018 8.6684 10.4407 10.4407 10.9998 9.4700 
v = 31.8802 25.2505 25.2505 25.2505 25.2505 25.2505 25.2505 25.2505 22.2887 22.2887 22.2887 22.2887 22.2887 22.2887 22.2887 19.3618 19.3618 19.3618 19.3618 19.3618 19.3618 19.3618 16.8256 57.2735 57.2735 117.2321 21.7175 
