ExternalI = 5.5000 0.0000 0.0000 0.0000 0.0000 0.0000 0.0000 0.0000 4.0000 4.0000 4.0000 4.0000 4.0000 4.0000 4.0000 0.0000 0.0000 0.0000 0.0000 0.0000 0.0000 0.0000 0.0000 8.0000 8.0000 0.0000 0.0000 
before u = 8.8438 8.7742 8.7742 8.7742 8.7742 8.7742 8.7742 8.7742 8.7388 8.7388 8.7388 8.7388 8.7388 8.7388 8.7388 8.7018 8.7018 8.7018 8.7018 8.7018 8.7018 8.7018 8.6684 10.4407 10.4407 10.9998 9.4700 
before v = 31.8802 25.2505 25.2505 25.2505 25.2505 25.2505 25.2505 25.2505 22.2887 22.2887 22.2887 22.2887 22.2887 22.2887 22.2887 19.3618 19.3618 19.3618 19.3618 19.3618 19.3618 19.3618 16.8256 57.2735 57.2735 117.2321 21.7175 
Ibias = 9.4000 9.4000 9.4000 9.4000 9.4000 9.4000 9.4000 9.4000 2.0000 2.0000 2.0000 2.0000 2.0000 2.0000 2.0000 2.0000 2.0000 2.0000 2.0000 2.0000 2.0000 2.0000 -2.0000 16.0000 16.0000 10.0000 -11.0000 
fa1 = 1.0695 0.3778 0.3778 0.3778 0.3778 0.3778 0.3778 0.3778 0.2665 0.2665 0.2665 0.2665 0.2665 0.2665 0.2665 0.2079 0.2079 0.2079 0.2079 0.2079 0.2079 0.2079 0.1788 34.2260 34.2260 257.0387 1.9427 
fa2 = 1.0682 0.3772 0.3772 0.3772 0.3772 0.3772 0.3772 0.3772 0.2662 0.2662 0.2662 0.2662 0.2662 0.2662 0.2662 0.2078 0.2078 0.2078 0.2078 0.2078 0.2078 0.2078 0.1787 34.4978 34.4978 265.3012 1.9309 
fa3 = 1.0682 0.3772 0.3772 0.3772 0.3772 0.3772 0.3772 0.3772 0.2662 0.2662 0.2662 0.2662 0.2662 0.2662 0.2662 0.2078 0.2078 0.2078 0.2078 0.2078 0.2078 0.2078 0.1787 34.5000 34.5000 265.5690 1.9310 
fa4 = 1.0670 0.3766 0.3766 0.3766 0.3766 0.3766 0.3766 0.3766 0.2659 0.2659 0.2659 0.2659 0.2659 0.2659 0.2659 0.2076 0.2076 0.2076 0.2076 0.2076 0.2076 0.2076 0.1786 34.7763 34.7763 274.2578 1.9193 
fb1 = -0.2262 -0.2500 -0.2500 -0.2500 -0.2500 -0.2500 -0.2500 -0.2500 -0.2604 -0.2604 -0.2604 -0.2604 -0.2604 -0.2604 -0.2604 -0.2706 -0.2706 -0.2706 -0.2706 -0.2706 -0.2706 -0.2706 -0.2794 0.0203 0.0203 0.2489 -0.1025 
fb2 = -0.2262 -0.2499 -0.2499 -0.2499 -0.2499 -0.2499 -0.2499 -0.2499 -0.2603 -0.2603 -0.2603 -0.2603 -0.2603 -0.2603 -0.2603 -0.2706 -0.2706 -0.2706 -0.2706 -0.2706 -0.2706 -0.2706 -0.2794 0.0210 0.0210 0.2540 -0.1025 
fb3 = -0.2262 -0.2499 -0.2499 -0.2499 -0.2499 -0.2499 -0.2499 -0.2499 -0.2603 -0.2603 -0.2603 -0.2603 -0.2603 -0.2603 -0.2603 -0.2706 -0.2706 -0.2706 -0.2706 -0.2706 -0.2706 -0.2706 -0.2794 0.0210 0.0210 0.2542 -0.1025 
fb4 = -0.2261 -0.2499 -0.2499 -0.2499 -0.2499 -0.2499 -0.2499 -0.2499 -0.2603 -0.2603 -0.2603 -0.2603 -0.2603 -0.2603 -0.2603 -0.2705 -0.2705 -0.2705 -0.2705 -0.2705 -0.2705 -0.2705 -0.2793 0.0217 0.0217 0.2595 -0.1024 
I = 14.9000 9.4000 9.4000 9.4000 9.4000 9.4000 9.4000 9.4000 6.0000 6.0000 6.0000 6.0000 6.0000 6.0000 6.0000 2.0000 2.0000 2.0000 2.0000 2.0000 2.0000 2.0000 -2.0000 25.2772 25.2772 10.0000 -2.3008 
S1 = 0.0000 0.0000 0.0000 0.0000 0.0000 0.0000 0.0000 0.0000 0.0000 0.0000 0.0000 0.0000 0.0000 0.0000 0.0000 0.0000 0.0000 0.0000 0.0000 0.0000 0.0000 0.0000 0.0000 0.0000 0.0000 0.0000 0.0000 
S2 = 0.0000 0.0000 0.0000 0.0000 0.0000 0.0000 0.0000 0.0000 0.0000 0.0000 0.0000 0.0000 0.0000 0.0000 0.0000 0.0000 0.0000 0.0000 0.0000 0.0000 0.0000 0.0000 0.0000 1.2772 1.2772 0.0000 8.6992 
u = 8.8415 8.7717 8.7717 8.7717 8.7717 8.7717 8.7717 8.7717 8.7362 8.7362 8.7362 8.7362 8.7362 8.7362 8.7362 8.6991 8.6991 8.6991 8.6991 8.6991 8.6991 8.6991 8.6656 10.4409 10.4409 11.0023 9.4689 
v = 31.8909 25.2543 25.2543 25.2543 25.2543 25.2543 25.2543 25.2543 22.2914 22.2914 22.2914 22.2914 22.2914 22.2914 22.2914 19.3639 19.3639 19.3639 19.3639 19.3639 19.3639 19.3639 16.8274 57.6185 57.6185 119.8872 21.7368 
