ExternalI = 5.5000 0.0000 0.0000 0.0000 0.0000 0.0000 0.0000 0.0000 4.0000 4.0000 4.0000 4.0000 4.0000 4.0000 4.0000 0.0000 0.0000 0.0000 0.0000 0.0000 0.0000 0.0000 0.0000 8.0000 8.0000 0.0000 0.0000 
before u = 8.8415 8.7717 8.7717 8.7717 8.7717 8.7717 8.7717 8.7717 8.7362 8.7362 8.7362 8.7362 8.7362 8.7362 8.7362 8.6991 8.6991 8.6991 8.6991 8.6991 8.6991 8.6991 8.6656 10.4409 10.4409 11.0023 9.4689 
before v = 31.8909 25.2543 25.2543 25.2543 25.2543 25.2543 25.2543 25.2543 22.2914 22.2914 22.2914 22.2914 22.2914 22.2914 22.2914 19.3639 19.3639 19.3639 19.3639 19.3639 19.3639 19.3639 16.8274 57.6185 57.6185 119.8872 21.7368 
Ibias = 9.4000 9.4000 9.4000 9.4000 9.4000 9.4000 9.4000 9.4000 2.0000 2.0000 2.0000 2.0000 2.0000 2.0000 2.0000 2.0000 2.0000 2.0000 2.0000 2.0000 2.0000 2.0000 -2.0000 16.0000 16.0000 10.0000 -11.0000 
fa1 = 1.0670 0.3766 0.3766 0.3766 0.3766 0.3766 0.3766 0.3766 0.2659 0.2659 0.2659 0.2659 0.2659 0.2659 0.2659 0.2076 0.2076 0.2076 0.2076 0.2076 0.2076 0.2076 0.1786 34.7738 34.7738 274.2536 1.9020 
fa2 = 1.0657 0.3760 0.3760 0.3760 0.3760 0.3760 0.3760 0.3760 0.2656 0.2656 0.2656 0.2656 0.2656 0.2656 0.2656 0.2075 0.2075 0.2075 0.2075 0.2075 0.2075 0.2075 0.1786 35.0547 35.0547 283.3656 1.8905 
fa3 = 1.0657 0.3760 0.3760 0.3760 0.3760 0.3760 0.3760 0.3760 0.2656 0.2656 0.2656 0.2656 0.2656 0.2656 0.2656 0.2075 0.2075 0.2075 0.2075 0.2075 0.2075 0.2075 0.1786 35.0570 35.0570 283.6709 1.8905 
fa4 = 1.0645 0.3754 0.3754 0.3754 0.3754 0.3754 0.3754 0.3754 0.2653 0.2653 0.2653 0.2653 0.2653 0.2653 0.2653 0.2073 0.2073 0.2073 0.2073 0.2073 0.2073 0.2073 0.1785 35.3427 35.3427 293.2695 1.8791 
fb1 = -0.2261 -0.2499 -0.2499 -0.2499 -0.2499 -0.2499 -0.2499 -0.2499 -0.2603 -0.2603 -0.2603 -0.2603 -0.2603 -0.2603 -0.2603 -0.2705 -0.2705 -0.2705 -0.2705 -0.2705 -0.2705 -0.2705 -0.2793 0.0217 0.0217 0.2595 -0.1024 
fb2 = -0.2260 -0.2498 -0.2498 -0.2498 -0.2498 -0.2498 -0.2498 -0.2498 -0.2602 -0.2602 -0.2602 -0.2602 -0.2602 -0.2602 -0.2602 -0.2705 -0.2705 -0.2705 -0.2705 -0.2705 -0.2705 -0.2705 -0.2793 0.0223 0.0223 0.2650 -0.1024 
fb3 = -0.2260 -0.2498 -0.2498 -0.2498 -0.2498 -0.2498 -0.2498 -0.2498 -0.2602 -0.2602 -0.2602 -0.2602 -0.2602 -0.2602 -0.2602 -0.2705 -0.2705 -0.2705 -0.2705 -0.2705 -0.2705 -0.2705 -0.2793 0.0224 0.0224 0.2651 -0.1024 
fb4 = -0.2260 -0.2497 -0.2497 -0.2497 -0.2497 -0.2497 -0.2497 -0.2497 -0.2602 -0.2602 -0.2602 -0.2602 -0.2602 -0.2602 -0.2602 -0.2704 -0.2704 -0.2704 -0.2704 -0.2704 -0.2704 -0.2704 -0.2792 0.0231 0.0231 0.2708 -0.1023 
I = 14.9000 9.4000 9.4000 9.4000 9.4000 9.4000 9.4000 9.4000 6.0000 6.0000 6.0000 6.0000 6.0000 6.0000 6.0000 2.0000 2.0000 2.0000 2.0000 2.0000 2.0000 2.0000 -2.0000 25.2746 25.2746 10.0000 -2.3182 
S1 = 0.0000 0.0000 0.0000 0.0000 0.0000 0.0000 0.0000 0.0000 0.0000 0.0000 0.0000 0.0000 0.0000 0.0000 0.0000 0.0000 0.0000 0.0000 0.0000 0.0000 0.0000 0.0000 0.0000 0.0000 0.0000 0.0000 0.0000 
S2 = 0.0000 0.0000 0.0000 0.0000 0.0000 0.0000 0.0000 0.0000 0.0000 0.0000 0.0000 0.0000 0.0000 0.0000 0.0000 0.0000 0.0000 0.0000 0.0000 0.0000 0.0000 0.0000 0.0000 1.2746 1.2746 0.0000 8.6818 
u = 8.8392 8.7692 8.7692 8.7692 8.7692 8.7692 8.7692 8.7692 8.7336 8.7336 8.7336 8.7336 8.7336 8.7336 8.7336 8.6964 8.6964 8.6964 8.6964 8.6964 8.6964 8.6964 8.6628 10.4412 10.4412 11.0049 9.4679 
v = 31.9016 25.2580 25.2580 25.2580 25.2580 25.2580 25.2580 25.2580 22.2940 22.2940 22.2940 22.2940 22.2940 22.2940 22.2940 19.3660 19.3660 19.3660 19.3660 19.3660 19.3660 19.3660 16.8292 57.9690 57.9690 122.7232 21.7557 
