ExternalI = 5.5000 0.0000 0.0000 0.0000 0.0000 0.0000 0.0000 0.0000 4.0000 4.0000 4.0000 4.0000 4.0000 4.0000 4.0000 0.0000 0.0000 0.0000 0.0000 0.0000 0.0000 0.0000 0.0000 8.0000 8.0000 0.0000 0.0000 
before u = 8.8392 8.7692 8.7692 8.7692 8.7692 8.7692 8.7692 8.7692 8.7336 8.7336 8.7336 8.7336 8.7336 8.7336 8.7336 8.6964 8.6964 8.6964 8.6964 8.6964 8.6964 8.6964 8.6628 10.4412 10.4412 11.0049 9.4679 
before v = 31.9016 25.2580 25.2580 25.2580 25.2580 25.2580 25.2580 25.2580 22.2940 22.2940 22.2940 22.2940 22.2940 22.2940 22.2940 19.3660 19.3660 19.3660 19.3660 19.3660 19.3660 19.3660 16.8292 57.9690 57.9690 122.7232 21.7557 
Ibias = 9.4000 9.4000 9.4000 9.4000 9.4000 9.4000 9.4000 9.4000 2.0000 2.0000 2.0000 2.0000 2.0000 2.0000 2.0000 2.0000 2.0000 2.0000 2.0000 2.0000 2.0000 2.0000 -2.0000 16.0000 16.0000 10.0000 -11.0000 
fa1 = 1.0645 0.3754 0.3754 0.3754 0.3754 0.3754 0.3754 0.3754 0.2653 0.2653 0.2653 0.2653 0.2653 0.2653 0.2653 0.2073 0.2073 0.2073 0.2073 0.2073 0.2073 0.2073 0.1785 35.3402 35.3402 293.2647 1.8618 
fa2 = 1.0632 0.3748 0.3748 0.3748 0.3748 0.3748 0.3748 0.3748 0.2649 0.2649 0.2649 0.2649 0.2649 0.2649 0.2649 0.2072 0.2072 0.2072 0.2072 0.2072 0.2072 0.2072 0.1784 35.6306 35.6306 303.3465 1.8506 
fa3 = 1.0632 0.3748 0.3748 0.3748 0.3748 0.3748 0.3748 0.3748 0.2649 0.2649 0.2649 0.2649 0.2649 0.2649 0.2649 0.2072 0.2072 0.2072 0.2072 0.2072 0.2072 0.2072 0.1784 35.6330 35.6330 303.6962 1.8506 
fa4 = 1.0620 0.3742 0.3742 0.3742 0.3742 0.3742 0.3742 0.3742 0.2646 0.2646 0.2646 0.2646 0.2646 0.2646 0.2646 0.2070 0.2070 0.2070 0.2070 0.2070 0.2070 0.2070 0.1783 35.9285 35.9285 314.3364 1.8395 
fb1 = -0.2260 -0.2497 -0.2497 -0.2497 -0.2497 -0.2497 -0.2497 -0.2497 -0.2602 -0.2602 -0.2602 -0.2602 -0.2602 -0.2602 -0.2602 -0.2704 -0.2704 -0.2704 -0.2704 -0.2704 -0.2704 -0.2704 -0.2792 0.0231 0.0231 0.2708 -0.1023 
fb2 = -0.2259 -0.2497 -0.2497 -0.2497 -0.2497 -0.2497 -0.2497 -0.2497 -0.2601 -0.2601 -0.2601 -0.2601 -0.2601 -0.2601 -0.2601 -0.2703 -0.2703 -0.2703 -0.2703 -0.2703 -0.2703 -0.2703 -0.2791 0.0238 0.0238 0.2766 -0.1023 
fb3 = -0.2259 -0.2497 -0.2497 -0.2497 -0.2497 -0.2497 -0.2497 -0.2497 -0.2601 -0.2601 -0.2601 -0.2601 -0.2601 -0.2601 -0.2601 -0.2703 -0.2703 -0.2703 -0.2703 -0.2703 -0.2703 -0.2703 -0.2791 0.0238 0.0238 0.2768 -0.1023 
fb4 = -0.2258 -0.2496 -0.2496 -0.2496 -0.2496 -0.2496 -0.2496 -0.2496 -0.2601 -0.2601 -0.2601 -0.2601 -0.2601 -0.2601 -0.2601 -0.2703 -0.2703 -0.2703 -0.2703 -0.2703 -0.2703 -0.2703 -0.2791 0.0245 0.0245 0.2829 -0.1022 
I = 14.9000 9.4000 9.4000 9.4000 9.4000 9.4000 9.4000 9.4000 6.0000 6.0000 6.0000 6.0000 6.0000 6.0000 6.0000 2.0000 2.0000 2.0000 2.0000 2.0000 2.0000 2.0000 -2.0000 25.2721 25.2721 10.0000 -2.3356 
S1 = 0.0000 0.0000 0.0000 0.0000 0.0000 0.0000 0.0000 0.0000 0.0000 0.0000 0.0000 0.0000 0.0000 0.0000 0.0000 0.0000 0.0000 0.0000 0.0000 0.0000 0.0000 0.0000 0.0000 0.0000 0.0000 0.0000 0.0000 
S2 = 0.0000 0.0000 0.0000 0.0000 0.0000 0.0000 0.0000 0.0000 0.0000 0.0000 0.0000 0.0000 0.0000 0.0000 0.0000 0.0000 0.0000 0.0000 0.0000 0.0000 0.0000 0.0000 0.0000 1.2721 1.2721 0.0000 8.6644 
u = 8.8370 8.7667 8.7667 8.7667 8.7667 8.7667 8.7667 8.7667 8.7310 8.7310 8.7310 8.7310 8.7310 8.7310 8.7310 8.6937 8.6937 8.6937 8.6937 8.6937 8.6937 8.6937 8.6600 10.4414 10.4414 11.0077 9.4669 
v = 31.9122 25.2618 25.2618 25.2618 25.2618 25.2618 25.2618 25.2618 22.2967 22.2967 22.2967 22.2967 22.2967 22.2967 22.2967 19.3680 19.3680 19.3680 19.3680 19.3680 19.3680 19.3680 16.8310 58.3254 58.3254 125.7593 21.7742 
