ExternalI = 5.5000 0.0000 0.0000 0.0000 0.0000 0.0000 0.0000 0.0000 4.0000 4.0000 4.0000 4.0000 4.0000 4.0000 4.0000 0.0000 0.0000 0.0000 0.0000 0.0000 0.0000 0.0000 0.0000 8.0000 8.0000 0.0000 0.0000 
before u = 8.8370 8.7667 8.7667 8.7667 8.7667 8.7667 8.7667 8.7667 8.7310 8.7310 8.7310 8.7310 8.7310 8.7310 8.7310 8.6937 8.6937 8.6937 8.6937 8.6937 8.6937 8.6937 8.6600 10.4414 10.4414 11.0077 9.4669 
before v = 31.9122 25.2618 25.2618 25.2618 25.2618 25.2618 25.2618 25.2618 22.2967 22.2967 22.2967 22.2967 22.2967 22.2967 22.2967 19.3680 19.3680 19.3680 19.3680 19.3680 19.3680 19.3680 16.8310 58.3254 58.3254 125.7593 21.7742 
Ibias = 9.4000 9.4000 9.4000 9.4000 9.4000 9.4000 9.4000 9.4000 2.0000 2.0000 2.0000 2.0000 2.0000 2.0000 2.0000 2.0000 2.0000 2.0000 2.0000 2.0000 2.0000 2.0000 -2.0000 16.0000 16.0000 10.0000 -11.0000 
fa1 = 1.0620 0.3742 0.3742 0.3742 0.3742 0.3742 0.3742 0.3742 0.2646 0.2646 0.2646 0.2646 0.2646 0.2646 0.2646 0.2070 0.2070 0.2070 0.2070 0.2070 0.2070 0.2070 0.1783 35.9259 35.9259 314.3306 1.8222 
fa2 = 1.0607 0.3737 0.3737 0.3737 0.3737 0.3737 0.3737 0.3737 0.2643 0.2643 0.2643 0.2643 0.2643 0.2643 0.2643 0.2069 0.2069 0.2069 0.2069 0.2069 0.2069 0.2069 0.1782 36.2264 36.2264 325.5250 1.8112 
fa3 = 1.0607 0.3737 0.3737 0.3737 0.3737 0.3737 0.3737 0.3737 0.2643 0.2643 0.2643 0.2643 0.2643 0.2643 0.2643 0.2069 0.2069 0.2069 0.2069 0.2069 0.2069 0.2069 0.1782 36.2289 36.2289 325.9274 1.8113 
fa4 = 1.0595 0.3731 0.3731 0.3731 0.3731 0.3731 0.3731 0.3731 0.2640 0.2640 0.2640 0.2640 0.2640 0.2640 0.2640 0.2067 0.2067 0.2067 0.2067 0.2067 0.2067 0.2067 0.1782 36.5345 36.5345 337.7655 1.8004 
fb1 = -0.2258 -0.2496 -0.2496 -0.2496 -0.2496 -0.2496 -0.2496 -0.2496 -0.2601 -0.2601 -0.2601 -0.2601 -0.2601 -0.2601 -0.2601 -0.2703 -0.2703 -0.2703 -0.2703 -0.2703 -0.2703 -0.2703 -0.2791 0.0245 0.0245 0.2829 -0.1022 
fb2 = -0.2258 -0.2496 -0.2496 -0.2496 -0.2496 -0.2496 -0.2496 -0.2496 -0.2600 -0.2600 -0.2600 -0.2600 -0.2600 -0.2600 -0.2600 -0.2702 -0.2702 -0.2702 -0.2702 -0.2702 -0.2702 -0.2702 -0.2790 0.0252 0.0252 0.2891 -0.1022 
fb3 = -0.2258 -0.2496 -0.2496 -0.2496 -0.2496 -0.2496 -0.2496 -0.2496 -0.2600 -0.2600 -0.2600 -0.2600 -0.2600 -0.2600 -0.2600 -0.2702 -0.2702 -0.2702 -0.2702 -0.2702 -0.2702 -0.2702 -0.2790 0.0252 0.0252 0.2894 -0.1022 
fb4 = -0.2257 -0.2495 -0.2495 -0.2495 -0.2495 -0.2495 -0.2495 -0.2495 -0.2599 -0.2599 -0.2599 -0.2599 -0.2599 -0.2599 -0.2599 -0.2702 -0.2702 -0.2702 -0.2702 -0.2702 -0.2702 -0.2702 -0.2790 0.0259 0.0259 0.2959 -0.1021 
I = 14.9000 9.4000 9.4000 9.4000 9.4000 9.4000 9.4000 9.4000 6.0000 6.0000 6.0000 6.0000 6.0000 6.0000 6.0000 2.0000 2.0000 2.0000 2.0000 2.0000 2.0000 2.0000 -2.0000 25.2695 25.2695 10.0000 -2.3529 
S1 = 0.0000 0.0000 0.0000 0.0000 0.0000 0.0000 0.0000 0.0000 0.0000 0.0000 0.0000 0.0000 0.0000 0.0000 0.0000 0.0000 0.0000 0.0000 0.0000 0.0000 0.0000 0.0000 0.0000 0.0000 0.0000 0.0000 0.0000 
S2 = 0.0000 0.0000 0.0000 0.0000 0.0000 0.0000 0.0000 0.0000 0.0000 0.0000 0.0000 0.0000 0.0000 0.0000 0.0000 0.0000 0.0000 0.0000 0.0000 0.0000 0.0000 0.0000 0.0000 1.2695 1.2695 0.0000 8.6471 
u = 8.8347 8.7642 8.7642 8.7642 8.7642 8.7642 8.7642 8.7642 8.7284 8.7284 8.7284 8.7284 8.7284 8.7284 8.7284 8.6910 8.6910 8.6910 8.6910 8.6910 8.6910 8.6910 8.6572 10.4417 10.4417 11.0106 9.4659 
v = 31.9228 25.2655 25.2655 25.2655 25.2655 25.2655 25.2655 25.2655 22.2993 22.2993 22.2993 22.2993 22.2993 22.2993 22.2993 19.3701 19.3701 19.3701 19.3701 19.3701 19.3701 19.3701 16.8328 58.6877 58.6877 129.0177 21.7923 
