ExternalI = 5.5000 0.0000 0.0000 0.0000 0.0000 0.0000 0.0000 0.0000 4.0000 4.0000 4.0000 4.0000 4.0000 4.0000 4.0000 0.0000 0.0000 0.0000 0.0000 0.0000 0.0000 0.0000 0.0000 8.0000 8.0000 0.0000 0.0000 
before u = 8.8347 8.7642 8.7642 8.7642 8.7642 8.7642 8.7642 8.7642 8.7284 8.7284 8.7284 8.7284 8.7284 8.7284 8.7284 8.6910 8.6910 8.6910 8.6910 8.6910 8.6910 8.6910 8.6572 10.4417 10.4417 11.0106 9.4659 
before v = 31.9228 25.2655 25.2655 25.2655 25.2655 25.2655 25.2655 25.2655 22.2993 22.2993 22.2993 22.2993 22.2993 22.2993 22.2993 19.3701 19.3701 19.3701 19.3701 19.3701 19.3701 19.3701 16.8328 58.6877 58.6877 129.0177 21.7923 
Ibias = 9.4000 9.4000 9.4000 9.4000 9.4000 9.4000 9.4000 9.4000 2.0000 2.0000 2.0000 2.0000 2.0000 2.0000 2.0000 2.0000 2.0000 2.0000 2.0000 2.0000 2.0000 2.0000 -2.0000 16.0000 16.0000 10.0000 -11.0000 
fa1 = 1.0595 0.3731 0.3731 0.3731 0.3731 0.3731 0.3731 0.3731 0.2640 0.2640 0.2640 0.2640 0.2640 0.2640 0.2640 0.2067 0.2067 0.2067 0.2067 0.2067 0.2067 0.2067 0.1782 36.5320 36.5320 337.7587 1.7831 
fa2 = 1.0582 0.3725 0.3725 0.3725 0.3725 0.3725 0.3725 0.3725 0.2637 0.2637 0.2637 0.2637 0.2637 0.2637 0.2637 0.2066 0.2066 0.2066 0.2066 0.2066 0.2066 0.2066 0.1781 36.8428 36.8428 350.2356 1.7724 
fa3 = 1.0582 0.3725 0.3725 0.3725 0.3725 0.3725 0.3725 0.3725 0.2637 0.2637 0.2637 0.2637 0.2637 0.2637 0.2637 0.2066 0.2066 0.2066 0.2066 0.2066 0.2066 0.2066 0.1781 36.8455 36.8455 350.7009 1.7725 
fa4 = 1.0570 0.3719 0.3719 0.3719 0.3719 0.3719 0.3719 0.3719 0.2634 0.2634 0.2634 0.2634 0.2634 0.2634 0.2634 0.2064 0.2064 0.2064 0.2064 0.2064 0.2064 0.2064 0.1780 37.1617 37.1617 363.9239 1.7619 
fb1 = -0.2257 -0.2495 -0.2495 -0.2495 -0.2495 -0.2495 -0.2495 -0.2495 -0.2599 -0.2599 -0.2599 -0.2599 -0.2599 -0.2599 -0.2599 -0.2702 -0.2702 -0.2702 -0.2702 -0.2702 -0.2702 -0.2702 -0.2790 0.0259 0.0259 0.2959 -0.1021 
fb2 = -0.2256 -0.2494 -0.2494 -0.2494 -0.2494 -0.2494 -0.2494 -0.2494 -0.2599 -0.2599 -0.2599 -0.2599 -0.2599 -0.2599 -0.2599 -0.2701 -0.2701 -0.2701 -0.2701 -0.2701 -0.2701 -0.2701 -0.2789 0.0266 0.0266 0.3026 -0.1021 
fb3 = -0.2256 -0.2494 -0.2494 -0.2494 -0.2494 -0.2494 -0.2494 -0.2494 -0.2599 -0.2599 -0.2599 -0.2599 -0.2599 -0.2599 -0.2599 -0.2701 -0.2701 -0.2701 -0.2701 -0.2701 -0.2701 -0.2701 -0.2789 0.0267 0.0267 0.3028 -0.1021 
fb4 = -0.2256 -0.2494 -0.2494 -0.2494 -0.2494 -0.2494 -0.2494 -0.2494 -0.2598 -0.2598 -0.2598 -0.2598 -0.2598 -0.2598 -0.2598 -0.2700 -0.2700 -0.2700 -0.2700 -0.2700 -0.2700 -0.2700 -0.2788 0.0274 0.0274 0.3098 -0.1021 
I = 14.9000 9.4000 9.4000 9.4000 9.4000 9.4000 9.4000 9.4000 6.0000 6.0000 6.0000 6.0000 6.0000 6.0000 6.0000 2.0000 2.0000 2.0000 2.0000 2.0000 2.0000 2.0000 -2.0000 25.2670 25.2670 10.0000 -2.3702 
S1 = 0.0000 0.0000 0.0000 0.0000 0.0000 0.0000 0.0000 0.0000 0.0000 0.0000 0.0000 0.0000 0.0000 0.0000 0.0000 0.0000 0.0000 0.0000 0.0000 0.0000 0.0000 0.0000 0.0000 0.0000 0.0000 0.0000 0.0000 
S2 = 0.0000 0.0000 0.0000 0.0000 0.0000 0.0000 0.0000 0.0000 0.0000 0.0000 0.0000 0.0000 0.0000 0.0000 0.0000 0.0000 0.0000 0.0000 0.0000 0.0000 0.0000 0.0000 0.0000 1.2670 1.2670 0.0000 8.6298 
u = 8.8325 8.7617 8.7617 8.7617 8.7617 8.7617 8.7617 8.7617 8.7258 8.7258 8.7258 8.7258 8.7258 8.7258 8.7258 8.6883 8.6883 8.6883 8.6883 8.6883 8.6883 8.6883 8.6544 10.4419 10.4419 11.0136 9.4648 
v = 31.9334 25.2692 25.2692 25.2692 25.2692 25.2692 25.2692 25.2692 22.3019 22.3019 22.3019 22.3019 22.3019 22.3019 22.3019 19.3722 19.3722 19.3722 19.3722 19.3722 19.3722 19.3722 16.8346 59.0561 59.0561 132.5236 21.8101 
