ExternalI = 5.5000 0.0000 0.0000 0.0000 0.0000 0.0000 0.0000 0.0000 4.0000 4.0000 4.0000 4.0000 4.0000 4.0000 4.0000 0.0000 0.0000 0.0000 0.0000 0.0000 0.0000 0.0000 0.0000 8.0000 8.0000 0.0000 0.0000 
before u = 8.8325 8.7617 8.7617 8.7617 8.7617 8.7617 8.7617 8.7617 8.7258 8.7258 8.7258 8.7258 8.7258 8.7258 8.7258 8.6883 8.6883 8.6883 8.6883 8.6883 8.6883 8.6883 8.6544 10.4419 10.4419 11.1136 9.4648 
before v = 31.9334 25.2692 25.2692 25.2692 25.2692 25.2692 25.2692 25.2692 22.3019 22.3019 22.3019 22.3019 22.3019 22.3019 22.3019 19.3722 19.3722 19.3722 19.3722 19.3722 19.3722 19.3722 16.8346 59.0561 59.0561 60.5000 21.8101 
Ibias = 9.4000 9.4000 9.4000 9.4000 9.4000 9.4000 9.4000 9.4000 2.0000 2.0000 2.0000 2.0000 2.0000 2.0000 2.0000 2.0000 2.0000 2.0000 2.0000 2.0000 2.0000 2.0000 -2.0000 16.0000 16.0000 10.0000 -11.0000 
fa1 = 1.0570 0.3719 0.3719 0.3719 0.3719 0.3719 0.3719 0.3719 0.2634 0.2634 0.2634 0.2634 0.2634 0.2634 0.2634 0.2064 0.2064 0.2064 0.2064 0.2064 0.2064 0.2064 0.1780 37.1591 37.1591 23.7964 3.2446 
fa2 = 1.0558 0.3714 0.3714 0.3714 0.3714 0.3714 0.3714 0.3714 0.2631 0.2631 0.2631 0.2631 0.2631 0.2631 0.2631 0.2063 0.2063 0.2063 0.2063 0.2063 0.2063 0.2063 0.1779 37.4808 37.4808 24.0158 3.2248 
fa3 = 1.0558 0.3714 0.3714 0.3714 0.3714 0.3714 0.3714 0.3714 0.2631 0.2631 0.2631 0.2631 0.2631 0.2631 0.2631 0.2063 0.2063 0.2063 0.2063 0.2063 0.2063 0.2063 0.1779 37.4836 37.4836 24.0178 3.2249 
fa4 = 1.0546 0.3708 0.3708 0.3708 0.3708 0.3708 0.3708 0.3708 0.2628 0.2628 0.2628 0.2628 0.2628 0.2628 0.2628 0.2061 0.2061 0.2061 0.2061 0.2061 0.2061 0.2061 0.1778 37.8109 37.8109 24.2404 3.2052 
fb1 = -0.2256 -0.2494 -0.2494 -0.2494 -0.2494 -0.2494 -0.2494 -0.2494 -0.2598 -0.2598 -0.2598 -0.2598 -0.2598 -0.2598 -0.2598 -0.2700 -0.2700 -0.2700 -0.2700 -0.2700 -0.2700 -0.2700 -0.2788 0.0274 0.0274 0.0197 -0.1021 
fb2 = -0.2255 -0.2493 -0.2493 -0.2493 -0.2493 -0.2493 -0.2493 -0.2493 -0.2598 -0.2598 -0.2598 -0.2598 -0.2598 -0.2598 -0.2598 -0.2700 -0.2700 -0.2700 -0.2700 -0.2700 -0.2700 -0.2700 -0.2788 0.0281 0.0281 0.0202 -0.1020 
fb3 = -0.2255 -0.2493 -0.2493 -0.2493 -0.2493 -0.2493 -0.2493 -0.2493 -0.2598 -0.2598 -0.2598 -0.2598 -0.2598 -0.2598 -0.2598 -0.2700 -0.2700 -0.2700 -0.2700 -0.2700 -0.2700 -0.2700 -0.2788 0.0281 0.0281 0.0202 -0.1020 
fb4 = -0.2254 -0.2493 -0.2493 -0.2493 -0.2493 -0.2493 -0.2493 -0.2493 -0.2597 -0.2597 -0.2597 -0.2597 -0.2597 -0.2597 -0.2597 -0.2699 -0.2699 -0.2699 -0.2699 -0.2699 -0.2699 -0.2699 -0.2787 0.0289 0.0289 0.0207 -0.1019 
I = 14.9000 9.4000 9.4000 9.4000 9.4000 9.4000 9.4000 9.4000 6.0000 6.0000 6.0000 6.0000 6.0000 6.0000 6.0000 2.0000 2.0000 2.0000 2.0000 2.0000 2.0000 2.0000 -2.0000 25.2644 25.2644 10.0000 -0.8875 
S1 = 0.0000 0.0000 0.0000 0.0000 0.0000 0.0000 0.0000 0.0000 0.0000 0.0000 0.0000 0.0000 0.0000 0.0000 0.0000 0.0000 0.0000 0.0000 0.0000 0.0000 0.0000 0.0000 0.0000 0.0000 0.0000 0.0000 0.0000 
S2 = 0.0000 0.0000 0.0000 0.0000 0.0000 0.0000 0.0000 0.0000 0.0000 0.0000 0.0000 0.0000 0.0000 0.0000 0.0000 0.0000 0.0000 0.0000 0.0000 0.0000 0.0000 0.0000 0.0000 1.2644 1.2644 0.0000 10.1125 
u = 8.8302 8.7592 8.7592 8.7592 8.7592 8.7592 8.7592 8.7592 8.7232 8.7232 8.7232 8.7232 8.7232 8.7232 8.7232 8.6856 8.6856 8.6856 8.6856 8.6856 8.6856 8.6856 8.6516 10.4422 10.4422 11.1138 9.4638 
v = 31.9440 25.2730 25.2730 25.2730 25.2730 25.2730 25.2730 25.2730 22.3046 22.3046 22.3046 22.3046 22.3046 22.3046 22.3046 19.3742 19.3742 19.3742 19.3742 19.3742 19.3742 19.3742 16.8363 59.4309 59.4309 60.7402 21.8423 
