ExternalI = 5.5000 0.0000 0.0000 0.0000 0.0000 0.0000 0.0000 0.0000 4.0000 4.0000 4.0000 4.0000 4.0000 4.0000 4.0000 0.0000 0.0000 0.0000 0.0000 0.0000 0.0000 0.0000 0.0000 8.0000 8.0000 0.0000 0.0000 
before u = 8.8302 8.7592 8.7592 8.7592 8.7592 8.7592 8.7592 8.7592 8.7232 8.7232 8.7232 8.7232 8.7232 8.7232 8.7232 8.6856 8.6856 8.6856 8.6856 8.6856 8.6856 8.6856 8.6516 10.4422 10.4422 11.1138 9.4638 
before v = 31.9440 25.2730 25.2730 25.2730 25.2730 25.2730 25.2730 25.2730 22.3046 22.3046 22.3046 22.3046 22.3046 22.3046 22.3046 19.3742 19.3742 19.3742 19.3742 19.3742 19.3742 19.3742 16.8363 59.4309 59.4309 60.7402 21.8423 
Ibias = 9.4000 9.4000 9.4000 9.4000 9.4000 9.4000 9.4000 9.4000 2.0000 2.0000 2.0000 2.0000 2.0000 2.0000 2.0000 2.0000 2.0000 2.0000 2.0000 2.0000 2.0000 2.0000 -2.0000 16.0000 16.0000 10.0000 -11.0000 
fa1 = 1.0546 0.3708 0.3708 0.3708 0.3708 0.3708 0.3708 0.3708 0.2628 0.2628 0.2628 0.2628 0.2628 0.2628 0.2628 0.2061 0.2061 0.2061 0.2061 0.2061 0.2061 0.2061 0.1778 37.8083 37.8083 24.2404 3.1850 
fa2 = 1.0534 0.3702 0.3702 0.3702 0.3702 0.3702 0.3702 0.3702 0.2625 0.2625 0.2625 0.2625 0.2625 0.2625 0.2625 0.2060 0.2060 0.2060 0.2060 0.2060 0.2060 0.2060 0.1778 38.1413 38.1413 24.4662 3.1656 
fa3 = 1.0534 0.3702 0.3702 0.3702 0.3702 0.3702 0.3702 0.3702 0.2625 0.2625 0.2625 0.2625 0.2625 0.2625 0.2625 0.2060 0.2060 0.2060 0.2060 0.2060 0.2060 0.2060 0.1778 38.1442 38.1442 24.4683 3.1657 
fa4 = 1.0522 0.3697 0.3697 0.3697 0.3697 0.3697 0.3697 0.3697 0.2622 0.2622 0.2622 0.2622 0.2622 0.2622 0.2622 0.2059 0.2059 0.2059 0.2059 0.2059 0.2059 0.2059 0.1777 38.4831 38.4831 24.6975 3.1464 
fb1 = -0.2254 -0.2493 -0.2493 -0.2493 -0.2493 -0.2493 -0.2493 -0.2493 -0.2597 -0.2597 -0.2597 -0.2597 -0.2597 -0.2597 -0.2597 -0.2699 -0.2699 -0.2699 -0.2699 -0.2699 -0.2699 -0.2699 -0.2787 0.0289 0.0289 0.0207 -0.1019 
fb2 = -0.2254 -0.2492 -0.2492 -0.2492 -0.2492 -0.2492 -0.2492 -0.2492 -0.2597 -0.2597 -0.2597 -0.2597 -0.2597 -0.2597 -0.2597 -0.2699 -0.2699 -0.2699 -0.2699 -0.2699 -0.2699 -0.2699 -0.2787 0.0296 0.0296 0.0212 -0.1018 
fb3 = -0.2254 -0.2492 -0.2492 -0.2492 -0.2492 -0.2492 -0.2492 -0.2492 -0.2597 -0.2597 -0.2597 -0.2597 -0.2597 -0.2597 -0.2597 -0.2699 -0.2699 -0.2699 -0.2699 -0.2699 -0.2699 -0.2699 -0.2787 0.0296 0.0296 0.0212 -0.1018 
fb4 = -0.2253 -0.2492 -0.2492 -0.2492 -0.2492 -0.2492 -0.2492 -0.2492 -0.2596 -0.2596 -0.2596 -0.2596 -0.2596 -0.2596 -0.2596 -0.2698 -0.2698 -0.2698 -0.2698 -0.2698 -0.2698 -0.2698 -0.2786 0.0304 0.0304 0.0217 -0.1018 
I = 14.9000 9.4000 9.4000 9.4000 9.4000 9.4000 9.4000 9.4000 6.0000 6.0000 6.0000 6.0000 6.0000 6.0000 6.0000 2.0000 2.0000 2.0000 2.0000 2.0000 2.0000 2.0000 -2.0000 25.2619 25.2619 10.0000 -0.9077 
S1 = 0.0000 0.0000 0.0000 0.0000 0.0000 0.0000 0.0000 0.0000 0.0000 0.0000 0.0000 0.0000 0.0000 0.0000 0.0000 0.0000 0.0000 0.0000 0.0000 0.0000 0.0000 0.0000 0.0000 0.0000 0.0000 0.0000 0.0000 
S2 = 0.0000 0.0000 0.0000 0.0000 0.0000 0.0000 0.0000 0.0000 0.0000 0.0000 0.0000 0.0000 0.0000 0.0000 0.0000 0.0000 0.0000 0.0000 0.0000 0.0000 0.0000 0.0000 0.0000 1.2619 1.2619 0.0000 10.0923 
u = 8.8280 8.7568 8.7568 8.7568 8.7568 8.7568 8.7568 8.7568 8.7206 8.7206 8.7206 8.7206 8.7206 8.7206 8.7206 8.6829 8.6829 8.6829 8.6829 8.6829 8.6829 8.6829 8.6488 10.4425 10.4425 11.1141 9.4628 
v = 31.9545 25.2767 25.2767 25.2767 25.2767 25.2767 25.2767 25.2767 22.3072 22.3072 22.3072 22.3072 22.3072 22.3072 22.3072 19.3763 19.3763 19.3763 19.3763 19.3763 19.3763 19.3763 16.8381 59.8124 59.8124 60.9849 21.8740 
