ExternalI = 5.5000 0.0000 0.0000 0.0000 0.0000 0.0000 0.0000 0.0000 4.0000 4.0000 4.0000 4.0000 4.0000 4.0000 4.0000 0.0000 0.0000 0.0000 0.0000 0.0000 0.0000 0.0000 0.0000 8.0000 8.0000 0.0000 0.0000 
before u = 8.8280 8.7568 8.7568 8.7568 8.7568 8.7568 8.7568 8.7568 8.7206 8.7206 8.7206 8.7206 8.7206 8.7206 8.7206 8.6829 8.6829 8.6829 8.6829 8.6829 8.6829 8.6829 8.6488 10.4425 10.4425 11.1141 9.4628 
before v = 31.9545 25.2767 25.2767 25.2767 25.2767 25.2767 25.2767 25.2767 22.3072 22.3072 22.3072 22.3072 22.3072 22.3072 22.3072 19.3763 19.3763 19.3763 19.3763 19.3763 19.3763 19.3763 16.8381 59.8124 59.8124 60.9849 21.8740 
Ibias = 9.4000 9.4000 9.4000 9.4000 9.4000 9.4000 9.4000 9.4000 2.0000 2.0000 2.0000 2.0000 2.0000 2.0000 2.0000 2.0000 2.0000 2.0000 2.0000 2.0000 2.0000 2.0000 -2.0000 16.0000 16.0000 10.0000 -11.0000 
fa1 = 1.0522 0.3697 0.3697 0.3697 0.3697 0.3697 0.3697 0.3697 0.2622 0.2622 0.2622 0.2622 0.2622 0.2622 0.2622 0.2059 0.2059 0.2059 0.2059 0.2059 0.2059 0.2059 0.1777 38.4806 38.4806 24.6975 3.1262 
fa2 = 1.0509 0.3691 0.3691 0.3691 0.3691 0.3691 0.3691 0.3691 0.2619 0.2619 0.2619 0.2619 0.2619 0.2619 0.2619 0.2057 0.2057 0.2057 0.2057 0.2057 0.2057 0.2057 0.1776 38.8253 38.8253 24.9300 3.1072 
fa3 = 1.0510 0.3691 0.3691 0.3691 0.3691 0.3691 0.3691 0.3691 0.2619 0.2619 0.2619 0.2619 0.2619 0.2619 0.2619 0.2057 0.2057 0.2057 0.2057 0.2057 0.2057 0.2057 0.1776 38.8284 38.8284 24.9322 3.1073 
fa4 = 1.0497 0.3685 0.3685 0.3685 0.3685 0.3685 0.3685 0.3685 0.2616 0.2616 0.2616 0.2616 0.2616 0.2616 0.2616 0.2056 0.2056 0.2056 0.2056 0.2056 0.2056 0.2056 0.1775 39.1794 39.1794 25.1682 3.0884 
fb1 = -0.2253 -0.2492 -0.2492 -0.2492 -0.2492 -0.2492 -0.2492 -0.2492 -0.2596 -0.2596 -0.2596 -0.2596 -0.2596 -0.2596 -0.2596 -0.2698 -0.2698 -0.2698 -0.2698 -0.2698 -0.2698 -0.2698 -0.2786 0.0304 0.0304 0.0217 -0.1018 
fb2 = -0.2252 -0.2491 -0.2491 -0.2491 -0.2491 -0.2491 -0.2491 -0.2491 -0.2595 -0.2595 -0.2595 -0.2595 -0.2595 -0.2595 -0.2595 -0.2698 -0.2698 -0.2698 -0.2698 -0.2698 -0.2698 -0.2698 -0.2785 0.0312 0.0312 0.0222 -0.1017 
fb3 = -0.2252 -0.2491 -0.2491 -0.2491 -0.2491 -0.2491 -0.2491 -0.2491 -0.2595 -0.2595 -0.2595 -0.2595 -0.2595 -0.2595 -0.2595 -0.2698 -0.2698 -0.2698 -0.2698 -0.2698 -0.2698 -0.2698 -0.2785 0.0312 0.0312 0.0222 -0.1017 
fb4 = -0.2252 -0.2490 -0.2490 -0.2490 -0.2490 -0.2490 -0.2490 -0.2490 -0.2595 -0.2595 -0.2595 -0.2595 -0.2595 -0.2595 -0.2595 -0.2697 -0.2697 -0.2697 -0.2697 -0.2697 -0.2697 -0.2697 -0.2785 0.0319 0.0319 0.0227 -0.1016 
I = 14.9000 9.4000 9.4000 9.4000 9.4000 9.4000 9.4000 9.4000 6.0000 6.0000 6.0000 6.0000 6.0000 6.0000 6.0000 2.0000 2.0000 2.0000 2.0000 2.0000 2.0000 2.0000 -2.0000 25.2594 25.2594 10.0000 -0.9279 
S1 = 0.0000 0.0000 0.0000 0.0000 0.0000 0.0000 0.0000 0.0000 0.0000 0.0000 0.0000 0.0000 0.0000 0.0000 0.0000 0.0000 0.0000 0.0000 0.0000 0.0000 0.0000 0.0000 0.0000 0.0000 0.0000 0.0000 0.0000 
S2 = 0.0000 0.0000 0.0000 0.0000 0.0000 0.0000 0.0000 0.0000 0.0000 0.0000 0.0000 0.0000 0.0000 0.0000 0.0000 0.0000 0.0000 0.0000 0.0000 0.0000 0.0000 0.0000 0.0000 1.2594 1.2594 0.0000 10.0721 
u = 8.8257 8.7543 8.7543 8.7543 8.7543 8.7543 8.7543 8.7543 8.7180 8.7180 8.7180 8.7180 8.7180 8.7180 8.7180 8.6802 8.6802 8.6802 8.6802 8.6802 8.6802 8.6802 8.6461 10.4428 10.4428 11.1143 9.4618 
v = 31.9650 25.2803 25.2803 25.2803 25.2803 25.2803 25.2803 25.2803 22.3098 22.3098 22.3098 22.3098 22.3098 22.3098 22.3098 19.3783 19.3783 19.3783 19.3783 19.3783 19.3783 19.3783 16.8399 60.2007 60.2007 61.2342 21.9050 
