ExternalI = 5.5000 0.0000 0.0000 0.0000 0.0000 0.0000 0.0000 0.0000 4.0000 4.0000 4.0000 4.0000 4.0000 4.0000 4.0000 0.0000 0.0000 0.0000 0.0000 0.0000 0.0000 0.0000 0.0000 8.0000 8.0000 0.0000 0.0000 
before u = 8.8257 8.7543 8.7543 8.7543 8.7543 8.7543 8.7543 8.7543 8.7180 8.7180 8.7180 8.7180 8.7180 8.7180 8.7180 8.6802 8.6802 8.6802 8.6802 8.6802 8.6802 8.6802 8.6461 10.4428 10.4428 11.1143 9.4618 
before v = 31.9650 25.2803 25.2803 25.2803 25.2803 25.2803 25.2803 25.2803 22.3098 22.3098 22.3098 22.3098 22.3098 22.3098 22.3098 19.3783 19.3783 19.3783 19.3783 19.3783 19.3783 19.3783 16.8399 60.2007 60.2007 61.2342 21.9050 
Ibias = 9.4000 9.4000 9.4000 9.4000 9.4000 9.4000 9.4000 9.4000 2.0000 2.0000 2.0000 2.0000 2.0000 2.0000 2.0000 2.0000 2.0000 2.0000 2.0000 2.0000 2.0000 2.0000 -2.0000 16.0000 16.0000 10.0000 -11.0000 
fa1 = 1.0497 0.3685 0.3685 0.3685 0.3685 0.3685 0.3685 0.3685 0.2616 0.2616 0.2616 0.2616 0.2616 0.2616 0.2616 0.2056 0.2056 0.2056 0.2056 0.2056 0.2056 0.2056 0.1775 39.1768 39.1768 25.1682 3.0683 
fa2 = 1.0486 0.3680 0.3680 0.3680 0.3680 0.3680 0.3680 0.3680 0.2613 0.2613 0.2613 0.2613 0.2613 0.2613 0.2613 0.2054 0.2054 0.2054 0.2054 0.2054 0.2054 0.2054 0.1775 39.5340 39.5340 25.4076 3.0497 
fa3 = 1.0486 0.3680 0.3680 0.3680 0.3680 0.3680 0.3680 0.3680 0.2613 0.2613 0.2613 0.2613 0.2613 0.2613 0.2613 0.2054 0.2054 0.2054 0.2054 0.2054 0.2054 0.2054 0.1775 39.5372 39.5372 25.4099 3.0498 
fa4 = 1.0474 0.3674 0.3674 0.3674 0.3674 0.3674 0.3674 0.3674 0.2610 0.2610 0.2610 0.2610 0.2610 0.2610 0.2610 0.2053 0.2053 0.2053 0.2053 0.2053 0.2053 0.2053 0.1774 39.9008 39.9008 25.6530 3.0313 
fb1 = -0.2252 -0.2490 -0.2490 -0.2490 -0.2490 -0.2490 -0.2490 -0.2490 -0.2595 -0.2595 -0.2595 -0.2595 -0.2595 -0.2595 -0.2595 -0.2697 -0.2697 -0.2697 -0.2697 -0.2697 -0.2697 -0.2697 -0.2785 0.0319 0.0319 0.0227 -0.1016 
fb2 = -0.2251 -0.2490 -0.2490 -0.2490 -0.2490 -0.2490 -0.2490 -0.2490 -0.2594 -0.2594 -0.2594 -0.2594 -0.2594 -0.2594 -0.2594 -0.2696 -0.2696 -0.2696 -0.2696 -0.2696 -0.2696 -0.2696 -0.2784 0.0327 0.0327 0.0232 -0.1015 
fb3 = -0.2251 -0.2490 -0.2490 -0.2490 -0.2490 -0.2490 -0.2490 -0.2490 -0.2594 -0.2594 -0.2594 -0.2594 -0.2594 -0.2594 -0.2594 -0.2696 -0.2696 -0.2696 -0.2696 -0.2696 -0.2696 -0.2696 -0.2784 0.0327 0.0327 0.0232 -0.1015 
fb4 = -0.2250 -0.2489 -0.2489 -0.2489 -0.2489 -0.2489 -0.2489 -0.2489 -0.2594 -0.2594 -0.2594 -0.2594 -0.2594 -0.2594 -0.2594 -0.2696 -0.2696 -0.2696 -0.2696 -0.2696 -0.2696 -0.2696 -0.2784 0.0335 0.0335 0.0237 -0.1015 
I = 14.9000 9.4000 9.4000 9.4000 9.4000 9.4000 9.4000 9.4000 6.0000 6.0000 6.0000 6.0000 6.0000 6.0000 6.0000 2.0000 2.0000 2.0000 2.0000 2.0000 2.0000 2.0000 -2.0000 25.2569 25.2569 10.0000 -0.9480 
S1 = 0.0000 0.0000 0.0000 0.0000 0.0000 0.0000 0.0000 0.0000 0.0000 0.0000 0.0000 0.0000 0.0000 0.0000 0.0000 0.0000 0.0000 0.0000 0.0000 0.0000 0.0000 0.0000 0.0000 0.0000 0.0000 0.0000 0.0000 
S2 = 0.0000 0.0000 0.0000 0.0000 0.0000 0.0000 0.0000 0.0000 0.0000 0.0000 0.0000 0.0000 0.0000 0.0000 0.0000 0.0000 0.0000 0.0000 0.0000 0.0000 0.0000 0.0000 0.0000 1.2569 1.2569 0.0000 10.0520 
u = 8.8235 8.7518 8.7518 8.7518 8.7518 8.7518 8.7518 8.7518 8.7155 8.7155 8.7155 8.7155 8.7155 8.7155 8.7155 8.6775 8.6775 8.6775 8.6775 8.6775 8.6775 8.6775 8.6433 10.4431 10.4431 11.1145 9.4608 
v = 31.9755 25.2840 25.2840 25.2840 25.2840 25.2840 25.2840 25.2840 22.3124 22.3124 22.3124 22.3124 22.3124 22.3124 22.3124 19.3804 19.3804 19.3804 19.3804 19.3804 19.3804 19.3804 16.8417 60.5960 60.5960 61.4883 21.9355 
