ExternalI = 5.5000 0.0000 0.0000 0.0000 0.0000 0.0000 0.0000 0.0000 4.0000 4.0000 4.0000 4.0000 4.0000 4.0000 4.0000 0.0000 0.0000 0.0000 0.0000 0.0000 0.0000 0.0000 0.0000 8.0000 8.0000 0.0000 0.0000 
before u = 9.8547 9.8531 9.8531 9.8531 9.8531 9.8531 9.8531 9.8531 9.8521 9.8521 9.8521 9.8521 9.8521 9.8521 9.8521 9.8510 9.8510 9.8510 9.8510 9.8510 9.8510 9.8510 9.8499 9.9453 9.9453 10.0627 9.9351 
before v = 18.4430 16.7791 16.7791 16.7791 16.7791 16.7791 16.7791 16.7791 15.7656 15.7656 15.7656 15.7656 15.7656 15.7656 15.7656 14.5878 14.5878 14.5878 14.5878 14.5878 14.5878 14.5878 13.4251 24.4557 24.4557 115.7925 13.7003 
Ibias = 9.4000 9.4000 9.4000 9.4000 9.4000 9.4000 9.4000 9.4000 2.0000 2.0000 2.0000 2.0000 2.0000 2.0000 2.0000 2.0000 2.0000 2.0000 2.0000 2.0000 2.0000 2.0000 -2.0000 16.0000 16.0000 10.0000 -11.0000 
fa1 = 13.3222 10.4712 10.4712 10.4712 10.4712 10.4712 10.4712 10.4712 8.7932 8.7932 8.7932 8.7932 8.7932 8.7932 8.7932 6.8978 6.8978 6.8978 6.8978 6.8978 6.8978 6.8978 5.0841 24.6109 24.6109 248.8757 5.4720 
fa2 = 13.2224 10.3861 10.3861 10.3861 10.3861 10.3861 10.3861 10.3861 8.7185 8.7185 8.7185 8.7185 8.7185 8.7185 8.7185 6.8363 6.8363 6.8363 6.8363 6.8363 6.8363 6.8363 5.0369 24.4836 24.4836 256.7304 5.4206 
fa3 = 13.2232 10.3868 10.3868 10.3868 10.3868 10.3868 10.3868 10.3868 8.7191 8.7191 8.7191 8.7191 8.7191 8.7191 8.7191 6.8369 6.8369 6.8369 6.8369 6.8369 6.8369 6.8369 5.0374 24.4842 24.4842 256.9803 5.4211 
fa4 = 13.1245 10.3027 10.3027 10.3027 10.3027 10.3027 10.3027 10.3027 8.6452 8.6452 8.6452 8.6452 8.6452 8.6452 8.6452 6.7760 6.7760 6.7760 6.7760 6.7760 6.7760 6.7760 4.9906 24.3588 24.3588 265.2329 5.3703 
fb1 = -0.3204 -0.3270 -0.3270 -0.3270 -0.3270 -0.3270 -0.3270 -0.3270 -0.3310 -0.3310 -0.3310 -0.3310 -0.3310 -0.3310 -0.3310 -0.3357 -0.3357 -0.3357 -0.3357 -0.3357 -0.3357 -0.3357 -0.3403 -0.1011 -0.1011 0.2619 -0.1439 
fb2 = -0.3201 -0.3267 -0.3267 -0.3267 -0.3267 -0.3267 -0.3267 -0.3267 -0.3308 -0.3308 -0.3308 -0.3308 -0.3308 -0.3308 -0.3308 -0.3355 -0.3355 -0.3355 -0.3355 -0.3355 -0.3355 -0.3355 -0.3401 -0.1006 -0.1006 0.2669 -0.1438 
fb3 = -0.3201 -0.3267 -0.3267 -0.3267 -0.3267 -0.3267 -0.3267 -0.3267 -0.3308 -0.3308 -0.3308 -0.3308 -0.3308 -0.3308 -0.3308 -0.3355 -0.3355 -0.3355 -0.3355 -0.3355 -0.3355 -0.3355 -0.3401 -0.1006 -0.1006 0.2670 -0.1438 
fb4 = -0.3198 -0.3265 -0.3265 -0.3265 -0.3265 -0.3265 -0.3265 -0.3265 -0.3305 -0.3305 -0.3305 -0.3305 -0.3305 -0.3305 -0.3305 -0.3353 -0.3353 -0.3353 -0.3353 -0.3353 -0.3353 -0.3353 -0.3400 -0.1001 -0.1001 0.2721 -0.1437 
I = 14.9000 9.4000 9.4000 9.4000 9.4000 9.4000 9.4000 9.4000 6.0000 6.0000 6.0000 6.0000 6.0000 6.0000 6.0000 2.0000 2.0000 2.0000 2.0000 2.0000 2.0000 2.0000 -2.0000 24.0000 24.0000 10.0000 -11.0000 
S1 = 0.0000 0.0000 0.0000 0.0000 0.0000 0.0000 0.0000 0.0000 0.0000 0.0000 0.0000 0.0000 0.0000 0.0000 0.0000 0.0000 0.0000 0.0000 0.0000 0.0000 0.0000 0.0000 0.0000 0.0000 0.0000 0.0000 0.0000 
S2 = 0.0000 0.0000 0.0000 0.0000 0.0000 0.0000 0.0000 0.0000 0.0000 0.0000 0.0000 0.0000 0.0000 0.0000 0.0000 0.0000 0.0000 0.0000 0.0000 0.0000 0.0000 0.0000 0.0000 0.0000 0.0000 0.0000 0.0000 
u = 9.8515 9.8498 9.8498 9.8498 9.8498 9.8498 9.8498 9.8498 9.8488 9.8488 9.8488 9.8488 9.8488 9.8488 9.8488 9.8476 9.8476 9.8476 9.8476 9.8476 9.8476 9.8476 9.8465 9.9443 9.9443 10.0654 9.9337 
v = 18.5752 16.8829 16.8829 16.8829 16.8829 16.8829 16.8829 16.8829 15.8528 15.8528 15.8528 15.8528 15.8528 15.8528 15.8528 14.6561 14.6561 14.6561 14.6561 14.6561 14.6561 14.6561 13.4755 24.7006 24.7006 118.3617 13.7545 
