ExternalI = 5.5000 0.0000 0.0000 0.0000 0.0000 0.0000 0.0000 0.0000 4.0000 4.0000 4.0000 4.0000 4.0000 4.0000 4.0000 0.0000 0.0000 0.0000 0.0000 0.0000 0.0000 0.0000 0.0000 8.0000 8.0000 0.0000 0.0000 
before u = 8.8235 8.7518 8.7518 8.7518 8.7518 8.7518 8.7518 8.7518 8.7155 8.7155 8.7155 8.7155 8.7155 8.7155 8.7155 8.6775 8.6775 8.6775 8.6775 8.6775 8.6775 8.6775 8.6433 10.4431 10.4431 11.1145 9.4608 
before v = 31.9755 25.2840 25.2840 25.2840 25.2840 25.2840 25.2840 25.2840 22.3124 22.3124 22.3124 22.3124 22.3124 22.3124 22.3124 19.3804 19.3804 19.3804 19.3804 19.3804 19.3804 19.3804 16.8417 60.5960 60.5960 61.4883 21.9355 
Ibias = 9.4000 9.4000 9.4000 9.4000 9.4000 9.4000 9.4000 9.4000 2.0000 2.0000 2.0000 2.0000 2.0000 2.0000 2.0000 2.0000 2.0000 2.0000 2.0000 2.0000 2.0000 2.0000 -2.0000 16.0000 16.0000 10.0000 -11.0000 
fa1 = 1.0474 0.3674 0.3674 0.3674 0.3674 0.3674 0.3674 0.3674 0.2610 0.2610 0.2610 0.2610 0.2610 0.2610 0.2610 0.2053 0.2053 0.2053 0.2053 0.2053 0.2053 0.2053 0.1774 39.8983 39.8983 25.6530 3.0112 
fa2 = 1.0462 0.3669 0.3669 0.3669 0.3669 0.3669 0.3669 0.3669 0.2608 0.2608 0.2608 0.2608 0.2608 0.2608 0.2608 0.2052 0.2052 0.2052 0.2052 0.2052 0.2052 0.2052 0.1773 40.2683 40.2683 25.8997 2.9930 
fa3 = 1.0462 0.3669 0.3669 0.3669 0.3669 0.3669 0.3669 0.3669 0.2608 0.2608 0.2608 0.2608 0.2608 0.2608 0.2608 0.2052 0.2052 0.2052 0.2052 0.2052 0.2052 0.2052 0.1773 40.2717 40.2717 25.9020 2.9931 
fa4 = 1.0450 0.3663 0.3663 0.3663 0.3663 0.3663 0.3663 0.3663 0.2605 0.2605 0.2605 0.2605 0.2605 0.2605 0.2605 0.2050 0.2050 0.2050 0.2050 0.2050 0.2050 0.2050 0.1772 40.6485 40.6485 26.1525 2.9750 
fb1 = -0.2250 -0.2489 -0.2489 -0.2489 -0.2489 -0.2489 -0.2489 -0.2489 -0.2594 -0.2594 -0.2594 -0.2594 -0.2594 -0.2594 -0.2594 -0.2696 -0.2696 -0.2696 -0.2696 -0.2696 -0.2696 -0.2696 -0.2784 0.0335 0.0335 0.0237 -0.1015 
fb2 = -0.2250 -0.2489 -0.2489 -0.2489 -0.2489 -0.2489 -0.2489 -0.2489 -0.2593 -0.2593 -0.2593 -0.2593 -0.2593 -0.2593 -0.2593 -0.2695 -0.2695 -0.2695 -0.2695 -0.2695 -0.2695 -0.2695 -0.2783 0.0343 0.0343 0.0242 -0.1014 
fb3 = -0.2250 -0.2489 -0.2489 -0.2489 -0.2489 -0.2489 -0.2489 -0.2489 -0.2593 -0.2593 -0.2593 -0.2593 -0.2593 -0.2593 -0.2593 -0.2695 -0.2695 -0.2695 -0.2695 -0.2695 -0.2695 -0.2695 -0.2783 0.0343 0.0343 0.0242 -0.1014 
fb4 = -0.2249 -0.2488 -0.2488 -0.2488 -0.2488 -0.2488 -0.2488 -0.2488 -0.2593 -0.2593 -0.2593 -0.2593 -0.2593 -0.2593 -0.2593 -0.2695 -0.2695 -0.2695 -0.2695 -0.2695 -0.2695 -0.2695 -0.2782 0.0351 0.0351 0.0247 -0.1013 
I = 14.9000 9.4000 9.4000 9.4000 9.4000 9.4000 9.4000 9.4000 6.0000 6.0000 6.0000 6.0000 6.0000 6.0000 6.0000 2.0000 2.0000 2.0000 2.0000 2.0000 2.0000 2.0000 -2.0000 25.2543 25.2543 10.0000 -0.9681 
S1 = 0.0000 0.0000 0.0000 0.0000 0.0000 0.0000 0.0000 0.0000 0.0000 0.0000 0.0000 0.0000 0.0000 0.0000 0.0000 0.0000 0.0000 0.0000 0.0000 0.0000 0.0000 0.0000 0.0000 0.0000 0.0000 0.0000 0.0000 
S2 = 0.0000 0.0000 0.0000 0.0000 0.0000 0.0000 0.0000 0.0000 0.0000 0.0000 0.0000 0.0000 0.0000 0.0000 0.0000 0.0000 0.0000 0.0000 0.0000 0.0000 0.0000 0.0000 0.0000 1.2543 1.2543 0.0000 10.0319 
u = 8.8212 8.7493 8.7493 8.7493 8.7493 8.7493 8.7493 8.7493 8.7129 8.7129 8.7129 8.7129 8.7129 8.7129 8.7129 8.6748 8.6748 8.6748 8.6748 8.6748 8.6748 8.6748 8.6405 10.4435 10.4435 11.1147 9.4598 
v = 31.9859 25.2877 25.2877 25.2877 25.2877 25.2877 25.2877 25.2877 22.3150 22.3150 22.3150 22.3150 22.3150 22.3150 22.3150 19.3825 19.3825 19.3825 19.3825 19.3825 19.3825 19.3825 16.8434 60.9987 60.9987 61.7473 21.9655 
