ExternalI = 5.5000 0.0000 0.0000 0.0000 0.0000 0.0000 0.0000 0.0000 4.0000 4.0000 4.0000 4.0000 4.0000 4.0000 4.0000 0.0000 0.0000 0.0000 0.0000 0.0000 0.0000 0.0000 0.0000 8.0000 8.0000 0.0000 0.0000 
before u = 8.8212 8.7493 8.7493 8.7493 8.7493 8.7493 8.7493 8.7493 8.7129 8.7129 8.7129 8.7129 8.7129 8.7129 8.7129 8.6748 8.6748 8.6748 8.6748 8.6748 8.6748 8.6748 8.6405 10.4435 10.4435 11.1147 9.4598 
before v = 31.9859 25.2877 25.2877 25.2877 25.2877 25.2877 25.2877 25.2877 22.3150 22.3150 22.3150 22.3150 22.3150 22.3150 22.3150 19.3825 19.3825 19.3825 19.3825 19.3825 19.3825 19.3825 16.8434 60.9987 60.9987 61.7473 21.9655 
Ibias = 9.4000 9.4000 9.4000 9.4000 9.4000 9.4000 9.4000 9.4000 2.0000 2.0000 2.0000 2.0000 2.0000 2.0000 2.0000 2.0000 2.0000 2.0000 2.0000 2.0000 2.0000 2.0000 -2.0000 16.0000 16.0000 10.0000 -11.0000 
fa1 = 1.0450 0.3663 0.3663 0.3663 0.3663 0.3663 0.3663 0.3663 0.2605 0.2605 0.2605 0.2605 0.2605 0.2605 0.2605 0.2050 0.2050 0.2050 0.2050 0.2050 0.2050 0.2050 0.1772 40.6460 40.6460 26.1525 2.9549 
fa2 = 1.0438 0.3658 0.3658 0.3658 0.3658 0.3658 0.3658 0.3658 0.2602 0.2602 0.2602 0.2602 0.2602 0.2602 0.2602 0.2049 0.2049 0.2049 0.2049 0.2049 0.2049 0.2049 0.1772 41.0295 41.0295 26.4067 2.9371 
fa3 = 1.0438 0.3658 0.3658 0.3658 0.3658 0.3658 0.3658 0.3658 0.2602 0.2602 0.2602 0.2602 0.2602 0.2602 0.2602 0.2049 0.2049 0.2049 0.2049 0.2049 0.2049 0.2049 0.1772 41.0331 41.0331 26.4092 2.9372 
fa4 = 1.0426 0.3652 0.3652 0.3652 0.3652 0.3652 0.3652 0.3652 0.2599 0.2599 0.2599 0.2599 0.2599 0.2599 0.2599 0.2047 0.2047 0.2047 0.2047 0.2047 0.2047 0.2047 0.1771 41.4237 41.4237 26.6673 2.9194 
fb1 = -0.2249 -0.2488 -0.2488 -0.2488 -0.2488 -0.2488 -0.2488 -0.2488 -0.2593 -0.2593 -0.2593 -0.2593 -0.2593 -0.2593 -0.2593 -0.2695 -0.2695 -0.2695 -0.2695 -0.2695 -0.2695 -0.2695 -0.2782 0.0351 0.0351 0.0247 -0.1013 
fb2 = -0.2248 -0.2488 -0.2488 -0.2488 -0.2488 -0.2488 -0.2488 -0.2488 -0.2592 -0.2592 -0.2592 -0.2592 -0.2592 -0.2592 -0.2592 -0.2694 -0.2694 -0.2694 -0.2694 -0.2694 -0.2694 -0.2694 -0.2782 0.0359 0.0359 0.0252 -0.1013 
fb3 = -0.2248 -0.2488 -0.2488 -0.2488 -0.2488 -0.2488 -0.2488 -0.2488 -0.2592 -0.2592 -0.2592 -0.2592 -0.2592 -0.2592 -0.2592 -0.2694 -0.2694 -0.2694 -0.2694 -0.2694 -0.2694 -0.2694 -0.2782 0.0359 0.0359 0.0252 -0.1013 
fb4 = -0.2248 -0.2487 -0.2487 -0.2487 -0.2487 -0.2487 -0.2487 -0.2487 -0.2591 -0.2591 -0.2591 -0.2591 -0.2591 -0.2591 -0.2591 -0.2693 -0.2693 -0.2693 -0.2693 -0.2693 -0.2693 -0.2693 -0.2781 0.0368 0.0368 0.0257 -0.1012 
I = 14.9000 9.4000 9.4000 9.4000 9.4000 9.4000 9.4000 9.4000 6.0000 6.0000 6.0000 6.0000 6.0000 6.0000 6.0000 2.0000 2.0000 2.0000 2.0000 2.0000 2.0000 2.0000 -2.0000 25.2518 25.2518 10.0000 -0.9882 
S1 = 0.0000 0.0000 0.0000 0.0000 0.0000 0.0000 0.0000 0.0000 0.0000 0.0000 0.0000 0.0000 0.0000 0.0000 0.0000 0.0000 0.0000 0.0000 0.0000 0.0000 0.0000 0.0000 0.0000 0.0000 0.0000 0.0000 0.0000 
S2 = 0.0000 0.0000 0.0000 0.0000 0.0000 0.0000 0.0000 0.0000 0.0000 0.0000 0.0000 0.0000 0.0000 0.0000 0.0000 0.0000 0.0000 0.0000 0.0000 0.0000 0.0000 0.0000 0.0000 1.2518 1.2518 0.0000 10.0118 
u = 8.8190 8.7468 8.7468 8.7468 8.7468 8.7468 8.7468 8.7468 8.7103 8.7103 8.7103 8.7103 8.7103 8.7103 8.7103 8.6721 8.6721 8.6721 8.6721 8.6721 8.6721 8.6721 8.6377 10.4438 10.4438 11.1150 9.4587 
v = 31.9964 25.2914 25.2914 25.2914 25.2914 25.2914 25.2914 25.2914 22.3176 22.3176 22.3176 22.3176 22.3176 22.3176 22.3176 19.3845 19.3845 19.3845 19.3845 19.3845 19.3845 19.3845 16.8452 61.4091 61.4091 62.0114 21.9948 
