ExternalI = 5.5000 0.0000 0.0000 0.0000 0.0000 0.0000 0.0000 0.0000 4.0000 4.0000 4.0000 4.0000 4.0000 4.0000 4.0000 0.0000 0.0000 0.0000 0.0000 0.0000 0.0000 0.0000 0.0000 8.0000 8.0000 0.0000 0.0000 
before u = 8.8190 8.7468 8.7468 8.7468 8.7468 8.7468 8.7468 8.7468 8.7103 8.7103 8.7103 8.7103 8.7103 8.7103 8.7103 8.6721 8.6721 8.6721 8.6721 8.6721 8.6721 8.6721 8.6377 10.4438 10.4438 11.1150 9.4587 
before v = 31.9964 25.2914 25.2914 25.2914 25.2914 25.2914 25.2914 25.2914 22.3176 22.3176 22.3176 22.3176 22.3176 22.3176 22.3176 19.3845 19.3845 19.3845 19.3845 19.3845 19.3845 19.3845 16.8452 61.4091 61.4091 62.0114 21.9948 
Ibias = 9.4000 9.4000 9.4000 9.4000 9.4000 9.4000 9.4000 9.4000 2.0000 2.0000 2.0000 2.0000 2.0000 2.0000 2.0000 2.0000 2.0000 2.0000 2.0000 2.0000 2.0000 2.0000 -2.0000 16.0000 16.0000 10.0000 -11.0000 
fa1 = 1.0426 0.3652 0.3652 0.3652 0.3652 0.3652 0.3652 0.3652 0.2599 0.2599 0.2599 0.2599 0.2599 0.2599 0.2599 0.2047 0.2047 0.2047 0.2047 0.2047 0.2047 0.2047 0.1771 41.4212 41.4212 26.6673 2.8994 
fa2 = 1.0415 0.3647 0.3647 0.3647 0.3647 0.3647 0.3647 0.3647 0.2596 0.2596 0.2596 0.2596 0.2596 0.2596 0.2596 0.2046 0.2046 0.2046 0.2046 0.2046 0.2046 0.2046 0.1770 41.8189 41.8189 26.9293 2.8820 
fa3 = 1.0415 0.3647 0.3647 0.3647 0.3647 0.3647 0.3647 0.3647 0.2596 0.2596 0.2596 0.2596 0.2596 0.2596 0.2596 0.2046 0.2046 0.2046 0.2046 0.2046 0.2046 0.2046 0.1770 41.8227 41.8227 26.9319 2.8821 
fa4 = 1.0403 0.3642 0.3642 0.3642 0.3642 0.3642 0.3642 0.3642 0.2593 0.2593 0.2593 0.2593 0.2593 0.2593 0.2593 0.2045 0.2045 0.2045 0.2045 0.2045 0.2045 0.2045 0.1770 42.2278 42.2278 27.1980 2.8647 
fb1 = -0.2248 -0.2487 -0.2487 -0.2487 -0.2487 -0.2487 -0.2487 -0.2487 -0.2591 -0.2591 -0.2591 -0.2591 -0.2591 -0.2591 -0.2591 -0.2693 -0.2693 -0.2693 -0.2693 -0.2693 -0.2693 -0.2693 -0.2781 0.0368 0.0368 0.0257 -0.1012 
fb2 = -0.2247 -0.2486 -0.2486 -0.2486 -0.2486 -0.2486 -0.2486 -0.2486 -0.2591 -0.2591 -0.2591 -0.2591 -0.2591 -0.2591 -0.2591 -0.2693 -0.2693 -0.2693 -0.2693 -0.2693 -0.2693 -0.2693 -0.2781 0.0376 0.0376 0.0263 -0.1011 
fb3 = -0.2247 -0.2486 -0.2486 -0.2486 -0.2486 -0.2486 -0.2486 -0.2486 -0.2591 -0.2591 -0.2591 -0.2591 -0.2591 -0.2591 -0.2591 -0.2693 -0.2693 -0.2693 -0.2693 -0.2693 -0.2693 -0.2693 -0.2781 0.0376 0.0376 0.0263 -0.1011 
fb4 = -0.2246 -0.2486 -0.2486 -0.2486 -0.2486 -0.2486 -0.2486 -0.2486 -0.2590 -0.2590 -0.2590 -0.2590 -0.2590 -0.2590 -0.2590 -0.2692 -0.2692 -0.2692 -0.2692 -0.2692 -0.2692 -0.2692 -0.2780 0.0384 0.0384 0.0268 -0.1011 
I = 14.9000 9.4000 9.4000 9.4000 9.4000 9.4000 9.4000 9.4000 6.0000 6.0000 6.0000 6.0000 6.0000 6.0000 6.0000 2.0000 2.0000 2.0000 2.0000 2.0000 2.0000 2.0000 -2.0000 25.2493 25.2493 10.0000 -1.0082 
S1 = 0.0000 0.0000 0.0000 0.0000 0.0000 0.0000 0.0000 0.0000 0.0000 0.0000 0.0000 0.0000 0.0000 0.0000 0.0000 0.0000 0.0000 0.0000 0.0000 0.0000 0.0000 0.0000 0.0000 0.0000 0.0000 0.0000 0.0000 
S2 = 0.0000 0.0000 0.0000 0.0000 0.0000 0.0000 0.0000 0.0000 0.0000 0.0000 0.0000 0.0000 0.0000 0.0000 0.0000 0.0000 0.0000 0.0000 0.0000 0.0000 0.0000 0.0000 0.0000 1.2493 1.2493 0.0000 9.9918 
u = 8.8167 8.7443 8.7443 8.7443 8.7443 8.7443 8.7443 8.7443 8.7077 8.7077 8.7077 8.7077 8.7077 8.7077 8.7077 8.6694 8.6694 8.6694 8.6694 8.6694 8.6694 8.6694 8.6349 10.4442 10.4442 11.1153 9.4577 
v = 32.0068 25.2950 25.2950 25.2950 25.2950 25.2950 25.2950 25.2950 22.3202 22.3202 22.3202 22.3202 22.3202 22.3202 22.3202 19.3866 19.3866 19.3866 19.3866 19.3866 19.3866 19.3866 16.8470 61.8273 61.8273 62.2807 22.0237 
