ExternalI = 5.5000 0.0000 0.0000 0.0000 0.0000 0.0000 0.0000 0.0000 4.0000 4.0000 4.0000 4.0000 4.0000 4.0000 4.0000 0.0000 0.0000 0.0000 0.0000 0.0000 0.0000 0.0000 0.0000 8.0000 8.0000 0.0000 0.0000 
before u = 8.8167 8.7443 8.7443 8.7443 8.7443 8.7443 8.7443 8.7443 8.7077 8.7077 8.7077 8.7077 8.7077 8.7077 8.7077 8.6694 8.6694 8.6694 8.6694 8.6694 8.6694 8.6694 8.6349 10.4442 10.4442 11.1153 9.4577 
before v = 32.0068 25.2950 25.2950 25.2950 25.2950 25.2950 25.2950 25.2950 22.3202 22.3202 22.3202 22.3202 22.3202 22.3202 22.3202 19.3866 19.3866 19.3866 19.3866 19.3866 19.3866 19.3866 16.8470 61.8273 61.8273 62.2807 22.0237 
Ibias = 9.4000 9.4000 9.4000 9.4000 9.4000 9.4000 9.4000 9.4000 2.0000 2.0000 2.0000 2.0000 2.0000 2.0000 2.0000 2.0000 2.0000 2.0000 2.0000 2.0000 2.0000 2.0000 -2.0000 16.0000 16.0000 10.0000 -11.0000 
fa1 = 1.0403 0.3642 0.3642 0.3642 0.3642 0.3642 0.3642 0.3642 0.2593 0.2593 0.2593 0.2593 0.2593 0.2593 0.2593 0.2045 0.2045 0.2045 0.2045 0.2045 0.2045 0.2045 0.1770 42.2253 42.2253 27.1980 2.8447 
fa2 = 1.0391 0.3636 0.3636 0.3636 0.3636 0.3636 0.3636 0.3636 0.2591 0.2591 0.2591 0.2591 0.2591 0.2591 0.2591 0.2043 0.2043 0.2043 0.2043 0.2043 0.2043 0.2043 0.1769 42.6378 42.6378 27.4682 2.8276 
fa3 = 1.0391 0.3636 0.3636 0.3636 0.3636 0.3636 0.3636 0.3636 0.2591 0.2591 0.2591 0.2591 0.2591 0.2591 0.2591 0.2043 0.2043 0.2043 0.2043 0.2043 0.2043 0.2043 0.1769 42.6418 42.6418 27.4709 2.8277 
fa4 = 1.0380 0.3631 0.3631 0.3631 0.3631 0.3631 0.3631 0.3631 0.2588 0.2588 0.2588 0.2588 0.2588 0.2588 0.2588 0.2042 0.2042 0.2042 0.2042 0.2042 0.2042 0.2042 0.1768 43.0620 43.0620 27.7454 2.8108 
fb1 = -0.2246 -0.2486 -0.2486 -0.2486 -0.2486 -0.2486 -0.2486 -0.2486 -0.2590 -0.2590 -0.2590 -0.2590 -0.2590 -0.2590 -0.2590 -0.2692 -0.2692 -0.2692 -0.2692 -0.2692 -0.2692 -0.2692 -0.2780 0.0384 0.0384 0.0268 -0.1011 
fb2 = -0.2246 -0.2485 -0.2485 -0.2485 -0.2485 -0.2485 -0.2485 -0.2485 -0.2590 -0.2590 -0.2590 -0.2590 -0.2590 -0.2590 -0.2590 -0.2692 -0.2692 -0.2692 -0.2692 -0.2692 -0.2692 -0.2692 -0.2779 0.0393 0.0393 0.0274 -0.1010 
fb3 = -0.2246 -0.2485 -0.2485 -0.2485 -0.2485 -0.2485 -0.2485 -0.2485 -0.2590 -0.2590 -0.2590 -0.2590 -0.2590 -0.2590 -0.2590 -0.2692 -0.2692 -0.2692 -0.2692 -0.2692 -0.2692 -0.2692 -0.2779 0.0393 0.0393 0.0274 -0.1010 
fb4 = -0.2245 -0.2485 -0.2485 -0.2485 -0.2485 -0.2485 -0.2485 -0.2485 -0.2589 -0.2589 -0.2589 -0.2589 -0.2589 -0.2589 -0.2589 -0.2691 -0.2691 -0.2691 -0.2691 -0.2691 -0.2691 -0.2691 -0.2779 0.0401 0.0401 0.0279 -0.1009 
I = 14.9000 9.4000 9.4000 9.4000 9.4000 9.4000 9.4000 9.4000 6.0000 6.0000 6.0000 6.0000 6.0000 6.0000 6.0000 2.0000 2.0000 2.0000 2.0000 2.0000 2.0000 2.0000 -2.0000 25.2468 25.2468 10.0000 -1.0282 
S1 = 0.0000 0.0000 0.0000 0.0000 0.0000 0.0000 0.0000 0.0000 0.0000 0.0000 0.0000 0.0000 0.0000 0.0000 0.0000 0.0000 0.0000 0.0000 0.0000 0.0000 0.0000 0.0000 0.0000 0.0000 0.0000 0.0000 0.0000 
S2 = 0.0000 0.0000 0.0000 0.0000 0.0000 0.0000 0.0000 0.0000 0.0000 0.0000 0.0000 0.0000 0.0000 0.0000 0.0000 0.0000 0.0000 0.0000 0.0000 0.0000 0.0000 0.0000 0.0000 1.2468 1.2468 0.0000 9.9718 
u = 8.8145 8.7418 8.7418 8.7418 8.7418 8.7418 8.7418 8.7418 8.7051 8.7051 8.7051 8.7051 8.7051 8.7051 8.7051 8.6667 8.6667 8.6667 8.6667 8.6667 8.6667 8.6667 8.6321 10.4446 10.4446 11.1155 9.4567 
v = 32.0172 25.2986 25.2986 25.2986 25.2986 25.2986 25.2986 25.2986 22.3228 22.3228 22.3228 22.3228 22.3228 22.3228 22.3228 19.3886 19.3886 19.3886 19.3886 19.3886 19.3886 19.3886 16.8488 62.2537 62.2537 62.5554 22.0519 
