ExternalI = 5.5000 0.0000 0.0000 0.0000 0.0000 0.0000 0.0000 0.0000 4.0000 4.0000 4.0000 4.0000 4.0000 4.0000 4.0000 0.0000 0.0000 0.0000 0.0000 0.0000 0.0000 0.0000 0.0000 8.0000 8.0000 0.0000 0.0000 
before u = 8.8145 8.7418 8.7418 8.7418 8.7418 8.7418 8.7418 8.7418 8.7051 8.7051 8.7051 8.7051 8.7051 8.7051 8.7051 8.6667 8.6667 8.6667 8.6667 8.6667 8.6667 8.6667 8.6321 10.4446 10.4446 11.1155 9.4567 
before v = 32.0172 25.2986 25.2986 25.2986 25.2986 25.2986 25.2986 25.2986 22.3228 22.3228 22.3228 22.3228 22.3228 22.3228 22.3228 19.3886 19.3886 19.3886 19.3886 19.3886 19.3886 19.3886 16.8488 62.2537 62.2537 62.5554 22.0519 
Ibias = 9.4000 9.4000 9.4000 9.4000 9.4000 9.4000 9.4000 9.4000 2.0000 2.0000 2.0000 2.0000 2.0000 2.0000 2.0000 2.0000 2.0000 2.0000 2.0000 2.0000 2.0000 2.0000 -2.0000 16.0000 16.0000 10.0000 -11.0000 
fa1 = 1.0380 0.3631 0.3631 0.3631 0.3631 0.3631 0.3631 0.3631 0.2588 0.2588 0.2588 0.2588 0.2588 0.2588 0.2588 0.2042 0.2042 0.2042 0.2042 0.2042 0.2042 0.2042 0.1768 43.0595 43.0595 27.7453 2.7908 
fa2 = 1.0368 0.3626 0.3626 0.3626 0.3626 0.3626 0.3626 0.3626 0.2585 0.2585 0.2585 0.2585 0.2585 0.2585 0.2585 0.2041 0.2041 0.2041 0.2041 0.2041 0.2041 0.2041 0.1767 43.4875 43.4875 28.0240 2.7741 
fa3 = 1.0368 0.3626 0.3626 0.3626 0.3626 0.3626 0.3626 0.3626 0.2585 0.2585 0.2585 0.2585 0.2585 0.2585 0.2585 0.2041 0.2041 0.2041 0.2041 0.2041 0.2041 0.2041 0.1767 43.4918 43.4918 28.0268 2.7742 
fa4 = 1.0357 0.3621 0.3621 0.3621 0.3621 0.3621 0.3621 0.3621 0.2582 0.2582 0.2582 0.2582 0.2582 0.2582 0.2582 0.2039 0.2039 0.2039 0.2039 0.2039 0.2039 0.2039 0.1767 43.9280 43.9280 28.3100 2.7576 
fb1 = -0.2245 -0.2485 -0.2485 -0.2485 -0.2485 -0.2485 -0.2485 -0.2485 -0.2589 -0.2589 -0.2589 -0.2589 -0.2589 -0.2589 -0.2589 -0.2691 -0.2691 -0.2691 -0.2691 -0.2691 -0.2691 -0.2691 -0.2779 0.0401 0.0401 0.0279 -0.1009 
fb2 = -0.2244 -0.2484 -0.2484 -0.2484 -0.2484 -0.2484 -0.2484 -0.2484 -0.2589 -0.2589 -0.2589 -0.2589 -0.2589 -0.2589 -0.2589 -0.2691 -0.2691 -0.2691 -0.2691 -0.2691 -0.2691 -0.2691 -0.2778 0.0410 0.0410 0.0285 -0.1009 
fb3 = -0.2244 -0.2484 -0.2484 -0.2484 -0.2484 -0.2484 -0.2484 -0.2484 -0.2589 -0.2589 -0.2589 -0.2589 -0.2589 -0.2589 -0.2589 -0.2691 -0.2691 -0.2691 -0.2691 -0.2691 -0.2691 -0.2691 -0.2778 0.0410 0.0410 0.0285 -0.1009 
fb4 = -0.2244 -0.2484 -0.2484 -0.2484 -0.2484 -0.2484 -0.2484 -0.2484 -0.2588 -0.2588 -0.2588 -0.2588 -0.2588 -0.2588 -0.2588 -0.2690 -0.2690 -0.2690 -0.2690 -0.2690 -0.2690 -0.2690 -0.2778 0.0419 0.0419 0.0290 -0.1008 
I = 14.9000 9.4000 9.4000 9.4000 9.4000 9.4000 9.4000 9.4000 6.0000 6.0000 6.0000 6.0000 6.0000 6.0000 6.0000 2.0000 2.0000 2.0000 2.0000 2.0000 2.0000 2.0000 -2.0000 25.2443 25.2443 10.0000 -1.0482 
S1 = 0.0000 0.0000 0.0000 0.0000 0.0000 0.0000 0.0000 0.0000 0.0000 0.0000 0.0000 0.0000 0.0000 0.0000 0.0000 0.0000 0.0000 0.0000 0.0000 0.0000 0.0000 0.0000 0.0000 0.0000 0.0000 0.0000 0.0000 
S2 = 0.0000 0.0000 0.0000 0.0000 0.0000 0.0000 0.0000 0.0000 0.0000 0.0000 0.0000 0.0000 0.0000 0.0000 0.0000 0.0000 0.0000 0.0000 0.0000 0.0000 0.0000 0.0000 0.0000 1.2443 1.2443 0.0000 9.9518 
u = 8.8122 8.7393 8.7393 8.7393 8.7393 8.7393 8.7393 8.7393 8.7025 8.7025 8.7025 8.7025 8.7025 8.7025 8.7025 8.6640 8.6640 8.6640 8.6640 8.6640 8.6640 8.6640 8.6294 10.4450 10.4450 11.1158 9.4557 
v = 32.0276 25.3023 25.3023 25.3023 25.3023 25.3023 25.3023 25.3023 22.3254 22.3254 22.3254 22.3254 22.3254 22.3254 22.3254 19.3906 19.3906 19.3906 19.3906 19.3906 19.3906 19.3906 16.8505 62.6886 62.6886 62.8356 22.0797 
