ExternalI = 5.5000 0.0000 0.0000 0.0000 0.0000 0.0000 0.0000 0.0000 4.0000 4.0000 4.0000 4.0000 4.0000 4.0000 4.0000 0.0000 0.0000 0.0000 0.0000 0.0000 0.0000 0.0000 0.0000 8.0000 8.0000 0.0000 0.0000 
before u = 8.8122 8.7393 8.7393 8.7393 8.7393 8.7393 8.7393 8.7393 8.7025 8.7025 8.7025 8.7025 8.7025 8.7025 8.7025 8.6640 8.6640 8.6640 8.6640 8.6640 8.6640 8.6640 8.6294 10.4450 10.4450 11.1158 9.4557 
before v = 32.0276 25.3023 25.3023 25.3023 25.3023 25.3023 25.3023 25.3023 22.3254 22.3254 22.3254 22.3254 22.3254 22.3254 22.3254 19.3906 19.3906 19.3906 19.3906 19.3906 19.3906 19.3906 16.8505 62.6886 62.6886 62.8356 22.0797 
Ibias = 9.4000 9.4000 9.4000 9.4000 9.4000 9.4000 9.4000 9.4000 2.0000 2.0000 2.0000 2.0000 2.0000 2.0000 2.0000 2.0000 2.0000 2.0000 2.0000 2.0000 2.0000 2.0000 -2.0000 16.0000 16.0000 10.0000 -11.0000 
fa1 = 1.0357 0.3621 0.3621 0.3621 0.3621 0.3621 0.3621 0.3621 0.2582 0.2582 0.2582 0.2582 0.2582 0.2582 0.2582 0.2039 0.2039 0.2039 0.2039 0.2039 0.2039 0.2039 0.1767 43.9255 43.9255 28.3100 2.7377 
fa2 = 1.0345 0.3615 0.3615 0.3615 0.3615 0.3615 0.3615 0.3615 0.2580 0.2580 0.2580 0.2580 0.2580 0.2580 0.2580 0.2038 0.2038 0.2038 0.2038 0.2038 0.2038 0.2038 0.1766 44.3697 44.3697 28.5975 2.7213 
fa3 = 1.0345 0.3615 0.3615 0.3615 0.3615 0.3615 0.3615 0.3615 0.2580 0.2580 0.2580 0.2580 0.2580 0.2580 0.2580 0.2038 0.2038 0.2038 0.2038 0.2038 0.2038 0.2038 0.1766 44.3743 44.3743 28.6004 2.7214 
fa4 = 1.0334 0.3610 0.3610 0.3610 0.3610 0.3610 0.3610 0.3610 0.2577 0.2577 0.2577 0.2577 0.2577 0.2577 0.2577 0.2037 0.2037 0.2037 0.2037 0.2037 0.2037 0.2037 0.1765 44.8271 44.8271 28.8926 2.7051 
fb1 = -0.2244 -0.2484 -0.2484 -0.2484 -0.2484 -0.2484 -0.2484 -0.2484 -0.2588 -0.2588 -0.2588 -0.2588 -0.2588 -0.2588 -0.2588 -0.2690 -0.2690 -0.2690 -0.2690 -0.2690 -0.2690 -0.2690 -0.2778 0.0419 0.0419 0.0290 -0.1008 
fb2 = -0.2243 -0.2483 -0.2483 -0.2483 -0.2483 -0.2483 -0.2483 -0.2483 -0.2587 -0.2587 -0.2587 -0.2587 -0.2587 -0.2587 -0.2587 -0.2689 -0.2689 -0.2689 -0.2689 -0.2689 -0.2689 -0.2689 -0.2777 0.0427 0.0427 0.0296 -0.1007 
fb3 = -0.2243 -0.2483 -0.2483 -0.2483 -0.2483 -0.2483 -0.2483 -0.2483 -0.2587 -0.2587 -0.2587 -0.2587 -0.2587 -0.2587 -0.2587 -0.2689 -0.2689 -0.2689 -0.2689 -0.2689 -0.2689 -0.2689 -0.2777 0.0427 0.0427 0.0296 -0.1007 
fb4 = -0.2242 -0.2483 -0.2483 -0.2483 -0.2483 -0.2483 -0.2483 -0.2483 -0.2587 -0.2587 -0.2587 -0.2587 -0.2587 -0.2587 -0.2587 -0.2689 -0.2689 -0.2689 -0.2689 -0.2689 -0.2689 -0.2689 -0.2777 0.0436 0.0436 0.0302 -0.1007 
I = 14.9000 9.4000 9.4000 9.4000 9.4000 9.4000 9.4000 9.4000 6.0000 6.0000 6.0000 6.0000 6.0000 6.0000 6.0000 2.0000 2.0000 2.0000 2.0000 2.0000 2.0000 2.0000 -2.0000 25.2419 25.2419 10.0000 -1.0681 
S1 = 0.0000 0.0000 0.0000 0.0000 0.0000 0.0000 0.0000 0.0000 0.0000 0.0000 0.0000 0.0000 0.0000 0.0000 0.0000 0.0000 0.0000 0.0000 0.0000 0.0000 0.0000 0.0000 0.0000 0.0000 0.0000 0.0000 0.0000 
S2 = 0.0000 0.0000 0.0000 0.0000 0.0000 0.0000 0.0000 0.0000 0.0000 0.0000 0.0000 0.0000 0.0000 0.0000 0.0000 0.0000 0.0000 0.0000 0.0000 0.0000 0.0000 0.0000 0.0000 1.2419 1.2419 0.0000 9.9319 
u = 8.8100 8.7369 8.7369 8.7369 8.7369 8.7369 8.7369 8.7369 8.6999 8.6999 8.6999 8.6999 8.6999 8.6999 8.6999 8.6613 8.6613 8.6613 8.6613 8.6613 8.6613 8.6613 8.6266 10.4455 10.4455 11.1161 9.4547 
v = 32.0379 25.3059 25.3059 25.3059 25.3059 25.3059 25.3059 25.3059 22.3280 22.3280 22.3280 22.3280 22.3280 22.3280 22.3280 19.3927 19.3927 19.3927 19.3927 19.3927 19.3927 19.3927 16.8523 63.1323 63.1323 63.1216 22.1069 
