ExternalI = 5.5000 0.0000 0.0000 0.0000 0.0000 0.0000 0.0000 0.0000 4.0000 4.0000 4.0000 4.0000 4.0000 4.0000 4.0000 0.0000 0.0000 0.0000 0.0000 0.0000 0.0000 0.0000 0.0000 8.0000 8.0000 0.0000 0.0000 
before u = 8.8100 8.7369 8.7369 8.7369 8.7369 8.7369 8.7369 8.7369 8.6999 8.6999 8.6999 8.6999 8.6999 8.6999 8.6999 8.6613 8.6613 8.6613 8.6613 8.6613 8.6613 8.6613 8.6266 10.4455 10.4455 11.1161 9.4547 
before v = 32.0379 25.3059 25.3059 25.3059 25.3059 25.3059 25.3059 25.3059 22.3280 22.3280 22.3280 22.3280 22.3280 22.3280 22.3280 19.3927 19.3927 19.3927 19.3927 19.3927 19.3927 19.3927 16.8523 63.1323 63.1323 63.1216 22.1069 
Ibias = 9.4000 9.4000 9.4000 9.4000 9.4000 9.4000 9.4000 9.4000 2.0000 2.0000 2.0000 2.0000 2.0000 2.0000 2.0000 2.0000 2.0000 2.0000 2.0000 2.0000 2.0000 2.0000 -2.0000 16.0000 16.0000 10.0000 -11.0000 
fa1 = 1.0334 0.3610 0.3610 0.3610 0.3610 0.3610 0.3610 0.3610 0.2577 0.2577 0.2577 0.2577 0.2577 0.2577 0.2577 0.2037 0.2037 0.2037 0.2037 0.2037 0.2037 0.2037 0.1765 44.8246 44.8246 28.8926 2.6853 
fa2 = 1.0323 0.3605 0.3605 0.3605 0.3605 0.3605 0.3605 0.3605 0.2574 0.2574 0.2574 0.2574 0.2574 0.2574 0.2574 0.2035 0.2035 0.2035 0.2035 0.2035 0.2035 0.2035 0.1765 45.2860 45.2860 29.1894 2.6693 
fa3 = 1.0323 0.3605 0.3605 0.3605 0.3605 0.3605 0.3605 0.3605 0.2574 0.2574 0.2574 0.2574 0.2574 0.2574 0.2574 0.2035 0.2035 0.2035 0.2035 0.2035 0.2035 0.2035 0.1765 45.2907 45.2907 29.1925 2.6694 
fa4 = 1.0311 0.3600 0.3600 0.3600 0.3600 0.3600 0.3600 0.3600 0.2572 0.2572 0.2572 0.2572 0.2572 0.2572 0.2572 0.2034 0.2034 0.2034 0.2034 0.2034 0.2034 0.2034 0.1764 45.7611 45.7611 29.4941 2.6534 
fb1 = -0.2242 -0.2483 -0.2483 -0.2483 -0.2483 -0.2483 -0.2483 -0.2483 -0.2587 -0.2587 -0.2587 -0.2587 -0.2587 -0.2587 -0.2587 -0.2689 -0.2689 -0.2689 -0.2689 -0.2689 -0.2689 -0.2689 -0.2777 0.0436 0.0436 0.0302 -0.1007 
fb2 = -0.2242 -0.2482 -0.2482 -0.2482 -0.2482 -0.2482 -0.2482 -0.2482 -0.2586 -0.2586 -0.2586 -0.2586 -0.2586 -0.2586 -0.2586 -0.2688 -0.2688 -0.2688 -0.2688 -0.2688 -0.2688 -0.2688 -0.2776 0.0445 0.0445 0.0307 -0.1006 
fb3 = -0.2242 -0.2482 -0.2482 -0.2482 -0.2482 -0.2482 -0.2482 -0.2482 -0.2586 -0.2586 -0.2586 -0.2586 -0.2586 -0.2586 -0.2586 -0.2688 -0.2688 -0.2688 -0.2688 -0.2688 -0.2688 -0.2688 -0.2776 0.0445 0.0445 0.0307 -0.1006 
fb4 = -0.2241 -0.2481 -0.2481 -0.2481 -0.2481 -0.2481 -0.2481 -0.2481 -0.2586 -0.2586 -0.2586 -0.2586 -0.2586 -0.2586 -0.2586 -0.2688 -0.2688 -0.2688 -0.2688 -0.2688 -0.2688 -0.2688 -0.2775 0.0454 0.0454 0.0313 -0.1005 
I = 14.9000 9.4000 9.4000 9.4000 9.4000 9.4000 9.4000 9.4000 6.0000 6.0000 6.0000 6.0000 6.0000 6.0000 6.0000 2.0000 2.0000 2.0000 2.0000 2.0000 2.0000 2.0000 -2.0000 25.2394 25.2394 10.0000 -1.0879 
S1 = 0.0000 0.0000 0.0000 0.0000 0.0000 0.0000 0.0000 0.0000 0.0000 0.0000 0.0000 0.0000 0.0000 0.0000 0.0000 0.0000 0.0000 0.0000 0.0000 0.0000 0.0000 0.0000 0.0000 0.0000 0.0000 0.0000 0.0000 
S2 = 0.0000 0.0000 0.0000 0.0000 0.0000 0.0000 0.0000 0.0000 0.0000 0.0000 0.0000 0.0000 0.0000 0.0000 0.0000 0.0000 0.0000 0.0000 0.0000 0.0000 0.0000 0.0000 0.0000 1.2394 1.2394 0.0000 9.9121 
u = 8.8077 8.7344 8.7344 8.7344 8.7344 8.7344 8.7344 8.7344 8.6973 8.6973 8.6973 8.6973 8.6973 8.6973 8.6973 8.6587 8.6587 8.6587 8.6587 8.6587 8.6587 8.6587 8.6238 10.4459 10.4459 11.1164 9.4537 
v = 32.0482 25.3095 25.3095 25.3095 25.3095 25.3095 25.3095 25.3095 22.3306 22.3306 22.3306 22.3306 22.3306 22.3306 22.3306 19.3947 19.3947 19.3947 19.3947 19.3947 19.3947 19.3947 16.8541 63.5852 63.5852 63.4136 22.1336 
