ExternalI = 5.5000 0.0000 0.0000 0.0000 0.0000 0.0000 0.0000 0.0000 4.0000 4.0000 4.0000 4.0000 4.0000 4.0000 4.0000 0.0000 0.0000 0.0000 0.0000 0.0000 0.0000 0.0000 0.0000 8.0000 8.0000 0.0000 0.0000 
before u = 8.8077 8.7344 8.7344 8.7344 8.7344 8.7344 8.7344 8.7344 8.6973 8.6973 8.6973 8.6973 8.6973 8.6973 8.6973 8.6587 8.6587 8.6587 8.6587 8.6587 8.6587 8.6587 8.6238 10.4459 10.4459 11.1164 9.4537 
before v = 32.0482 25.3095 25.3095 25.3095 25.3095 25.3095 25.3095 25.3095 22.3306 22.3306 22.3306 22.3306 22.3306 22.3306 22.3306 19.3947 19.3947 19.3947 19.3947 19.3947 19.3947 19.3947 16.8541 63.5852 63.5852 63.4136 22.1336 
Ibias = 9.4000 9.4000 9.4000 9.4000 9.4000 9.4000 9.4000 9.4000 2.0000 2.0000 2.0000 2.0000 2.0000 2.0000 2.0000 2.0000 2.0000 2.0000 2.0000 2.0000 2.0000 2.0000 -2.0000 16.0000 16.0000 10.0000 -11.0000 
fa1 = 1.0311 0.3600 0.3600 0.3600 0.3600 0.3600 0.3600 0.3600 0.2572 0.2572 0.2572 0.2572 0.2572 0.2572 0.2572 0.2034 0.2034 0.2034 0.2034 0.2034 0.2034 0.2034 0.1764 45.7586 45.7586 29.4941 2.6336 
fa2 = 1.0300 0.3595 0.3595 0.3595 0.3595 0.3595 0.3595 0.3595 0.2569 0.2569 0.2569 0.2569 0.2569 0.2569 0.2569 0.2033 0.2033 0.2033 0.2033 0.2033 0.2033 0.2033 0.1763 46.2379 46.2379 29.8005 2.6179 
fa3 = 1.0300 0.3595 0.3595 0.3595 0.3595 0.3595 0.3595 0.3595 0.2569 0.2569 0.2569 0.2569 0.2569 0.2569 0.2569 0.2033 0.2033 0.2033 0.2033 0.2033 0.2033 0.2033 0.1763 46.2429 46.2429 29.8037 2.6180 
fa4 = 1.0289 0.3590 0.3590 0.3590 0.3590 0.3590 0.3590 0.3590 0.2566 0.2566 0.2566 0.2566 0.2566 0.2566 0.2566 0.2032 0.2032 0.2032 0.2032 0.2032 0.2032 0.2032 0.1763 46.7317 46.7317 30.1152 2.6025 
fb1 = -0.2241 -0.2481 -0.2481 -0.2481 -0.2481 -0.2481 -0.2481 -0.2481 -0.2586 -0.2586 -0.2586 -0.2586 -0.2586 -0.2586 -0.2586 -0.2688 -0.2688 -0.2688 -0.2688 -0.2688 -0.2688 -0.2688 -0.2775 0.0454 0.0454 0.0313 -0.1005 
fb2 = -0.2241 -0.2481 -0.2481 -0.2481 -0.2481 -0.2481 -0.2481 -0.2481 -0.2585 -0.2585 -0.2585 -0.2585 -0.2585 -0.2585 -0.2585 -0.2687 -0.2687 -0.2687 -0.2687 -0.2687 -0.2687 -0.2687 -0.2775 0.0463 0.0463 0.0319 -0.1005 
fb3 = -0.2241 -0.2481 -0.2481 -0.2481 -0.2481 -0.2481 -0.2481 -0.2481 -0.2585 -0.2585 -0.2585 -0.2585 -0.2585 -0.2585 -0.2585 -0.2687 -0.2687 -0.2687 -0.2687 -0.2687 -0.2687 -0.2687 -0.2775 0.0463 0.0463 0.0319 -0.1005 
fb4 = -0.2240 -0.2480 -0.2480 -0.2480 -0.2480 -0.2480 -0.2480 -0.2480 -0.2585 -0.2585 -0.2585 -0.2585 -0.2585 -0.2585 -0.2585 -0.2687 -0.2687 -0.2687 -0.2687 -0.2687 -0.2687 -0.2687 -0.2774 0.0473 0.0473 0.0325 -0.1004 
I = 14.9000 9.4000 9.4000 9.4000 9.4000 9.4000 9.4000 9.4000 6.0000 6.0000 6.0000 6.0000 6.0000 6.0000 6.0000 2.0000 2.0000 2.0000 2.0000 2.0000 2.0000 2.0000 -2.0000 25.2369 25.2369 10.0000 -1.1077 
S1 = 0.0000 0.0000 0.0000 0.0000 0.0000 0.0000 0.0000 0.0000 0.0000 0.0000 0.0000 0.0000 0.0000 0.0000 0.0000 0.0000 0.0000 0.0000 0.0000 0.0000 0.0000 0.0000 0.0000 0.0000 0.0000 0.0000 0.0000 
S2 = 0.0000 0.0000 0.0000 0.0000 0.0000 0.0000 0.0000 0.0000 0.0000 0.0000 0.0000 0.0000 0.0000 0.0000 0.0000 0.0000 0.0000 0.0000 0.0000 0.0000 0.0000 0.0000 0.0000 1.2369 1.2369 0.0000 9.8923 
u = 8.8055 8.7319 8.7319 8.7319 8.7319 8.7319 8.7319 8.7319 8.6947 8.6947 8.6947 8.6947 8.6947 8.6947 8.6947 8.6560 8.6560 8.6560 8.6560 8.6560 8.6560 8.6560 8.6210 10.4464 10.4464 11.1167 9.4527 
v = 32.0585 25.3131 25.3131 25.3131 25.3131 25.3131 25.3131 25.3131 22.3331 22.3331 22.3331 22.3331 22.3331 22.3331 22.3331 19.3967 19.3967 19.3967 19.3967 19.3967 19.3967 19.3967 16.8558 64.0477 64.0477 63.7116 22.1598 
