ExternalI = 5.5000 0.0000 0.0000 0.0000 0.0000 0.0000 0.0000 0.0000 4.0000 4.0000 4.0000 4.0000 4.0000 4.0000 4.0000 0.0000 0.0000 0.0000 0.0000 0.0000 0.0000 0.0000 0.0000 8.0000 8.0000 0.0000 0.0000 
before u = 8.8055 8.7319 8.7319 8.7319 8.7319 8.7319 8.7319 8.7319 8.6947 8.6947 8.6947 8.6947 8.6947 8.6947 8.6947 8.6560 8.6560 8.6560 8.6560 8.6560 8.6560 8.6560 8.6210 10.4464 10.4464 11.1167 9.4527 
before v = 32.0585 25.3131 25.3131 25.3131 25.3131 25.3131 25.3131 25.3131 22.3331 22.3331 22.3331 22.3331 22.3331 22.3331 22.3331 19.3967 19.3967 19.3967 19.3967 19.3967 19.3967 19.3967 16.8558 64.0477 64.0477 63.7116 22.1598 
Ibias = 9.4000 9.4000 9.4000 9.4000 9.4000 9.4000 9.4000 9.4000 2.0000 2.0000 2.0000 2.0000 2.0000 2.0000 2.0000 2.0000 2.0000 2.0000 2.0000 2.0000 2.0000 2.0000 -2.0000 16.0000 16.0000 10.0000 -11.0000 
fa1 = 1.0289 0.3590 0.3590 0.3590 0.3590 0.3590 0.3590 0.3590 0.2566 0.2566 0.2566 0.2566 0.2566 0.2566 0.2566 0.2032 0.2032 0.2032 0.2032 0.2032 0.2032 0.2032 0.1763 46.7292 46.7292 30.1151 2.5827 
fa2 = 1.0278 0.3584 0.3584 0.3584 0.3584 0.3584 0.3584 0.3584 0.2564 0.2564 0.2564 0.2564 0.2564 0.2564 0.2564 0.2030 0.2030 0.2030 0.2030 0.2030 0.2030 0.2030 0.1762 47.2273 47.2273 30.4316 2.5673 
fa3 = 1.0278 0.3584 0.3584 0.3584 0.3584 0.3584 0.3584 0.3584 0.2564 0.2564 0.2564 0.2564 0.2564 0.2564 0.2564 0.2030 0.2030 0.2030 0.2030 0.2030 0.2030 0.2030 0.1762 47.2327 47.2327 30.4350 2.5674 
fa4 = 1.0267 0.3579 0.3579 0.3579 0.3579 0.3579 0.3579 0.3579 0.2561 0.2561 0.2561 0.2561 0.2561 0.2561 0.2561 0.2029 0.2029 0.2029 0.2029 0.2029 0.2029 0.2029 0.1761 47.7408 47.7408 30.7567 2.5522 
fb1 = -0.2240 -0.2480 -0.2480 -0.2480 -0.2480 -0.2480 -0.2480 -0.2480 -0.2585 -0.2585 -0.2585 -0.2585 -0.2585 -0.2585 -0.2585 -0.2687 -0.2687 -0.2687 -0.2687 -0.2687 -0.2687 -0.2687 -0.2774 0.0473 0.0473 0.0325 -0.1004 
fb2 = -0.2239 -0.2480 -0.2480 -0.2480 -0.2480 -0.2480 -0.2480 -0.2480 -0.2584 -0.2584 -0.2584 -0.2584 -0.2584 -0.2584 -0.2584 -0.2686 -0.2686 -0.2686 -0.2686 -0.2686 -0.2686 -0.2686 -0.2774 0.0482 0.0482 0.0331 -0.1004 
fb3 = -0.2239 -0.2480 -0.2480 -0.2480 -0.2480 -0.2480 -0.2480 -0.2480 -0.2584 -0.2584 -0.2584 -0.2584 -0.2584 -0.2584 -0.2584 -0.2686 -0.2686 -0.2686 -0.2686 -0.2686 -0.2686 -0.2686 -0.2774 0.0482 0.0482 0.0331 -0.1004 
fb4 = -0.2239 -0.2479 -0.2479 -0.2479 -0.2479 -0.2479 -0.2479 -0.2479 -0.2583 -0.2583 -0.2583 -0.2583 -0.2583 -0.2583 -0.2583 -0.2685 -0.2685 -0.2685 -0.2685 -0.2685 -0.2685 -0.2685 -0.2773 0.0491 0.0491 0.0337 -0.1003 
I = 14.9000 9.4000 9.4000 9.4000 9.4000 9.4000 9.4000 9.4000 6.0000 6.0000 6.0000 6.0000 6.0000 6.0000 6.0000 2.0000 2.0000 2.0000 2.0000 2.0000 2.0000 2.0000 -2.0000 25.2344 25.2344 10.0000 -1.1275 
S1 = 0.0000 0.0000 0.0000 0.0000 0.0000 0.0000 0.0000 0.0000 0.0000 0.0000 0.0000 0.0000 0.0000 0.0000 0.0000 0.0000 0.0000 0.0000 0.0000 0.0000 0.0000 0.0000 0.0000 0.0000 0.0000 0.0000 0.0000 
S2 = 0.0000 0.0000 0.0000 0.0000 0.0000 0.0000 0.0000 0.0000 0.0000 0.0000 0.0000 0.0000 0.0000 0.0000 0.0000 0.0000 0.0000 0.0000 0.0000 0.0000 0.0000 0.0000 0.0000 1.2344 1.2344 0.0000 9.8725 
u = 8.8033 8.7294 8.7294 8.7294 8.7294 8.7294 8.7294 8.7294 8.6922 8.6922 8.6922 8.6922 8.6922 8.6922 8.6922 8.6533 8.6533 8.6533 8.6533 8.6533 8.6533 8.6533 8.6183 10.4468 10.4468 11.1171 9.4517 
v = 32.0688 25.3167 25.3167 25.3167 25.3167 25.3167 25.3167 25.3167 22.3357 22.3357 22.3357 22.3357 22.3357 22.3357 22.3357 19.3988 19.3988 19.3988 19.3988 19.3988 19.3988 19.3988 16.8576 64.5200 64.5200 64.0159 22.1854 
