ExternalI = 5.5000 0.0000 0.0000 0.0000 0.0000 0.0000 0.0000 0.0000 4.0000 4.0000 4.0000 4.0000 4.0000 4.0000 4.0000 0.0000 0.0000 0.0000 0.0000 0.0000 0.0000 0.0000 0.0000 8.0000 8.0000 0.0000 0.0000 
before u = 8.8033 8.7294 8.7294 8.7294 8.7294 8.7294 8.7294 8.7294 8.6922 8.6922 8.6922 8.6922 8.6922 8.6922 8.6922 8.6533 8.6533 8.6533 8.6533 8.6533 8.6533 8.6533 8.6183 10.4468 10.4468 11.1171 9.4517 
before v = 32.0688 25.3167 25.3167 25.3167 25.3167 25.3167 25.3167 25.3167 22.3357 22.3357 22.3357 22.3357 22.3357 22.3357 22.3357 19.3988 19.3988 19.3988 19.3988 19.3988 19.3988 19.3988 16.8576 64.5200 64.5200 64.0159 22.1854 
Ibias = 9.4000 9.4000 9.4000 9.4000 9.4000 9.4000 9.4000 9.4000 2.0000 2.0000 2.0000 2.0000 2.0000 2.0000 2.0000 2.0000 2.0000 2.0000 2.0000 2.0000 2.0000 2.0000 -2.0000 16.0000 16.0000 10.0000 -11.0000 
fa1 = 1.0267 0.3579 0.3579 0.3579 0.3579 0.3579 0.3579 0.3579 0.2561 0.2561 0.2561 0.2561 0.2561 0.2561 0.2561 0.2029 0.2029 0.2029 0.2029 0.2029 0.2029 0.2029 0.1761 47.7383 47.7383 30.7567 2.5325 
fa2 = 1.0256 0.3574 0.3574 0.3574 0.3574 0.3574 0.3574 0.3574 0.2558 0.2558 0.2558 0.2558 0.2558 0.2558 0.2558 0.2028 0.2028 0.2028 0.2028 0.2028 0.2028 0.2028 0.1761 48.2563 48.2563 31.0837 2.5175 
fa3 = 1.0256 0.3574 0.3574 0.3574 0.3574 0.3574 0.3574 0.3574 0.2558 0.2558 0.2558 0.2558 0.2558 0.2558 0.2558 0.2028 0.2028 0.2028 0.2028 0.2028 0.2028 0.2028 0.1761 48.2619 48.2619 31.0872 2.5175 
fa4 = 1.0245 0.3569 0.3569 0.3569 0.3569 0.3569 0.3569 0.3569 0.2556 0.2556 0.2556 0.2556 0.2556 0.2556 0.2556 0.2026 0.2026 0.2026 0.2026 0.2026 0.2026 0.2026 0.1760 48.7903 48.7903 31.4197 2.5026 
fb1 = -0.2239 -0.2479 -0.2479 -0.2479 -0.2479 -0.2479 -0.2479 -0.2479 -0.2583 -0.2583 -0.2583 -0.2583 -0.2583 -0.2583 -0.2583 -0.2685 -0.2685 -0.2685 -0.2685 -0.2685 -0.2685 -0.2685 -0.2773 0.0491 0.0491 0.0337 -0.1003 
fb2 = -0.2238 -0.2479 -0.2479 -0.2479 -0.2479 -0.2479 -0.2479 -0.2479 -0.2583 -0.2583 -0.2583 -0.2583 -0.2583 -0.2583 -0.2583 -0.2685 -0.2685 -0.2685 -0.2685 -0.2685 -0.2685 -0.2685 -0.2772 0.0501 0.0501 0.0343 -0.1002 
fb3 = -0.2238 -0.2479 -0.2479 -0.2479 -0.2479 -0.2479 -0.2479 -0.2479 -0.2583 -0.2583 -0.2583 -0.2583 -0.2583 -0.2583 -0.2583 -0.2685 -0.2685 -0.2685 -0.2685 -0.2685 -0.2685 -0.2685 -0.2772 0.0501 0.0501 0.0343 -0.1002 
fb4 = -0.2237 -0.2478 -0.2478 -0.2478 -0.2478 -0.2478 -0.2478 -0.2478 -0.2582 -0.2582 -0.2582 -0.2582 -0.2582 -0.2582 -0.2582 -0.2684 -0.2684 -0.2684 -0.2684 -0.2684 -0.2684 -0.2684 -0.2772 0.0511 0.0511 0.0350 -0.1002 
I = 14.9000 9.4000 9.4000 9.4000 9.4000 9.4000 9.4000 9.4000 6.0000 6.0000 6.0000 6.0000 6.0000 6.0000 6.0000 2.0000 2.0000 2.0000 2.0000 2.0000 2.0000 2.0000 -2.0000 25.2320 25.2320 10.0000 -1.1473 
S1 = 0.0000 0.0000 0.0000 0.0000 0.0000 0.0000 0.0000 0.0000 0.0000 0.0000 0.0000 0.0000 0.0000 0.0000 0.0000 0.0000 0.0000 0.0000 0.0000 0.0000 0.0000 0.0000 0.0000 0.0000 0.0000 0.0000 0.0000 
S2 = 0.0000 0.0000 0.0000 0.0000 0.0000 0.0000 0.0000 0.0000 0.0000 0.0000 0.0000 0.0000 0.0000 0.0000 0.0000 0.0000 0.0000 0.0000 0.0000 0.0000 0.0000 0.0000 0.0000 1.2320 1.2320 0.0000 9.8527 
u = 8.8010 8.7269 8.7269 8.7269 8.7269 8.7269 8.7269 8.7269 8.6896 8.6896 8.6896 8.6896 8.6896 8.6896 8.6896 8.6506 8.6506 8.6506 8.6506 8.6506 8.6506 8.6506 8.6155 10.4473 10.4473 11.1174 9.4507 
v = 32.0791 25.3202 25.3202 25.3202 25.3202 25.3202 25.3202 25.3202 22.3383 22.3383 22.3383 22.3383 22.3383 22.3383 22.3383 19.4008 19.4008 19.4008 19.4008 19.4008 19.4008 19.4008 16.8593 65.0026 65.0026 64.3268 22.2106 
