ExternalI = 5.5000 0.0000 0.0000 0.0000 0.0000 0.0000 0.0000 0.0000 4.0000 4.0000 4.0000 4.0000 4.0000 4.0000 4.0000 0.0000 0.0000 0.0000 0.0000 0.0000 0.0000 0.0000 0.0000 8.0000 8.0000 0.0000 0.0000 
before u = 9.8515 9.8498 9.8498 9.8498 9.8498 9.8498 9.8498 9.8498 9.8488 9.8488 9.8488 9.8488 9.8488 9.8488 9.8488 9.8476 9.8476 9.8476 9.8476 9.8476 9.8476 9.8476 9.8465 9.9443 9.9443 10.0654 9.9337 
before v = 18.5752 16.8829 16.8829 16.8829 16.8829 16.8829 16.8829 16.8829 15.8528 15.8528 15.8528 15.8528 15.8528 15.8528 15.8528 14.6561 14.6561 14.6561 14.6561 14.6561 14.6561 14.6561 13.4755 24.7006 24.7006 118.3617 13.7545 
Ibias = 9.4000 9.4000 9.4000 9.4000 9.4000 9.4000 9.4000 9.4000 2.0000 2.0000 2.0000 2.0000 2.0000 2.0000 2.0000 2.0000 2.0000 2.0000 2.0000 2.0000 2.0000 2.0000 -2.0000 16.0000 16.0000 10.0000 -11.0000 
fa1 = 13.1245 10.3027 10.3027 10.3027 10.3027 10.3027 10.3027 10.3027 8.6452 8.6452 8.6452 8.6452 8.6452 8.6452 8.6452 6.7760 6.7760 6.7760 6.7760 6.7760 6.7760 6.7760 4.9906 24.3588 24.3588 265.2291 5.3703 
fa2 = 13.0269 10.2195 10.2195 10.2195 10.2195 10.2195 10.2195 10.2195 8.5721 8.5721 8.5721 8.5721 8.5721 8.5721 8.5721 6.7159 6.7159 6.7159 6.7159 6.7159 6.7159 6.7159 4.9444 24.2351 24.2351 273.8769 5.3201 
fa3 = 13.0276 10.2202 10.2202 10.2202 10.2202 10.2202 10.2202 10.2202 8.5727 8.5727 8.5727 8.5727 8.5727 8.5727 8.5727 6.7164 6.7164 6.7164 6.7164 6.7164 6.7164 6.7164 4.9448 24.2358 24.2358 274.1612 5.3205 
fa4 = 12.9311 10.1378 10.1378 10.1378 10.1378 10.1378 10.1378 10.1378 8.5003 8.5003 8.5003 8.5003 8.5003 8.5003 8.5003 6.6568 6.6568 6.6568 6.6568 6.6568 6.6568 6.6568 4.8991 24.1139 24.1139 283.2623 5.2708 
fb1 = -0.3198 -0.3265 -0.3265 -0.3265 -0.3265 -0.3265 -0.3265 -0.3265 -0.3305 -0.3305 -0.3305 -0.3305 -0.3305 -0.3305 -0.3305 -0.3353 -0.3353 -0.3353 -0.3353 -0.3353 -0.3353 -0.3353 -0.3400 -0.1001 -0.1001 0.2721 -0.1437 
fb2 = -0.3194 -0.3262 -0.3262 -0.3262 -0.3262 -0.3262 -0.3262 -0.3262 -0.3303 -0.3303 -0.3303 -0.3303 -0.3303 -0.3303 -0.3303 -0.3351 -0.3351 -0.3351 -0.3351 -0.3351 -0.3351 -0.3351 -0.3398 -0.0996 -0.0996 0.2774 -0.1435 
fb3 = -0.3194 -0.3262 -0.3262 -0.3262 -0.3262 -0.3262 -0.3262 -0.3262 -0.3303 -0.3303 -0.3303 -0.3303 -0.3303 -0.3303 -0.3303 -0.3351 -0.3351 -0.3351 -0.3351 -0.3351 -0.3351 -0.3351 -0.3398 -0.0996 -0.0996 0.2776 -0.1435 
fb4 = -0.3191 -0.3259 -0.3259 -0.3259 -0.3259 -0.3259 -0.3259 -0.3259 -0.3301 -0.3301 -0.3301 -0.3301 -0.3301 -0.3301 -0.3301 -0.3349 -0.3349 -0.3349 -0.3349 -0.3349 -0.3349 -0.3349 -0.3396 -0.0991 -0.0991 0.2830 -0.1434 
I = 14.9000 9.4000 9.4000 9.4000 9.4000 9.4000 9.4000 9.4000 6.0000 6.0000 6.0000 6.0000 6.0000 6.0000 6.0000 2.0000 2.0000 2.0000 2.0000 2.0000 2.0000 2.0000 -2.0000 24.0000 24.0000 10.0000 -11.0000 
S1 = 0.0000 0.0000 0.0000 0.0000 0.0000 0.0000 0.0000 0.0000 0.0000 0.0000 0.0000 0.0000 0.0000 0.0000 0.0000 0.0000 0.0000 0.0000 0.0000 0.0000 0.0000 0.0000 0.0000 0.0000 0.0000 0.0000 0.0000 
S2 = 0.0000 0.0000 0.0000 0.0000 0.0000 0.0000 0.0000 0.0000 0.0000 0.0000 0.0000 0.0000 0.0000 0.0000 0.0000 0.0000 0.0000 0.0000 0.0000 0.0000 0.0000 0.0000 0.0000 0.0000 0.0000 0.0000 0.0000 
u = 9.8483 9.8466 9.8466 9.8466 9.8466 9.8466 9.8466 9.8466 9.8455 9.8455 9.8455 9.8455 9.8455 9.8455 9.8455 9.8443 9.8443 9.8443 9.8443 9.8443 9.8443 9.8443 9.8431 9.9433 9.9433 10.0682 9.9322 
v = 18.7055 16.9851 16.9851 16.9851 16.9851 16.9851 16.9851 16.9851 15.9386 15.9386 15.9386 15.9386 15.9386 15.9386 15.9386 14.7233 14.7233 14.7233 14.7233 14.7233 14.7233 14.7233 13.5249 24.9429 24.9429 121.1026 13.8077 
