ExternalI = 5.5000 0.0000 0.0000 0.0000 0.0000 0.0000 0.0000 0.0000 4.0000 4.0000 4.0000 4.0000 4.0000 4.0000 4.0000 0.0000 0.0000 0.0000 0.0000 0.0000 0.0000 0.0000 0.0000 8.0000 8.0000 0.0000 0.0000 
before u = 8.8010 8.7269 8.7269 8.7269 8.7269 8.7269 8.7269 8.7269 8.6896 8.6896 8.6896 8.6896 8.6896 8.6896 8.6896 8.6506 8.6506 8.6506 8.6506 8.6506 8.6506 8.6506 8.6155 10.4473 10.4473 11.1174 9.4507 
before v = 32.0791 25.3202 25.3202 25.3202 25.3202 25.3202 25.3202 25.3202 22.3383 22.3383 22.3383 22.3383 22.3383 22.3383 22.3383 19.4008 19.4008 19.4008 19.4008 19.4008 19.4008 19.4008 16.8593 65.0026 65.0026 64.3268 22.2106 
Ibias = 9.4000 9.4000 9.4000 9.4000 9.4000 9.4000 9.4000 9.4000 2.0000 2.0000 2.0000 2.0000 2.0000 2.0000 2.0000 2.0000 2.0000 2.0000 2.0000 2.0000 2.0000 2.0000 -2.0000 16.0000 16.0000 10.0000 -11.0000 
fa1 = 1.0245 0.3569 0.3569 0.3569 0.3569 0.3569 0.3569 0.3569 0.2556 0.2556 0.2556 0.2556 0.2556 0.2556 0.2556 0.2026 0.2026 0.2026 0.2026 0.2026 0.2026 0.2026 0.1760 48.7878 48.7878 31.4196 2.4829 
fa2 = 1.0233 0.3564 0.3564 0.3564 0.3564 0.3564 0.3564 0.3564 0.2553 0.2553 0.2553 0.2553 0.2553 0.2553 0.2553 0.2025 0.2025 0.2025 0.2025 0.2025 0.2025 0.2025 0.1759 49.3267 49.3267 31.7576 2.4683 
fa3 = 1.0234 0.3564 0.3564 0.3564 0.3564 0.3564 0.3564 0.3564 0.2553 0.2553 0.2553 0.2553 0.2553 0.2553 0.2553 0.2025 0.2025 0.2025 0.2025 0.2025 0.2025 0.2025 0.1759 49.3326 49.3326 31.7613 2.4683 
fa4 = 1.0223 0.3559 0.3559 0.3559 0.3559 0.3559 0.3559 0.3559 0.2551 0.2551 0.2551 0.2551 0.2551 0.2551 0.2551 0.2024 0.2024 0.2024 0.2024 0.2024 0.2024 0.2024 0.1759 49.8825 49.8825 32.1050 2.4538 
fb1 = -0.2237 -0.2478 -0.2478 -0.2478 -0.2478 -0.2478 -0.2478 -0.2478 -0.2582 -0.2582 -0.2582 -0.2582 -0.2582 -0.2582 -0.2582 -0.2684 -0.2684 -0.2684 -0.2684 -0.2684 -0.2684 -0.2684 -0.2772 0.0511 0.0511 0.0350 -0.1002 
fb2 = -0.2237 -0.2477 -0.2477 -0.2477 -0.2477 -0.2477 -0.2477 -0.2477 -0.2582 -0.2582 -0.2582 -0.2582 -0.2582 -0.2582 -0.2582 -0.2684 -0.2684 -0.2684 -0.2684 -0.2684 -0.2684 -0.2684 -0.2771 0.0520 0.0520 0.0356 -0.1001 
fb3 = -0.2237 -0.2477 -0.2477 -0.2477 -0.2477 -0.2477 -0.2477 -0.2477 -0.2582 -0.2582 -0.2582 -0.2582 -0.2582 -0.2582 -0.2582 -0.2684 -0.2684 -0.2684 -0.2684 -0.2684 -0.2684 -0.2684 -0.2771 0.0520 0.0520 0.0356 -0.1001 
fb4 = -0.2236 -0.2477 -0.2477 -0.2477 -0.2477 -0.2477 -0.2477 -0.2477 -0.2581 -0.2581 -0.2581 -0.2581 -0.2581 -0.2581 -0.2581 -0.2683 -0.2683 -0.2683 -0.2683 -0.2683 -0.2683 -0.2683 -0.2771 0.0530 0.0530 0.0362 -0.1001 
I = 14.9000 9.4000 9.4000 9.4000 9.4000 9.4000 9.4000 9.4000 6.0000 6.0000 6.0000 6.0000 6.0000 6.0000 6.0000 2.0000 2.0000 2.0000 2.0000 2.0000 2.0000 2.0000 -2.0000 25.2295 25.2295 10.0000 -1.1670 
S1 = 0.0000 0.0000 0.0000 0.0000 0.0000 0.0000 0.0000 0.0000 0.0000 0.0000 0.0000 0.0000 0.0000 0.0000 0.0000 0.0000 0.0000 0.0000 0.0000 0.0000 0.0000 0.0000 0.0000 0.0000 0.0000 0.0000 0.0000 
S2 = 0.0000 0.0000 0.0000 0.0000 0.0000 0.0000 0.0000 0.0000 0.0000 0.0000 0.0000 0.0000 0.0000 0.0000 0.0000 0.0000 0.0000 0.0000 0.0000 0.0000 0.0000 0.0000 0.0000 1.2295 1.2295 0.0000 9.8330 
u = 8.7988 8.7245 8.7245 8.7245 8.7245 8.7245 8.7245 8.7245 8.6870 8.6870 8.6870 8.6870 8.6870 8.6870 8.6870 8.6479 8.6479 8.6479 8.6479 8.6479 8.6479 8.6479 8.6127 10.4479 10.4479 11.1178 9.4497 
v = 32.0893 25.3238 25.3238 25.3238 25.3238 25.3238 25.3238 25.3238 22.3408 22.3408 22.3408 22.3408 22.3408 22.3408 22.3408 19.4028 19.4028 19.4028 19.4028 19.4028 19.4028 19.4028 16.8611 65.4959 65.4959 64.6444 22.2353 
