ExternalI = 5.5000 0.0000 0.0000 0.0000 0.0000 0.0000 0.0000 0.0000 4.0000 4.0000 4.0000 4.0000 4.0000 4.0000 4.0000 0.0000 0.0000 0.0000 0.0000 0.0000 0.0000 0.0000 0.0000 8.0000 8.0000 0.0000 0.0000 
before u = 8.7988 8.7245 8.7245 8.7245 8.7245 8.7245 8.7245 8.7245 8.6870 8.6870 8.6870 8.6870 8.6870 8.6870 8.6870 8.6479 8.6479 8.6479 8.6479 8.6479 8.6479 8.6479 8.6127 10.4479 10.4479 11.1178 9.4497 
before v = 32.0893 25.3238 25.3238 25.3238 25.3238 25.3238 25.3238 25.3238 22.3408 22.3408 22.3408 22.3408 22.3408 22.3408 22.3408 19.4028 19.4028 19.4028 19.4028 19.4028 19.4028 19.4028 16.8611 65.4959 65.4959 64.6444 22.2353 
Ibias = 9.4000 9.4000 9.4000 9.4000 9.4000 9.4000 9.4000 9.4000 2.0000 2.0000 2.0000 2.0000 2.0000 2.0000 2.0000 2.0000 2.0000 2.0000 2.0000 2.0000 2.0000 2.0000 -2.0000 16.0000 16.0000 10.0000 -11.0000 
fa1 = 1.0223 0.3559 0.3559 0.3559 0.3559 0.3559 0.3559 0.3559 0.2551 0.2551 0.2551 0.2551 0.2551 0.2551 0.2551 0.2024 0.2024 0.2024 0.2024 0.2024 0.2024 0.2024 0.1759 49.8800 49.8800 32.1050 2.4341 
fa2 = 1.0212 0.3554 0.3554 0.3554 0.3554 0.3554 0.3554 0.3554 0.2548 0.2548 0.2548 0.2548 0.2548 0.2548 0.2548 0.2023 0.2023 0.2023 0.2023 0.2023 0.2023 0.2023 0.1758 50.4408 50.4408 32.4544 2.4197 
fa3 = 1.0212 0.3554 0.3554 0.3554 0.3554 0.3554 0.3554 0.3554 0.2548 0.2548 0.2548 0.2548 0.2548 0.2548 0.2548 0.2023 0.2023 0.2023 0.2023 0.2023 0.2023 0.2023 0.1758 50.4471 50.4471 32.4582 2.4198 
fa4 = 1.0201 0.3550 0.3550 0.3550 0.3550 0.3550 0.3550 0.3550 0.2545 0.2545 0.2545 0.2545 0.2545 0.2545 0.2545 0.2022 0.2022 0.2022 0.2022 0.2022 0.2022 0.2022 0.1757 51.0195 51.0195 32.8136 2.4056 
fb1 = -0.2236 -0.2477 -0.2477 -0.2477 -0.2477 -0.2477 -0.2477 -0.2477 -0.2581 -0.2581 -0.2581 -0.2581 -0.2581 -0.2581 -0.2581 -0.2683 -0.2683 -0.2683 -0.2683 -0.2683 -0.2683 -0.2683 -0.2771 0.0530 0.0530 0.0362 -0.1001 
fb2 = -0.2235 -0.2476 -0.2476 -0.2476 -0.2476 -0.2476 -0.2476 -0.2476 -0.2581 -0.2581 -0.2581 -0.2581 -0.2581 -0.2581 -0.2581 -0.2682 -0.2682 -0.2682 -0.2682 -0.2682 -0.2682 -0.2682 -0.2770 0.0540 0.0540 0.0369 -0.1000 
fb3 = -0.2235 -0.2476 -0.2476 -0.2476 -0.2476 -0.2476 -0.2476 -0.2476 -0.2581 -0.2581 -0.2581 -0.2581 -0.2581 -0.2581 -0.2581 -0.2682 -0.2682 -0.2682 -0.2682 -0.2682 -0.2682 -0.2682 -0.2770 0.0540 0.0540 0.0369 -0.1000 
fb4 = -0.2235 -0.2476 -0.2476 -0.2476 -0.2476 -0.2476 -0.2476 -0.2476 -0.2580 -0.2580 -0.2580 -0.2580 -0.2580 -0.2580 -0.2580 -0.2682 -0.2682 -0.2682 -0.2682 -0.2682 -0.2682 -0.2682 -0.2769 0.0550 0.0550 0.0375 -0.0999 
I = 14.9000 9.4000 9.4000 9.4000 9.4000 9.4000 9.4000 9.4000 6.0000 6.0000 6.0000 6.0000 6.0000 6.0000 6.0000 2.0000 2.0000 2.0000 2.0000 2.0000 2.0000 2.0000 -2.0000 25.2270 25.2270 10.0000 -1.1866 
S1 = 0.0000 0.0000 0.0000 0.0000 0.0000 0.0000 0.0000 0.0000 0.0000 0.0000 0.0000 0.0000 0.0000 0.0000 0.0000 0.0000 0.0000 0.0000 0.0000 0.0000 0.0000 0.0000 0.0000 0.0000 0.0000 0.0000 0.0000 
S2 = 0.0000 0.0000 0.0000 0.0000 0.0000 0.0000 0.0000 0.0000 0.0000 0.0000 0.0000 0.0000 0.0000 0.0000 0.0000 0.0000 0.0000 0.0000 0.0000 0.0000 0.0000 0.0000 0.0000 1.2270 1.2270 0.0000 9.8134 
u = 8.7965 8.7220 8.7220 8.7220 8.7220 8.7220 8.7220 8.7220 8.6844 8.6844 8.6844 8.6844 8.6844 8.6844 8.6844 8.6452 8.6452 8.6452 8.6452 8.6452 8.6452 8.6452 8.6100 10.4484 10.4484 11.1181 9.4487 
v = 32.0995 25.3274 25.3274 25.3274 25.3274 25.3274 25.3274 25.3274 22.3434 22.3434 22.3434 22.3434 22.3434 22.3434 22.3434 19.4048 19.4048 19.4048 19.4048 19.4048 19.4048 19.4048 16.8629 66.0004 66.0004 64.9690 22.2595 
