ExternalI = 5.5000 0.0000 0.0000 0.0000 0.0000 0.0000 0.0000 0.0000 4.0000 4.0000 4.0000 4.0000 4.0000 4.0000 4.0000 0.0000 0.0000 0.0000 0.0000 0.0000 0.0000 0.0000 0.0000 8.0000 8.0000 0.0000 0.0000 
before u = 8.7965 8.7220 8.7220 8.7220 8.7220 8.7220 8.7220 8.7220 8.6844 8.6844 8.6844 8.6844 8.6844 8.6844 8.6844 8.6452 8.6452 8.6452 8.6452 8.6452 8.6452 8.6452 8.6100 10.4484 10.4484 11.1181 9.4487 
before v = 32.0995 25.3274 25.3274 25.3274 25.3274 25.3274 25.3274 25.3274 22.3434 22.3434 22.3434 22.3434 22.3434 22.3434 22.3434 19.4048 19.4048 19.4048 19.4048 19.4048 19.4048 19.4048 16.8629 66.0004 66.0004 64.9690 22.2595 
Ibias = 9.4000 9.4000 9.4000 9.4000 9.4000 9.4000 9.4000 9.4000 2.0000 2.0000 2.0000 2.0000 2.0000 2.0000 2.0000 2.0000 2.0000 2.0000 2.0000 2.0000 2.0000 2.0000 -2.0000 16.0000 16.0000 10.0000 -11.0000 
fa1 = 1.0201 0.3550 0.3550 0.3550 0.3550 0.3550 0.3550 0.3550 0.2545 0.2545 0.2545 0.2545 0.2545 0.2545 0.2545 0.2022 0.2022 0.2022 0.2022 0.2022 0.2022 0.2022 0.1757 51.0170 51.0170 32.8136 2.3860 
fa2 = 1.0190 0.3545 0.3545 0.3545 0.3545 0.3545 0.3545 0.3545 0.2543 0.2543 0.2543 0.2543 0.2543 0.2543 0.2543 0.2020 0.2020 0.2020 0.2020 0.2020 0.2020 0.2020 0.1757 51.6009 51.6009 33.1751 2.3719 
fa3 = 1.0190 0.3545 0.3545 0.3545 0.3545 0.3545 0.3545 0.3545 0.2543 0.2543 0.2543 0.2543 0.2543 0.2543 0.2543 0.2020 0.2020 0.2020 0.2020 0.2020 0.2020 0.2020 0.1757 51.6076 51.6076 33.1790 2.3720 
fa4 = 1.0179 0.3540 0.3540 0.3540 0.3540 0.3540 0.3540 0.3540 0.2540 0.2540 0.2540 0.2540 0.2540 0.2540 0.2540 0.2019 0.2019 0.2019 0.2019 0.2019 0.2019 0.2019 0.1756 52.2037 52.2037 33.5468 2.3581 
fb1 = -0.2235 -0.2476 -0.2476 -0.2476 -0.2476 -0.2476 -0.2476 -0.2476 -0.2580 -0.2580 -0.2580 -0.2580 -0.2580 -0.2580 -0.2580 -0.2682 -0.2682 -0.2682 -0.2682 -0.2682 -0.2682 -0.2682 -0.2769 0.0550 0.0550 0.0375 -0.0999 
fb2 = -0.2234 -0.2475 -0.2475 -0.2475 -0.2475 -0.2475 -0.2475 -0.2475 -0.2579 -0.2579 -0.2579 -0.2579 -0.2579 -0.2579 -0.2579 -0.2681 -0.2681 -0.2681 -0.2681 -0.2681 -0.2681 -0.2681 -0.2769 0.0560 0.0560 0.0382 -0.0999 
fb3 = -0.2234 -0.2475 -0.2475 -0.2475 -0.2475 -0.2475 -0.2475 -0.2475 -0.2579 -0.2579 -0.2579 -0.2579 -0.2579 -0.2579 -0.2579 -0.2681 -0.2681 -0.2681 -0.2681 -0.2681 -0.2681 -0.2681 -0.2769 0.0561 0.0561 0.0382 -0.0999 
fb4 = -0.2233 -0.2475 -0.2475 -0.2475 -0.2475 -0.2475 -0.2475 -0.2475 -0.2579 -0.2579 -0.2579 -0.2579 -0.2579 -0.2579 -0.2579 -0.2681 -0.2681 -0.2681 -0.2681 -0.2681 -0.2681 -0.2681 -0.2768 0.0571 0.0571 0.0388 -0.0998 
I = 14.9000 9.4000 9.4000 9.4000 9.4000 9.4000 9.4000 9.4000 6.0000 6.0000 6.0000 6.0000 6.0000 6.0000 6.0000 2.0000 2.0000 2.0000 2.0000 2.0000 2.0000 2.0000 -2.0000 25.2246 25.2246 10.0000 -1.2063 
S1 = 0.0000 0.0000 0.0000 0.0000 0.0000 0.0000 0.0000 0.0000 0.0000 0.0000 0.0000 0.0000 0.0000 0.0000 0.0000 0.0000 0.0000 0.0000 0.0000 0.0000 0.0000 0.0000 0.0000 0.0000 0.0000 0.0000 0.0000 
S2 = 0.0000 0.0000 0.0000 0.0000 0.0000 0.0000 0.0000 0.0000 0.0000 0.0000 0.0000 0.0000 0.0000 0.0000 0.0000 0.0000 0.0000 0.0000 0.0000 0.0000 0.0000 0.0000 0.0000 1.2246 1.2246 0.0000 9.7937 
u = 8.7943 8.7195 8.7195 8.7195 8.7195 8.7195 8.7195 8.7195 8.6818 8.6818 8.6818 8.6818 8.6818 8.6818 8.6818 8.6426 8.6426 8.6426 8.6426 8.6426 8.6426 8.6426 8.6072 10.4490 10.4490 11.1185 9.4477 
v = 32.1097 25.3309 25.3309 25.3309 25.3309 25.3309 25.3309 25.3309 22.3459 22.3459 22.3459 22.3459 22.3459 22.3459 22.3459 19.4069 19.4069 19.4069 19.4069 19.4069 19.4069 19.4069 16.8646 66.5164 66.5164 65.3007 22.2832 
