ExternalI = 5.5000 0.0000 0.0000 0.0000 0.0000 0.0000 0.0000 0.0000 4.0000 4.0000 4.0000 4.0000 4.0000 4.0000 4.0000 0.0000 0.0000 0.0000 0.0000 0.0000 0.0000 0.0000 0.0000 8.0000 8.0000 0.0000 0.0000 
before u = 8.7943 8.7195 8.7195 8.7195 8.7195 8.7195 8.7195 8.7195 8.6818 8.6818 8.6818 8.6818 8.6818 8.6818 8.6818 8.6426 8.6426 8.6426 8.6426 8.6426 8.6426 8.6426 8.6072 10.4490 10.4490 11.1185 9.4477 
before v = 32.1097 25.3309 25.3309 25.3309 25.3309 25.3309 25.3309 25.3309 22.3459 22.3459 22.3459 22.3459 22.3459 22.3459 22.3459 19.4069 19.4069 19.4069 19.4069 19.4069 19.4069 19.4069 16.8646 66.5164 66.5164 65.3007 22.2832 
Ibias = 9.4000 9.4000 9.4000 9.4000 9.4000 9.4000 9.4000 9.4000 2.0000 2.0000 2.0000 2.0000 2.0000 2.0000 2.0000 2.0000 2.0000 2.0000 2.0000 2.0000 2.0000 2.0000 -2.0000 16.0000 16.0000 10.0000 -11.0000 
fa1 = 1.0179 0.3540 0.3540 0.3540 0.3540 0.3540 0.3540 0.3540 0.2540 0.2540 0.2540 0.2540 0.2540 0.2540 0.2540 0.2019 0.2019 0.2019 0.2019 0.2019 0.2019 0.2019 0.1756 52.2013 52.2013 33.5467 2.3385 
fa2 = 1.0168 0.3535 0.3535 0.3535 0.3535 0.3535 0.3535 0.3535 0.2538 0.2538 0.2538 0.2538 0.2538 0.2538 0.2538 0.2018 0.2018 0.2018 0.2018 0.2018 0.2018 0.2018 0.1755 52.8096 52.8096 33.9207 2.3247 
fa3 = 1.0168 0.3535 0.3535 0.3535 0.3535 0.3535 0.3535 0.3535 0.2538 0.2538 0.2538 0.2538 0.2538 0.2538 0.2538 0.2018 0.2018 0.2018 0.2018 0.2018 0.2018 0.2018 0.1755 52.8167 52.8167 33.9249 2.3248 
fa4 = 1.0158 0.3530 0.3530 0.3530 0.3530 0.3530 0.3530 0.3530 0.2535 0.2535 0.2535 0.2535 0.2535 0.2535 0.2535 0.2017 0.2017 0.2017 0.2017 0.2017 0.2017 0.2017 0.1755 53.4379 53.4379 34.3055 2.3112 
fb1 = -0.2233 -0.2475 -0.2475 -0.2475 -0.2475 -0.2475 -0.2475 -0.2475 -0.2579 -0.2579 -0.2579 -0.2579 -0.2579 -0.2579 -0.2579 -0.2681 -0.2681 -0.2681 -0.2681 -0.2681 -0.2681 -0.2681 -0.2768 0.0571 0.0571 0.0388 -0.0998 
fb2 = -0.2233 -0.2474 -0.2474 -0.2474 -0.2474 -0.2474 -0.2474 -0.2474 -0.2578 -0.2578 -0.2578 -0.2578 -0.2578 -0.2578 -0.2578 -0.2680 -0.2680 -0.2680 -0.2680 -0.2680 -0.2680 -0.2680 -0.2768 0.0581 0.0581 0.0395 -0.0998 
fb3 = -0.2233 -0.2474 -0.2474 -0.2474 -0.2474 -0.2474 -0.2474 -0.2474 -0.2578 -0.2578 -0.2578 -0.2578 -0.2578 -0.2578 -0.2578 -0.2680 -0.2680 -0.2680 -0.2680 -0.2680 -0.2680 -0.2680 -0.2768 0.0581 0.0581 0.0395 -0.0998 
fb4 = -0.2232 -0.2473 -0.2473 -0.2473 -0.2473 -0.2473 -0.2473 -0.2473 -0.2578 -0.2578 -0.2578 -0.2578 -0.2578 -0.2578 -0.2578 -0.2680 -0.2680 -0.2680 -0.2680 -0.2680 -0.2680 -0.2680 -0.2767 0.0592 0.0592 0.0402 -0.0997 
I = 14.9000 9.4000 9.4000 9.4000 9.4000 9.4000 9.4000 9.4000 6.0000 6.0000 6.0000 6.0000 6.0000 6.0000 6.0000 2.0000 2.0000 2.0000 2.0000 2.0000 2.0000 2.0000 -2.0000 25.2221 25.2221 10.0000 -1.2259 
S1 = 0.0000 0.0000 0.0000 0.0000 0.0000 0.0000 0.0000 0.0000 0.0000 0.0000 0.0000 0.0000 0.0000 0.0000 0.0000 0.0000 0.0000 0.0000 0.0000 0.0000 0.0000 0.0000 0.0000 0.0000 0.0000 0.0000 0.0000 
S2 = 0.0000 0.0000 0.0000 0.0000 0.0000 0.0000 0.0000 0.0000 0.0000 0.0000 0.0000 0.0000 0.0000 0.0000 0.0000 0.0000 0.0000 0.0000 0.0000 0.0000 0.0000 0.0000 0.0000 1.2221 1.2221 0.0000 9.7741 
u = 8.7921 8.7170 8.7170 8.7170 8.7170 8.7170 8.7170 8.7170 8.6793 8.6793 8.6793 8.6793 8.6793 8.6793 8.6793 8.6399 8.6399 8.6399 8.6399 8.6399 8.6399 8.6399 8.6044 10.4495 10.4495 11.1189 9.4467 
v = 32.1199 25.3344 25.3344 25.3344 25.3344 25.3344 25.3344 25.3344 22.3484 22.3484 22.3484 22.3484 22.3484 22.3484 22.3484 19.4089 19.4089 19.4089 19.4089 19.4089 19.4089 19.4089 16.8664 67.0446 67.0446 65.6400 22.3065 
