ExternalI = 5.5000 0.0000 0.0000 0.0000 0.0000 0.0000 0.0000 0.0000 4.0000 4.0000 4.0000 4.0000 4.0000 4.0000 4.0000 0.0000 0.0000 0.0000 0.0000 0.0000 0.0000 0.0000 0.0000 8.0000 8.0000 0.0000 0.0000 
before u = 8.7921 8.7170 8.7170 8.7170 8.7170 8.7170 8.7170 8.7170 8.6793 8.6793 8.6793 8.6793 8.6793 8.6793 8.6793 8.6399 8.6399 8.6399 8.6399 8.6399 8.6399 8.6399 8.6044 10.4495 10.4495 11.1189 9.4467 
before v = 32.1199 25.3344 25.3344 25.3344 25.3344 25.3344 25.3344 25.3344 22.3484 22.3484 22.3484 22.3484 22.3484 22.3484 22.3484 19.4089 19.4089 19.4089 19.4089 19.4089 19.4089 19.4089 16.8664 67.0446 67.0446 65.6400 22.3065 
Ibias = 9.4000 9.4000 9.4000 9.4000 9.4000 9.4000 9.4000 9.4000 2.0000 2.0000 2.0000 2.0000 2.0000 2.0000 2.0000 2.0000 2.0000 2.0000 2.0000 2.0000 2.0000 2.0000 -2.0000 16.0000 16.0000 10.0000 -11.0000 
fa1 = 1.0158 0.3530 0.3530 0.3530 0.3530 0.3530 0.3530 0.3530 0.2535 0.2535 0.2535 0.2535 0.2535 0.2535 0.2535 0.2017 0.2017 0.2017 0.2017 0.2017 0.2017 0.2017 0.1755 53.4354 53.4354 34.3054 2.2916 
fa2 = 1.0147 0.3525 0.3525 0.3525 0.3525 0.3525 0.3525 0.3525 0.2533 0.2533 0.2533 0.2533 0.2533 0.2533 0.2533 0.2015 0.2015 0.2015 0.2015 0.2015 0.2015 0.2015 0.1754 54.0694 54.0694 34.6926 2.2782 
fa3 = 1.0147 0.3525 0.3525 0.3525 0.3525 0.3525 0.3525 0.3525 0.2533 0.2533 0.2533 0.2533 0.2533 0.2533 0.2533 0.2015 0.2015 0.2015 0.2015 0.2015 0.2015 0.2015 0.1754 54.0770 54.0770 34.6969 2.2783 
fa4 = 1.0136 0.3521 0.3521 0.3521 0.3521 0.3521 0.3521 0.3521 0.2531 0.2531 0.2531 0.2531 0.2531 0.2531 0.2531 0.2014 0.2014 0.2014 0.2014 0.2014 0.2014 0.2014 0.1753 54.7246 54.7246 35.0909 2.2650 
fb1 = -0.2232 -0.2473 -0.2473 -0.2473 -0.2473 -0.2473 -0.2473 -0.2473 -0.2578 -0.2578 -0.2578 -0.2578 -0.2578 -0.2578 -0.2578 -0.2680 -0.2680 -0.2680 -0.2680 -0.2680 -0.2680 -0.2680 -0.2767 0.0592 0.0592 0.0402 -0.0997 
fb2 = -0.2231 -0.2473 -0.2473 -0.2473 -0.2473 -0.2473 -0.2473 -0.2473 -0.2577 -0.2577 -0.2577 -0.2577 -0.2577 -0.2577 -0.2577 -0.2679 -0.2679 -0.2679 -0.2679 -0.2679 -0.2679 -0.2679 -0.2767 0.0603 0.0603 0.0409 -0.0997 
fb3 = -0.2231 -0.2473 -0.2473 -0.2473 -0.2473 -0.2473 -0.2473 -0.2473 -0.2577 -0.2577 -0.2577 -0.2577 -0.2577 -0.2577 -0.2577 -0.2679 -0.2679 -0.2679 -0.2679 -0.2679 -0.2679 -0.2679 -0.2767 0.0603 0.0603 0.0409 -0.0997 
fb4 = -0.2231 -0.2472 -0.2472 -0.2472 -0.2472 -0.2472 -0.2472 -0.2472 -0.2577 -0.2577 -0.2577 -0.2577 -0.2577 -0.2577 -0.2577 -0.2678 -0.2678 -0.2678 -0.2678 -0.2678 -0.2678 -0.2678 -0.2766 0.0613 0.0613 0.0416 -0.0996 
I = 14.9000 9.4000 9.4000 9.4000 9.4000 9.4000 9.4000 9.4000 6.0000 6.0000 6.0000 6.0000 6.0000 6.0000 6.0000 2.0000 2.0000 2.0000 2.0000 2.0000 2.0000 2.0000 -2.0000 25.2197 25.2197 10.0000 -1.2454 
S1 = 0.0000 0.0000 0.0000 0.0000 0.0000 0.0000 0.0000 0.0000 0.0000 0.0000 0.0000 0.0000 0.0000 0.0000 0.0000 0.0000 0.0000 0.0000 0.0000 0.0000 0.0000 0.0000 0.0000 0.0000 0.0000 0.0000 0.0000 
S2 = 0.0000 0.0000 0.0000 0.0000 0.0000 0.0000 0.0000 0.0000 0.0000 0.0000 0.0000 0.0000 0.0000 0.0000 0.0000 0.0000 0.0000 0.0000 0.0000 0.0000 0.0000 0.0000 0.0000 1.2197 1.2197 0.0000 9.7546 
u = 8.7898 8.7146 8.7146 8.7146 8.7146 8.7146 8.7146 8.7146 8.6767 8.6767 8.6767 8.6767 8.6767 8.6767 8.6767 8.6372 8.6372 8.6372 8.6372 8.6372 8.6372 8.6372 8.6016 10.4502 10.4502 11.1193 9.4457 
v = 32.1300 25.3380 25.3380 25.3380 25.3380 25.3380 25.3380 25.3380 22.3510 22.3510 22.3510 22.3510 22.3510 22.3510 22.3510 19.4109 19.4109 19.4109 19.4109 19.4109 19.4109 19.4109 16.8681 67.5853 67.5853 65.9869 22.3293 
