ExternalI = 5.5000 0.0000 0.0000 0.0000 0.0000 0.0000 0.0000 0.0000 4.0000 4.0000 4.0000 4.0000 4.0000 4.0000 4.0000 0.0000 0.0000 0.0000 0.0000 0.0000 0.0000 0.0000 0.0000 8.0000 8.0000 0.0000 0.0000 
before u = 8.7898 8.7146 8.7146 8.7146 8.7146 8.7146 8.7146 8.7146 8.6767 8.6767 8.6767 8.6767 8.6767 8.6767 8.6767 8.6372 8.6372 8.6372 8.6372 8.6372 8.6372 8.6372 8.6016 10.4502 10.4502 11.1193 9.4457 
before v = 32.1300 25.3380 25.3380 25.3380 25.3380 25.3380 25.3380 25.3380 22.3510 22.3510 22.3510 22.3510 22.3510 22.3510 22.3510 19.4109 19.4109 19.4109 19.4109 19.4109 19.4109 19.4109 16.8681 67.5853 67.5853 65.9869 22.3293 
Ibias = 9.4000 9.4000 9.4000 9.4000 9.4000 9.4000 9.4000 9.4000 2.0000 2.0000 2.0000 2.0000 2.0000 2.0000 2.0000 2.0000 2.0000 2.0000 2.0000 2.0000 2.0000 2.0000 -2.0000 16.0000 16.0000 10.0000 -11.0000 
fa1 = 1.0136 0.3521 0.3521 0.3521 0.3521 0.3521 0.3521 0.3521 0.2531 0.2531 0.2531 0.2531 0.2531 0.2531 0.2531 0.2014 0.2014 0.2014 0.2014 0.2014 0.2014 0.2014 0.1753 54.7222 54.7222 35.0909 2.2455 
fa2 = 1.0126 0.3516 0.3516 0.3516 0.3516 0.3516 0.3516 0.3516 0.2528 0.2528 0.2528 0.2528 0.2528 0.2528 0.2528 0.2013 0.2013 0.2013 0.2013 0.2013 0.2013 0.2013 0.1753 55.3834 55.3834 35.4918 2.2323 
fa3 = 1.0126 0.3516 0.3516 0.3516 0.3516 0.3516 0.3516 0.3516 0.2528 0.2528 0.2528 0.2528 0.2528 0.2528 0.2528 0.2013 0.2013 0.2013 0.2013 0.2013 0.2013 0.2013 0.1753 55.3914 55.3914 35.4964 2.2324 
fa4 = 1.0115 0.3511 0.3511 0.3511 0.3511 0.3511 0.3511 0.3511 0.2526 0.2526 0.2526 0.2526 0.2526 0.2526 0.2526 0.2012 0.2012 0.2012 0.2012 0.2012 0.2012 0.2012 0.1752 56.0670 56.0670 35.9045 2.2194 
fb1 = -0.2231 -0.2472 -0.2472 -0.2472 -0.2472 -0.2472 -0.2472 -0.2472 -0.2577 -0.2577 -0.2577 -0.2577 -0.2577 -0.2577 -0.2577 -0.2678 -0.2678 -0.2678 -0.2678 -0.2678 -0.2678 -0.2678 -0.2766 0.0613 0.0613 0.0416 -0.0996 
fb2 = -0.2230 -0.2472 -0.2472 -0.2472 -0.2472 -0.2472 -0.2472 -0.2472 -0.2576 -0.2576 -0.2576 -0.2576 -0.2576 -0.2576 -0.2576 -0.2678 -0.2678 -0.2678 -0.2678 -0.2678 -0.2678 -0.2678 -0.2765 0.0624 0.0624 0.0423 -0.0995 
fb3 = -0.2230 -0.2472 -0.2472 -0.2472 -0.2472 -0.2472 -0.2472 -0.2472 -0.2576 -0.2576 -0.2576 -0.2576 -0.2576 -0.2576 -0.2576 -0.2678 -0.2678 -0.2678 -0.2678 -0.2678 -0.2678 -0.2678 -0.2765 0.0624 0.0624 0.0423 -0.0995 
fb4 = -0.2229 -0.2471 -0.2471 -0.2471 -0.2471 -0.2471 -0.2471 -0.2471 -0.2576 -0.2576 -0.2576 -0.2576 -0.2576 -0.2576 -0.2576 -0.2677 -0.2677 -0.2677 -0.2677 -0.2677 -0.2677 -0.2677 -0.2765 0.0635 0.0635 0.0430 -0.0995 
I = 14.9000 9.4000 9.4000 9.4000 9.4000 9.4000 9.4000 9.4000 6.0000 6.0000 6.0000 6.0000 6.0000 6.0000 6.0000 2.0000 2.0000 2.0000 2.0000 2.0000 2.0000 2.0000 -2.0000 25.2172 25.2172 10.0000 -1.2649 
S1 = 0.0000 0.0000 0.0000 0.0000 0.0000 0.0000 0.0000 0.0000 0.0000 0.0000 0.0000 0.0000 0.0000 0.0000 0.0000 0.0000 0.0000 0.0000 0.0000 0.0000 0.0000 0.0000 0.0000 0.0000 0.0000 0.0000 0.0000 
S2 = 0.0000 0.0000 0.0000 0.0000 0.0000 0.0000 0.0000 0.0000 0.0000 0.0000 0.0000 0.0000 0.0000 0.0000 0.0000 0.0000 0.0000 0.0000 0.0000 0.0000 0.0000 0.0000 0.0000 1.2172 1.2172 0.0000 9.7351 
u = 8.7876 8.7121 8.7121 8.7121 8.7121 8.7121 8.7121 8.7121 8.6741 8.6741 8.6741 8.6741 8.6741 8.6741 8.6741 8.6345 8.6345 8.6345 8.6345 8.6345 8.6345 8.6345 8.5989 10.4508 10.4508 11.1197 9.4447 
v = 32.1401 25.3415 25.3415 25.3415 25.3415 25.3415 25.3415 25.3415 22.3535 22.3535 22.3535 22.3535 22.3535 22.3535 22.3535 19.4129 19.4129 19.4129 19.4129 19.4129 19.4129 19.4129 16.8699 68.1392 68.1392 66.3419 22.3516 
