ExternalI = 5.5000 0.0000 0.0000 0.0000 0.0000 0.0000 0.0000 0.0000 4.0000 4.0000 4.0000 4.0000 4.0000 4.0000 4.0000 0.0000 0.0000 0.0000 0.0000 0.0000 0.0000 0.0000 0.0000 8.0000 8.0000 0.0000 0.0000 
before u = 8.7876 8.7121 8.7121 8.7121 8.7121 8.7121 8.7121 8.7121 8.6741 8.6741 8.6741 8.6741 8.6741 8.6741 8.6741 8.6345 8.6345 8.6345 8.6345 8.6345 8.6345 8.6345 8.5989 10.4508 10.4508 11.1197 9.4447 
before v = 32.1401 25.3415 25.3415 25.3415 25.3415 25.3415 25.3415 25.3415 22.3535 22.3535 22.3535 22.3535 22.3535 22.3535 22.3535 19.4129 19.4129 19.4129 19.4129 19.4129 19.4129 19.4129 16.8699 68.1392 68.1392 66.3419 22.3516 
Ibias = 9.4000 9.4000 9.4000 9.4000 9.4000 9.4000 9.4000 9.4000 2.0000 2.0000 2.0000 2.0000 2.0000 2.0000 2.0000 2.0000 2.0000 2.0000 2.0000 2.0000 2.0000 2.0000 -2.0000 16.0000 16.0000 10.0000 -11.0000 
fa1 = 1.0115 0.3511 0.3511 0.3511 0.3511 0.3511 0.3511 0.3511 0.2526 0.2526 0.2526 0.2526 0.2526 0.2526 0.2526 0.2012 0.2012 0.2012 0.2012 0.2012 0.2012 0.2012 0.1752 56.0645 56.0645 35.9045 2.1999 
fa2 = 1.0105 0.3506 0.3506 0.3506 0.3506 0.3506 0.3506 0.3506 0.2523 0.2523 0.2523 0.2523 0.2523 0.2523 0.2523 0.2011 0.2011 0.2011 0.2011 0.2011 0.2011 0.2011 0.1751 56.7544 56.7544 36.3197 2.1871 
fa3 = 1.0105 0.3506 0.3506 0.3506 0.3506 0.3506 0.3506 0.3506 0.2523 0.2523 0.2523 0.2523 0.2523 0.2523 0.2523 0.2011 0.2011 0.2011 0.2011 0.2011 0.2011 0.2011 0.1751 56.7630 56.7630 36.3246 2.1872 
fa4 = 1.0094 0.3502 0.3502 0.3502 0.3502 0.3502 0.3502 0.3502 0.2521 0.2521 0.2521 0.2521 0.2521 0.2521 0.2521 0.2010 0.2010 0.2010 0.2010 0.2010 0.2010 0.2010 0.1751 57.4681 57.4681 36.7474 2.1744 
fb1 = -0.2229 -0.2471 -0.2471 -0.2471 -0.2471 -0.2471 -0.2471 -0.2471 -0.2576 -0.2576 -0.2576 -0.2576 -0.2576 -0.2576 -0.2576 -0.2677 -0.2677 -0.2677 -0.2677 -0.2677 -0.2677 -0.2677 -0.2765 0.0635 0.0635 0.0430 -0.0995 
fb2 = -0.2229 -0.2471 -0.2471 -0.2471 -0.2471 -0.2471 -0.2471 -0.2471 -0.2575 -0.2575 -0.2575 -0.2575 -0.2575 -0.2575 -0.2575 -0.2677 -0.2677 -0.2677 -0.2677 -0.2677 -0.2677 -0.2677 -0.2764 0.0647 0.0647 0.0437 -0.0994 
fb3 = -0.2229 -0.2471 -0.2471 -0.2471 -0.2471 -0.2471 -0.2471 -0.2471 -0.2575 -0.2575 -0.2575 -0.2575 -0.2575 -0.2575 -0.2575 -0.2677 -0.2677 -0.2677 -0.2677 -0.2677 -0.2677 -0.2677 -0.2764 0.0647 0.0647 0.0437 -0.0994 
fb4 = -0.2228 -0.2470 -0.2470 -0.2470 -0.2470 -0.2470 -0.2470 -0.2470 -0.2574 -0.2574 -0.2574 -0.2574 -0.2574 -0.2574 -0.2574 -0.2676 -0.2676 -0.2676 -0.2676 -0.2676 -0.2676 -0.2676 -0.2764 0.0658 0.0658 0.0444 -0.0994 
I = 14.9000 9.4000 9.4000 9.4000 9.4000 9.4000 9.4000 9.4000 6.0000 6.0000 6.0000 6.0000 6.0000 6.0000 6.0000 2.0000 2.0000 2.0000 2.0000 2.0000 2.0000 2.0000 -2.0000 25.2148 25.2148 10.0000 -1.2844 
S1 = 0.0000 0.0000 0.0000 0.0000 0.0000 0.0000 0.0000 0.0000 0.0000 0.0000 0.0000 0.0000 0.0000 0.0000 0.0000 0.0000 0.0000 0.0000 0.0000 0.0000 0.0000 0.0000 0.0000 0.0000 0.0000 0.0000 0.0000 
S2 = 0.0000 0.0000 0.0000 0.0000 0.0000 0.0000 0.0000 0.0000 0.0000 0.0000 0.0000 0.0000 0.0000 0.0000 0.0000 0.0000 0.0000 0.0000 0.0000 0.0000 0.0000 0.0000 0.0000 1.2148 1.2148 0.0000 9.7156 
u = 8.7854 8.7096 8.7096 8.7096 8.7096 8.7096 8.7096 8.7096 8.6715 8.6715 8.6715 8.6715 8.6715 8.6715 8.6715 8.6318 8.6318 8.6318 8.6318 8.6318 8.6318 8.6318 8.5961 10.4514 10.4514 11.1202 9.4437 
v = 32.1502 25.3450 25.3450 25.3450 25.3450 25.3450 25.3450 25.3450 22.3560 22.3560 22.3560 22.3560 22.3560 22.3560 22.3560 19.4149 19.4149 19.4149 19.4149 19.4149 19.4149 19.4149 16.8716 68.7068 68.7068 66.7051 22.3734 
