ExternalI = 5.5000 0.0000 0.0000 0.0000 0.0000 0.0000 0.0000 0.0000 4.0000 4.0000 4.0000 4.0000 4.0000 4.0000 4.0000 0.0000 0.0000 0.0000 0.0000 0.0000 0.0000 0.0000 0.0000 8.0000 8.0000 0.0000 0.0000 
before u = 8.7854 8.7096 8.7096 8.7096 8.7096 8.7096 8.7096 8.7096 8.6715 8.6715 8.6715 8.6715 8.6715 8.6715 8.6715 8.6318 8.6318 8.6318 8.6318 8.6318 8.6318 8.6318 8.5961 10.4514 10.4514 11.1202 9.4437 
before v = 32.1502 25.3450 25.3450 25.3450 25.3450 25.3450 25.3450 25.3450 22.3560 22.3560 22.3560 22.3560 22.3560 22.3560 22.3560 19.4149 19.4149 19.4149 19.4149 19.4149 19.4149 19.4149 16.8716 68.7068 68.7068 66.7051 22.3734 
Ibias = 9.4000 9.4000 9.4000 9.4000 9.4000 9.4000 9.4000 9.4000 2.0000 2.0000 2.0000 2.0000 2.0000 2.0000 2.0000 2.0000 2.0000 2.0000 2.0000 2.0000 2.0000 2.0000 -2.0000 16.0000 16.0000 10.0000 -11.0000 
fa1 = 1.0094 0.3502 0.3502 0.3502 0.3502 0.3502 0.3502 0.3502 0.2521 0.2521 0.2521 0.2521 0.2521 0.2521 0.2521 0.2010 0.2010 0.2010 0.2010 0.2010 0.2010 0.2010 0.1751 57.4656 57.4656 36.7474 2.1550 
fa2 = 1.0084 0.3497 0.3497 0.3497 0.3497 0.3497 0.3497 0.3497 0.2518 0.2518 0.2518 0.2518 0.2518 0.2518 0.2518 0.2008 0.2008 0.2008 0.2008 0.2008 0.2008 0.2008 0.1750 58.1859 58.1859 37.1778 2.1424 
fa3 = 1.0084 0.3497 0.3497 0.3497 0.3497 0.3497 0.3497 0.3497 0.2518 0.2518 0.2518 0.2518 0.2518 0.2518 0.2518 0.2008 0.2008 0.2008 0.2008 0.2008 0.2008 0.2008 0.1750 58.1950 58.1950 37.1829 2.1425 
fa4 = 1.0073 0.3492 0.3492 0.3492 0.3492 0.3492 0.3492 0.3492 0.2516 0.2516 0.2516 0.2516 0.2516 0.2516 0.2516 0.2007 0.2007 0.2007 0.2007 0.2007 0.2007 0.2007 0.1750 58.9314 58.9314 37.6212 2.1301 
fb1 = -0.2228 -0.2470 -0.2470 -0.2470 -0.2470 -0.2470 -0.2470 -0.2470 -0.2574 -0.2574 -0.2574 -0.2574 -0.2574 -0.2574 -0.2574 -0.2676 -0.2676 -0.2676 -0.2676 -0.2676 -0.2676 -0.2676 -0.2764 0.0658 0.0658 0.0444 -0.0994 
fb2 = -0.2227 -0.2469 -0.2469 -0.2469 -0.2469 -0.2469 -0.2469 -0.2469 -0.2574 -0.2574 -0.2574 -0.2574 -0.2574 -0.2574 -0.2574 -0.2676 -0.2676 -0.2676 -0.2676 -0.2676 -0.2676 -0.2676 -0.2763 0.0669 0.0669 0.0451 -0.0993 
fb3 = -0.2227 -0.2469 -0.2469 -0.2469 -0.2469 -0.2469 -0.2469 -0.2469 -0.2574 -0.2574 -0.2574 -0.2574 -0.2574 -0.2574 -0.2574 -0.2676 -0.2676 -0.2676 -0.2676 -0.2676 -0.2676 -0.2676 -0.2763 0.0670 0.0670 0.0452 -0.0993 
fb4 = -0.2227 -0.2469 -0.2469 -0.2469 -0.2469 -0.2469 -0.2469 -0.2469 -0.2573 -0.2573 -0.2573 -0.2573 -0.2573 -0.2573 -0.2573 -0.2675 -0.2675 -0.2675 -0.2675 -0.2675 -0.2675 -0.2675 -0.2762 0.0681 0.0681 0.0459 -0.0993 
I = 14.9000 9.4000 9.4000 9.4000 9.4000 9.4000 9.4000 9.4000 6.0000 6.0000 6.0000 6.0000 6.0000 6.0000 6.0000 2.0000 2.0000 2.0000 2.0000 2.0000 2.0000 2.0000 -2.0000 25.2124 25.2124 10.0000 -1.3038 
S1 = 0.0000 0.0000 0.0000 0.0000 0.0000 0.0000 0.0000 0.0000 0.0000 0.0000 0.0000 0.0000 0.0000 0.0000 0.0000 0.0000 0.0000 0.0000 0.0000 0.0000 0.0000 0.0000 0.0000 0.0000 0.0000 0.0000 0.0000 
S2 = 0.0000 0.0000 0.0000 0.0000 0.0000 0.0000 0.0000 0.0000 0.0000 0.0000 0.0000 0.0000 0.0000 0.0000 0.0000 0.0000 0.0000 0.0000 0.0000 0.0000 0.0000 0.0000 0.0000 1.2124 1.2124 0.0000 9.6962 
u = 8.7832 8.7071 8.7071 8.7071 8.7071 8.7071 8.7071 8.7071 8.6690 8.6690 8.6690 8.6690 8.6690 8.6690 8.6690 8.6292 8.6292 8.6292 8.6292 8.6292 8.6292 8.6292 8.5934 10.4521 10.4521 11.1206 9.4427 
v = 32.1603 25.3485 25.3485 25.3485 25.3485 25.3485 25.3485 25.3485 22.3585 22.3585 22.3585 22.3585 22.3585 22.3585 22.3585 19.4169 19.4169 19.4169 19.4169 19.4169 19.4169 19.4169 16.8734 69.2888 69.2888 67.0769 22.3949 
