ExternalI = 5.5000 0.0000 0.0000 0.0000 0.0000 0.0000 0.0000 0.0000 4.0000 4.0000 4.0000 4.0000 4.0000 4.0000 4.0000 0.0000 0.0000 0.0000 0.0000 0.0000 0.0000 0.0000 0.0000 8.0000 8.0000 0.0000 0.0000 
before u = 8.7832 8.7071 8.7071 8.7071 8.7071 8.7071 8.7071 8.7071 8.6690 8.6690 8.6690 8.6690 8.6690 8.6690 8.6690 8.6292 8.6292 8.6292 8.6292 8.6292 8.6292 8.6292 8.5934 10.4521 10.4521 11.1206 9.4427 
before v = 32.1603 25.3485 25.3485 25.3485 25.3485 25.3485 25.3485 25.3485 22.3585 22.3585 22.3585 22.3585 22.3585 22.3585 22.3585 19.4169 19.4169 19.4169 19.4169 19.4169 19.4169 19.4169 16.8734 69.2888 69.2888 67.0769 22.3949 
Ibias = 9.4000 9.4000 9.4000 9.4000 9.4000 9.4000 9.4000 9.4000 2.0000 2.0000 2.0000 2.0000 2.0000 2.0000 2.0000 2.0000 2.0000 2.0000 2.0000 2.0000 2.0000 2.0000 -2.0000 16.0000 16.0000 10.0000 -11.0000 
fa1 = 1.0073 0.3492 0.3492 0.3492 0.3492 0.3492 0.3492 0.3492 0.2516 0.2516 0.2516 0.2516 0.2516 0.2516 0.2516 0.2007 0.2007 0.2007 0.2007 0.2007 0.2007 0.2007 0.1750 58.9289 58.9289 37.6212 2.1107 
fa2 = 1.0063 0.3488 0.3488 0.3488 0.3488 0.3488 0.3488 0.3488 0.2514 0.2514 0.2514 0.2514 0.2514 0.2514 0.2514 0.2006 0.2006 0.2006 0.2006 0.2006 0.2006 0.2006 0.1749 59.6813 59.6813 38.0675 2.0984 
fa3 = 1.0063 0.3488 0.3488 0.3488 0.3488 0.3488 0.3488 0.3488 0.2514 0.2514 0.2514 0.2514 0.2514 0.2514 0.2514 0.2006 0.2006 0.2006 0.2006 0.2006 0.2006 0.2006 0.1749 59.6910 59.6910 38.0728 2.0985 
fa4 = 1.0053 0.3483 0.3483 0.3483 0.3483 0.3483 0.3483 0.3483 0.2511 0.2511 0.2511 0.2511 0.2511 0.2511 0.2511 0.2005 0.2005 0.2005 0.2005 0.2005 0.2005 0.2005 0.1748 60.4604 60.4604 38.5274 2.0863 
fb1 = -0.2227 -0.2469 -0.2469 -0.2469 -0.2469 -0.2469 -0.2469 -0.2469 -0.2573 -0.2573 -0.2573 -0.2573 -0.2573 -0.2573 -0.2573 -0.2675 -0.2675 -0.2675 -0.2675 -0.2675 -0.2675 -0.2675 -0.2762 0.0681 0.0681 0.0459 -0.0993 
fb2 = -0.2226 -0.2468 -0.2468 -0.2468 -0.2468 -0.2468 -0.2468 -0.2468 -0.2573 -0.2573 -0.2573 -0.2573 -0.2573 -0.2573 -0.2573 -0.2674 -0.2674 -0.2674 -0.2674 -0.2674 -0.2674 -0.2674 -0.2762 0.0693 0.0693 0.0466 -0.0992 
fb3 = -0.2226 -0.2468 -0.2468 -0.2468 -0.2468 -0.2468 -0.2468 -0.2468 -0.2573 -0.2573 -0.2573 -0.2573 -0.2573 -0.2573 -0.2573 -0.2674 -0.2674 -0.2674 -0.2674 -0.2674 -0.2674 -0.2674 -0.2762 0.0693 0.0693 0.0467 -0.0992 
fb4 = -0.2226 -0.2468 -0.2468 -0.2468 -0.2468 -0.2468 -0.2468 -0.2468 -0.2572 -0.2572 -0.2572 -0.2572 -0.2572 -0.2572 -0.2572 -0.2674 -0.2674 -0.2674 -0.2674 -0.2674 -0.2674 -0.2674 -0.2761 0.0705 0.0705 0.0474 -0.0992 
I = 14.9000 9.4000 9.4000 9.4000 9.4000 9.4000 9.4000 9.4000 6.0000 6.0000 6.0000 6.0000 6.0000 6.0000 6.0000 2.0000 2.0000 2.0000 2.0000 2.0000 2.0000 2.0000 -2.0000 25.2100 25.2100 10.0000 -1.3232 
S1 = 0.0000 0.0000 0.0000 0.0000 0.0000 0.0000 0.0000 0.0000 0.0000 0.0000 0.0000 0.0000 0.0000 0.0000 0.0000 0.0000 0.0000 0.0000 0.0000 0.0000 0.0000 0.0000 0.0000 0.0000 0.0000 0.0000 0.0000 
S2 = 0.0000 0.0000 0.0000 0.0000 0.0000 0.0000 0.0000 0.0000 0.0000 0.0000 0.0000 0.0000 0.0000 0.0000 0.0000 0.0000 0.0000 0.0000 0.0000 0.0000 0.0000 0.0000 0.0000 1.2100 1.2100 0.0000 9.6768 
u = 8.7809 8.7047 8.7047 8.7047 8.7047 8.7047 8.7047 8.7047 8.6664 8.6664 8.6664 8.6664 8.6664 8.6664 8.6664 8.6265 8.6265 8.6265 8.6265 8.6265 8.6265 8.6265 8.5906 10.4528 10.4528 11.1211 9.4417 
v = 32.1704 25.3520 25.3520 25.3520 25.3520 25.3520 25.3520 25.3520 22.3610 22.3610 22.3610 22.3610 22.3610 22.3610 22.3610 19.4189 19.4189 19.4189 19.4189 19.4189 19.4189 19.4189 16.8751 69.8857 69.8857 67.4577 22.4159 
