ExternalI = 5.5000 0.0000 0.0000 0.0000 0.0000 0.0000 0.0000 0.0000 4.0000 4.0000 4.0000 4.0000 4.0000 4.0000 4.0000 0.0000 0.0000 0.0000 0.0000 0.0000 0.0000 0.0000 0.0000 8.0000 8.0000 0.0000 0.0000 
before u = 8.7809 8.7047 8.7047 8.7047 8.7047 8.7047 8.7047 8.7047 8.6664 8.6664 8.6664 8.6664 8.6664 8.6664 8.6664 8.6265 8.6265 8.6265 8.6265 8.6265 8.6265 8.6265 8.5906 10.4528 10.4528 11.1211 9.4417 
before v = 32.1704 25.3520 25.3520 25.3520 25.3520 25.3520 25.3520 25.3520 22.3610 22.3610 22.3610 22.3610 22.3610 22.3610 22.3610 19.4189 19.4189 19.4189 19.4189 19.4189 19.4189 19.4189 16.8751 69.8857 69.8857 67.4577 22.4159 
Ibias = 9.4000 9.4000 9.4000 9.4000 9.4000 9.4000 9.4000 9.4000 2.0000 2.0000 2.0000 2.0000 2.0000 2.0000 2.0000 2.0000 2.0000 2.0000 2.0000 2.0000 2.0000 2.0000 -2.0000 16.0000 16.0000 10.0000 -11.0000 
fa1 = 1.0053 0.3483 0.3483 0.3483 0.3483 0.3483 0.3483 0.3483 0.2511 0.2511 0.2511 0.2511 0.2511 0.2511 0.2511 0.2005 0.2005 0.2005 0.2005 0.2005 0.2005 0.2005 0.1748 60.4580 60.4580 38.5274 2.0670 
fa2 = 1.0042 0.3479 0.3479 0.3479 0.3479 0.3479 0.3479 0.3479 0.2509 0.2509 0.2509 0.2509 0.2509 0.2509 0.2509 0.2004 0.2004 0.2004 0.2004 0.2004 0.2004 0.2004 0.1748 61.2445 61.2445 38.9903 2.0550 
fa3 = 1.0042 0.3479 0.3479 0.3479 0.3479 0.3479 0.3479 0.3479 0.2509 0.2509 0.2509 0.2509 0.2509 0.2509 0.2509 0.2004 0.2004 0.2004 0.2004 0.2004 0.2004 0.2004 0.1748 61.2547 61.2547 38.9959 2.0551 
fa4 = 1.0032 0.3474 0.3474 0.3474 0.3474 0.3474 0.3474 0.3474 0.2507 0.2507 0.2507 0.2507 0.2507 0.2507 0.2507 0.2003 0.2003 0.2003 0.2003 0.2003 0.2003 0.2003 0.1747 62.0593 62.0593 39.4675 2.0432 
fb1 = -0.2226 -0.2468 -0.2468 -0.2468 -0.2468 -0.2468 -0.2468 -0.2468 -0.2572 -0.2572 -0.2572 -0.2572 -0.2572 -0.2572 -0.2572 -0.2674 -0.2674 -0.2674 -0.2674 -0.2674 -0.2674 -0.2674 -0.2761 0.0705 0.0705 0.0474 -0.0992 
fb2 = -0.2225 -0.2467 -0.2467 -0.2467 -0.2467 -0.2467 -0.2467 -0.2467 -0.2572 -0.2572 -0.2572 -0.2572 -0.2572 -0.2572 -0.2572 -0.2673 -0.2673 -0.2673 -0.2673 -0.2673 -0.2673 -0.2673 -0.2761 0.0717 0.0717 0.0482 -0.0991 
fb3 = -0.2225 -0.2467 -0.2467 -0.2467 -0.2467 -0.2467 -0.2467 -0.2467 -0.2572 -0.2572 -0.2572 -0.2572 -0.2572 -0.2572 -0.2572 -0.2673 -0.2673 -0.2673 -0.2673 -0.2673 -0.2673 -0.2673 -0.2761 0.0717 0.0717 0.0482 -0.0991 
fb4 = -0.2224 -0.2467 -0.2467 -0.2467 -0.2467 -0.2467 -0.2467 -0.2467 -0.2571 -0.2571 -0.2571 -0.2571 -0.2571 -0.2571 -0.2571 -0.2673 -0.2673 -0.2673 -0.2673 -0.2673 -0.2673 -0.2673 -0.2760 0.0729 0.0729 0.0490 -0.0991 
I = 14.9000 9.4000 9.4000 9.4000 9.4000 9.4000 9.4000 9.4000 6.0000 6.0000 6.0000 6.0000 6.0000 6.0000 6.0000 2.0000 2.0000 2.0000 2.0000 2.0000 2.0000 2.0000 -2.0000 25.2075 25.2075 10.0000 -1.3426 
S1 = 0.0000 0.0000 0.0000 0.0000 0.0000 0.0000 0.0000 0.0000 0.0000 0.0000 0.0000 0.0000 0.0000 0.0000 0.0000 0.0000 0.0000 0.0000 0.0000 0.0000 0.0000 0.0000 0.0000 0.0000 0.0000 0.0000 0.0000 
S2 = 0.0000 0.0000 0.0000 0.0000 0.0000 0.0000 0.0000 0.0000 0.0000 0.0000 0.0000 0.0000 0.0000 0.0000 0.0000 0.0000 0.0000 0.0000 0.0000 0.0000 0.0000 0.0000 0.0000 1.2075 1.2075 0.0000 9.6574 
u = 8.7787 8.7022 8.7022 8.7022 8.7022 8.7022 8.7022 8.7022 8.6638 8.6638 8.6638 8.6638 8.6638 8.6638 8.6638 8.6238 8.6238 8.6238 8.6238 8.6238 8.6238 8.6238 8.5878 10.4535 10.4535 11.1216 9.4407 
v = 32.1804 25.3554 25.3554 25.3554 25.3554 25.3554 25.3554 25.3554 22.3636 22.3636 22.3636 22.3636 22.3636 22.3636 22.3636 19.4209 19.4209 19.4209 19.4209 19.4209 19.4209 19.4209 16.8769 70.4982 70.4982 67.8476 22.4364 
