ExternalI = 5.5000 0.0000 0.0000 0.0000 0.0000 0.0000 0.0000 0.0000 4.0000 4.0000 4.0000 4.0000 4.0000 4.0000 4.0000 0.0000 0.0000 0.0000 0.0000 0.0000 0.0000 0.0000 0.0000 8.0000 8.0000 0.0000 0.0000 
before u = 9.8483 9.8466 9.8466 9.8466 9.8466 9.8466 9.8466 9.8466 9.8455 9.8455 9.8455 9.8455 9.8455 9.8455 9.8455 9.8443 9.8443 9.8443 9.8443 9.8443 9.8443 9.8443 9.8431 9.9433 9.9433 10.0682 9.9322 
before v = 18.7055 16.9851 16.9851 16.9851 16.9851 16.9851 16.9851 16.9851 15.9386 15.9386 15.9386 15.9386 15.9386 15.9386 15.9386 14.7233 14.7233 14.7233 14.7233 14.7233 14.7233 14.7233 13.5249 24.9429 24.9429 121.1026 13.8077 
Ibias = 9.4000 9.4000 9.4000 9.4000 9.4000 9.4000 9.4000 9.4000 2.0000 2.0000 2.0000 2.0000 2.0000 2.0000 2.0000 2.0000 2.0000 2.0000 2.0000 2.0000 2.0000 2.0000 -2.0000 16.0000 16.0000 10.0000 -11.0000 
fa1 = 12.9311 10.1378 10.1378 10.1378 10.1378 10.1378 10.1378 10.1378 8.5003 8.5003 8.5003 8.5003 8.5003 8.5003 8.5003 6.6568 6.6568 6.6568 6.6568 6.6568 6.6568 6.6568 4.8991 24.1139 24.1139 283.2579 5.2708 
fa2 = 12.8357 10.0564 10.0564 10.0564 10.0564 10.0564 10.0564 10.0564 8.4287 8.4287 8.4287 8.4287 8.4287 8.4287 8.4287 6.5979 6.5979 6.5979 6.5979 6.5979 6.5979 6.5979 4.8538 23.9939 23.9939 292.8091 5.2216 
fa3 = 12.8364 10.0570 10.0570 10.0570 10.0570 10.0570 10.0570 10.0570 8.4294 8.4294 8.4294 8.4294 8.4294 8.4294 8.4294 6.5984 6.5984 6.5984 6.5984 6.5984 6.5984 6.5984 4.8543 23.9945 23.9945 293.1340 5.2221 
fa4 = 12.7420 9.9764 9.9764 9.9764 9.9764 9.9764 9.9764 9.9764 8.3585 8.3585 8.3585 8.3585 8.3585 8.3585 8.3585 6.5401 6.5401 6.5401 6.5401 6.5401 6.5401 6.5401 4.8095 23.8762 23.8762 303.2041 5.1734 
fb1 = -0.3191 -0.3259 -0.3259 -0.3259 -0.3259 -0.3259 -0.3259 -0.3259 -0.3301 -0.3301 -0.3301 -0.3301 -0.3301 -0.3301 -0.3301 -0.3349 -0.3349 -0.3349 -0.3349 -0.3349 -0.3349 -0.3349 -0.3396 -0.0991 -0.0991 0.2830 -0.1434 
fb2 = -0.3188 -0.3257 -0.3257 -0.3257 -0.3257 -0.3257 -0.3257 -0.3257 -0.3298 -0.3298 -0.3298 -0.3298 -0.3298 -0.3298 -0.3298 -0.3347 -0.3347 -0.3347 -0.3347 -0.3347 -0.3347 -0.3347 -0.3395 -0.0986 -0.0986 0.2887 -0.1433 
fb3 = -0.3188 -0.3257 -0.3257 -0.3257 -0.3257 -0.3257 -0.3257 -0.3257 -0.3298 -0.3298 -0.3298 -0.3298 -0.3298 -0.3298 -0.3298 -0.3347 -0.3347 -0.3347 -0.3347 -0.3347 -0.3347 -0.3347 -0.3395 -0.0986 -0.0986 0.2889 -0.1433 
fb4 = -0.3185 -0.3254 -0.3254 -0.3254 -0.3254 -0.3254 -0.3254 -0.3254 -0.3296 -0.3296 -0.3296 -0.3296 -0.3296 -0.3296 -0.3296 -0.3345 -0.3345 -0.3345 -0.3345 -0.3345 -0.3345 -0.3345 -0.3393 -0.0981 -0.0981 0.2947 -0.1432 
I = 14.9000 9.4000 9.4000 9.4000 9.4000 9.4000 9.4000 9.4000 6.0000 6.0000 6.0000 6.0000 6.0000 6.0000 6.0000 2.0000 2.0000 2.0000 2.0000 2.0000 2.0000 2.0000 -2.0000 24.0000 24.0000 10.0000 -11.0000 
S1 = 0.0000 0.0000 0.0000 0.0000 0.0000 0.0000 0.0000 0.0000 0.0000 0.0000 0.0000 0.0000 0.0000 0.0000 0.0000 0.0000 0.0000 0.0000 0.0000 0.0000 0.0000 0.0000 0.0000 0.0000 0.0000 0.0000 0.0000 
S2 = 0.0000 0.0000 0.0000 0.0000 0.0000 0.0000 0.0000 0.0000 0.0000 0.0000 0.0000 0.0000 0.0000 0.0000 0.0000 0.0000 0.0000 0.0000 0.0000 0.0000 0.0000 0.0000 0.0000 0.0000 0.0000 0.0000 0.0000 
u = 9.8451 9.8433 9.8433 9.8433 9.8433 9.8433 9.8433 9.8433 9.8422 9.8422 9.8422 9.8422 9.8422 9.8422 9.8422 9.8409 9.8409 9.8409 9.8409 9.8409 9.8409 9.8409 9.8397 9.9423 9.9423 10.0711 9.9308 
v = 18.8338 17.0857 17.0857 17.0857 17.0857 17.0857 17.0857 17.0857 16.0228 16.0228 16.0228 16.0228 16.0228 16.0228 16.0228 14.7893 14.7893 14.7893 14.7893 14.7893 14.7893 14.7893 13.5735 25.1829 25.1829 124.0332 13.8599 
