ExternalI = 5.5000 0.0000 0.0000 0.0000 0.0000 0.0000 0.0000 0.0000 4.0000 4.0000 4.0000 4.0000 4.0000 4.0000 4.0000 0.0000 0.0000 0.0000 0.0000 0.0000 0.0000 0.0000 0.0000 8.0000 8.0000 0.0000 0.0000 
before u = 8.7787 8.7022 8.7022 8.7022 8.7022 8.7022 8.7022 8.7022 8.6638 8.6638 8.6638 8.6638 8.6638 8.6638 8.6638 8.6238 8.6238 8.6238 8.6238 8.6238 8.6238 8.6238 8.5878 10.4535 10.4535 11.1216 9.4407 
before v = 32.1804 25.3554 25.3554 25.3554 25.3554 25.3554 25.3554 25.3554 22.3636 22.3636 22.3636 22.3636 22.3636 22.3636 22.3636 19.4209 19.4209 19.4209 19.4209 19.4209 19.4209 19.4209 16.8769 70.4982 70.4982 67.8476 22.4364 
Ibias = 9.4000 9.4000 9.4000 9.4000 9.4000 9.4000 9.4000 9.4000 2.0000 2.0000 2.0000 2.0000 2.0000 2.0000 2.0000 2.0000 2.0000 2.0000 2.0000 2.0000 2.0000 2.0000 -2.0000 16.0000 16.0000 10.0000 -11.0000 
fa1 = 1.0032 0.3474 0.3474 0.3474 0.3474 0.3474 0.3474 0.3474 0.2507 0.2507 0.2507 0.2507 0.2507 0.2507 0.2507 0.2003 0.2003 0.2003 0.2003 0.2003 0.2003 0.2003 0.1747 62.0568 62.0568 39.4675 2.0239 
fa2 = 1.0022 0.3469 0.3469 0.3469 0.3469 0.3469 0.3469 0.3469 0.2504 0.2504 0.2504 0.2504 0.2504 0.2504 0.2504 0.2002 0.2002 0.2002 0.2002 0.2002 0.2002 0.2002 0.1746 62.8794 62.8794 39.9479 2.0122 
fa3 = 1.0022 0.3469 0.3469 0.3469 0.3469 0.3469 0.3469 0.3469 0.2504 0.2504 0.2504 0.2504 0.2504 0.2504 0.2504 0.2002 0.2002 0.2002 0.2002 0.2002 0.2002 0.2002 0.1746 62.8904 62.8904 39.9538 2.0122 
fa4 = 1.0012 0.3465 0.3465 0.3465 0.3465 0.3465 0.3465 0.3465 0.2502 0.2502 0.2502 0.2502 0.2502 0.2502 0.2502 0.2001 0.2001 0.2001 0.2001 0.2001 0.2001 0.2001 0.1746 63.7321 63.7321 40.4434 2.0006 
fb1 = -0.2224 -0.2467 -0.2467 -0.2467 -0.2467 -0.2467 -0.2467 -0.2467 -0.2571 -0.2571 -0.2571 -0.2571 -0.2571 -0.2571 -0.2571 -0.2673 -0.2673 -0.2673 -0.2673 -0.2673 -0.2673 -0.2673 -0.2760 0.0729 0.0729 0.0490 -0.0991 
fb2 = -0.2224 -0.2466 -0.2466 -0.2466 -0.2466 -0.2466 -0.2466 -0.2466 -0.2570 -0.2570 -0.2570 -0.2570 -0.2570 -0.2570 -0.2570 -0.2672 -0.2672 -0.2672 -0.2672 -0.2672 -0.2672 -0.2672 -0.2759 0.0742 0.0742 0.0497 -0.0990 
fb3 = -0.2224 -0.2466 -0.2466 -0.2466 -0.2466 -0.2466 -0.2466 -0.2466 -0.2570 -0.2570 -0.2570 -0.2570 -0.2570 -0.2570 -0.2570 -0.2672 -0.2672 -0.2672 -0.2672 -0.2672 -0.2672 -0.2672 -0.2759 0.0742 0.0742 0.0498 -0.0990 
fb4 = -0.2223 -0.2466 -0.2466 -0.2466 -0.2466 -0.2466 -0.2466 -0.2466 -0.2570 -0.2570 -0.2570 -0.2570 -0.2570 -0.2570 -0.2570 -0.2672 -0.2672 -0.2672 -0.2672 -0.2672 -0.2672 -0.2672 -0.2759 0.0754 0.0754 0.0505 -0.0990 
I = 14.9000 9.4000 9.4000 9.4000 9.4000 9.4000 9.4000 9.4000 6.0000 6.0000 6.0000 6.0000 6.0000 6.0000 6.0000 2.0000 2.0000 2.0000 2.0000 2.0000 2.0000 2.0000 -2.0000 25.2051 25.2051 10.0000 -1.3619 
S1 = 0.0000 0.0000 0.0000 0.0000 0.0000 0.0000 0.0000 0.0000 0.0000 0.0000 0.0000 0.0000 0.0000 0.0000 0.0000 0.0000 0.0000 0.0000 0.0000 0.0000 0.0000 0.0000 0.0000 0.0000 0.0000 0.0000 0.0000 
S2 = 0.0000 0.0000 0.0000 0.0000 0.0000 0.0000 0.0000 0.0000 0.0000 0.0000 0.0000 0.0000 0.0000 0.0000 0.0000 0.0000 0.0000 0.0000 0.0000 0.0000 0.0000 0.0000 0.0000 1.2051 1.2051 0.0000 9.6381 
u = 8.7765 8.6997 8.6997 8.6997 8.6997 8.6997 8.6997 8.6997 8.6612 8.6612 8.6612 8.6612 8.6612 8.6612 8.6612 8.6211 8.6211 8.6211 8.6211 8.6211 8.6211 8.6211 8.5851 10.4542 10.4542 11.1221 9.4397 
v = 32.1904 25.3589 25.3589 25.3589 25.3589 25.3589 25.3589 25.3589 22.3661 22.3661 22.3661 22.3661 22.3661 22.3661 22.3661 19.4229 19.4229 19.4229 19.4229 19.4229 19.4229 19.4229 16.8786 71.1271 71.1271 68.2471 22.4565 
