ExternalI = 5.5000 0.0000 0.0000 0.0000 0.0000 0.0000 0.0000 0.0000 4.0000 4.0000 4.0000 4.0000 4.0000 4.0000 4.0000 0.0000 0.0000 0.0000 0.0000 0.0000 0.0000 0.0000 0.0000 8.0000 8.0000 0.0000 0.0000 
before u = 8.7765 8.6997 8.6997 8.6997 8.6997 8.6997 8.6997 8.6997 8.6612 8.6612 8.6612 8.6612 8.6612 8.6612 8.6612 8.6211 8.6211 8.6211 8.6211 8.6211 8.6211 8.6211 8.5851 10.4542 10.4542 11.1221 9.4397 
before v = 32.1904 25.3589 25.3589 25.3589 25.3589 25.3589 25.3589 25.3589 22.3661 22.3661 22.3661 22.3661 22.3661 22.3661 22.3661 19.4229 19.4229 19.4229 19.4229 19.4229 19.4229 19.4229 16.8786 71.1271 71.1271 68.2471 22.4565 
Ibias = 9.4000 9.4000 9.4000 9.4000 9.4000 9.4000 9.4000 9.4000 2.0000 2.0000 2.0000 2.0000 2.0000 2.0000 2.0000 2.0000 2.0000 2.0000 2.0000 2.0000 2.0000 2.0000 -2.0000 16.0000 16.0000 10.0000 -11.0000 
fa1 = 1.0012 0.3465 0.3465 0.3465 0.3465 0.3465 0.3465 0.3465 0.2502 0.2502 0.2502 0.2502 0.2502 0.2502 0.2502 0.2001 0.2001 0.2001 0.2001 0.2001 0.2001 0.2001 0.1746 63.7296 63.7296 40.4434 1.9813 
fa2 = 1.0002 0.3460 0.3460 0.3460 0.3460 0.3460 0.3460 0.3460 0.2500 0.2500 0.2500 0.2500 0.2500 0.2500 0.2500 0.1999 0.1999 0.1999 0.1999 0.1999 0.1999 0.1999 0.1745 64.5905 64.5905 40.9422 1.9699 
fa3 = 1.0002 0.3460 0.3460 0.3460 0.3460 0.3460 0.3460 0.3460 0.2500 0.2500 0.2500 0.2500 0.2500 0.2500 0.2500 0.1999 0.1999 0.1999 0.1999 0.1999 0.1999 0.1999 0.1745 64.6022 64.6022 40.9483 1.9700 
fa4 = 0.9991 0.3456 0.3456 0.3456 0.3456 0.3456 0.3456 0.3456 0.2497 0.2497 0.2497 0.2497 0.2497 0.2497 0.2497 0.1998 0.1998 0.1998 0.1998 0.1998 0.1998 0.1998 0.1745 65.4835 65.4835 41.4568 1.9586 
fb1 = -0.2223 -0.2466 -0.2466 -0.2466 -0.2466 -0.2466 -0.2466 -0.2466 -0.2570 -0.2570 -0.2570 -0.2570 -0.2570 -0.2570 -0.2570 -0.2672 -0.2672 -0.2672 -0.2672 -0.2672 -0.2672 -0.2672 -0.2759 0.0754 0.0754 0.0505 -0.0990 
fb2 = -0.2222 -0.2465 -0.2465 -0.2465 -0.2465 -0.2465 -0.2465 -0.2465 -0.2569 -0.2569 -0.2569 -0.2569 -0.2569 -0.2569 -0.2569 -0.2671 -0.2671 -0.2671 -0.2671 -0.2671 -0.2671 -0.2671 -0.2758 0.0767 0.0767 0.0514 -0.0989 
fb3 = -0.2222 -0.2465 -0.2465 -0.2465 -0.2465 -0.2465 -0.2465 -0.2465 -0.2569 -0.2569 -0.2569 -0.2569 -0.2569 -0.2569 -0.2569 -0.2671 -0.2671 -0.2671 -0.2671 -0.2671 -0.2671 -0.2671 -0.2758 0.0767 0.0767 0.0514 -0.0989 
fb4 = -0.2222 -0.2464 -0.2464 -0.2464 -0.2464 -0.2464 -0.2464 -0.2464 -0.2569 -0.2569 -0.2569 -0.2569 -0.2569 -0.2569 -0.2569 -0.2670 -0.2670 -0.2670 -0.2670 -0.2670 -0.2670 -0.2670 -0.2758 0.0780 0.0780 0.0522 -0.0989 
I = 14.9000 9.4000 9.4000 9.4000 9.4000 9.4000 9.4000 9.4000 6.0000 6.0000 6.0000 6.0000 6.0000 6.0000 6.0000 2.0000 2.0000 2.0000 2.0000 2.0000 2.0000 2.0000 -2.0000 25.2027 25.2027 10.0000 -1.3812 
S1 = 0.0000 0.0000 0.0000 0.0000 0.0000 0.0000 0.0000 0.0000 0.0000 0.0000 0.0000 0.0000 0.0000 0.0000 0.0000 0.0000 0.0000 0.0000 0.0000 0.0000 0.0000 0.0000 0.0000 0.0000 0.0000 0.0000 0.0000 
S2 = 0.0000 0.0000 0.0000 0.0000 0.0000 0.0000 0.0000 0.0000 0.0000 0.0000 0.0000 0.0000 0.0000 0.0000 0.0000 0.0000 0.0000 0.0000 0.0000 0.0000 0.0000 0.0000 0.0000 1.2027 1.2027 0.0000 9.6188 
u = 8.7743 8.6973 8.6973 8.6973 8.6973 8.6973 8.6973 8.6973 8.6587 8.6587 8.6587 8.6587 8.6587 8.6587 8.6587 8.6185 8.6185 8.6185 8.6185 8.6185 8.6185 8.6185 8.5823 10.4550 10.4550 11.1226 9.4388 
v = 32.2004 25.3624 25.3624 25.3624 25.3624 25.3624 25.3624 25.3624 22.3686 22.3686 22.3686 22.3686 22.3686 22.3686 22.3686 19.4249 19.4249 19.4249 19.4249 19.4249 19.4249 19.4249 16.8804 71.7731 71.7731 68.6566 22.4762 
