ExternalI = 5.5000 0.0000 0.0000 0.0000 0.0000 0.0000 0.0000 0.0000 4.0000 4.0000 4.0000 4.0000 4.0000 4.0000 4.0000 0.0000 0.0000 0.0000 0.0000 0.0000 0.0000 0.0000 0.0000 8.0000 8.0000 0.0000 0.0000 
before u = 8.7743 8.6973 8.6973 8.6973 8.6973 8.6973 8.6973 8.6973 8.6587 8.6587 8.6587 8.6587 8.6587 8.6587 8.6587 8.6185 8.6185 8.6185 8.6185 8.6185 8.6185 8.6185 8.5823 10.4550 10.4550 11.1226 9.4388 
before v = 32.2004 25.3624 25.3624 25.3624 25.3624 25.3624 25.3624 25.3624 22.3686 22.3686 22.3686 22.3686 22.3686 22.3686 22.3686 19.4249 19.4249 19.4249 19.4249 19.4249 19.4249 19.4249 16.8804 71.7731 71.7731 68.6566 22.4762 
Ibias = 9.4000 9.4000 9.4000 9.4000 9.4000 9.4000 9.4000 9.4000 2.0000 2.0000 2.0000 2.0000 2.0000 2.0000 2.0000 2.0000 2.0000 2.0000 2.0000 2.0000 2.0000 2.0000 -2.0000 16.0000 16.0000 10.0000 -11.0000 
fa1 = 0.9991 0.3456 0.3456 0.3456 0.3456 0.3456 0.3456 0.3456 0.2497 0.2497 0.2497 0.2497 0.2497 0.2497 0.2497 0.1998 0.1998 0.1998 0.1998 0.1998 0.1998 0.1998 0.1745 65.4810 65.4810 41.4568 1.9394 
fa2 = 0.9981 0.3452 0.3452 0.3452 0.3452 0.3452 0.3452 0.3452 0.2495 0.2495 0.2495 0.2495 0.2495 0.2495 0.2495 0.1997 0.1997 0.1997 0.1997 0.1997 0.1997 0.1997 0.1744 66.3826 66.3826 41.9749 1.9282 
fa3 = 0.9981 0.3452 0.3452 0.3452 0.3452 0.3452 0.3452 0.3452 0.2495 0.2495 0.2495 0.2495 0.2495 0.2495 0.2495 0.1997 0.1997 0.1997 0.1997 0.1997 0.1997 0.1997 0.1744 66.3951 66.3951 41.9814 1.9283 
fa4 = 0.9971 0.3447 0.3447 0.3447 0.3447 0.3447 0.3447 0.3447 0.2493 0.2493 0.2493 0.2493 0.2493 0.2493 0.2493 0.1996 0.1996 0.1996 0.1996 0.1996 0.1996 0.1996 0.1743 67.3183 67.3183 42.5097 1.9172 
fb1 = -0.2222 -0.2464 -0.2464 -0.2464 -0.2464 -0.2464 -0.2464 -0.2464 -0.2569 -0.2569 -0.2569 -0.2569 -0.2569 -0.2569 -0.2569 -0.2670 -0.2670 -0.2670 -0.2670 -0.2670 -0.2670 -0.2670 -0.2758 0.0780 0.0780 0.0522 -0.0989 
fb2 = -0.2221 -0.2464 -0.2464 -0.2464 -0.2464 -0.2464 -0.2464 -0.2464 -0.2568 -0.2568 -0.2568 -0.2568 -0.2568 -0.2568 -0.2568 -0.2670 -0.2670 -0.2670 -0.2670 -0.2670 -0.2670 -0.2670 -0.2757 0.0793 0.0793 0.0530 -0.0988 
fb3 = -0.2221 -0.2464 -0.2464 -0.2464 -0.2464 -0.2464 -0.2464 -0.2464 -0.2568 -0.2568 -0.2568 -0.2568 -0.2568 -0.2568 -0.2568 -0.2670 -0.2670 -0.2670 -0.2670 -0.2670 -0.2670 -0.2670 -0.2757 0.0793 0.0793 0.0530 -0.0988 
fb4 = -0.2220 -0.2463 -0.2463 -0.2463 -0.2463 -0.2463 -0.2463 -0.2463 -0.2568 -0.2568 -0.2568 -0.2568 -0.2568 -0.2568 -0.2568 -0.2669 -0.2669 -0.2669 -0.2669 -0.2669 -0.2669 -0.2669 -0.2757 0.0806 0.0806 0.0538 -0.0988 
I = 14.9000 9.4000 9.4000 9.4000 9.4000 9.4000 9.4000 9.4000 6.0000 6.0000 6.0000 6.0000 6.0000 6.0000 6.0000 2.0000 2.0000 2.0000 2.0000 2.0000 2.0000 2.0000 -2.0000 25.2003 25.2003 10.0000 -1.4004 
S1 = 0.0000 0.0000 0.0000 0.0000 0.0000 0.0000 0.0000 0.0000 0.0000 0.0000 0.0000 0.0000 0.0000 0.0000 0.0000 0.0000 0.0000 0.0000 0.0000 0.0000 0.0000 0.0000 0.0000 0.0000 0.0000 0.0000 0.0000 
S2 = 0.0000 0.0000 0.0000 0.0000 0.0000 0.0000 0.0000 0.0000 0.0000 0.0000 0.0000 0.0000 0.0000 0.0000 0.0000 0.0000 0.0000 0.0000 0.0000 0.0000 0.0000 0.0000 0.0000 1.2003 1.2003 0.0000 9.5996 
u = 8.7720 8.6948 8.6948 8.6948 8.6948 8.6948 8.6948 8.6948 8.6561 8.6561 8.6561 8.6561 8.6561 8.6561 8.6561 8.6158 8.6158 8.6158 8.6158 8.6158 8.6158 8.6158 8.5796 10.4558 10.4558 11.1231 9.4378 
v = 32.2104 25.3658 25.3658 25.3658 25.3658 25.3658 25.3658 25.3658 22.3711 22.3711 22.3711 22.3711 22.3711 22.3711 22.3711 19.4269 19.4269 19.4269 19.4269 19.4269 19.4269 19.4269 16.8821 72.4370 72.4370 69.0764 22.4955 
