ExternalI = 5.5000 0.0000 0.0000 0.0000 0.0000 0.0000 0.0000 0.0000 4.0000 4.0000 4.0000 4.0000 4.0000 4.0000 4.0000 0.0000 0.0000 0.0000 0.0000 0.0000 0.0000 0.0000 0.0000 8.0000 8.0000 0.0000 0.0000 
before u = 8.7720 8.6948 8.6948 8.6948 8.6948 8.6948 8.6948 8.6948 8.6561 8.6561 8.6561 8.6561 8.6561 8.6561 8.6561 8.6158 8.6158 8.6158 8.6158 8.6158 8.6158 8.6158 8.5796 10.4558 10.4558 11.1231 9.4378 
before v = 32.2104 25.3658 25.3658 25.3658 25.3658 25.3658 25.3658 25.3658 22.3711 22.3711 22.3711 22.3711 22.3711 22.3711 22.3711 19.4269 19.4269 19.4269 19.4269 19.4269 19.4269 19.4269 16.8821 72.4370 72.4370 69.0764 22.4955 
Ibias = 9.4000 9.4000 9.4000 9.4000 9.4000 9.4000 9.4000 9.4000 2.0000 2.0000 2.0000 2.0000 2.0000 2.0000 2.0000 2.0000 2.0000 2.0000 2.0000 2.0000 2.0000 2.0000 -2.0000 16.0000 16.0000 10.0000 -11.0000 
fa1 = 0.9971 0.3447 0.3447 0.3447 0.3447 0.3447 0.3447 0.3447 0.2493 0.2493 0.2493 0.2493 0.2493 0.2493 0.2493 0.1996 0.1996 0.1996 0.1996 0.1996 0.1996 0.1996 0.1743 67.3158 67.3158 42.5096 1.8980 
fa2 = 0.9961 0.3443 0.3443 0.3443 0.3443 0.3443 0.3443 0.3443 0.2491 0.2491 0.2491 0.2491 0.2491 0.2491 0.2491 0.1995 0.1995 0.1995 0.1995 0.1995 0.1995 0.1995 0.1743 68.2607 68.2607 43.0481 1.8871 
fa3 = 0.9961 0.3443 0.3443 0.3443 0.3443 0.3443 0.3443 0.3443 0.2491 0.2491 0.2491 0.2491 0.2491 0.2491 0.2491 0.1995 0.1995 0.1995 0.1995 0.1995 0.1995 0.1995 0.1743 68.2740 68.2740 43.0549 1.8872 
fa4 = 0.9952 0.3438 0.3438 0.3438 0.3438 0.3438 0.3438 0.3438 0.2488 0.2488 0.2488 0.2488 0.2488 0.2488 0.2488 0.1994 0.1994 0.1994 0.1994 0.1994 0.1994 0.1994 0.1742 69.2419 69.2419 43.6041 1.8764 
fb1 = -0.2220 -0.2463 -0.2463 -0.2463 -0.2463 -0.2463 -0.2463 -0.2463 -0.2568 -0.2568 -0.2568 -0.2568 -0.2568 -0.2568 -0.2568 -0.2669 -0.2669 -0.2669 -0.2669 -0.2669 -0.2669 -0.2669 -0.2757 0.0806 0.0806 0.0538 -0.0988 
fb2 = -0.2220 -0.2463 -0.2463 -0.2463 -0.2463 -0.2463 -0.2463 -0.2463 -0.2567 -0.2567 -0.2567 -0.2567 -0.2567 -0.2567 -0.2567 -0.2669 -0.2669 -0.2669 -0.2669 -0.2669 -0.2669 -0.2669 -0.2756 0.0820 0.0820 0.0547 -0.0987 
fb3 = -0.2220 -0.2463 -0.2463 -0.2463 -0.2463 -0.2463 -0.2463 -0.2463 -0.2567 -0.2567 -0.2567 -0.2567 -0.2567 -0.2567 -0.2567 -0.2669 -0.2669 -0.2669 -0.2669 -0.2669 -0.2669 -0.2669 -0.2756 0.0820 0.0820 0.0547 -0.0987 
fb4 = -0.2219 -0.2462 -0.2462 -0.2462 -0.2462 -0.2462 -0.2462 -0.2462 -0.2566 -0.2566 -0.2566 -0.2566 -0.2566 -0.2566 -0.2566 -0.2668 -0.2668 -0.2668 -0.2668 -0.2668 -0.2668 -0.2668 -0.2755 0.0833 0.0833 0.0556 -0.0987 
I = 14.9000 9.4000 9.4000 9.4000 9.4000 9.4000 9.4000 9.4000 6.0000 6.0000 6.0000 6.0000 6.0000 6.0000 6.0000 2.0000 2.0000 2.0000 2.0000 2.0000 2.0000 2.0000 -2.0000 25.1979 25.1979 10.0000 -1.4196 
S1 = 0.0000 0.0000 0.0000 0.0000 0.0000 0.0000 0.0000 0.0000 0.0000 0.0000 0.0000 0.0000 0.0000 0.0000 0.0000 0.0000 0.0000 0.0000 0.0000 0.0000 0.0000 0.0000 0.0000 0.0000 0.0000 0.0000 0.0000 
S2 = 0.0000 0.0000 0.0000 0.0000 0.0000 0.0000 0.0000 0.0000 0.0000 0.0000 0.0000 0.0000 0.0000 0.0000 0.0000 0.0000 0.0000 0.0000 0.0000 0.0000 0.0000 0.0000 0.0000 1.1979 1.1979 0.0000 9.5804 
u = 8.7698 8.6924 8.6924 8.6924 8.6924 8.6924 8.6924 8.6924 8.6535 8.6535 8.6535 8.6535 8.6535 8.6535 8.6535 8.6131 8.6131 8.6131 8.6131 8.6131 8.6131 8.6131 8.5768 10.4566 10.4566 11.1237 9.4368 
v = 32.2204 25.3693 25.3693 25.3693 25.3693 25.3693 25.3693 25.3693 22.3735 22.3735 22.3735 22.3735 22.3735 22.3735 22.3735 19.4289 19.4289 19.4289 19.4289 19.4289 19.4289 19.4289 16.8838 73.1197 73.1197 69.5069 22.5144 
