ExternalI = 5.5000 0.0000 0.0000 0.0000 0.0000 0.0000 0.0000 0.0000 4.0000 4.0000 4.0000 4.0000 4.0000 4.0000 4.0000 0.0000 0.0000 0.0000 0.0000 0.0000 0.0000 0.0000 0.0000 8.0000 8.0000 0.0000 0.0000 
before u = 8.7698 8.6924 8.6924 8.6924 8.6924 8.6924 8.6924 8.6924 8.6535 8.6535 8.6535 8.6535 8.6535 8.6535 8.6535 8.6131 8.6131 8.6131 8.6131 8.6131 8.6131 8.6131 8.5768 10.4566 10.4566 11.1237 9.4368 
before v = 32.2204 25.3693 25.3693 25.3693 25.3693 25.3693 25.3693 25.3693 22.3735 22.3735 22.3735 22.3735 22.3735 22.3735 22.3735 19.4289 19.4289 19.4289 19.4289 19.4289 19.4289 19.4289 16.8838 73.1197 73.1197 69.5069 22.5144 
Ibias = 9.4000 9.4000 9.4000 9.4000 9.4000 9.4000 9.4000 9.4000 2.0000 2.0000 2.0000 2.0000 2.0000 2.0000 2.0000 2.0000 2.0000 2.0000 2.0000 2.0000 2.0000 2.0000 -2.0000 16.0000 16.0000 10.0000 -11.0000 
fa1 = 0.9952 0.3438 0.3438 0.3438 0.3438 0.3438 0.3438 0.3438 0.2488 0.2488 0.2488 0.2488 0.2488 0.2488 0.2488 0.1994 0.1994 0.1994 0.1994 0.1994 0.1994 0.1994 0.1742 69.2394 69.2394 43.6041 1.8572 
fa2 = 0.9942 0.3434 0.3434 0.3434 0.3434 0.3434 0.3434 0.3434 0.2486 0.2486 0.2486 0.2486 0.2486 0.2486 0.2486 0.1993 0.1993 0.1993 0.1993 0.1993 0.1993 0.1993 0.1742 70.2303 70.2303 44.1640 1.8466 
fa3 = 0.9942 0.3434 0.3434 0.3434 0.3434 0.3434 0.3434 0.3434 0.2486 0.2486 0.2486 0.2486 0.2486 0.2486 0.2486 0.1993 0.1993 0.1993 0.1993 0.1993 0.1993 0.1993 0.1742 70.2445 70.2445 44.1712 1.8466 
fa4 = 0.9932 0.3430 0.3430 0.3430 0.3430 0.3430 0.3430 0.3430 0.2484 0.2484 0.2484 0.2484 0.2484 0.2484 0.2484 0.1992 0.1992 0.1992 0.1992 0.1992 0.1992 0.1992 0.1741 71.2600 71.2600 44.7423 1.8361 
fb1 = -0.2219 -0.2462 -0.2462 -0.2462 -0.2462 -0.2462 -0.2462 -0.2462 -0.2566 -0.2566 -0.2566 -0.2566 -0.2566 -0.2566 -0.2566 -0.2668 -0.2668 -0.2668 -0.2668 -0.2668 -0.2668 -0.2668 -0.2755 0.0833 0.0833 0.0556 -0.0987 
fb2 = -0.2218 -0.2462 -0.2462 -0.2462 -0.2462 -0.2462 -0.2462 -0.2462 -0.2566 -0.2566 -0.2566 -0.2566 -0.2566 -0.2566 -0.2566 -0.2668 -0.2668 -0.2668 -0.2668 -0.2668 -0.2668 -0.2668 -0.2755 0.0847 0.0847 0.0564 -0.0986 
fb3 = -0.2218 -0.2462 -0.2462 -0.2462 -0.2462 -0.2462 -0.2462 -0.2462 -0.2566 -0.2566 -0.2566 -0.2566 -0.2566 -0.2566 -0.2566 -0.2668 -0.2668 -0.2668 -0.2668 -0.2668 -0.2668 -0.2668 -0.2755 0.0847 0.0847 0.0564 -0.0986 
fb4 = -0.2218 -0.2461 -0.2461 -0.2461 -0.2461 -0.2461 -0.2461 -0.2461 -0.2565 -0.2565 -0.2565 -0.2565 -0.2565 -0.2565 -0.2565 -0.2667 -0.2667 -0.2667 -0.2667 -0.2667 -0.2667 -0.2667 -0.2754 0.0861 0.0861 0.0573 -0.0986 
I = 14.9000 9.4000 9.4000 9.4000 9.4000 9.4000 9.4000 9.4000 6.0000 6.0000 6.0000 6.0000 6.0000 6.0000 6.0000 2.0000 2.0000 2.0000 2.0000 2.0000 2.0000 2.0000 -2.0000 25.1955 25.1955 10.0000 -1.4388 
S1 = 0.0000 0.0000 0.0000 0.0000 0.0000 0.0000 0.0000 0.0000 0.0000 0.0000 0.0000 0.0000 0.0000 0.0000 0.0000 0.0000 0.0000 0.0000 0.0000 0.0000 0.0000 0.0000 0.0000 0.0000 0.0000 0.0000 0.0000 
S2 = 0.0000 0.0000 0.0000 0.0000 0.0000 0.0000 0.0000 0.0000 0.0000 0.0000 0.0000 0.0000 0.0000 0.0000 0.0000 0.0000 0.0000 0.0000 0.0000 0.0000 0.0000 0.0000 0.0000 1.1955 1.1955 0.0000 9.5612 
u = 8.7676 8.6899 8.6899 8.6899 8.6899 8.6899 8.6899 8.6899 8.6510 8.6510 8.6510 8.6510 8.6510 8.6510 8.6510 8.6105 8.6105 8.6105 8.6105 8.6105 8.6105 8.6105 8.5740 10.4575 10.4575 11.1242 9.4358 
v = 32.2303 25.3727 25.3727 25.3727 25.3727 25.3727 25.3727 25.3727 22.3760 22.3760 22.3760 22.3760 22.3760 22.3760 22.3760 19.4309 19.4309 19.4309 19.4309 19.4309 19.4309 19.4309 16.8856 73.8221 73.8221 69.9486 22.5328 
