ExternalI = 5.5000 0.0000 0.0000 0.0000 0.0000 0.0000 0.0000 0.0000 4.0000 4.0000 4.0000 4.0000 4.0000 4.0000 4.0000 0.0000 0.0000 0.0000 0.0000 0.0000 0.0000 0.0000 0.0000 8.0000 8.0000 0.0000 0.0000 
before u = 8.7676 8.6899 8.6899 8.6899 8.6899 8.6899 8.6899 8.6899 8.6510 8.6510 8.6510 8.6510 8.6510 8.6510 8.6510 8.6105 8.6105 8.6105 8.6105 8.6105 8.6105 8.6105 8.5740 10.4575 10.4575 11.1242 9.4358 
before v = 32.2303 25.3727 25.3727 25.3727 25.3727 25.3727 25.3727 25.3727 22.3760 22.3760 22.3760 22.3760 22.3760 22.3760 22.3760 19.4309 19.4309 19.4309 19.4309 19.4309 19.4309 19.4309 16.8856 73.8221 73.8221 69.9486 22.5328 
Ibias = 9.4000 9.4000 9.4000 9.4000 9.4000 9.4000 9.4000 9.4000 2.0000 2.0000 2.0000 2.0000 2.0000 2.0000 2.0000 2.0000 2.0000 2.0000 2.0000 2.0000 2.0000 2.0000 -2.0000 16.0000 16.0000 10.0000 -11.0000 
fa1 = 0.9932 0.3430 0.3430 0.3430 0.3430 0.3430 0.3430 0.3430 0.2484 0.2484 0.2484 0.2484 0.2484 0.2484 0.2484 0.1992 0.1992 0.1992 0.1992 0.1992 0.1992 0.1992 0.1741 71.2575 71.2575 44.7423 1.8170 
fa2 = 0.9922 0.3425 0.3425 0.3425 0.3425 0.3425 0.3425 0.3425 0.2482 0.2482 0.2482 0.2482 0.2482 0.2482 0.2482 0.1991 0.1991 0.1991 0.1991 0.1991 0.1991 0.1991 0.1740 72.2974 72.2974 45.3247 1.8066 
fa3 = 0.9922 0.3425 0.3425 0.3425 0.3425 0.3425 0.3425 0.3425 0.2482 0.2482 0.2482 0.2482 0.2482 0.2482 0.2482 0.1991 0.1991 0.1991 0.1991 0.1991 0.1991 0.1991 0.1740 72.3127 72.3127 45.3324 1.8066 
fa4 = 0.9912 0.3421 0.3421 0.3421 0.3421 0.3421 0.3421 0.3421 0.2480 0.2480 0.2480 0.2480 0.2480 0.2480 0.2480 0.1990 0.1990 0.1990 0.1990 0.1990 0.1990 0.1990 0.1740 73.3788 73.3788 45.9267 1.7963 
fb1 = -0.2218 -0.2461 -0.2461 -0.2461 -0.2461 -0.2461 -0.2461 -0.2461 -0.2565 -0.2565 -0.2565 -0.2565 -0.2565 -0.2565 -0.2565 -0.2667 -0.2667 -0.2667 -0.2667 -0.2667 -0.2667 -0.2667 -0.2754 0.0861 0.0861 0.0573 -0.0986 
fb2 = -0.2217 -0.2460 -0.2460 -0.2460 -0.2460 -0.2460 -0.2460 -0.2460 -0.2565 -0.2565 -0.2565 -0.2565 -0.2565 -0.2565 -0.2565 -0.2666 -0.2666 -0.2666 -0.2666 -0.2666 -0.2666 -0.2666 -0.2754 0.0876 0.0876 0.0582 -0.0985 
fb3 = -0.2217 -0.2460 -0.2460 -0.2460 -0.2460 -0.2460 -0.2460 -0.2460 -0.2565 -0.2565 -0.2565 -0.2565 -0.2565 -0.2565 -0.2565 -0.2666 -0.2666 -0.2666 -0.2666 -0.2666 -0.2666 -0.2666 -0.2754 0.0876 0.0876 0.0582 -0.0985 
fb4 = -0.2217 -0.2460 -0.2460 -0.2460 -0.2460 -0.2460 -0.2460 -0.2460 -0.2564 -0.2564 -0.2564 -0.2564 -0.2564 -0.2564 -0.2564 -0.2666 -0.2666 -0.2666 -0.2666 -0.2666 -0.2666 -0.2666 -0.2753 0.0890 0.0890 0.0591 -0.0985 
I = 14.9000 9.4000 9.4000 9.4000 9.4000 9.4000 9.4000 9.4000 6.0000 6.0000 6.0000 6.0000 6.0000 6.0000 6.0000 2.0000 2.0000 2.0000 2.0000 2.0000 2.0000 2.0000 -2.0000 25.1931 25.1931 10.0000 -1.4579 
S1 = 0.0000 0.0000 0.0000 0.0000 0.0000 0.0000 0.0000 0.0000 0.0000 0.0000 0.0000 0.0000 0.0000 0.0000 0.0000 0.0000 0.0000 0.0000 0.0000 0.0000 0.0000 0.0000 0.0000 0.0000 0.0000 0.0000 0.0000 
S2 = 0.0000 0.0000 0.0000 0.0000 0.0000 0.0000 0.0000 0.0000 0.0000 0.0000 0.0000 0.0000 0.0000 0.0000 0.0000 0.0000 0.0000 0.0000 0.0000 0.0000 0.0000 0.0000 0.0000 1.1931 1.1931 0.0000 9.5421 
u = 8.7654 8.6874 8.6874 8.6874 8.6874 8.6874 8.6874 8.6874 8.6484 8.6484 8.6484 8.6484 8.6484 8.6484 8.6484 8.6078 8.6078 8.6078 8.6078 8.6078 8.6078 8.6078 8.5713 10.4583 10.4583 11.1248 9.4348 
v = 32.2403 25.3761 25.3761 25.3761 25.3761 25.3761 25.3761 25.3761 22.3785 22.3785 22.3785 22.3785 22.3785 22.3785 22.3785 19.4329 19.4329 19.4329 19.4329 19.4329 19.4329 19.4329 16.8873 74.5452 74.5452 70.4019 22.5509 
