ExternalI = 5.5000 0.0000 0.0000 0.0000 0.0000 0.0000 0.0000 0.0000 4.0000 4.0000 4.0000 4.0000 4.0000 4.0000 4.0000 0.0000 0.0000 0.0000 0.0000 0.0000 0.0000 0.0000 0.0000 8.0000 8.0000 0.0000 0.0000 
before u = 8.7654 8.6874 8.6874 8.6874 8.6874 8.6874 8.6874 8.6874 8.6484 8.6484 8.6484 8.6484 8.6484 8.6484 8.6484 8.6078 8.6078 8.6078 8.6078 8.6078 8.6078 8.6078 8.5713 10.4583 10.4583 11.1248 9.4348 
before v = 32.2403 25.3761 25.3761 25.3761 25.3761 25.3761 25.3761 25.3761 22.3785 22.3785 22.3785 22.3785 22.3785 22.3785 22.3785 19.4329 19.4329 19.4329 19.4329 19.4329 19.4329 19.4329 16.8873 74.5452 74.5452 70.4019 22.5509 
Ibias = 9.4000 9.4000 9.4000 9.4000 9.4000 9.4000 9.4000 9.4000 2.0000 2.0000 2.0000 2.0000 2.0000 2.0000 2.0000 2.0000 2.0000 2.0000 2.0000 2.0000 2.0000 2.0000 -2.0000 16.0000 16.0000 10.0000 -11.0000 
fa1 = 0.9912 0.3421 0.3421 0.3421 0.3421 0.3421 0.3421 0.3421 0.2480 0.2480 0.2480 0.2480 0.2480 0.2480 0.2480 0.1990 0.1990 0.1990 0.1990 0.1990 0.1990 0.1990 0.1740 73.3763 73.3763 45.9267 1.7772 
fa2 = 0.9902 0.3417 0.3417 0.3417 0.3417 0.3417 0.3417 0.3417 0.2478 0.2478 0.2478 0.2478 0.2478 0.2478 0.2478 0.1989 0.1989 0.1989 0.1989 0.1989 0.1989 0.1989 0.1739 74.4685 74.4685 46.5329 1.7671 
fa3 = 0.9902 0.3417 0.3417 0.3417 0.3417 0.3417 0.3417 0.3417 0.2478 0.2478 0.2478 0.2478 0.2478 0.2478 0.2478 0.1989 0.1989 0.1989 0.1989 0.1989 0.1989 0.1989 0.1739 74.4848 74.4848 46.5409 1.7672 
fa4 = 0.9893 0.3412 0.3412 0.3412 0.3412 0.3412 0.3412 0.3412 0.2475 0.2475 0.2475 0.2475 0.2475 0.2475 0.2475 0.1988 0.1988 0.1988 0.1988 0.1988 0.1988 0.1988 0.1739 75.6050 75.6050 47.1598 1.7571 
fb1 = -0.2217 -0.2460 -0.2460 -0.2460 -0.2460 -0.2460 -0.2460 -0.2460 -0.2564 -0.2564 -0.2564 -0.2564 -0.2564 -0.2564 -0.2564 -0.2666 -0.2666 -0.2666 -0.2666 -0.2666 -0.2666 -0.2666 -0.2753 0.0890 0.0890 0.0591 -0.0985 
fb2 = -0.2216 -0.2459 -0.2459 -0.2459 -0.2459 -0.2459 -0.2459 -0.2459 -0.2564 -0.2564 -0.2564 -0.2564 -0.2564 -0.2564 -0.2564 -0.2665 -0.2665 -0.2665 -0.2665 -0.2665 -0.2665 -0.2665 -0.2752 0.0905 0.0905 0.0600 -0.0984 
fb3 = -0.2216 -0.2459 -0.2459 -0.2459 -0.2459 -0.2459 -0.2459 -0.2459 -0.2564 -0.2564 -0.2564 -0.2564 -0.2564 -0.2564 -0.2564 -0.2665 -0.2665 -0.2665 -0.2665 -0.2665 -0.2665 -0.2665 -0.2752 0.0905 0.0905 0.0600 -0.0984 
fb4 = -0.2215 -0.2459 -0.2459 -0.2459 -0.2459 -0.2459 -0.2459 -0.2459 -0.2563 -0.2563 -0.2563 -0.2563 -0.2563 -0.2563 -0.2563 -0.2665 -0.2665 -0.2665 -0.2665 -0.2665 -0.2665 -0.2665 -0.2752 0.0920 0.0920 0.0610 -0.0984 
I = 14.9000 9.4000 9.4000 9.4000 9.4000 9.4000 9.4000 9.4000 6.0000 6.0000 6.0000 6.0000 6.0000 6.0000 6.0000 2.0000 2.0000 2.0000 2.0000 2.0000 2.0000 2.0000 -2.0000 25.1907 25.1907 10.0000 -1.4770 
S1 = 0.0000 0.0000 0.0000 0.0000 0.0000 0.0000 0.0000 0.0000 0.0000 0.0000 0.0000 0.0000 0.0000 0.0000 0.0000 0.0000 0.0000 0.0000 0.0000 0.0000 0.0000 0.0000 0.0000 0.0000 0.0000 0.0000 0.0000 
S2 = 0.0000 0.0000 0.0000 0.0000 0.0000 0.0000 0.0000 0.0000 0.0000 0.0000 0.0000 0.0000 0.0000 0.0000 0.0000 0.0000 0.0000 0.0000 0.0000 0.0000 0.0000 0.0000 0.0000 1.1907 1.1907 0.0000 9.5230 
u = 8.7632 8.6850 8.6850 8.6850 8.6850 8.6850 8.6850 8.6850 8.6458 8.6458 8.6458 8.6458 8.6458 8.6458 8.6458 8.6051 8.6051 8.6051 8.6051 8.6051 8.6051 8.6051 8.5685 10.4593 10.4593 11.1254 9.4338 
v = 32.2502 25.3795 25.3795 25.3795 25.3795 25.3795 25.3795 25.3795 22.3810 22.3810 22.3810 22.3810 22.3810 22.3810 22.3810 19.4349 19.4349 19.4349 19.4349 19.4349 19.4349 19.4349 16.8891 75.2900 75.2900 70.8673 22.5686 
