ExternalI = 5.5000 0.0000 0.0000 0.0000 0.0000 0.0000 0.0000 0.0000 4.0000 4.0000 4.0000 4.0000 4.0000 4.0000 4.0000 0.0000 0.0000 0.0000 0.0000 0.0000 0.0000 0.0000 0.0000 8.0000 8.0000 0.0000 0.0000 
before u = 8.7632 8.6850 8.6850 8.6850 8.6850 8.6850 8.6850 8.6850 8.6458 8.6458 8.6458 8.6458 8.6458 8.6458 8.6458 8.6051 8.6051 8.6051 8.6051 8.6051 8.6051 8.6051 8.5685 10.4593 10.4593 11.1254 9.4338 
before v = 32.2502 25.3795 25.3795 25.3795 25.3795 25.3795 25.3795 25.3795 22.3810 22.3810 22.3810 22.3810 22.3810 22.3810 22.3810 19.4349 19.4349 19.4349 19.4349 19.4349 19.4349 19.4349 16.8891 75.2900 75.2900 70.8673 22.5686 
Ibias = 9.4000 9.4000 9.4000 9.4000 9.4000 9.4000 9.4000 9.4000 2.0000 2.0000 2.0000 2.0000 2.0000 2.0000 2.0000 2.0000 2.0000 2.0000 2.0000 2.0000 2.0000 2.0000 -2.0000 16.0000 16.0000 10.0000 -11.0000 
fa1 = 0.9893 0.3412 0.3412 0.3412 0.3412 0.3412 0.3412 0.3412 0.2475 0.2475 0.2475 0.2475 0.2475 0.2475 0.2475 0.1988 0.1988 0.1988 0.1988 0.1988 0.1988 0.1988 0.1739 75.6025 75.6025 47.1597 1.7381 
fa2 = 0.9883 0.3408 0.3408 0.3408 0.3408 0.3408 0.3408 0.3408 0.2473 0.2473 0.2473 0.2473 0.2473 0.2473 0.2473 0.1987 0.1987 0.1987 0.1987 0.1987 0.1987 0.1987 0.1738 76.7506 76.7506 47.7911 1.7282 
fa3 = 0.9883 0.3408 0.3408 0.3408 0.3408 0.3408 0.3408 0.3408 0.2473 0.2473 0.2473 0.2473 0.2473 0.2473 0.2473 0.1987 0.1987 0.1987 0.1987 0.1987 0.1987 0.1987 0.1738 76.7681 76.7681 47.7995 1.7282 
fa4 = 0.9873 0.3404 0.3404 0.3404 0.3404 0.3404 0.3404 0.3404 0.2471 0.2471 0.2471 0.2471 0.2471 0.2471 0.2471 0.1986 0.1986 0.1986 0.1986 0.1986 0.1986 0.1986 0.1738 77.9460 77.9460 48.4442 1.7184 
fb1 = -0.2215 -0.2459 -0.2459 -0.2459 -0.2459 -0.2459 -0.2459 -0.2459 -0.2563 -0.2563 -0.2563 -0.2563 -0.2563 -0.2563 -0.2563 -0.2665 -0.2665 -0.2665 -0.2665 -0.2665 -0.2665 -0.2665 -0.2752 0.0920 0.0920 0.0610 -0.0984 
fb2 = -0.2215 -0.2458 -0.2458 -0.2458 -0.2458 -0.2458 -0.2458 -0.2458 -0.2563 -0.2563 -0.2563 -0.2563 -0.2563 -0.2563 -0.2563 -0.2664 -0.2664 -0.2664 -0.2664 -0.2664 -0.2664 -0.2664 -0.2751 0.0935 0.0935 0.0619 -0.0984 
fb3 = -0.2215 -0.2458 -0.2458 -0.2458 -0.2458 -0.2458 -0.2458 -0.2458 -0.2563 -0.2563 -0.2563 -0.2563 -0.2563 -0.2563 -0.2563 -0.2664 -0.2664 -0.2664 -0.2664 -0.2664 -0.2664 -0.2664 -0.2751 0.0935 0.0935 0.0619 -0.0984 
fb4 = -0.2214 -0.2458 -0.2458 -0.2458 -0.2458 -0.2458 -0.2458 -0.2458 -0.2562 -0.2562 -0.2562 -0.2562 -0.2562 -0.2562 -0.2562 -0.2664 -0.2664 -0.2664 -0.2664 -0.2664 -0.2664 -0.2664 -0.2751 0.0950 0.0950 0.0629 -0.0983 
I = 14.9000 9.4000 9.4000 9.4000 9.4000 9.4000 9.4000 9.4000 6.0000 6.0000 6.0000 6.0000 6.0000 6.0000 6.0000 2.0000 2.0000 2.0000 2.0000 2.0000 2.0000 2.0000 -2.0000 25.1883 25.1883 10.0000 -1.4960 
S1 = 0.0000 0.0000 0.0000 0.0000 0.0000 0.0000 0.0000 0.0000 0.0000 0.0000 0.0000 0.0000 0.0000 0.0000 0.0000 0.0000 0.0000 0.0000 0.0000 0.0000 0.0000 0.0000 0.0000 0.0000 0.0000 0.0000 0.0000 
S2 = 0.0000 0.0000 0.0000 0.0000 0.0000 0.0000 0.0000 0.0000 0.0000 0.0000 0.0000 0.0000 0.0000 0.0000 0.0000 0.0000 0.0000 0.0000 0.0000 0.0000 0.0000 0.0000 0.0000 1.1883 1.1883 0.0000 9.5040 
u = 8.7610 8.6825 8.6825 8.6825 8.6825 8.6825 8.6825 8.6825 8.6433 8.6433 8.6433 8.6433 8.6433 8.6433 8.6433 8.6025 8.6025 8.6025 8.6025 8.6025 8.6025 8.6025 8.5658 10.4602 10.4602 11.1260 9.4328 
v = 32.2600 25.3830 25.3830 25.3830 25.3830 25.3830 25.3830 25.3830 22.3835 22.3835 22.3835 22.3835 22.3835 22.3835 22.3835 19.4369 19.4369 19.4369 19.4369 19.4369 19.4369 19.4369 16.8908 76.0577 76.0577 71.3453 22.5859 
