ExternalI = 5.5000 0.0000 0.0000 0.0000 0.0000 0.0000 0.0000 0.0000 4.0000 4.0000 4.0000 4.0000 4.0000 4.0000 4.0000 0.0000 0.0000 0.0000 0.0000 0.0000 0.0000 0.0000 0.0000 8.0000 8.0000 0.0000 0.0000 
before u = 8.7610 8.6825 8.6825 8.6825 8.6825 8.6825 8.6825 8.6825 8.6433 8.6433 8.6433 8.6433 8.6433 8.6433 8.6433 8.6025 8.6025 8.6025 8.6025 8.6025 8.6025 8.6025 8.5658 10.4602 10.4602 11.1260 9.4328 
before v = 32.2600 25.3830 25.3830 25.3830 25.3830 25.3830 25.3830 25.3830 22.3835 22.3835 22.3835 22.3835 22.3835 22.3835 22.3835 19.4369 19.4369 19.4369 19.4369 19.4369 19.4369 19.4369 16.8908 76.0577 76.0577 71.3453 22.5859 
Ibias = 9.4000 9.4000 9.4000 9.4000 9.4000 9.4000 9.4000 9.4000 2.0000 2.0000 2.0000 2.0000 2.0000 2.0000 2.0000 2.0000 2.0000 2.0000 2.0000 2.0000 2.0000 2.0000 -2.0000 16.0000 16.0000 10.0000 -11.0000 
fa1 = 0.9873 0.3404 0.3404 0.3404 0.3404 0.3404 0.3404 0.3404 0.2471 0.2471 0.2471 0.2471 0.2471 0.2471 0.2471 0.1986 0.1986 0.1986 0.1986 0.1986 0.1986 0.1986 0.1738 77.9435 77.9435 48.4441 1.6994 
fa2 = 0.9864 0.3400 0.3400 0.3400 0.3400 0.3400 0.3400 0.3400 0.2469 0.2469 0.2469 0.2469 0.2469 0.2469 0.2469 0.1985 0.1985 0.1985 0.1985 0.1985 0.1985 0.1985 0.1737 79.1512 79.1512 49.1020 1.6898 
fa3 = 0.9864 0.3400 0.3400 0.3400 0.3400 0.3400 0.3400 0.3400 0.2469 0.2469 0.2469 0.2469 0.2469 0.2469 0.2469 0.1985 0.1985 0.1985 0.1985 0.1985 0.1985 0.1985 0.1737 79.1701 79.1701 49.1110 1.6898 
fa4 = 0.9854 0.3396 0.3396 0.3396 0.3396 0.3396 0.3396 0.3396 0.2467 0.2467 0.2467 0.2467 0.2467 0.2467 0.2467 0.1984 0.1984 0.1984 0.1984 0.1984 0.1984 0.1984 0.1736 80.4097 80.4097 49.7829 1.6802 
fb1 = -0.2214 -0.2458 -0.2458 -0.2458 -0.2458 -0.2458 -0.2458 -0.2458 -0.2562 -0.2562 -0.2562 -0.2562 -0.2562 -0.2562 -0.2562 -0.2664 -0.2664 -0.2664 -0.2664 -0.2664 -0.2664 -0.2664 -0.2751 0.0950 0.0950 0.0629 -0.0983 
fb2 = -0.2213 -0.2457 -0.2457 -0.2457 -0.2457 -0.2457 -0.2457 -0.2457 -0.2561 -0.2561 -0.2561 -0.2561 -0.2561 -0.2561 -0.2561 -0.2663 -0.2663 -0.2663 -0.2663 -0.2663 -0.2663 -0.2663 -0.2750 0.0966 0.0966 0.0638 -0.0983 
fb3 = -0.2213 -0.2457 -0.2457 -0.2457 -0.2457 -0.2457 -0.2457 -0.2457 -0.2561 -0.2561 -0.2561 -0.2561 -0.2561 -0.2561 -0.2561 -0.2663 -0.2663 -0.2663 -0.2663 -0.2663 -0.2663 -0.2663 -0.2750 0.0966 0.0966 0.0638 -0.0983 
fb4 = -0.2213 -0.2457 -0.2457 -0.2457 -0.2457 -0.2457 -0.2457 -0.2457 -0.2561 -0.2561 -0.2561 -0.2561 -0.2561 -0.2561 -0.2561 -0.2662 -0.2662 -0.2662 -0.2662 -0.2662 -0.2662 -0.2662 -0.2750 0.0982 0.0982 0.0648 -0.0982 
I = 14.9000 9.4000 9.4000 9.4000 9.4000 9.4000 9.4000 9.4000 6.0000 6.0000 6.0000 6.0000 6.0000 6.0000 6.0000 2.0000 2.0000 2.0000 2.0000 2.0000 2.0000 2.0000 -2.0000 25.1860 25.1860 10.0000 -1.5150 
S1 = 0.0000 0.0000 0.0000 0.0000 0.0000 0.0000 0.0000 0.0000 0.0000 0.0000 0.0000 0.0000 0.0000 0.0000 0.0000 0.0000 0.0000 0.0000 0.0000 0.0000 0.0000 0.0000 0.0000 0.0000 0.0000 0.0000 0.0000 
S2 = 0.0000 0.0000 0.0000 0.0000 0.0000 0.0000 0.0000 0.0000 0.0000 0.0000 0.0000 0.0000 0.0000 0.0000 0.0000 0.0000 0.0000 0.0000 0.0000 0.0000 0.0000 0.0000 0.0000 1.1860 1.1860 0.0000 9.4850 
u = 8.7587 8.6801 8.6801 8.6801 8.6801 8.6801 8.6801 8.6801 8.6407 8.6407 8.6407 8.6407 8.6407 8.6407 8.6407 8.5998 8.5998 8.5998 8.5998 8.5998 8.5998 8.5998 8.5630 10.4612 10.4612 11.1267 9.4319 
v = 32.2699 25.3864 25.3864 25.3864 25.3864 25.3864 25.3864 25.3864 22.3859 22.3859 22.3859 22.3859 22.3859 22.3859 22.3859 19.4389 19.4389 19.4389 19.4389 19.4389 19.4389 19.4389 16.8925 76.8493 76.8493 71.8364 22.6028 
