ExternalI = 5.5000 0.0000 0.0000 0.0000 0.0000 0.0000 0.0000 0.0000 4.0000 4.0000 4.0000 4.0000 4.0000 4.0000 4.0000 0.0000 0.0000 0.0000 0.0000 0.0000 0.0000 0.0000 0.0000 8.0000 8.0000 0.0000 0.0000 
before u = 8.7587 8.6801 8.6801 8.6801 8.6801 8.6801 8.6801 8.6801 8.6407 8.6407 8.6407 8.6407 8.6407 8.6407 8.6407 8.5998 8.5998 8.5998 8.5998 8.5998 8.5998 8.5998 8.5630 10.4612 10.4612 11.1267 9.4319 
before v = 32.2699 25.3864 25.3864 25.3864 25.3864 25.3864 25.3864 25.3864 22.3859 22.3859 22.3859 22.3859 22.3859 22.3859 22.3859 19.4389 19.4389 19.4389 19.4389 19.4389 19.4389 19.4389 16.8925 76.8493 76.8493 71.8364 22.6028 
Ibias = 9.4000 9.4000 9.4000 9.4000 9.4000 9.4000 9.4000 9.4000 2.0000 2.0000 2.0000 2.0000 2.0000 2.0000 2.0000 2.0000 2.0000 2.0000 2.0000 2.0000 2.0000 2.0000 -2.0000 16.0000 16.0000 10.0000 -11.0000 
fa1 = 0.9854 0.3396 0.3396 0.3396 0.3396 0.3396 0.3396 0.3396 0.2467 0.2467 0.2467 0.2467 0.2467 0.2467 0.2467 0.1984 0.1984 0.1984 0.1984 0.1984 0.1984 0.1984 0.1736 80.4072 80.4072 49.7828 1.6613 
fa2 = 0.9845 0.3391 0.3391 0.3391 0.3391 0.3391 0.3391 0.3391 0.2465 0.2465 0.2465 0.2465 0.2465 0.2465 0.2465 0.1983 0.1983 0.1983 0.1983 0.1983 0.1983 0.1983 0.1736 81.6788 81.6788 50.4687 1.6519 
fa3 = 0.9845 0.3391 0.3391 0.3391 0.3391 0.3391 0.3391 0.3391 0.2465 0.2465 0.2465 0.2465 0.2465 0.2465 0.2465 0.1983 0.1983 0.1983 0.1983 0.1983 0.1983 0.1983 0.1736 81.6990 81.6990 50.4782 1.6519 
fa4 = 0.9835 0.3387 0.3387 0.3387 0.3387 0.3387 0.3387 0.3387 0.2463 0.2463 0.2463 0.2463 0.2463 0.2463 0.2463 0.1982 0.1982 0.1982 0.1982 0.1982 0.1982 0.1982 0.1735 83.0048 83.0048 51.1789 1.6426 
fb1 = -0.2213 -0.2457 -0.2457 -0.2457 -0.2457 -0.2457 -0.2457 -0.2457 -0.2561 -0.2561 -0.2561 -0.2561 -0.2561 -0.2561 -0.2561 -0.2662 -0.2662 -0.2662 -0.2662 -0.2662 -0.2662 -0.2662 -0.2750 0.0982 0.0982 0.0648 -0.0982 
fb2 = -0.2212 -0.2456 -0.2456 -0.2456 -0.2456 -0.2456 -0.2456 -0.2456 -0.2560 -0.2560 -0.2560 -0.2560 -0.2560 -0.2560 -0.2560 -0.2662 -0.2662 -0.2662 -0.2662 -0.2662 -0.2662 -0.2662 -0.2749 0.0998 0.0998 0.0658 -0.0982 
fb3 = -0.2212 -0.2456 -0.2456 -0.2456 -0.2456 -0.2456 -0.2456 -0.2456 -0.2560 -0.2560 -0.2560 -0.2560 -0.2560 -0.2560 -0.2560 -0.2662 -0.2662 -0.2662 -0.2662 -0.2662 -0.2662 -0.2662 -0.2749 0.0998 0.0998 0.0658 -0.0982 
fb4 = -0.2211 -0.2455 -0.2455 -0.2455 -0.2455 -0.2455 -0.2455 -0.2455 -0.2560 -0.2560 -0.2560 -0.2560 -0.2560 -0.2560 -0.2560 -0.2661 -0.2661 -0.2661 -0.2661 -0.2661 -0.2661 -0.2661 -0.2748 0.1014 0.1014 0.0668 -0.0981 
I = 14.9000 9.4000 9.4000 9.4000 9.4000 9.4000 9.4000 9.4000 6.0000 6.0000 6.0000 6.0000 6.0000 6.0000 6.0000 2.0000 2.0000 2.0000 2.0000 2.0000 2.0000 2.0000 -2.0000 25.1836 25.1836 10.0000 -1.5340 
S1 = 0.0000 0.0000 0.0000 0.0000 0.0000 0.0000 0.0000 0.0000 0.0000 0.0000 0.0000 0.0000 0.0000 0.0000 0.0000 0.0000 0.0000 0.0000 0.0000 0.0000 0.0000 0.0000 0.0000 0.0000 0.0000 0.0000 0.0000 
S2 = 0.0000 0.0000 0.0000 0.0000 0.0000 0.0000 0.0000 0.0000 0.0000 0.0000 0.0000 0.0000 0.0000 0.0000 0.0000 0.0000 0.0000 0.0000 0.0000 0.0000 0.0000 0.0000 0.0000 1.1836 1.1836 0.0000 9.4660 
u = 8.7565 8.6776 8.6776 8.6776 8.6776 8.6776 8.6776 8.6776 8.6382 8.6382 8.6382 8.6382 8.6382 8.6382 8.6382 8.5971 8.5971 8.5971 8.5971 8.5971 8.5971 8.5971 8.5603 10.4621 10.4621 11.1273 9.4309 
v = 32.2797 25.3897 25.3897 25.3897 25.3897 25.3897 25.3897 25.3897 22.3884 22.3884 22.3884 22.3884 22.3884 22.3884 22.3884 19.4409 19.4409 19.4409 19.4409 19.4409 19.4409 19.4409 16.8943 77.6663 77.6663 72.3411 22.6193 
