ExternalI = 5.5000 0.0000 0.0000 0.0000 0.0000 0.0000 0.0000 0.0000 4.0000 4.0000 4.0000 4.0000 4.0000 4.0000 4.0000 0.0000 0.0000 0.0000 0.0000 0.0000 0.0000 0.0000 0.0000 8.0000 8.0000 0.0000 0.0000 
before u = 9.8451 9.8433 9.8433 9.8433 9.8433 9.8433 9.8433 9.8433 9.8422 9.8422 9.8422 9.8422 9.8422 9.8422 9.8422 9.8409 9.8409 9.8409 9.8409 9.8409 9.8409 9.8409 9.8397 9.9423 9.9423 10.0711 9.9308 
before v = 18.8338 17.0857 17.0857 17.0857 17.0857 17.0857 17.0857 17.0857 16.0228 16.0228 16.0228 16.0228 16.0228 16.0228 16.0228 14.7893 14.7893 14.7893 14.7893 14.7893 14.7893 14.7893 13.5735 25.1829 25.1829 124.0332 13.8599 
Ibias = 9.4000 9.4000 9.4000 9.4000 9.4000 9.4000 9.4000 9.4000 2.0000 2.0000 2.0000 2.0000 2.0000 2.0000 2.0000 2.0000 2.0000 2.0000 2.0000 2.0000 2.0000 2.0000 -2.0000 16.0000 16.0000 10.0000 -11.0000 
fa1 = 12.7420 9.9764 9.9764 9.9764 9.9764 9.9764 9.9764 9.9764 8.3585 8.3585 8.3585 8.3585 8.3585 8.3585 8.3585 6.5401 6.5401 6.5401 6.5401 6.5401 6.5401 6.5401 4.8095 23.8762 23.8762 303.1989 5.1734 
fa2 = 12.6486 9.8967 9.8967 9.8967 9.8967 9.8967 9.8967 9.8967 8.2884 8.2884 8.2884 8.2884 8.2884 8.2884 8.2884 6.4824 6.4824 6.4824 6.4824 6.4824 6.4824 6.4824 4.7652 23.7596 23.7596 313.7840 5.1252 
fa3 = 12.6493 9.8973 9.8973 9.8973 9.8973 9.8973 9.8973 9.8973 8.2890 8.2890 8.2890 8.2890 8.2890 8.2890 8.2890 6.4830 6.4830 6.4830 6.4830 6.4830 6.4830 6.4830 4.7656 23.7602 23.7602 314.1569 5.1257 
fa4 = 12.5569 9.8184 9.8184 9.8184 9.8184 9.8184 9.8184 9.8184 8.2197 8.2197 8.2197 8.2197 8.2197 8.2197 8.2197 6.4259 6.4259 6.4259 6.4259 6.4259 6.4259 6.4259 4.7217 23.6453 23.6453 325.3386 5.0780 
fb1 = -0.3185 -0.3254 -0.3254 -0.3254 -0.3254 -0.3254 -0.3254 -0.3254 -0.3296 -0.3296 -0.3296 -0.3296 -0.3296 -0.3296 -0.3296 -0.3345 -0.3345 -0.3345 -0.3345 -0.3345 -0.3345 -0.3345 -0.3393 -0.0981 -0.0981 0.2947 -0.1432 
fb2 = -0.3181 -0.3251 -0.3251 -0.3251 -0.3251 -0.3251 -0.3251 -0.3251 -0.3294 -0.3294 -0.3294 -0.3294 -0.3294 -0.3294 -0.3294 -0.3343 -0.3343 -0.3343 -0.3343 -0.3343 -0.3343 -0.3343 -0.3391 -0.0976 -0.0976 0.3007 -0.1431 
fb3 = -0.3182 -0.3251 -0.3251 -0.3251 -0.3251 -0.3251 -0.3251 -0.3251 -0.3294 -0.3294 -0.3294 -0.3294 -0.3294 -0.3294 -0.3294 -0.3343 -0.3343 -0.3343 -0.3343 -0.3343 -0.3343 -0.3343 -0.3391 -0.0976 -0.0976 0.3010 -0.1431 
fb4 = -0.3178 -0.3249 -0.3249 -0.3249 -0.3249 -0.3249 -0.3249 -0.3249 -0.3291 -0.3291 -0.3291 -0.3291 -0.3291 -0.3291 -0.3291 -0.3341 -0.3341 -0.3341 -0.3341 -0.3341 -0.3341 -0.3341 -0.3390 -0.0971 -0.0971 0.3072 -0.1429 
I = 14.9000 9.4000 9.4000 9.4000 9.4000 9.4000 9.4000 9.4000 6.0000 6.0000 6.0000 6.0000 6.0000 6.0000 6.0000 2.0000 2.0000 2.0000 2.0000 2.0000 2.0000 2.0000 -2.0000 24.0000 24.0000 10.0000 -11.0000 
S1 = 0.0000 0.0000 0.0000 0.0000 0.0000 0.0000 0.0000 0.0000 0.0000 0.0000 0.0000 0.0000 0.0000 0.0000 0.0000 0.0000 0.0000 0.0000 0.0000 0.0000 0.0000 0.0000 0.0000 0.0000 0.0000 0.0000 0.0000 
S2 = 0.0000 0.0000 0.0000 0.0000 0.0000 0.0000 0.0000 0.0000 0.0000 0.0000 0.0000 0.0000 0.0000 0.0000 0.0000 0.0000 0.0000 0.0000 0.0000 0.0000 0.0000 0.0000 0.0000 0.0000 0.0000 0.0000 0.0000 
u = 9.8419 9.8401 9.8401 9.8401 9.8401 9.8401 9.8401 9.8401 9.8389 9.8389 9.8389 9.8389 9.8389 9.8389 9.8389 9.8376 9.8376 9.8376 9.8376 9.8376 9.8376 9.8376 9.8363 9.9413 9.9413 10.0741 9.9294 
v = 18.9603 17.1847 17.1847 17.1847 17.1847 17.1847 17.1847 17.1847 16.1057 16.1057 16.1057 16.1057 16.1057 16.1057 16.1057 14.8541 14.8541 14.8541 14.8541 14.8541 14.8541 14.8541 13.6211 25.4205 25.4205 127.1739 13.9111 
