ExternalI = 5.5000 0.0000 0.0000 0.0000 0.0000 0.0000 0.0000 0.0000 4.0000 4.0000 4.0000 4.0000 4.0000 4.0000 4.0000 0.0000 0.0000 0.0000 0.0000 0.0000 0.0000 0.0000 0.0000 8.0000 8.0000 0.0000 0.0000 
before u = 8.7565 8.6776 8.6776 8.6776 8.6776 8.6776 8.6776 8.6776 8.6382 8.6382 8.6382 8.6382 8.6382 8.6382 8.6382 8.5971 8.5971 8.5971 8.5971 8.5971 8.5971 8.5971 8.5603 10.4621 10.4621 11.1273 9.4309 
before v = 32.2797 25.3897 25.3897 25.3897 25.3897 25.3897 25.3897 25.3897 22.3884 22.3884 22.3884 22.3884 22.3884 22.3884 22.3884 19.4409 19.4409 19.4409 19.4409 19.4409 19.4409 19.4409 16.8943 77.6663 77.6663 72.3411 22.6193 
Ibias = 9.4000 9.4000 9.4000 9.4000 9.4000 9.4000 9.4000 9.4000 2.0000 2.0000 2.0000 2.0000 2.0000 2.0000 2.0000 2.0000 2.0000 2.0000 2.0000 2.0000 2.0000 2.0000 -2.0000 16.0000 16.0000 10.0000 -11.0000 
fa1 = 0.9835 0.3387 0.3387 0.3387 0.3387 0.3387 0.3387 0.3387 0.2463 0.2463 0.2463 0.2463 0.2463 0.2463 0.2463 0.1982 0.1982 0.1982 0.1982 0.1982 0.1982 0.1982 0.1735 83.0022 83.0022 51.1789 1.6236 
fa2 = 0.9826 0.3383 0.3383 0.3383 0.3383 0.3383 0.3383 0.3383 0.2461 0.2461 0.2461 0.2461 0.2461 0.2461 0.2461 0.1981 0.1981 0.1981 0.1981 0.1981 0.1981 0.1981 0.1735 84.3422 84.3422 51.8944 1.6145 
fa3 = 0.9826 0.3383 0.3383 0.3383 0.3383 0.3383 0.3383 0.3383 0.2461 0.2461 0.2461 0.2461 0.2461 0.2461 0.2461 0.1981 0.1981 0.1981 0.1981 0.1981 0.1981 0.1981 0.1735 84.3639 84.3639 51.9045 1.6145 
fa4 = 0.9816 0.3379 0.3379 0.3379 0.3379 0.3379 0.3379 0.3379 0.2458 0.2458 0.2458 0.2458 0.2458 0.2458 0.2458 0.1980 0.1980 0.1980 0.1980 0.1980 0.1980 0.1980 0.1734 85.7406 85.7406 52.6357 1.6054 
fb1 = -0.2211 -0.2455 -0.2455 -0.2455 -0.2455 -0.2455 -0.2455 -0.2455 -0.2560 -0.2560 -0.2560 -0.2560 -0.2560 -0.2560 -0.2560 -0.2661 -0.2661 -0.2661 -0.2661 -0.2661 -0.2661 -0.2661 -0.2748 0.1014 0.1014 0.0668 -0.0981 
fb2 = -0.2211 -0.2455 -0.2455 -0.2455 -0.2455 -0.2455 -0.2455 -0.2455 -0.2559 -0.2559 -0.2559 -0.2559 -0.2559 -0.2559 -0.2559 -0.2661 -0.2661 -0.2661 -0.2661 -0.2661 -0.2661 -0.2661 -0.2748 0.1031 0.1031 0.0678 -0.0981 
fb3 = -0.2211 -0.2455 -0.2455 -0.2455 -0.2455 -0.2455 -0.2455 -0.2455 -0.2559 -0.2559 -0.2559 -0.2559 -0.2559 -0.2559 -0.2559 -0.2661 -0.2661 -0.2661 -0.2661 -0.2661 -0.2661 -0.2661 -0.2748 0.1031 0.1031 0.0678 -0.0981 
fb4 = -0.2210 -0.2454 -0.2454 -0.2454 -0.2454 -0.2454 -0.2454 -0.2454 -0.2559 -0.2559 -0.2559 -0.2559 -0.2559 -0.2559 -0.2559 -0.2660 -0.2660 -0.2660 -0.2660 -0.2660 -0.2660 -0.2660 -0.2747 0.1048 0.1048 0.0689 -0.0981 
I = 14.9000 9.4000 9.4000 9.4000 9.4000 9.4000 9.4000 9.4000 6.0000 6.0000 6.0000 6.0000 6.0000 6.0000 6.0000 2.0000 2.0000 2.0000 2.0000 2.0000 2.0000 2.0000 -2.0000 25.1812 25.1812 10.0000 -1.5529 
S1 = 0.0000 0.0000 0.0000 0.0000 0.0000 0.0000 0.0000 0.0000 0.0000 0.0000 0.0000 0.0000 0.0000 0.0000 0.0000 0.0000 0.0000 0.0000 0.0000 0.0000 0.0000 0.0000 0.0000 0.0000 0.0000 0.0000 0.0000 
S2 = 0.0000 0.0000 0.0000 0.0000 0.0000 0.0000 0.0000 0.0000 0.0000 0.0000 0.0000 0.0000 0.0000 0.0000 0.0000 0.0000 0.0000 0.0000 0.0000 0.0000 0.0000 0.0000 0.0000 1.1812 1.1812 0.0000 9.4471 
u = 8.7543 8.6751 8.6751 8.6751 8.6751 8.6751 8.6751 8.6751 8.6356 8.6356 8.6356 8.6356 8.6356 8.6356 8.6356 8.5945 8.5945 8.5945 8.5945 8.5945 8.5945 8.5945 8.5575 10.4632 10.4632 11.1280 9.4299 
v = 32.2896 25.3931 25.3931 25.3931 25.3931 25.3931 25.3931 25.3931 22.3909 22.3909 22.3909 22.3909 22.3909 22.3909 22.3909 19.4428 19.4428 19.4428 19.4428 19.4428 19.4428 19.4428 16.8960 78.5099 78.5099 72.8602 22.6354 
