ExternalI = 5.5000 0.0000 0.0000 0.0000 0.0000 0.0000 0.0000 0.0000 4.0000 4.0000 4.0000 4.0000 4.0000 4.0000 4.0000 0.0000 0.0000 0.0000 0.0000 0.0000 0.0000 0.0000 0.0000 8.0000 8.0000 0.0000 0.0000 
before u = 8.7543 8.6751 8.6751 8.6751 8.6751 8.6751 8.6751 8.6751 8.6356 8.6356 8.6356 8.6356 8.6356 8.6356 8.6356 8.5945 8.5945 8.5945 8.5945 8.5945 8.5945 8.5945 8.5575 10.4632 10.4632 11.1280 9.4299 
before v = 32.2896 25.3931 25.3931 25.3931 25.3931 25.3931 25.3931 25.3931 22.3909 22.3909 22.3909 22.3909 22.3909 22.3909 22.3909 19.4428 19.4428 19.4428 19.4428 19.4428 19.4428 19.4428 16.8960 78.5099 78.5099 72.8602 22.6354 
Ibias = 9.4000 9.4000 9.4000 9.4000 9.4000 9.4000 9.4000 9.4000 2.0000 2.0000 2.0000 2.0000 2.0000 2.0000 2.0000 2.0000 2.0000 2.0000 2.0000 2.0000 2.0000 2.0000 -2.0000 16.0000 16.0000 10.0000 -11.0000 
fa1 = 0.9816 0.3379 0.3379 0.3379 0.3379 0.3379 0.3379 0.3379 0.2458 0.2458 0.2458 0.2458 0.2458 0.2458 0.2458 0.1980 0.1980 0.1980 0.1980 0.1980 0.1980 0.1980 0.1734 85.7380 85.7380 52.6356 1.5865 
fa2 = 0.9807 0.3375 0.3375 0.3375 0.3375 0.3375 0.3375 0.3375 0.2456 0.2456 0.2456 0.2456 0.2456 0.2456 0.2456 0.1979 0.1979 0.1979 0.1979 0.1979 0.1979 0.1979 0.1734 87.1513 87.1513 53.3825 1.5776 
fa3 = 0.9807 0.3375 0.3375 0.3375 0.3375 0.3375 0.3375 0.3375 0.2456 0.2456 0.2456 0.2456 0.2456 0.2456 0.2456 0.1979 0.1979 0.1979 0.1979 0.1979 0.1979 0.1979 0.1734 87.1747 87.1747 53.3932 1.5776 
fa4 = 0.9797 0.3371 0.3371 0.3371 0.3371 0.3371 0.3371 0.3371 0.2454 0.2454 0.2454 0.2454 0.2454 0.2454 0.2454 0.1978 0.1978 0.1978 0.1978 0.1978 0.1978 0.1978 0.1733 88.6274 88.6274 54.1567 1.5687 
fb1 = -0.2210 -0.2454 -0.2454 -0.2454 -0.2454 -0.2454 -0.2454 -0.2454 -0.2559 -0.2559 -0.2559 -0.2559 -0.2559 -0.2559 -0.2559 -0.2660 -0.2660 -0.2660 -0.2660 -0.2660 -0.2660 -0.2660 -0.2747 0.1048 0.1048 0.0689 -0.0981 
fb2 = -0.2210 -0.2454 -0.2454 -0.2454 -0.2454 -0.2454 -0.2454 -0.2454 -0.2558 -0.2558 -0.2558 -0.2558 -0.2558 -0.2558 -0.2558 -0.2660 -0.2660 -0.2660 -0.2660 -0.2660 -0.2660 -0.2660 -0.2747 0.1065 0.1065 0.0699 -0.0980 
fb3 = -0.2210 -0.2454 -0.2454 -0.2454 -0.2454 -0.2454 -0.2454 -0.2454 -0.2558 -0.2558 -0.2558 -0.2558 -0.2558 -0.2558 -0.2558 -0.2660 -0.2660 -0.2660 -0.2660 -0.2660 -0.2660 -0.2660 -0.2747 0.1065 0.1065 0.0699 -0.0980 
fb4 = -0.2209 -0.2453 -0.2453 -0.2453 -0.2453 -0.2453 -0.2453 -0.2453 -0.2557 -0.2557 -0.2557 -0.2557 -0.2557 -0.2557 -0.2557 -0.2659 -0.2659 -0.2659 -0.2659 -0.2659 -0.2659 -0.2659 -0.2746 0.1082 0.1082 0.0710 -0.0980 
I = 14.9000 9.4000 9.4000 9.4000 9.4000 9.4000 9.4000 9.4000 6.0000 6.0000 6.0000 6.0000 6.0000 6.0000 6.0000 2.0000 2.0000 2.0000 2.0000 2.0000 2.0000 2.0000 -2.0000 25.1789 25.1789 10.0000 -1.5718 
S1 = 0.0000 0.0000 0.0000 0.0000 0.0000 0.0000 0.0000 0.0000 0.0000 0.0000 0.0000 0.0000 0.0000 0.0000 0.0000 0.0000 0.0000 0.0000 0.0000 0.0000 0.0000 0.0000 0.0000 0.0000 0.0000 0.0000 0.0000 
S2 = 0.0000 0.0000 0.0000 0.0000 0.0000 0.0000 0.0000 0.0000 0.0000 0.0000 0.0000 0.0000 0.0000 0.0000 0.0000 0.0000 0.0000 0.0000 0.0000 0.0000 0.0000 0.0000 0.0000 1.1789 1.1789 0.0000 9.4282 
u = 8.7521 8.6727 8.6727 8.6727 8.6727 8.6727 8.6727 8.6727 8.6330 8.6330 8.6330 8.6330 8.6330 8.6330 8.6330 8.5918 8.5918 8.5918 8.5918 8.5918 8.5918 8.5918 8.5548 10.4642 10.4642 11.1287 9.4289 
v = 32.2994 25.3965 25.3965 25.3965 25.3965 25.3965 25.3965 25.3965 22.3933 22.3933 22.3933 22.3933 22.3933 22.3933 22.3933 19.4448 19.4448 19.4448 19.4448 19.4448 19.4448 19.4448 16.8977 79.3816 79.3816 73.3941 22.6512 
