ExternalI = 5.5000 0.0000 0.0000 0.0000 0.0000 0.0000 0.0000 0.0000 4.0000 4.0000 4.0000 4.0000 4.0000 4.0000 4.0000 0.0000 0.0000 0.0000 0.0000 0.0000 0.0000 0.0000 0.0000 8.0000 8.0000 0.0000 0.0000 
before u = 8.7521 8.6727 8.6727 8.6727 8.6727 8.6727 8.6727 8.6727 8.6330 8.6330 8.6330 8.6330 8.6330 8.6330 8.6330 8.5918 8.5918 8.5918 8.5918 8.5918 8.5918 8.5918 8.5548 10.4642 10.4642 11.1287 9.4289 
before v = 32.2994 25.3965 25.3965 25.3965 25.3965 25.3965 25.3965 25.3965 22.3933 22.3933 22.3933 22.3933 22.3933 22.3933 22.3933 19.4448 19.4448 19.4448 19.4448 19.4448 19.4448 19.4448 16.8977 79.3816 79.3816 73.3941 22.6512 
Ibias = 9.4000 9.4000 9.4000 9.4000 9.4000 9.4000 9.4000 9.4000 2.0000 2.0000 2.0000 2.0000 2.0000 2.0000 2.0000 2.0000 2.0000 2.0000 2.0000 2.0000 2.0000 2.0000 -2.0000 16.0000 16.0000 10.0000 -11.0000 
fa1 = 0.9797 0.3371 0.3371 0.3371 0.3371 0.3371 0.3371 0.3371 0.2454 0.2454 0.2454 0.2454 0.2454 0.2454 0.2454 0.1978 0.1978 0.1978 0.1978 0.1978 0.1978 0.1978 0.1733 88.6249 88.6249 54.1567 1.5499 
fa2 = 0.9788 0.3367 0.3367 0.3367 0.3367 0.3367 0.3367 0.3367 0.2452 0.2452 0.2452 0.2452 0.2452 0.2452 0.2452 0.1977 0.1977 0.1977 0.1977 0.1977 0.1977 0.1977 0.1733 90.1169 90.1169 54.9368 1.5412 
fa3 = 0.9788 0.3367 0.3367 0.3367 0.3367 0.3367 0.3367 0.3367 0.2452 0.2452 0.2452 0.2452 0.2452 0.2452 0.2452 0.1977 0.1977 0.1977 0.1977 0.1977 0.1977 0.1977 0.1733 90.1421 90.1421 54.9481 1.5412 
fa4 = 0.9779 0.3363 0.3363 0.3363 0.3363 0.3363 0.3363 0.3363 0.2450 0.2450 0.2450 0.2450 0.2450 0.2450 0.2450 0.1976 0.1976 0.1976 0.1976 0.1976 0.1976 0.1976 0.1732 91.6765 91.6765 55.7459 1.5326 
fb1 = -0.2209 -0.2453 -0.2453 -0.2453 -0.2453 -0.2453 -0.2453 -0.2453 -0.2557 -0.2557 -0.2557 -0.2557 -0.2557 -0.2557 -0.2557 -0.2659 -0.2659 -0.2659 -0.2659 -0.2659 -0.2659 -0.2659 -0.2746 0.1082 0.1082 0.0710 -0.0980 
fb2 = -0.2208 -0.2453 -0.2453 -0.2453 -0.2453 -0.2453 -0.2453 -0.2453 -0.2557 -0.2557 -0.2557 -0.2557 -0.2557 -0.2557 -0.2557 -0.2658 -0.2658 -0.2658 -0.2658 -0.2658 -0.2658 -0.2658 -0.2745 0.1100 0.1100 0.0721 -0.0979 
fb3 = -0.2208 -0.2453 -0.2453 -0.2453 -0.2453 -0.2453 -0.2453 -0.2453 -0.2557 -0.2557 -0.2557 -0.2557 -0.2557 -0.2557 -0.2557 -0.2658 -0.2658 -0.2658 -0.2658 -0.2658 -0.2658 -0.2658 -0.2745 0.1100 0.1100 0.0721 -0.0979 
fb4 = -0.2208 -0.2452 -0.2452 -0.2452 -0.2452 -0.2452 -0.2452 -0.2452 -0.2556 -0.2556 -0.2556 -0.2556 -0.2556 -0.2556 -0.2556 -0.2658 -0.2658 -0.2658 -0.2658 -0.2658 -0.2658 -0.2658 -0.2745 0.1118 0.1118 0.0732 -0.0979 
I = 14.9000 9.4000 9.4000 9.4000 9.4000 9.4000 9.4000 9.4000 6.0000 6.0000 6.0000 6.0000 6.0000 6.0000 6.0000 2.0000 2.0000 2.0000 2.0000 2.0000 2.0000 2.0000 -2.0000 25.1765 25.1765 10.0000 -1.5907 
S1 = 0.0000 0.0000 0.0000 0.0000 0.0000 0.0000 0.0000 0.0000 0.0000 0.0000 0.0000 0.0000 0.0000 0.0000 0.0000 0.0000 0.0000 0.0000 0.0000 0.0000 0.0000 0.0000 0.0000 0.0000 0.0000 0.0000 0.0000 
S2 = 0.0000 0.0000 0.0000 0.0000 0.0000 0.0000 0.0000 0.0000 0.0000 0.0000 0.0000 0.0000 0.0000 0.0000 0.0000 0.0000 0.0000 0.0000 0.0000 0.0000 0.0000 0.0000 0.0000 1.1765 1.1765 0.0000 9.4093 
u = 8.7499 8.6702 8.6702 8.6702 8.6702 8.6702 8.6702 8.6702 8.6305 8.6305 8.6305 8.6305 8.6305 8.6305 8.6305 8.5892 8.5892 8.5892 8.5892 8.5892 8.5892 8.5892 8.5521 10.4653 10.4653 11.1294 9.4279 
v = 32.3092 25.3999 25.3999 25.3999 25.3999 25.3999 25.3999 25.3999 22.3958 22.3958 22.3958 22.3958 22.3958 22.3958 22.3958 19.4468 19.4468 19.4468 19.4468 19.4468 19.4468 19.4468 16.8995 80.2829 80.2829 73.9435 22.6666 
