ExternalI = 5.5000 0.0000 0.0000 0.0000 0.0000 0.0000 0.0000 0.0000 4.0000 4.0000 4.0000 4.0000 4.0000 4.0000 4.0000 0.0000 0.0000 0.0000 0.0000 0.0000 0.0000 0.0000 0.0000 8.0000 8.0000 0.0000 0.0000 
before u = 8.7499 8.6702 8.6702 8.6702 8.6702 8.6702 8.6702 8.6702 8.6305 8.6305 8.6305 8.6305 8.6305 8.6305 8.6305 8.5892 8.5892 8.5892 8.5892 8.5892 8.5892 8.5892 8.5521 10.4653 10.4653 11.1294 9.4279 
before v = 32.3092 25.3999 25.3999 25.3999 25.3999 25.3999 25.3999 25.3999 22.3958 22.3958 22.3958 22.3958 22.3958 22.3958 22.3958 19.4468 19.4468 19.4468 19.4468 19.4468 19.4468 19.4468 16.8995 80.2829 80.2829 73.9435 22.6666 
Ibias = 9.4000 9.4000 9.4000 9.4000 9.4000 9.4000 9.4000 9.4000 2.0000 2.0000 2.0000 2.0000 2.0000 2.0000 2.0000 2.0000 2.0000 2.0000 2.0000 2.0000 2.0000 2.0000 -2.0000 16.0000 16.0000 10.0000 -11.0000 
fa1 = 0.9779 0.3363 0.3363 0.3363 0.3363 0.3363 0.3363 0.3363 0.2450 0.2450 0.2450 0.2450 0.2450 0.2450 0.2450 0.1976 0.1976 0.1976 0.1976 0.1976 0.1976 0.1976 0.1732 91.6739 91.6739 55.7458 1.5138 
fa2 = 0.9770 0.3359 0.3359 0.3359 0.3359 0.3359 0.3359 0.3359 0.2448 0.2448 0.2448 0.2448 0.2448 0.2448 0.2448 0.1975 0.1975 0.1975 0.1975 0.1975 0.1975 0.1975 0.1731 93.2506 93.2506 56.5612 1.5053 
fa3 = 0.9770 0.3359 0.3359 0.3359 0.3359 0.3359 0.3359 0.3359 0.2448 0.2448 0.2448 0.2448 0.2448 0.2448 0.2448 0.1975 0.1975 0.1975 0.1975 0.1975 0.1975 0.1975 0.1731 93.2779 93.2779 56.5731 1.5053 
fa4 = 0.9760 0.3355 0.3355 0.3355 0.3355 0.3355 0.3355 0.3355 0.2446 0.2446 0.2446 0.2446 0.2446 0.2446 0.2446 0.1974 0.1974 0.1974 0.1974 0.1974 0.1974 0.1974 0.1731 94.9002 94.9002 57.4072 1.4969 
fb1 = -0.2208 -0.2452 -0.2452 -0.2452 -0.2452 -0.2452 -0.2452 -0.2452 -0.2556 -0.2556 -0.2556 -0.2556 -0.2556 -0.2556 -0.2556 -0.2658 -0.2658 -0.2658 -0.2658 -0.2658 -0.2658 -0.2658 -0.2745 0.1118 0.1118 0.0732 -0.0979 
fb2 = -0.2207 -0.2452 -0.2452 -0.2452 -0.2452 -0.2452 -0.2452 -0.2452 -0.2556 -0.2556 -0.2556 -0.2556 -0.2556 -0.2556 -0.2556 -0.2657 -0.2657 -0.2657 -0.2657 -0.2657 -0.2657 -0.2657 -0.2744 0.1136 0.1136 0.0743 -0.0979 
fb3 = -0.2207 -0.2452 -0.2452 -0.2452 -0.2452 -0.2452 -0.2452 -0.2452 -0.2556 -0.2556 -0.2556 -0.2556 -0.2556 -0.2556 -0.2556 -0.2657 -0.2657 -0.2657 -0.2657 -0.2657 -0.2657 -0.2657 -0.2744 0.1137 0.1137 0.0743 -0.0979 
fb4 = -0.2206 -0.2451 -0.2451 -0.2451 -0.2451 -0.2451 -0.2451 -0.2451 -0.2555 -0.2555 -0.2555 -0.2555 -0.2555 -0.2555 -0.2555 -0.2657 -0.2657 -0.2657 -0.2657 -0.2657 -0.2657 -0.2657 -0.2744 0.1155 0.1155 0.0754 -0.0978 
I = 14.9000 9.4000 9.4000 9.4000 9.4000 9.4000 9.4000 9.4000 6.0000 6.0000 6.0000 6.0000 6.0000 6.0000 6.0000 2.0000 2.0000 2.0000 2.0000 2.0000 2.0000 2.0000 -2.0000 25.1742 25.1742 10.0000 -1.6095 
S1 = 0.0000 0.0000 0.0000 0.0000 0.0000 0.0000 0.0000 0.0000 0.0000 0.0000 0.0000 0.0000 0.0000 0.0000 0.0000 0.0000 0.0000 0.0000 0.0000 0.0000 0.0000 0.0000 0.0000 0.0000 0.0000 0.0000 0.0000 
S2 = 0.0000 0.0000 0.0000 0.0000 0.0000 0.0000 0.0000 0.0000 0.0000 0.0000 0.0000 0.0000 0.0000 0.0000 0.0000 0.0000 0.0000 0.0000 0.0000 0.0000 0.0000 0.0000 0.0000 1.1742 1.1742 0.0000 9.3905 
u = 8.7477 8.6678 8.6678 8.6678 8.6678 8.6678 8.6678 8.6678 8.6279 8.6279 8.6279 8.6279 8.6279 8.6279 8.6279 8.5865 8.5865 8.5865 8.5865 8.5865 8.5865 8.5865 8.5493 10.4665 10.4665 11.1302 9.4270 
v = 32.3189 25.4032 25.4032 25.4032 25.4032 25.4032 25.4032 25.4032 22.3982 22.3982 22.3982 22.3982 22.3982 22.3982 22.3982 19.4488 19.4488 19.4488 19.4488 19.4488 19.4488 19.4488 16.9012 81.2156 81.2156 74.5092 22.6817 
