ExternalI = 5.5000 0.0000 0.0000 0.0000 0.0000 0.0000 0.0000 0.0000 4.0000 4.0000 4.0000 4.0000 4.0000 4.0000 4.0000 0.0000 0.0000 0.0000 0.0000 0.0000 0.0000 0.0000 0.0000 8.0000 8.0000 0.0000 0.0000 
before u = 8.7477 8.6678 8.6678 8.6678 8.6678 8.6678 8.6678 8.6678 8.6279 8.6279 8.6279 8.6279 8.6279 8.6279 8.6279 8.5865 8.5865 8.5865 8.5865 8.5865 8.5865 8.5865 8.5493 10.4665 10.4665 11.1302 9.4270 
before v = 32.3189 25.4032 25.4032 25.4032 25.4032 25.4032 25.4032 25.4032 22.3982 22.3982 22.3982 22.3982 22.3982 22.3982 22.3982 19.4488 19.4488 19.4488 19.4488 19.4488 19.4488 19.4488 16.9012 81.2156 81.2156 74.5092 22.6817 
Ibias = 9.4000 9.4000 9.4000 9.4000 9.4000 9.4000 9.4000 9.4000 2.0000 2.0000 2.0000 2.0000 2.0000 2.0000 2.0000 2.0000 2.0000 2.0000 2.0000 2.0000 2.0000 2.0000 -2.0000 16.0000 16.0000 10.0000 -11.0000 
fa1 = 0.9760 0.3355 0.3355 0.3355 0.3355 0.3355 0.3355 0.3355 0.2446 0.2446 0.2446 0.2446 0.2446 0.2446 0.2446 0.1974 0.1974 0.1974 0.1974 0.1974 0.1974 0.1974 0.1731 94.8976 94.8976 57.4071 1.4781 
fa2 = 0.9751 0.3351 0.3351 0.3351 0.3351 0.3351 0.3351 0.3351 0.2444 0.2444 0.2444 0.2444 0.2444 0.2444 0.2444 0.1973 0.1973 0.1973 0.1973 0.1973 0.1973 0.1973 0.1730 96.5654 96.5654 58.2599 1.4698 
fa3 = 0.9751 0.3351 0.3351 0.3351 0.3351 0.3351 0.3351 0.3351 0.2444 0.2444 0.2444 0.2444 0.2444 0.2444 0.2444 0.1973 0.1973 0.1973 0.1973 0.1973 0.1973 0.1973 0.1730 96.5949 96.5949 58.2726 1.4699 
fa4 = 0.9742 0.3347 0.3347 0.3347 0.3347 0.3347 0.3347 0.3347 0.2442 0.2442 0.2442 0.2442 0.2442 0.2442 0.2442 0.1972 0.1972 0.1972 0.1972 0.1972 0.1972 0.1972 0.1730 98.3119 98.3119 59.1453 1.4617 
fb1 = -0.2206 -0.2451 -0.2451 -0.2451 -0.2451 -0.2451 -0.2451 -0.2451 -0.2555 -0.2555 -0.2555 -0.2555 -0.2555 -0.2555 -0.2555 -0.2657 -0.2657 -0.2657 -0.2657 -0.2657 -0.2657 -0.2657 -0.2744 0.1155 0.1155 0.0754 -0.0978 
fb2 = -0.2206 -0.2450 -0.2450 -0.2450 -0.2450 -0.2450 -0.2450 -0.2450 -0.2555 -0.2555 -0.2555 -0.2555 -0.2555 -0.2555 -0.2555 -0.2656 -0.2656 -0.2656 -0.2656 -0.2656 -0.2656 -0.2656 -0.2743 0.1174 0.1174 0.0766 -0.0978 
fb3 = -0.2206 -0.2450 -0.2450 -0.2450 -0.2450 -0.2450 -0.2450 -0.2450 -0.2555 -0.2555 -0.2555 -0.2555 -0.2555 -0.2555 -0.2555 -0.2656 -0.2656 -0.2656 -0.2656 -0.2656 -0.2656 -0.2656 -0.2743 0.1175 0.1175 0.0766 -0.0978 
fb4 = -0.2205 -0.2450 -0.2450 -0.2450 -0.2450 -0.2450 -0.2450 -0.2450 -0.2554 -0.2554 -0.2554 -0.2554 -0.2554 -0.2554 -0.2554 -0.2656 -0.2656 -0.2656 -0.2656 -0.2656 -0.2656 -0.2656 -0.2743 0.1194 0.1194 0.0777 -0.0977 
I = 14.9000 9.4000 9.4000 9.4000 9.4000 9.4000 9.4000 9.4000 6.0000 6.0000 6.0000 6.0000 6.0000 6.0000 6.0000 2.0000 2.0000 2.0000 2.0000 2.0000 2.0000 2.0000 -2.0000 25.1718 25.1718 10.0000 -1.6283 
S1 = 0.0000 0.0000 0.0000 0.0000 0.0000 0.0000 0.0000 0.0000 0.0000 0.0000 0.0000 0.0000 0.0000 0.0000 0.0000 0.0000 0.0000 0.0000 0.0000 0.0000 0.0000 0.0000 0.0000 0.0000 0.0000 0.0000 0.0000 
S2 = 0.0000 0.0000 0.0000 0.0000 0.0000 0.0000 0.0000 0.0000 0.0000 0.0000 0.0000 0.0000 0.0000 0.0000 0.0000 0.0000 0.0000 0.0000 0.0000 0.0000 0.0000 0.0000 0.0000 1.1718 1.1718 0.0000 9.3717 
u = 8.7455 8.6653 8.6653 8.6653 8.6653 8.6653 8.6653 8.6653 8.6254 8.6254 8.6254 8.6254 8.6254 8.6254 8.6254 8.5839 8.5839 8.5839 8.5839 8.5839 8.5839 8.5839 8.5466 10.4677 10.4677 11.1309 9.4260 
v = 32.3287 25.4066 25.4066 25.4066 25.4066 25.4066 25.4066 25.4066 22.4007 22.4007 22.4007 22.4007 22.4007 22.4007 22.4007 19.4507 19.4507 19.4507 19.4507 19.4507 19.4507 19.4507 16.9029 82.1815 82.1815 75.0919 22.6964 
