ExternalI = 5.5000 0.0000 0.0000 0.0000 0.0000 0.0000 0.0000 0.0000 4.0000 4.0000 4.0000 4.0000 4.0000 4.0000 4.0000 0.0000 0.0000 0.0000 0.0000 0.0000 0.0000 0.0000 0.0000 8.0000 8.0000 0.0000 0.0000 
before u = 8.7455 8.6653 8.6653 8.6653 8.6653 8.6653 8.6653 8.6653 8.6254 8.6254 8.6254 8.6254 8.6254 8.6254 8.6254 8.5839 8.5839 8.5839 8.5839 8.5839 8.5839 8.5839 8.5466 10.4677 10.4677 11.1309 9.4260 
before v = 32.3287 25.4066 25.4066 25.4066 25.4066 25.4066 25.4066 25.4066 22.4007 22.4007 22.4007 22.4007 22.4007 22.4007 22.4007 19.4507 19.4507 19.4507 19.4507 19.4507 19.4507 19.4507 16.9029 82.1815 82.1815 75.0919 22.6964 
Ibias = 9.4000 9.4000 9.4000 9.4000 9.4000 9.4000 9.4000 9.4000 2.0000 2.0000 2.0000 2.0000 2.0000 2.0000 2.0000 2.0000 2.0000 2.0000 2.0000 2.0000 2.0000 2.0000 -2.0000 16.0000 16.0000 10.0000 -11.0000 
fa1 = 0.9742 0.3347 0.3347 0.3347 0.3347 0.3347 0.3347 0.3347 0.2442 0.2442 0.2442 0.2442 0.2442 0.2442 0.2442 0.1972 0.1972 0.1972 0.1972 0.1972 0.1972 0.1972 0.1730 98.3094 98.3094 59.1452 1.4429 
fa2 = 0.9733 0.3343 0.3343 0.3343 0.3343 0.3343 0.3343 0.3343 0.2440 0.2440 0.2440 0.2440 0.2440 0.2440 0.2440 0.1971 0.1971 0.1971 0.1971 0.1971 0.1971 0.1971 0.1729 100.0755 100.0755 60.0376 1.4349 
fa3 = 0.9733 0.3343 0.3343 0.3343 0.3343 0.3343 0.3343 0.3343 0.2440 0.2440 0.2440 0.2440 0.2440 0.2440 0.2440 0.1971 0.1971 0.1971 0.1971 0.1971 0.1971 0.1971 0.1729 100.1074 100.1074 60.0511 1.4349 
fa4 = 0.9724 0.3339 0.3339 0.3339 0.3339 0.3339 0.3339 0.3339 0.2438 0.2438 0.2438 0.2438 0.2438 0.2438 0.2438 0.1970 0.1970 0.1970 0.1970 0.1970 0.1970 0.1970 0.1729 101.9266 101.9266 60.9648 1.4269 
fb1 = -0.2205 -0.2450 -0.2450 -0.2450 -0.2450 -0.2450 -0.2450 -0.2450 -0.2554 -0.2554 -0.2554 -0.2554 -0.2554 -0.2554 -0.2554 -0.2656 -0.2656 -0.2656 -0.2656 -0.2656 -0.2656 -0.2656 -0.2743 0.1194 0.1194 0.0777 -0.0977 
fb2 = -0.2204 -0.2449 -0.2449 -0.2449 -0.2449 -0.2449 -0.2449 -0.2449 -0.2554 -0.2554 -0.2554 -0.2554 -0.2554 -0.2554 -0.2554 -0.2655 -0.2655 -0.2655 -0.2655 -0.2655 -0.2655 -0.2655 -0.2742 0.1213 0.1213 0.0789 -0.0977 
fb3 = -0.2204 -0.2449 -0.2449 -0.2449 -0.2449 -0.2449 -0.2449 -0.2449 -0.2554 -0.2554 -0.2554 -0.2554 -0.2554 -0.2554 -0.2554 -0.2655 -0.2655 -0.2655 -0.2655 -0.2655 -0.2655 -0.2655 -0.2742 0.1214 0.1214 0.0789 -0.0977 
fb4 = -0.2204 -0.2449 -0.2449 -0.2449 -0.2449 -0.2449 -0.2449 -0.2449 -0.2553 -0.2553 -0.2553 -0.2553 -0.2553 -0.2553 -0.2553 -0.2654 -0.2654 -0.2654 -0.2654 -0.2654 -0.2654 -0.2654 -0.2741 0.1234 0.1234 0.0801 -0.0977 
I = 14.9000 9.4000 9.4000 9.4000 9.4000 9.4000 9.4000 9.4000 6.0000 6.0000 6.0000 6.0000 6.0000 6.0000 6.0000 2.0000 2.0000 2.0000 2.0000 2.0000 2.0000 2.0000 -2.0000 25.1695 25.1695 10.0000 -1.6470 
S1 = 0.0000 0.0000 0.0000 0.0000 0.0000 0.0000 0.0000 0.0000 0.0000 0.0000 0.0000 0.0000 0.0000 0.0000 0.0000 0.0000 0.0000 0.0000 0.0000 0.0000 0.0000 0.0000 0.0000 0.0000 0.0000 0.0000 0.0000 
S2 = 0.0000 0.0000 0.0000 0.0000 0.0000 0.0000 0.0000 0.0000 0.0000 0.0000 0.0000 0.0000 0.0000 0.0000 0.0000 0.0000 0.0000 0.0000 0.0000 0.0000 0.0000 0.0000 0.0000 1.1695 1.1695 0.0000 9.3530 
u = 8.7433 8.6629 8.6629 8.6629 8.6629 8.6629 8.6629 8.6629 8.6228 8.6228 8.6228 8.6228 8.6228 8.6228 8.6228 8.5812 8.5812 8.5812 8.5812 8.5812 8.5812 8.5812 8.5438 10.4689 10.4689 11.1317 9.4250 
v = 32.3384 25.4099 25.4099 25.4099 25.4099 25.4099 25.4099 25.4099 22.4031 22.4031 22.4031 22.4031 22.4031 22.4031 22.4031 19.4527 19.4527 19.4527 19.4527 19.4527 19.4527 19.4527 16.9047 83.1825 83.1825 75.6924 22.7107 
