ExternalI = 5.5000 0.0000 0.0000 0.0000 0.0000 0.0000 0.0000 0.0000 4.0000 4.0000 4.0000 4.0000 4.0000 4.0000 4.0000 0.0000 0.0000 0.0000 0.0000 0.0000 0.0000 0.0000 0.0000 8.0000 8.0000 0.0000 0.0000 
before u = 8.7433 8.6629 8.6629 8.6629 8.6629 8.6629 8.6629 8.6629 8.6228 8.6228 8.6228 8.6228 8.6228 8.6228 8.6228 8.5812 8.5812 8.5812 8.5812 8.5812 8.5812 8.5812 8.5438 10.4689 10.4689 11.1317 9.4250 
before v = 32.3384 25.4099 25.4099 25.4099 25.4099 25.4099 25.4099 25.4099 22.4031 22.4031 22.4031 22.4031 22.4031 22.4031 22.4031 19.4527 19.4527 19.4527 19.4527 19.4527 19.4527 19.4527 16.9047 83.1825 83.1825 75.6924 22.7107 
Ibias = 9.4000 9.4000 9.4000 9.4000 9.4000 9.4000 9.4000 9.4000 2.0000 2.0000 2.0000 2.0000 2.0000 2.0000 2.0000 2.0000 2.0000 2.0000 2.0000 2.0000 2.0000 2.0000 -2.0000 16.0000 16.0000 10.0000 -11.0000 
fa1 = 0.9724 0.3339 0.3339 0.3339 0.3339 0.3339 0.3339 0.3339 0.2438 0.2438 0.2438 0.2438 0.2438 0.2438 0.2438 0.1970 0.1970 0.1970 0.1970 0.1970 0.1970 0.1970 0.1729 101.9240 101.9240 60.9647 1.4082 
fa2 = 0.9715 0.3335 0.3335 0.3335 0.3335 0.3335 0.3335 0.3335 0.2436 0.2436 0.2436 0.2436 0.2436 0.2436 0.2436 0.1969 0.1969 0.1969 0.1969 0.1969 0.1969 0.1969 0.1728 103.7962 103.7962 61.8993 1.4004 
fa3 = 0.9715 0.3335 0.3335 0.3335 0.3335 0.3335 0.3335 0.3335 0.2436 0.2436 0.2436 0.2436 0.2436 0.2436 0.2436 0.1969 0.1969 0.1969 0.1969 0.1969 0.1969 0.1969 0.1728 103.8308 103.8308 61.9137 1.4004 
fa4 = 0.9706 0.3331 0.3331 0.3331 0.3331 0.3331 0.3331 0.3331 0.2434 0.2434 0.2434 0.2434 0.2434 0.2434 0.2434 0.1968 0.1968 0.1968 0.1968 0.1968 0.1968 0.1968 0.1728 105.7605 105.7605 62.8709 1.3926 
fb1 = -0.2204 -0.2449 -0.2449 -0.2449 -0.2449 -0.2449 -0.2449 -0.2449 -0.2553 -0.2553 -0.2553 -0.2553 -0.2553 -0.2553 -0.2553 -0.2654 -0.2654 -0.2654 -0.2654 -0.2654 -0.2654 -0.2654 -0.2741 0.1234 0.1234 0.0801 -0.0977 
fb2 = -0.2203 -0.2448 -0.2448 -0.2448 -0.2448 -0.2448 -0.2448 -0.2448 -0.2552 -0.2552 -0.2552 -0.2552 -0.2552 -0.2552 -0.2552 -0.2654 -0.2654 -0.2654 -0.2654 -0.2654 -0.2654 -0.2654 -0.2741 0.1254 0.1254 0.0813 -0.0976 
fb3 = -0.2203 -0.2448 -0.2448 -0.2448 -0.2448 -0.2448 -0.2448 -0.2448 -0.2552 -0.2552 -0.2552 -0.2552 -0.2552 -0.2552 -0.2552 -0.2654 -0.2654 -0.2654 -0.2654 -0.2654 -0.2654 -0.2654 -0.2741 0.1254 0.1254 0.0814 -0.0976 
fb4 = -0.2203 -0.2448 -0.2448 -0.2448 -0.2448 -0.2448 -0.2448 -0.2448 -0.2552 -0.2552 -0.2552 -0.2552 -0.2552 -0.2552 -0.2552 -0.2653 -0.2653 -0.2653 -0.2653 -0.2653 -0.2653 -0.2653 -0.2740 0.1275 0.1275 0.0826 -0.0976 
I = 14.9000 9.4000 9.4000 9.4000 9.4000 9.4000 9.4000 9.4000 6.0000 6.0000 6.0000 6.0000 6.0000 6.0000 6.0000 2.0000 2.0000 2.0000 2.0000 2.0000 2.0000 2.0000 -2.0000 25.1671 25.1671 10.0000 -1.6657 
S1 = 0.0000 0.0000 0.0000 0.0000 0.0000 0.0000 0.0000 0.0000 0.0000 0.0000 0.0000 0.0000 0.0000 0.0000 0.0000 0.0000 0.0000 0.0000 0.0000 0.0000 0.0000 0.0000 0.0000 0.0000 0.0000 0.0000 0.0000 
S2 = 0.0000 0.0000 0.0000 0.0000 0.0000 0.0000 0.0000 0.0000 0.0000 0.0000 0.0000 0.0000 0.0000 0.0000 0.0000 0.0000 0.0000 0.0000 0.0000 0.0000 0.0000 0.0000 0.0000 1.1671 1.1671 0.0000 9.3343 
u = 8.7411 8.6604 8.6604 8.6604 8.6604 8.6604 8.6604 8.6604 8.6203 8.6203 8.6203 8.6203 8.6203 8.6203 8.6203 8.5785 8.5785 8.5785 8.5785 8.5785 8.5785 8.5785 8.5411 10.4701 10.4701 11.1325 9.4240 
v = 32.3481 25.4133 25.4133 25.4133 25.4133 25.4133 25.4133 25.4133 22.4055 22.4055 22.4055 22.4055 22.4055 22.4055 22.4055 19.4547 19.4547 19.4547 19.4547 19.4547 19.4547 19.4547 16.9064 84.2208 84.2208 76.3115 22.7247 
