ExternalI = 5.5000 0.0000 0.0000 0.0000 0.0000 0.0000 0.0000 0.0000 4.0000 4.0000 4.0000 4.0000 4.0000 4.0000 4.0000 0.0000 0.0000 0.0000 0.0000 0.0000 0.0000 0.0000 0.0000 8.0000 8.0000 0.0000 0.0000 
before u = 8.7411 8.6604 8.6604 8.6604 8.6604 8.6604 8.6604 8.6604 8.6203 8.6203 8.6203 8.6203 8.6203 8.6203 8.6203 8.5785 8.5785 8.5785 8.5785 8.5785 8.5785 8.5785 8.5411 10.4701 10.4701 11.1325 9.4240 
before v = 32.3481 25.4133 25.4133 25.4133 25.4133 25.4133 25.4133 25.4133 22.4055 22.4055 22.4055 22.4055 22.4055 22.4055 22.4055 19.4547 19.4547 19.4547 19.4547 19.4547 19.4547 19.4547 16.9064 84.2208 84.2208 76.3115 22.7247 
Ibias = 9.4000 9.4000 9.4000 9.4000 9.4000 9.4000 9.4000 9.4000 2.0000 2.0000 2.0000 2.0000 2.0000 2.0000 2.0000 2.0000 2.0000 2.0000 2.0000 2.0000 2.0000 2.0000 -2.0000 16.0000 16.0000 10.0000 -11.0000 
fa1 = 0.9706 0.3331 0.3331 0.3331 0.3331 0.3331 0.3331 0.3331 0.2434 0.2434 0.2434 0.2434 0.2434 0.2434 0.2434 0.1968 0.1968 0.1968 0.1968 0.1968 0.1968 0.1968 0.1728 105.7578 105.7578 62.8708 1.3739 
fa2 = 0.9697 0.3327 0.3327 0.3327 0.3327 0.3327 0.3327 0.3327 0.2433 0.2433 0.2433 0.2433 0.2433 0.2433 0.2433 0.1967 0.1967 0.1967 0.1967 0.1967 0.1967 0.1967 0.1727 107.7448 107.7448 63.8504 1.3663 
fa3 = 0.9697 0.3327 0.3327 0.3327 0.3327 0.3327 0.3327 0.3327 0.2433 0.2433 0.2433 0.2433 0.2433 0.2433 0.2433 0.1967 0.1967 0.1967 0.1967 0.1967 0.1967 0.1967 0.1727 107.7824 107.7824 63.8657 1.3664 
fa4 = 0.9688 0.3324 0.3324 0.3324 0.3324 0.3324 0.3324 0.3324 0.2431 0.2431 0.2431 0.2431 0.2431 0.2431 0.2431 0.1966 0.1966 0.1966 0.1966 0.1966 0.1966 0.1966 0.1727 109.8315 109.8315 64.8692 1.3588 
fb1 = -0.2203 -0.2448 -0.2448 -0.2448 -0.2448 -0.2448 -0.2448 -0.2448 -0.2552 -0.2552 -0.2552 -0.2552 -0.2552 -0.2552 -0.2552 -0.2653 -0.2653 -0.2653 -0.2653 -0.2653 -0.2653 -0.2653 -0.2740 0.1275 0.1275 0.0826 -0.0976 
fb2 = -0.2202 -0.2447 -0.2447 -0.2447 -0.2447 -0.2447 -0.2447 -0.2447 -0.2551 -0.2551 -0.2551 -0.2551 -0.2551 -0.2551 -0.2551 -0.2653 -0.2653 -0.2653 -0.2653 -0.2653 -0.2653 -0.2653 -0.2740 0.1296 0.1296 0.0838 -0.0975 
fb3 = -0.2202 -0.2447 -0.2447 -0.2447 -0.2447 -0.2447 -0.2447 -0.2447 -0.2551 -0.2551 -0.2551 -0.2551 -0.2551 -0.2551 -0.2551 -0.2653 -0.2653 -0.2653 -0.2653 -0.2653 -0.2653 -0.2653 -0.2740 0.1296 0.1296 0.0839 -0.0975 
fb4 = -0.2201 -0.2447 -0.2447 -0.2447 -0.2447 -0.2447 -0.2447 -0.2447 -0.2551 -0.2551 -0.2551 -0.2551 -0.2551 -0.2551 -0.2551 -0.2652 -0.2652 -0.2652 -0.2652 -0.2652 -0.2652 -0.2652 -0.2739 0.1318 0.1318 0.0851 -0.0975 
I = 14.9000 9.4000 9.4000 9.4000 9.4000 9.4000 9.4000 9.4000 6.0000 6.0000 6.0000 6.0000 6.0000 6.0000 6.0000 2.0000 2.0000 2.0000 2.0000 2.0000 2.0000 2.0000 -2.0000 25.1648 25.1648 10.0000 -1.6844 
S1 = 0.0000 0.0000 0.0000 0.0000 0.0000 0.0000 0.0000 0.0000 0.0000 0.0000 0.0000 0.0000 0.0000 0.0000 0.0000 0.0000 0.0000 0.0000 0.0000 0.0000 0.0000 0.0000 0.0000 0.0000 0.0000 0.0000 0.0000 
S2 = 0.0000 0.0000 0.0000 0.0000 0.0000 0.0000 0.0000 0.0000 0.0000 0.0000 0.0000 0.0000 0.0000 0.0000 0.0000 0.0000 0.0000 0.0000 0.0000 0.0000 0.0000 0.0000 0.0000 1.1648 1.1648 0.0000 9.3156 
u = 8.7389 8.6580 8.6580 8.6580 8.6580 8.6580 8.6580 8.6580 8.6177 8.6177 8.6177 8.6177 8.6177 8.6177 8.6177 8.5759 8.5759 8.5759 8.5759 8.5759 8.5759 8.5759 8.5383 10.4714 10.4714 11.1334 9.4230 
v = 32.3578 25.4166 25.4166 25.4166 25.4166 25.4166 25.4166 25.4166 22.4080 22.4080 22.4080 22.4080 22.4080 22.4080 22.4080 19.4567 19.4567 19.4567 19.4567 19.4567 19.4567 19.4567 16.9081 85.2985 85.2985 76.9501 22.7384 
