ExternalI = 5.5000 0.0000 0.0000 0.0000 0.0000 0.0000 0.0000 0.0000 4.0000 4.0000 4.0000 4.0000 4.0000 4.0000 4.0000 0.0000 0.0000 0.0000 0.0000 0.0000 0.0000 0.0000 0.0000 8.0000 8.0000 0.0000 0.0000 
before u = 8.7389 8.6580 8.6580 8.6580 8.6580 8.6580 8.6580 8.6580 8.6177 8.6177 8.6177 8.6177 8.6177 8.6177 8.6177 8.5759 8.5759 8.5759 8.5759 8.5759 8.5759 8.5759 8.5383 10.4714 10.4714 11.1334 9.4230 
before v = 32.3578 25.4166 25.4166 25.4166 25.4166 25.4166 25.4166 25.4166 22.4080 22.4080 22.4080 22.4080 22.4080 22.4080 22.4080 19.4567 19.4567 19.4567 19.4567 19.4567 19.4567 19.4567 16.9081 85.2985 85.2985 76.9501 22.7384 
Ibias = 9.4000 9.4000 9.4000 9.4000 9.4000 9.4000 9.4000 9.4000 2.0000 2.0000 2.0000 2.0000 2.0000 2.0000 2.0000 2.0000 2.0000 2.0000 2.0000 2.0000 2.0000 2.0000 -2.0000 16.0000 16.0000 10.0000 -11.0000 
fa1 = 0.9688 0.3324 0.3324 0.3324 0.3324 0.3324 0.3324 0.3324 0.2431 0.2431 0.2431 0.2431 0.2431 0.2431 0.2431 0.1966 0.1966 0.1966 0.1966 0.1966 0.1966 0.1966 0.1727 109.8289 109.8289 64.8691 1.3401 
fa2 = 0.9679 0.3320 0.3320 0.3320 0.3320 0.3320 0.3320 0.3320 0.2429 0.2429 0.2429 0.2429 0.2429 0.2429 0.2429 0.1965 0.1965 0.1965 0.1965 0.1965 0.1965 0.1965 0.1726 111.9402 111.9402 65.8965 1.3327 
fa3 = 0.9679 0.3320 0.3320 0.3320 0.3320 0.3320 0.3320 0.3320 0.2429 0.2429 0.2429 0.2429 0.2429 0.2429 0.2429 0.1965 0.1965 0.1965 0.1965 0.1965 0.1965 0.1965 0.1726 111.9810 111.9810 65.9129 1.3328 
fa4 = 0.9670 0.3316 0.3316 0.3316 0.3316 0.3316 0.3316 0.3316 0.2427 0.2427 0.2427 0.2427 0.2427 0.2427 0.2427 0.1964 0.1964 0.1964 0.1964 0.1964 0.1964 0.1964 0.1726 114.1597 114.1597 66.9658 1.3254 
fb1 = -0.2201 -0.2447 -0.2447 -0.2447 -0.2447 -0.2447 -0.2447 -0.2447 -0.2551 -0.2551 -0.2551 -0.2551 -0.2551 -0.2551 -0.2551 -0.2652 -0.2652 -0.2652 -0.2652 -0.2652 -0.2652 -0.2652 -0.2739 0.1318 0.1318 0.0851 -0.0975 
fb2 = -0.2201 -0.2446 -0.2446 -0.2446 -0.2446 -0.2446 -0.2446 -0.2446 -0.2550 -0.2550 -0.2550 -0.2550 -0.2550 -0.2550 -0.2550 -0.2652 -0.2652 -0.2652 -0.2652 -0.2652 -0.2652 -0.2652 -0.2738 0.1339 0.1339 0.0864 -0.0975 
fb3 = -0.2201 -0.2446 -0.2446 -0.2446 -0.2446 -0.2446 -0.2446 -0.2446 -0.2550 -0.2550 -0.2550 -0.2550 -0.2550 -0.2550 -0.2550 -0.2652 -0.2652 -0.2652 -0.2652 -0.2652 -0.2652 -0.2652 -0.2738 0.1340 0.1340 0.0864 -0.0975 
fb4 = -0.2200 -0.2445 -0.2445 -0.2445 -0.2445 -0.2445 -0.2445 -0.2445 -0.2550 -0.2550 -0.2550 -0.2550 -0.2550 -0.2550 -0.2550 -0.2651 -0.2651 -0.2651 -0.2651 -0.2651 -0.2651 -0.2651 -0.2738 0.1362 0.1362 0.0878 -0.0974 
I = 14.9000 9.4000 9.4000 9.4000 9.4000 9.4000 9.4000 9.4000 6.0000 6.0000 6.0000 6.0000 6.0000 6.0000 6.0000 2.0000 2.0000 2.0000 2.0000 2.0000 2.0000 2.0000 -2.0000 25.1625 25.1625 10.0000 -1.7030 
S1 = 0.0000 0.0000 0.0000 0.0000 0.0000 0.0000 0.0000 0.0000 0.0000 0.0000 0.0000 0.0000 0.0000 0.0000 0.0000 0.0000 0.0000 0.0000 0.0000 0.0000 0.0000 0.0000 0.0000 0.0000 0.0000 0.0000 0.0000 
S2 = 0.0000 0.0000 0.0000 0.0000 0.0000 0.0000 0.0000 0.0000 0.0000 0.0000 0.0000 0.0000 0.0000 0.0000 0.0000 0.0000 0.0000 0.0000 0.0000 0.0000 0.0000 0.0000 0.0000 1.1625 1.1625 0.0000 9.2970 
u = 8.7367 8.6555 8.6555 8.6555 8.6555 8.6555 8.6555 8.6555 8.6152 8.6152 8.6152 8.6152 8.6152 8.6152 8.6152 8.5732 8.5732 8.5732 8.5732 8.5732 8.5732 8.5732 8.5356 10.4728 10.4728 11.1342 9.4221 
v = 32.3675 25.4199 25.4199 25.4199 25.4199 25.4199 25.4199 25.4199 22.4104 22.4104 22.4104 22.4104 22.4104 22.4104 22.4104 19.4586 19.4586 19.4586 19.4586 19.4586 19.4586 19.4586 16.9099 86.4182 86.4182 77.6092 22.7517 
