ExternalI = 5.5000 0.0000 0.0000 0.0000 0.0000 0.0000 0.0000 0.0000 4.0000 4.0000 4.0000 4.0000 4.0000 4.0000 4.0000 0.0000 0.0000 0.0000 0.0000 0.0000 0.0000 0.0000 0.0000 8.0000 8.0000 0.0000 0.0000 
before u = 8.7367 8.6555 8.6555 8.6555 8.6555 8.6555 8.6555 8.6555 8.6152 8.6152 8.6152 8.6152 8.6152 8.6152 8.6152 8.5732 8.5732 8.5732 8.5732 8.5732 8.5732 8.5732 8.5356 10.4728 10.4728 11.1342 9.4221 
before v = 32.3675 25.4199 25.4199 25.4199 25.4199 25.4199 25.4199 25.4199 22.4104 22.4104 22.4104 22.4104 22.4104 22.4104 22.4104 19.4586 19.4586 19.4586 19.4586 19.4586 19.4586 19.4586 16.9099 86.4182 86.4182 77.6092 22.7517 
Ibias = 9.4000 9.4000 9.4000 9.4000 9.4000 9.4000 9.4000 9.4000 2.0000 2.0000 2.0000 2.0000 2.0000 2.0000 2.0000 2.0000 2.0000 2.0000 2.0000 2.0000 2.0000 2.0000 -2.0000 16.0000 16.0000 10.0000 -11.0000 
fa1 = 0.9670 0.3316 0.3316 0.3316 0.3316 0.3316 0.3316 0.3316 0.2427 0.2427 0.2427 0.2427 0.2427 0.2427 0.2427 0.1964 0.1964 0.1964 0.1964 0.1964 0.1964 0.1964 0.1726 114.1570 114.1570 66.9657 1.3068 
fa2 = 0.9661 0.3312 0.3312 0.3312 0.3312 0.3312 0.3312 0.3312 0.2425 0.2425 0.2425 0.2425 0.2425 0.2425 0.2425 0.1963 0.1963 0.1963 0.1963 0.1963 0.1963 0.1963 0.1725 116.4031 116.4031 68.0441 1.2996 
fa3 = 0.9661 0.3312 0.3312 0.3312 0.3312 0.3312 0.3312 0.3312 0.2425 0.2425 0.2425 0.2425 0.2425 0.2425 0.2425 0.1963 0.1963 0.1963 0.1963 0.1963 0.1963 0.1963 0.1725 116.4476 116.4476 68.0616 1.2996 
fa4 = 0.9653 0.3308 0.3308 0.3308 0.3308 0.3308 0.3308 0.3308 0.2423 0.2423 0.2423 0.2423 0.2423 0.2423 0.2423 0.1962 0.1962 0.1962 0.1962 0.1962 0.1962 0.1962 0.1725 118.7670 118.7670 69.1673 1.2924 
fb1 = -0.2200 -0.2445 -0.2445 -0.2445 -0.2445 -0.2445 -0.2445 -0.2445 -0.2550 -0.2550 -0.2550 -0.2550 -0.2550 -0.2550 -0.2550 -0.2651 -0.2651 -0.2651 -0.2651 -0.2651 -0.2651 -0.2651 -0.2738 0.1362 0.1362 0.0878 -0.0974 
fb2 = -0.2199 -0.2445 -0.2445 -0.2445 -0.2445 -0.2445 -0.2445 -0.2445 -0.2549 -0.2549 -0.2549 -0.2549 -0.2549 -0.2549 -0.2549 -0.2650 -0.2650 -0.2650 -0.2650 -0.2650 -0.2650 -0.2650 -0.2737 0.1385 0.1385 0.0891 -0.0974 
fb3 = -0.2199 -0.2445 -0.2445 -0.2445 -0.2445 -0.2445 -0.2445 -0.2445 -0.2549 -0.2549 -0.2549 -0.2549 -0.2549 -0.2549 -0.2549 -0.2650 -0.2650 -0.2650 -0.2650 -0.2650 -0.2650 -0.2650 -0.2737 0.1385 0.1385 0.0891 -0.0974 
fb4 = -0.2199 -0.2444 -0.2444 -0.2444 -0.2444 -0.2444 -0.2444 -0.2444 -0.2549 -0.2549 -0.2549 -0.2549 -0.2549 -0.2549 -0.2549 -0.2650 -0.2650 -0.2650 -0.2650 -0.2650 -0.2650 -0.2650 -0.2737 0.1408 0.1408 0.0905 -0.0974 
I = 14.9000 9.4000 9.4000 9.4000 9.4000 9.4000 9.4000 9.4000 6.0000 6.0000 6.0000 6.0000 6.0000 6.0000 6.0000 2.0000 2.0000 2.0000 2.0000 2.0000 2.0000 2.0000 -2.0000 25.1601 25.1601 10.0000 -1.7216 
S1 = 0.0000 0.0000 0.0000 0.0000 0.0000 0.0000 0.0000 0.0000 0.0000 0.0000 0.0000 0.0000 0.0000 0.0000 0.0000 0.0000 0.0000 0.0000 0.0000 0.0000 0.0000 0.0000 0.0000 0.0000 0.0000 0.0000 0.0000 
S2 = 0.0000 0.0000 0.0000 0.0000 0.0000 0.0000 0.0000 0.0000 0.0000 0.0000 0.0000 0.0000 0.0000 0.0000 0.0000 0.0000 0.0000 0.0000 0.0000 0.0000 0.0000 0.0000 0.0000 1.1601 1.1601 0.0000 9.2784 
u = 8.7345 8.6531 8.6531 8.6531 8.6531 8.6531 8.6531 8.6531 8.6126 8.6126 8.6126 8.6126 8.6126 8.6126 8.6126 8.5706 8.5706 8.5706 8.5706 8.5706 8.5706 8.5706 8.5329 10.4741 10.4741 11.1351 9.4211 
v = 32.3772 25.4232 25.4232 25.4232 25.4232 25.4232 25.4232 25.4232 22.4128 22.4128 22.4128 22.4128 22.4128 22.4128 22.4128 19.4606 19.4606 19.4606 19.4606 19.4606 19.4606 19.4606 16.9116 87.5826 87.5826 78.2898 22.7647 
