ExternalI = 5.5000 0.0000 0.0000 0.0000 0.0000 0.0000 0.0000 0.0000 4.0000 4.0000 4.0000 4.0000 4.0000 4.0000 4.0000 0.0000 0.0000 0.0000 0.0000 0.0000 0.0000 0.0000 0.0000 8.0000 8.0000 0.0000 0.0000 
before u = 8.7345 8.6531 8.6531 8.6531 8.6531 8.6531 8.6531 8.6531 8.6126 8.6126 8.6126 8.6126 8.6126 8.6126 8.6126 8.5706 8.5706 8.5706 8.5706 8.5706 8.5706 8.5706 8.5329 10.4741 10.4741 11.1351 9.4211 
before v = 32.3772 25.4232 25.4232 25.4232 25.4232 25.4232 25.4232 25.4232 22.4128 22.4128 22.4128 22.4128 22.4128 22.4128 22.4128 19.4606 19.4606 19.4606 19.4606 19.4606 19.4606 19.4606 16.9116 87.5826 87.5826 78.2898 22.7647 
Ibias = 9.4000 9.4000 9.4000 9.4000 9.4000 9.4000 9.4000 9.4000 2.0000 2.0000 2.0000 2.0000 2.0000 2.0000 2.0000 2.0000 2.0000 2.0000 2.0000 2.0000 2.0000 2.0000 -2.0000 16.0000 16.0000 10.0000 -11.0000 
fa1 = 0.9653 0.3308 0.3308 0.3308 0.3308 0.3308 0.3308 0.3308 0.2423 0.2423 0.2423 0.2423 0.2423 0.2423 0.2423 0.1962 0.1962 0.1962 0.1962 0.1962 0.1962 0.1962 0.1725 118.7643 118.7643 69.1671 1.2739 
fa2 = 0.9644 0.3305 0.3305 0.3305 0.3305 0.3305 0.3305 0.3305 0.2421 0.2421 0.2421 0.2421 0.2421 0.2421 0.2421 0.1961 0.1961 0.1961 0.1961 0.1961 0.1961 0.1961 0.1724 121.1569 121.1569 70.3000 1.2669 
fa3 = 0.9644 0.3305 0.3305 0.3305 0.3305 0.3305 0.3305 0.3305 0.2421 0.2421 0.2421 0.2421 0.2421 0.2421 0.2421 0.1961 0.1961 0.1961 0.1961 0.1961 0.1961 0.1961 0.1724 121.2054 121.2054 70.3186 1.2669 
fa4 = 0.9635 0.3301 0.3301 0.3301 0.3301 0.3301 0.3301 0.3301 0.2419 0.2419 0.2419 0.2419 0.2419 0.2419 0.2419 0.1961 0.1961 0.1961 0.1961 0.1961 0.1961 0.1961 0.1724 123.6779 123.6779 71.4806 1.2599 
fb1 = -0.2199 -0.2444 -0.2444 -0.2444 -0.2444 -0.2444 -0.2444 -0.2444 -0.2549 -0.2549 -0.2549 -0.2549 -0.2549 -0.2549 -0.2549 -0.2650 -0.2650 -0.2650 -0.2650 -0.2650 -0.2650 -0.2650 -0.2737 0.1408 0.1408 0.0905 -0.0974 
fb2 = -0.2198 -0.2444 -0.2444 -0.2444 -0.2444 -0.2444 -0.2444 -0.2444 -0.2548 -0.2548 -0.2548 -0.2548 -0.2548 -0.2548 -0.2548 -0.2649 -0.2649 -0.2649 -0.2649 -0.2649 -0.2649 -0.2649 -0.2736 0.1432 0.1432 0.0918 -0.0973 
fb3 = -0.2198 -0.2444 -0.2444 -0.2444 -0.2444 -0.2444 -0.2444 -0.2444 -0.2548 -0.2548 -0.2548 -0.2548 -0.2548 -0.2548 -0.2548 -0.2649 -0.2649 -0.2649 -0.2649 -0.2649 -0.2649 -0.2649 -0.2736 0.1433 0.1433 0.0919 -0.0973 
fb4 = -0.2197 -0.2443 -0.2443 -0.2443 -0.2443 -0.2443 -0.2443 -0.2443 -0.2547 -0.2547 -0.2547 -0.2547 -0.2547 -0.2547 -0.2547 -0.2649 -0.2649 -0.2649 -0.2649 -0.2649 -0.2649 -0.2649 -0.2736 0.1457 0.1457 0.0933 -0.0973 
I = 14.9000 9.4000 9.4000 9.4000 9.4000 9.4000 9.4000 9.4000 6.0000 6.0000 6.0000 6.0000 6.0000 6.0000 6.0000 2.0000 2.0000 2.0000 2.0000 2.0000 2.0000 2.0000 -2.0000 25.1578 25.1578 10.0000 -1.7402 
S1 = 0.0000 0.0000 0.0000 0.0000 0.0000 0.0000 0.0000 0.0000 0.0000 0.0000 0.0000 0.0000 0.0000 0.0000 0.0000 0.0000 0.0000 0.0000 0.0000 0.0000 0.0000 0.0000 0.0000 0.0000 0.0000 0.0000 0.0000 
S2 = 0.0000 0.0000 0.0000 0.0000 0.0000 0.0000 0.0000 0.0000 0.0000 0.0000 0.0000 0.0000 0.0000 0.0000 0.0000 0.0000 0.0000 0.0000 0.0000 0.0000 0.0000 0.0000 0.0000 1.1578 1.1578 0.0000 9.2598 
u = 8.7323 8.6507 8.6507 8.6507 8.6507 8.6507 8.6507 8.6507 8.6101 8.6101 8.6101 8.6101 8.6101 8.6101 8.6101 8.5679 8.5679 8.5679 8.5679 8.5679 8.5679 8.5679 8.5301 10.4756 10.4756 11.1361 9.4201 
v = 32.3868 25.4265 25.4265 25.4265 25.4265 25.4265 25.4265 25.4265 22.4152 22.4152 22.4152 22.4152 22.4152 22.4152 22.4152 19.4625 19.4625 19.4625 19.4625 19.4625 19.4625 19.4625 16.9133 88.7945 88.7945 78.9929 22.7774 
