ExternalI = 5.5000 0.0000 0.0000 0.0000 0.0000 0.0000 0.0000 0.0000 4.0000 4.0000 4.0000 4.0000 4.0000 4.0000 4.0000 0.0000 0.0000 0.0000 0.0000 0.0000 0.0000 0.0000 0.0000 8.0000 8.0000 0.0000 0.0000 
before u = 8.7323 8.6507 8.6507 8.6507 8.6507 8.6507 8.6507 8.6507 8.6101 8.6101 8.6101 8.6101 8.6101 8.6101 8.6101 8.5679 8.5679 8.5679 8.5679 8.5679 8.5679 8.5679 8.5301 10.4756 10.4756 11.1361 9.4201 
before v = 32.3868 25.4265 25.4265 25.4265 25.4265 25.4265 25.4265 25.4265 22.4152 22.4152 22.4152 22.4152 22.4152 22.4152 22.4152 19.4625 19.4625 19.4625 19.4625 19.4625 19.4625 19.4625 16.9133 88.7945 88.7945 78.9929 22.7774 
Ibias = 9.4000 9.4000 9.4000 9.4000 9.4000 9.4000 9.4000 9.4000 2.0000 2.0000 2.0000 2.0000 2.0000 2.0000 2.0000 2.0000 2.0000 2.0000 2.0000 2.0000 2.0000 2.0000 -2.0000 16.0000 16.0000 10.0000 -11.0000 
fa1 = 0.9635 0.3301 0.3301 0.3301 0.3301 0.3301 0.3301 0.3301 0.2419 0.2419 0.2419 0.2419 0.2419 0.2419 0.2419 0.1961 0.1961 0.1961 0.1961 0.1961 0.1961 0.1961 0.1724 123.6751 123.6751 71.4805 1.2414 
fa2 = 0.9626 0.3297 0.3297 0.3297 0.3297 0.3297 0.3297 0.3297 0.2417 0.2417 0.2417 0.2417 0.2417 0.2417 0.2417 0.1960 0.1960 0.1960 0.1960 0.1960 0.1960 0.1960 0.1723 126.2272 126.2272 72.6715 1.2346 
fa3 = 0.9626 0.3297 0.3297 0.3297 0.3297 0.3297 0.3297 0.3297 0.2417 0.2417 0.2417 0.2417 0.2417 0.2417 0.2417 0.1960 0.1960 0.1960 0.1960 0.1960 0.1960 0.1960 0.1723 126.2802 126.2802 72.6914 1.2346 
fa4 = 0.9618 0.3294 0.3294 0.3294 0.3294 0.3294 0.3294 0.3294 0.2416 0.2416 0.2416 0.2416 0.2416 0.2416 0.2416 0.1959 0.1959 0.1959 0.1959 0.1959 0.1959 0.1959 0.1722 128.9194 128.9194 73.9136 1.2278 
fb1 = -0.2197 -0.2443 -0.2443 -0.2443 -0.2443 -0.2443 -0.2443 -0.2443 -0.2547 -0.2547 -0.2547 -0.2547 -0.2547 -0.2547 -0.2547 -0.2649 -0.2649 -0.2649 -0.2649 -0.2649 -0.2649 -0.2649 -0.2736 0.1457 0.1457 0.0933 -0.0973 
fb2 = -0.2197 -0.2443 -0.2443 -0.2443 -0.2443 -0.2443 -0.2443 -0.2443 -0.2547 -0.2547 -0.2547 -0.2547 -0.2547 -0.2547 -0.2547 -0.2648 -0.2648 -0.2648 -0.2648 -0.2648 -0.2648 -0.2648 -0.2735 0.1481 0.1481 0.0947 -0.0973 
fb3 = -0.2197 -0.2443 -0.2443 -0.2443 -0.2443 -0.2443 -0.2443 -0.2443 -0.2547 -0.2547 -0.2547 -0.2547 -0.2547 -0.2547 -0.2547 -0.2648 -0.2648 -0.2648 -0.2648 -0.2648 -0.2648 -0.2648 -0.2735 0.1482 0.1482 0.0947 -0.0973 
fb4 = -0.2196 -0.2442 -0.2442 -0.2442 -0.2442 -0.2442 -0.2442 -0.2442 -0.2546 -0.2546 -0.2546 -0.2546 -0.2546 -0.2546 -0.2546 -0.2648 -0.2648 -0.2648 -0.2648 -0.2648 -0.2648 -0.2648 -0.2734 0.1507 0.1507 0.0961 -0.0972 
I = 14.9000 9.4000 9.4000 9.4000 9.4000 9.4000 9.4000 9.4000 6.0000 6.0000 6.0000 6.0000 6.0000 6.0000 6.0000 2.0000 2.0000 2.0000 2.0000 2.0000 2.0000 2.0000 -2.0000 25.1555 25.1555 10.0000 -1.7587 
S1 = 0.0000 0.0000 0.0000 0.0000 0.0000 0.0000 0.0000 0.0000 0.0000 0.0000 0.0000 0.0000 0.0000 0.0000 0.0000 0.0000 0.0000 0.0000 0.0000 0.0000 0.0000 0.0000 0.0000 0.0000 0.0000 0.0000 0.0000 
S2 = 0.0000 0.0000 0.0000 0.0000 0.0000 0.0000 0.0000 0.0000 0.0000 0.0000 0.0000 0.0000 0.0000 0.0000 0.0000 0.0000 0.0000 0.0000 0.0000 0.0000 0.0000 0.0000 0.0000 1.1555 1.1555 0.0000 9.2413 
u = 8.7301 8.6482 8.6482 8.6482 8.6482 8.6482 8.6482 8.6482 8.6075 8.6075 8.6075 8.6075 8.6075 8.6075 8.6075 8.5653 8.5653 8.5653 8.5653 8.5653 8.5653 8.5653 8.5274 10.4771 10.4771 11.1370 9.4192 
v = 32.3964 25.4298 25.4298 25.4298 25.4298 25.4298 25.4298 25.4298 22.4177 22.4177 22.4177 22.4177 22.4177 22.4177 22.4177 19.4645 19.4645 19.4645 19.4645 19.4645 19.4645 19.4645 16.9150 90.0572 90.0572 79.7198 22.7897 
