ExternalI = 5.5000 0.0000 0.0000 0.0000 0.0000 0.0000 0.0000 0.0000 4.0000 4.0000 4.0000 4.0000 4.0000 4.0000 4.0000 0.0000 0.0000 0.0000 0.0000 0.0000 0.0000 0.0000 0.0000 8.0000 8.0000 0.0000 0.0000 
before u = 8.7301 8.6482 8.6482 8.6482 8.6482 8.6482 8.6482 8.6482 8.6075 8.6075 8.6075 8.6075 8.6075 8.6075 8.6075 8.5653 8.5653 8.5653 8.5653 8.5653 8.5653 8.5653 8.5274 10.4771 10.4771 11.1370 9.4192 
before v = 32.3964 25.4298 25.4298 25.4298 25.4298 25.4298 25.4298 25.4298 22.4177 22.4177 22.4177 22.4177 22.4177 22.4177 22.4177 19.4645 19.4645 19.4645 19.4645 19.4645 19.4645 19.4645 16.9150 90.0572 90.0572 79.7198 22.7897 
Ibias = 9.4000 9.4000 9.4000 9.4000 9.4000 9.4000 9.4000 9.4000 2.0000 2.0000 2.0000 2.0000 2.0000 2.0000 2.0000 2.0000 2.0000 2.0000 2.0000 2.0000 2.0000 2.0000 -2.0000 16.0000 16.0000 10.0000 -11.0000 
fa1 = 0.9618 0.3294 0.3294 0.3294 0.3294 0.3294 0.3294 0.3294 0.2416 0.2416 0.2416 0.2416 0.2416 0.2416 0.2416 0.1959 0.1959 0.1959 0.1959 0.1959 0.1959 0.1959 0.1722 128.9166 128.9166 73.9134 1.2094 
fa2 = 0.9609 0.3290 0.3290 0.3290 0.3290 0.3290 0.3290 0.3290 0.2414 0.2414 0.2414 0.2414 0.2414 0.2414 0.2414 0.1958 0.1958 0.1958 0.1958 0.1958 0.1958 0.1958 0.1722 131.6426 131.6426 75.1667 1.2027 
fa3 = 0.9609 0.3290 0.3290 0.3290 0.3290 0.3290 0.3290 0.3290 0.2414 0.2414 0.2414 0.2414 0.2414 0.2414 0.2414 0.1958 0.1958 0.1958 0.1958 0.1958 0.1958 0.1958 0.1722 131.7006 131.7006 75.1880 1.2028 
fa4 = 0.9600 0.3286 0.3286 0.3286 0.3286 0.3286 0.3286 0.3286 0.2412 0.2412 0.2412 0.2412 0.2412 0.2412 0.2412 0.1957 0.1957 0.1957 0.1957 0.1957 0.1957 0.1957 0.1721 134.5219 134.5219 76.4746 1.1962 
fb1 = -0.2196 -0.2442 -0.2442 -0.2442 -0.2442 -0.2442 -0.2442 -0.2442 -0.2546 -0.2546 -0.2546 -0.2546 -0.2546 -0.2546 -0.2546 -0.2648 -0.2648 -0.2648 -0.2648 -0.2648 -0.2648 -0.2648 -0.2734 0.1507 0.1507 0.0961 -0.0972 
fb2 = -0.2196 -0.2442 -0.2442 -0.2442 -0.2442 -0.2442 -0.2442 -0.2442 -0.2546 -0.2546 -0.2546 -0.2546 -0.2546 -0.2546 -0.2546 -0.2647 -0.2647 -0.2647 -0.2647 -0.2647 -0.2647 -0.2647 -0.2734 0.1533 0.1533 0.0976 -0.0972 
fb3 = -0.2196 -0.2442 -0.2442 -0.2442 -0.2442 -0.2442 -0.2442 -0.2442 -0.2546 -0.2546 -0.2546 -0.2546 -0.2546 -0.2546 -0.2546 -0.2647 -0.2647 -0.2647 -0.2647 -0.2647 -0.2647 -0.2647 -0.2734 0.1533 0.1533 0.0976 -0.0972 
fb4 = -0.2195 -0.2441 -0.2441 -0.2441 -0.2441 -0.2441 -0.2441 -0.2441 -0.2545 -0.2545 -0.2545 -0.2545 -0.2545 -0.2545 -0.2545 -0.2646 -0.2646 -0.2646 -0.2646 -0.2646 -0.2646 -0.2646 -0.2733 0.1559 0.1559 0.0991 -0.0972 
I = 14.9000 9.4000 9.4000 9.4000 9.4000 9.4000 9.4000 9.4000 6.0000 6.0000 6.0000 6.0000 6.0000 6.0000 6.0000 2.0000 2.0000 2.0000 2.0000 2.0000 2.0000 2.0000 -2.0000 25.1532 25.1532 10.0000 -1.7772 
S1 = 0.0000 0.0000 0.0000 0.0000 0.0000 0.0000 0.0000 0.0000 0.0000 0.0000 0.0000 0.0000 0.0000 0.0000 0.0000 0.0000 0.0000 0.0000 0.0000 0.0000 0.0000 0.0000 0.0000 0.0000 0.0000 0.0000 0.0000 
S2 = 0.0000 0.0000 0.0000 0.0000 0.0000 0.0000 0.0000 0.0000 0.0000 0.0000 0.0000 0.0000 0.0000 0.0000 0.0000 0.0000 0.0000 0.0000 0.0000 0.0000 0.0000 0.0000 0.0000 1.1532 1.1532 0.0000 9.2228 
u = 8.7279 8.6458 8.6458 8.6458 8.6458 8.6458 8.6458 8.6458 8.6050 8.6050 8.6050 8.6050 8.6050 8.6050 8.6050 8.5626 8.5626 8.5626 8.5626 8.5626 8.5626 8.5626 8.5247 10.4786 10.4786 11.1380 9.4182 
v = 32.4061 25.4331 25.4331 25.4331 25.4331 25.4331 25.4331 25.4331 22.4201 22.4201 22.4201 22.4201 22.4201 22.4201 22.4201 19.4665 19.4665 19.4665 19.4665 19.4665 19.4665 19.4665 16.9167 91.3741 91.3741 80.4716 22.8018 
