ExternalI = 5.5000 0.0000 0.0000 0.0000 0.0000 0.0000 0.0000 0.0000 4.0000 4.0000 4.0000 4.0000 4.0000 4.0000 4.0000 0.0000 0.0000 0.0000 0.0000 0.0000 0.0000 0.0000 0.0000 8.0000 8.0000 0.0000 0.0000 
before u = 8.7279 8.6458 8.6458 8.6458 8.6458 8.6458 8.6458 8.6458 8.6050 8.6050 8.6050 8.6050 8.6050 8.6050 8.6050 8.5626 8.5626 8.5626 8.5626 8.5626 8.5626 8.5626 8.5247 10.4786 10.4786 11.1380 9.4182 
before v = 32.4061 25.4331 25.4331 25.4331 25.4331 25.4331 25.4331 25.4331 22.4201 22.4201 22.4201 22.4201 22.4201 22.4201 22.4201 19.4665 19.4665 19.4665 19.4665 19.4665 19.4665 19.4665 16.9167 91.3741 91.3741 80.4716 22.8018 
Ibias = 9.4000 9.4000 9.4000 9.4000 9.4000 9.4000 9.4000 9.4000 2.0000 2.0000 2.0000 2.0000 2.0000 2.0000 2.0000 2.0000 2.0000 2.0000 2.0000 2.0000 2.0000 2.0000 -2.0000 16.0000 16.0000 10.0000 -11.0000 
fa1 = 0.9600 0.3286 0.3286 0.3286 0.3286 0.3286 0.3286 0.3286 0.2412 0.2412 0.2412 0.2412 0.2412 0.2412 0.2412 0.1957 0.1957 0.1957 0.1957 0.1957 0.1957 0.1957 0.1721 134.5190 134.5190 76.4744 1.1777 
fa2 = 0.9592 0.3283 0.3283 0.3283 0.3283 0.3283 0.3283 0.3283 0.2410 0.2410 0.2410 0.2410 0.2410 0.2410 0.2410 0.1956 0.1956 0.1956 0.1956 0.1956 0.1956 0.1956 0.1721 137.4352 137.4352 77.7943 1.1713 
fa3 = 0.9592 0.3283 0.3283 0.3283 0.3283 0.3283 0.3283 0.3283 0.2410 0.2410 0.2410 0.2410 0.2410 0.2410 0.2410 0.1956 0.1956 0.1956 0.1956 0.1956 0.1956 0.1956 0.1721 137.4988 137.4988 77.8172 1.1713 
fa4 = 0.9583 0.3279 0.3279 0.3279 0.3279 0.3279 0.3279 0.3279 0.2408 0.2408 0.2408 0.2408 0.2408 0.2408 0.2408 0.1955 0.1955 0.1955 0.1955 0.1955 0.1955 0.1955 0.1720 140.5191 140.5191 79.1728 1.1649 
fb1 = -0.2195 -0.2441 -0.2441 -0.2441 -0.2441 -0.2441 -0.2441 -0.2441 -0.2545 -0.2545 -0.2545 -0.2545 -0.2545 -0.2545 -0.2545 -0.2646 -0.2646 -0.2646 -0.2646 -0.2646 -0.2646 -0.2646 -0.2733 0.1559 0.1559 0.0991 -0.0972 
fb2 = -0.2194 -0.2440 -0.2440 -0.2440 -0.2440 -0.2440 -0.2440 -0.2440 -0.2545 -0.2545 -0.2545 -0.2545 -0.2545 -0.2545 -0.2545 -0.2646 -0.2646 -0.2646 -0.2646 -0.2646 -0.2646 -0.2646 -0.2733 0.1586 0.1586 0.1006 -0.0971 
fb3 = -0.2194 -0.2440 -0.2440 -0.2440 -0.2440 -0.2440 -0.2440 -0.2440 -0.2545 -0.2545 -0.2545 -0.2545 -0.2545 -0.2545 -0.2545 -0.2646 -0.2646 -0.2646 -0.2646 -0.2646 -0.2646 -0.2646 -0.2733 0.1587 0.1587 0.1007 -0.0971 
fb4 = -0.2194 -0.2440 -0.2440 -0.2440 -0.2440 -0.2440 -0.2440 -0.2440 -0.2544 -0.2544 -0.2544 -0.2544 -0.2544 -0.2544 -0.2544 -0.2645 -0.2645 -0.2645 -0.2645 -0.2645 -0.2645 -0.2645 -0.2732 0.1614 0.1614 0.1022 -0.0971 
I = 14.9000 9.4000 9.4000 9.4000 9.4000 9.4000 9.4000 9.4000 6.0000 6.0000 6.0000 6.0000 6.0000 6.0000 6.0000 2.0000 2.0000 2.0000 2.0000 2.0000 2.0000 2.0000 -2.0000 25.1509 25.1509 10.0000 -1.7956 
S1 = 0.0000 0.0000 0.0000 0.0000 0.0000 0.0000 0.0000 0.0000 0.0000 0.0000 0.0000 0.0000 0.0000 0.0000 0.0000 0.0000 0.0000 0.0000 0.0000 0.0000 0.0000 0.0000 0.0000 0.0000 0.0000 0.0000 0.0000 
S2 = 0.0000 0.0000 0.0000 0.0000 0.0000 0.0000 0.0000 0.0000 0.0000 0.0000 0.0000 0.0000 0.0000 0.0000 0.0000 0.0000 0.0000 0.0000 0.0000 0.0000 0.0000 0.0000 0.0000 1.1509 1.1509 0.0000 9.2044 
u = 8.7257 8.6433 8.6433 8.6433 8.6433 8.6433 8.6433 8.6433 8.6024 8.6024 8.6024 8.6024 8.6024 8.6024 8.6024 8.5600 8.5600 8.5600 8.5600 8.5600 8.5600 8.5600 8.5219 10.4802 10.4802 11.1390 9.4172 
v = 32.4156 25.4364 25.4364 25.4364 25.4364 25.4364 25.4364 25.4364 22.4225 22.4225 22.4225 22.4225 22.4225 22.4225 22.4225 19.4684 19.4684 19.4684 19.4684 19.4684 19.4684 19.4684 16.9185 92.7489 92.7489 81.2497 22.8135 
