ExternalI = 5.5000 0.0000 0.0000 0.0000 0.0000 0.0000 0.0000 0.0000 4.0000 4.0000 4.0000 4.0000 4.0000 4.0000 4.0000 0.0000 0.0000 0.0000 0.0000 0.0000 0.0000 0.0000 0.0000 8.0000 8.0000 0.0000 0.0000 
before u = 8.7257 8.6433 8.6433 8.6433 8.6433 8.6433 8.6433 8.6433 8.6024 8.6024 8.6024 8.6024 8.6024 8.6024 8.6024 8.5600 8.5600 8.5600 8.5600 8.5600 8.5600 8.5600 8.5219 10.4802 10.4802 11.1390 9.4172 
before v = 32.4156 25.4364 25.4364 25.4364 25.4364 25.4364 25.4364 25.4364 22.4225 22.4225 22.4225 22.4225 22.4225 22.4225 22.4225 19.4684 19.4684 19.4684 19.4684 19.4684 19.4684 19.4684 16.9185 92.7489 92.7489 81.2497 22.8135 
Ibias = 9.4000 9.4000 9.4000 9.4000 9.4000 9.4000 9.4000 9.4000 2.0000 2.0000 2.0000 2.0000 2.0000 2.0000 2.0000 2.0000 2.0000 2.0000 2.0000 2.0000 2.0000 2.0000 -2.0000 16.0000 16.0000 10.0000 -11.0000 
fa1 = 0.9583 0.3279 0.3279 0.3279 0.3279 0.3279 0.3279 0.3279 0.2408 0.2408 0.2408 0.2408 0.2408 0.2408 0.2408 0.1955 0.1955 0.1955 0.1955 0.1955 0.1955 0.1955 0.1720 140.5162 140.5162 79.1726 1.1465 
fa2 = 0.9575 0.3275 0.3275 0.3275 0.3275 0.3275 0.3275 0.3275 0.2406 0.2406 0.2406 0.2406 0.2406 0.2406 0.2406 0.1954 0.1954 0.1954 0.1954 0.1954 0.1954 0.1954 0.1720 143.6405 143.6405 80.5639 1.1403 
fa3 = 0.9575 0.3275 0.3275 0.3275 0.3275 0.3275 0.3275 0.3275 0.2406 0.2406 0.2406 0.2406 0.2406 0.2406 0.2406 0.1954 0.1954 0.1954 0.1954 0.1954 0.1954 0.1954 0.1720 143.7104 143.7104 80.5884 1.1403 
fa4 = 0.9566 0.3272 0.3272 0.3272 0.3272 0.3272 0.3272 0.3272 0.2405 0.2405 0.2405 0.2405 0.2405 0.2405 0.2405 0.1953 0.1953 0.1953 0.1953 0.1953 0.1953 0.1953 0.1719 146.9490 146.9490 82.0181 1.1341 
fb1 = -0.2194 -0.2440 -0.2440 -0.2440 -0.2440 -0.2440 -0.2440 -0.2440 -0.2544 -0.2544 -0.2544 -0.2544 -0.2544 -0.2544 -0.2544 -0.2645 -0.2645 -0.2645 -0.2645 -0.2645 -0.2645 -0.2645 -0.2732 0.1614 0.1614 0.1022 -0.0971 
fb2 = -0.2193 -0.2439 -0.2439 -0.2439 -0.2439 -0.2439 -0.2439 -0.2439 -0.2544 -0.2544 -0.2544 -0.2544 -0.2544 -0.2544 -0.2544 -0.2645 -0.2645 -0.2645 -0.2645 -0.2645 -0.2645 -0.2645 -0.2731 0.1642 0.1642 0.1038 -0.0971 
fb3 = -0.2193 -0.2439 -0.2439 -0.2439 -0.2439 -0.2439 -0.2439 -0.2439 -0.2544 -0.2544 -0.2544 -0.2544 -0.2544 -0.2544 -0.2544 -0.2645 -0.2645 -0.2645 -0.2645 -0.2645 -0.2645 -0.2645 -0.2731 0.1642 0.1642 0.1038 -0.0971 
fb4 = -0.2192 -0.2439 -0.2439 -0.2439 -0.2439 -0.2439 -0.2439 -0.2439 -0.2543 -0.2543 -0.2543 -0.2543 -0.2543 -0.2543 -0.2543 -0.2644 -0.2644 -0.2644 -0.2644 -0.2644 -0.2644 -0.2644 -0.2731 0.1671 0.1671 0.1054 -0.0970 
I = 14.9000 9.4000 9.4000 9.4000 9.4000 9.4000 9.4000 9.4000 6.0000 6.0000 6.0000 6.0000 6.0000 6.0000 6.0000 2.0000 2.0000 2.0000 2.0000 2.0000 2.0000 2.0000 -2.0000 25.1486 25.1486 10.0000 -1.8140 
S1 = 0.0000 0.0000 0.0000 0.0000 0.0000 0.0000 0.0000 0.0000 0.0000 0.0000 0.0000 0.0000 0.0000 0.0000 0.0000 0.0000 0.0000 0.0000 0.0000 0.0000 0.0000 0.0000 0.0000 0.0000 0.0000 0.0000 0.0000 
S2 = 0.0000 0.0000 0.0000 0.0000 0.0000 0.0000 0.0000 0.0000 0.0000 0.0000 0.0000 0.0000 0.0000 0.0000 0.0000 0.0000 0.0000 0.0000 0.0000 0.0000 0.0000 0.0000 0.0000 1.1486 1.1486 0.0000 9.1860 
u = 8.7235 8.6409 8.6409 8.6409 8.6409 8.6409 8.6409 8.6409 8.5999 8.5999 8.5999 8.5999 8.5999 8.5999 8.5999 8.5574 8.5574 8.5574 8.5574 8.5574 8.5574 8.5574 8.5192 10.4818 10.4818 11.1400 9.4162 
v = 32.4252 25.4397 25.4397 25.4397 25.4397 25.4397 25.4397 25.4397 22.4249 22.4249 22.4249 22.4249 22.4249 22.4249 22.4249 19.4704 19.4704 19.4704 19.4704 19.4704 19.4704 19.4704 16.9202 94.1859 94.1859 82.0556 22.8249 
