ExternalI = 5.5000 0.0000 0.0000 0.0000 0.0000 0.0000 0.0000 0.0000 4.0000 4.0000 4.0000 4.0000 4.0000 4.0000 4.0000 0.0000 0.0000 0.0000 0.0000 0.0000 0.0000 0.0000 0.0000 8.0000 8.0000 0.0000 0.0000 
before u = 8.7235 8.6409 8.6409 8.6409 8.6409 8.6409 8.6409 8.6409 8.5999 8.5999 8.5999 8.5999 8.5999 8.5999 8.5999 8.5574 8.5574 8.5574 8.5574 8.5574 8.5574 8.5574 8.5192 10.4818 10.4818 11.1400 9.4162 
before v = 32.4252 25.4397 25.4397 25.4397 25.4397 25.4397 25.4397 25.4397 22.4249 22.4249 22.4249 22.4249 22.4249 22.4249 22.4249 19.4704 19.4704 19.4704 19.4704 19.4704 19.4704 19.4704 16.9202 94.1859 94.1859 82.0556 22.8249 
Ibias = 9.4000 9.4000 9.4000 9.4000 9.4000 9.4000 9.4000 9.4000 2.0000 2.0000 2.0000 2.0000 2.0000 2.0000 2.0000 2.0000 2.0000 2.0000 2.0000 2.0000 2.0000 2.0000 -2.0000 16.0000 16.0000 10.0000 -11.0000 
fa1 = 0.9566 0.3272 0.3272 0.3272 0.3272 0.3272 0.3272 0.3272 0.2405 0.2405 0.2405 0.2405 0.2405 0.2405 0.2405 0.1953 0.1953 0.1953 0.1953 0.1953 0.1953 0.1953 0.1719 146.9460 146.9460 82.0179 1.1157 
fa2 = 0.9558 0.3268 0.3268 0.3268 0.3268 0.3268 0.3268 0.3268 0.2403 0.2403 0.2403 0.2403 0.2403 0.2403 0.2403 0.1953 0.1953 0.1953 0.1953 0.1953 0.1953 0.1953 0.1719 150.2987 150.2987 83.4859 1.1097 
fa3 = 0.9558 0.3268 0.3268 0.3268 0.3268 0.3268 0.3268 0.3268 0.2403 0.2403 0.2403 0.2403 0.2403 0.2403 0.2403 0.1953 0.1953 0.1953 0.1953 0.1953 0.1953 0.1953 0.1719 150.3757 150.3757 83.5123 1.1097 
fa4 = 0.9549 0.3265 0.3265 0.3265 0.3265 0.3265 0.3265 0.3265 0.2401 0.2401 0.2401 0.2401 0.2401 0.2401 0.2401 0.1952 0.1952 0.1952 0.1952 0.1952 0.1952 0.1952 0.1718 153.8541 153.8541 85.0215 1.1037 
fb1 = -0.2192 -0.2439 -0.2439 -0.2439 -0.2439 -0.2439 -0.2439 -0.2439 -0.2543 -0.2543 -0.2543 -0.2543 -0.2543 -0.2543 -0.2543 -0.2644 -0.2644 -0.2644 -0.2644 -0.2644 -0.2644 -0.2644 -0.2731 0.1671 0.1671 0.1054 -0.0970 
fb2 = -0.2192 -0.2438 -0.2438 -0.2438 -0.2438 -0.2438 -0.2438 -0.2438 -0.2542 -0.2542 -0.2542 -0.2542 -0.2542 -0.2542 -0.2542 -0.2644 -0.2644 -0.2644 -0.2644 -0.2644 -0.2644 -0.2644 -0.2730 0.1700 0.1700 0.1071 -0.0970 
fb3 = -0.2192 -0.2438 -0.2438 -0.2438 -0.2438 -0.2438 -0.2438 -0.2438 -0.2542 -0.2542 -0.2542 -0.2542 -0.2542 -0.2542 -0.2542 -0.2644 -0.2644 -0.2644 -0.2644 -0.2644 -0.2644 -0.2644 -0.2730 0.1701 0.1701 0.1071 -0.0970 
fb4 = -0.2191 -0.2438 -0.2438 -0.2438 -0.2438 -0.2438 -0.2438 -0.2438 -0.2542 -0.2542 -0.2542 -0.2542 -0.2542 -0.2542 -0.2542 -0.2643 -0.2643 -0.2643 -0.2643 -0.2643 -0.2643 -0.2643 -0.2730 0.1731 0.1731 0.1087 -0.0970 
I = 14.9000 9.4000 9.4000 9.4000 9.4000 9.4000 9.4000 9.4000 6.0000 6.0000 6.0000 6.0000 6.0000 6.0000 6.0000 2.0000 2.0000 2.0000 2.0000 2.0000 2.0000 2.0000 -2.0000 25.1463 25.1463 10.0000 -1.8324 
S1 = 0.0000 0.0000 0.0000 0.0000 0.0000 0.0000 0.0000 0.0000 0.0000 0.0000 0.0000 0.0000 0.0000 0.0000 0.0000 0.0000 0.0000 0.0000 0.0000 0.0000 0.0000 0.0000 0.0000 0.0000 0.0000 0.0000 0.0000 
S2 = 0.0000 0.0000 0.0000 0.0000 0.0000 0.0000 0.0000 0.0000 0.0000 0.0000 0.0000 0.0000 0.0000 0.0000 0.0000 0.0000 0.0000 0.0000 0.0000 0.0000 0.0000 0.0000 0.0000 1.1463 1.1463 0.0000 9.1676 
u = 8.7213 8.6385 8.6385 8.6385 8.6385 8.6385 8.6385 8.6385 8.5973 8.5973 8.5973 8.5973 8.5973 8.5973 8.5973 8.5547 8.5547 8.5547 8.5547 8.5547 8.5547 8.5547 8.5165 10.4835 10.4835 11.1411 9.4153 
v = 32.4348 25.4429 25.4429 25.4429 25.4429 25.4429 25.4429 25.4429 22.4273 22.4273 22.4273 22.4273 22.4273 22.4273 22.4273 19.4723 19.4723 19.4723 19.4723 19.4723 19.4723 19.4723 16.9219 95.6895 95.6895 82.8906 22.8360 
