ExternalI = 5.5000 0.0000 0.0000 0.0000 0.0000 0.0000 0.0000 0.0000 4.0000 4.0000 4.0000 4.0000 4.0000 4.0000 4.0000 0.0000 0.0000 0.0000 0.0000 0.0000 0.0000 0.0000 0.0000 8.0000 8.0000 0.0000 0.0000 
before u = 8.7213 8.6385 8.6385 8.6385 8.6385 8.6385 8.6385 8.6385 8.5973 8.5973 8.5973 8.5973 8.5973 8.5973 8.5973 8.5547 8.5547 8.5547 8.5547 8.5547 8.5547 8.5547 8.5165 10.4835 10.4835 11.1411 9.4153 
before v = 32.4348 25.4429 25.4429 25.4429 25.4429 25.4429 25.4429 25.4429 22.4273 22.4273 22.4273 22.4273 22.4273 22.4273 22.4273 19.4723 19.4723 19.4723 19.4723 19.4723 19.4723 19.4723 16.9219 95.6895 95.6895 82.8906 22.8360 
Ibias = 9.4000 9.4000 9.4000 9.4000 9.4000 9.4000 9.4000 9.4000 2.0000 2.0000 2.0000 2.0000 2.0000 2.0000 2.0000 2.0000 2.0000 2.0000 2.0000 2.0000 2.0000 2.0000 -2.0000 16.0000 16.0000 10.0000 -11.0000 
fa1 = 0.9549 0.3265 0.3265 0.3265 0.3265 0.3265 0.3265 0.3265 0.2401 0.2401 0.2401 0.2401 0.2401 0.2401 0.2401 0.1952 0.1952 0.1952 0.1952 0.1952 0.1952 0.1952 0.1718 153.8510 153.8510 85.0213 1.0854 
fa2 = 0.9541 0.3261 0.3261 0.3261 0.3261 0.3261 0.3261 0.3261 0.2399 0.2399 0.2399 0.2399 0.2399 0.2399 0.2399 0.1951 0.1951 0.1951 0.1951 0.1951 0.1951 0.1951 0.1718 157.4548 157.4548 86.5716 1.0795 
fa3 = 0.9541 0.3261 0.3261 0.3261 0.3261 0.3261 0.3261 0.3261 0.2399 0.2399 0.2399 0.2399 0.2399 0.2399 0.2399 0.1951 0.1951 0.1951 0.1951 0.1951 0.1951 0.1951 0.1718 157.5398 157.5398 86.6000 1.0795 
fa4 = 0.9533 0.3257 0.3257 0.3257 0.3257 0.3257 0.3257 0.3257 0.2398 0.2398 0.2398 0.2398 0.2398 0.2398 0.2398 0.1950 0.1950 0.1950 0.1950 0.1950 0.1950 0.1950 0.1717 161.2823 161.2823 88.1948 1.0737 
fb1 = -0.2191 -0.2438 -0.2438 -0.2438 -0.2438 -0.2438 -0.2438 -0.2438 -0.2542 -0.2542 -0.2542 -0.2542 -0.2542 -0.2542 -0.2542 -0.2643 -0.2643 -0.2643 -0.2643 -0.2643 -0.2643 -0.2643 -0.2730 0.1731 0.1731 0.1087 -0.0970 
fb2 = -0.2191 -0.2437 -0.2437 -0.2437 -0.2437 -0.2437 -0.2437 -0.2437 -0.2541 -0.2541 -0.2541 -0.2541 -0.2541 -0.2541 -0.2541 -0.2642 -0.2642 -0.2642 -0.2642 -0.2642 -0.2642 -0.2642 -0.2729 0.1761 0.1761 0.1104 -0.0969 
fb3 = -0.2191 -0.2437 -0.2437 -0.2437 -0.2437 -0.2437 -0.2437 -0.2437 -0.2541 -0.2541 -0.2541 -0.2541 -0.2541 -0.2541 -0.2541 -0.2642 -0.2642 -0.2642 -0.2642 -0.2642 -0.2642 -0.2642 -0.2729 0.1762 0.1762 0.1105 -0.0969 
fb4 = -0.2190 -0.2437 -0.2437 -0.2437 -0.2437 -0.2437 -0.2437 -0.2437 -0.2541 -0.2541 -0.2541 -0.2541 -0.2541 -0.2541 -0.2541 -0.2642 -0.2642 -0.2642 -0.2642 -0.2642 -0.2642 -0.2642 -0.2729 0.1794 0.1794 0.1122 -0.0969 
I = 14.9000 9.4000 9.4000 9.4000 9.4000 9.4000 9.4000 9.4000 6.0000 6.0000 6.0000 6.0000 6.0000 6.0000 6.0000 2.0000 2.0000 2.0000 2.0000 2.0000 2.0000 2.0000 -2.0000 25.1440 25.1440 10.0000 -1.8507 
S1 = 0.0000 0.0000 0.0000 0.0000 0.0000 0.0000 0.0000 0.0000 0.0000 0.0000 0.0000 0.0000 0.0000 0.0000 0.0000 0.0000 0.0000 0.0000 0.0000 0.0000 0.0000 0.0000 0.0000 0.0000 0.0000 0.0000 0.0000 
S2 = 0.0000 0.0000 0.0000 0.0000 0.0000 0.0000 0.0000 0.0000 0.0000 0.0000 0.0000 0.0000 0.0000 0.0000 0.0000 0.0000 0.0000 0.0000 0.0000 0.0000 0.0000 0.0000 0.0000 1.1440 1.1440 0.0000 9.1493 
u = 8.7191 8.6360 8.6360 8.6360 8.6360 8.6360 8.6360 8.6360 8.5948 8.5948 8.5948 8.5948 8.5948 8.5948 8.5948 8.5521 8.5521 8.5521 8.5521 8.5521 8.5521 8.5521 8.5137 10.4853 10.4853 11.1422 9.4143 
v = 32.4443 25.4462 25.4462 25.4462 25.4462 25.4462 25.4462 25.4462 22.4297 22.4297 22.4297 22.4297 22.4297 22.4297 22.4297 19.4743 19.4743 19.4743 19.4743 19.4743 19.4743 19.4743 16.9236 97.2647 97.2647 83.7566 22.8468 
