ExternalI = 5.5000 0.0000 0.0000 0.0000 0.0000 0.0000 0.0000 0.0000 4.0000 4.0000 4.0000 4.0000 4.0000 4.0000 4.0000 0.0000 0.0000 0.0000 0.0000 0.0000 0.0000 0.0000 0.0000 8.0000 8.0000 0.0000 0.0000 
before u = 8.7191 8.6360 8.6360 8.6360 8.6360 8.6360 8.6360 8.6360 8.5948 8.5948 8.5948 8.5948 8.5948 8.5948 8.5948 8.5521 8.5521 8.5521 8.5521 8.5521 8.5521 8.5521 8.5137 10.4853 10.4853 11.1422 9.4143 
before v = 32.4443 25.4462 25.4462 25.4462 25.4462 25.4462 25.4462 25.4462 22.4297 22.4297 22.4297 22.4297 22.4297 22.4297 22.4297 19.4743 19.4743 19.4743 19.4743 19.4743 19.4743 19.4743 16.9236 97.2647 97.2647 83.7566 22.8468 
Ibias = 9.4000 9.4000 9.4000 9.4000 9.4000 9.4000 9.4000 9.4000 2.0000 2.0000 2.0000 2.0000 2.0000 2.0000 2.0000 2.0000 2.0000 2.0000 2.0000 2.0000 2.0000 2.0000 -2.0000 16.0000 16.0000 10.0000 -11.0000 
fa1 = 0.9533 0.3257 0.3257 0.3257 0.3257 0.3257 0.3257 0.3257 0.2398 0.2398 0.2398 0.2398 0.2398 0.2398 0.2398 0.1950 0.1950 0.1950 0.1950 0.1950 0.1950 0.1950 0.1717 161.2790 161.2790 88.1946 1.0554 
fa2 = 0.9524 0.3254 0.3254 0.3254 0.3254 0.3254 0.3254 0.3254 0.2396 0.2396 0.2396 0.2396 0.2396 0.2396 0.2396 0.1949 0.1949 0.1949 0.1949 0.1949 0.1949 0.1949 0.1717 165.1597 165.1597 89.8336 1.0497 
fa3 = 0.9524 0.3254 0.3254 0.3254 0.3254 0.3254 0.3254 0.3254 0.2396 0.2396 0.2396 0.2396 0.2396 0.2396 0.2396 0.1949 0.1949 0.1949 0.1949 0.1949 0.1949 0.1949 0.1717 165.2537 165.2537 89.8642 1.0497 
fa4 = 0.9516 0.3250 0.3250 0.3250 0.3250 0.3250 0.3250 0.3250 0.2394 0.2394 0.2394 0.2394 0.2394 0.2394 0.2394 0.1948 0.1948 0.1948 0.1948 0.1948 0.1948 0.1948 0.1716 169.2875 169.2875 91.5512 1.0440 
fb1 = -0.2190 -0.2437 -0.2437 -0.2437 -0.2437 -0.2437 -0.2437 -0.2437 -0.2541 -0.2541 -0.2541 -0.2541 -0.2541 -0.2541 -0.2541 -0.2642 -0.2642 -0.2642 -0.2642 -0.2642 -0.2642 -0.2642 -0.2729 0.1794 0.1794 0.1122 -0.0969 
fb2 = -0.2189 -0.2436 -0.2436 -0.2436 -0.2436 -0.2436 -0.2436 -0.2436 -0.2540 -0.2540 -0.2540 -0.2540 -0.2540 -0.2540 -0.2540 -0.2641 -0.2641 -0.2641 -0.2641 -0.2641 -0.2641 -0.2641 -0.2728 0.1826 0.1826 0.1139 -0.0969 
fb3 = -0.2189 -0.2436 -0.2436 -0.2436 -0.2436 -0.2436 -0.2436 -0.2436 -0.2540 -0.2540 -0.2540 -0.2540 -0.2540 -0.2540 -0.2540 -0.2641 -0.2641 -0.2641 -0.2641 -0.2641 -0.2641 -0.2641 -0.2728 0.1826 0.1826 0.1140 -0.0969 
fb4 = -0.2189 -0.2435 -0.2435 -0.2435 -0.2435 -0.2435 -0.2435 -0.2435 -0.2540 -0.2540 -0.2540 -0.2540 -0.2540 -0.2540 -0.2540 -0.2641 -0.2641 -0.2641 -0.2641 -0.2641 -0.2641 -0.2641 -0.2727 0.1859 0.1859 0.1158 -0.0968 
I = 14.9000 9.4000 9.4000 9.4000 9.4000 9.4000 9.4000 9.4000 6.0000 6.0000 6.0000 6.0000 6.0000 6.0000 6.0000 2.0000 2.0000 2.0000 2.0000 2.0000 2.0000 2.0000 -2.0000 25.1417 25.1417 10.0000 -1.8690 
S1 = 0.0000 0.0000 0.0000 0.0000 0.0000 0.0000 0.0000 0.0000 0.0000 0.0000 0.0000 0.0000 0.0000 0.0000 0.0000 0.0000 0.0000 0.0000 0.0000 0.0000 0.0000 0.0000 0.0000 0.0000 0.0000 0.0000 0.0000 
S2 = 0.0000 0.0000 0.0000 0.0000 0.0000 0.0000 0.0000 0.0000 0.0000 0.0000 0.0000 0.0000 0.0000 0.0000 0.0000 0.0000 0.0000 0.0000 0.0000 0.0000 0.0000 0.0000 0.0000 1.1417 1.1417 0.0000 9.1310 
u = 8.7169 8.6336 8.6336 8.6336 8.6336 8.6336 8.6336 8.6336 8.5923 8.5923 8.5923 8.5923 8.5923 8.5923 8.5923 8.5494 8.5494 8.5494 8.5494 8.5494 8.5494 8.5494 8.5110 10.4871 10.4871 11.1433 9.4133 
v = 32.4538 25.4494 25.4494 25.4494 25.4494 25.4494 25.4494 25.4494 22.4321 22.4321 22.4321 22.4321 22.4321 22.4321 22.4321 19.4762 19.4762 19.4762 19.4762 19.4762 19.4762 19.4762 16.9253 98.9170 98.9170 84.6551 22.8573 
