ExternalI = 5.5000 0.0000 0.0000 0.0000 0.0000 0.0000 0.0000 0.0000 4.0000 4.0000 4.0000 4.0000 4.0000 4.0000 4.0000 0.0000 0.0000 0.0000 0.0000 0.0000 0.0000 0.0000 0.0000 8.0000 8.0000 0.0000 0.0000 
before u = 8.7169 8.6336 8.6336 8.6336 8.6336 8.6336 8.6336 8.6336 8.5923 8.5923 8.5923 8.5923 8.5923 8.5923 8.5923 8.5494 8.5494 8.5494 8.5494 8.5494 8.5494 8.5494 8.5110 10.4871 10.4871 11.1433 9.4133 
before v = 32.4538 25.4494 25.4494 25.4494 25.4494 25.4494 25.4494 25.4494 22.4321 22.4321 22.4321 22.4321 22.4321 22.4321 22.4321 19.4762 19.4762 19.4762 19.4762 19.4762 19.4762 19.4762 16.9253 98.9170 98.9170 84.6551 22.8573 
Ibias = 9.4000 9.4000 9.4000 9.4000 9.4000 9.4000 9.4000 9.4000 2.0000 2.0000 2.0000 2.0000 2.0000 2.0000 2.0000 2.0000 2.0000 2.0000 2.0000 2.0000 2.0000 2.0000 -2.0000 16.0000 16.0000 10.0000 -11.0000 
fa1 = 0.9516 0.3250 0.3250 0.3250 0.3250 0.3250 0.3250 0.3250 0.2394 0.2394 0.2394 0.2394 0.2394 0.2394 0.2394 0.1948 0.1948 0.1948 0.1948 0.1948 0.1948 0.1948 0.1716 169.2842 169.2842 91.5509 1.0258 
fa2 = 0.9508 0.3247 0.3247 0.3247 0.3247 0.3247 0.3247 0.3247 0.2392 0.2392 0.2392 0.2392 0.2392 0.2392 0.2392 0.1948 0.1948 0.1948 0.1948 0.1948 0.1948 0.1948 0.1716 173.4707 173.4707 93.2856 1.0203 
fa3 = 0.9508 0.3247 0.3247 0.3247 0.3247 0.3247 0.3247 0.3247 0.2392 0.2392 0.2392 0.2392 0.2392 0.2392 0.2392 0.1948 0.1948 0.1948 0.1948 0.1948 0.1948 0.1948 0.1716 173.5749 173.5749 93.3186 1.0203 
fa4 = 0.9500 0.3244 0.3244 0.3244 0.3244 0.3244 0.3244 0.3244 0.2391 0.2391 0.2391 0.2391 0.2391 0.2391 0.2391 0.1947 0.1947 0.1947 0.1947 0.1947 0.1947 0.1947 0.1716 177.9312 177.9312 95.1049 1.0148 
fb1 = -0.2189 -0.2435 -0.2435 -0.2435 -0.2435 -0.2435 -0.2435 -0.2435 -0.2540 -0.2540 -0.2540 -0.2540 -0.2540 -0.2540 -0.2540 -0.2641 -0.2641 -0.2641 -0.2641 -0.2641 -0.2641 -0.2641 -0.2727 0.1859 0.1859 0.1158 -0.0968 
fb2 = -0.2188 -0.2435 -0.2435 -0.2435 -0.2435 -0.2435 -0.2435 -0.2435 -0.2539 -0.2539 -0.2539 -0.2539 -0.2539 -0.2539 -0.2539 -0.2640 -0.2640 -0.2640 -0.2640 -0.2640 -0.2640 -0.2640 -0.2727 0.1893 0.1893 0.1176 -0.0968 
fb3 = -0.2188 -0.2435 -0.2435 -0.2435 -0.2435 -0.2435 -0.2435 -0.2435 -0.2539 -0.2539 -0.2539 -0.2539 -0.2539 -0.2539 -0.2539 -0.2640 -0.2640 -0.2640 -0.2640 -0.2640 -0.2640 -0.2640 -0.2727 0.1894 0.1894 0.1176 -0.0968 
fb4 = -0.2187 -0.2434 -0.2434 -0.2434 -0.2434 -0.2434 -0.2434 -0.2434 -0.2539 -0.2539 -0.2539 -0.2539 -0.2539 -0.2539 -0.2539 -0.2640 -0.2640 -0.2640 -0.2640 -0.2640 -0.2640 -0.2640 -0.2726 0.1928 0.1928 0.1195 -0.0968 
I = 14.9000 9.4000 9.4000 9.4000 9.4000 9.4000 9.4000 9.4000 6.0000 6.0000 6.0000 6.0000 6.0000 6.0000 6.0000 2.0000 2.0000 2.0000 2.0000 2.0000 2.0000 2.0000 -2.0000 25.1394 25.1394 10.0000 -1.8873 
S1 = 0.0000 0.0000 0.0000 0.0000 0.0000 0.0000 0.0000 0.0000 0.0000 0.0000 0.0000 0.0000 0.0000 0.0000 0.0000 0.0000 0.0000 0.0000 0.0000 0.0000 0.0000 0.0000 0.0000 0.0000 0.0000 0.0000 0.0000 
S2 = 0.0000 0.0000 0.0000 0.0000 0.0000 0.0000 0.0000 0.0000 0.0000 0.0000 0.0000 0.0000 0.0000 0.0000 0.0000 0.0000 0.0000 0.0000 0.0000 0.0000 0.0000 0.0000 0.0000 1.1394 1.1394 0.0000 9.1127 
u = 8.7147 8.6311 8.6311 8.6311 8.6311 8.6311 8.6311 8.6311 8.5897 8.5897 8.5897 8.5897 8.5897 8.5897 8.5897 8.5468 8.5468 8.5468 8.5468 8.5468 8.5468 8.5468 8.5083 10.4890 10.4890 11.1445 9.4124 
v = 32.4634 25.4527 25.4527 25.4527 25.4527 25.4527 25.4527 25.4527 22.4345 22.4345 22.4345 22.4345 22.4345 22.4345 22.4345 19.4782 19.4782 19.4782 19.4782 19.4782 19.4782 19.4782 16.9271 100.6525 100.6525 85.5882 22.8675 
