ExternalI = 5.5000 0.0000 0.0000 0.0000 0.0000 0.0000 0.0000 0.0000 4.0000 4.0000 4.0000 4.0000 4.0000 4.0000 4.0000 0.0000 0.0000 0.0000 0.0000 0.0000 0.0000 0.0000 0.0000 8.0000 8.0000 0.0000 0.0000 
before u = 8.7147 8.6311 8.6311 8.6311 8.6311 8.6311 8.6311 8.6311 8.5897 8.5897 8.5897 8.5897 8.5897 8.5897 8.5897 8.5468 8.5468 8.5468 8.5468 8.5468 8.5468 8.5468 8.5083 10.4890 10.4890 11.1445 9.4124 
before v = 32.4634 25.4527 25.4527 25.4527 25.4527 25.4527 25.4527 25.4527 22.4345 22.4345 22.4345 22.4345 22.4345 22.4345 22.4345 19.4782 19.4782 19.4782 19.4782 19.4782 19.4782 19.4782 16.9271 100.6525 100.6525 85.5882 22.8675 
Ibias = 9.4000 9.4000 9.4000 9.4000 9.4000 9.4000 9.4000 9.4000 2.0000 2.0000 2.0000 2.0000 2.0000 2.0000 2.0000 2.0000 2.0000 2.0000 2.0000 2.0000 2.0000 2.0000 -2.0000 16.0000 16.0000 10.0000 -11.0000 
fa1 = 0.9500 0.3244 0.3244 0.3244 0.3244 0.3244 0.3244 0.3244 0.2391 0.2391 0.2391 0.2391 0.2391 0.2391 0.2391 0.1947 0.1947 0.1947 0.1947 0.1947 0.1947 0.1947 0.1716 177.9277 177.9277 95.1046 0.9966 
fa2 = 0.9492 0.3240 0.3240 0.3240 0.3240 0.3240 0.3240 0.3240 0.2389 0.2389 0.2389 0.2389 0.2389 0.2389 0.2389 0.1946 0.1946 0.1946 0.1946 0.1946 0.1946 0.1946 0.1715 182.4530 182.4530 96.9424 0.9912 
fa3 = 0.9492 0.3240 0.3240 0.3240 0.3240 0.3240 0.3240 0.3240 0.2389 0.2389 0.2389 0.2389 0.2389 0.2389 0.2389 0.1946 0.1946 0.1946 0.1946 0.1946 0.1946 0.1946 0.1715 182.5689 182.5689 96.9781 0.9913 
fa4 = 0.9483 0.3237 0.3237 0.3237 0.3237 0.3237 0.3237 0.3237 0.2387 0.2387 0.2387 0.2387 0.2387 0.2387 0.2387 0.1945 0.1945 0.1945 0.1945 0.1945 0.1945 0.1945 0.1715 187.2828 187.2828 98.8718 0.9859 
fb1 = -0.2187 -0.2434 -0.2434 -0.2434 -0.2434 -0.2434 -0.2434 -0.2434 -0.2539 -0.2539 -0.2539 -0.2539 -0.2539 -0.2539 -0.2539 -0.2640 -0.2640 -0.2640 -0.2640 -0.2640 -0.2640 -0.2640 -0.2726 0.1928 0.1928 0.1195 -0.0968 
fb2 = -0.2187 -0.2434 -0.2434 -0.2434 -0.2434 -0.2434 -0.2434 -0.2434 -0.2538 -0.2538 -0.2538 -0.2538 -0.2538 -0.2538 -0.2538 -0.2639 -0.2639 -0.2639 -0.2639 -0.2639 -0.2639 -0.2639 -0.2726 0.1964 0.1964 0.1214 -0.0967 
fb3 = -0.2187 -0.2434 -0.2434 -0.2434 -0.2434 -0.2434 -0.2434 -0.2434 -0.2538 -0.2538 -0.2538 -0.2538 -0.2538 -0.2538 -0.2538 -0.2639 -0.2639 -0.2639 -0.2639 -0.2639 -0.2639 -0.2639 -0.2726 0.1965 0.1965 0.1214 -0.0967 
fb4 = -0.2186 -0.2433 -0.2433 -0.2433 -0.2433 -0.2433 -0.2433 -0.2433 -0.2537 -0.2537 -0.2537 -0.2537 -0.2537 -0.2537 -0.2537 -0.2638 -0.2638 -0.2638 -0.2638 -0.2638 -0.2638 -0.2638 -0.2725 0.2001 0.2001 0.1233 -0.0967 
I = 14.9000 9.4000 9.4000 9.4000 9.4000 9.4000 9.4000 9.4000 6.0000 6.0000 6.0000 6.0000 6.0000 6.0000 6.0000 2.0000 2.0000 2.0000 2.0000 2.0000 2.0000 2.0000 -2.0000 25.1371 25.1371 10.0000 -1.9055 
S1 = 0.0000 0.0000 0.0000 0.0000 0.0000 0.0000 0.0000 0.0000 0.0000 0.0000 0.0000 0.0000 0.0000 0.0000 0.0000 0.0000 0.0000 0.0000 0.0000 0.0000 0.0000 0.0000 0.0000 0.0000 0.0000 0.0000 0.0000 
S2 = 0.0000 0.0000 0.0000 0.0000 0.0000 0.0000 0.0000 0.0000 0.0000 0.0000 0.0000 0.0000 0.0000 0.0000 0.0000 0.0000 0.0000 0.0000 0.0000 0.0000 0.0000 0.0000 0.0000 1.1371 1.1371 0.0000 9.0945 
u = 8.7126 8.6287 8.6287 8.6287 8.6287 8.6287 8.6287 8.6287 8.5872 8.5872 8.5872 8.5872 8.5872 8.5872 8.5872 8.5441 8.5441 8.5441 8.5441 8.5441 8.5441 8.5441 8.5056 10.4910 10.4910 11.1457 9.4114 
v = 32.4728 25.4559 25.4559 25.4559 25.4559 25.4559 25.4559 25.4559 22.4369 22.4369 22.4369 22.4369 22.4369 22.4369 22.4369 19.4801 19.4801 19.4801 19.4801 19.4801 19.4801 19.4801 16.9288 102.4779 102.4779 86.5579 22.8774 
