ExternalI = 5.5000 0.0000 0.0000 0.0000 0.0000 0.0000 0.0000 0.0000 4.0000 4.0000 4.0000 4.0000 4.0000 4.0000 4.0000 0.0000 0.0000 0.0000 0.0000 0.0000 0.0000 0.0000 0.0000 8.0000 8.0000 0.0000 0.0000 
before u = 9.8387 9.8368 9.8368 9.8368 9.8368 9.8368 9.8368 9.8368 9.8356 9.8356 9.8356 9.8356 9.8356 9.8356 9.8356 9.8343 9.8343 9.8343 9.8343 9.8343 9.8343 9.8343 9.8329 9.9403 9.9403 10.1772 9.9280 
before v = 19.0850 17.2821 17.2821 17.2821 17.2821 17.2821 17.2821 17.2821 16.1872 16.1872 16.1872 16.1872 16.1872 16.1872 16.1872 14.9178 14.9178 14.9178 14.9178 14.9178 14.9178 14.9178 13.6679 25.6558 25.6558 60.5000 13.9615 
Ibias = 9.4000 9.4000 9.4000 9.4000 9.4000 9.4000 9.4000 9.4000 2.0000 2.0000 2.0000 2.0000 2.0000 2.0000 2.0000 2.0000 2.0000 2.0000 2.0000 2.0000 2.0000 2.0000 -2.0000 16.0000 16.0000 10.0000 -11.0000 
fa1 = 12.3758 9.6638 9.6638 9.6638 9.6638 9.6638 9.6638 9.6638 8.0837 8.0837 8.0837 8.0837 8.0837 8.0837 8.0837 6.3140 6.3140 6.3140 6.3140 6.3140 6.3140 6.3140 4.6358 23.4211 23.4211 24.7328 6.4846 
fa2 = 12.2864 9.5873 9.5873 9.5873 9.5873 9.5873 9.5873 9.5873 8.0165 8.0165 8.0165 8.0165 8.0165 8.0165 8.0165 6.2586 6.2586 6.2586 6.2586 6.2586 6.2586 6.2586 4.5934 23.3111 23.3111 24.9608 6.4243 
fa3 = 12.2870 9.5879 9.5879 9.5879 9.5879 9.5879 9.5879 9.5879 8.0171 8.0171 8.0171 8.0171 8.0171 8.0171 8.0171 6.2591 6.2591 6.2591 6.2591 6.2591 6.2591 6.2591 4.5938 23.3116 23.3116 24.9629 6.4248 
fa4 = 12.1986 9.5123 9.5123 9.5123 9.5123 9.5123 9.5123 9.5123 7.9506 7.9506 7.9506 7.9506 7.9506 7.9506 7.9506 6.2044 6.2044 6.2044 6.2044 6.2044 6.2044 6.2044 4.5517 23.2033 23.2033 25.1942 6.3652 
fb1 = -0.3172 -0.3243 -0.3243 -0.3243 -0.3243 -0.3243 -0.3243 -0.3243 -0.3287 -0.3287 -0.3287 -0.3287 -0.3287 -0.3287 -0.3287 -0.3337 -0.3337 -0.3337 -0.3337 -0.3337 -0.3337 -0.3337 -0.3386 -0.0962 -0.0962 0.0385 -0.1427 
fb2 = -0.3169 -0.3241 -0.3241 -0.3241 -0.3241 -0.3241 -0.3241 -0.3241 -0.3284 -0.3284 -0.3284 -0.3284 -0.3284 -0.3284 -0.3284 -0.3335 -0.3335 -0.3335 -0.3335 -0.3335 -0.3335 -0.3335 -0.3385 -0.0957 -0.0957 0.0389 -0.1426 
fb3 = -0.3169 -0.3241 -0.3241 -0.3241 -0.3241 -0.3241 -0.3241 -0.3241 -0.3285 -0.3285 -0.3285 -0.3285 -0.3285 -0.3285 -0.3285 -0.3335 -0.3335 -0.3335 -0.3335 -0.3335 -0.3335 -0.3335 -0.3385 -0.0957 -0.0957 0.0390 -0.1426 
fb4 = -0.3166 -0.3238 -0.3238 -0.3238 -0.3238 -0.3238 -0.3238 -0.3238 -0.3282 -0.3282 -0.3282 -0.3282 -0.3282 -0.3282 -0.3282 -0.3333 -0.3333 -0.3333 -0.3333 -0.3333 -0.3333 -0.3333 -0.3383 -0.0952 -0.0952 0.0394 -0.1424 
I = 14.9000 9.4000 9.4000 9.4000 9.4000 9.4000 9.4000 9.4000 6.0000 6.0000 6.0000 6.0000 6.0000 6.0000 6.0000 2.0000 2.0000 2.0000 2.0000 2.0000 2.0000 2.0000 -2.0000 24.0000 24.0000 10.0000 -9.5000 
S1 = 0.0000 0.0000 0.0000 0.0000 0.0000 0.0000 0.0000 0.0000 0.0000 0.0000 0.0000 0.0000 0.0000 0.0000 0.0000 0.0000 0.0000 0.0000 0.0000 0.0000 0.0000 0.0000 0.0000 0.0000 0.0000 0.0000 0.0000 
S2 = 0.0000 0.0000 0.0000 0.0000 0.0000 0.0000 0.0000 0.0000 0.0000 0.0000 0.0000 0.0000 0.0000 0.0000 0.0000 0.0000 0.0000 0.0000 0.0000 0.0000 0.0000 0.0000 0.0000 0.0000 0.0000 0.0000 1.5000 
u = 9.8356 9.8336 9.8336 9.8336 9.8336 9.8336 9.8336 9.8336 9.8323 9.8323 9.8323 9.8323 9.8323 9.8323 9.8323 9.8309 9.8309 9.8309 9.8309 9.8309 9.8309 9.8309 9.8295 9.9394 9.9394 10.1776 9.9265 
v = 19.2078 17.3780 17.3780 17.3780 17.3780 17.3780 17.3780 17.3780 16.2674 16.2674 16.2674 16.2674 16.2674 16.2674 16.2674 14.9804 14.9804 14.9804 14.9804 14.9804 14.9804 14.9804 13.7139 25.8889 25.8889 60.7496 14.0257 
