ExternalI = 5.5000 0.0000 0.0000 0.0000 0.0000 0.0000 0.0000 0.0000 4.0000 4.0000 4.0000 4.0000 4.0000 4.0000 4.0000 0.0000 0.0000 0.0000 0.0000 0.0000 0.0000 0.0000 0.0000 8.0000 8.0000 0.0000 0.0000 
before u = 8.7126 8.6287 8.6287 8.6287 8.6287 8.6287 8.6287 8.6287 8.5872 8.5872 8.5872 8.5872 8.5872 8.5872 8.5872 8.5441 8.5441 8.5441 8.5441 8.5441 8.5441 8.5441 8.5056 10.4910 10.4910 11.1457 9.4114 
before v = 32.4728 25.4559 25.4559 25.4559 25.4559 25.4559 25.4559 25.4559 22.4369 22.4369 22.4369 22.4369 22.4369 22.4369 22.4369 19.4801 19.4801 19.4801 19.4801 19.4801 19.4801 19.4801 16.9288 102.4779 102.4779 86.5579 22.8774 
Ibias = 9.4000 9.4000 9.4000 9.4000 9.4000 9.4000 9.4000 9.4000 2.0000 2.0000 2.0000 2.0000 2.0000 2.0000 2.0000 2.0000 2.0000 2.0000 2.0000 2.0000 2.0000 2.0000 -2.0000 16.0000 16.0000 10.0000 -11.0000 
fa1 = 0.9483 0.3237 0.3237 0.3237 0.3237 0.3237 0.3237 0.3237 0.2387 0.2387 0.2387 0.2387 0.2387 0.2387 0.2387 0.1945 0.1945 0.1945 0.1945 0.1945 0.1945 0.1945 0.1715 187.2791 187.2791 98.8715 0.9677 
fa2 = 0.9475 0.3233 0.3233 0.3233 0.3233 0.3233 0.3233 0.3233 0.2386 0.2386 0.2386 0.2386 0.2386 0.2386 0.2386 0.1944 0.1944 0.1944 0.1944 0.1944 0.1944 0.1944 0.1714 192.1808 192.1808 100.8208 0.9626 
fa3 = 0.9475 0.3233 0.3233 0.3233 0.3233 0.3233 0.3233 0.3233 0.2386 0.2386 0.2386 0.2386 0.2386 0.2386 0.2386 0.1944 0.1944 0.1944 0.1944 0.1944 0.1944 0.1944 0.1714 192.3100 192.3100 100.8595 0.9626 
fa4 = 0.9467 0.3230 0.3230 0.3230 0.3230 0.3230 0.3230 0.3230 0.2384 0.2384 0.2384 0.2384 0.2384 0.2384 0.2384 0.1943 0.1943 0.1943 0.1943 0.1943 0.1943 0.1943 0.1714 197.4217 197.4217 102.8693 0.9575 
fb1 = -0.2186 -0.2433 -0.2433 -0.2433 -0.2433 -0.2433 -0.2433 -0.2433 -0.2537 -0.2537 -0.2537 -0.2537 -0.2537 -0.2537 -0.2537 -0.2638 -0.2638 -0.2638 -0.2638 -0.2638 -0.2638 -0.2638 -0.2725 0.2001 0.2001 0.1233 -0.0967 
fb2 = -0.2185 -0.2433 -0.2433 -0.2433 -0.2433 -0.2433 -0.2433 -0.2433 -0.2537 -0.2537 -0.2537 -0.2537 -0.2537 -0.2537 -0.2537 -0.2638 -0.2638 -0.2638 -0.2638 -0.2638 -0.2638 -0.2638 -0.2724 0.2038 0.2038 0.1253 -0.0967 
fb3 = -0.2185 -0.2433 -0.2433 -0.2433 -0.2433 -0.2433 -0.2433 -0.2433 -0.2537 -0.2537 -0.2537 -0.2537 -0.2537 -0.2537 -0.2537 -0.2638 -0.2638 -0.2638 -0.2638 -0.2638 -0.2638 -0.2638 -0.2724 0.2039 0.2039 0.1253 -0.0967 
fb4 = -0.2185 -0.2432 -0.2432 -0.2432 -0.2432 -0.2432 -0.2432 -0.2432 -0.2536 -0.2536 -0.2536 -0.2536 -0.2536 -0.2536 -0.2536 -0.2637 -0.2637 -0.2637 -0.2637 -0.2637 -0.2637 -0.2637 -0.2724 0.2077 0.2077 0.1273 -0.0967 
I = 14.9000 9.4000 9.4000 9.4000 9.4000 9.4000 9.4000 9.4000 6.0000 6.0000 6.0000 6.0000 6.0000 6.0000 6.0000 2.0000 2.0000 2.0000 2.0000 2.0000 2.0000 2.0000 -2.0000 25.1349 25.1349 10.0000 -1.9237 
S1 = 0.0000 0.0000 0.0000 0.0000 0.0000 0.0000 0.0000 0.0000 0.0000 0.0000 0.0000 0.0000 0.0000 0.0000 0.0000 0.0000 0.0000 0.0000 0.0000 0.0000 0.0000 0.0000 0.0000 0.0000 0.0000 0.0000 0.0000 
S2 = 0.0000 0.0000 0.0000 0.0000 0.0000 0.0000 0.0000 0.0000 0.0000 0.0000 0.0000 0.0000 0.0000 0.0000 0.0000 0.0000 0.0000 0.0000 0.0000 0.0000 0.0000 0.0000 0.0000 1.1349 1.1349 0.0000 9.0763 
u = 8.7104 8.6263 8.6263 8.6263 8.6263 8.6263 8.6263 8.6263 8.5846 8.5846 8.5846 8.5846 8.5846 8.5846 8.5846 8.5415 8.5415 8.5415 8.5415 8.5415 8.5415 8.5415 8.5028 10.4930 10.4930 11.1470 9.4104 
v = 32.4823 25.4592 25.4592 25.4592 25.4592 25.4592 25.4592 25.4592 22.4393 22.4393 22.4393 22.4393 22.4393 22.4393 22.4393 19.4821 19.4821 19.4821 19.4821 19.4821 19.4821 19.4821 16.9305 104.4007 104.4007 87.5664 22.8870 
