ExternalI = 5.5000 0.0000 0.0000 0.0000 0.0000 0.0000 0.0000 0.0000 4.0000 4.0000 4.0000 4.0000 4.0000 4.0000 4.0000 0.0000 0.0000 0.0000 0.0000 0.0000 0.0000 0.0000 0.0000 8.0000 8.0000 0.0000 0.0000 
before u = 8.7104 8.6263 8.6263 8.6263 8.6263 8.6263 8.6263 8.6263 8.5846 8.5846 8.5846 8.5846 8.5846 8.5846 8.5846 8.5415 8.5415 8.5415 8.5415 8.5415 8.5415 8.5415 8.5028 10.4930 10.4930 11.1470 9.4104 
before v = 32.4823 25.4592 25.4592 25.4592 25.4592 25.4592 25.4592 25.4592 22.4393 22.4393 22.4393 22.4393 22.4393 22.4393 22.4393 19.4821 19.4821 19.4821 19.4821 19.4821 19.4821 19.4821 16.9305 104.4007 104.4007 87.5664 22.8870 
Ibias = 9.4000 9.4000 9.4000 9.4000 9.4000 9.4000 9.4000 9.4000 2.0000 2.0000 2.0000 2.0000 2.0000 2.0000 2.0000 2.0000 2.0000 2.0000 2.0000 2.0000 2.0000 2.0000 -2.0000 16.0000 16.0000 10.0000 -11.0000 
fa1 = 0.9467 0.3230 0.3230 0.3230 0.3230 0.3230 0.3230 0.3230 0.2384 0.2384 0.2384 0.2384 0.2384 0.2384 0.2384 0.1943 0.1943 0.1943 0.1943 0.1943 0.1943 0.1943 0.1714 197.4179 197.4179 102.8689 0.9393 
fa2 = 0.9459 0.3226 0.3226 0.3226 0.3226 0.3226 0.3226 0.3226 0.2382 0.2382 0.2382 0.2382 0.2382 0.2382 0.2382 0.1943 0.1943 0.1943 0.1943 0.1943 0.1943 0.1943 0.1713 202.7388 202.7388 104.9390 0.9343 
fa3 = 0.9459 0.3226 0.3226 0.3226 0.3226 0.3226 0.3226 0.3226 0.2382 0.2382 0.2382 0.2382 0.2382 0.2382 0.2382 0.1943 0.1943 0.1943 0.1943 0.1943 0.1943 0.1943 0.1713 202.8833 202.8833 104.9809 0.9343 
fa4 = 0.9451 0.3223 0.3223 0.3223 0.3223 0.3223 0.3223 0.3223 0.2381 0.2381 0.2381 0.2381 0.2381 0.2381 0.2381 0.1942 0.1942 0.1942 0.1942 0.1942 0.1942 0.1942 0.1713 208.4388 208.4388 107.1165 0.9294 
fb1 = -0.2185 -0.2432 -0.2432 -0.2432 -0.2432 -0.2432 -0.2432 -0.2432 -0.2536 -0.2536 -0.2536 -0.2536 -0.2536 -0.2536 -0.2536 -0.2637 -0.2637 -0.2637 -0.2637 -0.2637 -0.2637 -0.2637 -0.2724 0.2077 0.2077 0.1273 -0.0967 
fb2 = -0.2184 -0.2432 -0.2432 -0.2432 -0.2432 -0.2432 -0.2432 -0.2432 -0.2536 -0.2536 -0.2536 -0.2536 -0.2536 -0.2536 -0.2536 -0.2637 -0.2637 -0.2637 -0.2637 -0.2637 -0.2637 -0.2637 -0.2723 0.2117 0.2117 0.1294 -0.0966 
fb3 = -0.2184 -0.2432 -0.2432 -0.2432 -0.2432 -0.2432 -0.2432 -0.2432 -0.2536 -0.2536 -0.2536 -0.2536 -0.2536 -0.2536 -0.2536 -0.2637 -0.2637 -0.2637 -0.2637 -0.2637 -0.2637 -0.2637 -0.2723 0.2118 0.2118 0.1294 -0.0966 
fb4 = -0.2184 -0.2431 -0.2431 -0.2431 -0.2431 -0.2431 -0.2431 -0.2431 -0.2535 -0.2535 -0.2535 -0.2535 -0.2535 -0.2535 -0.2535 -0.2636 -0.2636 -0.2636 -0.2636 -0.2636 -0.2636 -0.2636 -0.2723 0.2158 0.2158 0.1315 -0.0966 
I = 14.9000 9.4000 9.4000 9.4000 9.4000 9.4000 9.4000 9.4000 6.0000 6.0000 6.0000 6.0000 6.0000 6.0000 6.0000 2.0000 2.0000 2.0000 2.0000 2.0000 2.0000 2.0000 -2.0000 25.1326 25.1326 10.0000 -1.9419 
S1 = 0.0000 0.0000 0.0000 0.0000 0.0000 0.0000 0.0000 0.0000 0.0000 0.0000 0.0000 0.0000 0.0000 0.0000 0.0000 0.0000 0.0000 0.0000 0.0000 0.0000 0.0000 0.0000 0.0000 0.0000 0.0000 0.0000 0.0000 
S2 = 0.0000 0.0000 0.0000 0.0000 0.0000 0.0000 0.0000 0.0000 0.0000 0.0000 0.0000 0.0000 0.0000 0.0000 0.0000 0.0000 0.0000 0.0000 0.0000 0.0000 0.0000 0.0000 0.0000 1.1326 1.1326 0.0000 9.0581 
u = 8.7082 8.6239 8.6239 8.6239 8.6239 8.6239 8.6239 8.6239 8.5821 8.5821 8.5821 8.5821 8.5821 8.5821 8.5821 8.5389 8.5389 8.5389 8.5389 8.5389 8.5389 8.5389 8.5001 10.4951 10.4951 11.1483 9.4095 
v = 32.4918 25.4624 25.4624 25.4624 25.4624 25.4624 25.4624 25.4624 22.4416 22.4416 22.4416 22.4416 22.4416 22.4416 22.4416 19.4840 19.4840 19.4840 19.4840 19.4840 19.4840 19.4840 16.9322 106.4292 106.4292 88.6161 22.8963 
