ExternalI = 5.5000 0.0000 0.0000 0.0000 0.0000 0.0000 0.0000 0.0000 4.0000 4.0000 4.0000 4.0000 4.0000 4.0000 4.0000 0.0000 0.0000 0.0000 0.0000 0.0000 0.0000 0.0000 0.0000 8.0000 8.0000 0.0000 0.0000 
before u = 8.7082 8.6239 8.6239 8.6239 8.6239 8.6239 8.6239 8.6239 8.5821 8.5821 8.5821 8.5821 8.5821 8.5821 8.5821 8.5389 8.5389 8.5389 8.5389 8.5389 8.5389 8.5389 8.5001 10.4951 10.4951 11.1483 9.4095 
before v = 32.4918 25.4624 25.4624 25.4624 25.4624 25.4624 25.4624 25.4624 22.4416 22.4416 22.4416 22.4416 22.4416 22.4416 22.4416 19.4840 19.4840 19.4840 19.4840 19.4840 19.4840 19.4840 16.9322 106.4292 106.4292 88.6161 22.8963 
Ibias = 9.4000 9.4000 9.4000 9.4000 9.4000 9.4000 9.4000 9.4000 2.0000 2.0000 2.0000 2.0000 2.0000 2.0000 2.0000 2.0000 2.0000 2.0000 2.0000 2.0000 2.0000 2.0000 -2.0000 16.0000 16.0000 10.0000 -11.0000 
fa1 = 0.9451 0.3223 0.3223 0.3223 0.3223 0.3223 0.3223 0.3223 0.2381 0.2381 0.2381 0.2381 0.2381 0.2381 0.2381 0.1942 0.1942 0.1942 0.1942 0.1942 0.1942 0.1942 0.1713 208.4348 208.4348 107.1161 0.9112 
fa2 = 0.9443 0.3220 0.3220 0.3220 0.3220 0.3220 0.3220 0.3220 0.2379 0.2379 0.2379 0.2379 0.2379 0.2379 0.2379 0.1941 0.1941 0.1941 0.1941 0.1941 0.1941 0.1941 0.1712 214.2240 214.2240 109.3171 0.9064 
fa3 = 0.9443 0.3220 0.3220 0.3220 0.3220 0.3220 0.3220 0.3220 0.2379 0.2379 0.2379 0.2379 0.2379 0.2379 0.2379 0.1941 0.1941 0.1941 0.1941 0.1941 0.1941 0.1941 0.1712 214.3861 214.3861 109.3626 0.9064 
fa4 = 0.9435 0.3216 0.3216 0.3216 0.3216 0.3216 0.3216 0.3216 0.2377 0.2377 0.2377 0.2377 0.2377 0.2377 0.2377 0.1940 0.1940 0.1940 0.1940 0.1940 0.1940 0.1940 0.1712 220.4384 220.4384 111.6348 0.9016 
fb1 = -0.2184 -0.2431 -0.2431 -0.2431 -0.2431 -0.2431 -0.2431 -0.2431 -0.2535 -0.2535 -0.2535 -0.2535 -0.2535 -0.2535 -0.2535 -0.2636 -0.2636 -0.2636 -0.2636 -0.2636 -0.2636 -0.2636 -0.2723 0.2158 0.2158 0.1315 -0.0966 
fb2 = -0.2183 -0.2430 -0.2430 -0.2430 -0.2430 -0.2430 -0.2430 -0.2430 -0.2535 -0.2535 -0.2535 -0.2535 -0.2535 -0.2535 -0.2535 -0.2636 -0.2636 -0.2636 -0.2636 -0.2636 -0.2636 -0.2636 -0.2722 0.2200 0.2200 0.1336 -0.0966 
fb3 = -0.2183 -0.2430 -0.2430 -0.2430 -0.2430 -0.2430 -0.2430 -0.2430 -0.2535 -0.2535 -0.2535 -0.2535 -0.2535 -0.2535 -0.2535 -0.2636 -0.2636 -0.2636 -0.2636 -0.2636 -0.2636 -0.2636 -0.2722 0.2201 0.2201 0.1337 -0.0966 
fb4 = -0.2182 -0.2430 -0.2430 -0.2430 -0.2430 -0.2430 -0.2430 -0.2430 -0.2534 -0.2534 -0.2534 -0.2534 -0.2534 -0.2534 -0.2534 -0.2635 -0.2635 -0.2635 -0.2635 -0.2635 -0.2635 -0.2635 -0.2722 0.2243 0.2243 0.1358 -0.0965 
I = 14.9000 9.4000 9.4000 9.4000 9.4000 9.4000 9.4000 9.4000 6.0000 6.0000 6.0000 6.0000 6.0000 6.0000 6.0000 2.0000 2.0000 2.0000 2.0000 2.0000 2.0000 2.0000 -2.0000 25.1303 25.1303 10.0000 -1.9600 
S1 = 0.0000 0.0000 0.0000 0.0000 0.0000 0.0000 0.0000 0.0000 0.0000 0.0000 0.0000 0.0000 0.0000 0.0000 0.0000 0.0000 0.0000 0.0000 0.0000 0.0000 0.0000 0.0000 0.0000 0.0000 0.0000 0.0000 0.0000 
S2 = 0.0000 0.0000 0.0000 0.0000 0.0000 0.0000 0.0000 0.0000 0.0000 0.0000 0.0000 0.0000 0.0000 0.0000 0.0000 0.0000 0.0000 0.0000 0.0000 0.0000 0.0000 0.0000 0.0000 1.1303 1.1303 0.0000 9.0400 
u = 8.7060 8.6214 8.6214 8.6214 8.6214 8.6214 8.6214 8.6214 8.5796 8.5796 8.5796 8.5796 8.5796 8.5796 8.5796 8.5362 8.5362 8.5362 8.5362 8.5362 8.5362 8.5362 8.4974 10.4973 10.4973 11.1496 9.4085 
v = 32.5012 25.4656 25.4656 25.4656 25.4656 25.4656 25.4656 25.4656 22.4440 22.4440 22.4440 22.4440 22.4440 22.4440 22.4440 19.4859 19.4859 19.4859 19.4859 19.4859 19.4859 19.4859 16.9339 108.5727 108.5727 89.7097 22.9054 
