ExternalI = 5.5000 0.0000 0.0000 0.0000 0.0000 0.0000 0.0000 0.0000 4.0000 4.0000 4.0000 4.0000 4.0000 4.0000 4.0000 0.0000 0.0000 0.0000 0.0000 0.0000 0.0000 0.0000 0.0000 8.0000 8.0000 0.0000 0.0000 
before u = 8.7060 8.6214 8.6214 8.6214 8.6214 8.6214 8.6214 8.6214 8.5796 8.5796 8.5796 8.5796 8.5796 8.5796 8.5796 8.5362 8.5362 8.5362 8.5362 8.5362 8.5362 8.5362 8.4974 10.4973 10.4973 11.1496 9.4085 
before v = 32.5012 25.4656 25.4656 25.4656 25.4656 25.4656 25.4656 25.4656 22.4440 22.4440 22.4440 22.4440 22.4440 22.4440 22.4440 19.4859 19.4859 19.4859 19.4859 19.4859 19.4859 19.4859 16.9339 108.5727 108.5727 89.7097 22.9054 
Ibias = 9.4000 9.4000 9.4000 9.4000 9.4000 9.4000 9.4000 9.4000 2.0000 2.0000 2.0000 2.0000 2.0000 2.0000 2.0000 2.0000 2.0000 2.0000 2.0000 2.0000 2.0000 2.0000 -2.0000 16.0000 16.0000 10.0000 -11.0000 
fa1 = 0.9435 0.3216 0.3216 0.3216 0.3216 0.3216 0.3216 0.3216 0.2377 0.2377 0.2377 0.2377 0.2377 0.2377 0.2377 0.1940 0.1940 0.1940 0.1940 0.1940 0.1940 0.1940 0.1712 220.4340 220.4340 111.6343 0.8835 
fa2 = 0.9427 0.3213 0.3213 0.3213 0.3213 0.3213 0.3213 0.3213 0.2376 0.2376 0.2376 0.2376 0.2376 0.2376 0.2376 0.1939 0.1939 0.1939 0.1939 0.1939 0.1939 0.1939 0.1711 226.7482 226.7482 113.9775 0.8789 
fa3 = 0.9427 0.3213 0.3213 0.3213 0.3213 0.3213 0.3213 0.3213 0.2376 0.2376 0.2376 0.2376 0.2376 0.2376 0.2376 0.1939 0.1939 0.1939 0.1939 0.1939 0.1939 0.1939 0.1711 226.9305 226.9305 114.0269 0.8789 
fa4 = 0.9419 0.3210 0.3210 0.3210 0.3210 0.3210 0.3210 0.3210 0.2374 0.2374 0.2374 0.2374 0.2374 0.2374 0.2374 0.1939 0.1939 0.1939 0.1939 0.1939 0.1939 0.1939 0.1711 233.5406 233.5406 116.4476 0.8742 
fb1 = -0.2182 -0.2430 -0.2430 -0.2430 -0.2430 -0.2430 -0.2430 -0.2430 -0.2534 -0.2534 -0.2534 -0.2534 -0.2534 -0.2534 -0.2534 -0.2635 -0.2635 -0.2635 -0.2635 -0.2635 -0.2635 -0.2635 -0.2722 0.2243 0.2243 0.1358 -0.0965 
fb2 = -0.2182 -0.2429 -0.2429 -0.2429 -0.2429 -0.2429 -0.2429 -0.2429 -0.2534 -0.2534 -0.2534 -0.2534 -0.2534 -0.2534 -0.2534 -0.2634 -0.2634 -0.2634 -0.2634 -0.2634 -0.2634 -0.2634 -0.2721 0.2287 0.2287 0.1381 -0.0965 
fb3 = -0.2182 -0.2429 -0.2429 -0.2429 -0.2429 -0.2429 -0.2429 -0.2429 -0.2534 -0.2534 -0.2534 -0.2534 -0.2534 -0.2534 -0.2534 -0.2634 -0.2634 -0.2634 -0.2634 -0.2634 -0.2634 -0.2634 -0.2721 0.2289 0.2289 0.1381 -0.0965 
fb4 = -0.2181 -0.2429 -0.2429 -0.2429 -0.2429 -0.2429 -0.2429 -0.2429 -0.2533 -0.2533 -0.2533 -0.2533 -0.2533 -0.2533 -0.2533 -0.2634 -0.2634 -0.2634 -0.2634 -0.2634 -0.2634 -0.2634 -0.2720 0.2334 0.2334 0.1404 -0.0965 
I = 14.9000 9.4000 9.4000 9.4000 9.4000 9.4000 9.4000 9.4000 6.0000 6.0000 6.0000 6.0000 6.0000 6.0000 6.0000 2.0000 2.0000 2.0000 2.0000 2.0000 2.0000 2.0000 -2.0000 25.1281 25.1281 10.0000 -1.9781 
S1 = 0.0000 0.0000 0.0000 0.0000 0.0000 0.0000 0.0000 0.0000 0.0000 0.0000 0.0000 0.0000 0.0000 0.0000 0.0000 0.0000 0.0000 0.0000 0.0000 0.0000 0.0000 0.0000 0.0000 0.0000 0.0000 0.0000 0.0000 
S2 = 0.0000 0.0000 0.0000 0.0000 0.0000 0.0000 0.0000 0.0000 0.0000 0.0000 0.0000 0.0000 0.0000 0.0000 0.0000 0.0000 0.0000 0.0000 0.0000 0.0000 0.0000 0.0000 0.0000 1.1281 1.1281 0.0000 9.0219 
u = 8.7038 8.6190 8.6190 8.6190 8.6190 8.6190 8.6190 8.6190 8.5770 8.5770 8.5770 8.5770 8.5770 8.5770 8.5770 8.5336 8.5336 8.5336 8.5336 8.5336 8.5336 8.5336 8.4947 10.4996 10.4996 11.1510 9.4075 
v = 32.5106 25.4688 25.4688 25.4688 25.4688 25.4688 25.4688 25.4688 22.4464 22.4464 22.4464 22.4464 22.4464 22.4464 22.4464 19.4879 19.4879 19.4879 19.4879 19.4879 19.4879 19.4879 16.9356 110.8416 110.8416 90.8498 22.9142 
