ExternalI = 5.5000 0.0000 0.0000 0.0000 0.0000 0.0000 0.0000 0.0000 4.0000 4.0000 4.0000 4.0000 4.0000 4.0000 4.0000 0.0000 0.0000 0.0000 0.0000 0.0000 0.0000 0.0000 0.0000 8.0000 8.0000 0.0000 0.0000 
before u = 8.7038 8.6190 8.6190 8.6190 8.6190 8.6190 8.6190 8.6190 8.5770 8.5770 8.5770 8.5770 8.5770 8.5770 8.5770 8.5336 8.5336 8.5336 8.5336 8.5336 8.5336 8.5336 8.4947 10.4996 10.4996 11.1510 9.4075 
before v = 32.5106 25.4688 25.4688 25.4688 25.4688 25.4688 25.4688 25.4688 22.4464 22.4464 22.4464 22.4464 22.4464 22.4464 22.4464 19.4879 19.4879 19.4879 19.4879 19.4879 19.4879 19.4879 16.9356 110.8416 110.8416 90.8498 22.9142 
Ibias = 9.4000 9.4000 9.4000 9.4000 9.4000 9.4000 9.4000 9.4000 2.0000 2.0000 2.0000 2.0000 2.0000 2.0000 2.0000 2.0000 2.0000 2.0000 2.0000 2.0000 2.0000 2.0000 -2.0000 16.0000 16.0000 10.0000 -11.0000 
fa1 = 0.9419 0.3210 0.3210 0.3210 0.3210 0.3210 0.3210 0.3210 0.2374 0.2374 0.2374 0.2374 0.2374 0.2374 0.2374 0.1939 0.1939 0.1939 0.1939 0.1939 0.1939 0.1939 0.1711 233.5358 233.5358 116.4471 0.8562 
fa2 = 0.9411 0.3206 0.3206 0.3206 0.3206 0.3206 0.3206 0.3206 0.2372 0.2372 0.2372 0.2372 0.2372 0.2372 0.2372 0.1938 0.1938 0.1938 0.1938 0.1938 0.1938 0.1938 0.1710 240.4404 240.4404 118.9449 0.8517 
fa3 = 0.9411 0.3206 0.3206 0.3206 0.3206 0.3206 0.3206 0.3206 0.2372 0.2372 0.2372 0.2372 0.2372 0.2372 0.2372 0.1938 0.1938 0.1938 0.1938 0.1938 0.1938 0.1938 0.1710 240.6462 240.6462 118.9988 0.8517 
fa4 = 0.9404 0.3203 0.3203 0.3203 0.3203 0.3203 0.3203 0.3203 0.2371 0.2371 0.2371 0.2371 0.2371 0.2371 0.2371 0.1937 0.1937 0.1937 0.1937 0.1937 0.1937 0.1937 0.1710 247.8846 247.8846 121.5812 0.8472 
fb1 = -0.2181 -0.2429 -0.2429 -0.2429 -0.2429 -0.2429 -0.2429 -0.2429 -0.2533 -0.2533 -0.2533 -0.2533 -0.2533 -0.2533 -0.2533 -0.2634 -0.2634 -0.2634 -0.2634 -0.2634 -0.2634 -0.2634 -0.2720 0.2334 0.2334 0.1404 -0.0965 
fb2 = -0.2180 -0.2428 -0.2428 -0.2428 -0.2428 -0.2428 -0.2428 -0.2428 -0.2532 -0.2532 -0.2532 -0.2532 -0.2532 -0.2532 -0.2532 -0.2633 -0.2633 -0.2633 -0.2633 -0.2633 -0.2633 -0.2633 -0.2720 0.2380 0.2380 0.1427 -0.0965 
fb3 = -0.2180 -0.2428 -0.2428 -0.2428 -0.2428 -0.2428 -0.2428 -0.2428 -0.2532 -0.2532 -0.2532 -0.2532 -0.2532 -0.2532 -0.2532 -0.2633 -0.2633 -0.2633 -0.2633 -0.2633 -0.2633 -0.2633 -0.2720 0.2382 0.2382 0.1427 -0.0965 
fb4 = -0.2180 -0.2428 -0.2428 -0.2428 -0.2428 -0.2428 -0.2428 -0.2428 -0.2532 -0.2532 -0.2532 -0.2532 -0.2532 -0.2532 -0.2532 -0.2633 -0.2633 -0.2633 -0.2633 -0.2633 -0.2633 -0.2633 -0.2719 0.2430 0.2430 0.1451 -0.0964 
I = 14.9000 9.4000 9.4000 9.4000 9.4000 9.4000 9.4000 9.4000 6.0000 6.0000 6.0000 6.0000 6.0000 6.0000 6.0000 2.0000 2.0000 2.0000 2.0000 2.0000 2.0000 2.0000 -2.0000 25.1258 25.1258 10.0000 -1.9961 
S1 = 0.0000 0.0000 0.0000 0.0000 0.0000 0.0000 0.0000 0.0000 0.0000 0.0000 0.0000 0.0000 0.0000 0.0000 0.0000 0.0000 0.0000 0.0000 0.0000 0.0000 0.0000 0.0000 0.0000 0.0000 0.0000 0.0000 0.0000 
S2 = 0.0000 0.0000 0.0000 0.0000 0.0000 0.0000 0.0000 0.0000 0.0000 0.0000 0.0000 0.0000 0.0000 0.0000 0.0000 0.0000 0.0000 0.0000 0.0000 0.0000 0.0000 0.0000 0.0000 1.1258 1.1258 0.0000 9.0039 
u = 8.7016 8.6166 8.6166 8.6166 8.6166 8.6166 8.6166 8.6166 8.5745 8.5745 8.5745 8.5745 8.5745 8.5745 8.5745 8.5310 8.5310 8.5310 8.5310 8.5310 8.5310 8.5310 8.4919 10.5020 10.5020 11.1524 9.4066 
v = 32.5201 25.4720 25.4720 25.4720 25.4720 25.4720 25.4720 25.4720 22.4488 22.4488 22.4488 22.4488 22.4488 22.4488 22.4488 19.4898 19.4898 19.4898 19.4898 19.4898 19.4898 19.4898 16.9373 113.2476 113.2476 92.0397 22.9227 
