ExternalI = 5.5000 0.0000 0.0000 0.0000 0.0000 0.0000 0.0000 0.0000 4.0000 4.0000 4.0000 4.0000 4.0000 4.0000 4.0000 0.0000 0.0000 0.0000 0.0000 0.0000 0.0000 0.0000 0.0000 8.0000 8.0000 0.0000 0.0000 
before u = 8.7016 8.6166 8.6166 8.6166 8.6166 8.6166 8.6166 8.6166 8.5745 8.5745 8.5745 8.5745 8.5745 8.5745 8.5745 8.5310 8.5310 8.5310 8.5310 8.5310 8.5310 8.5310 8.4919 10.5020 10.5020 11.1524 9.4066 
before v = 32.5201 25.4720 25.4720 25.4720 25.4720 25.4720 25.4720 25.4720 22.4488 22.4488 22.4488 22.4488 22.4488 22.4488 22.4488 19.4898 19.4898 19.4898 19.4898 19.4898 19.4898 19.4898 16.9373 113.2476 113.2476 92.0397 22.9227 
Ibias = 9.4000 9.4000 9.4000 9.4000 9.4000 9.4000 9.4000 9.4000 2.0000 2.0000 2.0000 2.0000 2.0000 2.0000 2.0000 2.0000 2.0000 2.0000 2.0000 2.0000 2.0000 2.0000 -2.0000 16.0000 16.0000 10.0000 -11.0000 
fa1 = 0.9404 0.3203 0.3203 0.3203 0.3203 0.3203 0.3203 0.3203 0.2371 0.2371 0.2371 0.2371 0.2371 0.2371 0.2371 0.1937 0.1937 0.1937 0.1937 0.1937 0.1937 0.1937 0.1710 247.8795 247.8795 121.5806 0.8292 
fa2 = 0.9396 0.3200 0.3200 0.3200 0.3200 0.3200 0.3200 0.3200 0.2369 0.2369 0.2369 0.2369 0.2369 0.2369 0.2369 0.1936 0.1936 0.1936 0.1936 0.1936 0.1936 0.1936 0.1709 255.4502 255.4502 124.2471 0.8249 
fa3 = 0.9396 0.3200 0.3200 0.3200 0.3200 0.3200 0.3200 0.3200 0.2369 0.2369 0.2369 0.2369 0.2369 0.2369 0.2369 0.1936 0.1936 0.1936 0.1936 0.1936 0.1936 0.1936 0.1709 255.6834 255.6834 124.3059 0.8249 
fa4 = 0.9388 0.3197 0.3197 0.3197 0.3197 0.3197 0.3197 0.3197 0.2368 0.2368 0.2368 0.2368 0.2368 0.2368 0.2368 0.1935 0.1935 0.1935 0.1935 0.1935 0.1935 0.1935 0.1709 263.6324 263.6324 127.0646 0.8206 
fb1 = -0.2180 -0.2428 -0.2428 -0.2428 -0.2428 -0.2428 -0.2428 -0.2428 -0.2532 -0.2532 -0.2532 -0.2532 -0.2532 -0.2532 -0.2532 -0.2633 -0.2633 -0.2633 -0.2633 -0.2633 -0.2633 -0.2633 -0.2719 0.2430 0.2430 0.1451 -0.0964 
fb2 = -0.2179 -0.2427 -0.2427 -0.2427 -0.2427 -0.2427 -0.2427 -0.2427 -0.2531 -0.2531 -0.2531 -0.2531 -0.2531 -0.2531 -0.2531 -0.2632 -0.2632 -0.2632 -0.2632 -0.2632 -0.2632 -0.2632 -0.2719 0.2479 0.2479 0.1475 -0.0964 
fb3 = -0.2179 -0.2427 -0.2427 -0.2427 -0.2427 -0.2427 -0.2427 -0.2427 -0.2531 -0.2531 -0.2531 -0.2531 -0.2531 -0.2531 -0.2531 -0.2632 -0.2632 -0.2632 -0.2632 -0.2632 -0.2632 -0.2632 -0.2719 0.2480 0.2480 0.1476 -0.0964 
fb4 = -0.2179 -0.2427 -0.2427 -0.2427 -0.2427 -0.2427 -0.2427 -0.2427 -0.2531 -0.2531 -0.2531 -0.2531 -0.2531 -0.2531 -0.2531 -0.2632 -0.2632 -0.2632 -0.2632 -0.2632 -0.2632 -0.2632 -0.2718 0.2531 0.2531 0.1501 -0.0964 
I = 14.9000 9.4000 9.4000 9.4000 9.4000 9.4000 9.4000 9.4000 6.0000 6.0000 6.0000 6.0000 6.0000 6.0000 6.0000 2.0000 2.0000 2.0000 2.0000 2.0000 2.0000 2.0000 -2.0000 25.1236 25.1236 10.0000 -2.0141 
S1 = 0.0000 0.0000 0.0000 0.0000 0.0000 0.0000 0.0000 0.0000 0.0000 0.0000 0.0000 0.0000 0.0000 0.0000 0.0000 0.0000 0.0000 0.0000 0.0000 0.0000 0.0000 0.0000 0.0000 0.0000 0.0000 0.0000 0.0000 
S2 = 0.0000 0.0000 0.0000 0.0000 0.0000 0.0000 0.0000 0.0000 0.0000 0.0000 0.0000 0.0000 0.0000 0.0000 0.0000 0.0000 0.0000 0.0000 0.0000 0.0000 0.0000 0.0000 0.0000 1.1236 1.1236 0.0000 8.9859 
u = 8.6995 8.6141 8.6141 8.6141 8.6141 8.6141 8.6141 8.6141 8.5720 8.5720 8.5720 8.5720 8.5720 8.5720 8.5720 8.5283 8.5283 8.5283 8.5283 8.5283 8.5283 8.5283 8.4892 10.5045 10.5045 11.1539 9.4056 
v = 32.5295 25.4752 25.4752 25.4752 25.4752 25.4752 25.4752 25.4752 22.4511 22.4511 22.4511 22.4511 22.4511 22.4511 22.4511 19.4918 19.4918 19.4918 19.4918 19.4918 19.4918 19.4918 16.9390 115.8039 115.8039 93.2826 22.9310 
