ExternalI = 5.5000 0.0000 0.0000 0.0000 0.0000 0.0000 0.0000 0.0000 4.0000 4.0000 4.0000 4.0000 4.0000 4.0000 4.0000 0.0000 0.0000 0.0000 0.0000 0.0000 0.0000 0.0000 0.0000 8.0000 8.0000 0.0000 0.0000 
before u = 8.6995 8.6141 8.6141 8.6141 8.6141 8.6141 8.6141 8.6141 8.5720 8.5720 8.5720 8.5720 8.5720 8.5720 8.5720 8.5283 8.5283 8.5283 8.5283 8.5283 8.5283 8.5283 8.4892 10.5045 10.5045 11.1539 9.4056 
before v = 32.5295 25.4752 25.4752 25.4752 25.4752 25.4752 25.4752 25.4752 22.4511 22.4511 22.4511 22.4511 22.4511 22.4511 22.4511 19.4918 19.4918 19.4918 19.4918 19.4918 19.4918 19.4918 16.9390 115.8039 115.8039 93.2826 22.9310 
Ibias = 9.4000 9.4000 9.4000 9.4000 9.4000 9.4000 9.4000 9.4000 2.0000 2.0000 2.0000 2.0000 2.0000 2.0000 2.0000 2.0000 2.0000 2.0000 2.0000 2.0000 2.0000 2.0000 -2.0000 16.0000 16.0000 10.0000 -11.0000 
fa1 = 0.9388 0.3197 0.3197 0.3197 0.3197 0.3197 0.3197 0.3197 0.2368 0.2368 0.2368 0.2368 0.2368 0.2368 0.2368 0.1935 0.1935 0.1935 0.1935 0.1935 0.1935 0.1935 0.1709 263.6268 263.6268 127.0640 0.8026 
fa2 = 0.9380 0.3193 0.3193 0.3193 0.3193 0.3193 0.3193 0.3193 0.2366 0.2366 0.2366 0.2366 0.2366 0.2366 0.2366 0.1935 0.1935 0.1935 0.1935 0.1935 0.1935 0.1935 0.1708 271.9523 271.9523 129.9146 0.7984 
fa3 = 0.9380 0.3193 0.3193 0.3193 0.3193 0.3193 0.3193 0.3193 0.2366 0.2366 0.2366 0.2366 0.2366 0.2366 0.2366 0.1935 0.1935 0.1935 0.1935 0.1935 0.1935 0.1935 0.1708 272.2175 272.2175 129.9789 0.7984 
fa4 = 0.9372 0.3190 0.3190 0.3190 0.3190 0.3190 0.3190 0.3190 0.2364 0.2364 0.2364 0.2364 0.2364 0.2364 0.2364 0.1934 0.1934 0.1934 0.1934 0.1934 0.1934 0.1934 0.1708 280.9732 280.9732 132.9305 0.7943 
fb1 = -0.2179 -0.2427 -0.2427 -0.2427 -0.2427 -0.2427 -0.2427 -0.2427 -0.2531 -0.2531 -0.2531 -0.2531 -0.2531 -0.2531 -0.2531 -0.2632 -0.2632 -0.2632 -0.2632 -0.2632 -0.2632 -0.2632 -0.2718 0.2531 0.2531 0.1501 -0.0964 
fb2 = -0.2178 -0.2426 -0.2426 -0.2426 -0.2426 -0.2426 -0.2426 -0.2426 -0.2530 -0.2530 -0.2530 -0.2530 -0.2530 -0.2530 -0.2530 -0.2631 -0.2631 -0.2631 -0.2631 -0.2631 -0.2631 -0.2631 -0.2718 0.2584 0.2584 0.1526 -0.0964 
fb3 = -0.2178 -0.2426 -0.2426 -0.2426 -0.2426 -0.2426 -0.2426 -0.2426 -0.2530 -0.2530 -0.2530 -0.2530 -0.2530 -0.2530 -0.2530 -0.2631 -0.2631 -0.2631 -0.2631 -0.2631 -0.2631 -0.2631 -0.2718 0.2585 0.2585 0.1526 -0.0964 
fb4 = -0.2177 -0.2426 -0.2426 -0.2426 -0.2426 -0.2426 -0.2426 -0.2426 -0.2530 -0.2530 -0.2530 -0.2530 -0.2530 -0.2530 -0.2530 -0.2631 -0.2631 -0.2631 -0.2631 -0.2631 -0.2631 -0.2631 -0.2717 0.2640 0.2640 0.1552 -0.0963 
I = 14.9000 9.4000 9.4000 9.4000 9.4000 9.4000 9.4000 9.4000 6.0000 6.0000 6.0000 6.0000 6.0000 6.0000 6.0000 2.0000 2.0000 2.0000 2.0000 2.0000 2.0000 2.0000 -2.0000 25.1213 25.1213 10.0000 -2.0321 
S1 = 0.0000 0.0000 0.0000 0.0000 0.0000 0.0000 0.0000 0.0000 0.0000 0.0000 0.0000 0.0000 0.0000 0.0000 0.0000 0.0000 0.0000 0.0000 0.0000 0.0000 0.0000 0.0000 0.0000 0.0000 0.0000 0.0000 0.0000 
S2 = 0.0000 0.0000 0.0000 0.0000 0.0000 0.0000 0.0000 0.0000 0.0000 0.0000 0.0000 0.0000 0.0000 0.0000 0.0000 0.0000 0.0000 0.0000 0.0000 0.0000 0.0000 0.0000 0.0000 1.1213 1.1213 0.0000 8.9679 
u = 8.6973 8.6117 8.6117 8.6117 8.6117 8.6117 8.6117 8.6117 8.5694 8.5694 8.5694 8.5694 8.5694 8.5694 8.5694 8.5257 8.5257 8.5257 8.5257 8.5257 8.5257 8.5257 8.4865 10.5071 10.5071 11.1554 9.4046 
v = 32.5388 25.4784 25.4784 25.4784 25.4784 25.4784 25.4784 25.4784 22.4535 22.4535 22.4535 22.4535 22.4535 22.4535 22.4535 19.4937 19.4937 19.4937 19.4937 19.4937 19.4937 19.4937 16.9408 118.5255 118.5255 94.5822 22.9389 
