ExternalI = 5.5000 0.0000 0.0000 0.0000 0.0000 0.0000 0.0000 0.0000 4.0000 4.0000 4.0000 4.0000 4.0000 4.0000 4.0000 0.0000 0.0000 0.0000 0.0000 0.0000 0.0000 0.0000 0.0000 8.0000 8.0000 0.0000 0.0000 
before u = 8.6973 8.6117 8.6117 8.6117 8.6117 8.6117 8.6117 8.6117 8.5694 8.5694 8.5694 8.5694 8.5694 8.5694 8.5694 8.5257 8.5257 8.5257 8.5257 8.5257 8.5257 8.5257 8.4865 10.5071 10.5071 11.1554 9.4046 
before v = 32.5388 25.4784 25.4784 25.4784 25.4784 25.4784 25.4784 25.4784 22.4535 22.4535 22.4535 22.4535 22.4535 22.4535 22.4535 19.4937 19.4937 19.4937 19.4937 19.4937 19.4937 19.4937 16.9408 118.5255 118.5255 94.5822 22.9389 
Ibias = 9.4000 9.4000 9.4000 9.4000 9.4000 9.4000 9.4000 9.4000 2.0000 2.0000 2.0000 2.0000 2.0000 2.0000 2.0000 2.0000 2.0000 2.0000 2.0000 2.0000 2.0000 2.0000 -2.0000 16.0000 16.0000 10.0000 -11.0000 
fa1 = 0.9372 0.3190 0.3190 0.3190 0.3190 0.3190 0.3190 0.3190 0.2364 0.2364 0.2364 0.2364 0.2364 0.2364 0.2364 0.1934 0.1934 0.1934 0.1934 0.1934 0.1934 0.1934 0.1708 280.9670 280.9670 132.9298 0.7763 
fa2 = 0.9365 0.3187 0.3187 0.3187 0.3187 0.3187 0.3187 0.3187 0.2363 0.2363 0.2363 0.2363 0.2363 0.2363 0.2363 0.1933 0.1933 0.1933 0.1933 0.1933 0.1933 0.1933 0.1707 290.1508 290.1508 135.9819 0.7723 
fa3 = 0.9365 0.3187 0.3187 0.3187 0.3187 0.3187 0.3187 0.3187 0.2363 0.2363 0.2363 0.2363 0.2363 0.2363 0.2363 0.1933 0.1933 0.1933 0.1933 0.1933 0.1933 0.1933 0.1707 290.4537 290.4537 136.0524 0.7723 
fa4 = 0.9357 0.3184 0.3184 0.3184 0.3184 0.3184 0.3184 0.3184 0.2361 0.2361 0.2361 0.2361 0.2361 0.2361 0.2361 0.1932 0.1932 0.1932 0.1932 0.1932 0.1932 0.1932 0.1707 300.1291 300.1291 139.2152 0.7683 
fb1 = -0.2177 -0.2426 -0.2426 -0.2426 -0.2426 -0.2426 -0.2426 -0.2426 -0.2530 -0.2530 -0.2530 -0.2530 -0.2530 -0.2530 -0.2530 -0.2631 -0.2631 -0.2631 -0.2631 -0.2631 -0.2631 -0.2631 -0.2717 0.2640 0.2640 0.1552 -0.0963 
fb2 = -0.2177 -0.2425 -0.2425 -0.2425 -0.2425 -0.2425 -0.2425 -0.2425 -0.2529 -0.2529 -0.2529 -0.2529 -0.2529 -0.2529 -0.2529 -0.2630 -0.2630 -0.2630 -0.2630 -0.2630 -0.2630 -0.2630 -0.2716 0.2696 0.2696 0.1579 -0.0963 
fb3 = -0.2177 -0.2425 -0.2425 -0.2425 -0.2425 -0.2425 -0.2425 -0.2425 -0.2529 -0.2529 -0.2529 -0.2529 -0.2529 -0.2529 -0.2529 -0.2630 -0.2630 -0.2630 -0.2630 -0.2630 -0.2630 -0.2630 -0.2716 0.2697 0.2697 0.1579 -0.0963 
fb4 = -0.2176 -0.2424 -0.2424 -0.2424 -0.2424 -0.2424 -0.2424 -0.2424 -0.2529 -0.2529 -0.2529 -0.2529 -0.2529 -0.2529 -0.2529 -0.2629 -0.2629 -0.2629 -0.2629 -0.2629 -0.2629 -0.2629 -0.2716 0.2755 0.2755 0.1606 -0.0963 
I = 14.9000 9.4000 9.4000 9.4000 9.4000 9.4000 9.4000 9.4000 6.0000 6.0000 6.0000 6.0000 6.0000 6.0000 6.0000 2.0000 2.0000 2.0000 2.0000 2.0000 2.0000 2.0000 -2.0000 25.1191 25.1191 10.0000 -2.0500 
S1 = 0.0000 0.0000 0.0000 0.0000 0.0000 0.0000 0.0000 0.0000 0.0000 0.0000 0.0000 0.0000 0.0000 0.0000 0.0000 0.0000 0.0000 0.0000 0.0000 0.0000 0.0000 0.0000 0.0000 0.0000 0.0000 0.0000 0.0000 
S2 = 0.0000 0.0000 0.0000 0.0000 0.0000 0.0000 0.0000 0.0000 0.0000 0.0000 0.0000 0.0000 0.0000 0.0000 0.0000 0.0000 0.0000 0.0000 0.0000 0.0000 0.0000 0.0000 0.0000 1.1191 1.1191 0.0000 8.9500 
u = 8.6951 8.6093 8.6093 8.6093 8.6093 8.6093 8.6093 8.6093 8.5669 8.5669 8.5669 8.5669 8.5669 8.5669 8.5669 8.5231 8.5231 8.5231 8.5231 8.5231 8.5231 8.5231 8.4838 10.5098 10.5098 11.1570 9.4037 
v = 32.5482 25.4816 25.4816 25.4816 25.4816 25.4816 25.4816 25.4816 22.4559 22.4559 22.4559 22.4559 22.4559 22.4559 22.4559 19.4956 19.4956 19.4956 19.4956 19.4956 19.4956 19.4956 16.9425 121.4293 121.4293 95.9426 22.9467 
