ExternalI = 5.5000 0.0000 0.0000 0.0000 0.0000 0.0000 0.0000 0.0000 4.0000 4.0000 4.0000 4.0000 4.0000 4.0000 4.0000 0.0000 0.0000 0.0000 0.0000 0.0000 0.0000 0.0000 0.0000 8.0000 8.0000 0.0000 0.0000 
before u = 8.6951 8.6093 8.6093 8.6093 8.6093 8.6093 8.6093 8.6093 8.5669 8.5669 8.5669 8.5669 8.5669 8.5669 8.5669 8.5231 8.5231 8.5231 8.5231 8.5231 8.5231 8.5231 8.4838 10.5098 10.5098 11.1570 9.4037 
before v = 32.5482 25.4816 25.4816 25.4816 25.4816 25.4816 25.4816 25.4816 22.4559 22.4559 22.4559 22.4559 22.4559 22.4559 22.4559 19.4956 19.4956 19.4956 19.4956 19.4956 19.4956 19.4956 16.9425 121.4293 121.4293 95.9426 22.9467 
Ibias = 9.4000 9.4000 9.4000 9.4000 9.4000 9.4000 9.4000 9.4000 2.0000 2.0000 2.0000 2.0000 2.0000 2.0000 2.0000 2.0000 2.0000 2.0000 2.0000 2.0000 2.0000 2.0000 -2.0000 16.0000 16.0000 10.0000 -11.0000 
fa1 = 0.9357 0.3184 0.3184 0.3184 0.3184 0.3184 0.3184 0.3184 0.2361 0.2361 0.2361 0.2361 0.2361 0.2361 0.2361 0.1932 0.1932 0.1932 0.1932 0.1932 0.1932 0.1932 0.1707 300.1222 300.1222 139.2144 0.7504 
fa2 = 0.9349 0.3181 0.3181 0.3181 0.3181 0.3181 0.3181 0.3181 0.2360 0.2360 0.2360 0.2360 0.2360 0.2360 0.2360 0.1931 0.1931 0.1931 0.1931 0.1931 0.1931 0.1931 0.1707 310.2865 310.2865 142.4874 0.7465 
fa3 = 0.9349 0.3181 0.3181 0.3181 0.3181 0.3181 0.3181 0.3181 0.2360 0.2360 0.2360 0.2360 0.2360 0.2360 0.2360 0.1931 0.1931 0.1931 0.1931 0.1931 0.1931 0.1931 0.1707 310.6339 310.6339 142.5648 0.7465 
fa4 = 0.9342 0.3177 0.3177 0.3177 0.3177 0.3177 0.3177 0.3177 0.2358 0.2358 0.2358 0.2358 0.2358 0.2358 0.2358 0.1931 0.1931 0.1931 0.1931 0.1931 0.1931 0.1931 0.1706 321.3624 321.3624 145.9596 0.7427 
fb1 = -0.2176 -0.2424 -0.2424 -0.2424 -0.2424 -0.2424 -0.2424 -0.2424 -0.2529 -0.2529 -0.2529 -0.2529 -0.2529 -0.2529 -0.2529 -0.2629 -0.2629 -0.2629 -0.2629 -0.2629 -0.2629 -0.2629 -0.2716 0.2755 0.2755 0.1606 -0.0963 
fb2 = -0.2175 -0.2424 -0.2424 -0.2424 -0.2424 -0.2424 -0.2424 -0.2424 -0.2528 -0.2528 -0.2528 -0.2528 -0.2528 -0.2528 -0.2528 -0.2629 -0.2629 -0.2629 -0.2629 -0.2629 -0.2629 -0.2629 -0.2715 0.2815 0.2815 0.1634 -0.0963 
fb3 = -0.2175 -0.2424 -0.2424 -0.2424 -0.2424 -0.2424 -0.2424 -0.2424 -0.2528 -0.2528 -0.2528 -0.2528 -0.2528 -0.2528 -0.2528 -0.2629 -0.2629 -0.2629 -0.2629 -0.2629 -0.2629 -0.2629 -0.2715 0.2817 0.2817 0.1635 -0.0963 
fb4 = -0.2175 -0.2423 -0.2423 -0.2423 -0.2423 -0.2423 -0.2423 -0.2423 -0.2527 -0.2527 -0.2527 -0.2527 -0.2527 -0.2527 -0.2527 -0.2628 -0.2628 -0.2628 -0.2628 -0.2628 -0.2628 -0.2628 -0.2715 0.2879 0.2879 0.1663 -0.0962 
I = 14.9000 9.4000 9.4000 9.4000 9.4000 9.4000 9.4000 9.4000 6.0000 6.0000 6.0000 6.0000 6.0000 6.0000 6.0000 2.0000 2.0000 2.0000 2.0000 2.0000 2.0000 2.0000 -2.0000 25.1168 25.1168 10.0000 -2.0679 
S1 = 0.0000 0.0000 0.0000 0.0000 0.0000 0.0000 0.0000 0.0000 0.0000 0.0000 0.0000 0.0000 0.0000 0.0000 0.0000 0.0000 0.0000 0.0000 0.0000 0.0000 0.0000 0.0000 0.0000 0.0000 0.0000 0.0000 0.0000 
S2 = 0.0000 0.0000 0.0000 0.0000 0.0000 0.0000 0.0000 0.0000 0.0000 0.0000 0.0000 0.0000 0.0000 0.0000 0.0000 0.0000 0.0000 0.0000 0.0000 0.0000 0.0000 0.0000 0.0000 1.1168 1.1168 0.0000 8.9321 
u = 8.6929 8.6069 8.6069 8.6069 8.6069 8.6069 8.6069 8.6069 8.5644 8.5644 8.5644 8.5644 8.5644 8.5644 8.5644 8.5204 8.5204 8.5204 8.5204 8.5204 8.5204 8.5204 8.4811 10.5126 10.5126 11.1586 9.4027 
v = 32.5576 25.4848 25.4848 25.4848 25.4848 25.4848 25.4848 25.4848 22.4582 22.4582 22.4582 22.4582 22.4582 22.4582 22.4582 19.4976 19.4976 19.4976 19.4976 19.4976 19.4976 19.4976 16.9442 124.5348 124.5348 97.3680 22.9541 
