ExternalI = 5.5000 0.0000 0.0000 0.0000 0.0000 0.0000 0.0000 0.0000 4.0000 4.0000 4.0000 4.0000 4.0000 4.0000 4.0000 0.0000 0.0000 0.0000 0.0000 0.0000 0.0000 0.0000 0.0000 8.0000 8.0000 0.0000 0.0000 
before u = 8.6929 8.6069 8.6069 8.6069 8.6069 8.6069 8.6069 8.6069 8.5644 8.5644 8.5644 8.5644 8.5644 8.5644 8.5644 8.5204 8.5204 8.5204 8.5204 8.5204 8.5204 8.5204 8.4811 10.5126 10.5126 11.1586 9.4027 
before v = 32.5576 25.4848 25.4848 25.4848 25.4848 25.4848 25.4848 25.4848 22.4582 22.4582 22.4582 22.4582 22.4582 22.4582 22.4582 19.4976 19.4976 19.4976 19.4976 19.4976 19.4976 19.4976 16.9442 124.5348 124.5348 97.3680 22.9541 
Ibias = 9.4000 9.4000 9.4000 9.4000 9.4000 9.4000 9.4000 9.4000 2.0000 2.0000 2.0000 2.0000 2.0000 2.0000 2.0000 2.0000 2.0000 2.0000 2.0000 2.0000 2.0000 2.0000 -2.0000 16.0000 16.0000 10.0000 -11.0000 
fa1 = 0.9342 0.3177 0.3177 0.3177 0.3177 0.3177 0.3177 0.3177 0.2358 0.2358 0.2358 0.2358 0.2358 0.2358 0.2358 0.1931 0.1931 0.1931 0.1931 0.1931 0.1931 0.1931 0.1706 321.3546 321.3546 145.9587 0.7248 
fa2 = 0.9334 0.3174 0.3174 0.3174 0.3174 0.3174 0.3174 0.3174 0.2357 0.2357 0.2357 0.2357 0.2357 0.2357 0.2357 0.1930 0.1930 0.1930 0.1930 0.1930 0.1930 0.1930 0.1706 332.6440 332.6440 149.4745 0.7211 
fa3 = 0.9334 0.3174 0.3174 0.3174 0.3174 0.3174 0.3174 0.3174 0.2357 0.2357 0.2357 0.2357 0.2357 0.2357 0.2357 0.1930 0.1930 0.1930 0.1930 0.1930 0.1930 0.1930 0.1706 333.0444 333.0444 149.5597 0.7211 
fa4 = 0.9327 0.3171 0.3171 0.3171 0.3171 0.3171 0.3171 0.3171 0.2355 0.2355 0.2355 0.2355 0.2355 0.2355 0.2355 0.1929 0.1929 0.1929 0.1929 0.1929 0.1929 0.1929 0.1705 344.9845 344.9845 153.2095 0.7174 
fb1 = -0.2175 -0.2423 -0.2423 -0.2423 -0.2423 -0.2423 -0.2423 -0.2423 -0.2527 -0.2527 -0.2527 -0.2527 -0.2527 -0.2527 -0.2527 -0.2628 -0.2628 -0.2628 -0.2628 -0.2628 -0.2628 -0.2628 -0.2715 0.2879 0.2879 0.1663 -0.0962 
fb2 = -0.2174 -0.2423 -0.2423 -0.2423 -0.2423 -0.2423 -0.2423 -0.2423 -0.2527 -0.2527 -0.2527 -0.2527 -0.2527 -0.2527 -0.2527 -0.2628 -0.2628 -0.2628 -0.2628 -0.2628 -0.2628 -0.2628 -0.2714 0.2943 0.2943 0.1692 -0.0962 
fb3 = -0.2174 -0.2423 -0.2423 -0.2423 -0.2423 -0.2423 -0.2423 -0.2423 -0.2527 -0.2527 -0.2527 -0.2527 -0.2527 -0.2527 -0.2527 -0.2628 -0.2628 -0.2628 -0.2628 -0.2628 -0.2628 -0.2628 -0.2714 0.2945 0.2945 0.1693 -0.0962 
fb4 = -0.2174 -0.2422 -0.2422 -0.2422 -0.2422 -0.2422 -0.2422 -0.2422 -0.2526 -0.2526 -0.2526 -0.2526 -0.2526 -0.2526 -0.2526 -0.2627 -0.2627 -0.2627 -0.2627 -0.2627 -0.2627 -0.2627 -0.2714 0.3012 0.3012 0.1722 -0.0962 
I = 14.9000 9.4000 9.4000 9.4000 9.4000 9.4000 9.4000 9.4000 6.0000 6.0000 6.0000 6.0000 6.0000 6.0000 6.0000 2.0000 2.0000 2.0000 2.0000 2.0000 2.0000 2.0000 -2.0000 25.1146 25.1146 10.0000 -2.0858 
S1 = 0.0000 0.0000 0.0000 0.0000 0.0000 0.0000 0.0000 0.0000 0.0000 0.0000 0.0000 0.0000 0.0000 0.0000 0.0000 0.0000 0.0000 0.0000 0.0000 0.0000 0.0000 0.0000 0.0000 0.0000 0.0000 0.0000 0.0000 
S2 = 0.0000 0.0000 0.0000 0.0000 0.0000 0.0000 0.0000 0.0000 0.0000 0.0000 0.0000 0.0000 0.0000 0.0000 0.0000 0.0000 0.0000 0.0000 0.0000 0.0000 0.0000 0.0000 0.0000 1.1146 1.1146 0.0000 8.9142 
u = 8.6908 8.6044 8.6044 8.6044 8.6044 8.6044 8.6044 8.6044 8.5619 8.5619 8.5619 8.5619 8.5619 8.5619 8.5619 8.5178 8.5178 8.5178 8.5178 8.5178 8.5178 8.5178 8.4784 10.5155 10.5155 11.1603 9.4018 
v = 32.5669 25.4880 25.4880 25.4880 25.4880 25.4880 25.4880 25.4880 22.4606 22.4606 22.4606 22.4606 22.4606 22.4606 22.4606 19.4995 19.4995 19.4995 19.4995 19.4995 19.4995 19.4995 16.9459 127.8644 127.8644 98.8634 22.9613 
