ExternalI = 5.5000 0.0000 0.0000 0.0000 0.0000 0.0000 0.0000 0.0000 4.0000 4.0000 4.0000 4.0000 4.0000 4.0000 4.0000 0.0000 0.0000 0.0000 0.0000 0.0000 0.0000 0.0000 0.0000 8.0000 8.0000 0.0000 0.0000 
before u = 9.9857 9.9857 9.9857 9.9857 9.9857 9.9857 9.9857 9.9857 9.9857 9.9857 9.9857 9.9857 9.9857 9.9857 9.9857 9.9857 9.9857 9.9857 9.9857 9.9857 9.9857 9.9857 9.9856 9.9938 9.9938 10.0034 9.9936 
before v = 11.1075 10.8967 10.8967 10.8967 10.8967 10.8967 10.8967 10.8967 10.7664 10.7664 10.7664 10.7664 10.7664 10.7664 10.7664 10.6131 10.6131 10.6131 10.6131 10.6131 10.6131 10.6131 10.4599 11.8399 11.8399 71.9410 10.4980 
Ibias = 9.4000 9.4000 9.4000 9.4000 9.4000 9.4000 9.4000 9.4000 2.0000 2.0000 2.0000 2.0000 2.0000 2.0000 2.0000 2.0000 2.0000 2.0000 2.0000 2.0000 2.0000 2.0000 -2.0000 16.0000 16.0000 10.0000 -11.0000 
fa1 = 26.5268 21.4737 21.4737 21.4737 21.4737 21.4737 21.4737 21.4737 18.3517 18.3517 18.3517 18.3517 18.3517 18.3517 18.3517 14.6805 14.6805 14.6805 14.6805 14.6805 14.6805 14.6805 11.0111 44.0939 44.0939 51.1940 11.9206 
fa2 = 26.2492 21.2475 21.2475 21.2475 21.2475 21.2475 21.2475 21.2475 18.1576 18.1576 18.1576 18.1576 18.1576 18.1576 18.1576 14.5246 14.5246 14.5246 14.5246 14.5246 14.5246 14.5246 10.8939 43.6441 43.6441 51.9015 11.7928 
fa3 = 26.2522 21.2499 21.2499 21.2499 21.2499 21.2499 21.2499 21.2499 18.1597 18.1597 18.1597 18.1597 18.1597 18.1597 18.1597 14.5263 14.5263 14.5263 14.5263 14.5263 14.5263 14.5263 10.8952 43.6486 43.6486 51.9113 11.7942 
fa4 = 25.9788 21.0268 21.0268 21.0268 21.0268 21.0268 21.0268 21.0268 17.9682 17.9682 17.9682 17.9682 17.9682 17.9682 17.9682 14.3725 14.3725 14.3725 14.3725 14.3725 14.3725 14.3725 10.7794 43.2071 43.2071 52.6342 11.6680 
fb1 = -0.3550 -0.3558 -0.3558 -0.3558 -0.3558 -0.3558 -0.3558 -0.3558 -0.3564 -0.3564 -0.3564 -0.3564 -0.3564 -0.3564 -0.3564 -0.3570 -0.3570 -0.3570 -0.3570 -0.3570 -0.3570 -0.3570 -0.3576 -0.1525 -0.1525 0.0877 -0.1579 
fb2 = -0.3544 -0.3553 -0.3553 -0.3553 -0.3553 -0.3553 -0.3553 -0.3553 -0.3559 -0.3559 -0.3559 -0.3559 -0.3559 -0.3559 -0.3559 -0.3566 -0.3566 -0.3566 -0.3566 -0.3566 -0.3566 -0.3566 -0.3573 -0.1516 -0.1516 0.0887 -0.1576 
fb3 = -0.3544 -0.3553 -0.3553 -0.3553 -0.3553 -0.3553 -0.3553 -0.3553 -0.3559 -0.3559 -0.3559 -0.3559 -0.3559 -0.3559 -0.3559 -0.3566 -0.3566 -0.3566 -0.3566 -0.3566 -0.3566 -0.3566 -0.3573 -0.1516 -0.1516 0.0887 -0.1576 
fb4 = -0.3538 -0.3548 -0.3548 -0.3548 -0.3548 -0.3548 -0.3548 -0.3548 -0.3555 -0.3555 -0.3555 -0.3555 -0.3555 -0.3555 -0.3555 -0.3563 -0.3563 -0.3563 -0.3563 -0.3563 -0.3563 -0.3563 -0.3570 -0.1507 -0.1507 0.0898 -0.1574 
I = 14.9000 9.4000 9.4000 9.4000 9.4000 9.4000 9.4000 9.4000 6.0000 6.0000 6.0000 6.0000 6.0000 6.0000 6.0000 2.0000 2.0000 2.0000 2.0000 2.0000 2.0000 2.0000 -2.0000 24.0000 24.0000 10.0000 -11.0000 
S1 = 0.0000 0.0000 0.0000 0.0000 0.0000 0.0000 0.0000 0.0000 0.0000 0.0000 0.0000 0.0000 0.0000 0.0000 0.0000 0.0000 0.0000 0.0000 0.0000 0.0000 0.0000 0.0000 0.0000 0.0000 0.0000 0.0000 0.0000 
S2 = 0.0000 0.0000 0.0000 0.0000 0.0000 0.0000 0.0000 0.0000 0.0000 0.0000 0.0000 0.0000 0.0000 0.0000 0.0000 0.0000 0.0000 0.0000 0.0000 0.0000 0.0000 0.0000 0.0000 0.0000 0.0000 0.0000 0.0000 
u = 9.9822 9.9821 9.9821 9.9821 9.9821 9.9821 9.9821 9.9821 9.9821 9.9821 9.9821 9.9821 9.9821 9.9821 9.9821 9.9821 9.9821 9.9821 9.9821 9.9821 9.9821 9.9821 9.9821 9.9922 9.9922 10.0042 9.9921 
v = 11.3700 11.1092 11.1092 11.1092 11.1092 11.1092 11.1092 11.1092 10.9480 10.9480 10.9480 10.9480 10.9480 10.9480 10.9480 10.7584 10.7584 10.7584 10.7584 10.7584 10.7584 10.7584 10.5688 12.2763 12.2763 72.4601 10.6160 
