ExternalI = 5.5000 0.0000 0.0000 0.0000 0.0000 0.0000 0.0000 0.0000 4.0000 4.0000 4.0000 4.0000 4.0000 4.0000 4.0000 0.0000 0.0000 0.0000 0.0000 0.0000 0.0000 0.0000 0.0000 8.0000 8.0000 0.0000 0.0000 
before u = 8.6908 8.6044 8.6044 8.6044 8.6044 8.6044 8.6044 8.6044 8.5619 8.5619 8.5619 8.5619 8.5619 8.5619 8.5619 8.5178 8.5178 8.5178 8.5178 8.5178 8.5178 8.5178 8.4784 10.5155 10.5155 11.1603 9.4018 
before v = 32.5669 25.4880 25.4880 25.4880 25.4880 25.4880 25.4880 25.4880 22.4606 22.4606 22.4606 22.4606 22.4606 22.4606 22.4606 19.4995 19.4995 19.4995 19.4995 19.4995 19.4995 19.4995 16.9459 127.8644 127.8644 98.8634 22.9613 
Ibias = 9.4000 9.4000 9.4000 9.4000 9.4000 9.4000 9.4000 9.4000 2.0000 2.0000 2.0000 2.0000 2.0000 2.0000 2.0000 2.0000 2.0000 2.0000 2.0000 2.0000 2.0000 2.0000 -2.0000 16.0000 16.0000 10.0000 -11.0000 
fa1 = 0.9327 0.3171 0.3171 0.3171 0.3171 0.3171 0.3171 0.3171 0.2355 0.2355 0.2355 0.2355 0.2355 0.2355 0.2355 0.1929 0.1929 0.1929 0.1929 0.1929 0.1929 0.1929 0.1705 344.9756 344.9756 153.2085 0.6995 
fa2 = 0.9319 0.3168 0.3168 0.3168 0.3168 0.3168 0.3168 0.3168 0.2353 0.2353 0.2353 0.2353 0.2353 0.2353 0.2353 0.1928 0.1928 0.1928 0.1928 0.1928 0.1928 0.1928 0.1705 357.5625 357.5625 156.9917 0.6960 
fa3 = 0.9319 0.3168 0.3168 0.3168 0.3168 0.3168 0.3168 0.3168 0.2353 0.2353 0.2353 0.2353 0.2353 0.2353 0.2353 0.1928 0.1928 0.1928 0.1928 0.1928 0.1928 0.1928 0.1705 358.0263 358.0263 157.0857 0.6960 
fa4 = 0.9312 0.3165 0.3165 0.3165 0.3165 0.3165 0.3165 0.3165 0.2352 0.2352 0.2352 0.2352 0.2352 0.2352 0.2352 0.1928 0.1928 0.1928 0.1928 0.1928 0.1928 0.1928 0.1704 371.3675 371.3675 161.0170 0.6924 
fb1 = -0.2174 -0.2422 -0.2422 -0.2422 -0.2422 -0.2422 -0.2422 -0.2422 -0.2526 -0.2526 -0.2526 -0.2526 -0.2526 -0.2526 -0.2526 -0.2627 -0.2627 -0.2627 -0.2627 -0.2627 -0.2627 -0.2627 -0.2714 0.3011 0.3011 0.1722 -0.0962 
fb2 = -0.2173 -0.2422 -0.2422 -0.2422 -0.2422 -0.2422 -0.2422 -0.2422 -0.2526 -0.2526 -0.2526 -0.2526 -0.2526 -0.2526 -0.2526 -0.2627 -0.2627 -0.2627 -0.2627 -0.2627 -0.2627 -0.2627 -0.2713 0.3080 0.3080 0.1753 -0.0962 
fb3 = -0.2173 -0.2422 -0.2422 -0.2422 -0.2422 -0.2422 -0.2422 -0.2422 -0.2526 -0.2526 -0.2526 -0.2526 -0.2526 -0.2526 -0.2526 -0.2627 -0.2627 -0.2627 -0.2627 -0.2627 -0.2627 -0.2627 -0.2713 0.3083 0.3083 0.1754 -0.0962 
fb4 = -0.2172 -0.2421 -0.2421 -0.2421 -0.2421 -0.2421 -0.2421 -0.2421 -0.2525 -0.2525 -0.2525 -0.2525 -0.2525 -0.2525 -0.2525 -0.2626 -0.2626 -0.2626 -0.2626 -0.2626 -0.2626 -0.2626 -0.2712 0.3154 0.3154 0.1785 -0.0961 
I = 14.9000 9.4000 9.4000 9.4000 9.4000 9.4000 9.4000 9.4000 6.0000 6.0000 6.0000 6.0000 6.0000 6.0000 6.0000 2.0000 2.0000 2.0000 2.0000 2.0000 2.0000 2.0000 -2.0000 25.1124 25.1124 10.0000 -2.1036 
S1 = 0.0000 0.0000 0.0000 0.0000 0.0000 0.0000 0.0000 0.0000 0.0000 0.0000 0.0000 0.0000 0.0000 0.0000 0.0000 0.0000 0.0000 0.0000 0.0000 0.0000 0.0000 0.0000 0.0000 0.0000 0.0000 0.0000 0.0000 
S2 = 0.0000 0.0000 0.0000 0.0000 0.0000 0.0000 0.0000 0.0000 0.0000 0.0000 0.0000 0.0000 0.0000 0.0000 0.0000 0.0000 0.0000 0.0000 0.0000 0.0000 0.0000 0.0000 0.0000 1.1124 1.1124 0.0000 8.8964 
u = 8.6886 8.6020 8.6020 8.6020 8.6020 8.6020 8.6020 8.6020 8.5593 8.5593 8.5593 8.5593 8.5593 8.5593 8.5593 8.5152 8.5152 8.5152 8.5152 8.5152 8.5152 8.5152 8.4757 10.5186 10.5186 11.1621 9.4008 
v = 32.5762 25.4911 25.4911 25.4911 25.4911 25.4911 25.4911 25.4911 22.4629 22.4629 22.4629 22.4629 22.4629 22.4629 22.4629 19.5014 19.5014 19.5014 19.5014 19.5014 19.5014 19.5014 16.9476 131.4436 131.4436 100.4341 22.9683 
