ExternalI = 5.5000 0.0000 0.0000 0.0000 0.0000 0.0000 0.0000 0.0000 4.0000 4.0000 4.0000 4.0000 4.0000 4.0000 4.0000 0.0000 0.0000 0.0000 0.0000 0.0000 0.0000 0.0000 0.0000 8.0000 8.0000 0.0000 0.0000 
before u = 8.6886 8.6020 8.6020 8.6020 8.6020 8.6020 8.6020 8.6020 8.5593 8.5593 8.5593 8.5593 8.5593 8.5593 8.5593 8.5152 8.5152 8.5152 8.5152 8.5152 8.5152 8.5152 8.4757 10.6186 10.6186 11.1621 9.4008 
before v = 32.5762 25.4911 25.4911 25.4911 25.4911 25.4911 25.4911 25.4911 22.4629 22.4629 22.4629 22.4629 22.4629 22.4629 22.4629 19.5014 19.5014 19.5014 19.5014 19.5014 19.5014 19.5014 16.9476 55.0000 55.0000 100.4341 22.9683 
Ibias = 9.4000 9.4000 9.4000 9.4000 9.4000 9.4000 9.4000 9.4000 2.0000 2.0000 2.0000 2.0000 2.0000 2.0000 2.0000 2.0000 2.0000 2.0000 2.0000 2.0000 2.0000 2.0000 -2.0000 16.0000 16.0000 10.0000 -11.0000 
fa1 = 0.9312 0.3165 0.3165 0.3165 0.3165 0.3165 0.3165 0.3165 0.2352 0.2352 0.2352 0.2352 0.2352 0.2352 0.2352 0.1928 0.1928 0.1928 0.1928 0.1928 0.1928 0.1928 0.1704 30.9916 30.9916 161.0158 2.1746 
fa2 = 0.9304 0.3162 0.3162 0.3162 0.3162 0.3162 0.3162 0.3162 0.2350 0.2350 0.2350 0.2350 0.2350 0.2350 0.2350 0.1927 0.1927 0.1927 0.1927 0.1927 0.1927 0.1927 0.1704 31.2094 31.2094 165.0942 2.1625 
fa3 = 0.9304 0.3162 0.3162 0.3162 0.3162 0.3162 0.3162 0.3162 0.2350 0.2350 0.2350 0.2350 0.2350 0.2350 0.2350 0.1927 0.1927 0.1927 0.1927 0.1927 0.1927 0.1927 0.1704 31.2110 31.2110 165.1982 2.1625 
fa4 = 0.9297 0.3159 0.3159 0.3159 0.3159 0.3159 0.3159 0.3159 0.2349 0.2349 0.2349 0.2349 0.2349 0.2349 0.2349 0.1926 0.1926 0.1926 0.1926 0.1926 0.1926 0.1926 0.1703 31.4323 31.4323 169.4405 2.1505 
fb1 = -0.2172 -0.2421 -0.2421 -0.2421 -0.2421 -0.2421 -0.2421 -0.2421 -0.2525 -0.2525 -0.2525 -0.2525 -0.2525 -0.2525 -0.2525 -0.2626 -0.2626 -0.2626 -0.2626 -0.2626 -0.2626 -0.2626 -0.2712 0.0076 0.0076 0.1785 -0.0961 
fb2 = -0.2172 -0.2421 -0.2421 -0.2421 -0.2421 -0.2421 -0.2421 -0.2421 -0.2525 -0.2525 -0.2525 -0.2525 -0.2525 -0.2525 -0.2525 -0.2625 -0.2625 -0.2625 -0.2625 -0.2625 -0.2625 -0.2625 -0.2712 0.0082 0.0082 0.1817 -0.0961 
fb3 = -0.2172 -0.2421 -0.2421 -0.2421 -0.2421 -0.2421 -0.2421 -0.2421 -0.2525 -0.2525 -0.2525 -0.2525 -0.2525 -0.2525 -0.2525 -0.2625 -0.2625 -0.2625 -0.2625 -0.2625 -0.2625 -0.2625 -0.2712 0.0083 0.0083 0.1818 -0.0961 
fb4 = -0.2171 -0.2420 -0.2420 -0.2420 -0.2420 -0.2420 -0.2420 -0.2420 -0.2524 -0.2524 -0.2524 -0.2524 -0.2524 -0.2524 -0.2524 -0.2625 -0.2625 -0.2625 -0.2625 -0.2625 -0.2625 -0.2625 -0.2711 0.0089 0.0089 0.1851 -0.0960 
I = 14.9000 9.4000 9.4000 9.4000 9.4000 9.4000 9.4000 9.4000 6.0000 6.0000 6.0000 6.0000 6.0000 6.0000 6.0000 2.0000 2.0000 2.0000 2.0000 2.0000 2.0000 2.0000 -2.0000 25.6102 25.6102 10.0000 -0.6214 
S1 = 0.0000 0.0000 0.0000 0.0000 0.0000 0.0000 0.0000 0.0000 0.0000 0.0000 0.0000 0.0000 0.0000 0.0000 0.0000 0.0000 0.0000 0.0000 0.0000 0.0000 0.0000 0.0000 0.0000 0.0000 0.0000 0.0000 0.0000 
S2 = 0.0000 0.0000 0.0000 0.0000 0.0000 0.0000 0.0000 0.0000 0.0000 0.0000 0.0000 0.0000 0.0000 0.0000 0.0000 0.0000 0.0000 0.0000 0.0000 0.0000 0.0000 0.0000 0.0000 1.6102 1.6102 0.0000 10.3786 
u = 8.6864 8.5996 8.5996 8.5996 8.5996 8.5996 8.5996 8.5996 8.5568 8.5568 8.5568 8.5568 8.5568 8.5568 8.5568 8.5126 8.5126 8.5126 8.5126 8.5126 8.5126 8.5126 8.4729 10.6187 10.6187 11.1639 9.3998 
v = 32.5855 25.4943 25.4943 25.4943 25.4943 25.4943 25.4943 25.4943 22.4653 22.4653 22.4653 22.4653 22.4653 22.4653 22.4653 19.5033 19.5033 19.5033 19.5033 19.5033 19.5033 19.5033 16.9493 55.3121 55.3121 102.0858 22.9899 
