ExternalI = 5.5000 0.0000 0.0000 0.0000 0.0000 0.0000 0.0000 0.0000 4.0000 4.0000 4.0000 4.0000 4.0000 4.0000 4.0000 0.0000 0.0000 0.0000 0.0000 0.0000 0.0000 0.0000 0.0000 8.0000 8.0000 0.0000 0.0000 
before u = 8.6864 8.5996 8.5996 8.5996 8.5996 8.5996 8.5996 8.5996 8.5568 8.5568 8.5568 8.5568 8.5568 8.5568 8.5568 8.5126 8.5126 8.5126 8.5126 8.5126 8.5126 8.5126 8.4729 10.6187 10.6187 11.1639 9.3998 
before v = 32.5855 25.4943 25.4943 25.4943 25.4943 25.4943 25.4943 25.4943 22.4653 22.4653 22.4653 22.4653 22.4653 22.4653 22.4653 19.5033 19.5033 19.5033 19.5033 19.5033 19.5033 19.5033 16.9493 55.3121 55.3121 102.0858 22.9899 
Ibias = 9.4000 9.4000 9.4000 9.4000 9.4000 9.4000 9.4000 9.4000 2.0000 2.0000 2.0000 2.0000 2.0000 2.0000 2.0000 2.0000 2.0000 2.0000 2.0000 2.0000 2.0000 2.0000 -2.0000 16.0000 16.0000 10.0000 -11.0000 
fa1 = 0.9297 0.3159 0.3159 0.3159 0.3159 0.3159 0.3159 0.3159 0.2349 0.2349 0.2349 0.2349 0.2349 0.2349 0.2349 0.1926 0.1926 0.1926 0.1926 0.1926 0.1926 0.1926 0.1703 31.4291 31.4291 169.4392 2.1297 
fa2 = 0.9289 0.3156 0.3156 0.3156 0.3156 0.3156 0.3156 0.3156 0.2347 0.2347 0.2347 0.2347 0.2347 0.2347 0.2347 0.1925 0.1925 0.1925 0.1925 0.1925 0.1925 0.1925 0.1703 31.6540 31.6540 173.8443 2.1178 
fa3 = 0.9289 0.3156 0.3156 0.3156 0.3156 0.3156 0.3156 0.3156 0.2347 0.2347 0.2347 0.2347 0.2347 0.2347 0.2347 0.1925 0.1925 0.1925 0.1925 0.1925 0.1925 0.1925 0.1703 31.6556 31.6556 173.9596 2.1179 
fa4 = 0.9282 0.3153 0.3153 0.3153 0.3153 0.3153 0.3153 0.3153 0.2346 0.2346 0.2346 0.2346 0.2346 0.2346 0.2346 0.1925 0.1925 0.1925 0.1925 0.1925 0.1925 0.1925 0.1703 31.8841 31.8841 178.5466 2.1061 
fb1 = -0.2171 -0.2420 -0.2420 -0.2420 -0.2420 -0.2420 -0.2420 -0.2420 -0.2524 -0.2524 -0.2524 -0.2524 -0.2524 -0.2524 -0.2524 -0.2625 -0.2625 -0.2625 -0.2625 -0.2625 -0.2625 -0.2625 -0.2711 0.0089 0.0089 0.1851 -0.0960 
fb2 = -0.2171 -0.2420 -0.2420 -0.2420 -0.2420 -0.2420 -0.2420 -0.2420 -0.2524 -0.2524 -0.2524 -0.2524 -0.2524 -0.2524 -0.2524 -0.2624 -0.2624 -0.2624 -0.2624 -0.2624 -0.2624 -0.2624 -0.2711 0.0095 0.0095 0.1884 -0.0960 
fb3 = -0.2171 -0.2420 -0.2420 -0.2420 -0.2420 -0.2420 -0.2420 -0.2420 -0.2524 -0.2524 -0.2524 -0.2524 -0.2524 -0.2524 -0.2524 -0.2624 -0.2624 -0.2624 -0.2624 -0.2624 -0.2624 -0.2624 -0.2711 0.0095 0.0095 0.1885 -0.0960 
fb4 = -0.2170 -0.2419 -0.2419 -0.2419 -0.2419 -0.2419 -0.2419 -0.2419 -0.2523 -0.2523 -0.2523 -0.2523 -0.2523 -0.2523 -0.2523 -0.2624 -0.2624 -0.2624 -0.2624 -0.2624 -0.2624 -0.2624 -0.2710 0.0101 0.0101 0.1920 -0.0959 
I = 14.9000 9.4000 9.4000 9.4000 9.4000 9.4000 9.4000 9.4000 6.0000 6.0000 6.0000 6.0000 6.0000 6.0000 6.0000 2.0000 2.0000 2.0000 2.0000 2.0000 2.0000 2.0000 -2.0000 25.6069 25.6069 10.0000 -0.6422 
S1 = 0.0000 0.0000 0.0000 0.0000 0.0000 0.0000 0.0000 0.0000 0.0000 0.0000 0.0000 0.0000 0.0000 0.0000 0.0000 0.0000 0.0000 0.0000 0.0000 0.0000 0.0000 0.0000 0.0000 0.0000 0.0000 0.0000 0.0000 
S2 = 0.0000 0.0000 0.0000 0.0000 0.0000 0.0000 0.0000 0.0000 0.0000 0.0000 0.0000 0.0000 0.0000 0.0000 0.0000 0.0000 0.0000 0.0000 0.0000 0.0000 0.0000 0.0000 0.0000 1.6069 1.6069 0.0000 10.3578 
u = 8.6842 8.5972 8.5972 8.5972 8.5972 8.5972 8.5972 8.5972 8.5543 8.5543 8.5543 8.5543 8.5543 8.5543 8.5543 8.5099 8.5099 8.5099 8.5099 8.5099 8.5099 8.5099 8.4702 10.6188 10.6188 11.1658 9.3989 
v = 32.5948 25.4975 25.4975 25.4975 25.4975 25.4975 25.4975 25.4975 22.4676 22.4676 22.4676 22.4676 22.4676 22.4676 22.4676 19.5053 19.5053 19.5053 19.5053 19.5053 19.5053 19.5053 16.9510 55.6287 55.6287 103.8251 23.0111 
