ExternalI = 5.5000 0.0000 0.0000 0.0000 0.0000 0.0000 0.0000 0.0000 4.0000 4.0000 4.0000 4.0000 4.0000 4.0000 4.0000 0.0000 0.0000 0.0000 0.0000 0.0000 0.0000 0.0000 0.0000 8.0000 8.0000 0.0000 0.0000 
before u = 8.6842 8.5972 8.5972 8.5972 8.5972 8.5972 8.5972 8.5972 8.5543 8.5543 8.5543 8.5543 8.5543 8.5543 8.5543 8.5099 8.5099 8.5099 8.5099 8.5099 8.5099 8.5099 8.4702 10.6188 10.6188 11.1658 9.3989 
before v = 32.5948 25.4975 25.4975 25.4975 25.4975 25.4975 25.4975 25.4975 22.4676 22.4676 22.4676 22.4676 22.4676 22.4676 22.4676 19.5053 19.5053 19.5053 19.5053 19.5053 19.5053 19.5053 16.9510 55.6287 55.6287 103.8251 23.0111 
Ibias = 9.4000 9.4000 9.4000 9.4000 9.4000 9.4000 9.4000 9.4000 2.0000 2.0000 2.0000 2.0000 2.0000 2.0000 2.0000 2.0000 2.0000 2.0000 2.0000 2.0000 2.0000 2.0000 -2.0000 16.0000 16.0000 10.0000 -11.0000 
fa1 = 0.9282 0.3153 0.3153 0.3153 0.3153 0.3153 0.3153 0.3153 0.2346 0.2346 0.2346 0.2346 0.2346 0.2346 0.2346 0.1925 0.1925 0.1925 0.1925 0.1925 0.1925 0.1925 0.1703 31.8809 31.8809 178.5451 2.0854 
fa2 = 0.9275 0.3150 0.3150 0.3150 0.3150 0.3150 0.3150 0.3150 0.2344 0.2344 0.2344 0.2344 0.2344 0.2344 0.2344 0.1924 0.1924 0.1924 0.1924 0.1924 0.1924 0.1924 0.1702 32.1130 32.1130 183.3129 2.0738 
fa3 = 0.9275 0.3150 0.3150 0.3150 0.3150 0.3150 0.3150 0.3150 0.2344 0.2344 0.2344 0.2344 0.2344 0.2344 0.2344 0.1924 0.1924 0.1924 0.1924 0.1924 0.1924 0.1924 0.1702 32.1147 32.1147 183.4411 2.0738 
fa4 = 0.9267 0.3147 0.3147 0.3147 0.3147 0.3147 0.3147 0.3147 0.2343 0.2343 0.2343 0.2343 0.2343 0.2343 0.2343 0.1923 0.1923 0.1923 0.1923 0.1923 0.1923 0.1923 0.1702 32.3507 32.3507 188.4112 2.0623 
fb1 = -0.2170 -0.2419 -0.2419 -0.2419 -0.2419 -0.2419 -0.2419 -0.2419 -0.2523 -0.2523 -0.2523 -0.2523 -0.2523 -0.2523 -0.2523 -0.2624 -0.2624 -0.2624 -0.2624 -0.2624 -0.2624 -0.2624 -0.2710 0.0101 0.0101 0.1920 -0.0959 
fb2 = -0.2169 -0.2418 -0.2418 -0.2418 -0.2418 -0.2418 -0.2418 -0.2418 -0.2522 -0.2522 -0.2522 -0.2522 -0.2522 -0.2522 -0.2522 -0.2623 -0.2623 -0.2623 -0.2623 -0.2623 -0.2623 -0.2623 -0.2709 0.0108 0.0108 0.1955 -0.0959 
fb3 = -0.2169 -0.2418 -0.2418 -0.2418 -0.2418 -0.2418 -0.2418 -0.2418 -0.2522 -0.2522 -0.2522 -0.2522 -0.2522 -0.2522 -0.2522 -0.2623 -0.2623 -0.2623 -0.2623 -0.2623 -0.2623 -0.2623 -0.2709 0.0108 0.0108 0.1956 -0.0959 
fb4 = -0.2169 -0.2418 -0.2418 -0.2418 -0.2418 -0.2418 -0.2418 -0.2418 -0.2522 -0.2522 -0.2522 -0.2522 -0.2522 -0.2522 -0.2522 -0.2623 -0.2623 -0.2623 -0.2623 -0.2623 -0.2623 -0.2623 -0.2709 0.0114 0.0114 0.1993 -0.0958 
I = 14.9000 9.4000 9.4000 9.4000 9.4000 9.4000 9.4000 9.4000 6.0000 6.0000 6.0000 6.0000 6.0000 6.0000 6.0000 2.0000 2.0000 2.0000 2.0000 2.0000 2.0000 2.0000 -2.0000 25.6037 25.6037 10.0000 -0.6629 
S1 = 0.0000 0.0000 0.0000 0.0000 0.0000 0.0000 0.0000 0.0000 0.0000 0.0000 0.0000 0.0000 0.0000 0.0000 0.0000 0.0000 0.0000 0.0000 0.0000 0.0000 0.0000 0.0000 0.0000 0.0000 0.0000 0.0000 0.0000 
S2 = 0.0000 0.0000 0.0000 0.0000 0.0000 0.0000 0.0000 0.0000 0.0000 0.0000 0.0000 0.0000 0.0000 0.0000 0.0000 0.0000 0.0000 0.0000 0.0000 0.0000 0.0000 0.0000 0.0000 1.6037 1.6037 0.0000 10.3371 
u = 8.6821 8.5948 8.5948 8.5948 8.5948 8.5948 8.5948 8.5948 8.5518 8.5518 8.5518 8.5518 8.5518 8.5518 8.5518 8.5073 8.5073 8.5073 8.5073 8.5073 8.5073 8.5073 8.4675 10.6189 10.6189 11.1677 9.3979 
v = 32.6041 25.5006 25.5006 25.5006 25.5006 25.5006 25.5006 25.5006 22.4700 22.4700 22.4700 22.4700 22.4700 22.4700 22.4700 19.5072 19.5072 19.5072 19.5072 19.5072 19.5072 19.5072 16.9527 55.9498 55.9498 105.6592 23.0318 
