ExternalI = 5.5000 0.0000 0.0000 0.0000 0.0000 0.0000 0.0000 0.0000 4.0000 4.0000 4.0000 4.0000 4.0000 4.0000 4.0000 0.0000 0.0000 0.0000 0.0000 0.0000 0.0000 0.0000 0.0000 8.0000 8.0000 0.0000 0.0000 
before u = 8.6821 8.5948 8.5948 8.5948 8.5948 8.5948 8.5948 8.5948 8.5518 8.5518 8.5518 8.5518 8.5518 8.5518 8.5518 8.5073 8.5073 8.5073 8.5073 8.5073 8.5073 8.5073 8.4675 10.6189 10.6189 11.1677 9.3979 
before v = 32.6041 25.5006 25.5006 25.5006 25.5006 25.5006 25.5006 25.5006 22.4700 22.4700 22.4700 22.4700 22.4700 22.4700 22.4700 19.5072 19.5072 19.5072 19.5072 19.5072 19.5072 19.5072 16.9527 55.9498 55.9498 105.6592 23.0318 
Ibias = 9.4000 9.4000 9.4000 9.4000 9.4000 9.4000 9.4000 9.4000 2.0000 2.0000 2.0000 2.0000 2.0000 2.0000 2.0000 2.0000 2.0000 2.0000 2.0000 2.0000 2.0000 2.0000 -2.0000 16.0000 16.0000 10.0000 -11.0000 
fa1 = 0.9267 0.3147 0.3147 0.3147 0.3147 0.3147 0.3147 0.3147 0.2343 0.2343 0.2343 0.2343 0.2343 0.2343 0.2343 0.1923 0.1923 0.1923 0.1923 0.1923 0.1923 0.1923 0.1702 32.3474 32.3474 188.4095 2.0416 
fa2 = 0.9260 0.3144 0.3144 0.3144 0.3144 0.3144 0.3144 0.3144 0.2341 0.2341 0.2341 0.2341 0.2341 0.2341 0.2341 0.1923 0.1923 0.1923 0.1923 0.1923 0.1923 0.1923 0.1701 32.5872 32.5872 193.5808 2.0303 
fa3 = 0.9260 0.3144 0.3144 0.3144 0.3144 0.3144 0.3144 0.3144 0.2341 0.2341 0.2341 0.2341 0.2341 0.2341 0.2341 0.1923 0.1923 0.1923 0.1923 0.1923 0.1923 0.1923 0.1701 32.5889 32.5889 193.7237 2.0304 
fa4 = 0.9253 0.3141 0.3141 0.3141 0.3141 0.3141 0.3141 0.3141 0.2340 0.2340 0.2340 0.2340 0.2340 0.2340 0.2340 0.1922 0.1922 0.1922 0.1922 0.1922 0.1922 0.1922 0.1701 32.8326 32.8326 199.1209 2.0191 
fb1 = -0.2169 -0.2418 -0.2418 -0.2418 -0.2418 -0.2418 -0.2418 -0.2418 -0.2522 -0.2522 -0.2522 -0.2522 -0.2522 -0.2522 -0.2522 -0.2623 -0.2623 -0.2623 -0.2623 -0.2623 -0.2623 -0.2623 -0.2709 0.0114 0.0114 0.1993 -0.0958 
fb2 = -0.2168 -0.2417 -0.2417 -0.2417 -0.2417 -0.2417 -0.2417 -0.2417 -0.2521 -0.2521 -0.2521 -0.2521 -0.2521 -0.2521 -0.2521 -0.2622 -0.2622 -0.2622 -0.2622 -0.2622 -0.2622 -0.2622 -0.2708 0.0121 0.0121 0.2030 -0.0958 
fb3 = -0.2168 -0.2417 -0.2417 -0.2417 -0.2417 -0.2417 -0.2417 -0.2417 -0.2521 -0.2521 -0.2521 -0.2521 -0.2521 -0.2521 -0.2521 -0.2622 -0.2622 -0.2622 -0.2622 -0.2622 -0.2622 -0.2622 -0.2708 0.0121 0.0121 0.2031 -0.0958 
fb4 = -0.2167 -0.2417 -0.2417 -0.2417 -0.2417 -0.2417 -0.2417 -0.2417 -0.2521 -0.2521 -0.2521 -0.2521 -0.2521 -0.2521 -0.2521 -0.2622 -0.2622 -0.2622 -0.2622 -0.2622 -0.2622 -0.2622 -0.2708 0.0127 0.0127 0.2070 -0.0957 
I = 14.9000 9.4000 9.4000 9.4000 9.4000 9.4000 9.4000 9.4000 6.0000 6.0000 6.0000 6.0000 6.0000 6.0000 6.0000 2.0000 2.0000 2.0000 2.0000 2.0000 2.0000 2.0000 -2.0000 25.6005 25.6005 10.0000 -0.6835 
S1 = 0.0000 0.0000 0.0000 0.0000 0.0000 0.0000 0.0000 0.0000 0.0000 0.0000 0.0000 0.0000 0.0000 0.0000 0.0000 0.0000 0.0000 0.0000 0.0000 0.0000 0.0000 0.0000 0.0000 0.0000 0.0000 0.0000 0.0000 
S2 = 0.0000 0.0000 0.0000 0.0000 0.0000 0.0000 0.0000 0.0000 0.0000 0.0000 0.0000 0.0000 0.0000 0.0000 0.0000 0.0000 0.0000 0.0000 0.0000 0.0000 0.0000 0.0000 0.0000 1.6005 1.6005 0.0000 10.3165 
u = 8.6799 8.5923 8.5923 8.5923 8.5923 8.5923 8.5923 8.5923 8.5492 8.5492 8.5492 8.5492 8.5492 8.5492 8.5492 8.5047 8.5047 8.5047 8.5047 8.5047 8.5047 8.5047 8.4648 10.6190 10.6190 11.1698 9.3970 
v = 32.6133 25.5037 25.5037 25.5037 25.5037 25.5037 25.5037 25.5037 22.4723 22.4723 22.4723 22.4723 22.4723 22.4723 22.4723 19.5091 19.5091 19.5091 19.5091 19.5091 19.5091 19.5091 16.9544 56.2757 56.2757 107.5961 23.0522 
