ExternalI = 5.5000 0.0000 0.0000 0.0000 0.0000 0.0000 0.0000 0.0000 4.0000 4.0000 4.0000 4.0000 4.0000 4.0000 4.0000 0.0000 0.0000 0.0000 0.0000 0.0000 0.0000 0.0000 0.0000 8.0000 8.0000 0.0000 0.0000 
before u = 8.6799 8.5923 8.5923 8.5923 8.5923 8.5923 8.5923 8.5923 8.5492 8.5492 8.5492 8.5492 8.5492 8.5492 8.5492 8.5047 8.5047 8.5047 8.5047 8.5047 8.5047 8.5047 8.4648 10.6190 10.6190 11.1698 9.3970 
before v = 32.6133 25.5037 25.5037 25.5037 25.5037 25.5037 25.5037 25.5037 22.4723 22.4723 22.4723 22.4723 22.4723 22.4723 22.4723 19.5091 19.5091 19.5091 19.5091 19.5091 19.5091 19.5091 16.9544 56.2757 56.2757 107.5961 23.0522 
Ibias = 9.4000 9.4000 9.4000 9.4000 9.4000 9.4000 9.4000 9.4000 2.0000 2.0000 2.0000 2.0000 2.0000 2.0000 2.0000 2.0000 2.0000 2.0000 2.0000 2.0000 2.0000 2.0000 -2.0000 16.0000 16.0000 10.0000 -11.0000 
fa1 = 0.9253 0.3141 0.3141 0.3141 0.3141 0.3141 0.3141 0.3141 0.2340 0.2340 0.2340 0.2340 0.2340 0.2340 0.2340 0.1922 0.1922 0.1922 0.1922 0.1922 0.1922 0.1922 0.1701 32.8294 32.8294 199.1190 1.9985 
fa2 = 0.9246 0.3138 0.3138 0.3138 0.3138 0.3138 0.3138 0.3138 0.2339 0.2339 0.2339 0.2339 0.2339 0.2339 0.2339 0.1921 0.1921 0.1921 0.1921 0.1921 0.1921 0.1921 0.1700 33.0769 33.0769 204.7406 1.9874 
fa3 = 0.9246 0.3138 0.3138 0.3138 0.3138 0.3138 0.3138 0.3138 0.2339 0.2339 0.2339 0.2339 0.2339 0.2339 0.2339 0.1921 0.1921 0.1921 0.1921 0.1921 0.1921 0.1921 0.1700 33.0788 33.0788 204.9005 1.9875 
fa4 = 0.9238 0.3135 0.3135 0.3135 0.3135 0.3135 0.3135 0.3135 0.2337 0.2337 0.2337 0.2337 0.2337 0.2337 0.2337 0.1920 0.1920 0.1920 0.1920 0.1920 0.1920 0.1920 0.1700 33.3305 33.3305 210.7750 1.9765 
fb1 = -0.2167 -0.2417 -0.2417 -0.2417 -0.2417 -0.2417 -0.2417 -0.2417 -0.2521 -0.2521 -0.2521 -0.2521 -0.2521 -0.2521 -0.2521 -0.2622 -0.2622 -0.2622 -0.2622 -0.2622 -0.2622 -0.2622 -0.2708 0.0127 0.0127 0.2070 -0.0957 
fb2 = -0.2167 -0.2416 -0.2416 -0.2416 -0.2416 -0.2416 -0.2416 -0.2416 -0.2520 -0.2520 -0.2520 -0.2520 -0.2520 -0.2520 -0.2520 -0.2621 -0.2621 -0.2621 -0.2621 -0.2621 -0.2621 -0.2621 -0.2707 0.0134 0.0134 0.2110 -0.0957 
fb3 = -0.2167 -0.2416 -0.2416 -0.2416 -0.2416 -0.2416 -0.2416 -0.2416 -0.2520 -0.2520 -0.2520 -0.2520 -0.2520 -0.2520 -0.2520 -0.2621 -0.2621 -0.2621 -0.2621 -0.2621 -0.2621 -0.2621 -0.2707 0.0134 0.0134 0.2111 -0.0957 
fb4 = -0.2166 -0.2416 -0.2416 -0.2416 -0.2416 -0.2416 -0.2416 -0.2416 -0.2520 -0.2520 -0.2520 -0.2520 -0.2520 -0.2520 -0.2520 -0.2620 -0.2620 -0.2620 -0.2620 -0.2620 -0.2620 -0.2620 -0.2707 0.0140 0.0140 0.2151 -0.0956 
I = 14.9000 9.4000 9.4000 9.4000 9.4000 9.4000 9.4000 9.4000 6.0000 6.0000 6.0000 6.0000 6.0000 6.0000 6.0000 2.0000 2.0000 2.0000 2.0000 2.0000 2.0000 2.0000 -2.0000 25.5973 25.5973 10.0000 -0.7042 
S1 = 0.0000 0.0000 0.0000 0.0000 0.0000 0.0000 0.0000 0.0000 0.0000 0.0000 0.0000 0.0000 0.0000 0.0000 0.0000 0.0000 0.0000 0.0000 0.0000 0.0000 0.0000 0.0000 0.0000 0.0000 0.0000 0.0000 0.0000 
S2 = 0.0000 0.0000 0.0000 0.0000 0.0000 0.0000 0.0000 0.0000 0.0000 0.0000 0.0000 0.0000 0.0000 0.0000 0.0000 0.0000 0.0000 0.0000 0.0000 0.0000 0.0000 0.0000 0.0000 1.5973 1.5973 0.0000 10.2958 
u = 8.6777 8.5899 8.5899 8.5899 8.5899 8.5899 8.5899 8.5899 8.5467 8.5467 8.5467 8.5467 8.5467 8.5467 8.5467 8.5021 8.5021 8.5021 8.5021 8.5021 8.5021 8.5021 8.4621 10.6191 10.6191 11.1719 9.3960 
v = 32.6226 25.5069 25.5069 25.5069 25.5069 25.5069 25.5069 25.5069 22.4747 22.4747 22.4747 22.4747 22.4747 22.4747 22.4747 19.5110 19.5110 19.5110 19.5110 19.5110 19.5110 19.5110 16.9561 56.6065 56.6065 109.6448 23.0720 
