ExternalI = 5.5000 0.0000 0.0000 0.0000 0.0000 0.0000 0.0000 0.0000 4.0000 4.0000 4.0000 4.0000 4.0000 4.0000 4.0000 0.0000 0.0000 0.0000 0.0000 0.0000 0.0000 0.0000 0.0000 8.0000 8.0000 0.0000 0.0000 
before u = 8.6777 8.5899 8.5899 8.5899 8.5899 8.5899 8.5899 8.5899 8.5467 8.5467 8.5467 8.5467 8.5467 8.5467 8.5467 8.5021 8.5021 8.5021 8.5021 8.5021 8.5021 8.5021 8.4621 10.6191 10.6191 11.1719 9.3960 
before v = 32.6226 25.5069 25.5069 25.5069 25.5069 25.5069 25.5069 25.5069 22.4747 22.4747 22.4747 22.4747 22.4747 22.4747 22.4747 19.5110 19.5110 19.5110 19.5110 19.5110 19.5110 19.5110 16.9561 56.6065 56.6065 109.6448 23.0720 
Ibias = 9.4000 9.4000 9.4000 9.4000 9.4000 9.4000 9.4000 9.4000 2.0000 2.0000 2.0000 2.0000 2.0000 2.0000 2.0000 2.0000 2.0000 2.0000 2.0000 2.0000 2.0000 2.0000 -2.0000 16.0000 16.0000 10.0000 -11.0000 
fa1 = 0.9238 0.3135 0.3135 0.3135 0.3135 0.3135 0.3135 0.3135 0.2337 0.2337 0.2337 0.2337 0.2337 0.2337 0.2337 0.1920 0.1920 0.1920 0.1920 0.1920 0.1920 0.1920 0.1700 33.3273 33.3273 210.7728 1.9559 
fa2 = 0.9231 0.3132 0.3132 0.3132 0.3132 0.3132 0.3132 0.3132 0.2336 0.2336 0.2336 0.2336 0.2336 0.2336 0.2336 0.1920 0.1920 0.1920 0.1920 0.1920 0.1920 0.1920 0.1699 33.5830 33.5830 216.8986 1.9451 
fa3 = 0.9231 0.3132 0.3132 0.3132 0.3132 0.3132 0.3132 0.3132 0.2336 0.2336 0.2336 0.2336 0.2336 0.2336 0.2336 0.1920 0.1920 0.1920 0.1920 0.1920 0.1920 0.1920 0.1699 33.5850 33.5850 217.0780 1.9452 
fa4 = 0.9224 0.3129 0.3129 0.3129 0.3129 0.3129 0.3129 0.3129 0.2334 0.2334 0.2334 0.2334 0.2334 0.2334 0.2334 0.1919 0.1919 0.1919 0.1919 0.1919 0.1919 0.1919 0.1699 33.8450 33.8450 223.4879 1.9344 
fb1 = -0.2166 -0.2416 -0.2416 -0.2416 -0.2416 -0.2416 -0.2416 -0.2416 -0.2520 -0.2520 -0.2520 -0.2520 -0.2520 -0.2520 -0.2520 -0.2620 -0.2620 -0.2620 -0.2620 -0.2620 -0.2620 -0.2620 -0.2707 0.0140 0.0140 0.2151 -0.0956 
fb2 = -0.2166 -0.2415 -0.2415 -0.2415 -0.2415 -0.2415 -0.2415 -0.2415 -0.2519 -0.2519 -0.2519 -0.2519 -0.2519 -0.2519 -0.2519 -0.2620 -0.2620 -0.2620 -0.2620 -0.2620 -0.2620 -0.2620 -0.2706 0.0147 0.0147 0.2193 -0.0956 
fb3 = -0.2166 -0.2415 -0.2415 -0.2415 -0.2415 -0.2415 -0.2415 -0.2415 -0.2519 -0.2519 -0.2519 -0.2519 -0.2519 -0.2519 -0.2519 -0.2620 -0.2620 -0.2620 -0.2620 -0.2620 -0.2620 -0.2620 -0.2706 0.0147 0.0147 0.2195 -0.0956 
fb4 = -0.2165 -0.2415 -0.2415 -0.2415 -0.2415 -0.2415 -0.2415 -0.2415 -0.2519 -0.2519 -0.2519 -0.2519 -0.2519 -0.2519 -0.2519 -0.2619 -0.2619 -0.2619 -0.2619 -0.2619 -0.2619 -0.2619 -0.2705 0.0154 0.0154 0.2238 -0.0955 
I = 14.9000 9.4000 9.4000 9.4000 9.4000 9.4000 9.4000 9.4000 6.0000 6.0000 6.0000 6.0000 6.0000 6.0000 6.0000 2.0000 2.0000 2.0000 2.0000 2.0000 2.0000 2.0000 -2.0000 25.5941 25.5941 10.0000 -0.7248 
S1 = 0.0000 0.0000 0.0000 0.0000 0.0000 0.0000 0.0000 0.0000 0.0000 0.0000 0.0000 0.0000 0.0000 0.0000 0.0000 0.0000 0.0000 0.0000 0.0000 0.0000 0.0000 0.0000 0.0000 0.0000 0.0000 0.0000 0.0000 
S2 = 0.0000 0.0000 0.0000 0.0000 0.0000 0.0000 0.0000 0.0000 0.0000 0.0000 0.0000 0.0000 0.0000 0.0000 0.0000 0.0000 0.0000 0.0000 0.0000 0.0000 0.0000 0.0000 0.0000 1.5941 1.5941 0.0000 10.2752 
u = 8.6756 8.5875 8.5875 8.5875 8.5875 8.5875 8.5875 8.5875 8.5442 8.5442 8.5442 8.5442 8.5442 8.5442 8.5442 8.4995 8.4995 8.4995 8.4995 8.4995 8.4995 8.4995 8.4594 10.6193 10.6193 11.1741 9.3950 
v = 32.6318 25.5100 25.5100 25.5100 25.5100 25.5100 25.5100 25.5100 22.4770 22.4770 22.4770 22.4770 22.4770 22.4770 22.4770 19.5130 19.5130 19.5130 19.5130 19.5130 19.5130 19.5130 16.9578 56.9423 56.9423 111.8151 23.0915 
