ExternalI = 5.5000 0.0000 0.0000 0.0000 0.0000 0.0000 0.0000 0.0000 4.0000 4.0000 4.0000 4.0000 4.0000 4.0000 4.0000 0.0000 0.0000 0.0000 0.0000 0.0000 0.0000 0.0000 0.0000 8.0000 8.0000 0.0000 0.0000 
before u = 8.6756 8.5875 8.5875 8.5875 8.5875 8.5875 8.5875 8.5875 8.5442 8.5442 8.5442 8.5442 8.5442 8.5442 8.5442 8.4995 8.4995 8.4995 8.4995 8.4995 8.4995 8.4995 8.4594 10.6193 10.6193 11.1741 9.3950 
before v = 32.6318 25.5100 25.5100 25.5100 25.5100 25.5100 25.5100 25.5100 22.4770 22.4770 22.4770 22.4770 22.4770 22.4770 22.4770 19.5130 19.5130 19.5130 19.5130 19.5130 19.5130 19.5130 16.9578 56.9423 56.9423 111.8151 23.0915 
Ibias = 9.4000 9.4000 9.4000 9.4000 9.4000 9.4000 9.4000 9.4000 2.0000 2.0000 2.0000 2.0000 2.0000 2.0000 2.0000 2.0000 2.0000 2.0000 2.0000 2.0000 2.0000 2.0000 -2.0000 16.0000 16.0000 10.0000 -11.0000 
fa1 = 0.9224 0.3129 0.3129 0.3129 0.3129 0.3129 0.3129 0.3129 0.2334 0.2334 0.2334 0.2334 0.2334 0.2334 0.2334 0.1919 0.1919 0.1919 0.1919 0.1919 0.1919 0.1919 0.1699 33.8418 33.8418 223.4854 1.9139 
fa2 = 0.9217 0.3126 0.3126 0.3126 0.3126 0.3126 0.3126 0.3126 0.2333 0.2333 0.2333 0.2333 0.2333 0.2333 0.2333 0.1918 0.1918 0.1918 0.1918 0.1918 0.1918 0.1918 0.1699 34.1061 34.1061 230.1776 1.9033 
fa3 = 0.9217 0.3126 0.3126 0.3126 0.3126 0.3126 0.3126 0.3126 0.2333 0.2333 0.2333 0.2333 0.2333 0.2333 0.2333 0.1918 0.1918 0.1918 0.1918 0.1918 0.1918 0.1918 0.1699 34.1081 34.1081 230.3795 1.9034 
fa4 = 0.9210 0.3123 0.3123 0.3123 0.3123 0.3123 0.3123 0.3123 0.2331 0.2331 0.2331 0.2331 0.2331 0.2331 0.2331 0.1918 0.1918 0.1918 0.1918 0.1918 0.1918 0.1918 0.1698 34.3768 34.3768 237.3920 1.8929 
fb1 = -0.2165 -0.2415 -0.2415 -0.2415 -0.2415 -0.2415 -0.2415 -0.2415 -0.2519 -0.2519 -0.2519 -0.2519 -0.2519 -0.2519 -0.2519 -0.2619 -0.2619 -0.2619 -0.2619 -0.2619 -0.2619 -0.2619 -0.2705 0.0154 0.0154 0.2238 -0.0955 
fb2 = -0.2164 -0.2414 -0.2414 -0.2414 -0.2414 -0.2414 -0.2414 -0.2414 -0.2518 -0.2518 -0.2518 -0.2518 -0.2518 -0.2518 -0.2518 -0.2619 -0.2619 -0.2619 -0.2619 -0.2619 -0.2619 -0.2619 -0.2705 0.0161 0.0161 0.2282 -0.0955 
fb3 = -0.2164 -0.2414 -0.2414 -0.2414 -0.2414 -0.2414 -0.2414 -0.2414 -0.2518 -0.2518 -0.2518 -0.2518 -0.2518 -0.2518 -0.2518 -0.2619 -0.2619 -0.2619 -0.2619 -0.2619 -0.2619 -0.2619 -0.2705 0.0161 0.0161 0.2284 -0.0955 
fb4 = -0.2164 -0.2414 -0.2414 -0.2414 -0.2414 -0.2414 -0.2414 -0.2414 -0.2518 -0.2518 -0.2518 -0.2518 -0.2518 -0.2518 -0.2518 -0.2618 -0.2618 -0.2618 -0.2618 -0.2618 -0.2618 -0.2618 -0.2704 0.0167 0.0167 0.2329 -0.0954 
I = 14.9000 9.4000 9.4000 9.4000 9.4000 9.4000 9.4000 9.4000 6.0000 6.0000 6.0000 6.0000 6.0000 6.0000 6.0000 2.0000 2.0000 2.0000 2.0000 2.0000 2.0000 2.0000 -2.0000 25.5909 25.5909 10.0000 -0.7453 
S1 = 0.0000 0.0000 0.0000 0.0000 0.0000 0.0000 0.0000 0.0000 0.0000 0.0000 0.0000 0.0000 0.0000 0.0000 0.0000 0.0000 0.0000 0.0000 0.0000 0.0000 0.0000 0.0000 0.0000 0.0000 0.0000 0.0000 0.0000 
S2 = 0.0000 0.0000 0.0000 0.0000 0.0000 0.0000 0.0000 0.0000 0.0000 0.0000 0.0000 0.0000 0.0000 0.0000 0.0000 0.0000 0.0000 0.0000 0.0000 0.0000 0.0000 0.0000 0.0000 1.5909 1.5909 0.0000 10.2547 
u = 8.6734 8.5851 8.5851 8.5851 8.5851 8.5851 8.5851 8.5851 8.5417 8.5417 8.5417 8.5417 8.5417 8.5417 8.5417 8.4968 8.4968 8.4968 8.4968 8.4968 8.4968 8.4968 8.4567 10.6194 10.6194 11.1764 9.3941 
v = 32.6410 25.5131 25.5131 25.5131 25.5131 25.5131 25.5131 25.5131 22.4793 22.4793 22.4793 22.4793 22.4793 22.4793 22.4793 19.5149 19.5149 19.5149 19.5149 19.5149 19.5149 19.5149 16.9595 57.2834 57.2834 114.1184 23.1105 
