ExternalI = 5.5000 0.0000 0.0000 0.0000 0.0000 0.0000 0.0000 0.0000 4.0000 4.0000 4.0000 4.0000 4.0000 4.0000 4.0000 0.0000 0.0000 0.0000 0.0000 0.0000 0.0000 0.0000 0.0000 8.0000 8.0000 0.0000 0.0000 
before u = 8.6734 8.5851 8.5851 8.5851 8.5851 8.5851 8.5851 8.5851 8.5417 8.5417 8.5417 8.5417 8.5417 8.5417 8.5417 8.4968 8.4968 8.4968 8.4968 8.4968 8.4968 8.4968 8.4567 10.6194 10.6194 11.1764 9.3941 
before v = 32.6410 25.5131 25.5131 25.5131 25.5131 25.5131 25.5131 25.5131 22.4793 22.4793 22.4793 22.4793 22.4793 22.4793 22.4793 19.5149 19.5149 19.5149 19.5149 19.5149 19.5149 19.5149 16.9595 57.2834 57.2834 114.1184 23.1105 
Ibias = 9.4000 9.4000 9.4000 9.4000 9.4000 9.4000 9.4000 9.4000 2.0000 2.0000 2.0000 2.0000 2.0000 2.0000 2.0000 2.0000 2.0000 2.0000 2.0000 2.0000 2.0000 2.0000 -2.0000 16.0000 16.0000 10.0000 -11.0000 
fa1 = 0.9210 0.3123 0.3123 0.3123 0.3123 0.3123 0.3123 0.3123 0.2331 0.2331 0.2331 0.2331 0.2331 0.2331 0.2331 0.1918 0.1918 0.1918 0.1918 0.1918 0.1918 0.1918 0.1698 34.3736 34.3736 237.3891 1.8724 
fa2 = 0.9203 0.3120 0.3120 0.3120 0.3120 0.3120 0.3120 0.3120 0.2330 0.2330 0.2330 0.2330 0.2330 0.2330 0.2330 0.1917 0.1917 0.1917 0.1917 0.1917 0.1917 0.1917 0.1698 34.6467 34.6467 244.7196 1.8621 
fa3 = 0.9203 0.3120 0.3120 0.3120 0.3120 0.3120 0.3120 0.3120 0.2330 0.2330 0.2330 0.2330 0.2330 0.2330 0.2330 0.1917 0.1917 0.1917 0.1917 0.1917 0.1917 0.1917 0.1698 34.6489 34.6489 244.9478 1.8621 
fa4 = 0.9196 0.3117 0.3117 0.3117 0.3117 0.3117 0.3117 0.3117 0.2329 0.2329 0.2329 0.2329 0.2329 0.2329 0.2329 0.1916 0.1916 0.1916 0.1916 0.1916 0.1916 0.1916 0.1697 34.9266 34.9266 252.6407 1.8519 
fb1 = -0.2164 -0.2414 -0.2414 -0.2414 -0.2414 -0.2414 -0.2414 -0.2414 -0.2518 -0.2518 -0.2518 -0.2518 -0.2518 -0.2518 -0.2518 -0.2618 -0.2618 -0.2618 -0.2618 -0.2618 -0.2618 -0.2618 -0.2704 0.0167 0.0167 0.2329 -0.0954 
fb2 = -0.2163 -0.2413 -0.2413 -0.2413 -0.2413 -0.2413 -0.2413 -0.2413 -0.2517 -0.2517 -0.2517 -0.2517 -0.2517 -0.2517 -0.2517 -0.2618 -0.2618 -0.2618 -0.2618 -0.2618 -0.2618 -0.2618 -0.2704 0.0174 0.0174 0.2377 -0.0954 
fb3 = -0.2163 -0.2413 -0.2413 -0.2413 -0.2413 -0.2413 -0.2413 -0.2413 -0.2517 -0.2517 -0.2517 -0.2517 -0.2517 -0.2517 -0.2517 -0.2618 -0.2618 -0.2618 -0.2618 -0.2618 -0.2618 -0.2618 -0.2704 0.0174 0.0174 0.2378 -0.0954 
fb4 = -0.2162 -0.2412 -0.2412 -0.2412 -0.2412 -0.2412 -0.2412 -0.2412 -0.2516 -0.2516 -0.2516 -0.2516 -0.2516 -0.2516 -0.2516 -0.2617 -0.2617 -0.2617 -0.2617 -0.2617 -0.2617 -0.2617 -0.2703 0.0181 0.0181 0.2427 -0.0953 
I = 14.9000 9.4000 9.4000 9.4000 9.4000 9.4000 9.4000 9.4000 6.0000 6.0000 6.0000 6.0000 6.0000 6.0000 6.0000 2.0000 2.0000 2.0000 2.0000 2.0000 2.0000 2.0000 -2.0000 25.5877 25.5877 10.0000 -0.7658 
S1 = 0.0000 0.0000 0.0000 0.0000 0.0000 0.0000 0.0000 0.0000 0.0000 0.0000 0.0000 0.0000 0.0000 0.0000 0.0000 0.0000 0.0000 0.0000 0.0000 0.0000 0.0000 0.0000 0.0000 0.0000 0.0000 0.0000 0.0000 
S2 = 0.0000 0.0000 0.0000 0.0000 0.0000 0.0000 0.0000 0.0000 0.0000 0.0000 0.0000 0.0000 0.0000 0.0000 0.0000 0.0000 0.0000 0.0000 0.0000 0.0000 0.0000 0.0000 0.0000 1.5877 1.5877 0.0000 10.2342 
u = 8.6712 8.5827 8.5827 8.5827 8.5827 8.5827 8.5827 8.5827 8.5392 8.5392 8.5392 8.5392 8.5392 8.5392 8.5392 8.4942 8.4942 8.4942 8.4942 8.4942 8.4942 8.4942 8.4540 10.6196 10.6196 11.1787 9.3931 
v = 32.6502 25.5163 25.5163 25.5163 25.5163 25.5163 25.5163 25.5163 22.4817 22.4817 22.4817 22.4817 22.4817 22.4817 22.4817 19.5168 19.5168 19.5168 19.5168 19.5168 19.5168 19.5168 16.9612 57.6299 57.6299 116.5674 23.1291 
