ExternalI = 5.5000 0.0000 0.0000 0.0000 0.0000 0.0000 0.0000 0.0000 4.0000 4.0000 4.0000 4.0000 4.0000 4.0000 4.0000 0.0000 0.0000 0.0000 0.0000 0.0000 0.0000 0.0000 0.0000 8.0000 8.0000 0.0000 0.0000 
before u = 8.6712 8.5827 8.5827 8.5827 8.5827 8.5827 8.5827 8.5827 8.5392 8.5392 8.5392 8.5392 8.5392 8.5392 8.5392 8.4942 8.4942 8.4942 8.4942 8.4942 8.4942 8.4942 8.4540 10.6196 10.6196 11.1787 9.3931 
before v = 32.6502 25.5163 25.5163 25.5163 25.5163 25.5163 25.5163 25.5163 22.4817 22.4817 22.4817 22.4817 22.4817 22.4817 22.4817 19.5168 19.5168 19.5168 19.5168 19.5168 19.5168 19.5168 16.9612 57.6299 57.6299 116.5674 23.1291 
Ibias = 9.4000 9.4000 9.4000 9.4000 9.4000 9.4000 9.4000 9.4000 2.0000 2.0000 2.0000 2.0000 2.0000 2.0000 2.0000 2.0000 2.0000 2.0000 2.0000 2.0000 2.0000 2.0000 -2.0000 16.0000 16.0000 10.0000 -11.0000 
fa1 = 0.9196 0.3117 0.3117 0.3117 0.3117 0.3117 0.3117 0.3117 0.2329 0.2329 0.2329 0.2329 0.2329 0.2329 0.2329 0.1916 0.1916 0.1916 0.1916 0.1916 0.1916 0.1916 0.1697 34.9234 34.9234 252.6373 1.8314 
fa2 = 0.9189 0.3114 0.3114 0.3114 0.3114 0.3114 0.3114 0.3114 0.2327 0.2327 0.2327 0.2327 0.2327 0.2327 0.2327 0.1915 0.1915 0.1915 0.1915 0.1915 0.1915 0.1915 0.1697 35.2058 35.2058 260.6901 1.8214 
fa3 = 0.9189 0.3114 0.3114 0.3114 0.3114 0.3114 0.3114 0.3114 0.2327 0.2327 0.2327 0.2327 0.2327 0.2327 0.2327 0.1915 0.1915 0.1915 0.1915 0.1915 0.1915 0.1915 0.1697 35.2081 35.2081 260.9489 1.8215 
fa4 = 0.9182 0.3111 0.3111 0.3111 0.3111 0.3111 0.3111 0.3111 0.2326 0.2326 0.2326 0.2326 0.2326 0.2326 0.2326 0.1915 0.1915 0.1915 0.1915 0.1915 0.1915 0.1915 0.1696 35.4952 35.4952 269.4132 1.8115 
fb1 = -0.2162 -0.2412 -0.2412 -0.2412 -0.2412 -0.2412 -0.2412 -0.2412 -0.2516 -0.2516 -0.2516 -0.2516 -0.2516 -0.2516 -0.2516 -0.2617 -0.2617 -0.2617 -0.2617 -0.2617 -0.2617 -0.2617 -0.2703 0.0181 0.0181 0.2427 -0.0953 
fb2 = -0.2162 -0.2412 -0.2412 -0.2412 -0.2412 -0.2412 -0.2412 -0.2412 -0.2516 -0.2516 -0.2516 -0.2516 -0.2516 -0.2516 -0.2516 -0.2616 -0.2616 -0.2616 -0.2616 -0.2616 -0.2616 -0.2616 -0.2703 0.0188 0.0188 0.2477 -0.0953 
fb3 = -0.2162 -0.2412 -0.2412 -0.2412 -0.2412 -0.2412 -0.2412 -0.2412 -0.2516 -0.2516 -0.2516 -0.2516 -0.2516 -0.2516 -0.2516 -0.2616 -0.2616 -0.2616 -0.2616 -0.2616 -0.2616 -0.2616 -0.2703 0.0188 0.0188 0.2479 -0.0953 
fb4 = -0.2161 -0.2411 -0.2411 -0.2411 -0.2411 -0.2411 -0.2411 -0.2411 -0.2515 -0.2515 -0.2515 -0.2515 -0.2515 -0.2515 -0.2515 -0.2616 -0.2616 -0.2616 -0.2616 -0.2616 -0.2616 -0.2616 -0.2702 0.0195 0.0195 0.2531 -0.0953 
I = 14.9000 9.4000 9.4000 9.4000 9.4000 9.4000 9.4000 9.4000 6.0000 6.0000 6.0000 6.0000 6.0000 6.0000 6.0000 2.0000 2.0000 2.0000 2.0000 2.0000 2.0000 2.0000 -2.0000 25.5846 25.5846 10.0000 -0.7863 
S1 = 0.0000 0.0000 0.0000 0.0000 0.0000 0.0000 0.0000 0.0000 0.0000 0.0000 0.0000 0.0000 0.0000 0.0000 0.0000 0.0000 0.0000 0.0000 0.0000 0.0000 0.0000 0.0000 0.0000 0.0000 0.0000 0.0000 0.0000 
S2 = 0.0000 0.0000 0.0000 0.0000 0.0000 0.0000 0.0000 0.0000 0.0000 0.0000 0.0000 0.0000 0.0000 0.0000 0.0000 0.0000 0.0000 0.0000 0.0000 0.0000 0.0000 0.0000 0.0000 1.5846 1.5846 0.0000 10.2137 
u = 8.6691 8.5803 8.5803 8.5803 8.5803 8.5803 8.5803 8.5803 8.5367 8.5367 8.5367 8.5367 8.5367 8.5367 8.5367 8.4916 8.4916 8.4916 8.4916 8.4916 8.4916 8.4916 8.4513 10.6198 10.6198 11.1812 9.3922 
v = 32.6594 25.5194 25.5194 25.5194 25.5194 25.5194 25.5194 25.5194 22.4840 22.4840 22.4840 22.4840 22.4840 22.4840 22.4840 19.5187 19.5187 19.5187 19.5187 19.5187 19.5187 19.5187 16.9629 57.9820 57.9820 119.1763 23.1473 
