ExternalI = 5.5000 0.0000 0.0000 0.0000 0.0000 0.0000 0.0000 0.0000 4.0000 4.0000 4.0000 4.0000 4.0000 4.0000 4.0000 0.0000 0.0000 0.0000 0.0000 0.0000 0.0000 0.0000 0.0000 8.0000 8.0000 0.0000 0.0000 
before u = 9.8324 9.8303 9.8303 9.8303 9.8303 9.8303 9.8303 9.8303 9.8291 9.8291 9.8291 9.8291 9.8291 9.8291 9.8291 9.8276 9.8276 9.8276 9.8276 9.8276 9.8276 9.8276 9.8261 9.9384 9.9384 10.1780 9.9251 
before v = 19.3290 17.4723 17.4723 17.4723 17.4723 17.4723 17.4723 17.4723 16.3463 16.3463 16.3463 16.3463 16.3463 16.3463 16.3463 15.0419 15.0419 15.0419 15.0419 15.0419 15.0419 15.0419 13.7590 26.1199 26.1199 61.0039 14.0887 
Ibias = 9.4000 9.4000 9.4000 9.4000 9.4000 9.4000 9.4000 9.4000 2.0000 2.0000 2.0000 2.0000 2.0000 2.0000 2.0000 2.0000 2.0000 2.0000 2.0000 2.0000 2.0000 2.0000 -2.0000 16.0000 16.0000 10.0000 -11.0000 
fa1 = 12.0251 9.3640 9.3640 9.3640 9.3640 9.3640 9.3640 9.3640 7.8202 7.8202 7.8202 7.8202 7.8202 7.8202 7.8202 6.0971 6.0971 6.0971 6.0971 6.0971 6.0971 6.0971 4.4694 22.9918 22.9918 25.6694 6.2424 
fa2 = 11.9394 9.2906 9.2906 9.2906 9.2906 9.2906 9.2906 9.2906 7.7557 7.7557 7.7557 7.7557 7.7557 7.7557 7.7557 6.0440 6.0440 6.0440 6.0440 6.0440 6.0440 6.0440 4.4286 22.8882 22.8882 25.9112 6.1847 
fa3 = 11.9400 9.2912 9.2912 9.2912 9.2912 9.2912 9.2912 9.2912 7.7562 7.7562 7.7562 7.7562 7.7562 7.7562 7.7562 6.0445 6.0445 6.0445 6.0445 6.0445 6.0445 6.0445 4.4290 22.8886 22.8886 25.9135 6.1852 
fa4 = 11.8552 9.2187 9.2187 9.2187 9.2187 9.2187 9.2187 9.2187 7.6924 7.6924 7.6924 7.6924 7.6924 7.6924 7.6924 5.9919 5.9919 5.9919 5.9919 5.9919 5.9919 5.9919 4.3887 22.7865 22.7865 26.1589 6.1281 
fb1 = -0.3160 -0.3233 -0.3233 -0.3233 -0.3233 -0.3233 -0.3233 -0.3233 -0.3278 -0.3278 -0.3278 -0.3278 -0.3278 -0.3278 -0.3278 -0.3329 -0.3329 -0.3329 -0.3329 -0.3329 -0.3329 -0.3329 -0.3380 -0.0943 -0.0943 0.0405 -0.1421 
fb2 = -0.3157 -0.3231 -0.3231 -0.3231 -0.3231 -0.3231 -0.3231 -0.3231 -0.3276 -0.3276 -0.3276 -0.3276 -0.3276 -0.3276 -0.3276 -0.3327 -0.3327 -0.3327 -0.3327 -0.3327 -0.3327 -0.3327 -0.3379 -0.0938 -0.0938 0.0410 -0.1420 
fb3 = -0.3157 -0.3231 -0.3231 -0.3231 -0.3231 -0.3231 -0.3231 -0.3231 -0.3276 -0.3276 -0.3276 -0.3276 -0.3276 -0.3276 -0.3276 -0.3327 -0.3327 -0.3327 -0.3327 -0.3327 -0.3327 -0.3327 -0.3379 -0.0938 -0.0938 0.0410 -0.1420 
fb4 = -0.3154 -0.3228 -0.3228 -0.3228 -0.3228 -0.3228 -0.3228 -0.3228 -0.3273 -0.3273 -0.3273 -0.3273 -0.3273 -0.3273 -0.3273 -0.3326 -0.3326 -0.3326 -0.3326 -0.3326 -0.3326 -0.3326 -0.3377 -0.0934 -0.0934 0.0415 -0.1419 
I = 14.9000 9.4000 9.4000 9.4000 9.4000 9.4000 9.4000 9.4000 6.0000 6.0000 6.0000 6.0000 6.0000 6.0000 6.0000 2.0000 2.0000 2.0000 2.0000 2.0000 2.0000 2.0000 -2.0000 24.0000 24.0000 10.0000 -9.5060 
S1 = 0.0000 0.0000 0.0000 0.0000 0.0000 0.0000 0.0000 0.0000 0.0000 0.0000 0.0000 0.0000 0.0000 0.0000 0.0000 0.0000 0.0000 0.0000 0.0000 0.0000 0.0000 0.0000 0.0000 0.0000 0.0000 0.0000 0.0000 
S2 = 0.0000 0.0000 0.0000 0.0000 0.0000 0.0000 0.0000 0.0000 0.0000 0.0000 0.0000 0.0000 0.0000 0.0000 0.0000 0.0000 0.0000 0.0000 0.0000 0.0000 0.0000 0.0000 0.0000 0.0000 0.0000 0.0000 1.4940 
u = 9.8292 9.8271 9.8271 9.8271 9.8271 9.8271 9.8271 9.8271 9.8258 9.8258 9.8258 9.8258 9.8258 9.8258 9.8258 9.8243 9.8243 9.8243 9.8243 9.8243 9.8243 9.8243 9.8227 9.9375 9.9375 10.1784 9.9237 
v = 19.4484 17.5653 17.5653 17.5653 17.5653 17.5653 17.5653 17.5653 16.4238 16.4238 16.4238 16.4238 16.4238 16.4238 16.4238 15.1023 15.1023 15.1023 15.1023 15.1023 15.1023 15.1023 13.8032 26.3488 26.3488 61.2631 14.1506 
