ExternalI = 5.5000 0.0000 0.0000 0.0000 0.0000 0.0000 0.0000 0.0000 4.0000 4.0000 4.0000 4.0000 4.0000 4.0000 4.0000 0.0000 0.0000 0.0000 0.0000 0.0000 0.0000 0.0000 0.0000 8.0000 8.0000 0.0000 0.0000 
before u = 8.6691 8.5803 8.5803 8.5803 8.5803 8.5803 8.5803 8.5803 8.5367 8.5367 8.5367 8.5367 8.5367 8.5367 8.5367 8.4916 8.4916 8.4916 8.4916 8.4916 8.4916 8.4916 8.4513 10.6198 10.6198 11.1812 9.3922 
before v = 32.6594 25.5194 25.5194 25.5194 25.5194 25.5194 25.5194 25.5194 22.4840 22.4840 22.4840 22.4840 22.4840 22.4840 22.4840 19.5187 19.5187 19.5187 19.5187 19.5187 19.5187 19.5187 16.9629 57.9820 57.9820 119.1763 23.1473 
Ibias = 9.4000 9.4000 9.4000 9.4000 9.4000 9.4000 9.4000 9.4000 2.0000 2.0000 2.0000 2.0000 2.0000 2.0000 2.0000 2.0000 2.0000 2.0000 2.0000 2.0000 2.0000 2.0000 -2.0000 16.0000 16.0000 10.0000 -11.0000 
fa1 = 0.9182 0.3111 0.3111 0.3111 0.3111 0.3111 0.3111 0.3111 0.2326 0.2326 0.2326 0.2326 0.2326 0.2326 0.2326 0.1915 0.1915 0.1915 0.1915 0.1915 0.1915 0.1915 0.1696 35.4920 35.4920 269.4093 1.7910 
fa2 = 0.9175 0.3109 0.3109 0.3109 0.3109 0.3109 0.3109 0.3109 0.2324 0.2324 0.2324 0.2324 0.2324 0.2324 0.2324 0.1914 0.1914 0.1914 0.1914 0.1914 0.1914 0.1914 0.1696 35.7840 35.7840 278.2823 1.7812 
fa3 = 0.9175 0.3109 0.3109 0.3109 0.3109 0.3109 0.3109 0.3109 0.2324 0.2324 0.2324 0.2324 0.2324 0.2324 0.2324 0.1914 0.1914 0.1914 0.1914 0.1914 0.1914 0.1914 0.1696 35.7864 35.7864 278.5770 1.7813 
fa4 = 0.9168 0.3106 0.3106 0.3106 0.3106 0.3106 0.3106 0.3106 0.2323 0.2323 0.2323 0.2323 0.2323 0.2323 0.2323 0.1913 0.1913 0.1913 0.1913 0.1913 0.1913 0.1913 0.1696 36.0833 36.0833 287.9196 1.7716 
fb1 = -0.2161 -0.2411 -0.2411 -0.2411 -0.2411 -0.2411 -0.2411 -0.2411 -0.2515 -0.2515 -0.2515 -0.2515 -0.2515 -0.2515 -0.2515 -0.2616 -0.2616 -0.2616 -0.2616 -0.2616 -0.2616 -0.2616 -0.2702 0.0195 0.0195 0.2531 -0.0953 
fb2 = -0.2161 -0.2411 -0.2411 -0.2411 -0.2411 -0.2411 -0.2411 -0.2411 -0.2515 -0.2515 -0.2515 -0.2515 -0.2515 -0.2515 -0.2515 -0.2615 -0.2615 -0.2615 -0.2615 -0.2615 -0.2615 -0.2615 -0.2701 0.0202 0.0202 0.2584 -0.0952 
fb3 = -0.2161 -0.2411 -0.2411 -0.2411 -0.2411 -0.2411 -0.2411 -0.2411 -0.2515 -0.2515 -0.2515 -0.2515 -0.2515 -0.2515 -0.2515 -0.2615 -0.2615 -0.2615 -0.2615 -0.2615 -0.2615 -0.2615 -0.2701 0.0202 0.0202 0.2586 -0.0952 
fb4 = -0.2160 -0.2410 -0.2410 -0.2410 -0.2410 -0.2410 -0.2410 -0.2410 -0.2514 -0.2514 -0.2514 -0.2514 -0.2514 -0.2514 -0.2514 -0.2615 -0.2615 -0.2615 -0.2615 -0.2615 -0.2615 -0.2615 -0.2701 0.0210 0.0210 0.2642 -0.0952 
I = 14.9000 9.4000 9.4000 9.4000 9.4000 9.4000 9.4000 9.4000 6.0000 6.0000 6.0000 6.0000 6.0000 6.0000 6.0000 2.0000 2.0000 2.0000 2.0000 2.0000 2.0000 2.0000 -2.0000 25.5814 25.5814 10.0000 -0.8067 
S1 = 0.0000 0.0000 0.0000 0.0000 0.0000 0.0000 0.0000 0.0000 0.0000 0.0000 0.0000 0.0000 0.0000 0.0000 0.0000 0.0000 0.0000 0.0000 0.0000 0.0000 0.0000 0.0000 0.0000 0.0000 0.0000 0.0000 0.0000 
S2 = 0.0000 0.0000 0.0000 0.0000 0.0000 0.0000 0.0000 0.0000 0.0000 0.0000 0.0000 0.0000 0.0000 0.0000 0.0000 0.0000 0.0000 0.0000 0.0000 0.0000 0.0000 0.0000 0.0000 1.5814 1.5814 0.0000 10.1933 
u = 8.6669 8.5779 8.5779 8.5779 8.5779 8.5779 8.5779 8.5779 8.5341 8.5341 8.5341 8.5341 8.5341 8.5341 8.5341 8.4890 8.4890 8.4890 8.4890 8.4890 8.4890 8.4890 8.4486 10.6200 10.6200 11.1838 9.3912 
v = 32.6686 25.5225 25.5225 25.5225 25.5225 25.5225 25.5225 25.5225 22.4863 22.4863 22.4863 22.4863 22.4863 22.4863 22.4863 19.5206 19.5206 19.5206 19.5206 19.5206 19.5206 19.5206 16.9646 58.3398 58.3398 121.9613 23.1652 
