ExternalI = 5.5000 0.0000 0.0000 0.0000 0.0000 0.0000 0.0000 0.0000 4.0000 4.0000 4.0000 4.0000 4.0000 4.0000 4.0000 0.0000 0.0000 0.0000 0.0000 0.0000 0.0000 0.0000 0.0000 8.0000 8.0000 0.0000 0.0000 
before u = 8.6669 8.5779 8.5779 8.5779 8.5779 8.5779 8.5779 8.5779 8.5341 8.5341 8.5341 8.5341 8.5341 8.5341 8.5341 8.4890 8.4890 8.4890 8.4890 8.4890 8.4890 8.4890 8.4486 10.6200 10.6200 11.1838 9.3912 
before v = 32.6686 25.5225 25.5225 25.5225 25.5225 25.5225 25.5225 25.5225 22.4863 22.4863 22.4863 22.4863 22.4863 22.4863 22.4863 19.5206 19.5206 19.5206 19.5206 19.5206 19.5206 19.5206 16.9646 58.3398 58.3398 121.9613 23.1652 
Ibias = 9.4000 9.4000 9.4000 9.4000 9.4000 9.4000 9.4000 9.4000 2.0000 2.0000 2.0000 2.0000 2.0000 2.0000 2.0000 2.0000 2.0000 2.0000 2.0000 2.0000 2.0000 2.0000 -2.0000 16.0000 16.0000 10.0000 -11.0000 
fa1 = 0.9168 0.3106 0.3106 0.3106 0.3106 0.3106 0.3106 0.3106 0.2323 0.2323 0.2323 0.2323 0.2323 0.2323 0.2323 0.1913 0.1913 0.1913 0.1913 0.1913 0.1913 0.1913 0.1696 36.0802 36.0802 287.9149 1.7512 
fa2 = 0.9161 0.3103 0.3103 0.3103 0.3103 0.3103 0.3103 0.3103 0.2322 0.2322 0.2322 0.2322 0.2322 0.2322 0.2322 0.1913 0.1913 0.1913 0.1913 0.1913 0.1913 0.1913 0.1695 36.3821 36.3821 297.7236 1.7416 
fa3 = 0.9161 0.3103 0.3103 0.3103 0.3103 0.3103 0.3103 0.3103 0.2322 0.2322 0.2322 0.2322 0.2322 0.2322 0.2322 0.1913 0.1913 0.1913 0.1913 0.1913 0.1913 0.1913 0.1695 36.3847 36.3847 298.0607 1.7417 
fa4 = 0.9154 0.3100 0.3100 0.3100 0.3100 0.3100 0.3100 0.3100 0.2320 0.2320 0.2320 0.2320 0.2320 0.2320 0.2320 0.1912 0.1912 0.1912 0.1912 0.1912 0.1912 0.1912 0.1695 36.6918 36.6918 308.4073 1.7322 
fb1 = -0.2160 -0.2410 -0.2410 -0.2410 -0.2410 -0.2410 -0.2410 -0.2410 -0.2514 -0.2514 -0.2514 -0.2514 -0.2514 -0.2514 -0.2514 -0.2615 -0.2615 -0.2615 -0.2615 -0.2615 -0.2615 -0.2615 -0.2701 0.0210 0.0210 0.2642 -0.0952 
fb2 = -0.2159 -0.2410 -0.2410 -0.2410 -0.2410 -0.2410 -0.2410 -0.2410 -0.2514 -0.2514 -0.2514 -0.2514 -0.2514 -0.2514 -0.2514 -0.2614 -0.2614 -0.2614 -0.2614 -0.2614 -0.2614 -0.2614 -0.2700 0.0217 0.0217 0.2699 -0.0951 
fb3 = -0.2159 -0.2410 -0.2410 -0.2410 -0.2410 -0.2410 -0.2410 -0.2410 -0.2514 -0.2514 -0.2514 -0.2514 -0.2514 -0.2514 -0.2514 -0.2614 -0.2614 -0.2614 -0.2614 -0.2614 -0.2614 -0.2614 -0.2700 0.0217 0.0217 0.2701 -0.0951 
fb4 = -0.2159 -0.2409 -0.2409 -0.2409 -0.2409 -0.2409 -0.2409 -0.2409 -0.2513 -0.2513 -0.2513 -0.2513 -0.2513 -0.2513 -0.2513 -0.2614 -0.2614 -0.2614 -0.2614 -0.2614 -0.2614 -0.2614 -0.2700 0.0224 0.0224 0.2760 -0.0951 
I = 14.9000 9.4000 9.4000 9.4000 9.4000 9.4000 9.4000 9.4000 6.0000 6.0000 6.0000 6.0000 6.0000 6.0000 6.0000 2.0000 2.0000 2.0000 2.0000 2.0000 2.0000 2.0000 -2.0000 25.5782 25.5782 10.0000 -0.8271 
S1 = 0.0000 0.0000 0.0000 0.0000 0.0000 0.0000 0.0000 0.0000 0.0000 0.0000 0.0000 0.0000 0.0000 0.0000 0.0000 0.0000 0.0000 0.0000 0.0000 0.0000 0.0000 0.0000 0.0000 0.0000 0.0000 0.0000 0.0000 
S2 = 0.0000 0.0000 0.0000 0.0000 0.0000 0.0000 0.0000 0.0000 0.0000 0.0000 0.0000 0.0000 0.0000 0.0000 0.0000 0.0000 0.0000 0.0000 0.0000 0.0000 0.0000 0.0000 0.0000 1.5782 1.5782 0.0000 10.1729 
u = 8.6648 8.5755 8.5755 8.5755 8.5755 8.5755 8.5755 8.5755 8.5316 8.5316 8.5316 8.5316 8.5316 8.5316 8.5316 8.4864 8.4864 8.4864 8.4864 8.4864 8.4864 8.4864 8.4459 10.6202 10.6202 11.1865 9.3903 
v = 32.6778 25.5256 25.5256 25.5256 25.5256 25.5256 25.5256 25.5256 22.4886 22.4886 22.4886 22.4886 22.4886 22.4886 22.4886 19.5225 19.5225 19.5225 19.5225 19.5225 19.5225 19.5225 16.9663 58.7037 58.7037 124.9412 23.1826 
