ExternalI = 5.5000 0.0000 0.0000 0.0000 0.0000 0.0000 0.0000 0.0000 4.0000 4.0000 4.0000 4.0000 4.0000 4.0000 4.0000 0.0000 0.0000 0.0000 0.0000 0.0000 0.0000 0.0000 0.0000 8.0000 8.0000 0.0000 0.0000 
before u = 8.6648 8.5755 8.5755 8.5755 8.5755 8.5755 8.5755 8.5755 8.5316 8.5316 8.5316 8.5316 8.5316 8.5316 8.5316 8.4864 8.4864 8.4864 8.4864 8.4864 8.4864 8.4864 8.4459 10.6202 10.6202 11.1865 9.3903 
before v = 32.6778 25.5256 25.5256 25.5256 25.5256 25.5256 25.5256 25.5256 22.4886 22.4886 22.4886 22.4886 22.4886 22.4886 22.4886 19.5225 19.5225 19.5225 19.5225 19.5225 19.5225 19.5225 16.9663 58.7037 58.7037 124.9412 23.1826 
Ibias = 9.4000 9.4000 9.4000 9.4000 9.4000 9.4000 9.4000 9.4000 2.0000 2.0000 2.0000 2.0000 2.0000 2.0000 2.0000 2.0000 2.0000 2.0000 2.0000 2.0000 2.0000 2.0000 -2.0000 16.0000 16.0000 10.0000 -11.0000 
fa1 = 0.9154 0.3100 0.3100 0.3100 0.3100 0.3100 0.3100 0.3100 0.2320 0.2320 0.2320 0.2320 0.2320 0.2320 0.2320 0.1912 0.1912 0.1912 0.1912 0.1912 0.1912 0.1912 0.1695 36.6887 36.6887 308.4018 1.7118 
fa2 = 0.9147 0.3097 0.3097 0.3097 0.3097 0.3097 0.3097 0.3097 0.2319 0.2319 0.2319 0.2319 0.2319 0.2319 0.2319 0.1911 0.1911 0.1911 0.1911 0.1911 0.1911 0.1911 0.1694 37.0011 37.0011 319.2823 1.7025 
fa3 = 0.9147 0.3097 0.3097 0.3097 0.3097 0.3097 0.3097 0.3097 0.2319 0.2319 0.2319 0.2319 0.2319 0.2319 0.2319 0.1911 0.1911 0.1911 0.1911 0.1911 0.1911 0.1911 0.1694 37.0038 37.0038 319.6697 1.7025 
fa4 = 0.9140 0.3095 0.3095 0.3095 0.3095 0.3095 0.3095 0.3095 0.2317 0.2317 0.2317 0.2317 0.2317 0.2317 0.2317 0.1911 0.1911 0.1911 0.1911 0.1911 0.1911 0.1911 0.1694 37.3216 37.3216 331.1695 1.6933 
fb1 = -0.2159 -0.2409 -0.2409 -0.2409 -0.2409 -0.2409 -0.2409 -0.2409 -0.2513 -0.2513 -0.2513 -0.2513 -0.2513 -0.2513 -0.2513 -0.2614 -0.2614 -0.2614 -0.2614 -0.2614 -0.2614 -0.2614 -0.2700 0.0224 0.0224 0.2760 -0.0951 
fb2 = -0.2158 -0.2409 -0.2409 -0.2409 -0.2409 -0.2409 -0.2409 -0.2409 -0.2513 -0.2513 -0.2513 -0.2513 -0.2513 -0.2513 -0.2513 -0.2613 -0.2613 -0.2613 -0.2613 -0.2613 -0.2613 -0.2613 -0.2699 0.0231 0.0231 0.2822 -0.0950 
fb3 = -0.2158 -0.2409 -0.2409 -0.2409 -0.2409 -0.2409 -0.2409 -0.2409 -0.2513 -0.2513 -0.2513 -0.2513 -0.2513 -0.2513 -0.2513 -0.2613 -0.2613 -0.2613 -0.2613 -0.2613 -0.2613 -0.2613 -0.2699 0.0231 0.0231 0.2824 -0.0950 
fb4 = -0.2158 -0.2408 -0.2408 -0.2408 -0.2408 -0.2408 -0.2408 -0.2408 -0.2512 -0.2512 -0.2512 -0.2512 -0.2512 -0.2512 -0.2512 -0.2613 -0.2613 -0.2613 -0.2613 -0.2613 -0.2613 -0.2613 -0.2699 0.0239 0.0239 0.2888 -0.0950 
I = 14.9000 9.4000 9.4000 9.4000 9.4000 9.4000 9.4000 9.4000 6.0000 6.0000 6.0000 6.0000 6.0000 6.0000 6.0000 2.0000 2.0000 2.0000 2.0000 2.0000 2.0000 2.0000 -2.0000 25.5751 25.5751 10.0000 -0.8475 
S1 = 0.0000 0.0000 0.0000 0.0000 0.0000 0.0000 0.0000 0.0000 0.0000 0.0000 0.0000 0.0000 0.0000 0.0000 0.0000 0.0000 0.0000 0.0000 0.0000 0.0000 0.0000 0.0000 0.0000 0.0000 0.0000 0.0000 0.0000 
S2 = 0.0000 0.0000 0.0000 0.0000 0.0000 0.0000 0.0000 0.0000 0.0000 0.0000 0.0000 0.0000 0.0000 0.0000 0.0000 0.0000 0.0000 0.0000 0.0000 0.0000 0.0000 0.0000 0.0000 1.5751 1.5751 0.0000 10.1525 
u = 8.6626 8.5730 8.5730 8.5730 8.5730 8.5730 8.5730 8.5730 8.5291 8.5291 8.5291 8.5291 8.5291 8.5291 8.5291 8.4838 8.4838 8.4838 8.4838 8.4838 8.4838 8.4838 8.4432 10.6205 10.6205 11.1893 9.3893 
v = 32.6869 25.5287 25.5287 25.5287 25.5287 25.5287 25.5287 25.5287 22.4909 22.4909 22.4909 22.4909 22.4909 22.4909 22.4909 19.5244 19.5244 19.5244 19.5244 19.5244 19.5244 19.5244 16.9680 59.0737 59.0737 128.1370 23.1996 
