ExternalI = 5.5000 0.0000 0.0000 0.0000 0.0000 0.0000 0.0000 0.0000 4.0000 4.0000 4.0000 4.0000 4.0000 4.0000 4.0000 0.0000 0.0000 0.0000 0.0000 0.0000 0.0000 0.0000 0.0000 8.0000 8.0000 0.0000 0.0000 
before u = 8.6626 8.5730 8.5730 8.5730 8.5730 8.5730 8.5730 8.5730 8.5291 8.5291 8.5291 8.5291 8.5291 8.5291 8.5291 8.4838 8.4838 8.4838 8.4838 8.4838 8.4838 8.4838 8.4432 10.6205 10.6205 11.1893 9.3893 
before v = 32.6869 25.5287 25.5287 25.5287 25.5287 25.5287 25.5287 25.5287 22.4909 22.4909 22.4909 22.4909 22.4909 22.4909 22.4909 19.5244 19.5244 19.5244 19.5244 19.5244 19.5244 19.5244 16.9680 59.0737 59.0737 128.1370 23.1996 
Ibias = 9.4000 9.4000 9.4000 9.4000 9.4000 9.4000 9.4000 9.4000 2.0000 2.0000 2.0000 2.0000 2.0000 2.0000 2.0000 2.0000 2.0000 2.0000 2.0000 2.0000 2.0000 2.0000 -2.0000 16.0000 16.0000 10.0000 -11.0000 
fa1 = 0.9140 0.3095 0.3095 0.3095 0.3095 0.3095 0.3095 0.3095 0.2317 0.2317 0.2317 0.2317 0.2317 0.2317 0.2317 0.1911 0.1911 0.1911 0.1911 0.1911 0.1911 0.1911 0.1694 37.3185 37.3185 331.1630 1.6730 
fa2 = 0.9134 0.3092 0.3092 0.3092 0.3092 0.3092 0.3092 0.3092 0.2316 0.2316 0.2316 0.2316 0.2316 0.2316 0.2316 0.1910 0.1910 0.1910 0.1910 0.1910 0.1910 0.1910 0.1693 37.6418 37.6418 343.2774 1.6639 
fa3 = 0.9134 0.3092 0.3092 0.3092 0.3092 0.3092 0.3092 0.3092 0.2316 0.2316 0.2316 0.2316 0.2316 0.2316 0.2316 0.1910 0.1910 0.1910 0.1910 0.1910 0.1910 0.1910 0.1693 37.6446 37.6446 343.7248 1.6639 
fa4 = 0.9127 0.3089 0.3089 0.3089 0.3089 0.3089 0.3089 0.3089 0.2315 0.2315 0.2315 0.2315 0.2315 0.2315 0.2315 0.1909 0.1909 0.1909 0.1909 0.1909 0.1909 0.1909 0.1693 37.9736 37.9736 356.5559 1.6549 
fb1 = -0.2158 -0.2408 -0.2408 -0.2408 -0.2408 -0.2408 -0.2408 -0.2408 -0.2512 -0.2512 -0.2512 -0.2512 -0.2512 -0.2512 -0.2512 -0.2613 -0.2613 -0.2613 -0.2613 -0.2613 -0.2613 -0.2613 -0.2699 0.0239 0.0239 0.2888 -0.0950 
fb2 = -0.2157 -0.2408 -0.2408 -0.2408 -0.2408 -0.2408 -0.2408 -0.2408 -0.2511 -0.2511 -0.2511 -0.2511 -0.2511 -0.2511 -0.2511 -0.2612 -0.2612 -0.2612 -0.2612 -0.2612 -0.2612 -0.2612 -0.2698 0.0246 0.0246 0.2954 -0.0949 
fb3 = -0.2157 -0.2408 -0.2408 -0.2408 -0.2408 -0.2408 -0.2408 -0.2408 -0.2511 -0.2511 -0.2511 -0.2511 -0.2511 -0.2511 -0.2511 -0.2612 -0.2612 -0.2612 -0.2612 -0.2612 -0.2612 -0.2612 -0.2698 0.0246 0.0246 0.2956 -0.0949 
fb4 = -0.2156 -0.2407 -0.2407 -0.2407 -0.2407 -0.2407 -0.2407 -0.2407 -0.2511 -0.2511 -0.2511 -0.2511 -0.2511 -0.2511 -0.2511 -0.2611 -0.2611 -0.2611 -0.2611 -0.2611 -0.2611 -0.2611 -0.2697 0.0254 0.0254 0.3025 -0.0949 
I = 14.9000 9.4000 9.4000 9.4000 9.4000 9.4000 9.4000 9.4000 6.0000 6.0000 6.0000 6.0000 6.0000 6.0000 6.0000 2.0000 2.0000 2.0000 2.0000 2.0000 2.0000 2.0000 -2.0000 25.5719 25.5719 10.0000 -0.8678 
S1 = 0.0000 0.0000 0.0000 0.0000 0.0000 0.0000 0.0000 0.0000 0.0000 0.0000 0.0000 0.0000 0.0000 0.0000 0.0000 0.0000 0.0000 0.0000 0.0000 0.0000 0.0000 0.0000 0.0000 0.0000 0.0000 0.0000 0.0000 
S2 = 0.0000 0.0000 0.0000 0.0000 0.0000 0.0000 0.0000 0.0000 0.0000 0.0000 0.0000 0.0000 0.0000 0.0000 0.0000 0.0000 0.0000 0.0000 0.0000 0.0000 0.0000 0.0000 0.0000 1.5719 1.5719 0.0000 10.1322 
u = 8.6604 8.5706 8.5706 8.5706 8.5706 8.5706 8.5706 8.5706 8.5266 8.5266 8.5266 8.5266 8.5266 8.5266 8.5266 8.4812 8.4812 8.4812 8.4812 8.4812 8.4812 8.4812 8.4405 10.6207 10.6207 11.1923 9.3884 
v = 32.6960 25.5318 25.5318 25.5318 25.5318 25.5318 25.5318 25.5318 22.4933 22.4933 22.4933 22.4933 22.4933 22.4933 22.4933 19.5264 19.5264 19.5264 19.5264 19.5264 19.5264 19.5264 16.9697 59.4501 59.4501 131.5732 23.2162 
