ExternalI = 5.5000 0.0000 0.0000 0.0000 0.0000 0.0000 0.0000 0.0000 4.0000 4.0000 4.0000 4.0000 4.0000 4.0000 4.0000 0.0000 0.0000 0.0000 0.0000 0.0000 0.0000 0.0000 0.0000 8.0000 8.0000 0.0000 0.0000 
before u = 8.6604 8.5706 8.5706 8.5706 8.5706 8.5706 8.5706 8.5706 8.5266 8.5266 8.5266 8.5266 8.5266 8.5266 8.5266 8.4812 8.4812 8.4812 8.4812 8.4812 8.4812 8.4812 8.4405 10.6207 10.6207 11.2923 9.3884 
before v = 32.6960 25.5318 25.5318 25.5318 25.5318 25.5318 25.5318 25.5318 22.4933 22.4933 22.4933 22.4933 22.4933 22.4933 22.4933 19.5264 19.5264 19.5264 19.5264 19.5264 19.5264 19.5264 16.9697 59.4501 59.4501 60.5000 23.2162 
Ibias = 9.4000 9.4000 9.4000 9.4000 9.4000 9.4000 9.4000 9.4000 2.0000 2.0000 2.0000 2.0000 2.0000 2.0000 2.0000 2.0000 2.0000 2.0000 2.0000 2.0000 2.0000 2.0000 -2.0000 16.0000 16.0000 10.0000 -11.0000 
fa1 = 0.9127 0.3089 0.3089 0.3089 0.3089 0.3089 0.3089 0.3089 0.2315 0.2315 0.2315 0.2315 0.2315 0.2315 0.2315 0.1909 0.1909 0.1909 0.1909 0.1909 0.1909 0.1909 0.1693 37.9704 37.9704 23.6177 3.1346 
fa2 = 0.9120 0.3086 0.3086 0.3086 0.3086 0.3086 0.3086 0.3086 0.2313 0.2313 0.2313 0.2313 0.2313 0.2313 0.2313 0.1909 0.1909 0.1909 0.1909 0.1909 0.1909 0.1909 0.1693 38.3051 38.3051 23.8355 3.1172 
fa3 = 0.9120 0.3086 0.3086 0.3086 0.3086 0.3086 0.3086 0.3086 0.2313 0.2313 0.2313 0.2313 0.2313 0.2313 0.2313 0.1909 0.1909 0.1909 0.1909 0.1909 0.1909 0.1909 0.1693 38.3081 38.3081 23.8375 3.1173 
fa4 = 0.9113 0.3084 0.3084 0.3084 0.3084 0.3084 0.3084 0.3084 0.2312 0.2312 0.2312 0.2312 0.2312 0.2312 0.2312 0.1908 0.1908 0.1908 0.1908 0.1908 0.1908 0.1908 0.1692 38.6487 38.6487 24.0584 3.1000 
fb1 = -0.2156 -0.2407 -0.2407 -0.2407 -0.2407 -0.2407 -0.2407 -0.2407 -0.2511 -0.2511 -0.2511 -0.2511 -0.2511 -0.2511 -0.2511 -0.2611 -0.2611 -0.2611 -0.2611 -0.2611 -0.2611 -0.2611 -0.2697 0.0254 0.0254 0.0162 -0.0949 
fb2 = -0.2156 -0.2406 -0.2406 -0.2406 -0.2406 -0.2406 -0.2406 -0.2406 -0.2510 -0.2510 -0.2510 -0.2510 -0.2510 -0.2510 -0.2510 -0.2611 -0.2611 -0.2611 -0.2611 -0.2611 -0.2611 -0.2611 -0.2697 0.0261 0.0261 0.0166 -0.0948 
fb3 = -0.2156 -0.2406 -0.2406 -0.2406 -0.2406 -0.2406 -0.2406 -0.2406 -0.2510 -0.2510 -0.2510 -0.2510 -0.2510 -0.2510 -0.2510 -0.2611 -0.2611 -0.2611 -0.2611 -0.2611 -0.2611 -0.2611 -0.2697 0.0261 0.0261 0.0166 -0.0948 
fb4 = -0.2155 -0.2406 -0.2406 -0.2406 -0.2406 -0.2406 -0.2406 -0.2406 -0.2510 -0.2510 -0.2510 -0.2510 -0.2510 -0.2510 -0.2510 -0.2610 -0.2610 -0.2610 -0.2610 -0.2610 -0.2610 -0.2610 -0.2696 0.0269 0.0269 0.0171 -0.0948 
I = 14.9000 9.4000 9.4000 9.4000 9.4000 9.4000 9.4000 9.4000 6.0000 6.0000 6.0000 6.0000 6.0000 6.0000 6.0000 2.0000 2.0000 2.0000 2.0000 2.0000 2.0000 2.0000 -2.0000 25.5688 25.5688 10.0000 0.6120 
S1 = 0.0000 0.0000 0.0000 0.0000 0.0000 0.0000 0.0000 0.0000 0.0000 0.0000 0.0000 0.0000 0.0000 0.0000 0.0000 0.0000 0.0000 0.0000 0.0000 0.0000 0.0000 0.0000 0.0000 0.0000 0.0000 0.0000 0.0000 
S2 = 0.0000 0.0000 0.0000 0.0000 0.0000 0.0000 0.0000 0.0000 0.0000 0.0000 0.0000 0.0000 0.0000 0.0000 0.0000 0.0000 0.0000 0.0000 0.0000 0.0000 0.0000 0.0000 0.0000 1.5688 1.5688 0.0000 11.6120 
u = 8.6583 8.5682 8.5682 8.5682 8.5682 8.5682 8.5682 8.5682 8.5241 8.5241 8.5241 8.5241 8.5241 8.5241 8.5241 8.4785 8.4785 8.4785 8.4785 8.4785 8.4785 8.4785 8.4378 10.6210 10.6210 11.2924 9.3874 
v = 32.7052 25.5349 25.5349 25.5349 25.5349 25.5349 25.5349 25.5349 22.4956 22.4956 22.4956 22.4956 22.4956 22.4956 22.4956 19.5283 19.5283 19.5283 19.5283 19.5283 19.5283 19.5283 16.9714 59.8332 59.8332 60.7384 23.2474 
