ExternalI = 5.5000 0.0000 0.0000 0.0000 0.0000 0.0000 0.0000 0.0000 4.0000 4.0000 4.0000 4.0000 4.0000 4.0000 4.0000 0.0000 0.0000 0.0000 0.0000 0.0000 0.0000 0.0000 0.0000 8.0000 8.0000 0.0000 0.0000 
before u = 8.6583 8.5682 8.5682 8.5682 8.5682 8.5682 8.5682 8.5682 8.5241 8.5241 8.5241 8.5241 8.5241 8.5241 8.5241 8.4785 8.4785 8.4785 8.4785 8.4785 8.4785 8.4785 8.4378 10.6210 10.6210 11.2924 9.3874 
before v = 32.7052 25.5349 25.5349 25.5349 25.5349 25.5349 25.5349 25.5349 22.4956 22.4956 22.4956 22.4956 22.4956 22.4956 22.4956 19.5283 19.5283 19.5283 19.5283 19.5283 19.5283 19.5283 16.9714 59.8332 59.8332 60.7384 23.2474 
Ibias = 9.4000 9.4000 9.4000 9.4000 9.4000 9.4000 9.4000 9.4000 2.0000 2.0000 2.0000 2.0000 2.0000 2.0000 2.0000 2.0000 2.0000 2.0000 2.0000 2.0000 2.0000 2.0000 -2.0000 16.0000 16.0000 10.0000 -11.0000 
fa1 = 0.9113 0.3084 0.3084 0.3084 0.3084 0.3084 0.3084 0.3084 0.2312 0.2312 0.2312 0.2312 0.2312 0.2312 0.2312 0.1908 0.1908 0.1908 0.1908 0.1908 0.1908 0.1908 0.1692 38.6456 38.6456 24.0584 3.0768 
fa2 = 0.9107 0.3081 0.3081 0.3081 0.3081 0.3081 0.3081 0.3081 0.2311 0.2311 0.2311 0.2311 0.2311 0.2311 0.2311 0.1907 0.1907 0.1907 0.1907 0.1907 0.1907 0.1907 0.1692 38.9922 38.9922 24.2826 3.0597 
fa3 = 0.9107 0.3081 0.3081 0.3081 0.3081 0.3081 0.3081 0.3081 0.2311 0.2311 0.2311 0.2311 0.2311 0.2311 0.2311 0.1907 0.1907 0.1907 0.1907 0.1907 0.1907 0.1907 0.1692 38.9953 38.9953 24.2846 3.0598 
fa4 = 0.9100 0.3078 0.3078 0.3078 0.3078 0.3078 0.3078 0.3078 0.2309 0.2309 0.2309 0.2309 0.2309 0.2309 0.2309 0.1907 0.1907 0.1907 0.1907 0.1907 0.1907 0.1907 0.1691 39.3481 39.3481 24.5121 3.0429 
fb1 = -0.2155 -0.2406 -0.2406 -0.2406 -0.2406 -0.2406 -0.2406 -0.2406 -0.2510 -0.2510 -0.2510 -0.2510 -0.2510 -0.2510 -0.2510 -0.2610 -0.2610 -0.2610 -0.2610 -0.2610 -0.2610 -0.2610 -0.2696 0.0269 0.0269 0.0171 -0.0948 
fb2 = -0.2154 -0.2405 -0.2405 -0.2405 -0.2405 -0.2405 -0.2405 -0.2405 -0.2509 -0.2509 -0.2509 -0.2509 -0.2509 -0.2509 -0.2509 -0.2610 -0.2610 -0.2610 -0.2610 -0.2610 -0.2610 -0.2610 -0.2696 0.0277 0.0277 0.0176 -0.0947 
fb3 = -0.2154 -0.2405 -0.2405 -0.2405 -0.2405 -0.2405 -0.2405 -0.2405 -0.2509 -0.2509 -0.2509 -0.2509 -0.2509 -0.2509 -0.2509 -0.2610 -0.2610 -0.2610 -0.2610 -0.2610 -0.2610 -0.2610 -0.2696 0.0277 0.0277 0.0176 -0.0947 
fb4 = -0.2154 -0.2405 -0.2405 -0.2405 -0.2405 -0.2405 -0.2405 -0.2405 -0.2509 -0.2509 -0.2509 -0.2509 -0.2509 -0.2509 -0.2509 -0.2609 -0.2609 -0.2609 -0.2609 -0.2609 -0.2609 -0.2609 -0.2695 0.0285 0.0285 0.0181 -0.0946 
I = 14.9000 9.4000 9.4000 9.4000 9.4000 9.4000 9.4000 9.4000 6.0000 6.0000 6.0000 6.0000 6.0000 6.0000 6.0000 2.0000 2.0000 2.0000 2.0000 2.0000 2.0000 2.0000 -2.0000 25.5656 25.5656 10.0000 0.5887 
S1 = 0.0000 0.0000 0.0000 0.0000 0.0000 0.0000 0.0000 0.0000 0.0000 0.0000 0.0000 0.0000 0.0000 0.0000 0.0000 0.0000 0.0000 0.0000 0.0000 0.0000 0.0000 0.0000 0.0000 0.0000 0.0000 0.0000 0.0000 
S2 = 0.0000 0.0000 0.0000 0.0000 0.0000 0.0000 0.0000 0.0000 0.0000 0.0000 0.0000 0.0000 0.0000 0.0000 0.0000 0.0000 0.0000 0.0000 0.0000 0.0000 0.0000 0.0000 0.0000 1.5656 1.5656 0.0000 11.5887 
u = 8.6561 8.5658 8.5658 8.5658 8.5658 8.5658 8.5658 8.5658 8.5216 8.5216 8.5216 8.5216 8.5216 8.5216 8.5216 8.4759 8.4759 8.4759 8.4759 8.4759 8.4759 8.4759 8.4351 10.6212 10.6212 11.2926 9.3865 
v = 32.7143 25.5379 25.5379 25.5379 25.5379 25.5379 25.5379 25.5379 22.4979 22.4979 22.4979 22.4979 22.4979 22.4979 22.4979 19.5302 19.5302 19.5302 19.5302 19.5302 19.5302 19.5302 16.9730 60.2232 60.2232 60.9812 23.2780 
