ExternalI = 5.5000 0.0000 0.0000 0.0000 0.0000 0.0000 0.0000 0.0000 4.0000 4.0000 4.0000 4.0000 4.0000 4.0000 4.0000 0.0000 0.0000 0.0000 0.0000 0.0000 0.0000 0.0000 0.0000 8.0000 8.0000 0.0000 0.0000 
before u = 8.6561 8.5658 8.5658 8.5658 8.5658 8.5658 8.5658 8.5658 8.5216 8.5216 8.5216 8.5216 8.5216 8.5216 8.5216 8.4759 8.4759 8.4759 8.4759 8.4759 8.4759 8.4759 8.4351 10.6212 10.6212 11.2926 9.3865 
before v = 32.7143 25.5379 25.5379 25.5379 25.5379 25.5379 25.5379 25.5379 22.4979 22.4979 22.4979 22.4979 22.4979 22.4979 22.4979 19.5302 19.5302 19.5302 19.5302 19.5302 19.5302 19.5302 16.9730 60.2232 60.2232 60.9812 23.2780 
Ibias = 9.4000 9.4000 9.4000 9.4000 9.4000 9.4000 9.4000 9.4000 2.0000 2.0000 2.0000 2.0000 2.0000 2.0000 2.0000 2.0000 2.0000 2.0000 2.0000 2.0000 2.0000 2.0000 -2.0000 16.0000 16.0000 10.0000 -11.0000 
fa1 = 0.9100 0.3078 0.3078 0.3078 0.3078 0.3078 0.3078 0.3078 0.2309 0.2309 0.2309 0.2309 0.2309 0.2309 0.2309 0.1907 0.1907 0.1907 0.1907 0.1907 0.1907 0.1907 0.1691 39.3450 39.3450 24.5121 3.0197 
fa2 = 0.9093 0.3075 0.3075 0.3075 0.3075 0.3075 0.3075 0.3075 0.2308 0.2308 0.2308 0.2308 0.2308 0.2308 0.2308 0.1906 0.1906 0.1906 0.1906 0.1906 0.1906 0.1906 0.1691 39.7040 39.7040 24.7428 3.0030 
fa3 = 0.9093 0.3075 0.3075 0.3075 0.3075 0.3075 0.3075 0.3075 0.2308 0.2308 0.2308 0.2308 0.2308 0.2308 0.2308 0.1906 0.1906 0.1906 0.1906 0.1906 0.1906 0.1906 0.1691 39.7073 39.7073 24.7450 3.0031 
fa4 = 0.9087 0.3073 0.3073 0.3073 0.3073 0.3073 0.3073 0.3073 0.2307 0.2307 0.2307 0.2307 0.2307 0.2307 0.2307 0.1905 0.1905 0.1905 0.1905 0.1905 0.1905 0.1905 0.1691 40.0728 40.0728 24.9792 2.9865 
fb1 = -0.2154 -0.2405 -0.2405 -0.2405 -0.2405 -0.2405 -0.2405 -0.2405 -0.2509 -0.2509 -0.2509 -0.2509 -0.2509 -0.2509 -0.2509 -0.2609 -0.2609 -0.2609 -0.2609 -0.2609 -0.2609 -0.2609 -0.2695 0.0285 0.0285 0.0181 -0.0946 
fb2 = -0.2153 -0.2404 -0.2404 -0.2404 -0.2404 -0.2404 -0.2404 -0.2404 -0.2508 -0.2508 -0.2508 -0.2508 -0.2508 -0.2508 -0.2508 -0.2609 -0.2609 -0.2609 -0.2609 -0.2609 -0.2609 -0.2609 -0.2695 0.0293 0.0293 0.0186 -0.0945 
fb3 = -0.2153 -0.2404 -0.2404 -0.2404 -0.2404 -0.2404 -0.2404 -0.2404 -0.2508 -0.2508 -0.2508 -0.2508 -0.2508 -0.2508 -0.2508 -0.2609 -0.2609 -0.2609 -0.2609 -0.2609 -0.2609 -0.2609 -0.2695 0.0293 0.0293 0.0186 -0.0945 
fb4 = -0.2153 -0.2404 -0.2404 -0.2404 -0.2404 -0.2404 -0.2404 -0.2404 -0.2508 -0.2508 -0.2508 -0.2508 -0.2508 -0.2508 -0.2508 -0.2608 -0.2608 -0.2608 -0.2608 -0.2608 -0.2608 -0.2608 -0.2694 0.0301 0.0301 0.0191 -0.0945 
I = 14.9000 9.4000 9.4000 9.4000 9.4000 9.4000 9.4000 9.4000 6.0000 6.0000 6.0000 6.0000 6.0000 6.0000 6.0000 2.0000 2.0000 2.0000 2.0000 2.0000 2.0000 2.0000 -2.0000 25.5625 25.5625 10.0000 0.5656 
S1 = 0.0000 0.0000 0.0000 0.0000 0.0000 0.0000 0.0000 0.0000 0.0000 0.0000 0.0000 0.0000 0.0000 0.0000 0.0000 0.0000 0.0000 0.0000 0.0000 0.0000 0.0000 0.0000 0.0000 0.0000 0.0000 0.0000 0.0000 
S2 = 0.0000 0.0000 0.0000 0.0000 0.0000 0.0000 0.0000 0.0000 0.0000 0.0000 0.0000 0.0000 0.0000 0.0000 0.0000 0.0000 0.0000 0.0000 0.0000 0.0000 0.0000 0.0000 0.0000 1.5625 1.5625 0.0000 11.5656 
u = 8.6540 8.5634 8.5634 8.5634 8.5634 8.5634 8.5634 8.5634 8.5191 8.5191 8.5191 8.5191 8.5191 8.5191 8.5191 8.4733 8.4733 8.4733 8.4733 8.4733 8.4733 8.4733 8.4324 10.6215 10.6215 11.2928 9.3855 
v = 32.7234 25.5410 25.5410 25.5410 25.5410 25.5410 25.5410 25.5410 22.5002 22.5002 22.5002 22.5002 22.5002 22.5002 22.5002 19.5321 19.5321 19.5321 19.5321 19.5321 19.5321 19.5321 16.9747 60.6202 60.6202 61.2287 23.3080 
