ExternalI = 5.5000 0.0000 0.0000 0.0000 0.0000 0.0000 0.0000 0.0000 4.0000 4.0000 4.0000 4.0000 4.0000 4.0000 4.0000 0.0000 0.0000 0.0000 0.0000 0.0000 0.0000 0.0000 0.0000 8.0000 8.0000 0.0000 0.0000 
before u = 8.6540 8.5634 8.5634 8.5634 8.5634 8.5634 8.5634 8.5634 8.5191 8.5191 8.5191 8.5191 8.5191 8.5191 8.5191 8.4733 8.4733 8.4733 8.4733 8.4733 8.4733 8.4733 8.4324 10.6215 10.6215 11.2928 9.3855 
before v = 32.7234 25.5410 25.5410 25.5410 25.5410 25.5410 25.5410 25.5410 22.5002 22.5002 22.5002 22.5002 22.5002 22.5002 22.5002 19.5321 19.5321 19.5321 19.5321 19.5321 19.5321 19.5321 16.9747 60.6202 60.6202 61.2287 23.3080 
Ibias = 9.4000 9.4000 9.4000 9.4000 9.4000 9.4000 9.4000 9.4000 2.0000 2.0000 2.0000 2.0000 2.0000 2.0000 2.0000 2.0000 2.0000 2.0000 2.0000 2.0000 2.0000 2.0000 -2.0000 16.0000 16.0000 10.0000 -11.0000 
fa1 = 0.9087 0.3073 0.3073 0.3073 0.3073 0.3073 0.3073 0.3073 0.2307 0.2307 0.2307 0.2307 0.2307 0.2307 0.2307 0.1905 0.1905 0.1905 0.1905 0.1905 0.1905 0.1905 0.1691 40.0697 40.0697 24.9792 2.9634 
fa2 = 0.9080 0.3070 0.3070 0.3070 0.3070 0.3070 0.3070 0.3070 0.2306 0.2306 0.2306 0.2306 0.2306 0.2306 0.2306 0.1905 0.1905 0.1905 0.1905 0.1905 0.1905 0.1905 0.1690 40.4417 40.4417 25.2168 2.9470 
fa3 = 0.9080 0.3070 0.3070 0.3070 0.3070 0.3070 0.3070 0.3070 0.2306 0.2306 0.2306 0.2306 0.2306 0.2306 0.2306 0.1905 0.1905 0.1905 0.1905 0.1905 0.1905 0.1905 0.1690 40.4452 40.4452 25.2190 2.9471 
fa4 = 0.9074 0.3067 0.3067 0.3067 0.3067 0.3067 0.3067 0.3067 0.2304 0.2304 0.2304 0.2304 0.2304 0.2304 0.2304 0.1904 0.1904 0.1904 0.1904 0.1904 0.1904 0.1904 0.1690 40.8240 40.8240 25.4602 2.9309 
fb1 = -0.2153 -0.2404 -0.2404 -0.2404 -0.2404 -0.2404 -0.2404 -0.2404 -0.2508 -0.2508 -0.2508 -0.2508 -0.2508 -0.2508 -0.2508 -0.2608 -0.2608 -0.2608 -0.2608 -0.2608 -0.2608 -0.2608 -0.2694 0.0301 0.0301 0.0191 -0.0945 
fb2 = -0.2152 -0.2403 -0.2403 -0.2403 -0.2403 -0.2403 -0.2403 -0.2403 -0.2507 -0.2507 -0.2507 -0.2507 -0.2507 -0.2507 -0.2507 -0.2607 -0.2607 -0.2607 -0.2607 -0.2607 -0.2607 -0.2607 -0.2693 0.0308 0.0308 0.0196 -0.0944 
fb3 = -0.2152 -0.2403 -0.2403 -0.2403 -0.2403 -0.2403 -0.2403 -0.2403 -0.2507 -0.2507 -0.2507 -0.2507 -0.2507 -0.2507 -0.2507 -0.2607 -0.2607 -0.2607 -0.2607 -0.2607 -0.2607 -0.2607 -0.2693 0.0309 0.0309 0.0196 -0.0944 
fb4 = -0.2151 -0.2403 -0.2403 -0.2403 -0.2403 -0.2403 -0.2403 -0.2403 -0.2507 -0.2507 -0.2507 -0.2507 -0.2507 -0.2507 -0.2507 -0.2607 -0.2607 -0.2607 -0.2607 -0.2607 -0.2607 -0.2607 -0.2693 0.0317 0.0317 0.0201 -0.0943 
I = 14.9000 9.4000 9.4000 9.4000 9.4000 9.4000 9.4000 9.4000 6.0000 6.0000 6.0000 6.0000 6.0000 6.0000 6.0000 2.0000 2.0000 2.0000 2.0000 2.0000 2.0000 2.0000 -2.0000 25.5594 25.5594 10.0000 0.5424 
S1 = 0.0000 0.0000 0.0000 0.0000 0.0000 0.0000 0.0000 0.0000 0.0000 0.0000 0.0000 0.0000 0.0000 0.0000 0.0000 0.0000 0.0000 0.0000 0.0000 0.0000 0.0000 0.0000 0.0000 0.0000 0.0000 0.0000 0.0000 
S2 = 0.0000 0.0000 0.0000 0.0000 0.0000 0.0000 0.0000 0.0000 0.0000 0.0000 0.0000 0.0000 0.0000 0.0000 0.0000 0.0000 0.0000 0.0000 0.0000 0.0000 0.0000 0.0000 0.0000 1.5594 1.5594 0.0000 11.5424 
u = 8.6518 8.5610 8.5610 8.5610 8.5610 8.5610 8.5610 8.5610 8.5166 8.5166 8.5166 8.5166 8.5166 8.5166 8.5166 8.4707 8.4707 8.4707 8.4707 8.4707 8.4707 8.4707 8.4297 10.6218 10.6218 11.2930 9.3846 
v = 32.7324 25.5441 25.5441 25.5441 25.5441 25.5441 25.5441 25.5441 22.5025 22.5025 22.5025 22.5025 22.5025 22.5025 22.5025 19.5340 19.5340 19.5340 19.5340 19.5340 19.5340 19.5340 16.9764 61.0247 61.0247 61.4808 23.3375 
