ExternalI = 5.5000 0.0000 0.0000 0.0000 0.0000 0.0000 0.0000 0.0000 4.0000 4.0000 4.0000 4.0000 4.0000 4.0000 4.0000 0.0000 0.0000 0.0000 0.0000 0.0000 0.0000 0.0000 0.0000 8.0000 8.0000 0.0000 0.0000 
before u = 8.6518 8.5610 8.5610 8.5610 8.5610 8.5610 8.5610 8.5610 8.5166 8.5166 8.5166 8.5166 8.5166 8.5166 8.5166 8.4707 8.4707 8.4707 8.4707 8.4707 8.4707 8.4707 8.4297 10.6218 10.6218 11.2930 9.3846 
before v = 32.7324 25.5441 25.5441 25.5441 25.5441 25.5441 25.5441 25.5441 22.5025 22.5025 22.5025 22.5025 22.5025 22.5025 22.5025 19.5340 19.5340 19.5340 19.5340 19.5340 19.5340 19.5340 16.9764 61.0247 61.0247 61.4808 23.3375 
Ibias = 9.4000 9.4000 9.4000 9.4000 9.4000 9.4000 9.4000 9.4000 2.0000 2.0000 2.0000 2.0000 2.0000 2.0000 2.0000 2.0000 2.0000 2.0000 2.0000 2.0000 2.0000 2.0000 -2.0000 16.0000 16.0000 10.0000 -11.0000 
fa1 = 0.9074 0.3067 0.3067 0.3067 0.3067 0.3067 0.3067 0.3067 0.2304 0.2304 0.2304 0.2304 0.2304 0.2304 0.2304 0.1904 0.1904 0.1904 0.1904 0.1904 0.1904 0.1904 0.1690 40.8209 40.8209 25.4602 2.9078 
fa2 = 0.9067 0.3065 0.3065 0.3065 0.3065 0.3065 0.3065 0.3065 0.2303 0.2303 0.2303 0.2303 0.2303 0.2303 0.2303 0.1903 0.1903 0.1903 0.1903 0.1903 0.1903 0.1903 0.1689 41.2065 41.2065 25.7050 2.8918 
fa3 = 0.9067 0.3065 0.3065 0.3065 0.3065 0.3065 0.3065 0.3065 0.2303 0.2303 0.2303 0.2303 0.2303 0.2303 0.2303 0.1903 0.1903 0.1903 0.1903 0.1903 0.1903 0.1903 0.1689 41.2101 41.2101 25.7074 2.8919 
fa4 = 0.9061 0.3062 0.3062 0.3062 0.3062 0.3062 0.3062 0.3062 0.2302 0.2302 0.2302 0.2302 0.2302 0.2302 0.2302 0.1903 0.1903 0.1903 0.1903 0.1903 0.1903 0.1903 0.1689 41.6029 41.6029 25.9558 2.8760 
fb1 = -0.2151 -0.2403 -0.2403 -0.2403 -0.2403 -0.2403 -0.2403 -0.2403 -0.2507 -0.2507 -0.2507 -0.2507 -0.2507 -0.2507 -0.2507 -0.2607 -0.2607 -0.2607 -0.2607 -0.2607 -0.2607 -0.2607 -0.2693 0.0317 0.0317 0.0201 -0.0943 
fb2 = -0.2151 -0.2402 -0.2402 -0.2402 -0.2402 -0.2402 -0.2402 -0.2402 -0.2506 -0.2506 -0.2506 -0.2506 -0.2506 -0.2506 -0.2506 -0.2606 -0.2606 -0.2606 -0.2606 -0.2606 -0.2606 -0.2606 -0.2692 0.0325 0.0325 0.0206 -0.0943 
fb3 = -0.2151 -0.2402 -0.2402 -0.2402 -0.2402 -0.2402 -0.2402 -0.2402 -0.2506 -0.2506 -0.2506 -0.2506 -0.2506 -0.2506 -0.2506 -0.2606 -0.2606 -0.2606 -0.2606 -0.2606 -0.2606 -0.2606 -0.2692 0.0325 0.0325 0.0206 -0.0943 
fb4 = -0.2150 -0.2402 -0.2402 -0.2402 -0.2402 -0.2402 -0.2402 -0.2402 -0.2505 -0.2505 -0.2505 -0.2505 -0.2505 -0.2505 -0.2505 -0.2606 -0.2606 -0.2606 -0.2606 -0.2606 -0.2606 -0.2606 -0.2692 0.0333 0.0333 0.0211 -0.0942 
I = 14.9000 9.4000 9.4000 9.4000 9.4000 9.4000 9.4000 9.4000 6.0000 6.0000 6.0000 6.0000 6.0000 6.0000 6.0000 2.0000 2.0000 2.0000 2.0000 2.0000 2.0000 2.0000 -2.0000 25.5563 25.5563 10.0000 0.5194 
S1 = 0.0000 0.0000 0.0000 0.0000 0.0000 0.0000 0.0000 0.0000 0.0000 0.0000 0.0000 0.0000 0.0000 0.0000 0.0000 0.0000 0.0000 0.0000 0.0000 0.0000 0.0000 0.0000 0.0000 0.0000 0.0000 0.0000 0.0000 
S2 = 0.0000 0.0000 0.0000 0.0000 0.0000 0.0000 0.0000 0.0000 0.0000 0.0000 0.0000 0.0000 0.0000 0.0000 0.0000 0.0000 0.0000 0.0000 0.0000 0.0000 0.0000 0.0000 0.0000 1.5563 1.5563 0.0000 11.5194 
u = 8.6497 8.5586 8.5586 8.5586 8.5586 8.5586 8.5586 8.5586 8.5141 8.5141 8.5141 8.5141 8.5141 8.5141 8.5141 8.4681 8.4681 8.4681 8.4681 8.4681 8.4681 8.4681 8.4270 10.6222 10.6222 11.2932 9.3836 
v = 32.7415 25.5472 25.5472 25.5472 25.5472 25.5472 25.5472 25.5472 22.5048 22.5048 22.5048 22.5048 22.5048 22.5048 22.5048 19.5359 19.5359 19.5359 19.5359 19.5359 19.5359 19.5359 16.9781 61.4368 61.4368 61.7379 23.3664 
