ExternalI = 5.5000 0.0000 0.0000 0.0000 0.0000 0.0000 0.0000 0.0000 4.0000 4.0000 4.0000 4.0000 4.0000 4.0000 4.0000 0.0000 0.0000 0.0000 0.0000 0.0000 0.0000 0.0000 0.0000 8.0000 8.0000 0.0000 0.0000 
before u = 8.6497 8.5586 8.5586 8.5586 8.5586 8.5586 8.5586 8.5586 8.5141 8.5141 8.5141 8.5141 8.5141 8.5141 8.5141 8.4681 8.4681 8.4681 8.4681 8.4681 8.4681 8.4681 8.4270 10.6222 10.6222 11.2932 9.3836 
before v = 32.7415 25.5472 25.5472 25.5472 25.5472 25.5472 25.5472 25.5472 22.5048 22.5048 22.5048 22.5048 22.5048 22.5048 22.5048 19.5359 19.5359 19.5359 19.5359 19.5359 19.5359 19.5359 16.9781 61.4368 61.4368 61.7379 23.3664 
Ibias = 9.4000 9.4000 9.4000 9.4000 9.4000 9.4000 9.4000 9.4000 2.0000 2.0000 2.0000 2.0000 2.0000 2.0000 2.0000 2.0000 2.0000 2.0000 2.0000 2.0000 2.0000 2.0000 -2.0000 16.0000 16.0000 10.0000 -11.0000 
fa1 = 0.9061 0.3062 0.3062 0.3062 0.3062 0.3062 0.3062 0.3062 0.2302 0.2302 0.2302 0.2302 0.2302 0.2302 0.2302 0.1903 0.1903 0.1903 0.1903 0.1903 0.1903 0.1903 0.1689 41.5998 41.5998 25.9558 2.8530 
fa2 = 0.9054 0.3059 0.3059 0.3059 0.3059 0.3059 0.3059 0.3059 0.2300 0.2300 0.2300 0.2300 0.2300 0.2300 0.2300 0.1902 0.1902 0.1902 0.1902 0.1902 0.1902 0.1902 0.1689 41.9996 41.9996 26.2081 2.8373 
fa3 = 0.9054 0.3059 0.3059 0.3059 0.3059 0.3059 0.3059 0.3059 0.2300 0.2300 0.2300 0.2300 0.2300 0.2300 0.2300 0.1902 0.1902 0.1902 0.1902 0.1902 0.1902 0.1902 0.1689 42.0035 42.0035 26.2105 2.8374 
fa4 = 0.9048 0.3057 0.3057 0.3057 0.3057 0.3057 0.3057 0.3057 0.2299 0.2299 0.2299 0.2299 0.2299 0.2299 0.2299 0.1901 0.1901 0.1901 0.1901 0.1901 0.1901 0.1901 0.1688 42.4108 42.4108 26.4666 2.8219 
fb1 = -0.2150 -0.2402 -0.2402 -0.2402 -0.2402 -0.2402 -0.2402 -0.2402 -0.2505 -0.2505 -0.2505 -0.2505 -0.2505 -0.2505 -0.2505 -0.2606 -0.2606 -0.2606 -0.2606 -0.2606 -0.2606 -0.2606 -0.2692 0.0333 0.0333 0.0211 -0.0942 
fb2 = -0.2150 -0.2401 -0.2401 -0.2401 -0.2401 -0.2401 -0.2401 -0.2401 -0.2505 -0.2505 -0.2505 -0.2505 -0.2505 -0.2505 -0.2505 -0.2605 -0.2605 -0.2605 -0.2605 -0.2605 -0.2605 -0.2605 -0.2691 0.0341 0.0341 0.0216 -0.0941 
fb3 = -0.2150 -0.2401 -0.2401 -0.2401 -0.2401 -0.2401 -0.2401 -0.2401 -0.2505 -0.2505 -0.2505 -0.2505 -0.2505 -0.2505 -0.2505 -0.2605 -0.2605 -0.2605 -0.2605 -0.2605 -0.2605 -0.2605 -0.2691 0.0341 0.0341 0.0216 -0.0941 
fb4 = -0.2149 -0.2400 -0.2400 -0.2400 -0.2400 -0.2400 -0.2400 -0.2400 -0.2504 -0.2504 -0.2504 -0.2504 -0.2504 -0.2504 -0.2504 -0.2605 -0.2605 -0.2605 -0.2605 -0.2605 -0.2605 -0.2605 -0.2691 0.0350 0.0350 0.0221 -0.0941 
I = 14.9000 9.4000 9.4000 9.4000 9.4000 9.4000 9.4000 9.4000 6.0000 6.0000 6.0000 6.0000 6.0000 6.0000 6.0000 2.0000 2.0000 2.0000 2.0000 2.0000 2.0000 2.0000 -2.0000 25.5532 25.5532 10.0000 0.4963 
S1 = 0.0000 0.0000 0.0000 0.0000 0.0000 0.0000 0.0000 0.0000 0.0000 0.0000 0.0000 0.0000 0.0000 0.0000 0.0000 0.0000 0.0000 0.0000 0.0000 0.0000 0.0000 0.0000 0.0000 0.0000 0.0000 0.0000 0.0000 
S2 = 0.0000 0.0000 0.0000 0.0000 0.0000 0.0000 0.0000 0.0000 0.0000 0.0000 0.0000 0.0000 0.0000 0.0000 0.0000 0.0000 0.0000 0.0000 0.0000 0.0000 0.0000 0.0000 0.0000 1.5532 1.5532 0.0000 11.4963 
u = 8.6475 8.5562 8.5562 8.5562 8.5562 8.5562 8.5562 8.5562 8.5116 8.5116 8.5116 8.5116 8.5116 8.5116 8.5116 8.4655 8.4655 8.4655 8.4655 8.4655 8.4655 8.4655 8.4243 10.6225 10.6225 11.2934 9.3827 
v = 32.7506 25.5502 25.5502 25.5502 25.5502 25.5502 25.5502 25.5502 22.5071 22.5071 22.5071 22.5071 22.5071 22.5071 22.5071 19.5378 19.5378 19.5378 19.5378 19.5378 19.5378 19.5378 16.9798 61.8568 61.8568 62.0000 23.3948 
