ExternalI = 5.5000 0.0000 0.0000 0.0000 0.0000 0.0000 0.0000 0.0000 4.0000 4.0000 4.0000 4.0000 4.0000 4.0000 4.0000 0.0000 0.0000 0.0000 0.0000 0.0000 0.0000 0.0000 0.0000 8.0000 8.0000 0.0000 0.0000 
before u = 8.6475 8.5562 8.5562 8.5562 8.5562 8.5562 8.5562 8.5562 8.5116 8.5116 8.5116 8.5116 8.5116 8.5116 8.5116 8.4655 8.4655 8.4655 8.4655 8.4655 8.4655 8.4655 8.4243 10.6225 10.6225 11.2934 9.3827 
before v = 32.7506 25.5502 25.5502 25.5502 25.5502 25.5502 25.5502 25.5502 22.5071 22.5071 22.5071 22.5071 22.5071 22.5071 22.5071 19.5378 19.5378 19.5378 19.5378 19.5378 19.5378 19.5378 16.9798 61.8568 61.8568 62.0000 23.3948 
Ibias = 9.4000 9.4000 9.4000 9.4000 9.4000 9.4000 9.4000 9.4000 2.0000 2.0000 2.0000 2.0000 2.0000 2.0000 2.0000 2.0000 2.0000 2.0000 2.0000 2.0000 2.0000 2.0000 -2.0000 16.0000 16.0000 10.0000 -11.0000 
fa1 = 0.9048 0.3057 0.3057 0.3057 0.3057 0.3057 0.3057 0.3057 0.2299 0.2299 0.2299 0.2299 0.2299 0.2299 0.2299 0.1901 0.1901 0.1901 0.1901 0.1901 0.1901 0.1901 0.1688 42.4077 42.4077 26.4666 2.7989 
fa2 = 0.9041 0.3054 0.3054 0.3054 0.3054 0.3054 0.3054 0.3054 0.2298 0.2298 0.2298 0.2298 0.2298 0.2298 0.2298 0.1901 0.1901 0.1901 0.1901 0.1901 0.1901 0.1901 0.1688 42.8225 42.8225 26.7266 2.7836 
fa3 = 0.9041 0.3054 0.3054 0.3054 0.3054 0.3054 0.3054 0.3054 0.2298 0.2298 0.2298 0.2298 0.2298 0.2298 0.2298 0.1901 0.1901 0.1901 0.1901 0.1901 0.1901 0.1901 0.1688 42.8266 42.8266 26.7291 2.7837 
fa4 = 0.9035 0.3052 0.3052 0.3052 0.3052 0.3052 0.3052 0.3052 0.2297 0.2297 0.2297 0.2297 0.2297 0.2297 0.2297 0.1900 0.1900 0.1900 0.1900 0.1900 0.1900 0.1900 0.1687 43.2492 43.2492 26.9931 2.7684 
fb1 = -0.2149 -0.2400 -0.2400 -0.2400 -0.2400 -0.2400 -0.2400 -0.2400 -0.2504 -0.2504 -0.2504 -0.2504 -0.2504 -0.2504 -0.2504 -0.2605 -0.2605 -0.2605 -0.2605 -0.2605 -0.2605 -0.2605 -0.2691 0.0350 0.0350 0.0221 -0.0941 
fb2 = -0.2148 -0.2400 -0.2400 -0.2400 -0.2400 -0.2400 -0.2400 -0.2400 -0.2504 -0.2504 -0.2504 -0.2504 -0.2504 -0.2504 -0.2504 -0.2604 -0.2604 -0.2604 -0.2604 -0.2604 -0.2604 -0.2604 -0.2690 0.0358 0.0358 0.0227 -0.0940 
fb3 = -0.2148 -0.2400 -0.2400 -0.2400 -0.2400 -0.2400 -0.2400 -0.2400 -0.2504 -0.2504 -0.2504 -0.2504 -0.2504 -0.2504 -0.2504 -0.2604 -0.2604 -0.2604 -0.2604 -0.2604 -0.2604 -0.2604 -0.2690 0.0358 0.0358 0.0227 -0.0940 
fb4 = -0.2148 -0.2399 -0.2399 -0.2399 -0.2399 -0.2399 -0.2399 -0.2399 -0.2503 -0.2503 -0.2503 -0.2503 -0.2503 -0.2503 -0.2503 -0.2604 -0.2604 -0.2604 -0.2604 -0.2604 -0.2604 -0.2604 -0.2689 0.0367 0.0367 0.0232 -0.0939 
I = 14.9000 9.4000 9.4000 9.4000 9.4000 9.4000 9.4000 9.4000 6.0000 6.0000 6.0000 6.0000 6.0000 6.0000 6.0000 2.0000 2.0000 2.0000 2.0000 2.0000 2.0000 2.0000 -2.0000 25.5501 25.5501 10.0000 0.4733 
S1 = 0.0000 0.0000 0.0000 0.0000 0.0000 0.0000 0.0000 0.0000 0.0000 0.0000 0.0000 0.0000 0.0000 0.0000 0.0000 0.0000 0.0000 0.0000 0.0000 0.0000 0.0000 0.0000 0.0000 0.0000 0.0000 0.0000 0.0000 
S2 = 0.0000 0.0000 0.0000 0.0000 0.0000 0.0000 0.0000 0.0000 0.0000 0.0000 0.0000 0.0000 0.0000 0.0000 0.0000 0.0000 0.0000 0.0000 0.0000 0.0000 0.0000 0.0000 0.0000 1.5501 1.5501 0.0000 11.4733 
u = 8.6454 8.5538 8.5538 8.5538 8.5538 8.5538 8.5538 8.5538 8.5091 8.5091 8.5091 8.5091 8.5091 8.5091 8.5091 8.4629 8.4629 8.4629 8.4629 8.4629 8.4629 8.4629 8.4216 10.6229 10.6229 11.2937 9.3818 
v = 32.7596 25.5533 25.5533 25.5533 25.5533 25.5533 25.5533 25.5533 22.5094 22.5094 22.5094 22.5094 22.5094 22.5094 22.5094 19.5397 19.5397 19.5397 19.5397 19.5397 19.5397 19.5397 16.9815 62.2851 62.2851 62.2673 23.4226 
