ExternalI = 5.5000 0.0000 0.0000 0.0000 0.0000 0.0000 0.0000 0.0000 4.0000 4.0000 4.0000 4.0000 4.0000 4.0000 4.0000 0.0000 0.0000 0.0000 0.0000 0.0000 0.0000 0.0000 0.0000 8.0000 8.0000 0.0000 0.0000 
before u = 8.6454 8.5538 8.5538 8.5538 8.5538 8.5538 8.5538 8.5538 8.5091 8.5091 8.5091 8.5091 8.5091 8.5091 8.5091 8.4629 8.4629 8.4629 8.4629 8.4629 8.4629 8.4629 8.4216 10.6229 10.6229 11.2937 9.3818 
before v = 32.7596 25.5533 25.5533 25.5533 25.5533 25.5533 25.5533 25.5533 22.5094 22.5094 22.5094 22.5094 22.5094 22.5094 22.5094 19.5397 19.5397 19.5397 19.5397 19.5397 19.5397 19.5397 16.9815 62.2851 62.2851 62.2673 23.4226 
Ibias = 9.4000 9.4000 9.4000 9.4000 9.4000 9.4000 9.4000 9.4000 2.0000 2.0000 2.0000 2.0000 2.0000 2.0000 2.0000 2.0000 2.0000 2.0000 2.0000 2.0000 2.0000 2.0000 -2.0000 16.0000 16.0000 10.0000 -11.0000 
fa1 = 0.9035 0.3052 0.3052 0.3052 0.3052 0.3052 0.3052 0.3052 0.2297 0.2297 0.2297 0.2297 0.2297 0.2297 0.2297 0.1900 0.1900 0.1900 0.1900 0.1900 0.1900 0.1900 0.1687 43.2461 43.2461 26.9931 2.7455 
fa2 = 0.9028 0.3049 0.3049 0.3049 0.3049 0.3049 0.3049 0.3049 0.2295 0.2295 0.2295 0.2295 0.2295 0.2295 0.2295 0.1900 0.1900 0.1900 0.1900 0.1900 0.1900 0.1900 0.1687 43.6765 43.6765 27.2611 2.7305 
fa3 = 0.9028 0.3049 0.3049 0.3049 0.3049 0.3049 0.3049 0.3049 0.2295 0.2295 0.2295 0.2295 0.2295 0.2295 0.2295 0.1900 0.1900 0.1900 0.1900 0.1900 0.1900 0.1900 0.1687 43.6808 43.6808 27.2638 2.7306 
fa4 = 0.9022 0.3046 0.3046 0.3046 0.3046 0.3046 0.3046 0.3046 0.2294 0.2294 0.2294 0.2294 0.2294 0.2294 0.2294 0.1899 0.1899 0.1899 0.1899 0.1899 0.1899 0.1899 0.1687 44.1194 44.1194 27.5360 2.7157 
fb1 = -0.2148 -0.2399 -0.2399 -0.2399 -0.2399 -0.2399 -0.2399 -0.2399 -0.2503 -0.2503 -0.2503 -0.2503 -0.2503 -0.2503 -0.2503 -0.2604 -0.2604 -0.2604 -0.2604 -0.2604 -0.2604 -0.2604 -0.2689 0.0367 0.0367 0.0232 -0.0939 
fb2 = -0.2147 -0.2399 -0.2399 -0.2399 -0.2399 -0.2399 -0.2399 -0.2399 -0.2503 -0.2503 -0.2503 -0.2503 -0.2503 -0.2503 -0.2503 -0.2603 -0.2603 -0.2603 -0.2603 -0.2603 -0.2603 -0.2603 -0.2689 0.0375 0.0375 0.0237 -0.0939 
fb3 = -0.2147 -0.2399 -0.2399 -0.2399 -0.2399 -0.2399 -0.2399 -0.2399 -0.2503 -0.2503 -0.2503 -0.2503 -0.2503 -0.2503 -0.2503 -0.2603 -0.2603 -0.2603 -0.2603 -0.2603 -0.2603 -0.2603 -0.2689 0.0376 0.0376 0.0237 -0.0939 
fb4 = -0.2147 -0.2398 -0.2398 -0.2398 -0.2398 -0.2398 -0.2398 -0.2398 -0.2502 -0.2502 -0.2502 -0.2502 -0.2502 -0.2502 -0.2502 -0.2602 -0.2602 -0.2602 -0.2602 -0.2602 -0.2602 -0.2602 -0.2688 0.0384 0.0384 0.0243 -0.0938 
I = 14.9000 9.4000 9.4000 9.4000 9.4000 9.4000 9.4000 9.4000 6.0000 6.0000 6.0000 6.0000 6.0000 6.0000 6.0000 2.0000 2.0000 2.0000 2.0000 2.0000 2.0000 2.0000 -2.0000 25.5470 25.5470 10.0000 0.4504 
S1 = 0.0000 0.0000 0.0000 0.0000 0.0000 0.0000 0.0000 0.0000 0.0000 0.0000 0.0000 0.0000 0.0000 0.0000 0.0000 0.0000 0.0000 0.0000 0.0000 0.0000 0.0000 0.0000 0.0000 0.0000 0.0000 0.0000 0.0000 
S2 = 0.0000 0.0000 0.0000 0.0000 0.0000 0.0000 0.0000 0.0000 0.0000 0.0000 0.0000 0.0000 0.0000 0.0000 0.0000 0.0000 0.0000 0.0000 0.0000 0.0000 0.0000 0.0000 0.0000 1.5470 1.5470 0.0000 11.4504 
u = 8.6432 8.5514 8.5514 8.5514 8.5514 8.5514 8.5514 8.5514 8.5066 8.5066 8.5066 8.5066 8.5066 8.5066 8.5066 8.4603 8.4603 8.4603 8.4603 8.4603 8.4603 8.4603 8.4189 10.6232 10.6232 11.2939 9.3808 
v = 32.7686 25.5563 25.5563 25.5563 25.5563 25.5563 25.5563 25.5563 22.5117 22.5117 22.5117 22.5117 22.5117 22.5117 22.5117 19.5416 19.5416 19.5416 19.5416 19.5416 19.5416 19.5416 16.9832 62.7219 62.7219 62.5399 23.4499 
