ExternalI = 5.5000 0.0000 0.0000 0.0000 0.0000 0.0000 0.0000 0.0000 4.0000 4.0000 4.0000 4.0000 4.0000 4.0000 4.0000 0.0000 0.0000 0.0000 0.0000 0.0000 0.0000 0.0000 0.0000 8.0000 8.0000 0.0000 0.0000 
before u = 8.6432 8.5514 8.5514 8.5514 8.5514 8.5514 8.5514 8.5514 8.5066 8.5066 8.5066 8.5066 8.5066 8.5066 8.5066 8.4603 8.4603 8.4603 8.4603 8.4603 8.4603 8.4603 8.4189 10.6232 10.6232 11.2939 9.3808 
before v = 32.7686 25.5563 25.5563 25.5563 25.5563 25.5563 25.5563 25.5563 22.5117 22.5117 22.5117 22.5117 22.5117 22.5117 22.5117 19.5416 19.5416 19.5416 19.5416 19.5416 19.5416 19.5416 16.9832 62.7219 62.7219 62.5399 23.4499 
Ibias = 9.4000 9.4000 9.4000 9.4000 9.4000 9.4000 9.4000 9.4000 2.0000 2.0000 2.0000 2.0000 2.0000 2.0000 2.0000 2.0000 2.0000 2.0000 2.0000 2.0000 2.0000 2.0000 -2.0000 16.0000 16.0000 10.0000 -11.0000 
fa1 = 0.9022 0.3046 0.3046 0.3046 0.3046 0.3046 0.3046 0.3046 0.2294 0.2294 0.2294 0.2294 0.2294 0.2294 0.2294 0.1899 0.1899 0.1899 0.1899 0.1899 0.1899 0.1899 0.1687 44.1163 44.1163 27.5360 2.6928 
fa2 = 0.9016 0.3044 0.3044 0.3044 0.3044 0.3044 0.3044 0.3044 0.2293 0.2293 0.2293 0.2293 0.2293 0.2293 0.2293 0.1898 0.1898 0.1898 0.1898 0.1898 0.1898 0.1898 0.1686 44.5631 44.5631 27.8125 2.6782 
fa3 = 0.9016 0.3044 0.3044 0.3044 0.3044 0.3044 0.3044 0.3044 0.2293 0.2293 0.2293 0.2293 0.2293 0.2293 0.2293 0.1898 0.1898 0.1898 0.1898 0.1898 0.1898 0.1898 0.1686 44.5677 44.5677 27.8152 2.6782 
fa4 = 0.9009 0.3041 0.3041 0.3041 0.3041 0.3041 0.3041 0.3041 0.2292 0.2292 0.2292 0.2292 0.2292 0.2292 0.2292 0.1898 0.1898 0.1898 0.1898 0.1898 0.1898 0.1898 0.1686 45.0231 45.0231 28.0961 2.6637 
fb1 = -0.2147 -0.2398 -0.2398 -0.2398 -0.2398 -0.2398 -0.2398 -0.2398 -0.2502 -0.2502 -0.2502 -0.2502 -0.2502 -0.2502 -0.2502 -0.2602 -0.2602 -0.2602 -0.2602 -0.2602 -0.2602 -0.2602 -0.2688 0.0384 0.0384 0.0243 -0.0938 
fb2 = -0.2146 -0.2398 -0.2398 -0.2398 -0.2398 -0.2398 -0.2398 -0.2398 -0.2502 -0.2502 -0.2502 -0.2502 -0.2502 -0.2502 -0.2502 -0.2602 -0.2602 -0.2602 -0.2602 -0.2602 -0.2602 -0.2602 -0.2688 0.0393 0.0393 0.0248 -0.0938 
fb3 = -0.2146 -0.2398 -0.2398 -0.2398 -0.2398 -0.2398 -0.2398 -0.2398 -0.2502 -0.2502 -0.2502 -0.2502 -0.2502 -0.2502 -0.2502 -0.2602 -0.2602 -0.2602 -0.2602 -0.2602 -0.2602 -0.2602 -0.2688 0.0393 0.0393 0.0248 -0.0938 
fb4 = -0.2145 -0.2397 -0.2397 -0.2397 -0.2397 -0.2397 -0.2397 -0.2397 -0.2501 -0.2501 -0.2501 -0.2501 -0.2501 -0.2501 -0.2501 -0.2601 -0.2601 -0.2601 -0.2601 -0.2601 -0.2601 -0.2601 -0.2687 0.0402 0.0402 0.0254 -0.0937 
I = 14.9000 9.4000 9.4000 9.4000 9.4000 9.4000 9.4000 9.4000 6.0000 6.0000 6.0000 6.0000 6.0000 6.0000 6.0000 2.0000 2.0000 2.0000 2.0000 2.0000 2.0000 2.0000 -2.0000 25.5439 25.5439 10.0000 0.4275 
S1 = 0.0000 0.0000 0.0000 0.0000 0.0000 0.0000 0.0000 0.0000 0.0000 0.0000 0.0000 0.0000 0.0000 0.0000 0.0000 0.0000 0.0000 0.0000 0.0000 0.0000 0.0000 0.0000 0.0000 0.0000 0.0000 0.0000 0.0000 
S2 = 0.0000 0.0000 0.0000 0.0000 0.0000 0.0000 0.0000 0.0000 0.0000 0.0000 0.0000 0.0000 0.0000 0.0000 0.0000 0.0000 0.0000 0.0000 0.0000 0.0000 0.0000 0.0000 0.0000 1.5439 1.5439 0.0000 11.4275 
u = 8.6411 8.5490 8.5490 8.5490 8.5490 8.5490 8.5490 8.5490 8.5041 8.5041 8.5041 8.5041 8.5041 8.5041 8.5041 8.4577 8.4577 8.4577 8.4577 8.4577 8.4577 8.4577 8.4163 10.6236 10.6236 11.2941 9.3799 
v = 32.7776 25.5594 25.5594 25.5594 25.5594 25.5594 25.5594 25.5594 22.5140 22.5140 22.5140 22.5140 22.5140 22.5140 22.5140 19.5435 19.5435 19.5435 19.5435 19.5435 19.5435 19.5435 16.9849 63.1675 63.1675 62.8181 23.4767 
