ExternalI = 5.5000 0.0000 0.0000 0.0000 0.0000 0.0000 0.0000 0.0000 4.0000 4.0000 4.0000 4.0000 4.0000 4.0000 4.0000 0.0000 0.0000 0.0000 0.0000 0.0000 0.0000 0.0000 0.0000 8.0000 8.0000 0.0000 0.0000 
before u = 8.6411 8.5490 8.5490 8.5490 8.5490 8.5490 8.5490 8.5490 8.5041 8.5041 8.5041 8.5041 8.5041 8.5041 8.5041 8.4577 8.4577 8.4577 8.4577 8.4577 8.4577 8.4577 8.4163 10.6236 10.6236 11.2941 9.3799 
before v = 32.7776 25.5594 25.5594 25.5594 25.5594 25.5594 25.5594 25.5594 22.5140 22.5140 22.5140 22.5140 22.5140 22.5140 22.5140 19.5435 19.5435 19.5435 19.5435 19.5435 19.5435 19.5435 16.9849 63.1675 63.1675 62.8181 23.4767 
Ibias = 9.4000 9.4000 9.4000 9.4000 9.4000 9.4000 9.4000 9.4000 2.0000 2.0000 2.0000 2.0000 2.0000 2.0000 2.0000 2.0000 2.0000 2.0000 2.0000 2.0000 2.0000 2.0000 -2.0000 16.0000 16.0000 10.0000 -11.0000 
fa1 = 0.9009 0.3041 0.3041 0.3041 0.3041 0.3041 0.3041 0.3041 0.2292 0.2292 0.2292 0.2292 0.2292 0.2292 0.2292 0.1898 0.1898 0.1898 0.1898 0.1898 0.1898 0.1898 0.1686 45.0200 45.0200 28.0960 2.6408 
fa2 = 0.9003 0.3039 0.3039 0.3039 0.3039 0.3039 0.3039 0.3039 0.2290 0.2290 0.2290 0.2290 0.2290 0.2290 0.2290 0.1897 0.1897 0.1897 0.1897 0.1897 0.1897 0.1897 0.1685 45.4841 45.4841 28.3812 2.6265 
fa3 = 0.9003 0.3039 0.3039 0.3039 0.3039 0.3039 0.3039 0.3039 0.2290 0.2290 0.2290 0.2290 0.2290 0.2290 0.2290 0.1897 0.1897 0.1897 0.1897 0.1897 0.1897 0.1897 0.1685 45.4889 45.4889 28.3841 2.6266 
fa4 = 0.8997 0.3036 0.3036 0.3036 0.3036 0.3036 0.3036 0.3036 0.2289 0.2289 0.2289 0.2289 0.2289 0.2289 0.2289 0.1896 0.1896 0.1896 0.1896 0.1896 0.1896 0.1896 0.1685 45.9620 45.9620 28.6739 2.6123 
fb1 = -0.2145 -0.2397 -0.2397 -0.2397 -0.2397 -0.2397 -0.2397 -0.2397 -0.2501 -0.2501 -0.2501 -0.2501 -0.2501 -0.2501 -0.2501 -0.2601 -0.2601 -0.2601 -0.2601 -0.2601 -0.2601 -0.2601 -0.2687 0.0402 0.0402 0.0254 -0.0937 
fb2 = -0.2145 -0.2397 -0.2397 -0.2397 -0.2397 -0.2397 -0.2397 -0.2397 -0.2501 -0.2501 -0.2501 -0.2501 -0.2501 -0.2501 -0.2501 -0.2601 -0.2601 -0.2601 -0.2601 -0.2601 -0.2601 -0.2601 -0.2687 0.0411 0.0411 0.0259 -0.0936 
fb3 = -0.2145 -0.2397 -0.2397 -0.2397 -0.2397 -0.2397 -0.2397 -0.2397 -0.2501 -0.2501 -0.2501 -0.2501 -0.2501 -0.2501 -0.2501 -0.2601 -0.2601 -0.2601 -0.2601 -0.2601 -0.2601 -0.2601 -0.2687 0.0411 0.0411 0.0260 -0.0936 
fb4 = -0.2144 -0.2396 -0.2396 -0.2396 -0.2396 -0.2396 -0.2396 -0.2396 -0.2500 -0.2500 -0.2500 -0.2500 -0.2500 -0.2500 -0.2500 -0.2600 -0.2600 -0.2600 -0.2600 -0.2600 -0.2600 -0.2600 -0.2686 0.0420 0.0420 0.0265 -0.0936 
I = 14.9000 9.4000 9.4000 9.4000 9.4000 9.4000 9.4000 9.4000 6.0000 6.0000 6.0000 6.0000 6.0000 6.0000 6.0000 2.0000 2.0000 2.0000 2.0000 2.0000 2.0000 2.0000 -2.0000 25.5408 25.5408 10.0000 0.4046 
S1 = 0.0000 0.0000 0.0000 0.0000 0.0000 0.0000 0.0000 0.0000 0.0000 0.0000 0.0000 0.0000 0.0000 0.0000 0.0000 0.0000 0.0000 0.0000 0.0000 0.0000 0.0000 0.0000 0.0000 0.0000 0.0000 0.0000 0.0000 
S2 = 0.0000 0.0000 0.0000 0.0000 0.0000 0.0000 0.0000 0.0000 0.0000 0.0000 0.0000 0.0000 0.0000 0.0000 0.0000 0.0000 0.0000 0.0000 0.0000 0.0000 0.0000 0.0000 0.0000 1.5408 1.5408 0.0000 11.4046 
u = 8.6389 8.5466 8.5466 8.5466 8.5466 8.5466 8.5466 8.5466 8.5016 8.5016 8.5016 8.5016 8.5016 8.5016 8.5016 8.4551 8.4551 8.4551 8.4551 8.4551 8.4551 8.4551 8.4136 10.6240 10.6240 11.2944 9.3790 
v = 32.7866 25.5624 25.5624 25.5624 25.5624 25.5624 25.5624 25.5624 22.5163 22.5163 22.5163 22.5163 22.5163 22.5163 22.5163 19.5454 19.5454 19.5454 19.5454 19.5454 19.5454 19.5454 16.9865 63.6224 63.6224 63.1019 23.5030 
