ExternalI = 5.5000 0.0000 0.0000 0.0000 0.0000 0.0000 0.0000 0.0000 4.0000 4.0000 4.0000 4.0000 4.0000 4.0000 4.0000 0.0000 0.0000 0.0000 0.0000 0.0000 0.0000 0.0000 0.0000 8.0000 8.0000 0.0000 0.0000 
before u = 8.6389 8.5466 8.5466 8.5466 8.5466 8.5466 8.5466 8.5466 8.5016 8.5016 8.5016 8.5016 8.5016 8.5016 8.5016 8.4551 8.4551 8.4551 8.4551 8.4551 8.4551 8.4551 8.4136 10.6240 10.6240 11.2944 9.3790 
before v = 32.7866 25.5624 25.5624 25.5624 25.5624 25.5624 25.5624 25.5624 22.5163 22.5163 22.5163 22.5163 22.5163 22.5163 22.5163 19.5454 19.5454 19.5454 19.5454 19.5454 19.5454 19.5454 16.9865 63.6224 63.6224 63.1019 23.5030 
Ibias = 9.4000 9.4000 9.4000 9.4000 9.4000 9.4000 9.4000 9.4000 2.0000 2.0000 2.0000 2.0000 2.0000 2.0000 2.0000 2.0000 2.0000 2.0000 2.0000 2.0000 2.0000 2.0000 -2.0000 16.0000 16.0000 10.0000 -11.0000 
fa1 = 0.8997 0.3036 0.3036 0.3036 0.3036 0.3036 0.3036 0.3036 0.2289 0.2289 0.2289 0.2289 0.2289 0.2289 0.2289 0.1896 0.1896 0.1896 0.1896 0.1896 0.1896 0.1896 0.1685 45.9589 45.9589 28.6739 2.5895 
fa2 = 0.8991 0.3034 0.3034 0.3034 0.3034 0.3034 0.3034 0.3034 0.2288 0.2288 0.2288 0.2288 0.2288 0.2288 0.2288 0.1896 0.1896 0.1896 0.1896 0.1896 0.1896 0.1896 0.1685 46.4410 46.4410 28.9682 2.5755 
fa3 = 0.8991 0.3034 0.3034 0.3034 0.3034 0.3034 0.3034 0.3034 0.2288 0.2288 0.2288 0.2288 0.2288 0.2288 0.2288 0.1896 0.1896 0.1896 0.1896 0.1896 0.1896 0.1896 0.1685 46.4461 46.4461 28.9713 2.5756 
fa4 = 0.8984 0.3031 0.3031 0.3031 0.3031 0.3031 0.3031 0.3031 0.2287 0.2287 0.2287 0.2287 0.2287 0.2287 0.2287 0.1895 0.1895 0.1895 0.1895 0.1895 0.1895 0.1895 0.1684 46.9377 46.9377 29.2704 2.5616 
fb1 = -0.2144 -0.2396 -0.2396 -0.2396 -0.2396 -0.2396 -0.2396 -0.2396 -0.2500 -0.2500 -0.2500 -0.2500 -0.2500 -0.2500 -0.2500 -0.2600 -0.2600 -0.2600 -0.2600 -0.2600 -0.2600 -0.2600 -0.2686 0.0420 0.0420 0.0265 -0.0936 
fb2 = -0.2144 -0.2396 -0.2396 -0.2396 -0.2396 -0.2396 -0.2396 -0.2396 -0.2499 -0.2499 -0.2499 -0.2499 -0.2499 -0.2499 -0.2499 -0.2600 -0.2600 -0.2600 -0.2600 -0.2600 -0.2600 -0.2600 -0.2685 0.0429 0.0429 0.0271 -0.0935 
fb3 = -0.2144 -0.2396 -0.2396 -0.2396 -0.2396 -0.2396 -0.2396 -0.2396 -0.2499 -0.2499 -0.2499 -0.2499 -0.2499 -0.2499 -0.2499 -0.2600 -0.2600 -0.2600 -0.2600 -0.2600 -0.2600 -0.2600 -0.2685 0.0429 0.0429 0.0271 -0.0935 
fb4 = -0.2143 -0.2395 -0.2395 -0.2395 -0.2395 -0.2395 -0.2395 -0.2395 -0.2499 -0.2499 -0.2499 -0.2499 -0.2499 -0.2499 -0.2499 -0.2599 -0.2599 -0.2599 -0.2599 -0.2599 -0.2599 -0.2599 -0.2685 0.0439 0.0439 0.0277 -0.0934 
I = 14.9000 9.4000 9.4000 9.4000 9.4000 9.4000 9.4000 9.4000 6.0000 6.0000 6.0000 6.0000 6.0000 6.0000 6.0000 2.0000 2.0000 2.0000 2.0000 2.0000 2.0000 2.0000 -2.0000 25.5377 25.5377 10.0000 0.3818 
S1 = 0.0000 0.0000 0.0000 0.0000 0.0000 0.0000 0.0000 0.0000 0.0000 0.0000 0.0000 0.0000 0.0000 0.0000 0.0000 0.0000 0.0000 0.0000 0.0000 0.0000 0.0000 0.0000 0.0000 0.0000 0.0000 0.0000 0.0000 
S2 = 0.0000 0.0000 0.0000 0.0000 0.0000 0.0000 0.0000 0.0000 0.0000 0.0000 0.0000 0.0000 0.0000 0.0000 0.0000 0.0000 0.0000 0.0000 0.0000 0.0000 0.0000 0.0000 0.0000 1.5377 1.5377 0.0000 11.3818 
u = 8.6368 8.5442 8.5442 8.5442 8.5442 8.5442 8.5442 8.5442 8.4991 8.4991 8.4991 8.4991 8.4991 8.4991 8.4991 8.4525 8.4525 8.4525 8.4525 8.4525 8.4525 8.4525 8.4109 10.6245 10.6245 11.2947 9.3780 
v = 32.7956 25.5654 25.5654 25.5654 25.5654 25.5654 25.5654 25.5654 22.5186 22.5186 22.5186 22.5186 22.5186 22.5186 22.5186 19.5473 19.5473 19.5473 19.5473 19.5473 19.5473 19.5473 16.9882 64.0869 64.0869 63.3916 23.5287 
