ExternalI = 5.5000 0.0000 0.0000 0.0000 0.0000 0.0000 0.0000 0.0000 4.0000 4.0000 4.0000 4.0000 4.0000 4.0000 4.0000 0.0000 0.0000 0.0000 0.0000 0.0000 0.0000 0.0000 0.0000 8.0000 8.0000 0.0000 0.0000 
before u = 8.6368 8.5442 8.5442 8.5442 8.5442 8.5442 8.5442 8.5442 8.4991 8.4991 8.4991 8.4991 8.4991 8.4991 8.4991 8.4525 8.4525 8.4525 8.4525 8.4525 8.4525 8.4525 8.4109 10.6245 10.6245 11.2947 9.3780 
before v = 32.7956 25.5654 25.5654 25.5654 25.5654 25.5654 25.5654 25.5654 22.5186 22.5186 22.5186 22.5186 22.5186 22.5186 22.5186 19.5473 19.5473 19.5473 19.5473 19.5473 19.5473 19.5473 16.9882 64.0869 64.0869 63.3916 23.5287 
Ibias = 9.4000 9.4000 9.4000 9.4000 9.4000 9.4000 9.4000 9.4000 2.0000 2.0000 2.0000 2.0000 2.0000 2.0000 2.0000 2.0000 2.0000 2.0000 2.0000 2.0000 2.0000 2.0000 -2.0000 16.0000 16.0000 10.0000 -11.0000 
fa1 = 0.8984 0.3031 0.3031 0.3031 0.3031 0.3031 0.3031 0.3031 0.2287 0.2287 0.2287 0.2287 0.2287 0.2287 0.2287 0.1895 0.1895 0.1895 0.1895 0.1895 0.1895 0.1895 0.1684 46.9346 46.9346 29.2704 2.5389 
fa2 = 0.8978 0.3029 0.3029 0.3029 0.3029 0.3029 0.3029 0.3029 0.2286 0.2286 0.2286 0.2286 0.2286 0.2286 0.2286 0.1895 0.1895 0.1895 0.1895 0.1895 0.1895 0.1895 0.1684 47.4357 47.4357 29.5742 2.5252 
fa3 = 0.8978 0.3029 0.3029 0.3029 0.3029 0.3029 0.3029 0.3029 0.2286 0.2286 0.2286 0.2286 0.2286 0.2286 0.2286 0.1895 0.1895 0.1895 0.1895 0.1895 0.1895 0.1895 0.1684 47.4411 47.4411 29.5774 2.5252 
fa4 = 0.8972 0.3026 0.3026 0.3026 0.3026 0.3026 0.3026 0.3026 0.2284 0.2284 0.2284 0.2284 0.2284 0.2284 0.2284 0.1894 0.1894 0.1894 0.1894 0.1894 0.1894 0.1894 0.1683 47.9522 47.9522 29.8862 2.5116 
fb1 = -0.2143 -0.2395 -0.2395 -0.2395 -0.2395 -0.2395 -0.2395 -0.2395 -0.2499 -0.2499 -0.2499 -0.2499 -0.2499 -0.2499 -0.2499 -0.2599 -0.2599 -0.2599 -0.2599 -0.2599 -0.2599 -0.2599 -0.2685 0.0439 0.0439 0.0277 -0.0934 
fb2 = -0.2142 -0.2395 -0.2395 -0.2395 -0.2395 -0.2395 -0.2395 -0.2395 -0.2498 -0.2498 -0.2498 -0.2498 -0.2498 -0.2498 -0.2498 -0.2599 -0.2599 -0.2599 -0.2599 -0.2599 -0.2599 -0.2599 -0.2684 0.0448 0.0448 0.0283 -0.0934 
fb3 = -0.2142 -0.2395 -0.2395 -0.2395 -0.2395 -0.2395 -0.2395 -0.2395 -0.2498 -0.2498 -0.2498 -0.2498 -0.2498 -0.2498 -0.2498 -0.2599 -0.2599 -0.2599 -0.2599 -0.2599 -0.2599 -0.2599 -0.2684 0.0448 0.0448 0.0283 -0.0934 
fb4 = -0.2142 -0.2394 -0.2394 -0.2394 -0.2394 -0.2394 -0.2394 -0.2394 -0.2498 -0.2498 -0.2498 -0.2498 -0.2498 -0.2498 -0.2498 -0.2598 -0.2598 -0.2598 -0.2598 -0.2598 -0.2598 -0.2598 -0.2684 0.0457 0.0457 0.0289 -0.0933 
I = 14.9000 9.4000 9.4000 9.4000 9.4000 9.4000 9.4000 9.4000 6.0000 6.0000 6.0000 6.0000 6.0000 6.0000 6.0000 2.0000 2.0000 2.0000 2.0000 2.0000 2.0000 2.0000 -2.0000 25.5346 25.5346 10.0000 0.3590 
S1 = 0.0000 0.0000 0.0000 0.0000 0.0000 0.0000 0.0000 0.0000 0.0000 0.0000 0.0000 0.0000 0.0000 0.0000 0.0000 0.0000 0.0000 0.0000 0.0000 0.0000 0.0000 0.0000 0.0000 0.0000 0.0000 0.0000 0.0000 
S2 = 0.0000 0.0000 0.0000 0.0000 0.0000 0.0000 0.0000 0.0000 0.0000 0.0000 0.0000 0.0000 0.0000 0.0000 0.0000 0.0000 0.0000 0.0000 0.0000 0.0000 0.0000 0.0000 0.0000 1.5346 1.5346 0.0000 11.3590 
u = 8.6347 8.5418 8.5418 8.5418 8.5418 8.5418 8.5418 8.5418 8.4966 8.4966 8.4966 8.4966 8.4966 8.4966 8.4966 8.4499 8.4499 8.4499 8.4499 8.4499 8.4499 8.4499 8.4082 10.6249 10.6249 11.2950 9.3771 
v = 32.8046 25.5685 25.5685 25.5685 25.5685 25.5685 25.5685 25.5685 22.5209 22.5209 22.5209 22.5209 22.5209 22.5209 22.5209 19.5492 19.5492 19.5492 19.5492 19.5492 19.5492 19.5492 16.9899 64.5613 64.5613 63.6874 23.5540 
