ExternalI = 5.5000 0.0000 0.0000 0.0000 0.0000 0.0000 0.0000 0.0000 4.0000 4.0000 4.0000 4.0000 4.0000 4.0000 4.0000 0.0000 0.0000 0.0000 0.0000 0.0000 0.0000 0.0000 0.0000 8.0000 8.0000 0.0000 0.0000 
before u = 8.6347 8.5418 8.5418 8.5418 8.5418 8.5418 8.5418 8.5418 8.4966 8.4966 8.4966 8.4966 8.4966 8.4966 8.4966 8.4499 8.4499 8.4499 8.4499 8.4499 8.4499 8.4499 8.4082 10.6249 10.6249 11.2950 9.3771 
before v = 32.8046 25.5685 25.5685 25.5685 25.5685 25.5685 25.5685 25.5685 22.5209 22.5209 22.5209 22.5209 22.5209 22.5209 22.5209 19.5492 19.5492 19.5492 19.5492 19.5492 19.5492 19.5492 16.9899 64.5613 64.5613 63.6874 23.5540 
Ibias = 9.4000 9.4000 9.4000 9.4000 9.4000 9.4000 9.4000 9.4000 2.0000 2.0000 2.0000 2.0000 2.0000 2.0000 2.0000 2.0000 2.0000 2.0000 2.0000 2.0000 2.0000 2.0000 -2.0000 16.0000 16.0000 10.0000 -11.0000 
fa1 = 0.8972 0.3026 0.3026 0.3026 0.3026 0.3026 0.3026 0.3026 0.2284 0.2284 0.2284 0.2284 0.2284 0.2284 0.2284 0.1894 0.1894 0.1894 0.1894 0.1894 0.1894 0.1894 0.1683 47.9491 47.9491 29.8862 2.4889 
fa2 = 0.8966 0.3024 0.3024 0.3024 0.3024 0.3024 0.3024 0.3024 0.2283 0.2283 0.2283 0.2283 0.2283 0.2283 0.2283 0.1893 0.1893 0.1893 0.1893 0.1893 0.1893 0.1893 0.1683 48.4702 48.4702 30.2000 2.4755 
fa3 = 0.8966 0.3024 0.3024 0.3024 0.3024 0.3024 0.3024 0.3024 0.2283 0.2283 0.2283 0.2283 0.2283 0.2283 0.2283 0.1893 0.1893 0.1893 0.1893 0.1893 0.1893 0.1893 0.1683 48.4759 48.4759 30.2033 2.4755 
fa4 = 0.8960 0.3021 0.3021 0.3021 0.3021 0.3021 0.3021 0.3021 0.2282 0.2282 0.2282 0.2282 0.2282 0.2282 0.2282 0.1893 0.1893 0.1893 0.1893 0.1893 0.1893 0.1893 0.1683 49.0075 49.0075 30.5223 2.4622 
fb1 = -0.2142 -0.2394 -0.2394 -0.2394 -0.2394 -0.2394 -0.2394 -0.2394 -0.2498 -0.2498 -0.2498 -0.2498 -0.2498 -0.2498 -0.2498 -0.2598 -0.2598 -0.2598 -0.2598 -0.2598 -0.2598 -0.2598 -0.2684 0.0457 0.0457 0.0289 -0.0933 
fb2 = -0.2141 -0.2393 -0.2393 -0.2393 -0.2393 -0.2393 -0.2393 -0.2393 -0.2497 -0.2497 -0.2497 -0.2497 -0.2497 -0.2497 -0.2497 -0.2597 -0.2597 -0.2597 -0.2597 -0.2597 -0.2597 -0.2597 -0.2683 0.0467 0.0467 0.0294 -0.0933 
fb3 = -0.2141 -0.2393 -0.2393 -0.2393 -0.2393 -0.2393 -0.2393 -0.2393 -0.2497 -0.2497 -0.2497 -0.2497 -0.2497 -0.2497 -0.2497 -0.2597 -0.2597 -0.2597 -0.2597 -0.2597 -0.2597 -0.2597 -0.2683 0.0467 0.0467 0.0295 -0.0933 
fb4 = -0.2140 -0.2393 -0.2393 -0.2393 -0.2393 -0.2393 -0.2393 -0.2393 -0.2497 -0.2497 -0.2497 -0.2497 -0.2497 -0.2497 -0.2497 -0.2597 -0.2597 -0.2597 -0.2597 -0.2597 -0.2597 -0.2597 -0.2683 0.0477 0.0477 0.0301 -0.0932 
I = 14.9000 9.4000 9.4000 9.4000 9.4000 9.4000 9.4000 9.4000 6.0000 6.0000 6.0000 6.0000 6.0000 6.0000 6.0000 2.0000 2.0000 2.0000 2.0000 2.0000 2.0000 2.0000 -2.0000 25.5315 25.5315 10.0000 0.3363 
S1 = 0.0000 0.0000 0.0000 0.0000 0.0000 0.0000 0.0000 0.0000 0.0000 0.0000 0.0000 0.0000 0.0000 0.0000 0.0000 0.0000 0.0000 0.0000 0.0000 0.0000 0.0000 0.0000 0.0000 0.0000 0.0000 0.0000 0.0000 
S2 = 0.0000 0.0000 0.0000 0.0000 0.0000 0.0000 0.0000 0.0000 0.0000 0.0000 0.0000 0.0000 0.0000 0.0000 0.0000 0.0000 0.0000 0.0000 0.0000 0.0000 0.0000 0.0000 0.0000 1.5315 1.5315 0.0000 11.3363 
u = 8.6325 8.5394 8.5394 8.5394 8.5394 8.5394 8.5394 8.5394 8.4941 8.4941 8.4941 8.4941 8.4941 8.4941 8.4941 8.4473 8.4473 8.4473 8.4473 8.4473 8.4473 8.4473 8.4055 10.6254 10.6254 11.2952 9.3762 
v = 32.8136 25.5715 25.5715 25.5715 25.5715 25.5715 25.5715 25.5715 22.5231 22.5231 22.5231 22.5231 22.5231 22.5231 22.5231 19.5511 19.5511 19.5511 19.5511 19.5511 19.5511 19.5511 16.9916 65.0460 65.0460 63.9894 23.5788 
