ExternalI = 5.5000 0.0000 0.0000 0.0000 0.0000 0.0000 0.0000 0.0000 4.0000 4.0000 4.0000 4.0000 4.0000 4.0000 4.0000 0.0000 0.0000 0.0000 0.0000 0.0000 0.0000 0.0000 0.0000 8.0000 8.0000 0.0000 0.0000 
before u = 8.6325 8.5394 8.5394 8.5394 8.5394 8.5394 8.5394 8.5394 8.4941 8.4941 8.4941 8.4941 8.4941 8.4941 8.4941 8.4473 8.4473 8.4473 8.4473 8.4473 8.4473 8.4473 8.4055 10.6254 10.6254 11.2952 9.3762 
before v = 32.8136 25.5715 25.5715 25.5715 25.5715 25.5715 25.5715 25.5715 22.5231 22.5231 22.5231 22.5231 22.5231 22.5231 22.5231 19.5511 19.5511 19.5511 19.5511 19.5511 19.5511 19.5511 16.9916 65.0460 65.0460 63.9894 23.5788 
Ibias = 9.4000 9.4000 9.4000 9.4000 9.4000 9.4000 9.4000 9.4000 2.0000 2.0000 2.0000 2.0000 2.0000 2.0000 2.0000 2.0000 2.0000 2.0000 2.0000 2.0000 2.0000 2.0000 -2.0000 16.0000 16.0000 10.0000 -11.0000 
fa1 = 0.8960 0.3021 0.3021 0.3021 0.3021 0.3021 0.3021 0.3021 0.2282 0.2282 0.2282 0.2282 0.2282 0.2282 0.2282 0.1893 0.1893 0.1893 0.1893 0.1893 0.1893 0.1893 0.1683 49.0044 49.0044 30.5223 2.4395 
fa2 = 0.8954 0.3019 0.3019 0.3019 0.3019 0.3019 0.3019 0.3019 0.2281 0.2281 0.2281 0.2281 0.2281 0.2281 0.2281 0.1892 0.1892 0.1892 0.1892 0.1892 0.1892 0.1892 0.1682 49.5465 49.5465 30.8465 2.4264 
fa3 = 0.8954 0.3019 0.3019 0.3019 0.3019 0.3019 0.3019 0.3019 0.2281 0.2281 0.2281 0.2281 0.2281 0.2281 0.2281 0.1892 0.1892 0.1892 0.1892 0.1892 0.1892 0.1892 0.1682 49.5525 49.5525 30.8499 2.4265 
fa4 = 0.8948 0.3017 0.3017 0.3017 0.3017 0.3017 0.3017 0.3017 0.2280 0.2280 0.2280 0.2280 0.2280 0.2280 0.2280 0.1892 0.1892 0.1892 0.1892 0.1892 0.1892 0.1892 0.1682 50.1057 50.1057 31.1795 2.4135 
fb1 = -0.2140 -0.2393 -0.2393 -0.2393 -0.2393 -0.2393 -0.2393 -0.2393 -0.2497 -0.2497 -0.2497 -0.2497 -0.2497 -0.2497 -0.2497 -0.2597 -0.2597 -0.2597 -0.2597 -0.2597 -0.2597 -0.2597 -0.2683 0.0477 0.0477 0.0301 -0.0932 
fb2 = -0.2140 -0.2392 -0.2392 -0.2392 -0.2392 -0.2392 -0.2392 -0.2392 -0.2496 -0.2496 -0.2496 -0.2496 -0.2496 -0.2496 -0.2496 -0.2596 -0.2596 -0.2596 -0.2596 -0.2596 -0.2596 -0.2596 -0.2682 0.0487 0.0487 0.0307 -0.0931 
fb3 = -0.2140 -0.2392 -0.2392 -0.2392 -0.2392 -0.2392 -0.2392 -0.2392 -0.2496 -0.2496 -0.2496 -0.2496 -0.2496 -0.2496 -0.2496 -0.2596 -0.2596 -0.2596 -0.2596 -0.2596 -0.2596 -0.2596 -0.2682 0.0487 0.0487 0.0307 -0.0932 
fb4 = -0.2139 -0.2392 -0.2392 -0.2392 -0.2392 -0.2392 -0.2392 -0.2392 -0.2496 -0.2496 -0.2496 -0.2496 -0.2496 -0.2496 -0.2496 -0.2596 -0.2596 -0.2596 -0.2596 -0.2596 -0.2596 -0.2596 -0.2681 0.0496 0.0496 0.0313 -0.0931 
I = 14.9000 9.4000 9.4000 9.4000 9.4000 9.4000 9.4000 9.4000 6.0000 6.0000 6.0000 6.0000 6.0000 6.0000 6.0000 2.0000 2.0000 2.0000 2.0000 2.0000 2.0000 2.0000 -2.0000 25.5285 25.5285 10.0000 0.3137 
S1 = 0.0000 0.0000 0.0000 0.0000 0.0000 0.0000 0.0000 0.0000 0.0000 0.0000 0.0000 0.0000 0.0000 0.0000 0.0000 0.0000 0.0000 0.0000 0.0000 0.0000 0.0000 0.0000 0.0000 0.0000 0.0000 0.0000 0.0000 
S2 = 0.0000 0.0000 0.0000 0.0000 0.0000 0.0000 0.0000 0.0000 0.0000 0.0000 0.0000 0.0000 0.0000 0.0000 0.0000 0.0000 0.0000 0.0000 0.0000 0.0000 0.0000 0.0000 0.0000 1.5285 1.5285 0.0000 11.3137 
u = 8.6304 8.5370 8.5370 8.5370 8.5370 8.5370 8.5370 8.5370 8.4916 8.4916 8.4916 8.4916 8.4916 8.4916 8.4916 8.4447 8.4447 8.4447 8.4447 8.4447 8.4447 8.4447 8.4028 10.6259 10.6259 11.2956 9.3752 
v = 32.8225 25.5745 25.5745 25.5745 25.5745 25.5745 25.5745 25.5745 22.5254 22.5254 22.5254 22.5254 22.5254 22.5254 22.5254 19.5530 19.5530 19.5530 19.5530 19.5530 19.5530 19.5530 16.9933 65.5415 65.5415 64.2979 23.6030 
