ExternalI = 5.5000 0.0000 0.0000 0.0000 0.0000 0.0000 0.0000 0.0000 4.0000 4.0000 4.0000 4.0000 4.0000 4.0000 4.0000 0.0000 0.0000 0.0000 0.0000 0.0000 0.0000 0.0000 0.0000 8.0000 8.0000 0.0000 0.0000 
before u = 8.6304 8.5370 8.5370 8.5370 8.5370 8.5370 8.5370 8.5370 8.4916 8.4916 8.4916 8.4916 8.4916 8.4916 8.4916 8.4447 8.4447 8.4447 8.4447 8.4447 8.4447 8.4447 8.4028 10.6259 10.6259 11.2956 9.3752 
before v = 32.8225 25.5745 25.5745 25.5745 25.5745 25.5745 25.5745 25.5745 22.5254 22.5254 22.5254 22.5254 22.5254 22.5254 22.5254 19.5530 19.5530 19.5530 19.5530 19.5530 19.5530 19.5530 16.9933 65.5415 65.5415 64.2979 23.6030 
Ibias = 9.4000 9.4000 9.4000 9.4000 9.4000 9.4000 9.4000 9.4000 2.0000 2.0000 2.0000 2.0000 2.0000 2.0000 2.0000 2.0000 2.0000 2.0000 2.0000 2.0000 2.0000 2.0000 -2.0000 16.0000 16.0000 10.0000 -11.0000 
fa1 = 0.8948 0.3017 0.3017 0.3017 0.3017 0.3017 0.3017 0.3017 0.2280 0.2280 0.2280 0.2280 0.2280 0.2280 0.2280 0.1892 0.1892 0.1892 0.1892 0.1892 0.1892 0.1892 0.1682 50.1026 50.1026 31.1795 2.3909 
fa2 = 0.8942 0.3014 0.3014 0.3014 0.3014 0.3014 0.3014 0.3014 0.2278 0.2278 0.2278 0.2278 0.2278 0.2278 0.2278 0.1891 0.1891 0.1891 0.1891 0.1891 0.1891 0.1891 0.1681 50.6669 50.6669 31.5146 2.3780 
fa3 = 0.8942 0.3014 0.3014 0.3014 0.3014 0.3014 0.3014 0.3014 0.2278 0.2278 0.2278 0.2278 0.2278 0.2278 0.2278 0.1891 0.1891 0.1891 0.1891 0.1891 0.1891 0.1891 0.1681 50.6733 50.6733 31.5182 2.3781 
fa4 = 0.8936 0.3012 0.3012 0.3012 0.3012 0.3012 0.3012 0.3012 0.2277 0.2277 0.2277 0.2277 0.2277 0.2277 0.2277 0.1890 0.1890 0.1890 0.1890 0.1890 0.1890 0.1890 0.1681 51.2492 51.2492 31.8589 2.3654 
fb1 = -0.2139 -0.2392 -0.2392 -0.2392 -0.2392 -0.2392 -0.2392 -0.2392 -0.2496 -0.2496 -0.2496 -0.2496 -0.2496 -0.2496 -0.2496 -0.2596 -0.2596 -0.2596 -0.2596 -0.2596 -0.2596 -0.2596 -0.2681 0.0496 0.0496 0.0313 -0.0931 
fb2 = -0.2139 -0.2391 -0.2391 -0.2391 -0.2391 -0.2391 -0.2391 -0.2391 -0.2495 -0.2495 -0.2495 -0.2495 -0.2495 -0.2495 -0.2495 -0.2595 -0.2595 -0.2595 -0.2595 -0.2595 -0.2595 -0.2595 -0.2681 0.0506 0.0506 0.0319 -0.0930 
fb3 = -0.2139 -0.2391 -0.2391 -0.2391 -0.2391 -0.2391 -0.2391 -0.2391 -0.2495 -0.2495 -0.2495 -0.2495 -0.2495 -0.2495 -0.2495 -0.2595 -0.2595 -0.2595 -0.2595 -0.2595 -0.2595 -0.2595 -0.2681 0.0507 0.0507 0.0319 -0.0930 
fb4 = -0.2138 -0.2391 -0.2391 -0.2391 -0.2391 -0.2391 -0.2391 -0.2391 -0.2495 -0.2495 -0.2495 -0.2495 -0.2495 -0.2495 -0.2495 -0.2595 -0.2595 -0.2595 -0.2595 -0.2595 -0.2595 -0.2595 -0.2680 0.0517 0.0517 0.0325 -0.0930 
I = 14.9000 9.4000 9.4000 9.4000 9.4000 9.4000 9.4000 9.4000 6.0000 6.0000 6.0000 6.0000 6.0000 6.0000 6.0000 2.0000 2.0000 2.0000 2.0000 2.0000 2.0000 2.0000 -2.0000 25.5254 25.5254 10.0000 0.2910 
S1 = 0.0000 0.0000 0.0000 0.0000 0.0000 0.0000 0.0000 0.0000 0.0000 0.0000 0.0000 0.0000 0.0000 0.0000 0.0000 0.0000 0.0000 0.0000 0.0000 0.0000 0.0000 0.0000 0.0000 0.0000 0.0000 0.0000 0.0000 
S2 = 0.0000 0.0000 0.0000 0.0000 0.0000 0.0000 0.0000 0.0000 0.0000 0.0000 0.0000 0.0000 0.0000 0.0000 0.0000 0.0000 0.0000 0.0000 0.0000 0.0000 0.0000 0.0000 0.0000 1.5254 1.5254 0.0000 11.2910 
u = 8.6282 8.5347 8.5347 8.5347 8.5347 8.5347 8.5347 8.5347 8.4891 8.4891 8.4891 8.4891 8.4891 8.4891 8.4891 8.4421 8.4421 8.4421 8.4421 8.4421 8.4421 8.4421 8.4002 10.6264 10.6264 11.2959 9.3743 
v = 32.8315 25.5775 25.5775 25.5775 25.5775 25.5775 25.5775 25.5775 22.5277 22.5277 22.5277 22.5277 22.5277 22.5277 22.5277 19.5548 19.5548 19.5548 19.5548 19.5548 19.5548 19.5548 16.9950 66.0482 66.0482 64.6131 23.6268 
