ExternalI = 5.5000 0.0000 0.0000 0.0000 0.0000 0.0000 0.0000 0.0000 4.0000 4.0000 4.0000 4.0000 4.0000 4.0000 4.0000 0.0000 0.0000 0.0000 0.0000 0.0000 0.0000 0.0000 0.0000 8.0000 8.0000 0.0000 0.0000 
before u = 8.6282 8.5347 8.5347 8.5347 8.5347 8.5347 8.5347 8.5347 8.4891 8.4891 8.4891 8.4891 8.4891 8.4891 8.4891 8.4421 8.4421 8.4421 8.4421 8.4421 8.4421 8.4421 8.4002 10.6264 10.6264 11.2959 9.3743 
before v = 32.8315 25.5775 25.5775 25.5775 25.5775 25.5775 25.5775 25.5775 22.5277 22.5277 22.5277 22.5277 22.5277 22.5277 22.5277 19.5548 19.5548 19.5548 19.5548 19.5548 19.5548 19.5548 16.9950 66.0482 66.0482 64.6131 23.6268 
Ibias = 9.4000 9.4000 9.4000 9.4000 9.4000 9.4000 9.4000 9.4000 2.0000 2.0000 2.0000 2.0000 2.0000 2.0000 2.0000 2.0000 2.0000 2.0000 2.0000 2.0000 2.0000 2.0000 -2.0000 16.0000 16.0000 10.0000 -11.0000 
fa1 = 0.8936 0.3012 0.3012 0.3012 0.3012 0.3012 0.3012 0.3012 0.2277 0.2277 0.2277 0.2277 0.2277 0.2277 0.2277 0.1890 0.1890 0.1890 0.1890 0.1890 0.1890 0.1890 0.1681 51.2461 51.2461 31.8589 2.3428 
fa2 = 0.8930 0.3009 0.3009 0.3009 0.3009 0.3009 0.3009 0.3009 0.2276 0.2276 0.2276 0.2276 0.2276 0.2276 0.2276 0.1890 0.1890 0.1890 0.1890 0.1890 0.1890 0.1890 0.1681 51.8336 51.8336 32.2052 2.3303 
fa3 = 0.8930 0.3009 0.3009 0.3009 0.3009 0.3009 0.3009 0.3009 0.2276 0.2276 0.2276 0.2276 0.2276 0.2276 0.2276 0.1890 0.1890 0.1890 0.1890 0.1890 0.1890 0.1890 0.1681 51.8404 51.8404 32.2090 2.3303 
fa4 = 0.8924 0.3007 0.3007 0.3007 0.3007 0.3007 0.3007 0.3007 0.2275 0.2275 0.2275 0.2275 0.2275 0.2275 0.2275 0.1889 0.1889 0.1889 0.1889 0.1889 0.1889 0.1889 0.1680 52.4403 52.4403 32.5613 2.3179 
fb1 = -0.2138 -0.2391 -0.2391 -0.2391 -0.2391 -0.2391 -0.2391 -0.2391 -0.2495 -0.2495 -0.2495 -0.2495 -0.2495 -0.2495 -0.2495 -0.2595 -0.2595 -0.2595 -0.2595 -0.2595 -0.2595 -0.2595 -0.2680 0.0517 0.0517 0.0325 -0.0930 
fb2 = -0.2137 -0.2390 -0.2390 -0.2390 -0.2390 -0.2390 -0.2390 -0.2390 -0.2494 -0.2494 -0.2494 -0.2494 -0.2494 -0.2494 -0.2494 -0.2594 -0.2594 -0.2594 -0.2594 -0.2594 -0.2594 -0.2594 -0.2680 0.0527 0.0527 0.0332 -0.0929 
fb3 = -0.2137 -0.2390 -0.2390 -0.2390 -0.2390 -0.2390 -0.2390 -0.2390 -0.2494 -0.2494 -0.2494 -0.2494 -0.2494 -0.2494 -0.2494 -0.2594 -0.2594 -0.2594 -0.2594 -0.2594 -0.2594 -0.2594 -0.2680 0.0527 0.0527 0.0332 -0.0929 
fb4 = -0.2137 -0.2390 -0.2390 -0.2390 -0.2390 -0.2390 -0.2390 -0.2390 -0.2493 -0.2493 -0.2493 -0.2493 -0.2493 -0.2493 -0.2493 -0.2594 -0.2594 -0.2594 -0.2594 -0.2594 -0.2594 -0.2594 -0.2679 0.0537 0.0537 0.0338 -0.0929 
I = 14.9000 9.4000 9.4000 9.4000 9.4000 9.4000 9.4000 9.4000 6.0000 6.0000 6.0000 6.0000 6.0000 6.0000 6.0000 2.0000 2.0000 2.0000 2.0000 2.0000 2.0000 2.0000 -2.0000 25.5224 25.5224 10.0000 0.2684 
S1 = 0.0000 0.0000 0.0000 0.0000 0.0000 0.0000 0.0000 0.0000 0.0000 0.0000 0.0000 0.0000 0.0000 0.0000 0.0000 0.0000 0.0000 0.0000 0.0000 0.0000 0.0000 0.0000 0.0000 0.0000 0.0000 0.0000 0.0000 
S2 = 0.0000 0.0000 0.0000 0.0000 0.0000 0.0000 0.0000 0.0000 0.0000 0.0000 0.0000 0.0000 0.0000 0.0000 0.0000 0.0000 0.0000 0.0000 0.0000 0.0000 0.0000 0.0000 0.0000 1.5224 1.5224 0.0000 11.2684 
u = 8.6261 8.5323 8.5323 8.5323 8.5323 8.5323 8.5323 8.5323 8.4866 8.4866 8.4866 8.4866 8.4866 8.4866 8.4866 8.4395 8.4395 8.4395 8.4395 8.4395 8.4395 8.4395 8.3975 10.6269 10.6269 11.2962 9.3734 
v = 32.8404 25.5805 25.5805 25.5805 25.5805 25.5805 25.5805 25.5805 22.5300 22.5300 22.5300 22.5300 22.5300 22.5300 22.5300 19.5567 19.5567 19.5567 19.5567 19.5567 19.5567 19.5567 16.9966 66.5666 66.5666 64.9351 23.6501 
