ExternalI = 5.5000 0.0000 0.0000 0.0000 0.0000 0.0000 0.0000 0.0000 4.0000 4.0000 4.0000 4.0000 4.0000 4.0000 4.0000 0.0000 0.0000 0.0000 0.0000 0.0000 0.0000 0.0000 0.0000 8.0000 8.0000 0.0000 0.0000 
before u = 9.8261 9.8239 9.8239 9.8239 9.8239 9.8239 9.8239 9.8239 9.8225 9.8225 9.8225 9.8225 9.8225 9.8225 9.8225 9.8209 9.8209 9.8209 9.8209 9.8209 9.8209 9.8209 9.8194 9.9366 9.9366 10.1788 9.9223 
before v = 19.5661 17.6567 17.6567 17.6567 17.6567 17.6567 17.6567 17.6567 16.5001 16.5001 16.5001 16.5001 16.5001 16.5001 16.5001 15.1617 15.1617 15.1617 15.1617 15.1617 15.1617 15.1617 13.8467 26.5756 26.5756 61.5272 14.2113 
Ibias = 9.4000 9.4000 9.4000 9.4000 9.4000 9.4000 9.4000 9.4000 2.0000 2.0000 2.0000 2.0000 2.0000 2.0000 2.0000 2.0000 2.0000 2.0000 2.0000 2.0000 2.0000 2.0000 -2.0000 16.0000 16.0000 10.0000 -11.0000 
fa1 = 11.6889 9.0763 9.0763 9.0763 9.0763 9.0763 9.0763 9.0763 7.5673 7.5673 7.5673 7.5673 7.5673 7.5673 7.5673 5.8890 5.8890 5.8890 5.8890 5.8890 5.8890 5.8890 4.3097 22.5871 22.5871 26.6633 6.0103 
fa2 = 11.6068 9.0060 9.0060 9.0060 9.0060 9.0060 9.0060 9.0060 7.5054 7.5054 7.5054 7.5054 7.5054 7.5054 7.5054 5.8380 5.8380 5.8380 5.8380 5.8380 5.8380 5.8380 4.2706 22.4894 22.4894 26.9201 5.9551 
fa3 = 11.6074 9.0066 9.0066 9.0066 9.0066 9.0066 9.0066 9.0066 7.5059 7.5059 7.5059 7.5059 7.5059 7.5059 7.5059 5.8385 5.8385 5.8385 5.8385 5.8385 5.8385 5.8385 4.2710 22.4898 22.4898 26.9226 5.9556 
fa4 = 11.5261 8.9369 8.9369 8.9369 8.9369 8.9369 8.9369 8.9369 7.4447 7.4447 7.4447 7.4447 7.4447 7.4447 7.4447 5.7881 5.7881 5.7881 5.7881 5.7881 5.7881 5.7881 4.2323 22.3935 22.3935 27.1833 5.9009 
fb1 = -0.3148 -0.3223 -0.3223 -0.3223 -0.3223 -0.3223 -0.3223 -0.3223 -0.3269 -0.3269 -0.3269 -0.3269 -0.3269 -0.3269 -0.3269 -0.3322 -0.3322 -0.3322 -0.3322 -0.3322 -0.3322 -0.3322 -0.3374 -0.0924 -0.0924 0.0425 -0.1416 
fb2 = -0.3145 -0.3221 -0.3221 -0.3221 -0.3221 -0.3221 -0.3221 -0.3221 -0.3267 -0.3267 -0.3267 -0.3267 -0.3267 -0.3267 -0.3267 -0.3320 -0.3320 -0.3320 -0.3320 -0.3320 -0.3320 -0.3320 -0.3372 -0.0920 -0.0920 0.0431 -0.1415 
fb3 = -0.3145 -0.3221 -0.3221 -0.3221 -0.3221 -0.3221 -0.3221 -0.3221 -0.3267 -0.3267 -0.3267 -0.3267 -0.3267 -0.3267 -0.3267 -0.3320 -0.3320 -0.3320 -0.3320 -0.3320 -0.3320 -0.3320 -0.3372 -0.0920 -0.0920 0.0431 -0.1415 
fb4 = -0.3142 -0.3218 -0.3218 -0.3218 -0.3218 -0.3218 -0.3218 -0.3218 -0.3265 -0.3265 -0.3265 -0.3265 -0.3265 -0.3265 -0.3265 -0.3318 -0.3318 -0.3318 -0.3318 -0.3318 -0.3318 -0.3318 -0.3371 -0.0915 -0.0915 0.0436 -0.1413 
I = 14.9000 9.4000 9.4000 9.4000 9.4000 9.4000 9.4000 9.4000 6.0000 6.0000 6.0000 6.0000 6.0000 6.0000 6.0000 2.0000 2.0000 2.0000 2.0000 2.0000 2.0000 2.0000 -2.0000 24.0000 24.0000 10.0000 -9.5120 
S1 = 0.0000 0.0000 0.0000 0.0000 0.0000 0.0000 0.0000 0.0000 0.0000 0.0000 0.0000 0.0000 0.0000 0.0000 0.0000 0.0000 0.0000 0.0000 0.0000 0.0000 0.0000 0.0000 0.0000 0.0000 0.0000 0.0000 0.0000 
S2 = 0.0000 0.0000 0.0000 0.0000 0.0000 0.0000 0.0000 0.0000 0.0000 0.0000 0.0000 0.0000 0.0000 0.0000 0.0000 0.0000 0.0000 0.0000 0.0000 0.0000 0.0000 0.0000 0.0000 0.0000 0.0000 0.0000 1.4880 
u = 9.8229 9.8207 9.8207 9.8207 9.8207 9.8207 9.8207 9.8207 9.8193 9.8193 9.8193 9.8193 9.8193 9.8193 9.8193 9.8176 9.8176 9.8176 9.8176 9.8176 9.8176 9.8176 9.8160 9.9356 9.9356 10.1793 9.9209 
v = 19.6821 17.7468 17.7468 17.7468 17.7468 17.7468 17.7468 17.7468 16.5752 16.5752 16.5752 16.5752 16.5752 16.5752 16.5752 15.2201 15.2201 15.2201 15.2201 15.2201 15.2201 15.2201 13.8894 26.8005 26.8005 61.7964 14.2708 
