ExternalI = 5.5000 0.0000 0.0000 0.0000 0.0000 0.0000 0.0000 0.0000 4.0000 4.0000 4.0000 4.0000 4.0000 4.0000 4.0000 0.0000 0.0000 0.0000 0.0000 0.0000 0.0000 0.0000 0.0000 8.0000 8.0000 0.0000 0.0000 
before u = 8.6261 8.5323 8.5323 8.5323 8.5323 8.5323 8.5323 8.5323 8.4866 8.4866 8.4866 8.4866 8.4866 8.4866 8.4866 8.4395 8.4395 8.4395 8.4395 8.4395 8.4395 8.4395 8.3975 10.6269 10.6269 11.2962 9.3734 
before v = 32.8404 25.5805 25.5805 25.5805 25.5805 25.5805 25.5805 25.5805 22.5300 22.5300 22.5300 22.5300 22.5300 22.5300 22.5300 19.5567 19.5567 19.5567 19.5567 19.5567 19.5567 19.5567 16.9966 66.5666 66.5666 64.9351 23.6501 
Ibias = 9.4000 9.4000 9.4000 9.4000 9.4000 9.4000 9.4000 9.4000 2.0000 2.0000 2.0000 2.0000 2.0000 2.0000 2.0000 2.0000 2.0000 2.0000 2.0000 2.0000 2.0000 2.0000 -2.0000 16.0000 16.0000 10.0000 -11.0000 
fa1 = 0.8924 0.3007 0.3007 0.3007 0.3007 0.3007 0.3007 0.3007 0.2275 0.2275 0.2275 0.2275 0.2275 0.2275 0.2275 0.1889 0.1889 0.1889 0.1889 0.1889 0.1889 0.1889 0.1680 52.4372 52.4372 32.5613 2.2953 
fa2 = 0.8918 0.3005 0.3005 0.3005 0.3005 0.3005 0.3005 0.3005 0.2274 0.2274 0.2274 0.2274 0.2274 0.2274 0.2274 0.1889 0.1889 0.1889 0.1889 0.1889 0.1889 0.1889 0.1680 53.0493 53.0493 32.9195 2.2831 
fa3 = 0.8918 0.3005 0.3005 0.3005 0.3005 0.3005 0.3005 0.3005 0.2274 0.2274 0.2274 0.2274 0.2274 0.2274 0.2274 0.1889 0.1889 0.1889 0.1889 0.1889 0.1889 0.1889 0.1680 53.0565 53.0565 32.9235 2.2832 
fa4 = 0.8912 0.3002 0.3002 0.3002 0.3002 0.3002 0.3002 0.3002 0.2273 0.2273 0.2273 0.2273 0.2273 0.2273 0.2273 0.1888 0.1888 0.1888 0.1888 0.1888 0.1888 0.1888 0.1679 53.6816 53.6816 33.2879 2.2710 
fb1 = -0.2137 -0.2390 -0.2390 -0.2390 -0.2390 -0.2390 -0.2390 -0.2390 -0.2493 -0.2493 -0.2493 -0.2493 -0.2493 -0.2493 -0.2493 -0.2594 -0.2594 -0.2594 -0.2594 -0.2594 -0.2594 -0.2594 -0.2679 0.0537 0.0537 0.0338 -0.0929 
fb2 = -0.2136 -0.2389 -0.2389 -0.2389 -0.2389 -0.2389 -0.2389 -0.2389 -0.2493 -0.2493 -0.2493 -0.2493 -0.2493 -0.2493 -0.2493 -0.2593 -0.2593 -0.2593 -0.2593 -0.2593 -0.2593 -0.2593 -0.2679 0.0548 0.0548 0.0345 -0.0928 
fb3 = -0.2136 -0.2389 -0.2389 -0.2389 -0.2389 -0.2389 -0.2389 -0.2389 -0.2493 -0.2493 -0.2493 -0.2493 -0.2493 -0.2493 -0.2493 -0.2593 -0.2593 -0.2593 -0.2593 -0.2593 -0.2593 -0.2593 -0.2679 0.0548 0.0548 0.0345 -0.0928 
fb4 = -0.2136 -0.2389 -0.2389 -0.2389 -0.2389 -0.2389 -0.2389 -0.2389 -0.2492 -0.2492 -0.2492 -0.2492 -0.2492 -0.2492 -0.2492 -0.2592 -0.2592 -0.2592 -0.2592 -0.2592 -0.2592 -0.2592 -0.2678 0.0558 0.0558 0.0351 -0.0928 
I = 14.9000 9.4000 9.4000 9.4000 9.4000 9.4000 9.4000 9.4000 6.0000 6.0000 6.0000 6.0000 6.0000 6.0000 6.0000 2.0000 2.0000 2.0000 2.0000 2.0000 2.0000 2.0000 -2.0000 25.5193 25.5193 10.0000 0.2459 
S1 = 0.0000 0.0000 0.0000 0.0000 0.0000 0.0000 0.0000 0.0000 0.0000 0.0000 0.0000 0.0000 0.0000 0.0000 0.0000 0.0000 0.0000 0.0000 0.0000 0.0000 0.0000 0.0000 0.0000 0.0000 0.0000 0.0000 0.0000 
S2 = 0.0000 0.0000 0.0000 0.0000 0.0000 0.0000 0.0000 0.0000 0.0000 0.0000 0.0000 0.0000 0.0000 0.0000 0.0000 0.0000 0.0000 0.0000 0.0000 0.0000 0.0000 0.0000 0.0000 1.5193 1.5193 0.0000 11.2459 
u = 8.6240 8.5299 8.5299 8.5299 8.5299 8.5299 8.5299 8.5299 8.4841 8.4841 8.4841 8.4841 8.4841 8.4841 8.4841 8.4369 8.4369 8.4369 8.4369 8.4369 8.4369 8.4369 8.3948 10.6275 10.6275 11.2965 9.3724 
v = 32.8493 25.5835 25.5835 25.5835 25.5835 25.5835 25.5835 25.5835 22.5322 22.5322 22.5322 22.5322 22.5322 22.5322 22.5322 19.5586 19.5586 19.5586 19.5586 19.5586 19.5586 19.5586 16.9983 67.0972 67.0972 65.2644 23.6729 
