ExternalI = 5.5000 0.0000 0.0000 0.0000 0.0000 0.0000 0.0000 0.0000 4.0000 4.0000 4.0000 4.0000 4.0000 4.0000 4.0000 0.0000 0.0000 0.0000 0.0000 0.0000 0.0000 0.0000 0.0000 8.0000 8.0000 0.0000 0.0000 
before u = 8.6240 8.5299 8.5299 8.5299 8.5299 8.5299 8.5299 8.5299 8.4841 8.4841 8.4841 8.4841 8.4841 8.4841 8.4841 8.4369 8.4369 8.4369 8.4369 8.4369 8.4369 8.4369 8.3948 10.6275 10.6275 11.2965 9.3724 
before v = 32.8493 25.5835 25.5835 25.5835 25.5835 25.5835 25.5835 25.5835 22.5322 22.5322 22.5322 22.5322 22.5322 22.5322 22.5322 19.5586 19.5586 19.5586 19.5586 19.5586 19.5586 19.5586 16.9983 67.0972 67.0972 65.2644 23.6729 
Ibias = 9.4000 9.4000 9.4000 9.4000 9.4000 9.4000 9.4000 9.4000 2.0000 2.0000 2.0000 2.0000 2.0000 2.0000 2.0000 2.0000 2.0000 2.0000 2.0000 2.0000 2.0000 2.0000 -2.0000 16.0000 16.0000 10.0000 -11.0000 
fa1 = 0.8912 0.3002 0.3002 0.3002 0.3002 0.3002 0.3002 0.3002 0.2273 0.2273 0.2273 0.2273 0.2273 0.2273 0.2273 0.1888 0.1888 0.1888 0.1888 0.1888 0.1888 0.1888 0.1679 53.6786 53.6786 33.2879 2.2485 
fa2 = 0.8906 0.3000 0.3000 0.3000 0.3000 0.3000 0.3000 0.3000 0.2272 0.2272 0.2272 0.2272 0.2272 0.2272 0.2272 0.1887 0.1887 0.1887 0.1887 0.1887 0.1887 0.1887 0.1679 54.3167 54.3167 33.6585 2.2365 
fa3 = 0.8906 0.3000 0.3000 0.3000 0.3000 0.3000 0.3000 0.3000 0.2272 0.2272 0.2272 0.2272 0.2272 0.2272 0.2272 0.1887 0.1887 0.1887 0.1887 0.1887 0.1887 0.1887 0.1679 54.3243 54.3243 33.6626 2.2366 
fa4 = 0.8900 0.2997 0.2997 0.2997 0.2997 0.2997 0.2997 0.2997 0.2270 0.2270 0.2270 0.2270 0.2270 0.2270 0.2270 0.1887 0.1887 0.1887 0.1887 0.1887 0.1887 0.1887 0.1679 54.9761 54.9761 34.0397 2.2247 
fb1 = -0.2136 -0.2389 -0.2389 -0.2389 -0.2389 -0.2389 -0.2389 -0.2389 -0.2492 -0.2492 -0.2492 -0.2492 -0.2492 -0.2492 -0.2492 -0.2592 -0.2592 -0.2592 -0.2592 -0.2592 -0.2592 -0.2592 -0.2678 0.0558 0.0558 0.0351 -0.0928 
fb2 = -0.2135 -0.2388 -0.2388 -0.2388 -0.2388 -0.2388 -0.2388 -0.2388 -0.2492 -0.2492 -0.2492 -0.2492 -0.2492 -0.2492 -0.2492 -0.2592 -0.2592 -0.2592 -0.2592 -0.2592 -0.2592 -0.2592 -0.2677 0.0569 0.0569 0.0358 -0.0927 
fb3 = -0.2135 -0.2388 -0.2388 -0.2388 -0.2388 -0.2388 -0.2388 -0.2388 -0.2492 -0.2492 -0.2492 -0.2492 -0.2492 -0.2492 -0.2492 -0.2592 -0.2592 -0.2592 -0.2592 -0.2592 -0.2592 -0.2592 -0.2677 0.0569 0.0569 0.0358 -0.0927 
fb4 = -0.2134 -0.2388 -0.2388 -0.2388 -0.2388 -0.2388 -0.2388 -0.2388 -0.2491 -0.2491 -0.2491 -0.2491 -0.2491 -0.2491 -0.2491 -0.2591 -0.2591 -0.2591 -0.2591 -0.2591 -0.2591 -0.2591 -0.2677 0.0580 0.0580 0.0365 -0.0926 
I = 14.9000 9.4000 9.4000 9.4000 9.4000 9.4000 9.4000 9.4000 6.0000 6.0000 6.0000 6.0000 6.0000 6.0000 6.0000 2.0000 2.0000 2.0000 2.0000 2.0000 2.0000 2.0000 -2.0000 25.5163 25.5163 10.0000 0.2234 
S1 = 0.0000 0.0000 0.0000 0.0000 0.0000 0.0000 0.0000 0.0000 0.0000 0.0000 0.0000 0.0000 0.0000 0.0000 0.0000 0.0000 0.0000 0.0000 0.0000 0.0000 0.0000 0.0000 0.0000 0.0000 0.0000 0.0000 0.0000 
S2 = 0.0000 0.0000 0.0000 0.0000 0.0000 0.0000 0.0000 0.0000 0.0000 0.0000 0.0000 0.0000 0.0000 0.0000 0.0000 0.0000 0.0000 0.0000 0.0000 0.0000 0.0000 0.0000 0.0000 1.5163 1.5163 0.0000 11.2234 
u = 8.6218 8.5275 8.5275 8.5275 8.5275 8.5275 8.5275 8.5275 8.4816 8.4816 8.4816 8.4816 8.4816 8.4816 8.4816 8.4343 8.4343 8.4343 8.4343 8.4343 8.4343 8.4343 8.3921 10.6280 10.6280 11.2969 9.3715 
v = 32.8582 25.5865 25.5865 25.5865 25.5865 25.5865 25.5865 25.5865 22.5345 22.5345 22.5345 22.5345 22.5345 22.5345 22.5345 19.5605 19.5605 19.5605 19.5605 19.5605 19.5605 19.5605 17.0000 67.6404 67.6404 65.6010 23.6953 
