ExternalI = 5.5000 0.0000 0.0000 0.0000 0.0000 0.0000 0.0000 0.0000 4.0000 4.0000 4.0000 4.0000 4.0000 4.0000 4.0000 0.0000 0.0000 0.0000 0.0000 0.0000 0.0000 0.0000 0.0000 8.0000 8.0000 0.0000 0.0000 
before u = 8.6218 8.5275 8.5275 8.5275 8.5275 8.5275 8.5275 8.5275 8.4816 8.4816 8.4816 8.4816 8.4816 8.4816 8.4816 8.4343 8.4343 8.4343 8.4343 8.4343 8.4343 8.4343 8.3921 10.6280 10.6280 11.2969 9.3715 
before v = 32.8582 25.5865 25.5865 25.5865 25.5865 25.5865 25.5865 25.5865 22.5345 22.5345 22.5345 22.5345 22.5345 22.5345 22.5345 19.5605 19.5605 19.5605 19.5605 19.5605 19.5605 19.5605 17.0000 67.6404 67.6404 65.6010 23.6953 
Ibias = 9.4000 9.4000 9.4000 9.4000 9.4000 9.4000 9.4000 9.4000 2.0000 2.0000 2.0000 2.0000 2.0000 2.0000 2.0000 2.0000 2.0000 2.0000 2.0000 2.0000 2.0000 2.0000 -2.0000 16.0000 16.0000 10.0000 -11.0000 
fa1 = 0.8900 0.2997 0.2997 0.2997 0.2997 0.2997 0.2997 0.2997 0.2270 0.2270 0.2270 0.2270 0.2270 0.2270 0.2270 0.1887 0.1887 0.1887 0.1887 0.1887 0.1887 0.1887 0.1679 54.9730 54.9730 34.0397 2.2023 
fa2 = 0.8894 0.2995 0.2995 0.2995 0.2995 0.2995 0.2995 0.2995 0.2269 0.2269 0.2269 0.2269 0.2269 0.2269 0.2269 0.1886 0.1886 0.1886 0.1886 0.1886 0.1886 0.1886 0.1678 55.6385 55.6385 34.4233 2.1906 
fa3 = 0.8894 0.2995 0.2995 0.2995 0.2995 0.2995 0.2995 0.2995 0.2269 0.2269 0.2269 0.2269 0.2269 0.2269 0.2269 0.1886 0.1886 0.1886 0.1886 0.1886 0.1886 0.1886 0.1678 55.6466 55.6466 34.4276 2.1906 
fa4 = 0.8888 0.2993 0.2993 0.2993 0.2993 0.2993 0.2993 0.2993 0.2268 0.2268 0.2268 0.2268 0.2268 0.2268 0.2268 0.1886 0.1886 0.1886 0.1886 0.1886 0.1886 0.1886 0.1678 56.3266 56.3266 34.8180 2.1790 
fb1 = -0.2134 -0.2388 -0.2388 -0.2388 -0.2388 -0.2388 -0.2388 -0.2388 -0.2491 -0.2491 -0.2491 -0.2491 -0.2491 -0.2491 -0.2491 -0.2591 -0.2591 -0.2591 -0.2591 -0.2591 -0.2591 -0.2591 -0.2677 0.0580 0.0580 0.0365 -0.0926 
fb2 = -0.2134 -0.2387 -0.2387 -0.2387 -0.2387 -0.2387 -0.2387 -0.2387 -0.2491 -0.2491 -0.2491 -0.2491 -0.2491 -0.2491 -0.2491 -0.2591 -0.2591 -0.2591 -0.2591 -0.2591 -0.2591 -0.2591 -0.2676 0.0591 0.0591 0.0371 -0.0926 
fb3 = -0.2134 -0.2387 -0.2387 -0.2387 -0.2387 -0.2387 -0.2387 -0.2387 -0.2491 -0.2491 -0.2491 -0.2491 -0.2491 -0.2491 -0.2491 -0.2591 -0.2591 -0.2591 -0.2591 -0.2591 -0.2591 -0.2591 -0.2676 0.0591 0.0591 0.0372 -0.0926 
fb4 = -0.2133 -0.2386 -0.2386 -0.2386 -0.2386 -0.2386 -0.2386 -0.2386 -0.2490 -0.2490 -0.2490 -0.2490 -0.2490 -0.2490 -0.2490 -0.2590 -0.2590 -0.2590 -0.2590 -0.2590 -0.2590 -0.2590 -0.2676 0.0602 0.0602 0.0378 -0.0925 
I = 14.9000 9.4000 9.4000 9.4000 9.4000 9.4000 9.4000 9.4000 6.0000 6.0000 6.0000 6.0000 6.0000 6.0000 6.0000 2.0000 2.0000 2.0000 2.0000 2.0000 2.0000 2.0000 -2.0000 25.5133 25.5133 10.0000 0.2010 
S1 = 0.0000 0.0000 0.0000 0.0000 0.0000 0.0000 0.0000 0.0000 0.0000 0.0000 0.0000 0.0000 0.0000 0.0000 0.0000 0.0000 0.0000 0.0000 0.0000 0.0000 0.0000 0.0000 0.0000 0.0000 0.0000 0.0000 0.0000 
S2 = 0.0000 0.0000 0.0000 0.0000 0.0000 0.0000 0.0000 0.0000 0.0000 0.0000 0.0000 0.0000 0.0000 0.0000 0.0000 0.0000 0.0000 0.0000 0.0000 0.0000 0.0000 0.0000 0.0000 1.5133 1.5133 0.0000 11.2010 
u = 8.6197 8.5251 8.5251 8.5251 8.5251 8.5251 8.5251 8.5251 8.4791 8.4791 8.4791 8.4791 8.4791 8.4791 8.4791 8.4317 8.4317 8.4317 8.4317 8.4317 8.4317 8.4317 8.3894 10.6286 10.6286 11.2973 9.3706 
v = 32.8671 25.5895 25.5895 25.5895 25.5895 25.5895 25.5895 25.5895 22.5368 22.5368 22.5368 22.5368 22.5368 22.5368 22.5368 19.5624 19.5624 19.5624 19.5624 19.5624 19.5624 19.5624 17.0017 68.1969 68.1969 65.9453 23.7172 
