ExternalI = 5.5000 0.0000 0.0000 0.0000 0.0000 0.0000 0.0000 0.0000 4.0000 4.0000 4.0000 4.0000 4.0000 4.0000 4.0000 0.0000 0.0000 0.0000 0.0000 0.0000 0.0000 0.0000 0.0000 8.0000 8.0000 0.0000 0.0000 
before u = 8.6197 8.5251 8.5251 8.5251 8.5251 8.5251 8.5251 8.5251 8.4791 8.4791 8.4791 8.4791 8.4791 8.4791 8.4791 8.4317 8.4317 8.4317 8.4317 8.4317 8.4317 8.4317 8.3894 10.6286 10.6286 11.2973 9.3706 
before v = 32.8671 25.5895 25.5895 25.5895 25.5895 25.5895 25.5895 25.5895 22.5368 22.5368 22.5368 22.5368 22.5368 22.5368 22.5368 19.5624 19.5624 19.5624 19.5624 19.5624 19.5624 19.5624 17.0017 68.1969 68.1969 65.9453 23.7172 
Ibias = 9.4000 9.4000 9.4000 9.4000 9.4000 9.4000 9.4000 9.4000 2.0000 2.0000 2.0000 2.0000 2.0000 2.0000 2.0000 2.0000 2.0000 2.0000 2.0000 2.0000 2.0000 2.0000 -2.0000 16.0000 16.0000 10.0000 -11.0000 
fa1 = 0.8888 0.2993 0.2993 0.2993 0.2993 0.2993 0.2993 0.2993 0.2268 0.2268 0.2268 0.2268 0.2268 0.2268 0.2268 0.1886 0.1886 0.1886 0.1886 0.1886 0.1886 0.1886 0.1678 56.3235 56.3235 34.8180 2.1566 
fa2 = 0.8883 0.2990 0.2990 0.2990 0.2990 0.2990 0.2990 0.2990 0.2267 0.2267 0.2267 0.2267 0.2267 0.2267 0.2267 0.1885 0.1885 0.1885 0.1885 0.1885 0.1885 0.1885 0.1678 57.0180 57.0180 35.2152 2.1452 
fa3 = 0.8883 0.2990 0.2990 0.2990 0.2990 0.2990 0.2990 0.2990 0.2267 0.2267 0.2267 0.2267 0.2267 0.2267 0.2267 0.1885 0.1885 0.1885 0.1885 0.1885 0.1885 0.1885 0.1678 57.0266 57.0266 35.2198 2.1452 
fa4 = 0.8877 0.2988 0.2988 0.2988 0.2988 0.2988 0.2988 0.2988 0.2266 0.2266 0.2266 0.2266 0.2266 0.2266 0.2266 0.1885 0.1885 0.1885 0.1885 0.1885 0.1885 0.1885 0.1677 57.7363 57.7363 35.6241 2.1339 
fb1 = -0.2133 -0.2386 -0.2386 -0.2386 -0.2386 -0.2386 -0.2386 -0.2386 -0.2490 -0.2490 -0.2490 -0.2490 -0.2490 -0.2490 -0.2490 -0.2590 -0.2590 -0.2590 -0.2590 -0.2590 -0.2590 -0.2590 -0.2676 0.0602 0.0602 0.0378 -0.0925 
fb2 = -0.2133 -0.2386 -0.2386 -0.2386 -0.2386 -0.2386 -0.2386 -0.2386 -0.2490 -0.2490 -0.2490 -0.2490 -0.2490 -0.2490 -0.2490 -0.2590 -0.2590 -0.2590 -0.2590 -0.2590 -0.2590 -0.2590 -0.2675 0.0613 0.0613 0.0385 -0.0925 
fb3 = -0.2133 -0.2386 -0.2386 -0.2386 -0.2386 -0.2386 -0.2386 -0.2386 -0.2490 -0.2490 -0.2490 -0.2490 -0.2490 -0.2490 -0.2490 -0.2590 -0.2590 -0.2590 -0.2590 -0.2590 -0.2590 -0.2590 -0.2675 0.0613 0.0613 0.0385 -0.0925 
fb4 = -0.2132 -0.2385 -0.2385 -0.2385 -0.2385 -0.2385 -0.2385 -0.2385 -0.2489 -0.2489 -0.2489 -0.2489 -0.2489 -0.2489 -0.2489 -0.2589 -0.2589 -0.2589 -0.2589 -0.2589 -0.2589 -0.2589 -0.2675 0.0625 0.0625 0.0392 -0.0924 
I = 14.9000 9.4000 9.4000 9.4000 9.4000 9.4000 9.4000 9.4000 6.0000 6.0000 6.0000 6.0000 6.0000 6.0000 6.0000 2.0000 2.0000 2.0000 2.0000 2.0000 2.0000 2.0000 -2.0000 25.5102 25.5102 10.0000 0.1786 
S1 = 0.0000 0.0000 0.0000 0.0000 0.0000 0.0000 0.0000 0.0000 0.0000 0.0000 0.0000 0.0000 0.0000 0.0000 0.0000 0.0000 0.0000 0.0000 0.0000 0.0000 0.0000 0.0000 0.0000 0.0000 0.0000 0.0000 0.0000 
S2 = 0.0000 0.0000 0.0000 0.0000 0.0000 0.0000 0.0000 0.0000 0.0000 0.0000 0.0000 0.0000 0.0000 0.0000 0.0000 0.0000 0.0000 0.0000 0.0000 0.0000 0.0000 0.0000 0.0000 1.5102 1.5102 0.0000 11.1786 
u = 8.6176 8.5227 8.5227 8.5227 8.5227 8.5227 8.5227 8.5227 8.4766 8.4766 8.4766 8.4766 8.4766 8.4766 8.4766 8.4291 8.4291 8.4291 8.4291 8.4291 8.4291 8.4291 8.3868 10.6292 10.6292 11.2977 9.3697 
v = 32.8760 25.5925 25.5925 25.5925 25.5925 25.5925 25.5925 25.5925 22.5391 22.5391 22.5391 22.5391 22.5391 22.5391 22.5391 19.5643 19.5643 19.5643 19.5643 19.5643 19.5643 19.5643 17.0034 68.7671 68.7671 66.2974 23.7387 
