ExternalI = 5.5000 0.0000 0.0000 0.0000 0.0000 0.0000 0.0000 0.0000 4.0000 4.0000 4.0000 4.0000 4.0000 4.0000 4.0000 0.0000 0.0000 0.0000 0.0000 0.0000 0.0000 0.0000 0.0000 8.0000 8.0000 0.0000 0.0000 
before u = 8.6176 8.5227 8.5227 8.5227 8.5227 8.5227 8.5227 8.5227 8.4766 8.4766 8.4766 8.4766 8.4766 8.4766 8.4766 8.4291 8.4291 8.4291 8.4291 8.4291 8.4291 8.4291 8.3868 10.6292 10.6292 11.2977 9.3697 
before v = 32.8760 25.5925 25.5925 25.5925 25.5925 25.5925 25.5925 25.5925 22.5391 22.5391 22.5391 22.5391 22.5391 22.5391 22.5391 19.5643 19.5643 19.5643 19.5643 19.5643 19.5643 19.5643 17.0034 68.7671 68.7671 66.2974 23.7387 
Ibias = 9.4000 9.4000 9.4000 9.4000 9.4000 9.4000 9.4000 9.4000 2.0000 2.0000 2.0000 2.0000 2.0000 2.0000 2.0000 2.0000 2.0000 2.0000 2.0000 2.0000 2.0000 2.0000 -2.0000 16.0000 16.0000 10.0000 -11.0000 
fa1 = 0.8877 0.2988 0.2988 0.2988 0.2988 0.2988 0.2988 0.2988 0.2266 0.2266 0.2266 0.2266 0.2266 0.2266 0.2266 0.1885 0.1885 0.1885 0.1885 0.1885 0.1885 0.1885 0.1677 57.7333 57.7333 35.6240 2.1115 
fa2 = 0.8871 0.2986 0.2986 0.2986 0.2986 0.2986 0.2986 0.2986 0.2265 0.2265 0.2265 0.2265 0.2265 0.2265 0.2265 0.1884 0.1884 0.1884 0.1884 0.1884 0.1884 0.1884 0.1677 58.4583 58.4583 36.0355 2.1004 
fa3 = 0.8871 0.2986 0.2986 0.2986 0.2986 0.2986 0.2986 0.2986 0.2265 0.2265 0.2265 0.2265 0.2265 0.2265 0.2265 0.1884 0.1884 0.1884 0.1884 0.1884 0.1884 0.1884 0.1677 58.4675 58.4675 36.0402 2.1004 
fa4 = 0.8865 0.2984 0.2984 0.2984 0.2984 0.2984 0.2984 0.2984 0.2264 0.2264 0.2264 0.2264 0.2264 0.2264 0.2264 0.1883 0.1883 0.1883 0.1883 0.1883 0.1883 0.1883 0.1676 59.2088 59.2088 36.4591 2.0894 
fb1 = -0.2132 -0.2385 -0.2385 -0.2385 -0.2385 -0.2385 -0.2385 -0.2385 -0.2489 -0.2489 -0.2489 -0.2489 -0.2489 -0.2489 -0.2489 -0.2589 -0.2589 -0.2589 -0.2589 -0.2589 -0.2589 -0.2589 -0.2675 0.0625 0.0625 0.0392 -0.0924 
fb2 = -0.2131 -0.2385 -0.2385 -0.2385 -0.2385 -0.2385 -0.2385 -0.2385 -0.2489 -0.2489 -0.2489 -0.2489 -0.2489 -0.2489 -0.2489 -0.2589 -0.2589 -0.2589 -0.2589 -0.2589 -0.2589 -0.2589 -0.2674 0.0636 0.0636 0.0399 -0.0924 
fb3 = -0.2131 -0.2385 -0.2385 -0.2385 -0.2385 -0.2385 -0.2385 -0.2385 -0.2489 -0.2489 -0.2489 -0.2489 -0.2489 -0.2489 -0.2489 -0.2589 -0.2589 -0.2589 -0.2589 -0.2589 -0.2589 -0.2589 -0.2674 0.0636 0.0636 0.0400 -0.0924 
fb4 = -0.2131 -0.2384 -0.2384 -0.2384 -0.2384 -0.2384 -0.2384 -0.2384 -0.2488 -0.2488 -0.2488 -0.2488 -0.2488 -0.2488 -0.2488 -0.2588 -0.2588 -0.2588 -0.2588 -0.2588 -0.2588 -0.2588 -0.2673 0.0648 0.0648 0.0407 -0.0923 
I = 14.9000 9.4000 9.4000 9.4000 9.4000 9.4000 9.4000 9.4000 6.0000 6.0000 6.0000 6.0000 6.0000 6.0000 6.0000 2.0000 2.0000 2.0000 2.0000 2.0000 2.0000 2.0000 -2.0000 25.5072 25.5072 10.0000 0.1562 
S1 = 0.0000 0.0000 0.0000 0.0000 0.0000 0.0000 0.0000 0.0000 0.0000 0.0000 0.0000 0.0000 0.0000 0.0000 0.0000 0.0000 0.0000 0.0000 0.0000 0.0000 0.0000 0.0000 0.0000 0.0000 0.0000 0.0000 0.0000 
S2 = 0.0000 0.0000 0.0000 0.0000 0.0000 0.0000 0.0000 0.0000 0.0000 0.0000 0.0000 0.0000 0.0000 0.0000 0.0000 0.0000 0.0000 0.0000 0.0000 0.0000 0.0000 0.0000 0.0000 1.5072 1.5072 0.0000 11.1562 
u = 8.6154 8.5203 8.5203 8.5203 8.5203 8.5203 8.5203 8.5203 8.4741 8.4741 8.4741 8.4741 8.4741 8.4741 8.4741 8.4266 8.4266 8.4266 8.4266 8.4266 8.4266 8.4266 8.3841 10.6299 10.6299 11.2981 9.3687 
v = 32.8849 25.5955 25.5955 25.5955 25.5955 25.5955 25.5955 25.5955 22.5413 22.5413 22.5413 22.5413 22.5413 22.5413 22.5413 19.5662 19.5662 19.5662 19.5662 19.5662 19.5662 19.5662 17.0050 69.3518 69.3518 66.6578 23.7597 
