ExternalI = 5.5000 0.0000 0.0000 0.0000 0.0000 0.0000 0.0000 0.0000 4.0000 4.0000 4.0000 4.0000 4.0000 4.0000 4.0000 0.0000 0.0000 0.0000 0.0000 0.0000 0.0000 0.0000 0.0000 8.0000 8.0000 0.0000 0.0000 
before u = 8.6154 8.5203 8.5203 8.5203 8.5203 8.5203 8.5203 8.5203 8.4741 8.4741 8.4741 8.4741 8.4741 8.4741 8.4741 8.4266 8.4266 8.4266 8.4266 8.4266 8.4266 8.4266 8.3841 10.6299 10.6299 11.2981 9.3687 
before v = 32.8849 25.5955 25.5955 25.5955 25.5955 25.5955 25.5955 25.5955 22.5413 22.5413 22.5413 22.5413 22.5413 22.5413 22.5413 19.5662 19.5662 19.5662 19.5662 19.5662 19.5662 19.5662 17.0050 69.3518 69.3518 66.6578 23.7597 
Ibias = 9.4000 9.4000 9.4000 9.4000 9.4000 9.4000 9.4000 9.4000 2.0000 2.0000 2.0000 2.0000 2.0000 2.0000 2.0000 2.0000 2.0000 2.0000 2.0000 2.0000 2.0000 2.0000 -2.0000 16.0000 16.0000 10.0000 -11.0000 
fa1 = 0.8865 0.2984 0.2984 0.2984 0.2984 0.2984 0.2984 0.2984 0.2264 0.2264 0.2264 0.2264 0.2264 0.2264 0.2264 0.1883 0.1883 0.1883 0.1883 0.1883 0.1883 0.1883 0.1676 59.2057 59.2057 36.4591 2.0670 
fa2 = 0.8860 0.2981 0.2981 0.2981 0.2981 0.2981 0.2981 0.2981 0.2263 0.2263 0.2263 0.2263 0.2263 0.2263 0.2263 0.1883 0.1883 0.1883 0.1883 0.1883 0.1883 0.1883 0.1676 59.9632 59.9632 36.8855 2.0561 
fa3 = 0.8860 0.2981 0.2981 0.2981 0.2981 0.2981 0.2981 0.2981 0.2263 0.2263 0.2263 0.2263 0.2263 0.2263 0.2263 0.1883 0.1883 0.1883 0.1883 0.1883 0.1883 0.1883 0.1676 59.9730 59.9730 36.8905 2.0562 
fa4 = 0.8854 0.2979 0.2979 0.2979 0.2979 0.2979 0.2979 0.2979 0.2261 0.2261 0.2261 0.2261 0.2261 0.2261 0.2261 0.1882 0.1882 0.1882 0.1882 0.1882 0.1882 0.1882 0.1676 60.7477 60.7477 37.3247 2.0454 
fb1 = -0.2131 -0.2384 -0.2384 -0.2384 -0.2384 -0.2384 -0.2384 -0.2384 -0.2488 -0.2488 -0.2488 -0.2488 -0.2488 -0.2488 -0.2488 -0.2588 -0.2588 -0.2588 -0.2588 -0.2588 -0.2588 -0.2588 -0.2673 0.0648 0.0648 0.0407 -0.0923 
fb2 = -0.2130 -0.2384 -0.2384 -0.2384 -0.2384 -0.2384 -0.2384 -0.2384 -0.2487 -0.2487 -0.2487 -0.2487 -0.2487 -0.2487 -0.2487 -0.2587 -0.2587 -0.2587 -0.2587 -0.2587 -0.2587 -0.2587 -0.2673 0.0660 0.0660 0.0414 -0.0923 
fb3 = -0.2130 -0.2384 -0.2384 -0.2384 -0.2384 -0.2384 -0.2384 -0.2384 -0.2487 -0.2487 -0.2487 -0.2487 -0.2487 -0.2487 -0.2487 -0.2587 -0.2587 -0.2587 -0.2587 -0.2587 -0.2587 -0.2587 -0.2673 0.0660 0.0660 0.0414 -0.0923 
fb4 = -0.2130 -0.2383 -0.2383 -0.2383 -0.2383 -0.2383 -0.2383 -0.2383 -0.2487 -0.2487 -0.2487 -0.2487 -0.2487 -0.2487 -0.2487 -0.2587 -0.2587 -0.2587 -0.2587 -0.2587 -0.2587 -0.2587 -0.2672 0.0672 0.0672 0.0421 -0.0922 
I = 14.9000 9.4000 9.4000 9.4000 9.4000 9.4000 9.4000 9.4000 6.0000 6.0000 6.0000 6.0000 6.0000 6.0000 6.0000 2.0000 2.0000 2.0000 2.0000 2.0000 2.0000 2.0000 -2.0000 25.5042 25.5042 10.0000 0.1339 
S1 = 0.0000 0.0000 0.0000 0.0000 0.0000 0.0000 0.0000 0.0000 0.0000 0.0000 0.0000 0.0000 0.0000 0.0000 0.0000 0.0000 0.0000 0.0000 0.0000 0.0000 0.0000 0.0000 0.0000 0.0000 0.0000 0.0000 0.0000 
S2 = 0.0000 0.0000 0.0000 0.0000 0.0000 0.0000 0.0000 0.0000 0.0000 0.0000 0.0000 0.0000 0.0000 0.0000 0.0000 0.0000 0.0000 0.0000 0.0000 0.0000 0.0000 0.0000 0.0000 1.5042 1.5042 0.0000 11.1339 
u = 8.6133 8.5179 8.5179 8.5179 8.5179 8.5179 8.5179 8.5179 8.4716 8.4716 8.4716 8.4716 8.4716 8.4716 8.4716 8.4240 8.4240 8.4240 8.4240 8.4240 8.4240 8.4240 8.3814 10.6305 10.6305 11.2985 9.3678 
v = 32.8937 25.5985 25.5985 25.5985 25.5985 25.5985 25.5985 25.5985 22.5436 22.5436 22.5436 22.5436 22.5436 22.5436 22.5436 19.5681 19.5681 19.5681 19.5681 19.5681 19.5681 19.5681 17.0067 69.9515 69.9515 67.0267 23.7802 
