ExternalI = 5.5000 0.0000 0.0000 0.0000 0.0000 0.0000 0.0000 0.0000 4.0000 4.0000 4.0000 4.0000 4.0000 4.0000 4.0000 0.0000 0.0000 0.0000 0.0000 0.0000 0.0000 0.0000 0.0000 8.0000 8.0000 0.0000 0.0000 
before u = 8.6133 8.5179 8.5179 8.5179 8.5179 8.5179 8.5179 8.5179 8.4716 8.4716 8.4716 8.4716 8.4716 8.4716 8.4716 8.4240 8.4240 8.4240 8.4240 8.4240 8.4240 8.4240 8.3814 10.6305 10.6305 11.2985 9.3678 
before v = 32.8937 25.5985 25.5985 25.5985 25.5985 25.5985 25.5985 25.5985 22.5436 22.5436 22.5436 22.5436 22.5436 22.5436 22.5436 19.5681 19.5681 19.5681 19.5681 19.5681 19.5681 19.5681 17.0067 69.9515 69.9515 67.0267 23.7802 
Ibias = 9.4000 9.4000 9.4000 9.4000 9.4000 9.4000 9.4000 9.4000 2.0000 2.0000 2.0000 2.0000 2.0000 2.0000 2.0000 2.0000 2.0000 2.0000 2.0000 2.0000 2.0000 2.0000 -2.0000 16.0000 16.0000 10.0000 -11.0000 
fa1 = 0.8854 0.2979 0.2979 0.2979 0.2979 0.2979 0.2979 0.2979 0.2261 0.2261 0.2261 0.2261 0.2261 0.2261 0.2261 0.1882 0.1882 0.1882 0.1882 0.1882 0.1882 0.1882 0.1676 60.7446 60.7446 37.3246 2.0231 
fa2 = 0.8848 0.2977 0.2977 0.2977 0.2977 0.2977 0.2977 0.2977 0.2260 0.2260 0.2260 0.2260 0.2260 0.2260 0.2260 0.1882 0.1882 0.1882 0.1882 0.1882 0.1882 0.1882 0.1675 61.5364 61.5364 37.7666 2.0125 
fa3 = 0.8848 0.2977 0.2977 0.2977 0.2977 0.2977 0.2977 0.2977 0.2260 0.2260 0.2260 0.2260 0.2260 0.2260 0.2260 0.1882 0.1882 0.1882 0.1882 0.1882 0.1882 0.1882 0.1675 61.5468 61.5468 37.7719 2.0125 
fa4 = 0.8843 0.2974 0.2974 0.2974 0.2974 0.2974 0.2974 0.2974 0.2259 0.2259 0.2259 0.2259 0.2259 0.2259 0.2259 0.1881 0.1881 0.1881 0.1881 0.1881 0.1881 0.1881 0.1675 62.3569 62.3569 38.2221 2.0020 
fb1 = -0.2130 -0.2383 -0.2383 -0.2383 -0.2383 -0.2383 -0.2383 -0.2383 -0.2487 -0.2487 -0.2487 -0.2487 -0.2487 -0.2487 -0.2487 -0.2587 -0.2587 -0.2587 -0.2587 -0.2587 -0.2587 -0.2587 -0.2672 0.0672 0.0672 0.0421 -0.0922 
fb2 = -0.2129 -0.2383 -0.2383 -0.2383 -0.2383 -0.2383 -0.2383 -0.2383 -0.2486 -0.2486 -0.2486 -0.2486 -0.2486 -0.2486 -0.2486 -0.2586 -0.2586 -0.2586 -0.2586 -0.2586 -0.2586 -0.2586 -0.2672 0.0684 0.0684 0.0429 -0.0922 
fb3 = -0.2129 -0.2383 -0.2383 -0.2383 -0.2383 -0.2383 -0.2383 -0.2383 -0.2486 -0.2486 -0.2486 -0.2486 -0.2486 -0.2486 -0.2486 -0.2586 -0.2586 -0.2586 -0.2586 -0.2586 -0.2586 -0.2586 -0.2672 0.0684 0.0684 0.0429 -0.0922 
fb4 = -0.2128 -0.2382 -0.2382 -0.2382 -0.2382 -0.2382 -0.2382 -0.2382 -0.2486 -0.2486 -0.2486 -0.2486 -0.2486 -0.2486 -0.2486 -0.2586 -0.2586 -0.2586 -0.2586 -0.2586 -0.2586 -0.2586 -0.2671 0.0696 0.0696 0.0436 -0.0921 
I = 14.9000 9.4000 9.4000 9.4000 9.4000 9.4000 9.4000 9.4000 6.0000 6.0000 6.0000 6.0000 6.0000 6.0000 6.0000 2.0000 2.0000 2.0000 2.0000 2.0000 2.0000 2.0000 -2.0000 25.5012 25.5012 10.0000 0.1116 
S1 = 0.0000 0.0000 0.0000 0.0000 0.0000 0.0000 0.0000 0.0000 0.0000 0.0000 0.0000 0.0000 0.0000 0.0000 0.0000 0.0000 0.0000 0.0000 0.0000 0.0000 0.0000 0.0000 0.0000 0.0000 0.0000 0.0000 0.0000 
S2 = 0.0000 0.0000 0.0000 0.0000 0.0000 0.0000 0.0000 0.0000 0.0000 0.0000 0.0000 0.0000 0.0000 0.0000 0.0000 0.0000 0.0000 0.0000 0.0000 0.0000 0.0000 0.0000 0.0000 1.5012 1.5012 0.0000 11.1116 
u = 8.6112 8.5156 8.5156 8.5156 8.5156 8.5156 8.5156 8.5156 8.4691 8.4691 8.4691 8.4691 8.4691 8.4691 8.4691 8.4214 8.4214 8.4214 8.4214 8.4214 8.4214 8.4214 8.3788 10.6312 10.6312 11.2989 9.3669 
v = 32.9026 25.6015 25.6015 25.6015 25.6015 25.6015 25.6015 25.6015 22.5458 22.5458 22.5458 22.5458 22.5458 22.5458 22.5458 19.5699 19.5699 19.5699 19.5699 19.5699 19.5699 19.5699 17.0084 70.5669 70.5669 67.4044 23.8004 
