ExternalI = 5.5000 0.0000 0.0000 0.0000 0.0000 0.0000 0.0000 0.0000 4.0000 4.0000 4.0000 4.0000 4.0000 4.0000 4.0000 0.0000 0.0000 0.0000 0.0000 0.0000 0.0000 0.0000 0.0000 8.0000 8.0000 0.0000 0.0000 
before u = 8.6112 8.5156 8.5156 8.5156 8.5156 8.5156 8.5156 8.5156 8.4691 8.4691 8.4691 8.4691 8.4691 8.4691 8.4691 8.4214 8.4214 8.4214 8.4214 8.4214 8.4214 8.4214 8.3788 10.6312 10.6312 11.2989 9.3669 
before v = 32.9026 25.6015 25.6015 25.6015 25.6015 25.6015 25.6015 25.6015 22.5458 22.5458 22.5458 22.5458 22.5458 22.5458 22.5458 19.5699 19.5699 19.5699 19.5699 19.5699 19.5699 19.5699 17.0084 70.5669 70.5669 67.4044 23.8004 
Ibias = 9.4000 9.4000 9.4000 9.4000 9.4000 9.4000 9.4000 9.4000 2.0000 2.0000 2.0000 2.0000 2.0000 2.0000 2.0000 2.0000 2.0000 2.0000 2.0000 2.0000 2.0000 2.0000 -2.0000 16.0000 16.0000 10.0000 -11.0000 
fa1 = 0.8843 0.2974 0.2974 0.2974 0.2974 0.2974 0.2974 0.2974 0.2259 0.2259 0.2259 0.2259 0.2259 0.2259 0.2259 0.1881 0.1881 0.1881 0.1881 0.1881 0.1881 0.1881 0.1675 62.3538 62.3538 38.2221 1.9797 
fa2 = 0.8837 0.2972 0.2972 0.2972 0.2972 0.2972 0.2972 0.2972 0.2258 0.2258 0.2258 0.2258 0.2258 0.2258 0.2258 0.1881 0.1881 0.1881 0.1881 0.1881 0.1881 0.1881 0.1675 63.1821 63.1821 38.6805 1.9694 
fa3 = 0.8837 0.2972 0.2972 0.2972 0.2972 0.2972 0.2972 0.2972 0.2258 0.2258 0.2258 0.2258 0.2258 0.2258 0.2258 0.1881 0.1881 0.1881 0.1881 0.1881 0.1881 0.1881 0.1675 63.1932 63.1932 38.6861 1.9694 
fa4 = 0.8832 0.2970 0.2970 0.2970 0.2970 0.2970 0.2970 0.2970 0.2257 0.2257 0.2257 0.2257 0.2257 0.2257 0.2257 0.1880 0.1880 0.1880 0.1880 0.1880 0.1880 0.1880 0.1674 64.0408 64.0408 39.1531 1.9591 
fb1 = -0.2128 -0.2382 -0.2382 -0.2382 -0.2382 -0.2382 -0.2382 -0.2382 -0.2486 -0.2486 -0.2486 -0.2486 -0.2486 -0.2486 -0.2486 -0.2586 -0.2586 -0.2586 -0.2586 -0.2586 -0.2586 -0.2586 -0.2671 0.0696 0.0696 0.0436 -0.0921 
fb2 = -0.2128 -0.2382 -0.2382 -0.2382 -0.2382 -0.2382 -0.2382 -0.2382 -0.2485 -0.2485 -0.2485 -0.2485 -0.2485 -0.2485 -0.2485 -0.2585 -0.2585 -0.2585 -0.2585 -0.2585 -0.2585 -0.2585 -0.2671 0.0709 0.0709 0.0444 -0.0921 
fb3 = -0.2128 -0.2382 -0.2382 -0.2382 -0.2382 -0.2382 -0.2382 -0.2382 -0.2485 -0.2485 -0.2485 -0.2485 -0.2485 -0.2485 -0.2485 -0.2585 -0.2585 -0.2585 -0.2585 -0.2585 -0.2585 -0.2585 -0.2671 0.0709 0.0709 0.0444 -0.0921 
fb4 = -0.2127 -0.2381 -0.2381 -0.2381 -0.2381 -0.2381 -0.2381 -0.2381 -0.2485 -0.2485 -0.2485 -0.2485 -0.2485 -0.2485 -0.2485 -0.2585 -0.2585 -0.2585 -0.2585 -0.2585 -0.2585 -0.2585 -0.2670 0.0722 0.0722 0.0452 -0.0920 
I = 14.9000 9.4000 9.4000 9.4000 9.4000 9.4000 9.4000 9.4000 6.0000 6.0000 6.0000 6.0000 6.0000 6.0000 6.0000 2.0000 2.0000 2.0000 2.0000 2.0000 2.0000 2.0000 -2.0000 25.4982 25.4982 10.0000 0.0894 
S1 = 0.0000 0.0000 0.0000 0.0000 0.0000 0.0000 0.0000 0.0000 0.0000 0.0000 0.0000 0.0000 0.0000 0.0000 0.0000 0.0000 0.0000 0.0000 0.0000 0.0000 0.0000 0.0000 0.0000 0.0000 0.0000 0.0000 0.0000 
S2 = 0.0000 0.0000 0.0000 0.0000 0.0000 0.0000 0.0000 0.0000 0.0000 0.0000 0.0000 0.0000 0.0000 0.0000 0.0000 0.0000 0.0000 0.0000 0.0000 0.0000 0.0000 0.0000 0.0000 1.4982 1.4982 0.0000 11.0894 
u = 8.6090 8.5132 8.5132 8.5132 8.5132 8.5132 8.5132 8.5132 8.4667 8.4667 8.4667 8.4667 8.4667 8.4667 8.4667 8.4188 8.4188 8.4188 8.4188 8.4188 8.4188 8.4188 8.3761 10.6319 10.6319 11.2994 9.3660 
v = 32.9114 25.6044 25.6044 25.6044 25.6044 25.6044 25.6044 25.6044 22.5481 22.5481 22.5481 22.5481 22.5481 22.5481 22.5481 19.5718 19.5718 19.5718 19.5718 19.5718 19.5718 19.5718 17.0101 71.1988 71.1988 67.7913 23.8200 
