ExternalI = 5.5000 0.0000 0.0000 0.0000 0.0000 0.0000 0.0000 0.0000 4.0000 4.0000 4.0000 4.0000 4.0000 4.0000 4.0000 0.0000 0.0000 0.0000 0.0000 0.0000 0.0000 0.0000 0.0000 8.0000 8.0000 0.0000 0.0000 
before u = 8.6090 8.5132 8.5132 8.5132 8.5132 8.5132 8.5132 8.5132 8.4667 8.4667 8.4667 8.4667 8.4667 8.4667 8.4667 8.4188 8.4188 8.4188 8.4188 8.4188 8.4188 8.4188 8.3761 10.6319 10.6319 11.2994 9.3660 
before v = 32.9114 25.6044 25.6044 25.6044 25.6044 25.6044 25.6044 25.6044 22.5481 22.5481 22.5481 22.5481 22.5481 22.5481 22.5481 19.5718 19.5718 19.5718 19.5718 19.5718 19.5718 19.5718 17.0101 71.1988 71.1988 67.7913 23.8200 
Ibias = 9.4000 9.4000 9.4000 9.4000 9.4000 9.4000 9.4000 9.4000 2.0000 2.0000 2.0000 2.0000 2.0000 2.0000 2.0000 2.0000 2.0000 2.0000 2.0000 2.0000 2.0000 2.0000 -2.0000 16.0000 16.0000 10.0000 -11.0000 
fa1 = 0.8832 0.2970 0.2970 0.2970 0.2970 0.2970 0.2970 0.2970 0.2257 0.2257 0.2257 0.2257 0.2257 0.2257 0.2257 0.1880 0.1880 0.1880 0.1880 0.1880 0.1880 0.1880 0.1674 64.0377 64.0377 39.1531 1.9369 
fa2 = 0.8826 0.2968 0.2968 0.2968 0.2968 0.2968 0.2968 0.2968 0.2256 0.2256 0.2256 0.2256 0.2256 0.2256 0.2256 0.1879 0.1879 0.1879 0.1879 0.1879 0.1879 0.1879 0.1674 64.9047 64.9047 39.6288 1.9268 
fa3 = 0.8826 0.2968 0.2968 0.2968 0.2968 0.2968 0.2968 0.2968 0.2256 0.2256 0.2256 0.2256 0.2256 0.2256 0.2256 0.1879 0.1879 0.1879 0.1879 0.1879 0.1879 0.1879 0.1674 64.9164 64.9164 39.6346 1.9268 
fa4 = 0.8820 0.2966 0.2966 0.2966 0.2966 0.2966 0.2966 0.2966 0.2255 0.2255 0.2255 0.2255 0.2255 0.2255 0.2255 0.1879 0.1879 0.1879 0.1879 0.1879 0.1879 0.1879 0.1673 65.8039 65.8039 40.1194 1.9168 
fb1 = -0.2127 -0.2381 -0.2381 -0.2381 -0.2381 -0.2381 -0.2381 -0.2381 -0.2485 -0.2485 -0.2485 -0.2485 -0.2485 -0.2485 -0.2485 -0.2585 -0.2585 -0.2585 -0.2585 -0.2585 -0.2585 -0.2585 -0.2670 0.0722 0.0722 0.0452 -0.0920 
fb2 = -0.2127 -0.2381 -0.2381 -0.2381 -0.2381 -0.2381 -0.2381 -0.2381 -0.2484 -0.2484 -0.2484 -0.2484 -0.2484 -0.2484 -0.2484 -0.2584 -0.2584 -0.2584 -0.2584 -0.2584 -0.2584 -0.2584 -0.2669 0.0734 0.0734 0.0460 -0.0920 
fb3 = -0.2127 -0.2381 -0.2381 -0.2381 -0.2381 -0.2381 -0.2381 -0.2381 -0.2484 -0.2484 -0.2484 -0.2484 -0.2484 -0.2484 -0.2484 -0.2584 -0.2584 -0.2584 -0.2584 -0.2584 -0.2584 -0.2584 -0.2669 0.0734 0.0734 0.0460 -0.0920 
fb4 = -0.2126 -0.2380 -0.2380 -0.2380 -0.2380 -0.2380 -0.2380 -0.2380 -0.2484 -0.2484 -0.2484 -0.2484 -0.2484 -0.2484 -0.2484 -0.2584 -0.2584 -0.2584 -0.2584 -0.2584 -0.2584 -0.2584 -0.2669 0.0747 0.0747 0.0468 -0.0919 
I = 14.9000 9.4000 9.4000 9.4000 9.4000 9.4000 9.4000 9.4000 6.0000 6.0000 6.0000 6.0000 6.0000 6.0000 6.0000 2.0000 2.0000 2.0000 2.0000 2.0000 2.0000 2.0000 -2.0000 25.4952 25.4952 10.0000 0.0672 
S1 = 0.0000 0.0000 0.0000 0.0000 0.0000 0.0000 0.0000 0.0000 0.0000 0.0000 0.0000 0.0000 0.0000 0.0000 0.0000 0.0000 0.0000 0.0000 0.0000 0.0000 0.0000 0.0000 0.0000 0.0000 0.0000 0.0000 0.0000 
S2 = 0.0000 0.0000 0.0000 0.0000 0.0000 0.0000 0.0000 0.0000 0.0000 0.0000 0.0000 0.0000 0.0000 0.0000 0.0000 0.0000 0.0000 0.0000 0.0000 0.0000 0.0000 0.0000 0.0000 1.4952 1.4952 0.0000 11.0672 
u = 8.6069 8.5108 8.5108 8.5108 8.5108 8.5108 8.5108 8.5108 8.4642 8.4642 8.4642 8.4642 8.4642 8.4642 8.4642 8.4162 8.4162 8.4162 8.4162 8.4162 8.4162 8.4162 8.3734 10.6327 10.6327 11.2998 9.3650 
v = 32.9202 25.6074 25.6074 25.6074 25.6074 25.6074 25.6074 25.6074 22.5504 22.5504 22.5504 22.5504 22.5504 22.5504 22.5504 19.5737 19.5737 19.5737 19.5737 19.5737 19.5737 19.5737 17.0117 71.8480 71.8480 68.1876 23.8393 
