ExternalI = 5.5000 0.0000 0.0000 0.0000 0.0000 0.0000 0.0000 0.0000 4.0000 4.0000 4.0000 4.0000 4.0000 4.0000 4.0000 0.0000 0.0000 0.0000 0.0000 0.0000 0.0000 0.0000 0.0000 8.0000 8.0000 0.0000 0.0000 
before u = 8.6069 8.5108 8.5108 8.5108 8.5108 8.5108 8.5108 8.5108 8.4642 8.4642 8.4642 8.4642 8.4642 8.4642 8.4642 8.4162 8.4162 8.4162 8.4162 8.4162 8.4162 8.4162 8.3734 10.6327 10.6327 11.2998 9.3650 
before v = 32.9202 25.6074 25.6074 25.6074 25.6074 25.6074 25.6074 25.6074 22.5504 22.5504 22.5504 22.5504 22.5504 22.5504 22.5504 19.5737 19.5737 19.5737 19.5737 19.5737 19.5737 19.5737 17.0117 71.8480 71.8480 68.1876 23.8393 
Ibias = 9.4000 9.4000 9.4000 9.4000 9.4000 9.4000 9.4000 9.4000 2.0000 2.0000 2.0000 2.0000 2.0000 2.0000 2.0000 2.0000 2.0000 2.0000 2.0000 2.0000 2.0000 2.0000 -2.0000 16.0000 16.0000 10.0000 -11.0000 
fa1 = 0.8820 0.2966 0.2966 0.2966 0.2966 0.2966 0.2966 0.2966 0.2255 0.2255 0.2255 0.2255 0.2255 0.2255 0.2255 0.1879 0.1879 0.1879 0.1879 0.1879 0.1879 0.1879 0.1673 65.8009 65.8009 40.1194 1.8946 
fa2 = 0.8815 0.2963 0.2963 0.2963 0.2963 0.2963 0.2963 0.2963 0.2254 0.2254 0.2254 0.2254 0.2254 0.2254 0.2254 0.1878 0.1878 0.1878 0.1878 0.1878 0.1878 0.1878 0.1673 66.7089 66.7089 40.6132 1.8847 
fa3 = 0.8815 0.2963 0.2963 0.2963 0.2963 0.2963 0.2963 0.2963 0.2254 0.2254 0.2254 0.2254 0.2254 0.2254 0.2254 0.1878 0.1878 0.1878 0.1878 0.1878 0.1878 0.1878 0.1673 66.7215 66.7215 40.6193 1.8848 
fa4 = 0.8809 0.2961 0.2961 0.2961 0.2961 0.2961 0.2961 0.2961 0.2253 0.2253 0.2253 0.2253 0.2253 0.2253 0.2253 0.1878 0.1878 0.1878 0.1878 0.1878 0.1878 0.1878 0.1673 67.6513 67.6513 41.1227 1.8750 
fb1 = -0.2126 -0.2380 -0.2380 -0.2380 -0.2380 -0.2380 -0.2380 -0.2380 -0.2484 -0.2484 -0.2484 -0.2484 -0.2484 -0.2484 -0.2484 -0.2584 -0.2584 -0.2584 -0.2584 -0.2584 -0.2584 -0.2584 -0.2669 0.0747 0.0747 0.0468 -0.0919 
fb2 = -0.2125 -0.2379 -0.2379 -0.2379 -0.2379 -0.2379 -0.2379 -0.2379 -0.2483 -0.2483 -0.2483 -0.2483 -0.2483 -0.2483 -0.2483 -0.2583 -0.2583 -0.2583 -0.2583 -0.2583 -0.2583 -0.2583 -0.2668 0.0760 0.0760 0.0476 -0.0919 
fb3 = -0.2125 -0.2379 -0.2379 -0.2379 -0.2379 -0.2379 -0.2379 -0.2379 -0.2483 -0.2483 -0.2483 -0.2483 -0.2483 -0.2483 -0.2483 -0.2583 -0.2583 -0.2583 -0.2583 -0.2583 -0.2583 -0.2583 -0.2668 0.0761 0.0761 0.0476 -0.0919 
fb4 = -0.2125 -0.2379 -0.2379 -0.2379 -0.2379 -0.2379 -0.2379 -0.2379 -0.2483 -0.2483 -0.2483 -0.2483 -0.2483 -0.2483 -0.2483 -0.2582 -0.2582 -0.2582 -0.2582 -0.2582 -0.2582 -0.2582 -0.2668 0.0774 0.0774 0.0484 -0.0918 
I = 14.9000 9.4000 9.4000 9.4000 9.4000 9.4000 9.4000 9.4000 6.0000 6.0000 6.0000 6.0000 6.0000 6.0000 6.0000 2.0000 2.0000 2.0000 2.0000 2.0000 2.0000 2.0000 -2.0000 25.4922 25.4922 10.0000 0.0451 
S1 = 0.0000 0.0000 0.0000 0.0000 0.0000 0.0000 0.0000 0.0000 0.0000 0.0000 0.0000 0.0000 0.0000 0.0000 0.0000 0.0000 0.0000 0.0000 0.0000 0.0000 0.0000 0.0000 0.0000 0.0000 0.0000 0.0000 0.0000 
S2 = 0.0000 0.0000 0.0000 0.0000 0.0000 0.0000 0.0000 0.0000 0.0000 0.0000 0.0000 0.0000 0.0000 0.0000 0.0000 0.0000 0.0000 0.0000 0.0000 0.0000 0.0000 0.0000 0.0000 1.4922 1.4922 0.0000 11.0451 
u = 8.6048 8.5084 8.5084 8.5084 8.5084 8.5084 8.5084 8.5084 8.4617 8.4617 8.4617 8.4617 8.4617 8.4617 8.4617 8.4136 8.4136 8.4136 8.4136 8.4136 8.4136 8.4136 8.3707 10.6334 10.6334 11.3003 9.3641 
v = 32.9291 25.6104 25.6104 25.6104 25.6104 25.6104 25.6104 25.6104 22.5526 22.5526 22.5526 22.5526 22.5526 22.5526 22.5526 19.5756 19.5756 19.5756 19.5756 19.5756 19.5756 19.5756 17.0134 72.5152 72.5152 68.5938 23.8582 
