ExternalI = 5.5000 0.0000 0.0000 0.0000 0.0000 0.0000 0.0000 0.0000 4.0000 4.0000 4.0000 4.0000 4.0000 4.0000 4.0000 0.0000 0.0000 0.0000 0.0000 0.0000 0.0000 0.0000 0.0000 8.0000 8.0000 0.0000 0.0000 
before u = 8.6048 8.5084 8.5084 8.5084 8.5084 8.5084 8.5084 8.5084 8.4617 8.4617 8.4617 8.4617 8.4617 8.4617 8.4617 8.4136 8.4136 8.4136 8.4136 8.4136 8.4136 8.4136 8.3707 10.6334 10.6334 11.3003 9.3641 
before v = 32.9291 25.6104 25.6104 25.6104 25.6104 25.6104 25.6104 25.6104 22.5526 22.5526 22.5526 22.5526 22.5526 22.5526 22.5526 19.5756 19.5756 19.5756 19.5756 19.5756 19.5756 19.5756 17.0134 72.5152 72.5152 68.5938 23.8582 
Ibias = 9.4000 9.4000 9.4000 9.4000 9.4000 9.4000 9.4000 9.4000 2.0000 2.0000 2.0000 2.0000 2.0000 2.0000 2.0000 2.0000 2.0000 2.0000 2.0000 2.0000 2.0000 2.0000 -2.0000 16.0000 16.0000 10.0000 -11.0000 
fa1 = 0.8809 0.2961 0.2961 0.2961 0.2961 0.2961 0.2961 0.2961 0.2253 0.2253 0.2253 0.2253 0.2253 0.2253 0.2253 0.1878 0.1878 0.1878 0.1878 0.1878 0.1878 0.1878 0.1673 67.6483 67.6483 41.1227 1.8529 
fa2 = 0.8804 0.2959 0.2959 0.2959 0.2959 0.2959 0.2959 0.2959 0.2252 0.2252 0.2252 0.2252 0.2252 0.2252 0.2252 0.1877 0.1877 0.1877 0.1877 0.1877 0.1877 0.1877 0.1672 68.5999 68.5999 41.6356 1.8432 
fa3 = 0.8804 0.2959 0.2959 0.2959 0.2959 0.2959 0.2959 0.2959 0.2252 0.2252 0.2252 0.2252 0.2252 0.2252 0.2252 0.1877 0.1877 0.1877 0.1877 0.1877 0.1877 0.1877 0.1672 68.6134 68.6134 41.6420 1.8433 
fa4 = 0.8799 0.2957 0.2957 0.2957 0.2957 0.2957 0.2957 0.2957 0.2251 0.2251 0.2251 0.2251 0.2251 0.2251 0.2251 0.1877 0.1877 0.1877 0.1877 0.1877 0.1877 0.1877 0.1672 69.5883 69.5883 42.1650 1.8337 
fb1 = -0.2125 -0.2379 -0.2379 -0.2379 -0.2379 -0.2379 -0.2379 -0.2379 -0.2483 -0.2483 -0.2483 -0.2483 -0.2483 -0.2483 -0.2483 -0.2582 -0.2582 -0.2582 -0.2582 -0.2582 -0.2582 -0.2582 -0.2668 0.0774 0.0774 0.0484 -0.0918 
fb2 = -0.2124 -0.2378 -0.2378 -0.2378 -0.2378 -0.2378 -0.2378 -0.2378 -0.2482 -0.2482 -0.2482 -0.2482 -0.2482 -0.2482 -0.2482 -0.2582 -0.2582 -0.2582 -0.2582 -0.2582 -0.2582 -0.2582 -0.2667 0.0787 0.0787 0.0492 -0.0918 
fb3 = -0.2124 -0.2378 -0.2378 -0.2378 -0.2378 -0.2378 -0.2378 -0.2378 -0.2482 -0.2482 -0.2482 -0.2482 -0.2482 -0.2482 -0.2482 -0.2582 -0.2582 -0.2582 -0.2582 -0.2582 -0.2582 -0.2582 -0.2667 0.0788 0.0788 0.0492 -0.0918 
fb4 = -0.2124 -0.2378 -0.2378 -0.2378 -0.2378 -0.2378 -0.2378 -0.2378 -0.2481 -0.2481 -0.2481 -0.2481 -0.2481 -0.2481 -0.2481 -0.2581 -0.2581 -0.2581 -0.2581 -0.2581 -0.2581 -0.2581 -0.2667 0.0801 0.0801 0.0500 -0.0918 
I = 14.9000 9.4000 9.4000 9.4000 9.4000 9.4000 9.4000 9.4000 6.0000 6.0000 6.0000 6.0000 6.0000 6.0000 6.0000 2.0000 2.0000 2.0000 2.0000 2.0000 2.0000 2.0000 -2.0000 25.4892 25.4892 10.0000 0.0230 
S1 = 0.0000 0.0000 0.0000 0.0000 0.0000 0.0000 0.0000 0.0000 0.0000 0.0000 0.0000 0.0000 0.0000 0.0000 0.0000 0.0000 0.0000 0.0000 0.0000 0.0000 0.0000 0.0000 0.0000 0.0000 0.0000 0.0000 0.0000 
S2 = 0.0000 0.0000 0.0000 0.0000 0.0000 0.0000 0.0000 0.0000 0.0000 0.0000 0.0000 0.0000 0.0000 0.0000 0.0000 0.0000 0.0000 0.0000 0.0000 0.0000 0.0000 0.0000 0.0000 1.4892 1.4892 0.0000 11.0230 
u = 8.6027 8.5060 8.5060 8.5060 8.5060 8.5060 8.5060 8.5060 8.4592 8.4592 8.4592 8.4592 8.4592 8.4592 8.4592 8.4111 8.4111 8.4111 8.4111 8.4111 8.4111 8.4111 8.3681 10.6342 10.6342 11.3008 9.3632 
v = 32.9379 25.6133 25.6133 25.6133 25.6133 25.6133 25.6133 25.6133 22.5549 22.5549 22.5549 22.5549 22.5549 22.5549 22.5549 19.5774 19.5774 19.5774 19.5774 19.5774 19.5774 19.5774 17.0151 73.2013 73.2013 69.0102 23.8766 
