ExternalI = 5.5000 0.0000 0.0000 0.0000 0.0000 0.0000 0.0000 0.0000 4.0000 4.0000 4.0000 4.0000 4.0000 4.0000 4.0000 0.0000 0.0000 0.0000 0.0000 0.0000 0.0000 0.0000 0.0000 8.0000 8.0000 0.0000 0.0000 
before u = 8.6027 8.5060 8.5060 8.5060 8.5060 8.5060 8.5060 8.5060 8.4592 8.4592 8.4592 8.4592 8.4592 8.4592 8.4592 8.4111 8.4111 8.4111 8.4111 8.4111 8.4111 8.4111 8.3681 10.6342 10.6342 11.3008 9.3632 
before v = 32.9379 25.6133 25.6133 25.6133 25.6133 25.6133 25.6133 25.6133 22.5549 22.5549 22.5549 22.5549 22.5549 22.5549 22.5549 19.5774 19.5774 19.5774 19.5774 19.5774 19.5774 19.5774 17.0151 73.2013 73.2013 69.0102 23.8766 
Ibias = 9.4000 9.4000 9.4000 9.4000 9.4000 9.4000 9.4000 9.4000 2.0000 2.0000 2.0000 2.0000 2.0000 2.0000 2.0000 2.0000 2.0000 2.0000 2.0000 2.0000 2.0000 2.0000 -2.0000 16.0000 16.0000 10.0000 -11.0000 
fa1 = 0.8799 0.2957 0.2957 0.2957 0.2957 0.2957 0.2957 0.2957 0.2251 0.2251 0.2251 0.2251 0.2251 0.2251 0.2251 0.1877 0.1877 0.1877 0.1877 0.1877 0.1877 0.1877 0.1672 69.5852 69.5852 42.1649 1.8116 
fa2 = 0.8793 0.2955 0.2955 0.2955 0.2955 0.2955 0.2955 0.2955 0.2250 0.2250 0.2250 0.2250 0.2250 0.2250 0.2250 0.1876 0.1876 0.1876 0.1876 0.1876 0.1876 0.1876 0.1672 70.5834 70.5834 42.6979 1.8022 
fa3 = 0.8793 0.2955 0.2955 0.2955 0.2955 0.2955 0.2955 0.2955 0.2250 0.2250 0.2250 0.2250 0.2250 0.2250 0.2250 0.1876 0.1876 0.1876 0.1876 0.1876 0.1876 0.1876 0.1672 70.5978 70.5978 42.7047 1.8023 
fa4 = 0.8788 0.2952 0.2952 0.2952 0.2952 0.2952 0.2952 0.2952 0.2249 0.2249 0.2249 0.2249 0.2249 0.2249 0.2249 0.1876 0.1876 0.1876 0.1876 0.1876 0.1876 0.1876 0.1671 71.6207 71.6207 43.2482 1.7929 
fb1 = -0.2124 -0.2378 -0.2378 -0.2378 -0.2378 -0.2378 -0.2378 -0.2378 -0.2481 -0.2481 -0.2481 -0.2481 -0.2481 -0.2481 -0.2481 -0.2581 -0.2581 -0.2581 -0.2581 -0.2581 -0.2581 -0.2581 -0.2667 0.0801 0.0801 0.0500 -0.0918 
fb2 = -0.2123 -0.2377 -0.2377 -0.2377 -0.2377 -0.2377 -0.2377 -0.2377 -0.2481 -0.2481 -0.2481 -0.2481 -0.2481 -0.2481 -0.2481 -0.2581 -0.2581 -0.2581 -0.2581 -0.2581 -0.2581 -0.2581 -0.2666 0.0815 0.0815 0.0509 -0.0917 
fb3 = -0.2123 -0.2377 -0.2377 -0.2377 -0.2377 -0.2377 -0.2377 -0.2377 -0.2481 -0.2481 -0.2481 -0.2481 -0.2481 -0.2481 -0.2481 -0.2581 -0.2581 -0.2581 -0.2581 -0.2581 -0.2581 -0.2581 -0.2666 0.0815 0.0815 0.0509 -0.0917 
fb4 = -0.2122 -0.2377 -0.2377 -0.2377 -0.2377 -0.2377 -0.2377 -0.2377 -0.2480 -0.2480 -0.2480 -0.2480 -0.2480 -0.2480 -0.2480 -0.2580 -0.2580 -0.2580 -0.2580 -0.2580 -0.2580 -0.2580 -0.2665 0.0829 0.0829 0.0517 -0.0917 
I = 14.9000 9.4000 9.4000 9.4000 9.4000 9.4000 9.4000 9.4000 6.0000 6.0000 6.0000 6.0000 6.0000 6.0000 6.0000 2.0000 2.0000 2.0000 2.0000 2.0000 2.0000 2.0000 -2.0000 25.4862 25.4862 10.0000 0.0010 
S1 = 0.0000 0.0000 0.0000 0.0000 0.0000 0.0000 0.0000 0.0000 0.0000 0.0000 0.0000 0.0000 0.0000 0.0000 0.0000 0.0000 0.0000 0.0000 0.0000 0.0000 0.0000 0.0000 0.0000 0.0000 0.0000 0.0000 0.0000 
S2 = 0.0000 0.0000 0.0000 0.0000 0.0000 0.0000 0.0000 0.0000 0.0000 0.0000 0.0000 0.0000 0.0000 0.0000 0.0000 0.0000 0.0000 0.0000 0.0000 0.0000 0.0000 0.0000 0.0000 1.4862 1.4862 0.0000 11.0010 
u = 8.6005 8.5037 8.5037 8.5037 8.5037 8.5037 8.5037 8.5037 8.4567 8.4567 8.4567 8.4567 8.4567 8.4567 8.4567 8.4085 8.4085 8.4085 8.4085 8.4085 8.4085 8.4085 8.3654 10.6350 10.6350 11.3013 9.3623 
v = 32.9467 25.6163 25.6163 25.6163 25.6163 25.6163 25.6163 25.6163 22.5571 22.5571 22.5571 22.5571 22.5571 22.5571 22.5571 19.5793 19.5793 19.5793 19.5793 19.5793 19.5793 19.5793 17.0168 73.9072 73.9072 69.4372 23.8946 
