ExternalI = 5.5000 0.0000 0.0000 0.0000 0.0000 0.0000 0.0000 0.0000 4.0000 4.0000 4.0000 4.0000 4.0000 4.0000 4.0000 0.0000 0.0000 0.0000 0.0000 0.0000 0.0000 0.0000 0.0000 8.0000 8.0000 0.0000 0.0000 
before u = 8.6005 8.5037 8.5037 8.5037 8.5037 8.5037 8.5037 8.5037 8.4567 8.4567 8.4567 8.4567 8.4567 8.4567 8.4567 8.4085 8.4085 8.4085 8.4085 8.4085 8.4085 8.4085 8.3654 10.6350 10.6350 11.3013 9.3623 
before v = 32.9467 25.6163 25.6163 25.6163 25.6163 25.6163 25.6163 25.6163 22.5571 22.5571 22.5571 22.5571 22.5571 22.5571 22.5571 19.5793 19.5793 19.5793 19.5793 19.5793 19.5793 19.5793 17.0168 73.9072 73.9072 69.4372 23.8946 
Ibias = 9.4000 9.4000 9.4000 9.4000 9.4000 9.4000 9.4000 9.4000 2.0000 2.0000 2.0000 2.0000 2.0000 2.0000 2.0000 2.0000 2.0000 2.0000 2.0000 2.0000 2.0000 2.0000 -2.0000 16.0000 16.0000 10.0000 -11.0000 
fa1 = 0.8788 0.2952 0.2952 0.2952 0.2952 0.2952 0.2952 0.2952 0.2249 0.2249 0.2249 0.2249 0.2249 0.2249 0.2249 0.1876 0.1876 0.1876 0.1876 0.1876 0.1876 0.1876 0.1671 71.6176 71.6176 43.2482 1.7709 
fa2 = 0.8782 0.2950 0.2950 0.2950 0.2950 0.2950 0.2950 0.2950 0.2248 0.2248 0.2248 0.2248 0.2248 0.2248 0.2248 0.1875 0.1875 0.1875 0.1875 0.1875 0.1875 0.1875 0.1671 72.6653 72.6653 43.8023 1.7618 
fa3 = 0.8782 0.2950 0.2950 0.2950 0.2950 0.2950 0.2950 0.2950 0.2248 0.2248 0.2248 0.2248 0.2248 0.2248 0.2248 0.1875 0.1875 0.1875 0.1875 0.1875 0.1875 0.1875 0.1671 72.6807 72.6807 43.8094 1.7618 
fa4 = 0.8777 0.2948 0.2948 0.2948 0.2948 0.2948 0.2948 0.2948 0.2247 0.2247 0.2247 0.2247 0.2247 0.2247 0.2247 0.1874 0.1874 0.1874 0.1874 0.1874 0.1874 0.1874 0.1671 73.7548 73.7548 44.3746 1.7527 
fb1 = -0.2122 -0.2377 -0.2377 -0.2377 -0.2377 -0.2377 -0.2377 -0.2377 -0.2480 -0.2480 -0.2480 -0.2480 -0.2480 -0.2480 -0.2480 -0.2580 -0.2580 -0.2580 -0.2580 -0.2580 -0.2580 -0.2580 -0.2665 0.0829 0.0829 0.0517 -0.0917 
fb2 = -0.2122 -0.2376 -0.2376 -0.2376 -0.2376 -0.2376 -0.2376 -0.2376 -0.2480 -0.2480 -0.2480 -0.2480 -0.2480 -0.2480 -0.2480 -0.2580 -0.2580 -0.2580 -0.2580 -0.2580 -0.2580 -0.2580 -0.2665 0.0844 0.0844 0.0526 -0.0916 
fb3 = -0.2122 -0.2376 -0.2376 -0.2376 -0.2376 -0.2376 -0.2376 -0.2376 -0.2480 -0.2480 -0.2480 -0.2480 -0.2480 -0.2480 -0.2480 -0.2580 -0.2580 -0.2580 -0.2580 -0.2580 -0.2580 -0.2580 -0.2665 0.0844 0.0844 0.0526 -0.0916 
fb4 = -0.2121 -0.2376 -0.2376 -0.2376 -0.2376 -0.2376 -0.2376 -0.2376 -0.2479 -0.2479 -0.2479 -0.2479 -0.2479 -0.2479 -0.2479 -0.2579 -0.2579 -0.2579 -0.2579 -0.2579 -0.2579 -0.2579 -0.2664 0.0858 0.0858 0.0535 -0.0916 
I = 14.9000 9.4000 9.4000 9.4000 9.4000 9.4000 9.4000 9.4000 6.0000 6.0000 6.0000 6.0000 6.0000 6.0000 6.0000 2.0000 2.0000 2.0000 2.0000 2.0000 2.0000 2.0000 -2.0000 25.4833 25.4833 10.0000 -0.0210 
S1 = 0.0000 0.0000 0.0000 0.0000 0.0000 0.0000 0.0000 0.0000 0.0000 0.0000 0.0000 0.0000 0.0000 0.0000 0.0000 0.0000 0.0000 0.0000 0.0000 0.0000 0.0000 0.0000 0.0000 0.0000 0.0000 0.0000 0.0000 
S2 = 0.0000 0.0000 0.0000 0.0000 0.0000 0.0000 0.0000 0.0000 0.0000 0.0000 0.0000 0.0000 0.0000 0.0000 0.0000 0.0000 0.0000 0.0000 0.0000 0.0000 0.0000 0.0000 0.0000 1.4833 1.4833 0.0000 10.9790 
u = 8.5984 8.5013 8.5013 8.5013 8.5013 8.5013 8.5013 8.5013 8.4542 8.4542 8.4542 8.4542 8.4542 8.4542 8.4542 8.4059 8.4059 8.4059 8.4059 8.4059 8.4059 8.4059 8.3627 10.6359 10.6359 11.3018 9.3614 
v = 32.9554 25.6192 25.6192 25.6192 25.6192 25.6192 25.6192 25.6192 22.5594 22.5594 22.5594 22.5594 22.5594 22.5594 22.5594 19.5812 19.5812 19.5812 19.5812 19.5812 19.5812 19.5812 17.0184 74.6340 74.6340 69.8753 23.9122 
