ExternalI = 5.5000 0.0000 0.0000 0.0000 0.0000 0.0000 0.0000 0.0000 4.0000 4.0000 4.0000 4.0000 4.0000 4.0000 4.0000 0.0000 0.0000 0.0000 0.0000 0.0000 0.0000 0.0000 0.0000 8.0000 8.0000 0.0000 0.0000 
before u = 8.5984 8.5013 8.5013 8.5013 8.5013 8.5013 8.5013 8.5013 8.4542 8.4542 8.4542 8.4542 8.4542 8.4542 8.4542 8.4059 8.4059 8.4059 8.4059 8.4059 8.4059 8.4059 8.3627 10.6359 10.6359 11.3018 9.3614 
before v = 32.9554 25.6192 25.6192 25.6192 25.6192 25.6192 25.6192 25.6192 22.5594 22.5594 22.5594 22.5594 22.5594 22.5594 22.5594 19.5812 19.5812 19.5812 19.5812 19.5812 19.5812 19.5812 17.0184 74.6340 74.6340 69.8753 23.9122 
Ibias = 9.4000 9.4000 9.4000 9.4000 9.4000 9.4000 9.4000 9.4000 2.0000 2.0000 2.0000 2.0000 2.0000 2.0000 2.0000 2.0000 2.0000 2.0000 2.0000 2.0000 2.0000 2.0000 -2.0000 16.0000 16.0000 10.0000 -11.0000 
fa1 = 0.8777 0.2948 0.2948 0.2948 0.2948 0.2948 0.2948 0.2948 0.2247 0.2247 0.2247 0.2247 0.2247 0.2247 0.2247 0.1874 0.1874 0.1874 0.1874 0.1874 0.1874 0.1874 0.1671 73.7518 73.7518 44.3746 1.7307 
fa2 = 0.8772 0.2946 0.2946 0.2946 0.2946 0.2946 0.2946 0.2946 0.2246 0.2246 0.2246 0.2246 0.2246 0.2246 0.2246 0.1874 0.1874 0.1874 0.1874 0.1874 0.1874 0.1874 0.1670 74.8522 74.8522 44.9510 1.7218 
fa3 = 0.8772 0.2946 0.2946 0.2946 0.2946 0.2946 0.2946 0.2946 0.2246 0.2246 0.2246 0.2246 0.2246 0.2246 0.2246 0.1874 0.1874 0.1874 0.1874 0.1874 0.1874 0.1874 0.1670 74.8687 74.8687 44.9585 1.7218 
fa4 = 0.8766 0.2944 0.2944 0.2944 0.2944 0.2944 0.2944 0.2944 0.2245 0.2245 0.2245 0.2245 0.2245 0.2245 0.2245 0.1873 0.1873 0.1873 0.1873 0.1873 0.1873 0.1873 0.1670 75.9974 75.9974 45.5466 1.7129 
fb1 = -0.2121 -0.2376 -0.2376 -0.2376 -0.2376 -0.2376 -0.2376 -0.2376 -0.2479 -0.2479 -0.2479 -0.2479 -0.2479 -0.2479 -0.2479 -0.2579 -0.2579 -0.2579 -0.2579 -0.2579 -0.2579 -0.2579 -0.2664 0.0858 0.0858 0.0535 -0.0916 
fb2 = -0.2121 -0.2375 -0.2375 -0.2375 -0.2375 -0.2375 -0.2375 -0.2375 -0.2479 -0.2479 -0.2479 -0.2479 -0.2479 -0.2479 -0.2479 -0.2579 -0.2579 -0.2579 -0.2579 -0.2579 -0.2579 -0.2579 -0.2664 0.0873 0.0873 0.0543 -0.0915 
fb3 = -0.2121 -0.2375 -0.2375 -0.2375 -0.2375 -0.2375 -0.2375 -0.2375 -0.2479 -0.2479 -0.2479 -0.2479 -0.2479 -0.2479 -0.2479 -0.2579 -0.2579 -0.2579 -0.2579 -0.2579 -0.2579 -0.2579 -0.2664 0.0873 0.0873 0.0544 -0.0915 
fb4 = -0.2120 -0.2375 -0.2375 -0.2375 -0.2375 -0.2375 -0.2375 -0.2375 -0.2478 -0.2478 -0.2478 -0.2478 -0.2478 -0.2478 -0.2478 -0.2578 -0.2578 -0.2578 -0.2578 -0.2578 -0.2578 -0.2578 -0.2663 0.0888 0.0888 0.0553 -0.0915 
I = 14.9000 9.4000 9.4000 9.4000 9.4000 9.4000 9.4000 9.4000 6.0000 6.0000 6.0000 6.0000 6.0000 6.0000 6.0000 2.0000 2.0000 2.0000 2.0000 2.0000 2.0000 2.0000 -2.0000 25.4803 25.4803 10.0000 -0.0430 
S1 = 0.0000 0.0000 0.0000 0.0000 0.0000 0.0000 0.0000 0.0000 0.0000 0.0000 0.0000 0.0000 0.0000 0.0000 0.0000 0.0000 0.0000 0.0000 0.0000 0.0000 0.0000 0.0000 0.0000 0.0000 0.0000 0.0000 0.0000 
S2 = 0.0000 0.0000 0.0000 0.0000 0.0000 0.0000 0.0000 0.0000 0.0000 0.0000 0.0000 0.0000 0.0000 0.0000 0.0000 0.0000 0.0000 0.0000 0.0000 0.0000 0.0000 0.0000 0.0000 1.4803 1.4803 0.0000 10.9570 
u = 8.5963 8.4989 8.4989 8.4989 8.4989 8.4989 8.4989 8.4989 8.4518 8.4518 8.4518 8.4518 8.4518 8.4518 8.4518 8.4033 8.4033 8.4033 8.4033 8.4033 8.4033 8.4033 8.3601 10.6367 10.6367 11.3024 9.3605 
v = 32.9642 25.6222 25.6222 25.6222 25.6222 25.6222 25.6222 25.6222 22.5616 22.5616 22.5616 22.5616 22.5616 22.5616 22.5616 19.5831 19.5831 19.5831 19.5831 19.5831 19.5831 19.5831 17.0201 75.3826 75.3826 70.3249 23.9295 
