ExternalI = 5.5000 0.0000 0.0000 0.0000 0.0000 0.0000 0.0000 0.0000 4.0000 4.0000 4.0000 4.0000 4.0000 4.0000 4.0000 0.0000 0.0000 0.0000 0.0000 0.0000 0.0000 0.0000 0.0000 8.0000 8.0000 0.0000 0.0000 
before u = 8.5963 8.4989 8.4989 8.4989 8.4989 8.4989 8.4989 8.4989 8.4518 8.4518 8.4518 8.4518 8.4518 8.4518 8.4518 8.4033 8.4033 8.4033 8.4033 8.4033 8.4033 8.4033 8.3601 10.6367 10.6367 11.3024 9.3605 
before v = 32.9642 25.6222 25.6222 25.6222 25.6222 25.6222 25.6222 25.6222 22.5616 22.5616 22.5616 22.5616 22.5616 22.5616 22.5616 19.5831 19.5831 19.5831 19.5831 19.5831 19.5831 19.5831 17.0201 75.3826 75.3826 70.3249 23.9295 
Ibias = 9.4000 9.4000 9.4000 9.4000 9.4000 9.4000 9.4000 9.4000 2.0000 2.0000 2.0000 2.0000 2.0000 2.0000 2.0000 2.0000 2.0000 2.0000 2.0000 2.0000 2.0000 2.0000 -2.0000 16.0000 16.0000 10.0000 -11.0000 
fa1 = 0.8766 0.2944 0.2944 0.2944 0.2944 0.2944 0.2944 0.2944 0.2245 0.2245 0.2245 0.2245 0.2245 0.2245 0.2245 0.1873 0.1873 0.1873 0.1873 0.1873 0.1873 0.1873 0.1670 75.9944 75.9944 45.5465 1.6910 
fa2 = 0.8761 0.2942 0.2942 0.2942 0.2942 0.2942 0.2942 0.2942 0.2244 0.2244 0.2244 0.2244 0.2244 0.2244 0.2244 0.1873 0.1873 0.1873 0.1873 0.1873 0.1873 0.1873 0.1669 77.1512 77.1512 46.1463 1.6823 
fa3 = 0.8761 0.2942 0.2942 0.2942 0.2942 0.2942 0.2942 0.2942 0.2244 0.2244 0.2244 0.2244 0.2244 0.2244 0.2244 0.1873 0.1873 0.1873 0.1873 0.1873 0.1873 0.1873 0.1669 77.1689 77.1689 46.1543 1.6823 
fa4 = 0.8756 0.2940 0.2940 0.2940 0.2940 0.2940 0.2940 0.2940 0.2243 0.2243 0.2243 0.2243 0.2243 0.2243 0.2243 0.1872 0.1872 0.1872 0.1872 0.1872 0.1872 0.1872 0.1669 78.3560 78.3560 46.7665 1.6737 
fb1 = -0.2120 -0.2375 -0.2375 -0.2375 -0.2375 -0.2375 -0.2375 -0.2375 -0.2478 -0.2478 -0.2478 -0.2478 -0.2478 -0.2478 -0.2478 -0.2578 -0.2578 -0.2578 -0.2578 -0.2578 -0.2578 -0.2578 -0.2663 0.0888 0.0888 0.0553 -0.0915 
fb2 = -0.2119 -0.2374 -0.2374 -0.2374 -0.2374 -0.2374 -0.2374 -0.2374 -0.2478 -0.2478 -0.2478 -0.2478 -0.2478 -0.2478 -0.2478 -0.2577 -0.2577 -0.2577 -0.2577 -0.2577 -0.2577 -0.2577 -0.2663 0.0903 0.0903 0.0562 -0.0914 
fb3 = -0.2119 -0.2374 -0.2374 -0.2374 -0.2374 -0.2374 -0.2374 -0.2374 -0.2478 -0.2478 -0.2478 -0.2478 -0.2478 -0.2478 -0.2478 -0.2577 -0.2577 -0.2577 -0.2577 -0.2577 -0.2577 -0.2577 -0.2663 0.0903 0.0903 0.0562 -0.0914 
fb4 = -0.2119 -0.2374 -0.2374 -0.2374 -0.2374 -0.2374 -0.2374 -0.2374 -0.2477 -0.2477 -0.2477 -0.2477 -0.2477 -0.2477 -0.2477 -0.2577 -0.2577 -0.2577 -0.2577 -0.2577 -0.2577 -0.2577 -0.2662 0.0919 0.0919 0.0571 -0.0914 
I = 14.9000 9.4000 9.4000 9.4000 9.4000 9.4000 9.4000 9.4000 6.0000 6.0000 6.0000 6.0000 6.0000 6.0000 6.0000 2.0000 2.0000 2.0000 2.0000 2.0000 2.0000 2.0000 -2.0000 25.4773 25.4773 10.0000 -0.0649 
S1 = 0.0000 0.0000 0.0000 0.0000 0.0000 0.0000 0.0000 0.0000 0.0000 0.0000 0.0000 0.0000 0.0000 0.0000 0.0000 0.0000 0.0000 0.0000 0.0000 0.0000 0.0000 0.0000 0.0000 0.0000 0.0000 0.0000 0.0000 
S2 = 0.0000 0.0000 0.0000 0.0000 0.0000 0.0000 0.0000 0.0000 0.0000 0.0000 0.0000 0.0000 0.0000 0.0000 0.0000 0.0000 0.0000 0.0000 0.0000 0.0000 0.0000 0.0000 0.0000 1.4773 1.4773 0.0000 10.9351 
u = 8.5942 8.4965 8.4965 8.4965 8.4965 8.4965 8.4965 8.4965 8.4493 8.4493 8.4493 8.4493 8.4493 8.4493 8.4493 8.4007 8.4007 8.4007 8.4007 8.4007 8.4007 8.4007 8.3574 10.6376 10.6376 11.3029 9.3595 
v = 32.9730 25.6251 25.6251 25.6251 25.6251 25.6251 25.6251 25.6251 22.5639 22.5639 22.5639 22.5639 22.5639 22.5639 22.5639 19.5849 19.5849 19.5849 19.5849 19.5849 19.5849 19.5849 17.0218 76.1543 76.1543 70.7864 23.9463 
