ExternalI = 5.5000 0.0000 0.0000 0.0000 0.0000 0.0000 0.0000 0.0000 4.0000 4.0000 4.0000 4.0000 4.0000 4.0000 4.0000 0.0000 0.0000 0.0000 0.0000 0.0000 0.0000 0.0000 0.0000 8.0000 8.0000 0.0000 0.0000 
before u = 8.5942 8.4965 8.4965 8.4965 8.4965 8.4965 8.4965 8.4965 8.4493 8.4493 8.4493 8.4493 8.4493 8.4493 8.4493 8.4007 8.4007 8.4007 8.4007 8.4007 8.4007 8.4007 8.3574 10.6376 10.6376 11.3029 9.3595 
before v = 32.9730 25.6251 25.6251 25.6251 25.6251 25.6251 25.6251 25.6251 22.5639 22.5639 22.5639 22.5639 22.5639 22.5639 22.5639 19.5849 19.5849 19.5849 19.5849 19.5849 19.5849 19.5849 17.0218 76.1543 76.1543 70.7864 23.9463 
Ibias = 9.4000 9.4000 9.4000 9.4000 9.4000 9.4000 9.4000 9.4000 2.0000 2.0000 2.0000 2.0000 2.0000 2.0000 2.0000 2.0000 2.0000 2.0000 2.0000 2.0000 2.0000 2.0000 -2.0000 16.0000 16.0000 10.0000 -11.0000 
fa1 = 0.8756 0.2940 0.2940 0.2940 0.2940 0.2940 0.2940 0.2940 0.2243 0.2243 0.2243 0.2243 0.2243 0.2243 0.2243 0.1872 0.1872 0.1872 0.1872 0.1872 0.1872 0.1872 0.1669 78.3529 78.3529 46.7664 1.6518 
fa2 = 0.8750 0.2938 0.2938 0.2938 0.2938 0.2938 0.2938 0.2938 0.2242 0.2242 0.2242 0.2242 0.2242 0.2242 0.2242 0.1872 0.1872 0.1872 0.1872 0.1872 0.1872 0.1872 0.1669 79.5701 79.5701 47.3910 1.6433 
fa3 = 0.8750 0.2938 0.2938 0.2938 0.2938 0.2938 0.2938 0.2938 0.2242 0.2242 0.2242 0.2242 0.2242 0.2242 0.2242 0.1872 0.1872 0.1872 0.1872 0.1872 0.1872 0.1872 0.1669 79.5891 79.5891 47.3994 1.6434 
fa4 = 0.8745 0.2936 0.2936 0.2936 0.2936 0.2936 0.2936 0.2936 0.2241 0.2241 0.2241 0.2241 0.2241 0.2241 0.2241 0.1871 0.1871 0.1871 0.1871 0.1871 0.1871 0.1871 0.1668 80.8385 80.8385 48.0371 1.6349 
fb1 = -0.2119 -0.2374 -0.2374 -0.2374 -0.2374 -0.2374 -0.2374 -0.2374 -0.2477 -0.2477 -0.2477 -0.2477 -0.2477 -0.2477 -0.2477 -0.2577 -0.2577 -0.2577 -0.2577 -0.2577 -0.2577 -0.2577 -0.2662 0.0919 0.0919 0.0571 -0.0914 
fb2 = -0.2118 -0.2373 -0.2373 -0.2373 -0.2373 -0.2373 -0.2373 -0.2373 -0.2477 -0.2477 -0.2477 -0.2477 -0.2477 -0.2477 -0.2477 -0.2576 -0.2576 -0.2576 -0.2576 -0.2576 -0.2576 -0.2576 -0.2662 0.0934 0.0934 0.0580 -0.0914 
fb3 = -0.2118 -0.2373 -0.2373 -0.2373 -0.2373 -0.2373 -0.2373 -0.2373 -0.2477 -0.2477 -0.2477 -0.2477 -0.2477 -0.2477 -0.2477 -0.2576 -0.2576 -0.2576 -0.2576 -0.2576 -0.2576 -0.2576 -0.2662 0.0934 0.0934 0.0580 -0.0914 
fb4 = -0.2118 -0.2373 -0.2373 -0.2373 -0.2373 -0.2373 -0.2373 -0.2373 -0.2476 -0.2476 -0.2476 -0.2476 -0.2476 -0.2476 -0.2476 -0.2576 -0.2576 -0.2576 -0.2576 -0.2576 -0.2576 -0.2576 -0.2661 0.0950 0.0950 0.0590 -0.0913 
I = 14.9000 9.4000 9.4000 9.4000 9.4000 9.4000 9.4000 9.4000 6.0000 6.0000 6.0000 6.0000 6.0000 6.0000 6.0000 2.0000 2.0000 2.0000 2.0000 2.0000 2.0000 2.0000 -2.0000 25.4744 25.4744 10.0000 -0.0868 
S1 = 0.0000 0.0000 0.0000 0.0000 0.0000 0.0000 0.0000 0.0000 0.0000 0.0000 0.0000 0.0000 0.0000 0.0000 0.0000 0.0000 0.0000 0.0000 0.0000 0.0000 0.0000 0.0000 0.0000 0.0000 0.0000 0.0000 0.0000 
S2 = 0.0000 0.0000 0.0000 0.0000 0.0000 0.0000 0.0000 0.0000 0.0000 0.0000 0.0000 0.0000 0.0000 0.0000 0.0000 0.0000 0.0000 0.0000 0.0000 0.0000 0.0000 0.0000 0.0000 1.4744 1.4744 0.0000 10.9132 
u = 8.5921 8.4942 8.4942 8.4942 8.4942 8.4942 8.4942 8.4942 8.4468 8.4468 8.4468 8.4468 8.4468 8.4468 8.4468 8.3982 8.3982 8.3982 8.3982 8.3982 8.3982 8.3982 8.3548 10.6386 10.6386 11.3035 9.3586 
v = 32.9817 25.6281 25.6281 25.6281 25.6281 25.6281 25.6281 25.6281 22.5661 22.5661 22.5661 22.5661 22.5661 22.5661 22.5661 19.5868 19.5868 19.5868 19.5868 19.5868 19.5868 19.5868 17.0234 76.9501 76.9501 71.2604 23.9627 
