ExternalI = 5.5000 0.0000 0.0000 0.0000 0.0000 0.0000 0.0000 0.0000 4.0000 4.0000 4.0000 4.0000 4.0000 4.0000 4.0000 0.0000 0.0000 0.0000 0.0000 0.0000 0.0000 0.0000 0.0000 8.0000 8.0000 0.0000 0.0000 
before u = 8.5921 8.4942 8.4942 8.4942 8.4942 8.4942 8.4942 8.4942 8.4468 8.4468 8.4468 8.4468 8.4468 8.4468 8.4468 8.3982 8.3982 8.3982 8.3982 8.3982 8.3982 8.3982 8.3548 10.6386 10.6386 11.3035 9.3586 
before v = 32.9817 25.6281 25.6281 25.6281 25.6281 25.6281 25.6281 25.6281 22.5661 22.5661 22.5661 22.5661 22.5661 22.5661 22.5661 19.5868 19.5868 19.5868 19.5868 19.5868 19.5868 19.5868 17.0234 76.9501 76.9501 71.2604 23.9627 
Ibias = 9.4000 9.4000 9.4000 9.4000 9.4000 9.4000 9.4000 9.4000 2.0000 2.0000 2.0000 2.0000 2.0000 2.0000 2.0000 2.0000 2.0000 2.0000 2.0000 2.0000 2.0000 2.0000 -2.0000 16.0000 16.0000 10.0000 -11.0000 
fa1 = 0.8745 0.2936 0.2936 0.2936 0.2936 0.2936 0.2936 0.2936 0.2241 0.2241 0.2241 0.2241 0.2241 0.2241 0.2241 0.1871 0.1871 0.1871 0.1871 0.1871 0.1871 0.1871 0.1668 80.8354 80.8354 48.0370 1.6131 
fa2 = 0.8740 0.2934 0.2934 0.2934 0.2934 0.2934 0.2934 0.2934 0.2240 0.2240 0.2240 0.2240 0.2240 0.2240 0.2240 0.1871 0.1871 0.1871 0.1871 0.1871 0.1871 0.1871 0.1668 82.1170 82.1170 48.6877 1.6048 
fa3 = 0.8740 0.2934 0.2934 0.2934 0.2934 0.2934 0.2934 0.2934 0.2240 0.2240 0.2240 0.2240 0.2240 0.2240 0.2240 0.1871 0.1871 0.1871 0.1871 0.1871 0.1871 0.1871 0.1668 82.1375 82.1375 48.6966 1.6049 
fa4 = 0.8735 0.2931 0.2931 0.2931 0.2931 0.2931 0.2931 0.2931 0.2239 0.2239 0.2239 0.2239 0.2239 0.2239 0.2239 0.1870 0.1870 0.1870 0.1870 0.1870 0.1870 0.1870 0.1668 83.4537 83.4537 49.3611 1.5966 
fb1 = -0.2118 -0.2373 -0.2373 -0.2373 -0.2373 -0.2373 -0.2373 -0.2373 -0.2476 -0.2476 -0.2476 -0.2476 -0.2476 -0.2476 -0.2476 -0.2576 -0.2576 -0.2576 -0.2576 -0.2576 -0.2576 -0.2576 -0.2661 0.0950 0.0950 0.0590 -0.0913 
fb2 = -0.2117 -0.2372 -0.2372 -0.2372 -0.2372 -0.2372 -0.2372 -0.2372 -0.2476 -0.2476 -0.2476 -0.2476 -0.2476 -0.2476 -0.2476 -0.2575 -0.2575 -0.2575 -0.2575 -0.2575 -0.2575 -0.2575 -0.2660 0.0966 0.0966 0.0599 -0.0913 
fb3 = -0.2117 -0.2372 -0.2372 -0.2372 -0.2372 -0.2372 -0.2372 -0.2372 -0.2476 -0.2476 -0.2476 -0.2476 -0.2476 -0.2476 -0.2476 -0.2575 -0.2575 -0.2575 -0.2575 -0.2575 -0.2575 -0.2575 -0.2660 0.0967 0.0967 0.0599 -0.0913 
fb4 = -0.2116 -0.2371 -0.2371 -0.2371 -0.2371 -0.2371 -0.2371 -0.2371 -0.2475 -0.2475 -0.2475 -0.2475 -0.2475 -0.2475 -0.2475 -0.2575 -0.2575 -0.2575 -0.2575 -0.2575 -0.2575 -0.2575 -0.2660 0.0983 0.0983 0.0609 -0.0912 
I = 14.9000 9.4000 9.4000 9.4000 9.4000 9.4000 9.4000 9.4000 6.0000 6.0000 6.0000 6.0000 6.0000 6.0000 6.0000 2.0000 2.0000 2.0000 2.0000 2.0000 2.0000 2.0000 -2.0000 25.4714 25.4714 10.0000 -0.1086 
S1 = 0.0000 0.0000 0.0000 0.0000 0.0000 0.0000 0.0000 0.0000 0.0000 0.0000 0.0000 0.0000 0.0000 0.0000 0.0000 0.0000 0.0000 0.0000 0.0000 0.0000 0.0000 0.0000 0.0000 0.0000 0.0000 0.0000 0.0000 
S2 = 0.0000 0.0000 0.0000 0.0000 0.0000 0.0000 0.0000 0.0000 0.0000 0.0000 0.0000 0.0000 0.0000 0.0000 0.0000 0.0000 0.0000 0.0000 0.0000 0.0000 0.0000 0.0000 0.0000 1.4714 1.4714 0.0000 10.8914 
u = 8.5899 8.4918 8.4918 8.4918 8.4918 8.4918 8.4918 8.4918 8.4443 8.4443 8.4443 8.4443 8.4443 8.4443 8.4443 8.3956 8.3956 8.3956 8.3956 8.3956 8.3956 8.3956 8.3521 10.6395 10.6395 11.3041 9.3577 
v = 32.9905 25.6310 25.6310 25.6310 25.6310 25.6310 25.6310 25.6310 22.5683 22.5683 22.5683 22.5683 22.5683 22.5683 22.5683 19.5887 19.5887 19.5887 19.5887 19.5887 19.5887 19.5887 17.0251 77.7715 77.7715 71.7473 23.9788 
