ExternalI = 5.5000 0.0000 0.0000 0.0000 0.0000 0.0000 0.0000 0.0000 4.0000 4.0000 4.0000 4.0000 4.0000 4.0000 4.0000 0.0000 0.0000 0.0000 0.0000 0.0000 0.0000 0.0000 0.0000 8.0000 8.0000 0.0000 0.0000 
before u = 8.5899 8.4918 8.4918 8.4918 8.4918 8.4918 8.4918 8.4918 8.4443 8.4443 8.4443 8.4443 8.4443 8.4443 8.4443 8.3956 8.3956 8.3956 8.3956 8.3956 8.3956 8.3956 8.3521 10.6395 10.6395 11.3041 9.3577 
before v = 32.9905 25.6310 25.6310 25.6310 25.6310 25.6310 25.6310 25.6310 22.5683 22.5683 22.5683 22.5683 22.5683 22.5683 22.5683 19.5887 19.5887 19.5887 19.5887 19.5887 19.5887 19.5887 17.0251 77.7715 77.7715 71.7473 23.9788 
Ibias = 9.4000 9.4000 9.4000 9.4000 9.4000 9.4000 9.4000 9.4000 2.0000 2.0000 2.0000 2.0000 2.0000 2.0000 2.0000 2.0000 2.0000 2.0000 2.0000 2.0000 2.0000 2.0000 -2.0000 16.0000 16.0000 10.0000 -11.0000 
fa1 = 0.8735 0.2931 0.2931 0.2931 0.2931 0.2931 0.2931 0.2931 0.2239 0.2239 0.2239 0.2239 0.2239 0.2239 0.2239 0.1870 0.1870 0.1870 0.1870 0.1870 0.1870 0.1870 0.1668 83.4506 83.4506 49.3610 1.5748 
fa2 = 0.8730 0.2929 0.2929 0.2929 0.2929 0.2929 0.2929 0.2929 0.2238 0.2238 0.2238 0.2238 0.2238 0.2238 0.2238 0.1870 0.1870 0.1870 0.1870 0.1870 0.1870 0.1870 0.1667 84.8013 84.8013 50.0394 1.5668 
fa3 = 0.8730 0.2929 0.2929 0.2929 0.2929 0.2929 0.2929 0.2929 0.2238 0.2238 0.2238 0.2238 0.2238 0.2238 0.2238 0.1870 0.1870 0.1870 0.1870 0.1870 0.1870 0.1870 0.1667 84.8233 84.8233 50.0487 1.5668 
fa4 = 0.8725 0.2927 0.2927 0.2927 0.2927 0.2927 0.2927 0.2927 0.2237 0.2237 0.2237 0.2237 0.2237 0.2237 0.2237 0.1869 0.1869 0.1869 0.1869 0.1869 0.1869 0.1869 0.1667 86.2111 86.2111 50.7417 1.5588 
fb1 = -0.2116 -0.2371 -0.2371 -0.2371 -0.2371 -0.2371 -0.2371 -0.2371 -0.2475 -0.2475 -0.2475 -0.2475 -0.2475 -0.2475 -0.2475 -0.2575 -0.2575 -0.2575 -0.2575 -0.2575 -0.2575 -0.2575 -0.2660 0.0983 0.0983 0.0609 -0.0912 
fb2 = -0.2116 -0.2371 -0.2371 -0.2371 -0.2371 -0.2371 -0.2371 -0.2371 -0.2474 -0.2474 -0.2474 -0.2474 -0.2474 -0.2474 -0.2474 -0.2574 -0.2574 -0.2574 -0.2574 -0.2574 -0.2574 -0.2574 -0.2659 0.1000 0.1000 0.0619 -0.0912 
fb3 = -0.2116 -0.2371 -0.2371 -0.2371 -0.2371 -0.2371 -0.2371 -0.2371 -0.2474 -0.2474 -0.2474 -0.2474 -0.2474 -0.2474 -0.2474 -0.2574 -0.2574 -0.2574 -0.2574 -0.2574 -0.2574 -0.2574 -0.2659 0.1000 0.1000 0.0619 -0.0912 
fb4 = -0.2115 -0.2370 -0.2370 -0.2370 -0.2370 -0.2370 -0.2370 -0.2370 -0.2474 -0.2474 -0.2474 -0.2474 -0.2474 -0.2474 -0.2474 -0.2574 -0.2574 -0.2574 -0.2574 -0.2574 -0.2574 -0.2574 -0.2659 0.1017 0.1017 0.0629 -0.0912 
I = 14.9000 9.4000 9.4000 9.4000 9.4000 9.4000 9.4000 9.4000 6.0000 6.0000 6.0000 6.0000 6.0000 6.0000 6.0000 2.0000 2.0000 2.0000 2.0000 2.0000 2.0000 2.0000 -2.0000 25.4685 25.4685 10.0000 -0.1304 
S1 = 0.0000 0.0000 0.0000 0.0000 0.0000 0.0000 0.0000 0.0000 0.0000 0.0000 0.0000 0.0000 0.0000 0.0000 0.0000 0.0000 0.0000 0.0000 0.0000 0.0000 0.0000 0.0000 0.0000 0.0000 0.0000 0.0000 0.0000 
S2 = 0.0000 0.0000 0.0000 0.0000 0.0000 0.0000 0.0000 0.0000 0.0000 0.0000 0.0000 0.0000 0.0000 0.0000 0.0000 0.0000 0.0000 0.0000 0.0000 0.0000 0.0000 0.0000 0.0000 1.4685 1.4685 0.0000 10.8696 
u = 8.5878 8.4894 8.4894 8.4894 8.4894 8.4894 8.4894 8.4894 8.4419 8.4419 8.4419 8.4419 8.4419 8.4419 8.4419 8.3930 8.3930 8.3930 8.3930 8.3930 8.3930 8.3930 8.3494 10.6405 10.6405 11.3047 9.3568 
v = 32.9992 25.6339 25.6339 25.6339 25.6339 25.6339 25.6339 25.6339 22.5706 22.5706 22.5706 22.5706 22.5706 22.5706 22.5706 19.5906 19.5906 19.5906 19.5906 19.5906 19.5906 19.5906 17.0268 78.6197 78.6197 72.2478 23.9944 
