ExternalI = 5.5000 0.0000 0.0000 0.0000 0.0000 0.0000 0.0000 0.0000 4.0000 4.0000 4.0000 4.0000 4.0000 4.0000 4.0000 0.0000 0.0000 0.0000 0.0000 0.0000 0.0000 0.0000 0.0000 8.0000 8.0000 0.0000 0.0000 
before u = 8.5878 8.4894 8.4894 8.4894 8.4894 8.4894 8.4894 8.4894 8.4419 8.4419 8.4419 8.4419 8.4419 8.4419 8.4419 8.3930 8.3930 8.3930 8.3930 8.3930 8.3930 8.3930 8.3494 10.6405 10.6405 11.3047 9.3568 
before v = 32.9992 25.6339 25.6339 25.6339 25.6339 25.6339 25.6339 25.6339 22.5706 22.5706 22.5706 22.5706 22.5706 22.5706 22.5706 19.5906 19.5906 19.5906 19.5906 19.5906 19.5906 19.5906 17.0268 78.6197 78.6197 72.2478 23.9944 
Ibias = 9.4000 9.4000 9.4000 9.4000 9.4000 9.4000 9.4000 9.4000 2.0000 2.0000 2.0000 2.0000 2.0000 2.0000 2.0000 2.0000 2.0000 2.0000 2.0000 2.0000 2.0000 2.0000 -2.0000 16.0000 16.0000 10.0000 -11.0000 
fa1 = 0.8725 0.2927 0.2927 0.2927 0.2927 0.2927 0.2927 0.2927 0.2237 0.2237 0.2237 0.2237 0.2237 0.2237 0.2237 0.1869 0.1869 0.1869 0.1869 0.1869 0.1869 0.1869 0.1667 86.2081 86.2081 50.7416 1.5371 
fa2 = 0.8719 0.2925 0.2925 0.2925 0.2925 0.2925 0.2925 0.2925 0.2236 0.2236 0.2236 0.2236 0.2236 0.2236 0.2236 0.1869 0.1869 0.1869 0.1869 0.1869 0.1869 0.1869 0.1667 87.6329 87.6329 51.4491 1.5292 
fa3 = 0.8719 0.2925 0.2925 0.2925 0.2925 0.2925 0.2925 0.2925 0.2236 0.2236 0.2236 0.2236 0.2236 0.2236 0.2236 0.1869 0.1869 0.1869 0.1869 0.1869 0.1869 0.1869 0.1667 87.6566 87.6566 51.4590 1.5293 
fa4 = 0.8714 0.2923 0.2923 0.2923 0.2923 0.2923 0.2923 0.2923 0.2235 0.2235 0.2235 0.2235 0.2235 0.2235 0.2235 0.1868 0.1868 0.1868 0.1868 0.1868 0.1868 0.1868 0.1666 89.1213 89.1213 52.1820 1.5215 
fb1 = -0.2115 -0.2370 -0.2370 -0.2370 -0.2370 -0.2370 -0.2370 -0.2370 -0.2474 -0.2474 -0.2474 -0.2474 -0.2474 -0.2474 -0.2474 -0.2574 -0.2574 -0.2574 -0.2574 -0.2574 -0.2574 -0.2574 -0.2659 0.1017 0.1017 0.0629 -0.0912 
fb2 = -0.2115 -0.2370 -0.2370 -0.2370 -0.2370 -0.2370 -0.2370 -0.2370 -0.2473 -0.2473 -0.2473 -0.2473 -0.2473 -0.2473 -0.2473 -0.2573 -0.2573 -0.2573 -0.2573 -0.2573 -0.2573 -0.2573 -0.2658 0.1034 0.1034 0.0639 -0.0911 
fb3 = -0.2115 -0.2370 -0.2370 -0.2370 -0.2370 -0.2370 -0.2370 -0.2370 -0.2473 -0.2473 -0.2473 -0.2473 -0.2473 -0.2473 -0.2473 -0.2573 -0.2573 -0.2573 -0.2573 -0.2573 -0.2573 -0.2573 -0.2658 0.1034 0.1034 0.0639 -0.0911 
fb4 = -0.2114 -0.2369 -0.2369 -0.2369 -0.2369 -0.2369 -0.2369 -0.2369 -0.2473 -0.2473 -0.2473 -0.2473 -0.2473 -0.2473 -0.2473 -0.2572 -0.2572 -0.2572 -0.2572 -0.2572 -0.2572 -0.2572 -0.2658 0.1052 0.1052 0.0649 -0.0911 
I = 14.9000 9.4000 9.4000 9.4000 9.4000 9.4000 9.4000 9.4000 6.0000 6.0000 6.0000 6.0000 6.0000 6.0000 6.0000 2.0000 2.0000 2.0000 2.0000 2.0000 2.0000 2.0000 -2.0000 25.4656 25.4656 10.0000 -0.1521 
S1 = 0.0000 0.0000 0.0000 0.0000 0.0000 0.0000 0.0000 0.0000 0.0000 0.0000 0.0000 0.0000 0.0000 0.0000 0.0000 0.0000 0.0000 0.0000 0.0000 0.0000 0.0000 0.0000 0.0000 0.0000 0.0000 0.0000 0.0000 
S2 = 0.0000 0.0000 0.0000 0.0000 0.0000 0.0000 0.0000 0.0000 0.0000 0.0000 0.0000 0.0000 0.0000 0.0000 0.0000 0.0000 0.0000 0.0000 0.0000 0.0000 0.0000 0.0000 0.0000 1.4656 1.4656 0.0000 10.8479 
u = 8.5857 8.4871 8.4871 8.4871 8.4871 8.4871 8.4871 8.4871 8.4394 8.4394 8.4394 8.4394 8.4394 8.4394 8.4394 8.3904 8.3904 8.3904 8.3904 8.3904 8.3904 8.3904 8.3468 10.6416 10.6416 11.3054 9.3559 
v = 33.0079 25.6368 25.6368 25.6368 25.6368 25.6368 25.6368 25.6368 22.5728 22.5728 22.5728 22.5728 22.5728 22.5728 22.5728 19.5924 19.5924 19.5924 19.5924 19.5924 19.5924 19.5924 17.0284 79.4962 79.4962 72.7623 24.0097 
