ExternalI = 5.5000 0.0000 0.0000 0.0000 0.0000 0.0000 0.0000 0.0000 4.0000 4.0000 4.0000 4.0000 4.0000 4.0000 4.0000 0.0000 0.0000 0.0000 0.0000 0.0000 0.0000 0.0000 0.0000 8.0000 8.0000 0.0000 0.0000 
before u = 8.5857 8.4871 8.4871 8.4871 8.4871 8.4871 8.4871 8.4871 8.4394 8.4394 8.4394 8.4394 8.4394 8.4394 8.4394 8.3904 8.3904 8.3904 8.3904 8.3904 8.3904 8.3904 8.3468 10.6416 10.6416 11.3054 9.3559 
before v = 33.0079 25.6368 25.6368 25.6368 25.6368 25.6368 25.6368 25.6368 22.5728 22.5728 22.5728 22.5728 22.5728 22.5728 22.5728 19.5924 19.5924 19.5924 19.5924 19.5924 19.5924 19.5924 17.0284 79.4962 79.4962 72.7623 24.0097 
Ibias = 9.4000 9.4000 9.4000 9.4000 9.4000 9.4000 9.4000 9.4000 2.0000 2.0000 2.0000 2.0000 2.0000 2.0000 2.0000 2.0000 2.0000 2.0000 2.0000 2.0000 2.0000 2.0000 -2.0000 16.0000 16.0000 10.0000 -11.0000 
fa1 = 0.8714 0.2923 0.2923 0.2923 0.2923 0.2923 0.2923 0.2923 0.2235 0.2235 0.2235 0.2235 0.2235 0.2235 0.2235 0.1868 0.1868 0.1868 0.1868 0.1868 0.1868 0.1868 0.1666 89.1182 89.1182 52.1820 1.4998 
fa2 = 0.8709 0.2921 0.2921 0.2921 0.2921 0.2921 0.2921 0.2921 0.2234 0.2234 0.2234 0.2234 0.2234 0.2234 0.2234 0.1868 0.1868 0.1868 0.1868 0.1868 0.1868 0.1868 0.1666 90.6226 90.6226 52.9204 1.4922 
fa3 = 0.8709 0.2921 0.2921 0.2921 0.2921 0.2921 0.2921 0.2921 0.2234 0.2234 0.2234 0.2234 0.2234 0.2234 0.2234 0.1868 0.1868 0.1868 0.1868 0.1868 0.1868 0.1868 0.1666 90.6482 90.6482 52.9309 1.4922 
fa4 = 0.8704 0.2919 0.2919 0.2919 0.2919 0.2919 0.2919 0.2919 0.2233 0.2233 0.2233 0.2233 0.2233 0.2233 0.2233 0.1867 0.1867 0.1867 0.1867 0.1867 0.1867 0.1867 0.1665 92.1955 92.1955 53.6857 1.4846 
fb1 = -0.2114 -0.2369 -0.2369 -0.2369 -0.2369 -0.2369 -0.2369 -0.2369 -0.2473 -0.2473 -0.2473 -0.2473 -0.2473 -0.2473 -0.2473 -0.2572 -0.2572 -0.2572 -0.2572 -0.2572 -0.2572 -0.2572 -0.2658 0.1052 0.1052 0.0649 -0.0911 
fb2 = -0.2113 -0.2369 -0.2369 -0.2369 -0.2369 -0.2369 -0.2369 -0.2369 -0.2472 -0.2472 -0.2472 -0.2472 -0.2472 -0.2472 -0.2472 -0.2572 -0.2572 -0.2572 -0.2572 -0.2572 -0.2572 -0.2572 -0.2657 0.1069 0.1069 0.0660 -0.0910 
fb3 = -0.2113 -0.2369 -0.2369 -0.2369 -0.2369 -0.2369 -0.2369 -0.2369 -0.2472 -0.2472 -0.2472 -0.2472 -0.2472 -0.2472 -0.2472 -0.2572 -0.2572 -0.2572 -0.2572 -0.2572 -0.2572 -0.2572 -0.2657 0.1070 0.1070 0.0660 -0.0910 
fb4 = -0.2113 -0.2368 -0.2368 -0.2368 -0.2368 -0.2368 -0.2368 -0.2368 -0.2472 -0.2472 -0.2472 -0.2472 -0.2472 -0.2472 -0.2472 -0.2571 -0.2571 -0.2571 -0.2571 -0.2571 -0.2571 -0.2571 -0.2656 0.1088 0.1088 0.0670 -0.0910 
I = 14.9000 9.4000 9.4000 9.4000 9.4000 9.4000 9.4000 9.4000 6.0000 6.0000 6.0000 6.0000 6.0000 6.0000 6.0000 2.0000 2.0000 2.0000 2.0000 2.0000 2.0000 2.0000 -2.0000 25.4626 25.4626 10.0000 -0.1738 
S1 = 0.0000 0.0000 0.0000 0.0000 0.0000 0.0000 0.0000 0.0000 0.0000 0.0000 0.0000 0.0000 0.0000 0.0000 0.0000 0.0000 0.0000 0.0000 0.0000 0.0000 0.0000 0.0000 0.0000 0.0000 0.0000 0.0000 0.0000 
S2 = 0.0000 0.0000 0.0000 0.0000 0.0000 0.0000 0.0000 0.0000 0.0000 0.0000 0.0000 0.0000 0.0000 0.0000 0.0000 0.0000 0.0000 0.0000 0.0000 0.0000 0.0000 0.0000 0.0000 1.4626 1.4626 0.0000 10.8262 
u = 8.5836 8.4847 8.4847 8.4847 8.4847 8.4847 8.4847 8.4847 8.4369 8.4369 8.4369 8.4369 8.4369 8.4369 8.4369 8.3879 8.3879 8.3879 8.3879 8.3879 8.3879 8.3879 8.3441 10.6426 10.6426 11.3060 9.3550 
v = 33.0166 25.6398 25.6398 25.6398 25.6398 25.6398 25.6398 25.6398 22.5750 22.5750 22.5750 22.5750 22.5750 22.5750 22.5750 19.5943 19.5943 19.5943 19.5943 19.5943 19.5943 19.5943 17.0301 80.4026 80.4026 73.2916 24.0246 
