ExternalI = 5.5000 0.0000 0.0000 0.0000 0.0000 0.0000 0.0000 0.0000 4.0000 4.0000 4.0000 4.0000 4.0000 4.0000 4.0000 0.0000 0.0000 0.0000 0.0000 0.0000 0.0000 0.0000 0.0000 8.0000 8.0000 0.0000 0.0000 
before u = 8.5836 8.4847 8.4847 8.4847 8.4847 8.4847 8.4847 8.4847 8.4369 8.4369 8.4369 8.4369 8.4369 8.4369 8.4369 8.3879 8.3879 8.3879 8.3879 8.3879 8.3879 8.3879 8.3441 10.6426 10.6426 11.3060 9.3550 
before v = 33.0166 25.6398 25.6398 25.6398 25.6398 25.6398 25.6398 25.6398 22.5750 22.5750 22.5750 22.5750 22.5750 22.5750 22.5750 19.5943 19.5943 19.5943 19.5943 19.5943 19.5943 19.5943 17.0301 80.4026 80.4026 73.2916 24.0246 
Ibias = 9.4000 9.4000 9.4000 9.4000 9.4000 9.4000 9.4000 9.4000 2.0000 2.0000 2.0000 2.0000 2.0000 2.0000 2.0000 2.0000 2.0000 2.0000 2.0000 2.0000 2.0000 2.0000 -2.0000 16.0000 16.0000 10.0000 -11.0000 
fa1 = 0.8704 0.2919 0.2919 0.2919 0.2919 0.2919 0.2919 0.2919 0.2233 0.2233 0.2233 0.2233 0.2233 0.2233 0.2233 0.1867 0.1867 0.1867 0.1867 0.1867 0.1867 0.1867 0.1665 92.1924 92.1924 53.6856 1.4629 
fa2 = 0.8699 0.2917 0.2917 0.2917 0.2917 0.2917 0.2917 0.2917 0.2232 0.2232 0.2232 0.2232 0.2232 0.2232 0.2232 0.1867 0.1867 0.1867 0.1867 0.1867 0.1867 0.1867 0.1665 93.7824 93.7824 54.4567 1.4555 
fa3 = 0.8699 0.2917 0.2917 0.2917 0.2917 0.2917 0.2917 0.2917 0.2232 0.2232 0.2232 0.2232 0.2232 0.2232 0.2232 0.1867 0.1867 0.1867 0.1867 0.1867 0.1867 0.1867 0.1665 93.8100 93.8100 54.4679 1.4556 
fa4 = 0.8694 0.2915 0.2915 0.2915 0.2915 0.2915 0.2915 0.2915 0.2231 0.2231 0.2231 0.2231 0.2231 0.2231 0.2231 0.1866 0.1866 0.1866 0.1866 0.1866 0.1866 0.1866 0.1665 95.4462 95.4462 55.2564 1.4482 
fb1 = -0.2113 -0.2368 -0.2368 -0.2368 -0.2368 -0.2368 -0.2368 -0.2368 -0.2472 -0.2472 -0.2472 -0.2472 -0.2472 -0.2472 -0.2472 -0.2571 -0.2571 -0.2571 -0.2571 -0.2571 -0.2571 -0.2571 -0.2656 0.1088 0.1088 0.0670 -0.0910 
fb2 = -0.2112 -0.2368 -0.2368 -0.2368 -0.2368 -0.2368 -0.2368 -0.2368 -0.2471 -0.2471 -0.2471 -0.2471 -0.2471 -0.2471 -0.2471 -0.2571 -0.2571 -0.2571 -0.2571 -0.2571 -0.2571 -0.2571 -0.2656 0.1106 0.1106 0.0681 -0.0910 
fb3 = -0.2112 -0.2368 -0.2368 -0.2368 -0.2368 -0.2368 -0.2368 -0.2368 -0.2471 -0.2471 -0.2471 -0.2471 -0.2471 -0.2471 -0.2471 -0.2571 -0.2571 -0.2571 -0.2571 -0.2571 -0.2571 -0.2571 -0.2656 0.1106 0.1106 0.0681 -0.0910 
fb4 = -0.2112 -0.2367 -0.2367 -0.2367 -0.2367 -0.2367 -0.2367 -0.2367 -0.2471 -0.2471 -0.2471 -0.2471 -0.2471 -0.2471 -0.2471 -0.2570 -0.2570 -0.2570 -0.2570 -0.2570 -0.2570 -0.2570 -0.2655 0.1125 0.1125 0.0692 -0.0909 
I = 14.9000 9.4000 9.4000 9.4000 9.4000 9.4000 9.4000 9.4000 6.0000 6.0000 6.0000 6.0000 6.0000 6.0000 6.0000 2.0000 2.0000 2.0000 2.0000 2.0000 2.0000 2.0000 -2.0000 25.4597 25.4597 10.0000 -0.1955 
S1 = 0.0000 0.0000 0.0000 0.0000 0.0000 0.0000 0.0000 0.0000 0.0000 0.0000 0.0000 0.0000 0.0000 0.0000 0.0000 0.0000 0.0000 0.0000 0.0000 0.0000 0.0000 0.0000 0.0000 0.0000 0.0000 0.0000 0.0000 
S2 = 0.0000 0.0000 0.0000 0.0000 0.0000 0.0000 0.0000 0.0000 0.0000 0.0000 0.0000 0.0000 0.0000 0.0000 0.0000 0.0000 0.0000 0.0000 0.0000 0.0000 0.0000 0.0000 0.0000 1.4597 1.4597 0.0000 10.8045 
u = 8.5815 8.4823 8.4823 8.4823 8.4823 8.4823 8.4823 8.4823 8.4344 8.4344 8.4344 8.4344 8.4344 8.4344 8.4344 8.3853 8.3853 8.3853 8.3853 8.3853 8.3853 8.3853 8.3415 10.6438 10.6438 11.3067 9.3541 
v = 33.0253 25.6427 25.6427 25.6427 25.6427 25.6427 25.6427 25.6427 22.5773 22.5773 22.5773 22.5773 22.5773 22.5773 22.5773 19.5962 19.5962 19.5962 19.5962 19.5962 19.5962 19.5962 17.0318 81.3406 81.3406 73.8363 24.0392 
