ExternalI = 5.5000 0.0000 0.0000 0.0000 0.0000 0.0000 0.0000 0.0000 4.0000 4.0000 4.0000 4.0000 4.0000 4.0000 4.0000 0.0000 0.0000 0.0000 0.0000 0.0000 0.0000 0.0000 0.0000 8.0000 8.0000 0.0000 0.0000 
before u = 8.5815 8.4823 8.4823 8.4823 8.4823 8.4823 8.4823 8.4823 8.4344 8.4344 8.4344 8.4344 8.4344 8.4344 8.4344 8.3853 8.3853 8.3853 8.3853 8.3853 8.3853 8.3853 8.3415 10.6438 10.6438 11.3067 9.3541 
before v = 33.0253 25.6427 25.6427 25.6427 25.6427 25.6427 25.6427 25.6427 22.5773 22.5773 22.5773 22.5773 22.5773 22.5773 22.5773 19.5962 19.5962 19.5962 19.5962 19.5962 19.5962 19.5962 17.0318 81.3406 81.3406 73.8363 24.0392 
Ibias = 9.4000 9.4000 9.4000 9.4000 9.4000 9.4000 9.4000 9.4000 2.0000 2.0000 2.0000 2.0000 2.0000 2.0000 2.0000 2.0000 2.0000 2.0000 2.0000 2.0000 2.0000 2.0000 -2.0000 16.0000 16.0000 10.0000 -11.0000 
fa1 = 0.8694 0.2915 0.2915 0.2915 0.2915 0.2915 0.2915 0.2915 0.2231 0.2231 0.2231 0.2231 0.2231 0.2231 0.2231 0.1866 0.1866 0.1866 0.1866 0.1866 0.1866 0.1866 0.1665 95.4431 95.4431 55.2563 1.4266 
fa2 = 0.8689 0.2913 0.2913 0.2913 0.2913 0.2913 0.2913 0.2913 0.2230 0.2230 0.2230 0.2230 0.2230 0.2230 0.2230 0.1866 0.1866 0.1866 0.1866 0.1866 0.1866 0.1866 0.1664 97.1253 97.1253 56.0621 1.4193 
fa3 = 0.8689 0.2913 0.2913 0.2913 0.2913 0.2913 0.2913 0.2913 0.2230 0.2230 0.2230 0.2230 0.2230 0.2230 0.2230 0.1866 0.1866 0.1866 0.1866 0.1866 0.1866 0.1866 0.1664 97.1551 97.1551 56.0739 1.4194 
fa4 = 0.8684 0.2911 0.2911 0.2911 0.2911 0.2911 0.2911 0.2911 0.2229 0.2229 0.2229 0.2229 0.2229 0.2229 0.2229 0.1865 0.1865 0.1865 0.1865 0.1865 0.1865 0.1865 0.1664 98.8872 98.8872 56.8982 1.4122 
fb1 = -0.2112 -0.2367 -0.2367 -0.2367 -0.2367 -0.2367 -0.2367 -0.2367 -0.2471 -0.2471 -0.2471 -0.2471 -0.2471 -0.2471 -0.2471 -0.2570 -0.2570 -0.2570 -0.2570 -0.2570 -0.2570 -0.2570 -0.2655 0.1125 0.1125 0.0692 -0.0909 
fb2 = -0.2111 -0.2367 -0.2367 -0.2367 -0.2367 -0.2367 -0.2367 -0.2367 -0.2470 -0.2470 -0.2470 -0.2470 -0.2470 -0.2470 -0.2470 -0.2570 -0.2570 -0.2570 -0.2570 -0.2570 -0.2570 -0.2570 -0.2655 0.1144 0.1144 0.0703 -0.0909 
fb3 = -0.2111 -0.2367 -0.2367 -0.2367 -0.2367 -0.2367 -0.2367 -0.2367 -0.2470 -0.2470 -0.2470 -0.2470 -0.2470 -0.2470 -0.2470 -0.2570 -0.2570 -0.2570 -0.2570 -0.2570 -0.2570 -0.2570 -0.2655 0.1144 0.1144 0.0703 -0.0909 
fb4 = -0.2110 -0.2366 -0.2366 -0.2366 -0.2366 -0.2366 -0.2366 -0.2366 -0.2470 -0.2470 -0.2470 -0.2470 -0.2470 -0.2470 -0.2470 -0.2569 -0.2569 -0.2569 -0.2569 -0.2569 -0.2569 -0.2569 -0.2654 0.1164 0.1164 0.0714 -0.0908 
I = 14.9000 9.4000 9.4000 9.4000 9.4000 9.4000 9.4000 9.4000 6.0000 6.0000 6.0000 6.0000 6.0000 6.0000 6.0000 2.0000 2.0000 2.0000 2.0000 2.0000 2.0000 2.0000 -2.0000 25.4568 25.4568 10.0000 -0.2171 
S1 = 0.0000 0.0000 0.0000 0.0000 0.0000 0.0000 0.0000 0.0000 0.0000 0.0000 0.0000 0.0000 0.0000 0.0000 0.0000 0.0000 0.0000 0.0000 0.0000 0.0000 0.0000 0.0000 0.0000 0.0000 0.0000 0.0000 0.0000 
S2 = 0.0000 0.0000 0.0000 0.0000 0.0000 0.0000 0.0000 0.0000 0.0000 0.0000 0.0000 0.0000 0.0000 0.0000 0.0000 0.0000 0.0000 0.0000 0.0000 0.0000 0.0000 0.0000 0.0000 1.4568 1.4568 0.0000 10.7829 
u = 8.5794 8.4799 8.4799 8.4799 8.4799 8.4799 8.4799 8.4799 8.4320 8.4320 8.4320 8.4320 8.4320 8.4320 8.4320 8.3827 8.3827 8.3827 8.3827 8.3827 8.3827 8.3827 8.3388 10.6449 10.6449 11.3074 9.3532 
v = 33.0340 25.6456 25.6456 25.6456 25.6456 25.6456 25.6456 25.6456 22.5795 22.5795 22.5795 22.5795 22.5795 22.5795 22.5795 19.5980 19.5980 19.5980 19.5980 19.5980 19.5980 19.5980 17.0334 82.3121 82.3121 74.3970 24.0534 
