ExternalI = 5.5000 0.0000 0.0000 0.0000 0.0000 0.0000 0.0000 0.0000 4.0000 4.0000 4.0000 4.0000 4.0000 4.0000 4.0000 0.0000 0.0000 0.0000 0.0000 0.0000 0.0000 0.0000 0.0000 8.0000 8.0000 0.0000 0.0000 
before u = 8.5794 8.4799 8.4799 8.4799 8.4799 8.4799 8.4799 8.4799 8.4320 8.4320 8.4320 8.4320 8.4320 8.4320 8.4320 8.3827 8.3827 8.3827 8.3827 8.3827 8.3827 8.3827 8.3388 10.6449 10.6449 11.3074 9.3532 
before v = 33.0340 25.6456 25.6456 25.6456 25.6456 25.6456 25.6456 25.6456 22.5795 22.5795 22.5795 22.5795 22.5795 22.5795 22.5795 19.5980 19.5980 19.5980 19.5980 19.5980 19.5980 19.5980 17.0334 82.3121 82.3121 74.3970 24.0534 
Ibias = 9.4000 9.4000 9.4000 9.4000 9.4000 9.4000 9.4000 9.4000 2.0000 2.0000 2.0000 2.0000 2.0000 2.0000 2.0000 2.0000 2.0000 2.0000 2.0000 2.0000 2.0000 2.0000 -2.0000 16.0000 16.0000 10.0000 -11.0000 
fa1 = 0.8684 0.2911 0.2911 0.2911 0.2911 0.2911 0.2911 0.2911 0.2229 0.2229 0.2229 0.2229 0.2229 0.2229 0.2229 0.1865 0.1865 0.1865 0.1865 0.1865 0.1865 0.1865 0.1664 98.8840 98.8840 56.8981 1.3906 
fa2 = 0.8679 0.2909 0.2909 0.2909 0.2909 0.2909 0.2909 0.2909 0.2228 0.2228 0.2228 0.2228 0.2228 0.2228 0.2228 0.1865 0.1865 0.1865 0.1865 0.1865 0.1865 0.1865 0.1664 100.6657 100.6657 57.7407 1.3836 
fa3 = 0.8679 0.2909 0.2909 0.2909 0.2909 0.2909 0.2909 0.2909 0.2228 0.2228 0.2228 0.2228 0.2228 0.2228 0.2228 0.1865 0.1865 0.1865 0.1865 0.1865 0.1865 0.1865 0.1664 100.6980 100.6980 57.7533 1.3836 
fa4 = 0.8674 0.2907 0.2907 0.2907 0.2907 0.2907 0.2907 0.2907 0.2227 0.2227 0.2227 0.2227 0.2227 0.2227 0.2227 0.1864 0.1864 0.1864 0.1864 0.1864 0.1864 0.1864 0.1663 102.5334 102.5334 58.6155 1.3767 
fb1 = -0.2110 -0.2366 -0.2366 -0.2366 -0.2366 -0.2366 -0.2366 -0.2366 -0.2470 -0.2470 -0.2470 -0.2470 -0.2470 -0.2470 -0.2470 -0.2569 -0.2569 -0.2569 -0.2569 -0.2569 -0.2569 -0.2569 -0.2654 0.1164 0.1164 0.0714 -0.0908 
fb2 = -0.2110 -0.2366 -0.2366 -0.2366 -0.2366 -0.2366 -0.2366 -0.2366 -0.2469 -0.2469 -0.2469 -0.2469 -0.2469 -0.2469 -0.2469 -0.2569 -0.2569 -0.2569 -0.2569 -0.2569 -0.2569 -0.2569 -0.2654 0.1183 0.1183 0.0726 -0.0908 
fb3 = -0.2110 -0.2366 -0.2366 -0.2366 -0.2366 -0.2366 -0.2366 -0.2366 -0.2469 -0.2469 -0.2469 -0.2469 -0.2469 -0.2469 -0.2469 -0.2569 -0.2569 -0.2569 -0.2569 -0.2569 -0.2569 -0.2569 -0.2654 0.1184 0.1184 0.0726 -0.0908 
fb4 = -0.2109 -0.2365 -0.2365 -0.2365 -0.2365 -0.2365 -0.2365 -0.2365 -0.2469 -0.2469 -0.2469 -0.2469 -0.2469 -0.2469 -0.2469 -0.2568 -0.2568 -0.2568 -0.2568 -0.2568 -0.2568 -0.2568 -0.2653 0.1204 0.1204 0.0737 -0.0908 
I = 14.9000 9.4000 9.4000 9.4000 9.4000 9.4000 9.4000 9.4000 6.0000 6.0000 6.0000 6.0000 6.0000 6.0000 6.0000 2.0000 2.0000 2.0000 2.0000 2.0000 2.0000 2.0000 -2.0000 25.4539 25.4539 10.0000 -0.2387 
S1 = 0.0000 0.0000 0.0000 0.0000 0.0000 0.0000 0.0000 0.0000 0.0000 0.0000 0.0000 0.0000 0.0000 0.0000 0.0000 0.0000 0.0000 0.0000 0.0000 0.0000 0.0000 0.0000 0.0000 0.0000 0.0000 0.0000 0.0000 
S2 = 0.0000 0.0000 0.0000 0.0000 0.0000 0.0000 0.0000 0.0000 0.0000 0.0000 0.0000 0.0000 0.0000 0.0000 0.0000 0.0000 0.0000 0.0000 0.0000 0.0000 0.0000 0.0000 0.0000 1.4539 1.4539 0.0000 10.7613 
u = 8.5773 8.4776 8.4776 8.4776 8.4776 8.4776 8.4776 8.4776 8.4295 8.4295 8.4295 8.4295 8.4295 8.4295 8.4295 8.3802 8.3802 8.3802 8.3802 8.3802 8.3802 8.3802 8.3362 10.6461 10.6461 11.3081 9.3523 
v = 33.0427 25.6485 25.6485 25.6485 25.6485 25.6485 25.6485 25.6485 22.5817 22.5817 22.5817 22.5817 22.5817 22.5817 22.5817 19.5999 19.5999 19.5999 19.5999 19.5999 19.5999 19.5999 17.0351 83.3190 83.3190 74.9745 24.0672 
