ExternalI = 5.5000 0.0000 0.0000 0.0000 0.0000 0.0000 0.0000 0.0000 4.0000 4.0000 4.0000 4.0000 4.0000 4.0000 4.0000 0.0000 0.0000 0.0000 0.0000 0.0000 0.0000 0.0000 0.0000 8.0000 8.0000 0.0000 0.0000 
before u = 8.5773 8.4776 8.4776 8.4776 8.4776 8.4776 8.4776 8.4776 8.4295 8.4295 8.4295 8.4295 8.4295 8.4295 8.4295 8.3802 8.3802 8.3802 8.3802 8.3802 8.3802 8.3802 8.3362 10.6461 10.6461 11.3081 9.3523 
before v = 33.0427 25.6485 25.6485 25.6485 25.6485 25.6485 25.6485 25.6485 22.5817 22.5817 22.5817 22.5817 22.5817 22.5817 22.5817 19.5999 19.5999 19.5999 19.5999 19.5999 19.5999 19.5999 17.0351 83.3190 83.3190 74.9745 24.0672 
Ibias = 9.4000 9.4000 9.4000 9.4000 9.4000 9.4000 9.4000 9.4000 2.0000 2.0000 2.0000 2.0000 2.0000 2.0000 2.0000 2.0000 2.0000 2.0000 2.0000 2.0000 2.0000 2.0000 -2.0000 16.0000 16.0000 10.0000 -11.0000 
fa1 = 0.8674 0.2907 0.2907 0.2907 0.2907 0.2907 0.2907 0.2907 0.2227 0.2227 0.2227 0.2227 0.2227 0.2227 0.2227 0.1864 0.1864 0.1864 0.1864 0.1864 0.1864 0.1864 0.1663 102.5302 102.5302 58.6154 1.3551 
fa2 = 0.8669 0.2905 0.2905 0.2905 0.2905 0.2905 0.2905 0.2905 0.2226 0.2226 0.2226 0.2226 0.2226 0.2226 0.2226 0.1864 0.1864 0.1864 0.1864 0.1864 0.1864 0.1864 0.1663 104.4192 104.4192 59.4971 1.3483 
fa3 = 0.8669 0.2905 0.2905 0.2905 0.2905 0.2905 0.2905 0.2905 0.2226 0.2226 0.2226 0.2226 0.2226 0.2226 0.2226 0.1864 0.1864 0.1864 0.1864 0.1864 0.1864 0.1864 0.1663 104.4543 104.4543 59.5104 1.3484 
fa4 = 0.8665 0.2903 0.2903 0.2903 0.2903 0.2903 0.2903 0.2903 0.2225 0.2225 0.2225 0.2225 0.2225 0.2225 0.2225 0.1863 0.1863 0.1863 0.1863 0.1863 0.1863 0.1863 0.1663 106.4014 106.4014 60.4129 1.3416 
fb1 = -0.2109 -0.2365 -0.2365 -0.2365 -0.2365 -0.2365 -0.2365 -0.2365 -0.2469 -0.2469 -0.2469 -0.2469 -0.2469 -0.2469 -0.2469 -0.2568 -0.2568 -0.2568 -0.2568 -0.2568 -0.2568 -0.2568 -0.2653 0.1204 0.1204 0.0737 -0.0908 
fb2 = -0.2109 -0.2365 -0.2365 -0.2365 -0.2365 -0.2365 -0.2365 -0.2365 -0.2468 -0.2468 -0.2468 -0.2468 -0.2468 -0.2468 -0.2468 -0.2568 -0.2568 -0.2568 -0.2568 -0.2568 -0.2568 -0.2568 -0.2652 0.1224 0.1224 0.0749 -0.0907 
fb3 = -0.2109 -0.2365 -0.2365 -0.2365 -0.2365 -0.2365 -0.2365 -0.2365 -0.2468 -0.2468 -0.2468 -0.2468 -0.2468 -0.2468 -0.2468 -0.2568 -0.2568 -0.2568 -0.2568 -0.2568 -0.2568 -0.2568 -0.2652 0.1224 0.1224 0.0749 -0.0907 
fb4 = -0.2108 -0.2364 -0.2364 -0.2364 -0.2364 -0.2364 -0.2364 -0.2364 -0.2467 -0.2467 -0.2467 -0.2467 -0.2467 -0.2467 -0.2467 -0.2567 -0.2567 -0.2567 -0.2567 -0.2567 -0.2567 -0.2567 -0.2652 0.1245 0.1245 0.0761 -0.0907 
I = 14.9000 9.4000 9.4000 9.4000 9.4000 9.4000 9.4000 9.4000 6.0000 6.0000 6.0000 6.0000 6.0000 6.0000 6.0000 2.0000 2.0000 2.0000 2.0000 2.0000 2.0000 2.0000 -2.0000 25.4510 25.4510 10.0000 -0.2602 
S1 = 0.0000 0.0000 0.0000 0.0000 0.0000 0.0000 0.0000 0.0000 0.0000 0.0000 0.0000 0.0000 0.0000 0.0000 0.0000 0.0000 0.0000 0.0000 0.0000 0.0000 0.0000 0.0000 0.0000 0.0000 0.0000 0.0000 0.0000 
S2 = 0.0000 0.0000 0.0000 0.0000 0.0000 0.0000 0.0000 0.0000 0.0000 0.0000 0.0000 0.0000 0.0000 0.0000 0.0000 0.0000 0.0000 0.0000 0.0000 0.0000 0.0000 0.0000 0.0000 1.4510 1.4510 0.0000 10.7398 
u = 8.5752 8.4752 8.4752 8.4752 8.4752 8.4752 8.4752 8.4752 8.4270 8.4270 8.4270 8.4270 8.4270 8.4270 8.4270 8.3776 8.3776 8.3776 8.3776 8.3776 8.3776 8.3776 8.3335 10.6473 10.6473 11.3089 9.3514 
v = 33.0514 25.6514 25.6514 25.6514 25.6514 25.6514 25.6514 25.6514 22.5840 22.5840 22.5840 22.5840 22.5840 22.5840 22.5840 19.6018 19.6018 19.6018 19.6018 19.6018 19.6018 19.6018 17.0368 84.3635 84.3635 75.5696 24.0807 
