ExternalI = 5.5000 0.0000 0.0000 0.0000 0.0000 0.0000 0.0000 0.0000 4.0000 4.0000 4.0000 4.0000 4.0000 4.0000 4.0000 0.0000 0.0000 0.0000 0.0000 0.0000 0.0000 0.0000 0.0000 8.0000 8.0000 0.0000 0.0000 
before u = 8.5752 8.4752 8.4752 8.4752 8.4752 8.4752 8.4752 8.4752 8.4270 8.4270 8.4270 8.4270 8.4270 8.4270 8.4270 8.3776 8.3776 8.3776 8.3776 8.3776 8.3776 8.3776 8.3335 10.6473 10.6473 11.3089 9.3514 
before v = 33.0514 25.6514 25.6514 25.6514 25.6514 25.6514 25.6514 25.6514 22.5840 22.5840 22.5840 22.5840 22.5840 22.5840 22.5840 19.6018 19.6018 19.6018 19.6018 19.6018 19.6018 19.6018 17.0368 84.3635 84.3635 75.5696 24.0807 
Ibias = 9.4000 9.4000 9.4000 9.4000 9.4000 9.4000 9.4000 9.4000 2.0000 2.0000 2.0000 2.0000 2.0000 2.0000 2.0000 2.0000 2.0000 2.0000 2.0000 2.0000 2.0000 2.0000 -2.0000 16.0000 16.0000 10.0000 -11.0000 
fa1 = 0.8665 0.2903 0.2903 0.2903 0.2903 0.2903 0.2903 0.2903 0.2225 0.2225 0.2225 0.2225 0.2225 0.2225 0.2225 0.1863 0.1863 0.1863 0.1863 0.1863 0.1863 0.1863 0.1663 106.3982 106.3982 60.4128 1.3201 
fa2 = 0.8660 0.2902 0.2902 0.2902 0.2902 0.2902 0.2902 0.2902 0.2224 0.2224 0.2224 0.2224 0.2224 0.2224 0.2224 0.1863 0.1863 0.1863 0.1863 0.1863 0.1863 0.1863 0.1662 108.4034 108.4034 61.3360 1.3135 
fa3 = 0.8660 0.2902 0.2902 0.2902 0.2902 0.2902 0.2902 0.2902 0.2224 0.2224 0.2224 0.2224 0.2224 0.2224 0.2224 0.1863 0.1863 0.1863 0.1863 0.1863 0.1863 0.1863 0.1662 108.4414 108.4414 61.3502 1.3135 
fa4 = 0.8655 0.2900 0.2900 0.2900 0.2900 0.2900 0.2900 0.2900 0.2223 0.2223 0.2223 0.2223 0.2223 0.2223 0.2223 0.1862 0.1862 0.1862 0.1862 0.1862 0.1862 0.1862 0.1662 110.5095 110.5095 62.2955 1.3069 
fb1 = -0.2108 -0.2364 -0.2364 -0.2364 -0.2364 -0.2364 -0.2364 -0.2364 -0.2467 -0.2467 -0.2467 -0.2467 -0.2467 -0.2467 -0.2467 -0.2567 -0.2567 -0.2567 -0.2567 -0.2567 -0.2567 -0.2567 -0.2652 0.1245 0.1245 0.0761 -0.0907 
fb2 = -0.2107 -0.2363 -0.2363 -0.2363 -0.2363 -0.2363 -0.2363 -0.2363 -0.2467 -0.2467 -0.2467 -0.2467 -0.2467 -0.2467 -0.2467 -0.2566 -0.2566 -0.2566 -0.2566 -0.2566 -0.2566 -0.2566 -0.2651 0.1266 0.1266 0.0773 -0.0907 
fb3 = -0.2107 -0.2363 -0.2363 -0.2363 -0.2363 -0.2363 -0.2363 -0.2363 -0.2467 -0.2467 -0.2467 -0.2467 -0.2467 -0.2467 -0.2467 -0.2566 -0.2566 -0.2566 -0.2566 -0.2566 -0.2566 -0.2566 -0.2651 0.1267 0.1267 0.0773 -0.0907 
fb4 = -0.2107 -0.2363 -0.2363 -0.2363 -0.2363 -0.2363 -0.2363 -0.2363 -0.2466 -0.2466 -0.2466 -0.2466 -0.2466 -0.2466 -0.2466 -0.2566 -0.2566 -0.2566 -0.2566 -0.2566 -0.2566 -0.2566 -0.2651 0.1288 0.1288 0.0785 -0.0906 
I = 14.9000 9.4000 9.4000 9.4000 9.4000 9.4000 9.4000 9.4000 6.0000 6.0000 6.0000 6.0000 6.0000 6.0000 6.0000 2.0000 2.0000 2.0000 2.0000 2.0000 2.0000 2.0000 -2.0000 25.4481 25.4481 10.0000 -0.2817 
S1 = 0.0000 0.0000 0.0000 0.0000 0.0000 0.0000 0.0000 0.0000 0.0000 0.0000 0.0000 0.0000 0.0000 0.0000 0.0000 0.0000 0.0000 0.0000 0.0000 0.0000 0.0000 0.0000 0.0000 0.0000 0.0000 0.0000 0.0000 
S2 = 0.0000 0.0000 0.0000 0.0000 0.0000 0.0000 0.0000 0.0000 0.0000 0.0000 0.0000 0.0000 0.0000 0.0000 0.0000 0.0000 0.0000 0.0000 0.0000 0.0000 0.0000 0.0000 0.0000 1.4481 1.4481 0.0000 10.7183 
u = 8.5731 8.4729 8.4729 8.4729 8.4729 8.4729 8.4729 8.4729 8.4246 8.4246 8.4246 8.4246 8.4246 8.4246 8.4246 8.3750 8.3750 8.3750 8.3750 8.3750 8.3750 8.3750 8.3309 10.6486 10.6486 11.3096 9.3504 
v = 33.0600 25.6543 25.6543 25.6543 25.6543 25.6543 25.6543 25.6543 22.5862 22.5862 22.5862 22.5862 22.5862 22.5862 22.5862 19.6036 19.6036 19.6036 19.6036 19.6036 19.6036 19.6036 17.0384 85.4478 85.4478 76.1830 24.0938 
