ExternalI = 5.5000 0.0000 0.0000 0.0000 0.0000 0.0000 0.0000 0.0000 4.0000 4.0000 4.0000 4.0000 4.0000 4.0000 4.0000 0.0000 0.0000 0.0000 0.0000 0.0000 0.0000 0.0000 0.0000 8.0000 8.0000 0.0000 0.0000 
before u = 8.5731 8.4729 8.4729 8.4729 8.4729 8.4729 8.4729 8.4729 8.4246 8.4246 8.4246 8.4246 8.4246 8.4246 8.4246 8.3750 8.3750 8.3750 8.3750 8.3750 8.3750 8.3750 8.3309 10.6486 10.6486 11.3096 9.3504 
before v = 33.0600 25.6543 25.6543 25.6543 25.6543 25.6543 25.6543 25.6543 22.5862 22.5862 22.5862 22.5862 22.5862 22.5862 22.5862 19.6036 19.6036 19.6036 19.6036 19.6036 19.6036 19.6036 17.0384 85.4478 85.4478 76.1830 24.0938 
Ibias = 9.4000 9.4000 9.4000 9.4000 9.4000 9.4000 9.4000 9.4000 2.0000 2.0000 2.0000 2.0000 2.0000 2.0000 2.0000 2.0000 2.0000 2.0000 2.0000 2.0000 2.0000 2.0000 -2.0000 16.0000 16.0000 10.0000 -11.0000 
fa1 = 0.8655 0.2900 0.2900 0.2900 0.2900 0.2900 0.2900 0.2900 0.2223 0.2223 0.2223 0.2223 0.2223 0.2223 0.2223 0.1862 0.1862 0.1862 0.1862 0.1862 0.1862 0.1862 0.1662 110.5063 110.5063 62.2954 1.2855 
fa2 = 0.8650 0.2898 0.2898 0.2898 0.2898 0.2898 0.2898 0.2898 0.2222 0.2222 0.2222 0.2222 0.2222 0.2222 0.2222 0.1862 0.1862 0.1862 0.1862 0.1862 0.1862 0.1862 0.1662 112.6373 112.6373 63.2628 1.2790 
fa3 = 0.8650 0.2898 0.2898 0.2898 0.2898 0.2898 0.2898 0.2898 0.2222 0.2222 0.2222 0.2222 0.2222 0.2222 0.2222 0.1862 0.1862 0.1862 0.1862 0.1862 0.1862 0.1862 0.1662 112.6786 112.6786 63.2779 1.2791 
fa4 = 0.8645 0.2896 0.2896 0.2896 0.2896 0.2896 0.2896 0.2896 0.2221 0.2221 0.2221 0.2221 0.2221 0.2221 0.2221 0.1861 0.1861 0.1861 0.1861 0.1861 0.1861 0.1861 0.1661 114.8780 114.8780 64.2689 1.2727 
fb1 = -0.2107 -0.2363 -0.2363 -0.2363 -0.2363 -0.2363 -0.2363 -0.2363 -0.2466 -0.2466 -0.2466 -0.2466 -0.2466 -0.2466 -0.2466 -0.2566 -0.2566 -0.2566 -0.2566 -0.2566 -0.2566 -0.2566 -0.2651 0.1288 0.1288 0.0785 -0.0906 
fb2 = -0.2106 -0.2362 -0.2362 -0.2362 -0.2362 -0.2362 -0.2362 -0.2362 -0.2466 -0.2466 -0.2466 -0.2466 -0.2466 -0.2466 -0.2466 -0.2565 -0.2565 -0.2565 -0.2565 -0.2565 -0.2565 -0.2565 -0.2650 0.1310 0.1310 0.0798 -0.0906 
fb3 = -0.2106 -0.2362 -0.2362 -0.2362 -0.2362 -0.2362 -0.2362 -0.2362 -0.2466 -0.2466 -0.2466 -0.2466 -0.2466 -0.2466 -0.2466 -0.2565 -0.2565 -0.2565 -0.2565 -0.2565 -0.2565 -0.2565 -0.2650 0.1311 0.1311 0.0798 -0.0906 
fb4 = -0.2106 -0.2362 -0.2362 -0.2362 -0.2362 -0.2362 -0.2362 -0.2362 -0.2465 -0.2465 -0.2465 -0.2465 -0.2465 -0.2465 -0.2465 -0.2565 -0.2565 -0.2565 -0.2565 -0.2565 -0.2565 -0.2565 -0.2650 0.1333 0.1333 0.0811 -0.0906 
I = 14.9000 9.4000 9.4000 9.4000 9.4000 9.4000 9.4000 9.4000 6.0000 6.0000 6.0000 6.0000 6.0000 6.0000 6.0000 2.0000 2.0000 2.0000 2.0000 2.0000 2.0000 2.0000 -2.0000 25.4452 25.4452 10.0000 -0.3031 
S1 = 0.0000 0.0000 0.0000 0.0000 0.0000 0.0000 0.0000 0.0000 0.0000 0.0000 0.0000 0.0000 0.0000 0.0000 0.0000 0.0000 0.0000 0.0000 0.0000 0.0000 0.0000 0.0000 0.0000 0.0000 0.0000 0.0000 0.0000 
S2 = 0.0000 0.0000 0.0000 0.0000 0.0000 0.0000 0.0000 0.0000 0.0000 0.0000 0.0000 0.0000 0.0000 0.0000 0.0000 0.0000 0.0000 0.0000 0.0000 0.0000 0.0000 0.0000 0.0000 1.4452 1.4452 0.0000 10.6969 
u = 8.5710 8.4705 8.4705 8.4705 8.4705 8.4705 8.4705 8.4705 8.4221 8.4221 8.4221 8.4221 8.4221 8.4221 8.4221 8.3725 8.3725 8.3725 8.3725 8.3725 8.3725 8.3725 8.3282 10.6499 10.6499 11.3104 9.3495 
v = 33.0687 25.6572 25.6572 25.6572 25.6572 25.6572 25.6572 25.6572 22.5884 22.5884 22.5884 22.5884 22.5884 22.5884 22.5884 19.6055 19.6055 19.6055 19.6055 19.6055 19.6055 19.6055 17.0401 86.5745 86.5745 76.8158 24.1066 
