ExternalI = 5.5000 0.0000 0.0000 0.0000 0.0000 0.0000 0.0000 0.0000 4.0000 4.0000 4.0000 4.0000 4.0000 4.0000 4.0000 0.0000 0.0000 0.0000 0.0000 0.0000 0.0000 0.0000 0.0000 8.0000 8.0000 0.0000 0.0000 
before u = 8.5710 8.4705 8.4705 8.4705 8.4705 8.4705 8.4705 8.4705 8.4221 8.4221 8.4221 8.4221 8.4221 8.4221 8.4221 8.3725 8.3725 8.3725 8.3725 8.3725 8.3725 8.3725 8.3282 10.6499 10.6499 11.3104 9.3495 
before v = 33.0687 25.6572 25.6572 25.6572 25.6572 25.6572 25.6572 25.6572 22.5884 22.5884 22.5884 22.5884 22.5884 22.5884 22.5884 19.6055 19.6055 19.6055 19.6055 19.6055 19.6055 19.6055 17.0401 86.5745 86.5745 76.8158 24.1066 
Ibias = 9.4000 9.4000 9.4000 9.4000 9.4000 9.4000 9.4000 9.4000 2.0000 2.0000 2.0000 2.0000 2.0000 2.0000 2.0000 2.0000 2.0000 2.0000 2.0000 2.0000 2.0000 2.0000 -2.0000 16.0000 16.0000 10.0000 -11.0000 
fa1 = 0.8645 0.2896 0.2896 0.2896 0.2896 0.2896 0.2896 0.2896 0.2221 0.2221 0.2221 0.2221 0.2221 0.2221 0.2221 0.1861 0.1861 0.1861 0.1861 0.1861 0.1861 0.1861 0.1661 114.8747 114.8747 64.2688 1.2513 
fa2 = 0.8640 0.2894 0.2894 0.2894 0.2894 0.2894 0.2894 0.2894 0.2220 0.2220 0.2220 0.2220 0.2220 0.2220 0.2220 0.1861 0.1861 0.1861 0.1861 0.1861 0.1861 0.1861 0.1661 117.1422 117.1422 65.2832 1.2450 
fa3 = 0.8640 0.2894 0.2894 0.2894 0.2894 0.2894 0.2894 0.2894 0.2220 0.2220 0.2220 0.2220 0.2220 0.2220 0.2220 0.1861 0.1861 0.1861 0.1861 0.1861 0.1861 0.1861 0.1661 117.1872 117.1872 65.2993 1.2450 
fa4 = 0.8636 0.2892 0.2892 0.2892 0.2892 0.2892 0.2892 0.2892 0.2219 0.2219 0.2219 0.2219 0.2219 0.2219 0.2219 0.1860 0.1860 0.1860 0.1860 0.1860 0.1860 0.1860 0.1661 119.5290 119.5290 66.3388 1.2388 
fb1 = -0.2106 -0.2362 -0.2362 -0.2362 -0.2362 -0.2362 -0.2362 -0.2362 -0.2465 -0.2465 -0.2465 -0.2465 -0.2465 -0.2465 -0.2465 -0.2565 -0.2565 -0.2565 -0.2565 -0.2565 -0.2565 -0.2565 -0.2650 0.1333 0.1333 0.0811 -0.0906 
fb2 = -0.2105 -0.2361 -0.2361 -0.2361 -0.2361 -0.2361 -0.2361 -0.2361 -0.2465 -0.2465 -0.2465 -0.2465 -0.2465 -0.2465 -0.2465 -0.2564 -0.2564 -0.2564 -0.2564 -0.2564 -0.2564 -0.2564 -0.2649 0.1356 0.1356 0.0823 -0.0905 
fb3 = -0.2105 -0.2361 -0.2361 -0.2361 -0.2361 -0.2361 -0.2361 -0.2361 -0.2465 -0.2465 -0.2465 -0.2465 -0.2465 -0.2465 -0.2465 -0.2564 -0.2564 -0.2564 -0.2564 -0.2564 -0.2564 -0.2564 -0.2649 0.1356 0.1356 0.0824 -0.0905 
fb4 = -0.2104 -0.2361 -0.2361 -0.2361 -0.2361 -0.2361 -0.2361 -0.2361 -0.2464 -0.2464 -0.2464 -0.2464 -0.2464 -0.2464 -0.2464 -0.2564 -0.2564 -0.2564 -0.2564 -0.2564 -0.2564 -0.2564 -0.2649 0.1380 0.1380 0.0836 -0.0905 
I = 14.9000 9.4000 9.4000 9.4000 9.4000 9.4000 9.4000 9.4000 6.0000 6.0000 6.0000 6.0000 6.0000 6.0000 6.0000 2.0000 2.0000 2.0000 2.0000 2.0000 2.0000 2.0000 -2.0000 25.4423 25.4423 10.0000 -0.3245 
S1 = 0.0000 0.0000 0.0000 0.0000 0.0000 0.0000 0.0000 0.0000 0.0000 0.0000 0.0000 0.0000 0.0000 0.0000 0.0000 0.0000 0.0000 0.0000 0.0000 0.0000 0.0000 0.0000 0.0000 0.0000 0.0000 0.0000 0.0000 
S2 = 0.0000 0.0000 0.0000 0.0000 0.0000 0.0000 0.0000 0.0000 0.0000 0.0000 0.0000 0.0000 0.0000 0.0000 0.0000 0.0000 0.0000 0.0000 0.0000 0.0000 0.0000 0.0000 0.0000 1.4423 1.4423 0.0000 10.6755 
u = 8.5688 8.4681 8.4681 8.4681 8.4681 8.4681 8.4681 8.4681 8.4196 8.4196 8.4196 8.4196 8.4196 8.4196 8.4196 8.3699 8.3699 8.3699 8.3699 8.3699 8.3699 8.3699 8.3256 10.6512 10.6512 11.3113 9.3486 
v = 33.0773 25.6601 25.6601 25.6601 25.6601 25.6601 25.6601 25.6601 22.5906 22.5906 22.5906 22.5906 22.5906 22.5906 22.5906 19.6073 19.6073 19.6073 19.6073 19.6073 19.6073 19.6073 17.0417 87.7463 87.7463 77.4687 24.1191 
