ExternalI = 5.5000 0.0000 0.0000 0.0000 0.0000 0.0000 0.0000 0.0000 4.0000 4.0000 4.0000 4.0000 4.0000 4.0000 4.0000 0.0000 0.0000 0.0000 0.0000 0.0000 0.0000 0.0000 0.0000 8.0000 8.0000 0.0000 0.0000 
before u = 8.5688 8.4681 8.4681 8.4681 8.4681 8.4681 8.4681 8.4681 8.4196 8.4196 8.4196 8.4196 8.4196 8.4196 8.4196 8.3699 8.3699 8.3699 8.3699 8.3699 8.3699 8.3699 8.3256 10.6512 10.6512 11.3113 9.3486 
before v = 33.0773 25.6601 25.6601 25.6601 25.6601 25.6601 25.6601 25.6601 22.5906 22.5906 22.5906 22.5906 22.5906 22.5906 22.5906 19.6073 19.6073 19.6073 19.6073 19.6073 19.6073 19.6073 17.0417 87.7463 87.7463 77.4687 24.1191 
Ibias = 9.4000 9.4000 9.4000 9.4000 9.4000 9.4000 9.4000 9.4000 2.0000 2.0000 2.0000 2.0000 2.0000 2.0000 2.0000 2.0000 2.0000 2.0000 2.0000 2.0000 2.0000 2.0000 -2.0000 16.0000 16.0000 10.0000 -11.0000 
fa1 = 0.8636 0.2892 0.2892 0.2892 0.2892 0.2892 0.2892 0.2892 0.2219 0.2219 0.2219 0.2219 0.2219 0.2219 0.2219 0.1860 0.1860 0.1860 0.1860 0.1860 0.1860 0.1860 0.1661 119.5257 119.5257 66.3387 1.2175 
fa2 = 0.8631 0.2890 0.2890 0.2890 0.2890 0.2890 0.2890 0.2890 0.2219 0.2219 0.2219 0.2219 0.2219 0.2219 0.2219 0.1860 0.1860 0.1860 0.1860 0.1860 0.1860 0.1860 0.1660 121.9416 121.9416 67.4033 1.2114 
fa3 = 0.8631 0.2890 0.2890 0.2890 0.2890 0.2890 0.2890 0.2890 0.2219 0.2219 0.2219 0.2219 0.2219 0.2219 0.2219 0.1860 0.1860 0.1860 0.1860 0.1860 0.1860 0.1860 0.1660 121.9907 121.9907 67.4204 1.2115 
fa4 = 0.8626 0.2888 0.2888 0.2888 0.2888 0.2888 0.2888 0.2888 0.2218 0.2218 0.2218 0.2218 0.2218 0.2218 0.2218 0.1859 0.1859 0.1859 0.1859 0.1859 0.1859 0.1859 0.1660 124.4875 124.4875 68.5118 1.2054 
fb1 = -0.2104 -0.2361 -0.2361 -0.2361 -0.2361 -0.2361 -0.2361 -0.2361 -0.2464 -0.2464 -0.2464 -0.2464 -0.2464 -0.2464 -0.2464 -0.2564 -0.2564 -0.2564 -0.2564 -0.2564 -0.2564 -0.2564 -0.2649 0.1380 0.1380 0.0836 -0.0905 
fb2 = -0.2104 -0.2360 -0.2360 -0.2360 -0.2360 -0.2360 -0.2360 -0.2360 -0.2464 -0.2464 -0.2464 -0.2464 -0.2464 -0.2464 -0.2464 -0.2563 -0.2563 -0.2563 -0.2563 -0.2563 -0.2563 -0.2563 -0.2648 0.1403 0.1403 0.0850 -0.0905 
fb3 = -0.2104 -0.2360 -0.2360 -0.2360 -0.2360 -0.2360 -0.2360 -0.2360 -0.2464 -0.2464 -0.2464 -0.2464 -0.2464 -0.2464 -0.2464 -0.2563 -0.2563 -0.2563 -0.2563 -0.2563 -0.2563 -0.2563 -0.2648 0.1404 0.1404 0.0850 -0.0905 
fb4 = -0.2103 -0.2360 -0.2360 -0.2360 -0.2360 -0.2360 -0.2360 -0.2360 -0.2463 -0.2463 -0.2463 -0.2463 -0.2463 -0.2463 -0.2463 -0.2563 -0.2563 -0.2563 -0.2563 -0.2563 -0.2563 -0.2563 -0.2647 0.1428 0.1428 0.0863 -0.0904 
I = 14.9000 9.4000 9.4000 9.4000 9.4000 9.4000 9.4000 9.4000 6.0000 6.0000 6.0000 6.0000 6.0000 6.0000 6.0000 2.0000 2.0000 2.0000 2.0000 2.0000 2.0000 2.0000 -2.0000 25.4394 25.4394 10.0000 -0.3458 
S1 = 0.0000 0.0000 0.0000 0.0000 0.0000 0.0000 0.0000 0.0000 0.0000 0.0000 0.0000 0.0000 0.0000 0.0000 0.0000 0.0000 0.0000 0.0000 0.0000 0.0000 0.0000 0.0000 0.0000 0.0000 0.0000 0.0000 0.0000 
S2 = 0.0000 0.0000 0.0000 0.0000 0.0000 0.0000 0.0000 0.0000 0.0000 0.0000 0.0000 0.0000 0.0000 0.0000 0.0000 0.0000 0.0000 0.0000 0.0000 0.0000 0.0000 0.0000 0.0000 1.4394 1.4394 0.0000 10.6542 
u = 8.5667 8.4658 8.4658 8.4658 8.4658 8.4658 8.4658 8.4658 8.4172 8.4172 8.4172 8.4172 8.4172 8.4172 8.4172 8.3673 8.3673 8.3673 8.3673 8.3673 8.3673 8.3673 8.3229 10.6526 10.6526 11.3121 9.3477 
v = 33.0859 25.6630 25.6630 25.6630 25.6630 25.6630 25.6630 25.6630 22.5928 22.5928 22.5928 22.5928 22.5928 22.5928 22.5928 19.6092 19.6092 19.6092 19.6092 19.6092 19.6092 19.6092 17.0434 88.9661 88.9661 78.1429 24.1312 
