ExternalI = 5.5000 0.0000 0.0000 0.0000 0.0000 0.0000 0.0000 0.0000 4.0000 4.0000 4.0000 4.0000 4.0000 4.0000 4.0000 0.0000 0.0000 0.0000 0.0000 0.0000 0.0000 0.0000 0.0000 8.0000 8.0000 0.0000 0.0000 
before u = 8.5667 8.4658 8.4658 8.4658 8.4658 8.4658 8.4658 8.4658 8.4172 8.4172 8.4172 8.4172 8.4172 8.4172 8.4172 8.3673 8.3673 8.3673 8.3673 8.3673 8.3673 8.3673 8.3229 10.6526 10.6526 11.3121 9.3477 
before v = 33.0859 25.6630 25.6630 25.6630 25.6630 25.6630 25.6630 25.6630 22.5928 22.5928 22.5928 22.5928 22.5928 22.5928 22.5928 19.6092 19.6092 19.6092 19.6092 19.6092 19.6092 19.6092 17.0434 88.9661 88.9661 78.1429 24.1312 
Ibias = 9.4000 9.4000 9.4000 9.4000 9.4000 9.4000 9.4000 9.4000 2.0000 2.0000 2.0000 2.0000 2.0000 2.0000 2.0000 2.0000 2.0000 2.0000 2.0000 2.0000 2.0000 2.0000 -2.0000 16.0000 16.0000 10.0000 -11.0000 
fa1 = 0.8626 0.2888 0.2888 0.2888 0.2888 0.2888 0.2888 0.2888 0.2218 0.2218 0.2218 0.2218 0.2218 0.2218 0.2218 0.1859 0.1859 0.1859 0.1859 0.1859 0.1859 0.1859 0.1660 124.4842 124.4842 68.5117 1.1841 
fa2 = 0.8621 0.2886 0.2886 0.2886 0.2886 0.2886 0.2886 0.2886 0.2217 0.2217 0.2217 0.2217 0.2217 0.2217 0.2217 0.1859 0.1859 0.1859 0.1859 0.1859 0.1859 0.1859 0.1660 127.0616 127.0616 69.6297 1.1782 
fa3 = 0.8621 0.2886 0.2886 0.2886 0.2886 0.2886 0.2886 0.2886 0.2217 0.2217 0.2217 0.2217 0.2217 0.2217 0.2217 0.1859 0.1859 0.1859 0.1859 0.1859 0.1859 0.1859 0.1660 127.1153 127.1153 69.6481 1.1783 
fa4 = 0.8617 0.2884 0.2884 0.2884 0.2884 0.2884 0.2884 0.2884 0.2216 0.2216 0.2216 0.2216 0.2216 0.2216 0.2216 0.1858 0.1858 0.1858 0.1858 0.1858 0.1858 0.1858 0.1659 129.7810 129.7810 70.7948 1.1724 
fb1 = -0.2103 -0.2360 -0.2360 -0.2360 -0.2360 -0.2360 -0.2360 -0.2360 -0.2463 -0.2463 -0.2463 -0.2463 -0.2463 -0.2463 -0.2463 -0.2563 -0.2563 -0.2563 -0.2563 -0.2563 -0.2563 -0.2563 -0.2647 0.1428 0.1428 0.0863 -0.0904 
fb2 = -0.2103 -0.2359 -0.2359 -0.2359 -0.2359 -0.2359 -0.2359 -0.2359 -0.2463 -0.2463 -0.2463 -0.2463 -0.2463 -0.2463 -0.2463 -0.2562 -0.2562 -0.2562 -0.2562 -0.2562 -0.2562 -0.2562 -0.2647 0.1453 0.1453 0.0877 -0.0904 
fb3 = -0.2103 -0.2359 -0.2359 -0.2359 -0.2359 -0.2359 -0.2359 -0.2359 -0.2463 -0.2463 -0.2463 -0.2463 -0.2463 -0.2463 -0.2463 -0.2562 -0.2562 -0.2562 -0.2562 -0.2562 -0.2562 -0.2562 -0.2647 0.1453 0.1453 0.0877 -0.0904 
fb4 = -0.2102 -0.2359 -0.2359 -0.2359 -0.2359 -0.2359 -0.2359 -0.2359 -0.2462 -0.2462 -0.2462 -0.2462 -0.2462 -0.2462 -0.2462 -0.2561 -0.2561 -0.2561 -0.2561 -0.2561 -0.2561 -0.2561 -0.2646 0.1479 0.1479 0.0891 -0.0904 
I = 14.9000 9.4000 9.4000 9.4000 9.4000 9.4000 9.4000 9.4000 6.0000 6.0000 6.0000 6.0000 6.0000 6.0000 6.0000 2.0000 2.0000 2.0000 2.0000 2.0000 2.0000 2.0000 -2.0000 25.4365 25.4365 10.0000 -0.3671 
S1 = 0.0000 0.0000 0.0000 0.0000 0.0000 0.0000 0.0000 0.0000 0.0000 0.0000 0.0000 0.0000 0.0000 0.0000 0.0000 0.0000 0.0000 0.0000 0.0000 0.0000 0.0000 0.0000 0.0000 0.0000 0.0000 0.0000 0.0000 
S2 = 0.0000 0.0000 0.0000 0.0000 0.0000 0.0000 0.0000 0.0000 0.0000 0.0000 0.0000 0.0000 0.0000 0.0000 0.0000 0.0000 0.0000 0.0000 0.0000 0.0000 0.0000 0.0000 0.0000 1.4365 1.4365 0.0000 10.6329 
u = 8.5646 8.4634 8.4634 8.4634 8.4634 8.4634 8.4634 8.4634 8.4147 8.4147 8.4147 8.4147 8.4147 8.4147 8.4147 8.3648 8.3648 8.3648 8.3648 8.3648 8.3648 8.3648 8.3203 10.6541 10.6541 11.3130 9.3468 
v = 33.0946 25.6659 25.6659 25.6659 25.6659 25.6659 25.6659 25.6659 22.5951 22.5951 22.5951 22.5951 22.5951 22.5951 22.5951 19.6111 19.6111 19.6111 19.6111 19.6111 19.6111 19.6111 17.0451 90.2371 90.2371 78.8393 24.1430 
