ExternalI = 5.5000 0.0000 0.0000 0.0000 0.0000 0.0000 0.0000 0.0000 4.0000 4.0000 4.0000 4.0000 4.0000 4.0000 4.0000 0.0000 0.0000 0.0000 0.0000 0.0000 0.0000 0.0000 0.0000 8.0000 8.0000 0.0000 0.0000 
before u = 8.5646 8.4634 8.4634 8.4634 8.4634 8.4634 8.4634 8.4634 8.4147 8.4147 8.4147 8.4147 8.4147 8.4147 8.4147 8.3648 8.3648 8.3648 8.3648 8.3648 8.3648 8.3648 8.3203 10.6541 10.6541 11.3130 9.3468 
before v = 33.0946 25.6659 25.6659 25.6659 25.6659 25.6659 25.6659 25.6659 22.5951 22.5951 22.5951 22.5951 22.5951 22.5951 22.5951 19.6111 19.6111 19.6111 19.6111 19.6111 19.6111 19.6111 17.0451 90.2371 90.2371 78.8393 24.1430 
Ibias = 9.4000 9.4000 9.4000 9.4000 9.4000 9.4000 9.4000 9.4000 2.0000 2.0000 2.0000 2.0000 2.0000 2.0000 2.0000 2.0000 2.0000 2.0000 2.0000 2.0000 2.0000 2.0000 -2.0000 16.0000 16.0000 10.0000 -11.0000 
fa1 = 0.8617 0.2884 0.2884 0.2884 0.2884 0.2884 0.2884 0.2884 0.2216 0.2216 0.2216 0.2216 0.2216 0.2216 0.2216 0.1858 0.1858 0.1858 0.1858 0.1858 0.1858 0.1858 0.1659 129.7777 129.7777 70.7946 1.1512 
fa2 = 0.8612 0.2883 0.2883 0.2883 0.2883 0.2883 0.2883 0.2883 0.2215 0.2215 0.2215 0.2215 0.2215 0.2215 0.2215 0.1858 0.1858 0.1858 0.1858 0.1858 0.1858 0.1858 0.1659 132.5314 132.5314 71.9698 1.1455 
fa3 = 0.8612 0.2883 0.2883 0.2883 0.2883 0.2883 0.2883 0.2883 0.2215 0.2215 0.2215 0.2215 0.2215 0.2215 0.2215 0.1858 0.1858 0.1858 0.1858 0.1858 0.1858 0.1858 0.1659 132.5902 132.5902 71.9894 1.1455 
fa4 = 0.8607 0.2881 0.2881 0.2881 0.2881 0.2881 0.2881 0.2881 0.2214 0.2214 0.2214 0.2214 0.2214 0.2214 0.2214 0.1857 0.1857 0.1857 0.1857 0.1857 0.1857 0.1857 0.1659 135.4404 135.4404 73.1952 1.1398 
fb1 = -0.2102 -0.2359 -0.2359 -0.2359 -0.2359 -0.2359 -0.2359 -0.2359 -0.2462 -0.2462 -0.2462 -0.2462 -0.2462 -0.2462 -0.2462 -0.2561 -0.2561 -0.2561 -0.2561 -0.2561 -0.2561 -0.2561 -0.2646 0.1479 0.1479 0.0891 -0.0904 
fb2 = -0.2101 -0.2358 -0.2358 -0.2358 -0.2358 -0.2358 -0.2358 -0.2358 -0.2462 -0.2462 -0.2462 -0.2462 -0.2462 -0.2462 -0.2462 -0.2561 -0.2561 -0.2561 -0.2561 -0.2561 -0.2561 -0.2561 -0.2646 0.1504 0.1504 0.0905 -0.0903 
fb3 = -0.2101 -0.2358 -0.2358 -0.2358 -0.2358 -0.2358 -0.2358 -0.2358 -0.2462 -0.2462 -0.2462 -0.2462 -0.2462 -0.2462 -0.2462 -0.2561 -0.2561 -0.2561 -0.2561 -0.2561 -0.2561 -0.2561 -0.2646 0.1505 0.1505 0.0905 -0.0903 
fb4 = -0.2101 -0.2358 -0.2358 -0.2358 -0.2358 -0.2358 -0.2358 -0.2358 -0.2461 -0.2461 -0.2461 -0.2461 -0.2461 -0.2461 -0.2461 -0.2560 -0.2560 -0.2560 -0.2560 -0.2560 -0.2560 -0.2560 -0.2645 0.1531 0.1531 0.0920 -0.0903 
I = 14.9000 9.4000 9.4000 9.4000 9.4000 9.4000 9.4000 9.4000 6.0000 6.0000 6.0000 6.0000 6.0000 6.0000 6.0000 2.0000 2.0000 2.0000 2.0000 2.0000 2.0000 2.0000 -2.0000 25.4336 25.4336 10.0000 -0.3884 
S1 = 0.0000 0.0000 0.0000 0.0000 0.0000 0.0000 0.0000 0.0000 0.0000 0.0000 0.0000 0.0000 0.0000 0.0000 0.0000 0.0000 0.0000 0.0000 0.0000 0.0000 0.0000 0.0000 0.0000 0.0000 0.0000 0.0000 0.0000 
S2 = 0.0000 0.0000 0.0000 0.0000 0.0000 0.0000 0.0000 0.0000 0.0000 0.0000 0.0000 0.0000 0.0000 0.0000 0.0000 0.0000 0.0000 0.0000 0.0000 0.0000 0.0000 0.0000 0.0000 1.4336 1.4336 0.0000 10.6116 
u = 8.5625 8.4611 8.4611 8.4611 8.4611 8.4611 8.4611 8.4611 8.4123 8.4123 8.4123 8.4123 8.4123 8.4123 8.4123 8.3622 8.3622 8.3622 8.3622 8.3622 8.3622 8.3622 8.3176 10.6556 10.6556 11.3139 9.3459 
v = 33.1032 25.6688 25.6688 25.6688 25.6688 25.6688 25.6688 25.6688 22.5973 22.5973 22.5973 22.5973 22.5973 22.5973 22.5973 19.6129 19.6129 19.6129 19.6129 19.6129 19.6129 19.6129 17.0467 91.5629 91.5629 79.5592 24.1544 
