ExternalI = 5.5000 0.0000 0.0000 0.0000 0.0000 0.0000 0.0000 0.0000 4.0000 4.0000 4.0000 4.0000 4.0000 4.0000 4.0000 0.0000 0.0000 0.0000 0.0000 0.0000 0.0000 0.0000 0.0000 8.0000 8.0000 0.0000 0.0000 
before u = 9.8167 9.8142 9.8142 9.8142 9.8142 9.8142 9.8142 9.8142 9.8127 9.8127 9.8127 9.8127 9.8127 9.8127 9.8127 9.8110 9.8110 9.8110 9.8110 9.8110 9.8110 9.8110 9.8093 9.9338 9.9338 10.1802 9.9180 
before v = 19.9095 17.9228 17.9228 17.9228 17.9228 17.9228 17.9228 17.9228 16.7217 16.7217 16.7217 16.7217 16.7217 16.7217 16.7217 15.3339 15.3339 15.3339 15.3339 15.3339 15.3339 15.3339 13.9726 27.2447 27.2447 62.3508 14.3866 
Ibias = 9.4000 9.4000 9.4000 9.4000 9.4000 9.4000 9.4000 9.4000 2.0000 2.0000 2.0000 2.0000 2.0000 2.0000 2.0000 2.0000 2.0000 2.0000 2.0000 2.0000 2.0000 2.0000 -2.0000 16.0000 16.0000 10.0000 -11.0000 
fa1 = 11.2104 8.6664 8.6664 8.6664 8.6664 8.6664 8.6664 8.6664 7.2068 7.2068 7.2068 7.2068 7.2068 7.2068 7.2068 5.5924 5.5924 5.5924 5.5924 5.5924 5.5924 5.5924 4.0823 22.0230 22.0230 28.2724 5.6802 
fa2 = 11.1332 8.6003 8.6003 8.6003 8.6003 8.6003 8.6003 8.6003 7.1486 7.1486 7.1486 7.1486 7.1486 7.1486 7.1486 5.5445 5.5445 5.5445 5.5445 5.5445 5.5445 5.5445 4.0456 21.9336 21.9336 28.5540 5.6284 
fa3 = 11.1337 8.6008 8.6008 8.6008 8.6008 8.6008 8.6008 8.6008 7.1491 7.1491 7.1491 7.1491 7.1491 7.1491 7.1491 5.5449 5.5449 5.5449 5.5449 5.5449 5.5449 5.5449 4.0459 21.9340 21.9340 28.5568 5.6289 
fa4 = 11.0573 8.5352 8.5352 8.5352 8.5352 8.5352 8.5352 8.5352 7.0914 7.0914 7.0914 7.0914 7.0914 7.0914 7.0914 5.4975 5.4975 5.4975 5.4975 5.4975 5.4975 5.4975 4.0096 21.8459 21.8459 28.8429 5.5777 
fb1 = -0.3130 -0.3209 -0.3209 -0.3209 -0.3209 -0.3209 -0.3209 -0.3209 -0.3256 -0.3256 -0.3256 -0.3256 -0.3256 -0.3256 -0.3256 -0.3311 -0.3311 -0.3311 -0.3311 -0.3311 -0.3311 -0.3311 -0.3365 -0.0897 -0.0897 0.0458 -0.1408 
fb2 = -0.3127 -0.3206 -0.3206 -0.3206 -0.3206 -0.3206 -0.3206 -0.3206 -0.3254 -0.3254 -0.3254 -0.3254 -0.3254 -0.3254 -0.3254 -0.3309 -0.3309 -0.3309 -0.3309 -0.3309 -0.3309 -0.3309 -0.3363 -0.0892 -0.0892 0.0464 -0.1407 
fb3 = -0.3127 -0.3206 -0.3206 -0.3206 -0.3206 -0.3206 -0.3206 -0.3206 -0.3254 -0.3254 -0.3254 -0.3254 -0.3254 -0.3254 -0.3254 -0.3309 -0.3309 -0.3309 -0.3309 -0.3309 -0.3309 -0.3309 -0.3363 -0.0893 -0.0893 0.0464 -0.1407 
fb4 = -0.3125 -0.3204 -0.3204 -0.3204 -0.3204 -0.3204 -0.3204 -0.3204 -0.3252 -0.3252 -0.3252 -0.3252 -0.3252 -0.3252 -0.3252 -0.3307 -0.3307 -0.3307 -0.3307 -0.3307 -0.3307 -0.3307 -0.3362 -0.0888 -0.0888 0.0469 -0.1406 
I = 14.9000 9.4000 9.4000 9.4000 9.4000 9.4000 9.4000 9.4000 6.0000 6.0000 6.0000 6.0000 6.0000 6.0000 6.0000 2.0000 2.0000 2.0000 2.0000 2.0000 2.0000 2.0000 -2.0000 24.0000 24.0000 10.0000 -9.5209 
S1 = 0.0000 0.0000 0.0000 0.0000 0.0000 0.0000 0.0000 0.0000 0.0000 0.0000 0.0000 0.0000 0.0000 0.0000 0.0000 0.0000 0.0000 0.0000 0.0000 0.0000 0.0000 0.0000 0.0000 0.0000 0.0000 0.0000 0.0000 
S2 = 0.0000 0.0000 0.0000 0.0000 0.0000 0.0000 0.0000 0.0000 0.0000 0.0000 0.0000 0.0000 0.0000 0.0000 0.0000 0.0000 0.0000 0.0000 0.0000 0.0000 0.0000 0.0000 0.0000 0.0000 0.0000 0.0000 1.4791 
u = 9.8135 9.8110 9.8110 9.8110 9.8110 9.8110 9.8110 9.8110 9.8095 9.8095 9.8095 9.8095 9.8095 9.8095 9.8095 9.8077 9.8077 9.8077 9.8077 9.8077 9.8077 9.8077 9.8059 9.9329 9.9329 10.1806 9.9166 
v = 20.0208 18.0088 18.0088 18.0088 18.0088 18.0088 18.0088 18.0088 16.7932 16.7932 16.7932 16.7932 16.7932 16.7932 16.7932 15.3894 15.3894 15.3894 15.3894 15.3894 15.3894 15.3894 14.0130 27.4640 27.4640 62.6364 14.4429 
