ExternalI = 5.5000 0.0000 0.0000 0.0000 0.0000 0.0000 0.0000 0.0000 4.0000 4.0000 4.0000 4.0000 4.0000 4.0000 4.0000 0.0000 0.0000 0.0000 0.0000 0.0000 0.0000 0.0000 0.0000 8.0000 8.0000 0.0000 0.0000 
before u = 8.5625 8.4611 8.4611 8.4611 8.4611 8.4611 8.4611 8.4611 8.4123 8.4123 8.4123 8.4123 8.4123 8.4123 8.4123 8.3622 8.3622 8.3622 8.3622 8.3622 8.3622 8.3622 8.3176 10.6556 10.6556 11.3139 9.3459 
before v = 33.1032 25.6688 25.6688 25.6688 25.6688 25.6688 25.6688 25.6688 22.5973 22.5973 22.5973 22.5973 22.5973 22.5973 22.5973 19.6129 19.6129 19.6129 19.6129 19.6129 19.6129 19.6129 17.0467 91.5629 91.5629 79.5592 24.1544 
Ibias = 9.4000 9.4000 9.4000 9.4000 9.4000 9.4000 9.4000 9.4000 2.0000 2.0000 2.0000 2.0000 2.0000 2.0000 2.0000 2.0000 2.0000 2.0000 2.0000 2.0000 2.0000 2.0000 -2.0000 16.0000 16.0000 10.0000 -11.0000 
fa1 = 0.8607 0.2881 0.2881 0.2881 0.2881 0.2881 0.2881 0.2881 0.2214 0.2214 0.2214 0.2214 0.2214 0.2214 0.2214 0.1857 0.1857 0.1857 0.1857 0.1857 0.1857 0.1857 0.1659 135.4370 135.4370 73.1951 1.1186 
fa2 = 0.8603 0.2879 0.2879 0.2879 0.2879 0.2879 0.2879 0.2879 0.2213 0.2213 0.2213 0.2213 0.2213 0.2213 0.2213 0.1857 0.1857 0.1857 0.1857 0.1857 0.1857 0.1857 0.1658 138.3834 138.3834 74.4314 1.1131 
fa3 = 0.8603 0.2879 0.2879 0.2879 0.2879 0.2879 0.2879 0.2879 0.2213 0.2213 0.2213 0.2213 0.2213 0.2213 0.2213 0.1857 0.1857 0.1857 0.1857 0.1857 0.1857 0.1857 0.1658 138.4479 138.4479 74.4524 1.1131 
fa4 = 0.8598 0.2877 0.2877 0.2877 0.2877 0.2877 0.2877 0.2877 0.2212 0.2212 0.2212 0.2212 0.2212 0.2212 0.2212 0.1856 0.1856 0.1856 0.1856 0.1856 0.1856 0.1856 0.1658 141.5000 141.5000 75.7214 1.1076 
fb1 = -0.2101 -0.2358 -0.2358 -0.2358 -0.2358 -0.2358 -0.2358 -0.2358 -0.2461 -0.2461 -0.2461 -0.2461 -0.2461 -0.2461 -0.2461 -0.2560 -0.2560 -0.2560 -0.2560 -0.2560 -0.2560 -0.2560 -0.2645 0.1531 0.1531 0.0920 -0.0903 
fb2 = -0.2100 -0.2357 -0.2357 -0.2357 -0.2357 -0.2357 -0.2357 -0.2357 -0.2460 -0.2460 -0.2460 -0.2460 -0.2460 -0.2460 -0.2460 -0.2560 -0.2560 -0.2560 -0.2560 -0.2560 -0.2560 -0.2560 -0.2645 0.1558 0.1558 0.0934 -0.0903 
fb3 = -0.2100 -0.2357 -0.2357 -0.2357 -0.2357 -0.2357 -0.2357 -0.2357 -0.2460 -0.2460 -0.2460 -0.2460 -0.2460 -0.2460 -0.2460 -0.2560 -0.2560 -0.2560 -0.2560 -0.2560 -0.2560 -0.2560 -0.2645 0.1559 0.1559 0.0934 -0.0903 
fb4 = -0.2100 -0.2357 -0.2357 -0.2357 -0.2357 -0.2357 -0.2357 -0.2357 -0.2460 -0.2460 -0.2460 -0.2460 -0.2460 -0.2460 -0.2460 -0.2559 -0.2559 -0.2559 -0.2559 -0.2559 -0.2559 -0.2559 -0.2644 0.1586 0.1586 0.0949 -0.0902 
I = 14.9000 9.4000 9.4000 9.4000 9.4000 9.4000 9.4000 9.4000 6.0000 6.0000 6.0000 6.0000 6.0000 6.0000 6.0000 2.0000 2.0000 2.0000 2.0000 2.0000 2.0000 2.0000 -2.0000 25.4308 25.4308 10.0000 -0.4096 
S1 = 0.0000 0.0000 0.0000 0.0000 0.0000 0.0000 0.0000 0.0000 0.0000 0.0000 0.0000 0.0000 0.0000 0.0000 0.0000 0.0000 0.0000 0.0000 0.0000 0.0000 0.0000 0.0000 0.0000 0.0000 0.0000 0.0000 0.0000 
S2 = 0.0000 0.0000 0.0000 0.0000 0.0000 0.0000 0.0000 0.0000 0.0000 0.0000 0.0000 0.0000 0.0000 0.0000 0.0000 0.0000 0.0000 0.0000 0.0000 0.0000 0.0000 0.0000 0.0000 1.4308 1.4308 0.0000 10.5904 
u = 8.5604 8.4587 8.4587 8.4587 8.4587 8.4587 8.4587 8.4587 8.4098 8.4098 8.4098 8.4098 8.4098 8.4098 8.4098 8.3596 8.3596 8.3596 8.3596 8.3596 8.3596 8.3596 8.3150 10.6572 10.6572 11.3148 9.3450 
v = 33.1118 25.6716 25.6716 25.6716 25.6716 25.6716 25.6716 25.6716 22.5995 22.5995 22.5995 22.5995 22.5995 22.5995 22.5995 19.6148 19.6148 19.6148 19.6148 19.6148 19.6148 19.6148 17.0484 92.9472 92.9472 80.3036 24.1656 
