ExternalI = 5.5000 0.0000 0.0000 0.0000 0.0000 0.0000 0.0000 0.0000 4.0000 4.0000 4.0000 4.0000 4.0000 4.0000 4.0000 0.0000 0.0000 0.0000 0.0000 0.0000 0.0000 0.0000 0.0000 8.0000 8.0000 0.0000 0.0000 
before u = 8.5604 8.4587 8.4587 8.4587 8.4587 8.4587 8.4587 8.4587 8.4098 8.4098 8.4098 8.4098 8.4098 8.4098 8.4098 8.3596 8.3596 8.3596 8.3596 8.3596 8.3596 8.3596 8.3150 10.6572 10.6572 11.3148 9.3450 
before v = 33.1118 25.6716 25.6716 25.6716 25.6716 25.6716 25.6716 25.6716 22.5995 22.5995 22.5995 22.5995 22.5995 22.5995 22.5995 19.6148 19.6148 19.6148 19.6148 19.6148 19.6148 19.6148 17.0484 92.9472 92.9472 80.3036 24.1656 
Ibias = 9.4000 9.4000 9.4000 9.4000 9.4000 9.4000 9.4000 9.4000 2.0000 2.0000 2.0000 2.0000 2.0000 2.0000 2.0000 2.0000 2.0000 2.0000 2.0000 2.0000 2.0000 2.0000 -2.0000 16.0000 16.0000 10.0000 -11.0000 
fa1 = 0.8598 0.2877 0.2877 0.2877 0.2877 0.2877 0.2877 0.2877 0.2212 0.2212 0.2212 0.2212 0.2212 0.2212 0.2212 0.1856 0.1856 0.1856 0.1856 0.1856 0.1856 0.1856 0.1658 141.4965 141.4965 75.7213 1.0864 
fa2 = 0.8594 0.2875 0.2875 0.2875 0.2875 0.2875 0.2875 0.2875 0.2211 0.2211 0.2211 0.2211 0.2211 0.2211 0.2211 0.1856 0.1856 0.1856 0.1856 0.1856 0.1856 0.1856 0.1657 144.6539 144.6539 77.0230 1.0811 
fa3 = 0.8594 0.2875 0.2875 0.2875 0.2875 0.2875 0.2875 0.2875 0.2211 0.2211 0.2211 0.2211 0.2211 0.2211 0.2211 0.1856 0.1856 0.1856 0.1856 0.1856 0.1856 0.1856 0.1657 144.7249 144.7249 77.0455 1.0811 
fa4 = 0.8589 0.2873 0.2873 0.2873 0.2873 0.2873 0.2873 0.2873 0.2210 0.2210 0.2210 0.2210 0.2210 0.2210 0.2210 0.1855 0.1855 0.1855 0.1855 0.1855 0.1855 0.1855 0.1657 147.9983 147.9983 78.3823 1.0758 
fb1 = -0.2100 -0.2357 -0.2357 -0.2357 -0.2357 -0.2357 -0.2357 -0.2357 -0.2460 -0.2460 -0.2460 -0.2460 -0.2460 -0.2460 -0.2460 -0.2559 -0.2559 -0.2559 -0.2559 -0.2559 -0.2559 -0.2559 -0.2644 0.1586 0.1586 0.0949 -0.0902 
fb2 = -0.2099 -0.2356 -0.2356 -0.2356 -0.2356 -0.2356 -0.2356 -0.2356 -0.2459 -0.2459 -0.2459 -0.2459 -0.2459 -0.2459 -0.2459 -0.2559 -0.2559 -0.2559 -0.2559 -0.2559 -0.2559 -0.2559 -0.2643 0.1615 0.1615 0.0964 -0.0902 
fb3 = -0.2099 -0.2356 -0.2356 -0.2356 -0.2356 -0.2356 -0.2356 -0.2356 -0.2459 -0.2459 -0.2459 -0.2459 -0.2459 -0.2459 -0.2459 -0.2559 -0.2559 -0.2559 -0.2559 -0.2559 -0.2559 -0.2559 -0.2643 0.1615 0.1615 0.0964 -0.0902 
fb4 = -0.2099 -0.2356 -0.2356 -0.2356 -0.2356 -0.2356 -0.2356 -0.2356 -0.2459 -0.2459 -0.2459 -0.2459 -0.2459 -0.2459 -0.2459 -0.2558 -0.2558 -0.2558 -0.2558 -0.2558 -0.2558 -0.2558 -0.2643 0.1644 0.1644 0.0980 -0.0902 
I = 14.9000 9.4000 9.4000 9.4000 9.4000 9.4000 9.4000 9.4000 6.0000 6.0000 6.0000 6.0000 6.0000 6.0000 6.0000 2.0000 2.0000 2.0000 2.0000 2.0000 2.0000 2.0000 -2.0000 25.4279 25.4279 10.0000 -0.4308 
S1 = 0.0000 0.0000 0.0000 0.0000 0.0000 0.0000 0.0000 0.0000 0.0000 0.0000 0.0000 0.0000 0.0000 0.0000 0.0000 0.0000 0.0000 0.0000 0.0000 0.0000 0.0000 0.0000 0.0000 0.0000 0.0000 0.0000 0.0000 
S2 = 0.0000 0.0000 0.0000 0.0000 0.0000 0.0000 0.0000 0.0000 0.0000 0.0000 0.0000 0.0000 0.0000 0.0000 0.0000 0.0000 0.0000 0.0000 0.0000 0.0000 0.0000 0.0000 0.0000 1.4279 1.4279 0.0000 10.5692 
u = 8.5583 8.4563 8.4563 8.4563 8.4563 8.4563 8.4563 8.4563 8.4073 8.4073 8.4073 8.4073 8.4073 8.4073 8.4073 8.3571 8.3571 8.3571 8.3571 8.3571 8.3571 8.3571 8.3123 10.6588 10.6588 11.3158 9.3441 
v = 33.1204 25.6745 25.6745 25.6745 25.6745 25.6745 25.6745 25.6745 22.6017 22.6017 22.6017 22.6017 22.6017 22.6017 22.6017 19.6166 19.6166 19.6166 19.6166 19.6166 19.6166 19.6166 17.0500 94.3943 94.3943 81.0740 24.1764 
