ExternalI = 5.5000 0.0000 0.0000 0.0000 0.0000 0.0000 0.0000 0.0000 4.0000 4.0000 4.0000 4.0000 4.0000 4.0000 4.0000 0.0000 0.0000 0.0000 0.0000 0.0000 0.0000 0.0000 0.0000 8.0000 8.0000 0.0000 0.0000 
before u = 8.5583 8.4563 8.4563 8.4563 8.4563 8.4563 8.4563 8.4563 8.4073 8.4073 8.4073 8.4073 8.4073 8.4073 8.4073 8.3571 8.3571 8.3571 8.3571 8.3571 8.3571 8.3571 8.3123 10.6588 10.6588 11.3158 9.3441 
before v = 33.1204 25.6745 25.6745 25.6745 25.6745 25.6745 25.6745 25.6745 22.6017 22.6017 22.6017 22.6017 22.6017 22.6017 22.6017 19.6166 19.6166 19.6166 19.6166 19.6166 19.6166 19.6166 17.0500 94.3943 94.3943 81.0740 24.1764 
Ibias = 9.4000 9.4000 9.4000 9.4000 9.4000 9.4000 9.4000 9.4000 2.0000 2.0000 2.0000 2.0000 2.0000 2.0000 2.0000 2.0000 2.0000 2.0000 2.0000 2.0000 2.0000 2.0000 -2.0000 16.0000 16.0000 10.0000 -11.0000 
fa1 = 0.8589 0.2873 0.2873 0.2873 0.2873 0.2873 0.2873 0.2873 0.2210 0.2210 0.2210 0.2210 0.2210 0.2210 0.2210 0.1855 0.1855 0.1855 0.1855 0.1855 0.1855 0.1855 0.1657 147.9947 147.9947 78.3821 1.0547 
fa2 = 0.8585 0.2872 0.2872 0.2872 0.2872 0.2872 0.2872 0.2872 0.2210 0.2210 0.2210 0.2210 0.2210 0.2210 0.2210 0.1855 0.1855 0.1855 0.1855 0.1855 0.1855 0.1855 0.1657 151.3838 151.3838 79.7539 1.0495 
fa3 = 0.8585 0.2872 0.2872 0.2872 0.2872 0.2872 0.2872 0.2872 0.2210 0.2210 0.2210 0.2210 0.2210 0.2210 0.2210 0.1855 0.1855 0.1855 0.1855 0.1855 0.1855 0.1855 0.1657 151.4620 151.4620 79.7781 1.0495 
fa4 = 0.8580 0.2870 0.2870 0.2870 0.2870 0.2870 0.2870 0.2870 0.2209 0.2209 0.2209 0.2209 0.2209 0.2209 0.2209 0.1854 0.1854 0.1854 0.1854 0.1854 0.1854 0.1854 0.1656 154.9787 154.9787 81.1876 1.0444 
fb1 = -0.2099 -0.2356 -0.2356 -0.2356 -0.2356 -0.2356 -0.2356 -0.2356 -0.2459 -0.2459 -0.2459 -0.2459 -0.2459 -0.2459 -0.2459 -0.2558 -0.2558 -0.2558 -0.2558 -0.2558 -0.2558 -0.2558 -0.2643 0.1644 0.1644 0.0980 -0.0902 
fb2 = -0.2098 -0.2355 -0.2355 -0.2355 -0.2355 -0.2355 -0.2355 -0.2355 -0.2458 -0.2458 -0.2458 -0.2458 -0.2458 -0.2458 -0.2458 -0.2558 -0.2558 -0.2558 -0.2558 -0.2558 -0.2558 -0.2558 -0.2642 0.1673 0.1673 0.0995 -0.0901 
fb3 = -0.2098 -0.2355 -0.2355 -0.2355 -0.2355 -0.2355 -0.2355 -0.2355 -0.2458 -0.2458 -0.2458 -0.2458 -0.2458 -0.2458 -0.2458 -0.2558 -0.2558 -0.2558 -0.2558 -0.2558 -0.2558 -0.2558 -0.2642 0.1674 0.1674 0.0996 -0.0901 
fb4 = -0.2097 -0.2354 -0.2354 -0.2354 -0.2354 -0.2354 -0.2354 -0.2354 -0.2458 -0.2458 -0.2458 -0.2458 -0.2458 -0.2458 -0.2458 -0.2557 -0.2557 -0.2557 -0.2557 -0.2557 -0.2557 -0.2557 -0.2642 0.1704 0.1704 0.1012 -0.0901 
I = 14.9000 9.4000 9.4000 9.4000 9.4000 9.4000 9.4000 9.4000 6.0000 6.0000 6.0000 6.0000 6.0000 6.0000 6.0000 2.0000 2.0000 2.0000 2.0000 2.0000 2.0000 2.0000 -2.0000 25.4250 25.4250 10.0000 -0.4520 
S1 = 0.0000 0.0000 0.0000 0.0000 0.0000 0.0000 0.0000 0.0000 0.0000 0.0000 0.0000 0.0000 0.0000 0.0000 0.0000 0.0000 0.0000 0.0000 0.0000 0.0000 0.0000 0.0000 0.0000 0.0000 0.0000 0.0000 0.0000 
S2 = 0.0000 0.0000 0.0000 0.0000 0.0000 0.0000 0.0000 0.0000 0.0000 0.0000 0.0000 0.0000 0.0000 0.0000 0.0000 0.0000 0.0000 0.0000 0.0000 0.0000 0.0000 0.0000 0.0000 1.4250 1.4250 0.0000 10.5480 
u = 8.5562 8.4540 8.4540 8.4540 8.4540 8.4540 8.4540 8.4540 8.4049 8.4049 8.4049 8.4049 8.4049 8.4049 8.4049 8.3545 8.3545 8.3545 8.3545 8.3545 8.3545 8.3545 8.3097 10.6604 10.6604 11.3168 9.3432 
v = 33.1290 25.6774 25.6774 25.6774 25.6774 25.6774 25.6774 25.6774 22.6039 22.6039 22.6039 22.6039 22.6039 22.6039 22.6039 19.6185 19.6185 19.6185 19.6185 19.6185 19.6185 19.6185 17.0517 95.9087 95.9087 81.8718 24.1869 
