ExternalI = 5.5000 0.0000 0.0000 0.0000 0.0000 0.0000 0.0000 0.0000 4.0000 4.0000 4.0000 4.0000 4.0000 4.0000 4.0000 0.0000 0.0000 0.0000 0.0000 0.0000 0.0000 0.0000 0.0000 8.0000 8.0000 0.0000 0.0000 
before u = 8.5562 8.4540 8.4540 8.4540 8.4540 8.4540 8.4540 8.4540 8.4049 8.4049 8.4049 8.4049 8.4049 8.4049 8.4049 8.3545 8.3545 8.3545 8.3545 8.3545 8.3545 8.3545 8.3097 10.6604 10.6604 11.3168 9.3432 
before v = 33.1290 25.6774 25.6774 25.6774 25.6774 25.6774 25.6774 25.6774 22.6039 22.6039 22.6039 22.6039 22.6039 22.6039 22.6039 19.6185 19.6185 19.6185 19.6185 19.6185 19.6185 19.6185 17.0517 95.9087 95.9087 81.8718 24.1869 
Ibias = 9.4000 9.4000 9.4000 9.4000 9.4000 9.4000 9.4000 9.4000 2.0000 2.0000 2.0000 2.0000 2.0000 2.0000 2.0000 2.0000 2.0000 2.0000 2.0000 2.0000 2.0000 2.0000 -2.0000 16.0000 16.0000 10.0000 -11.0000 
fa1 = 0.8580 0.2870 0.2870 0.2870 0.2870 0.2870 0.2870 0.2870 0.2209 0.2209 0.2209 0.2209 0.2209 0.2209 0.2209 0.1854 0.1854 0.1854 0.1854 0.1854 0.1854 0.1854 0.1656 154.9750 154.9750 81.1874 1.0233 
fa2 = 0.8576 0.2868 0.2868 0.2868 0.2868 0.2868 0.2868 0.2868 0.2208 0.2208 0.2208 0.2208 0.2208 0.2208 0.2208 0.1854 0.1854 0.1854 0.1854 0.1854 0.1854 0.1854 0.1656 158.6189 158.6189 82.6344 1.0183 
fa3 = 0.8576 0.2868 0.2868 0.2868 0.2868 0.2868 0.2868 0.2868 0.2208 0.2208 0.2208 0.2208 0.2208 0.2208 0.2208 0.1854 0.1854 0.1854 0.1854 0.1854 0.1854 0.1854 0.1656 158.7052 158.7052 82.6603 1.0183 
fa4 = 0.8571 0.2866 0.2866 0.2866 0.2866 0.2866 0.2866 0.2866 0.2207 0.2207 0.2207 0.2207 0.2207 0.2207 0.2207 0.1853 0.1853 0.1853 0.1853 0.1853 0.1853 0.1853 0.1656 162.4898 162.4898 84.1479 1.0134 
fb1 = -0.2097 -0.2354 -0.2354 -0.2354 -0.2354 -0.2354 -0.2354 -0.2354 -0.2458 -0.2458 -0.2458 -0.2458 -0.2458 -0.2458 -0.2458 -0.2557 -0.2557 -0.2557 -0.2557 -0.2557 -0.2557 -0.2557 -0.2642 0.1704 0.1704 0.1012 -0.0901 
fb2 = -0.2097 -0.2354 -0.2354 -0.2354 -0.2354 -0.2354 -0.2354 -0.2354 -0.2457 -0.2457 -0.2457 -0.2457 -0.2457 -0.2457 -0.2457 -0.2557 -0.2557 -0.2557 -0.2557 -0.2557 -0.2557 -0.2557 -0.2641 0.1735 0.1735 0.1028 -0.0901 
fb3 = -0.2097 -0.2354 -0.2354 -0.2354 -0.2354 -0.2354 -0.2354 -0.2354 -0.2457 -0.2457 -0.2457 -0.2457 -0.2457 -0.2457 -0.2457 -0.2557 -0.2557 -0.2557 -0.2557 -0.2557 -0.2557 -0.2557 -0.2641 0.1736 0.1736 0.1028 -0.0901 
fb4 = -0.2096 -0.2353 -0.2353 -0.2353 -0.2353 -0.2353 -0.2353 -0.2353 -0.2457 -0.2457 -0.2457 -0.2457 -0.2457 -0.2457 -0.2457 -0.2556 -0.2556 -0.2556 -0.2556 -0.2556 -0.2556 -0.2556 -0.2641 0.1767 0.1767 0.1044 -0.0901 
I = 14.9000 9.4000 9.4000 9.4000 9.4000 9.4000 9.4000 9.4000 6.0000 6.0000 6.0000 6.0000 6.0000 6.0000 6.0000 2.0000 2.0000 2.0000 2.0000 2.0000 2.0000 2.0000 -2.0000 25.4222 25.4222 10.0000 -0.4730 
S1 = 0.0000 0.0000 0.0000 0.0000 0.0000 0.0000 0.0000 0.0000 0.0000 0.0000 0.0000 0.0000 0.0000 0.0000 0.0000 0.0000 0.0000 0.0000 0.0000 0.0000 0.0000 0.0000 0.0000 0.0000 0.0000 0.0000 0.0000 
S2 = 0.0000 0.0000 0.0000 0.0000 0.0000 0.0000 0.0000 0.0000 0.0000 0.0000 0.0000 0.0000 0.0000 0.0000 0.0000 0.0000 0.0000 0.0000 0.0000 0.0000 0.0000 0.0000 0.0000 1.4222 1.4222 0.0000 10.5270 
u = 8.5541 8.4516 8.4516 8.4516 8.4516 8.4516 8.4516 8.4516 8.4024 8.4024 8.4024 8.4024 8.4024 8.4024 8.4024 8.3520 8.3520 8.3520 8.3520 8.3520 8.3520 8.3520 8.3070 10.6622 10.6622 11.3178 9.3423 
v = 33.1375 25.6803 25.6803 25.6803 25.6803 25.6803 25.6803 25.6803 22.6061 22.6061 22.6061 22.6061 22.6061 22.6061 22.6061 19.6203 19.6203 19.6203 19.6203 19.6203 19.6203 19.6203 17.0533 97.4956 97.4956 82.6983 24.1971 
