ExternalI = 5.5000 0.0000 0.0000 0.0000 0.0000 0.0000 0.0000 0.0000 4.0000 4.0000 4.0000 4.0000 4.0000 4.0000 4.0000 0.0000 0.0000 0.0000 0.0000 0.0000 0.0000 0.0000 0.0000 8.0000 8.0000 0.0000 0.0000 
before u = 8.5541 8.4516 8.4516 8.4516 8.4516 8.4516 8.4516 8.4516 8.4024 8.4024 8.4024 8.4024 8.4024 8.4024 8.4024 8.3520 8.3520 8.3520 8.3520 8.3520 8.3520 8.3520 8.3070 10.6622 10.6622 11.3178 9.3423 
before v = 33.1375 25.6803 25.6803 25.6803 25.6803 25.6803 25.6803 25.6803 22.6061 22.6061 22.6061 22.6061 22.6061 22.6061 22.6061 19.6203 19.6203 19.6203 19.6203 19.6203 19.6203 19.6203 17.0533 97.4956 97.4956 82.6983 24.1971 
Ibias = 9.4000 9.4000 9.4000 9.4000 9.4000 9.4000 9.4000 9.4000 2.0000 2.0000 2.0000 2.0000 2.0000 2.0000 2.0000 2.0000 2.0000 2.0000 2.0000 2.0000 2.0000 2.0000 -2.0000 16.0000 16.0000 10.0000 -11.0000 
fa1 = 0.8571 0.2866 0.2866 0.2866 0.2866 0.2866 0.2866 0.2866 0.2207 0.2207 0.2207 0.2207 0.2207 0.2207 0.2207 0.1853 0.1853 0.1853 0.1853 0.1853 0.1853 0.1853 0.1656 162.4860 162.4860 84.1477 0.9923 
fa2 = 0.8567 0.2864 0.2864 0.2864 0.2864 0.2864 0.2864 0.2864 0.2206 0.2206 0.2206 0.2206 0.2206 0.2206 0.2206 0.1853 0.1853 0.1853 0.1853 0.1853 0.1853 0.1853 0.1655 166.4109 166.4109 85.6756 0.9875 
fa3 = 0.8567 0.2864 0.2864 0.2864 0.2864 0.2864 0.2864 0.2864 0.2206 0.2206 0.2206 0.2206 0.2206 0.2206 0.2206 0.1853 0.1853 0.1853 0.1853 0.1853 0.1853 0.1853 0.1655 166.5064 166.5064 85.7034 0.9875 
fa4 = 0.8562 0.2863 0.2863 0.2863 0.2863 0.2863 0.2863 0.2863 0.2205 0.2205 0.2205 0.2205 0.2205 0.2205 0.2205 0.1852 0.1852 0.1852 0.1852 0.1852 0.1852 0.1852 0.1655 170.5869 170.5869 87.2749 0.9827 
fb1 = -0.2096 -0.2353 -0.2353 -0.2353 -0.2353 -0.2353 -0.2353 -0.2353 -0.2457 -0.2457 -0.2457 -0.2457 -0.2457 -0.2457 -0.2457 -0.2556 -0.2556 -0.2556 -0.2556 -0.2556 -0.2556 -0.2556 -0.2641 0.1767 0.1767 0.1044 -0.0901 
fb2 = -0.2096 -0.2353 -0.2353 -0.2353 -0.2353 -0.2353 -0.2353 -0.2353 -0.2456 -0.2456 -0.2456 -0.2456 -0.2456 -0.2456 -0.2456 -0.2555 -0.2555 -0.2555 -0.2555 -0.2555 -0.2555 -0.2555 -0.2640 0.1800 0.1800 0.1061 -0.0900 
fb3 = -0.2096 -0.2353 -0.2353 -0.2353 -0.2353 -0.2353 -0.2353 -0.2353 -0.2456 -0.2456 -0.2456 -0.2456 -0.2456 -0.2456 -0.2456 -0.2555 -0.2555 -0.2555 -0.2555 -0.2555 -0.2555 -0.2555 -0.2640 0.1800 0.1800 0.1061 -0.0900 
fb4 = -0.2095 -0.2352 -0.2352 -0.2352 -0.2352 -0.2352 -0.2352 -0.2352 -0.2456 -0.2456 -0.2456 -0.2456 -0.2456 -0.2456 -0.2456 -0.2555 -0.2555 -0.2555 -0.2555 -0.2555 -0.2555 -0.2555 -0.2640 0.1834 0.1834 0.1078 -0.0900 
I = 14.9000 9.4000 9.4000 9.4000 9.4000 9.4000 9.4000 9.4000 6.0000 6.0000 6.0000 6.0000 6.0000 6.0000 6.0000 2.0000 2.0000 2.0000 2.0000 2.0000 2.0000 2.0000 -2.0000 25.4194 25.4194 10.0000 -0.4941 
S1 = 0.0000 0.0000 0.0000 0.0000 0.0000 0.0000 0.0000 0.0000 0.0000 0.0000 0.0000 0.0000 0.0000 0.0000 0.0000 0.0000 0.0000 0.0000 0.0000 0.0000 0.0000 0.0000 0.0000 0.0000 0.0000 0.0000 0.0000 
S2 = 0.0000 0.0000 0.0000 0.0000 0.0000 0.0000 0.0000 0.0000 0.0000 0.0000 0.0000 0.0000 0.0000 0.0000 0.0000 0.0000 0.0000 0.0000 0.0000 0.0000 0.0000 0.0000 0.0000 1.4194 1.4194 0.0000 10.5059 
u = 8.5520 8.4493 8.4493 8.4493 8.4493 8.4493 8.4493 8.4493 8.4000 8.4000 8.4000 8.4000 8.4000 8.4000 8.4000 8.3494 8.3494 8.3494 8.3494 8.3494 8.3494 8.3494 8.3044 10.6640 10.6640 11.3189 9.3414 
v = 33.1461 25.6831 25.6831 25.6831 25.6831 25.6831 25.6831 25.6831 22.6083 22.6083 22.6083 22.6083 22.6083 22.6083 22.6083 19.6222 19.6222 19.6222 19.6222 19.6222 19.6222 19.6222 17.0550 99.1604 99.1604 83.5553 24.2069 
