ExternalI = 5.5000 0.0000 0.0000 0.0000 0.0000 0.0000 0.0000 0.0000 4.0000 4.0000 4.0000 4.0000 4.0000 4.0000 4.0000 0.0000 0.0000 0.0000 0.0000 0.0000 0.0000 0.0000 0.0000 8.0000 8.0000 0.0000 0.0000 
before u = 8.5520 8.4493 8.4493 8.4493 8.4493 8.4493 8.4493 8.4493 8.4000 8.4000 8.4000 8.4000 8.4000 8.4000 8.4000 8.3494 8.3494 8.3494 8.3494 8.3494 8.3494 8.3494 8.3044 10.6640 10.6640 11.3189 9.3414 
before v = 33.1461 25.6831 25.6831 25.6831 25.6831 25.6831 25.6831 25.6831 22.6083 22.6083 22.6083 22.6083 22.6083 22.6083 22.6083 19.6222 19.6222 19.6222 19.6222 19.6222 19.6222 19.6222 17.0550 99.1604 99.1604 83.5553 24.2069 
Ibias = 9.4000 9.4000 9.4000 9.4000 9.4000 9.4000 9.4000 9.4000 2.0000 2.0000 2.0000 2.0000 2.0000 2.0000 2.0000 2.0000 2.0000 2.0000 2.0000 2.0000 2.0000 2.0000 -2.0000 16.0000 16.0000 10.0000 -11.0000 
fa1 = 0.8562 0.2863 0.2863 0.2863 0.2863 0.2863 0.2863 0.2863 0.2205 0.2205 0.2205 0.2205 0.2205 0.2205 0.2205 0.1852 0.1852 0.1852 0.1852 0.1852 0.1852 0.1852 0.1655 170.5829 170.5829 87.2747 0.9617 
fa2 = 0.8558 0.2861 0.2861 0.2861 0.2861 0.2861 0.2861 0.2861 0.2204 0.2204 0.2204 0.2204 0.2204 0.2204 0.2204 0.1852 0.1852 0.1852 0.1852 0.1852 0.1852 0.1852 0.1655 174.8184 174.8184 88.8895 0.9570 
fa3 = 0.8558 0.2861 0.2861 0.2861 0.2861 0.2861 0.2861 0.2861 0.2204 0.2204 0.2204 0.2204 0.2204 0.2204 0.2204 0.1852 0.1852 0.1852 0.1852 0.1852 0.1852 0.1852 0.1655 174.9243 174.9243 88.9196 0.9571 
fa4 = 0.8553 0.2859 0.2859 0.2859 0.2859 0.2859 0.2859 0.2859 0.2204 0.2204 0.2204 0.2204 0.2204 0.2204 0.2204 0.1851 0.1851 0.1851 0.1851 0.1851 0.1851 0.1851 0.1654 179.3322 179.3322 90.5814 0.9524 
fb1 = -0.2095 -0.2352 -0.2352 -0.2352 -0.2352 -0.2352 -0.2352 -0.2352 -0.2456 -0.2456 -0.2456 -0.2456 -0.2456 -0.2456 -0.2456 -0.2555 -0.2555 -0.2555 -0.2555 -0.2555 -0.2555 -0.2555 -0.2640 0.1834 0.1834 0.1078 -0.0900 
fb2 = -0.2094 -0.2352 -0.2352 -0.2352 -0.2352 -0.2352 -0.2352 -0.2352 -0.2455 -0.2455 -0.2455 -0.2455 -0.2455 -0.2455 -0.2455 -0.2554 -0.2554 -0.2554 -0.2554 -0.2554 -0.2554 -0.2554 -0.2639 0.1868 0.1868 0.1096 -0.0900 
fb3 = -0.2094 -0.2352 -0.2352 -0.2352 -0.2352 -0.2352 -0.2352 -0.2352 -0.2455 -0.2455 -0.2455 -0.2455 -0.2455 -0.2455 -0.2455 -0.2554 -0.2554 -0.2554 -0.2554 -0.2554 -0.2554 -0.2554 -0.2639 0.1868 0.1868 0.1096 -0.0900 
fb4 = -0.2094 -0.2351 -0.2351 -0.2351 -0.2351 -0.2351 -0.2351 -0.2351 -0.2455 -0.2455 -0.2455 -0.2455 -0.2455 -0.2455 -0.2455 -0.2554 -0.2554 -0.2554 -0.2554 -0.2554 -0.2554 -0.2554 -0.2638 0.1903 0.1903 0.1114 -0.0899 
I = 14.9000 9.4000 9.4000 9.4000 9.4000 9.4000 9.4000 9.4000 6.0000 6.0000 6.0000 6.0000 6.0000 6.0000 6.0000 2.0000 2.0000 2.0000 2.0000 2.0000 2.0000 2.0000 -2.0000 25.4165 25.4165 10.0000 -0.5151 
S1 = 0.0000 0.0000 0.0000 0.0000 0.0000 0.0000 0.0000 0.0000 0.0000 0.0000 0.0000 0.0000 0.0000 0.0000 0.0000 0.0000 0.0000 0.0000 0.0000 0.0000 0.0000 0.0000 0.0000 0.0000 0.0000 0.0000 0.0000 
S2 = 0.0000 0.0000 0.0000 0.0000 0.0000 0.0000 0.0000 0.0000 0.0000 0.0000 0.0000 0.0000 0.0000 0.0000 0.0000 0.0000 0.0000 0.0000 0.0000 0.0000 0.0000 0.0000 0.0000 1.4165 1.4165 0.0000 10.4849 
u = 8.5500 8.4469 8.4469 8.4469 8.4469 8.4469 8.4469 8.4469 8.3975 8.3975 8.3975 8.3975 8.3975 8.3975 8.3975 8.3469 8.3469 8.3469 8.3469 8.3469 8.3469 8.3469 8.3018 10.6658 10.6658 11.3200 9.3405 
v = 33.1547 25.6860 25.6860 25.6860 25.6860 25.6860 25.6860 25.6860 22.6105 22.6105 22.6105 22.6105 22.6105 22.6105 22.6105 19.6240 19.6240 19.6240 19.6240 19.6240 19.6240 19.6240 17.0567 100.9094 100.9094 84.4444 24.2165 
