ExternalI = 5.5000 0.0000 0.0000 0.0000 0.0000 0.0000 0.0000 0.0000 4.0000 4.0000 4.0000 4.0000 4.0000 4.0000 4.0000 0.0000 0.0000 0.0000 0.0000 0.0000 0.0000 0.0000 0.0000 8.0000 8.0000 0.0000 0.0000 
before u = 8.5500 8.4469 8.4469 8.4469 8.4469 8.4469 8.4469 8.4469 8.3975 8.3975 8.3975 8.3975 8.3975 8.3975 8.3975 8.3469 8.3469 8.3469 8.3469 8.3469 8.3469 8.3469 8.3018 10.6658 10.6658 11.3200 9.3405 
before v = 33.1547 25.6860 25.6860 25.6860 25.6860 25.6860 25.6860 25.6860 22.6105 22.6105 22.6105 22.6105 22.6105 22.6105 22.6105 19.6240 19.6240 19.6240 19.6240 19.6240 19.6240 19.6240 17.0567 100.9094 100.9094 84.4444 24.2165 
Ibias = 9.4000 9.4000 9.4000 9.4000 9.4000 9.4000 9.4000 9.4000 2.0000 2.0000 2.0000 2.0000 2.0000 2.0000 2.0000 2.0000 2.0000 2.0000 2.0000 2.0000 2.0000 2.0000 -2.0000 16.0000 16.0000 10.0000 -11.0000 
fa1 = 0.8553 0.2859 0.2859 0.2859 0.2859 0.2859 0.2859 0.2859 0.2204 0.2204 0.2204 0.2204 0.2204 0.2204 0.2204 0.1851 0.1851 0.1851 0.1851 0.1851 0.1851 0.1851 0.1654 179.3281 179.3281 90.5811 0.9315 
fa2 = 0.8549 0.2857 0.2857 0.2857 0.2857 0.2857 0.2857 0.2857 0.2203 0.2203 0.2203 0.2203 0.2203 0.2203 0.2203 0.1851 0.1851 0.1851 0.1851 0.1851 0.1851 0.1851 0.1654 183.9078 183.9078 92.2897 0.9270 
fa3 = 0.8549 0.2857 0.2857 0.2857 0.2857 0.2857 0.2857 0.2857 0.2203 0.2203 0.2203 0.2203 0.2203 0.2203 0.2203 0.1851 0.1851 0.1851 0.1851 0.1851 0.1851 0.1851 0.1654 184.0256 184.0256 92.3221 0.9270 
fa4 = 0.8545 0.2856 0.2856 0.2856 0.2856 0.2856 0.2856 0.2856 0.2202 0.2202 0.2202 0.2202 0.2202 0.2202 0.2202 0.1850 0.1850 0.1850 0.1850 0.1850 0.1850 0.1850 0.1654 188.7968 188.7968 94.0813 0.9225 
fb1 = -0.2094 -0.2351 -0.2351 -0.2351 -0.2351 -0.2351 -0.2351 -0.2351 -0.2455 -0.2455 -0.2455 -0.2455 -0.2455 -0.2455 -0.2455 -0.2554 -0.2554 -0.2554 -0.2554 -0.2554 -0.2554 -0.2554 -0.2638 0.1903 0.1903 0.1114 -0.0899 
fb2 = -0.2093 -0.2351 -0.2351 -0.2351 -0.2351 -0.2351 -0.2351 -0.2351 -0.2454 -0.2454 -0.2454 -0.2454 -0.2454 -0.2454 -0.2454 -0.2553 -0.2553 -0.2553 -0.2553 -0.2553 -0.2553 -0.2553 -0.2638 0.1939 0.1939 0.1132 -0.0899 
fb3 = -0.2093 -0.2351 -0.2351 -0.2351 -0.2351 -0.2351 -0.2351 -0.2351 -0.2454 -0.2454 -0.2454 -0.2454 -0.2454 -0.2454 -0.2454 -0.2553 -0.2553 -0.2553 -0.2553 -0.2553 -0.2553 -0.2553 -0.2638 0.1940 0.1940 0.1132 -0.0899 
fb4 = -0.2093 -0.2350 -0.2350 -0.2350 -0.2350 -0.2350 -0.2350 -0.2350 -0.2454 -0.2454 -0.2454 -0.2454 -0.2454 -0.2454 -0.2454 -0.2553 -0.2553 -0.2553 -0.2553 -0.2553 -0.2553 -0.2553 -0.2637 0.1976 0.1976 0.1150 -0.0899 
I = 14.9000 9.4000 9.4000 9.4000 9.4000 9.4000 9.4000 9.4000 6.0000 6.0000 6.0000 6.0000 6.0000 6.0000 6.0000 2.0000 2.0000 2.0000 2.0000 2.0000 2.0000 2.0000 -2.0000 25.4137 25.4137 10.0000 -0.5361 
S1 = 0.0000 0.0000 0.0000 0.0000 0.0000 0.0000 0.0000 0.0000 0.0000 0.0000 0.0000 0.0000 0.0000 0.0000 0.0000 0.0000 0.0000 0.0000 0.0000 0.0000 0.0000 0.0000 0.0000 0.0000 0.0000 0.0000 0.0000 
S2 = 0.0000 0.0000 0.0000 0.0000 0.0000 0.0000 0.0000 0.0000 0.0000 0.0000 0.0000 0.0000 0.0000 0.0000 0.0000 0.0000 0.0000 0.0000 0.0000 0.0000 0.0000 0.0000 0.0000 1.4137 1.4137 0.0000 10.4639 
u = 8.5479 8.4446 8.4446 8.4446 8.4446 8.4446 8.4446 8.4446 8.3951 8.3951 8.3951 8.3951 8.3951 8.3951 8.3951 8.3443 8.3443 8.3443 8.3443 8.3443 8.3443 8.3443 8.2991 10.6678 10.6678 11.3211 9.3396 
v = 33.1632 25.6888 25.6888 25.6888 25.6888 25.6888 25.6888 25.6888 22.6127 22.6127 22.6127 22.6127 22.6127 22.6127 22.6127 19.6259 19.6259 19.6259 19.6259 19.6259 19.6259 19.6259 17.0583 102.7494 102.7494 85.3675 24.2258 
