ExternalI = 5.5000 0.0000 0.0000 0.0000 0.0000 0.0000 0.0000 0.0000 4.0000 4.0000 4.0000 4.0000 4.0000 4.0000 4.0000 0.0000 0.0000 0.0000 0.0000 0.0000 0.0000 0.0000 0.0000 8.0000 8.0000 0.0000 0.0000 
before u = 8.5479 8.4446 8.4446 8.4446 8.4446 8.4446 8.4446 8.4446 8.3951 8.3951 8.3951 8.3951 8.3951 8.3951 8.3951 8.3443 8.3443 8.3443 8.3443 8.3443 8.3443 8.3443 8.2991 10.6678 10.6678 11.3211 9.3396 
before v = 33.1632 25.6888 25.6888 25.6888 25.6888 25.6888 25.6888 25.6888 22.6127 22.6127 22.6127 22.6127 22.6127 22.6127 22.6127 19.6259 19.6259 19.6259 19.6259 19.6259 19.6259 19.6259 17.0583 102.7494 102.7494 85.3675 24.2258 
Ibias = 9.4000 9.4000 9.4000 9.4000 9.4000 9.4000 9.4000 9.4000 2.0000 2.0000 2.0000 2.0000 2.0000 2.0000 2.0000 2.0000 2.0000 2.0000 2.0000 2.0000 2.0000 2.0000 -2.0000 16.0000 16.0000 10.0000 -11.0000 
fa1 = 0.8545 0.2856 0.2856 0.2856 0.2856 0.2856 0.2856 0.2856 0.2202 0.2202 0.2202 0.2202 0.2202 0.2202 0.2202 0.1850 0.1850 0.1850 0.1850 0.1850 0.1850 0.1850 0.1654 188.7926 188.7926 94.0810 0.9016 
fa2 = 0.8540 0.2854 0.2854 0.2854 0.2854 0.2854 0.2854 0.2854 0.2201 0.2201 0.2201 0.2201 0.2201 0.2201 0.2201 0.1850 0.1850 0.1850 0.1850 0.1850 0.1850 0.1850 0.1653 193.7547 193.7547 95.8906 0.8972 
fa3 = 0.8540 0.2854 0.2854 0.2854 0.2854 0.2854 0.2854 0.2854 0.2201 0.2201 0.2201 0.2201 0.2201 0.2201 0.2201 0.1850 0.1850 0.1850 0.1850 0.1850 0.1850 0.1850 0.1653 193.8861 193.8861 95.9256 0.8973 
fa4 = 0.8536 0.2852 0.2852 0.2852 0.2852 0.2852 0.2852 0.2852 0.2200 0.2200 0.2200 0.2200 0.2200 0.2200 0.2200 0.1849 0.1849 0.1849 0.1849 0.1849 0.1849 0.1849 0.1653 199.0617 199.0617 97.7900 0.8929 
fb1 = -0.2093 -0.2350 -0.2350 -0.2350 -0.2350 -0.2350 -0.2350 -0.2350 -0.2454 -0.2454 -0.2454 -0.2454 -0.2454 -0.2454 -0.2454 -0.2553 -0.2553 -0.2553 -0.2553 -0.2553 -0.2553 -0.2553 -0.2637 0.1976 0.1976 0.1150 -0.0899 
fb2 = -0.2092 -0.2350 -0.2350 -0.2350 -0.2350 -0.2350 -0.2350 -0.2350 -0.2453 -0.2453 -0.2453 -0.2453 -0.2453 -0.2453 -0.2453 -0.2552 -0.2552 -0.2552 -0.2552 -0.2552 -0.2552 -0.2552 -0.2637 0.2014 0.2014 0.1169 -0.0899 
fb3 = -0.2092 -0.2350 -0.2350 -0.2350 -0.2350 -0.2350 -0.2350 -0.2350 -0.2453 -0.2453 -0.2453 -0.2453 -0.2453 -0.2453 -0.2453 -0.2552 -0.2552 -0.2552 -0.2552 -0.2552 -0.2552 -0.2552 -0.2637 0.2015 0.2015 0.1170 -0.0899 
fb4 = -0.2091 -0.2349 -0.2349 -0.2349 -0.2349 -0.2349 -0.2349 -0.2349 -0.2452 -0.2452 -0.2452 -0.2452 -0.2452 -0.2452 -0.2452 -0.2552 -0.2552 -0.2552 -0.2552 -0.2552 -0.2552 -0.2552 -0.2636 0.2054 0.2054 0.1189 -0.0898 
I = 14.9000 9.4000 9.4000 9.4000 9.4000 9.4000 9.4000 9.4000 6.0000 6.0000 6.0000 6.0000 6.0000 6.0000 6.0000 2.0000 2.0000 2.0000 2.0000 2.0000 2.0000 2.0000 -2.0000 25.4109 25.4109 10.0000 -0.5570 
S1 = 0.0000 0.0000 0.0000 0.0000 0.0000 0.0000 0.0000 0.0000 0.0000 0.0000 0.0000 0.0000 0.0000 0.0000 0.0000 0.0000 0.0000 0.0000 0.0000 0.0000 0.0000 0.0000 0.0000 0.0000 0.0000 0.0000 0.0000 
S2 = 0.0000 0.0000 0.0000 0.0000 0.0000 0.0000 0.0000 0.0000 0.0000 0.0000 0.0000 0.0000 0.0000 0.0000 0.0000 0.0000 0.0000 0.0000 0.0000 0.0000 0.0000 0.0000 0.0000 1.4109 1.4109 0.0000 10.4430 
u = 8.5458 8.4422 8.4422 8.4422 8.4422 8.4422 8.4422 8.4422 8.3926 8.3926 8.3926 8.3926 8.3926 8.3926 8.3926 8.3418 8.3418 8.3418 8.3418 8.3418 8.3418 8.3418 8.2965 10.6698 10.6698 11.3223 9.3387 
v = 33.1717 25.6917 25.6917 25.6917 25.6917 25.6917 25.6917 25.6917 22.6149 22.6149 22.6149 22.6149 22.6149 22.6149 22.6149 19.6277 19.6277 19.6277 19.6277 19.6277 19.6277 19.6277 17.0600 104.6880 104.6880 86.3267 24.2347 
