ExternalI = 5.5000 0.0000 0.0000 0.0000 0.0000 0.0000 0.0000 0.0000 4.0000 4.0000 4.0000 4.0000 4.0000 4.0000 4.0000 0.0000 0.0000 0.0000 0.0000 0.0000 0.0000 0.0000 0.0000 8.0000 8.0000 0.0000 0.0000 
before u = 8.5458 8.4422 8.4422 8.4422 8.4422 8.4422 8.4422 8.4422 8.3926 8.3926 8.3926 8.3926 8.3926 8.3926 8.3926 8.3418 8.3418 8.3418 8.3418 8.3418 8.3418 8.3418 8.2965 10.6698 10.6698 11.3223 9.3387 
before v = 33.1717 25.6917 25.6917 25.6917 25.6917 25.6917 25.6917 25.6917 22.6149 22.6149 22.6149 22.6149 22.6149 22.6149 22.6149 19.6277 19.6277 19.6277 19.6277 19.6277 19.6277 19.6277 17.0600 104.6880 104.6880 86.3267 24.2347 
Ibias = 9.4000 9.4000 9.4000 9.4000 9.4000 9.4000 9.4000 9.4000 2.0000 2.0000 2.0000 2.0000 2.0000 2.0000 2.0000 2.0000 2.0000 2.0000 2.0000 2.0000 2.0000 2.0000 -2.0000 16.0000 16.0000 10.0000 -11.0000 
fa1 = 0.8536 0.2852 0.2852 0.2852 0.2852 0.2852 0.2852 0.2852 0.2200 0.2200 0.2200 0.2200 0.2200 0.2200 0.2200 0.1849 0.1849 0.1849 0.1849 0.1849 0.1849 0.1849 0.1653 199.0573 199.0573 97.7897 0.8721 
fa2 = 0.8532 0.2850 0.2850 0.2850 0.2850 0.2850 0.2850 0.2850 0.2199 0.2199 0.2199 0.2199 0.2199 0.2199 0.2199 0.1849 0.1849 0.1849 0.1849 0.1849 0.1849 0.1849 0.1653 204.4456 204.4456 99.7085 0.8679 
fa3 = 0.8532 0.2850 0.2850 0.2850 0.2850 0.2850 0.2850 0.2850 0.2199 0.2199 0.2199 0.2199 0.2199 0.2199 0.2199 0.1849 0.1849 0.1849 0.1849 0.1849 0.1849 0.1849 0.1653 204.5925 204.5925 99.7464 0.8679 
fa4 = 0.8527 0.2849 0.2849 0.2849 0.2849 0.2849 0.2849 0.2849 0.2198 0.2198 0.2198 0.2198 0.2198 0.2198 0.2198 0.1849 0.1849 0.1849 0.1849 0.1849 0.1849 0.1849 0.1652 210.2195 210.2195 101.7245 0.8638 
fb1 = -0.2091 -0.2349 -0.2349 -0.2349 -0.2349 -0.2349 -0.2349 -0.2349 -0.2452 -0.2452 -0.2452 -0.2452 -0.2452 -0.2452 -0.2452 -0.2552 -0.2552 -0.2552 -0.2552 -0.2552 -0.2552 -0.2552 -0.2636 0.2054 0.2054 0.1189 -0.0898 
fb2 = -0.2091 -0.2349 -0.2349 -0.2349 -0.2349 -0.2349 -0.2349 -0.2349 -0.2452 -0.2452 -0.2452 -0.2452 -0.2452 -0.2452 -0.2452 -0.2551 -0.2551 -0.2551 -0.2551 -0.2551 -0.2551 -0.2551 -0.2636 0.2093 0.2093 0.1208 -0.0898 
fb3 = -0.2091 -0.2349 -0.2349 -0.2349 -0.2349 -0.2349 -0.2349 -0.2349 -0.2452 -0.2452 -0.2452 -0.2452 -0.2452 -0.2452 -0.2452 -0.2551 -0.2551 -0.2551 -0.2551 -0.2551 -0.2551 -0.2551 -0.2636 0.2094 0.2094 0.1208 -0.0898 
fb4 = -0.2090 -0.2348 -0.2348 -0.2348 -0.2348 -0.2348 -0.2348 -0.2348 -0.2451 -0.2451 -0.2451 -0.2451 -0.2451 -0.2451 -0.2451 -0.2550 -0.2550 -0.2550 -0.2550 -0.2550 -0.2550 -0.2550 -0.2635 0.2135 0.2135 0.1228 -0.0898 
I = 14.9000 9.4000 9.4000 9.4000 9.4000 9.4000 9.4000 9.4000 6.0000 6.0000 6.0000 6.0000 6.0000 6.0000 6.0000 2.0000 2.0000 2.0000 2.0000 2.0000 2.0000 2.0000 -2.0000 25.4080 25.4080 10.0000 -0.5779 
S1 = 0.0000 0.0000 0.0000 0.0000 0.0000 0.0000 0.0000 0.0000 0.0000 0.0000 0.0000 0.0000 0.0000 0.0000 0.0000 0.0000 0.0000 0.0000 0.0000 0.0000 0.0000 0.0000 0.0000 0.0000 0.0000 0.0000 0.0000 
S2 = 0.0000 0.0000 0.0000 0.0000 0.0000 0.0000 0.0000 0.0000 0.0000 0.0000 0.0000 0.0000 0.0000 0.0000 0.0000 0.0000 0.0000 0.0000 0.0000 0.0000 0.0000 0.0000 0.0000 1.4080 1.4080 0.0000 10.4221 
u = 8.5437 8.4399 8.4399 8.4399 8.4399 8.4399 8.4399 8.4399 8.3901 8.3901 8.3901 8.3901 8.3901 8.3901 8.3901 8.3392 8.3392 8.3392 8.3392 8.3392 8.3392 8.3392 8.2939 10.6719 10.6719 11.3235 9.3378 
v = 33.1803 25.6945 25.6945 25.6945 25.6945 25.6945 25.6945 25.6945 22.6171 22.6171 22.6171 22.6171 22.6171 22.6171 22.6171 19.6296 19.6296 19.6296 19.6296 19.6296 19.6296 19.6296 17.0616 106.7336 106.7336 87.3241 24.2434 
