ExternalI = 5.5000 0.0000 0.0000 0.0000 0.0000 0.0000 0.0000 0.0000 4.0000 4.0000 4.0000 4.0000 4.0000 4.0000 4.0000 0.0000 0.0000 0.0000 0.0000 0.0000 0.0000 0.0000 0.0000 8.0000 8.0000 0.0000 0.0000 
before u = 8.5437 8.4399 8.4399 8.4399 8.4399 8.4399 8.4399 8.4399 8.3901 8.3901 8.3901 8.3901 8.3901 8.3901 8.3901 8.3392 8.3392 8.3392 8.3392 8.3392 8.3392 8.3392 8.2939 10.6719 10.6719 11.3235 9.3378 
before v = 33.1803 25.6945 25.6945 25.6945 25.6945 25.6945 25.6945 25.6945 22.6171 22.6171 22.6171 22.6171 22.6171 22.6171 22.6171 19.6296 19.6296 19.6296 19.6296 19.6296 19.6296 19.6296 17.0616 106.7336 106.7336 87.3241 24.2434 
Ibias = 9.4000 9.4000 9.4000 9.4000 9.4000 9.4000 9.4000 9.4000 2.0000 2.0000 2.0000 2.0000 2.0000 2.0000 2.0000 2.0000 2.0000 2.0000 2.0000 2.0000 2.0000 2.0000 -2.0000 16.0000 16.0000 10.0000 -11.0000 
fa1 = 0.8527 0.2849 0.2849 0.2849 0.2849 0.2849 0.2849 0.2849 0.2198 0.2198 0.2198 0.2198 0.2198 0.2198 0.2198 0.1849 0.1849 0.1849 0.1849 0.1849 0.1849 0.1849 0.1652 210.2149 210.2149 101.7241 0.8429 
fa2 = 0.8523 0.2847 0.2847 0.2847 0.2847 0.2847 0.2847 0.2847 0.2198 0.2198 0.2198 0.2198 0.2198 0.2198 0.2198 0.1848 0.1848 0.1848 0.1848 0.1848 0.1848 0.1848 0.1652 216.0796 216.0796 103.7612 0.8389 
fa3 = 0.8523 0.2847 0.2847 0.2847 0.2847 0.2847 0.2847 0.2847 0.2198 0.2198 0.2198 0.2198 0.2198 0.2198 0.2198 0.1848 0.1848 0.1848 0.1848 0.1848 0.1848 0.1848 0.1652 216.2444 216.2444 103.8022 0.8389 
fa4 = 0.8519 0.2845 0.2845 0.2845 0.2845 0.2845 0.2845 0.2845 0.2197 0.2197 0.2197 0.2197 0.2197 0.2197 0.2197 0.1848 0.1848 0.1848 0.1848 0.1848 0.1848 0.1848 0.1652 222.3768 222.3768 105.9035 0.8349 
fb1 = -0.2090 -0.2348 -0.2348 -0.2348 -0.2348 -0.2348 -0.2348 -0.2348 -0.2451 -0.2451 -0.2451 -0.2451 -0.2451 -0.2451 -0.2451 -0.2550 -0.2550 -0.2550 -0.2550 -0.2550 -0.2550 -0.2550 -0.2635 0.2135 0.2135 0.1228 -0.0898 
fb2 = -0.2090 -0.2348 -0.2348 -0.2348 -0.2348 -0.2348 -0.2348 -0.2348 -0.2451 -0.2451 -0.2451 -0.2451 -0.2451 -0.2451 -0.2451 -0.2550 -0.2550 -0.2550 -0.2550 -0.2550 -0.2550 -0.2550 -0.2635 0.2177 0.2177 0.1248 -0.0898 
fb3 = -0.2090 -0.2348 -0.2348 -0.2348 -0.2348 -0.2348 -0.2348 -0.2348 -0.2451 -0.2451 -0.2451 -0.2451 -0.2451 -0.2451 -0.2451 -0.2550 -0.2550 -0.2550 -0.2550 -0.2550 -0.2550 -0.2550 -0.2635 0.2178 0.2178 0.1249 -0.0898 
fb4 = -0.2089 -0.2347 -0.2347 -0.2347 -0.2347 -0.2347 -0.2347 -0.2347 -0.2450 -0.2450 -0.2450 -0.2450 -0.2450 -0.2450 -0.2450 -0.2549 -0.2549 -0.2549 -0.2549 -0.2549 -0.2549 -0.2549 -0.2634 0.2221 0.2221 0.1270 -0.0897 
I = 14.9000 9.4000 9.4000 9.4000 9.4000 9.4000 9.4000 9.4000 6.0000 6.0000 6.0000 6.0000 6.0000 6.0000 6.0000 2.0000 2.0000 2.0000 2.0000 2.0000 2.0000 2.0000 -2.0000 25.4052 25.4052 10.0000 -0.5987 
S1 = 0.0000 0.0000 0.0000 0.0000 0.0000 0.0000 0.0000 0.0000 0.0000 0.0000 0.0000 0.0000 0.0000 0.0000 0.0000 0.0000 0.0000 0.0000 0.0000 0.0000 0.0000 0.0000 0.0000 0.0000 0.0000 0.0000 0.0000 
S2 = 0.0000 0.0000 0.0000 0.0000 0.0000 0.0000 0.0000 0.0000 0.0000 0.0000 0.0000 0.0000 0.0000 0.0000 0.0000 0.0000 0.0000 0.0000 0.0000 0.0000 0.0000 0.0000 0.0000 1.4052 1.4052 0.0000 10.4013 
u = 8.5416 8.4375 8.4375 8.4375 8.4375 8.4375 8.4375 8.4375 8.3877 8.3877 8.3877 8.3877 8.3877 8.3877 8.3877 8.3367 8.3367 8.3367 8.3367 8.3367 8.3367 8.3367 8.2912 10.6741 10.6741 11.3247 9.3369 
v = 33.1888 25.6974 25.6974 25.6974 25.6974 25.6974 25.6974 25.6974 22.6193 22.6193 22.6193 22.6193 22.6193 22.6193 22.6193 19.6314 19.6314 19.6314 19.6314 19.6314 19.6314 19.6314 17.0633 108.8956 108.8956 88.3620 24.2518 
