ExternalI = 5.5000 0.0000 0.0000 0.0000 0.0000 0.0000 0.0000 0.0000 4.0000 4.0000 4.0000 4.0000 4.0000 4.0000 4.0000 0.0000 0.0000 0.0000 0.0000 0.0000 0.0000 0.0000 0.0000 8.0000 8.0000 0.0000 0.0000 
before u = 8.5416 8.4375 8.4375 8.4375 8.4375 8.4375 8.4375 8.4375 8.3877 8.3877 8.3877 8.3877 8.3877 8.3877 8.3877 8.3367 8.3367 8.3367 8.3367 8.3367 8.3367 8.3367 8.2912 10.6741 10.6741 11.3247 9.3369 
before v = 33.1888 25.6974 25.6974 25.6974 25.6974 25.6974 25.6974 25.6974 22.6193 22.6193 22.6193 22.6193 22.6193 22.6193 22.6193 19.6314 19.6314 19.6314 19.6314 19.6314 19.6314 19.6314 17.0633 108.8956 108.8956 88.3620 24.2518 
Ibias = 9.4000 9.4000 9.4000 9.4000 9.4000 9.4000 9.4000 9.4000 2.0000 2.0000 2.0000 2.0000 2.0000 2.0000 2.0000 2.0000 2.0000 2.0000 2.0000 2.0000 2.0000 2.0000 -2.0000 16.0000 16.0000 10.0000 -11.0000 
fa1 = 0.8519 0.2845 0.2845 0.2845 0.2845 0.2845 0.2845 0.2845 0.2197 0.2197 0.2197 0.2197 0.2197 0.2197 0.2197 0.1848 0.1848 0.1848 0.1848 0.1848 0.1848 0.1848 0.1652 222.3719 222.3719 105.9031 0.8141 
fa2 = 0.8514 0.2844 0.2844 0.2844 0.2844 0.2844 0.2844 0.2844 0.2196 0.2196 0.2196 0.2196 0.2196 0.2196 0.2196 0.1847 0.1847 0.1847 0.1847 0.1847 0.1847 0.1847 0.1651 228.7707 228.7707 108.0682 0.8102 
fa3 = 0.8514 0.2844 0.2844 0.2844 0.2844 0.2844 0.2844 0.2844 0.2196 0.2196 0.2196 0.2196 0.2196 0.2196 0.2196 0.1847 0.1847 0.1847 0.1847 0.1847 0.1847 0.1847 0.1651 228.9564 228.9564 108.1127 0.8103 
fa4 = 0.8510 0.2842 0.2842 0.2842 0.2842 0.2842 0.2842 0.2842 0.2195 0.2195 0.2195 0.2195 0.2195 0.2195 0.2195 0.1847 0.1847 0.1847 0.1847 0.1847 0.1847 0.1847 0.1651 235.6565 235.6565 110.3476 0.8064 
fb1 = -0.2089 -0.2347 -0.2347 -0.2347 -0.2347 -0.2347 -0.2347 -0.2347 -0.2450 -0.2450 -0.2450 -0.2450 -0.2450 -0.2450 -0.2450 -0.2549 -0.2549 -0.2549 -0.2549 -0.2549 -0.2549 -0.2549 -0.2634 0.2221 0.2221 0.1270 -0.0897 
fb2 = -0.2088 -0.2347 -0.2347 -0.2347 -0.2347 -0.2347 -0.2347 -0.2347 -0.2450 -0.2450 -0.2450 -0.2450 -0.2450 -0.2450 -0.2450 -0.2549 -0.2549 -0.2549 -0.2549 -0.2549 -0.2549 -0.2549 -0.2633 0.2265 0.2265 0.1291 -0.0897 
fb3 = -0.2088 -0.2347 -0.2347 -0.2347 -0.2347 -0.2347 -0.2347 -0.2347 -0.2450 -0.2450 -0.2450 -0.2450 -0.2450 -0.2450 -0.2450 -0.2549 -0.2549 -0.2549 -0.2549 -0.2549 -0.2549 -0.2549 -0.2633 0.2267 0.2267 0.1291 -0.0897 
fb4 = -0.2088 -0.2346 -0.2346 -0.2346 -0.2346 -0.2346 -0.2346 -0.2346 -0.2449 -0.2449 -0.2449 -0.2449 -0.2449 -0.2449 -0.2449 -0.2548 -0.2548 -0.2548 -0.2548 -0.2548 -0.2548 -0.2548 -0.2633 0.2312 0.2312 0.1313 -0.0897 
I = 14.9000 9.4000 9.4000 9.4000 9.4000 9.4000 9.4000 9.4000 6.0000 6.0000 6.0000 6.0000 6.0000 6.0000 6.0000 2.0000 2.0000 2.0000 2.0000 2.0000 2.0000 2.0000 -2.0000 25.4024 25.4024 10.0000 -0.6195 
S1 = 0.0000 0.0000 0.0000 0.0000 0.0000 0.0000 0.0000 0.0000 0.0000 0.0000 0.0000 0.0000 0.0000 0.0000 0.0000 0.0000 0.0000 0.0000 0.0000 0.0000 0.0000 0.0000 0.0000 0.0000 0.0000 0.0000 0.0000 
S2 = 0.0000 0.0000 0.0000 0.0000 0.0000 0.0000 0.0000 0.0000 0.0000 0.0000 0.0000 0.0000 0.0000 0.0000 0.0000 0.0000 0.0000 0.0000 0.0000 0.0000 0.0000 0.0000 0.0000 1.4024 1.4024 0.0000 10.3805 
u = 8.5395 8.4352 8.4352 8.4352 8.4352 8.4352 8.4352 8.4352 8.3852 8.3852 8.3852 8.3852 8.3852 8.3852 8.3852 8.3341 8.3341 8.3341 8.3341 8.3341 8.3341 8.3341 8.2886 10.6763 10.6763 11.3260 9.3360 
v = 33.1973 25.7002 25.7002 25.7002 25.7002 25.7002 25.7002 25.7002 22.6215 22.6215 22.6215 22.6215 22.6215 22.6215 22.6215 19.6333 19.6333 19.6333 19.6333 19.6333 19.6333 19.6333 17.0649 111.1848 111.1848 89.4430 24.2599 
