ExternalI = 5.5000 0.0000 0.0000 0.0000 0.0000 0.0000 0.0000 0.0000 4.0000 4.0000 4.0000 4.0000 4.0000 4.0000 4.0000 0.0000 0.0000 0.0000 0.0000 0.0000 0.0000 0.0000 0.0000 8.0000 8.0000 0.0000 0.0000 
before u = 8.5395 8.4352 8.4352 8.4352 8.4352 8.4352 8.4352 8.4352 8.3852 8.3852 8.3852 8.3852 8.3852 8.3852 8.3852 8.3341 8.3341 8.3341 8.3341 8.3341 8.3341 8.3341 8.2886 10.6763 10.6763 11.3260 9.3360 
before v = 33.1973 25.7002 25.7002 25.7002 25.7002 25.7002 25.7002 25.7002 22.6215 22.6215 22.6215 22.6215 22.6215 22.6215 22.6215 19.6333 19.6333 19.6333 19.6333 19.6333 19.6333 19.6333 17.0649 111.1848 111.1848 89.4430 24.2599 
Ibias = 9.4000 9.4000 9.4000 9.4000 9.4000 9.4000 9.4000 9.4000 2.0000 2.0000 2.0000 2.0000 2.0000 2.0000 2.0000 2.0000 2.0000 2.0000 2.0000 2.0000 2.0000 2.0000 -2.0000 16.0000 16.0000 10.0000 -11.0000 
fa1 = 0.8510 0.2842 0.2842 0.2842 0.2842 0.2842 0.2842 0.2842 0.2195 0.2195 0.2195 0.2195 0.2195 0.2195 0.2195 0.1847 0.1847 0.1847 0.1847 0.1847 0.1847 0.1847 0.1651 235.6511 235.6511 110.3471 0.7857 
fa2 = 0.8506 0.2840 0.2840 0.2840 0.2840 0.2840 0.2840 0.2840 0.2194 0.2194 0.2194 0.2194 0.2194 0.2194 0.2194 0.1846 0.1846 0.1846 0.1846 0.1846 0.1846 0.1846 0.1651 242.6511 242.6511 112.6514 0.7820 
fa3 = 0.8506 0.2840 0.2840 0.2840 0.2840 0.2840 0.2840 0.2840 0.2194 0.2194 0.2194 0.2194 0.2194 0.2194 0.2194 0.1846 0.1846 0.1846 0.1846 0.1846 0.1846 0.1846 0.1651 242.8607 242.8607 112.6997 0.7820 
fa4 = 0.8502 0.2839 0.2839 0.2839 0.2839 0.2839 0.2839 0.2839 0.2194 0.2194 0.2194 0.2194 0.2194 0.2194 0.2194 0.1846 0.1846 0.1846 0.1846 0.1846 0.1846 0.1846 0.1650 250.2008 250.2008 115.0798 0.7783 
fb1 = -0.2088 -0.2346 -0.2346 -0.2346 -0.2346 -0.2346 -0.2346 -0.2346 -0.2449 -0.2449 -0.2449 -0.2449 -0.2449 -0.2449 -0.2449 -0.2548 -0.2548 -0.2548 -0.2548 -0.2548 -0.2548 -0.2548 -0.2633 0.2312 0.2312 0.1313 -0.0897 
fb2 = -0.2087 -0.2346 -0.2346 -0.2346 -0.2346 -0.2346 -0.2346 -0.2346 -0.2449 -0.2449 -0.2449 -0.2449 -0.2449 -0.2449 -0.2449 -0.2548 -0.2548 -0.2548 -0.2548 -0.2548 -0.2548 -0.2548 -0.2632 0.2359 0.2359 0.1334 -0.0897 
fb3 = -0.2087 -0.2346 -0.2346 -0.2346 -0.2346 -0.2346 -0.2346 -0.2346 -0.2449 -0.2449 -0.2449 -0.2449 -0.2449 -0.2449 -0.2449 -0.2548 -0.2548 -0.2548 -0.2548 -0.2548 -0.2548 -0.2548 -0.2632 0.2360 0.2360 0.1335 -0.0897 
fb4 = -0.2087 -0.2345 -0.2345 -0.2345 -0.2345 -0.2345 -0.2345 -0.2345 -0.2448 -0.2448 -0.2448 -0.2448 -0.2448 -0.2448 -0.2448 -0.2547 -0.2547 -0.2547 -0.2547 -0.2547 -0.2547 -0.2547 -0.2632 0.2409 0.2409 0.1357 -0.0896 
I = 14.9000 9.4000 9.4000 9.4000 9.4000 9.4000 9.4000 9.4000 6.0000 6.0000 6.0000 6.0000 6.0000 6.0000 6.0000 2.0000 2.0000 2.0000 2.0000 2.0000 2.0000 2.0000 -2.0000 25.3996 25.3996 10.0000 -0.6403 
S1 = 0.0000 0.0000 0.0000 0.0000 0.0000 0.0000 0.0000 0.0000 0.0000 0.0000 0.0000 0.0000 0.0000 0.0000 0.0000 0.0000 0.0000 0.0000 0.0000 0.0000 0.0000 0.0000 0.0000 0.0000 0.0000 0.0000 0.0000 
S2 = 0.0000 0.0000 0.0000 0.0000 0.0000 0.0000 0.0000 0.0000 0.0000 0.0000 0.0000 0.0000 0.0000 0.0000 0.0000 0.0000 0.0000 0.0000 0.0000 0.0000 0.0000 0.0000 0.0000 1.3996 1.3996 0.0000 10.3597 
u = 8.5374 8.4328 8.4328 8.4328 8.4328 8.4328 8.4328 8.4328 8.3828 8.3828 8.3828 8.3828 8.3828 8.3828 8.3828 8.3316 8.3316 8.3316 8.3316 8.3316 8.3316 8.3316 8.2860 10.6787 10.6787 11.3274 9.3351 
v = 33.2058 25.7031 25.7031 25.7031 25.7031 25.7031 25.7031 25.7031 22.6237 22.6237 22.6237 22.6237 22.6237 22.6237 22.6237 19.6351 19.6351 19.6351 19.6351 19.6351 19.6351 19.6351 17.0666 113.6129 113.6129 90.5699 24.2677 
