ExternalI = 5.5000 0.0000 0.0000 0.0000 0.0000 0.0000 0.0000 0.0000 4.0000 4.0000 4.0000 4.0000 4.0000 4.0000 4.0000 0.0000 0.0000 0.0000 0.0000 0.0000 0.0000 0.0000 0.0000 8.0000 8.0000 0.0000 0.0000 
before u = 8.5374 8.4328 8.4328 8.4328 8.4328 8.4328 8.4328 8.4328 8.3828 8.3828 8.3828 8.3828 8.3828 8.3828 8.3828 8.3316 8.3316 8.3316 8.3316 8.3316 8.3316 8.3316 8.2860 10.6787 10.6787 11.3274 9.3351 
before v = 33.2058 25.7031 25.7031 25.7031 25.7031 25.7031 25.7031 25.7031 22.6237 22.6237 22.6237 22.6237 22.6237 22.6237 22.6237 19.6351 19.6351 19.6351 19.6351 19.6351 19.6351 19.6351 17.0666 113.6129 113.6129 90.5699 24.2677 
Ibias = 9.4000 9.4000 9.4000 9.4000 9.4000 9.4000 9.4000 9.4000 2.0000 2.0000 2.0000 2.0000 2.0000 2.0000 2.0000 2.0000 2.0000 2.0000 2.0000 2.0000 2.0000 2.0000 -2.0000 16.0000 16.0000 10.0000 -11.0000 
fa1 = 0.8502 0.2839 0.2839 0.2839 0.2839 0.2839 0.2839 0.2839 0.2194 0.2194 0.2194 0.2194 0.2194 0.2194 0.2194 0.1846 0.1846 0.1846 0.1846 0.1846 0.1846 0.1846 0.1650 250.1951 250.1951 115.0793 0.7576 
fa2 = 0.8498 0.2837 0.2837 0.2837 0.2837 0.2837 0.2837 0.2837 0.2193 0.2193 0.2193 0.2193 0.2193 0.2193 0.2193 0.1845 0.1845 0.1845 0.1845 0.1845 0.1845 0.1845 0.1650 257.8737 257.8737 117.5348 0.7540 
fa3 = 0.8498 0.2837 0.2837 0.2837 0.2837 0.2837 0.2837 0.2837 0.2193 0.2193 0.2193 0.2193 0.2193 0.2193 0.2193 0.1845 0.1845 0.1845 0.1845 0.1845 0.1845 0.1845 0.1650 258.1114 258.1114 117.5874 0.7540 
fa4 = 0.8494 0.2835 0.2835 0.2835 0.2835 0.2835 0.2835 0.2835 0.2192 0.2192 0.2192 0.2192 0.2192 0.2192 0.2192 0.1845 0.1845 0.1845 0.1845 0.1845 0.1845 0.1845 0.1650 266.1756 266.1756 120.1255 0.7505 
fb1 = -0.2087 -0.2345 -0.2345 -0.2345 -0.2345 -0.2345 -0.2345 -0.2345 -0.2448 -0.2448 -0.2448 -0.2448 -0.2448 -0.2448 -0.2448 -0.2547 -0.2547 -0.2547 -0.2547 -0.2547 -0.2547 -0.2547 -0.2632 0.2409 0.2409 0.1357 -0.0896 
fb2 = -0.2086 -0.2344 -0.2344 -0.2344 -0.2344 -0.2344 -0.2344 -0.2344 -0.2448 -0.2448 -0.2448 -0.2448 -0.2448 -0.2448 -0.2448 -0.2547 -0.2547 -0.2547 -0.2547 -0.2547 -0.2547 -0.2547 -0.2631 0.2459 0.2459 0.1380 -0.0896 
fb3 = -0.2086 -0.2344 -0.2344 -0.2344 -0.2344 -0.2344 -0.2344 -0.2344 -0.2448 -0.2448 -0.2448 -0.2448 -0.2448 -0.2448 -0.2448 -0.2547 -0.2547 -0.2547 -0.2547 -0.2547 -0.2547 -0.2547 -0.2631 0.2460 0.2460 0.1381 -0.0896 
fb4 = -0.2086 -0.2344 -0.2344 -0.2344 -0.2344 -0.2344 -0.2344 -0.2344 -0.2447 -0.2447 -0.2447 -0.2447 -0.2447 -0.2447 -0.2447 -0.2546 -0.2546 -0.2546 -0.2546 -0.2546 -0.2546 -0.2546 -0.2631 0.2512 0.2512 0.1404 -0.0896 
I = 14.9000 9.4000 9.4000 9.4000 9.4000 9.4000 9.4000 9.4000 6.0000 6.0000 6.0000 6.0000 6.0000 6.0000 6.0000 2.0000 2.0000 2.0000 2.0000 2.0000 2.0000 2.0000 -2.0000 25.3968 25.3968 10.0000 -0.6610 
S1 = 0.0000 0.0000 0.0000 0.0000 0.0000 0.0000 0.0000 0.0000 0.0000 0.0000 0.0000 0.0000 0.0000 0.0000 0.0000 0.0000 0.0000 0.0000 0.0000 0.0000 0.0000 0.0000 0.0000 0.0000 0.0000 0.0000 0.0000 
S2 = 0.0000 0.0000 0.0000 0.0000 0.0000 0.0000 0.0000 0.0000 0.0000 0.0000 0.0000 0.0000 0.0000 0.0000 0.0000 0.0000 0.0000 0.0000 0.0000 0.0000 0.0000 0.0000 0.0000 1.3968 1.3968 0.0000 10.3390 
u = 8.5353 8.4305 8.4305 8.4305 8.4305 8.4305 8.4305 8.4305 8.3804 8.3804 8.3804 8.3804 8.3804 8.3804 8.3804 8.3290 8.3290 8.3290 8.3290 8.3290 8.3290 8.3290 8.2833 10.6812 10.6812 11.3287 9.3342 
v = 33.2143 25.7059 25.7059 25.7059 25.7059 25.7059 25.7059 25.7059 22.6259 22.6259 22.6259 22.6259 22.6259 22.6259 22.6259 19.6370 19.6370 19.6370 19.6370 19.6370 19.6370 19.6370 17.0682 116.1935 116.1935 91.7457 24.2753 
