ExternalI = 5.5000 0.0000 0.0000 0.0000 0.0000 0.0000 0.0000 0.0000 4.0000 4.0000 4.0000 4.0000 4.0000 4.0000 4.0000 0.0000 0.0000 0.0000 0.0000 0.0000 0.0000 0.0000 0.0000 8.0000 8.0000 0.0000 0.0000 
before u = 8.5353 8.4305 8.4305 8.4305 8.4305 8.4305 8.4305 8.4305 8.3804 8.3804 8.3804 8.3804 8.3804 8.3804 8.3804 8.3290 8.3290 8.3290 8.3290 8.3290 8.3290 8.3290 8.2833 10.6812 10.6812 11.3287 9.3342 
before v = 33.2143 25.7059 25.7059 25.7059 25.7059 25.7059 25.7059 25.7059 22.6259 22.6259 22.6259 22.6259 22.6259 22.6259 22.6259 19.6370 19.6370 19.6370 19.6370 19.6370 19.6370 19.6370 17.0682 116.1935 116.1935 91.7457 24.2753 
Ibias = 9.4000 9.4000 9.4000 9.4000 9.4000 9.4000 9.4000 9.4000 2.0000 2.0000 2.0000 2.0000 2.0000 2.0000 2.0000 2.0000 2.0000 2.0000 2.0000 2.0000 2.0000 2.0000 -2.0000 16.0000 16.0000 10.0000 -11.0000 
fa1 = 0.8494 0.2835 0.2835 0.2835 0.2835 0.2835 0.2835 0.2835 0.2192 0.2192 0.2192 0.2192 0.2192 0.2192 0.2192 0.1845 0.1845 0.1845 0.1845 0.1845 0.1845 0.1845 0.1650 266.1694 266.1694 120.1250 0.7298 
fa2 = 0.8489 0.2834 0.2834 0.2834 0.2834 0.2834 0.2834 0.2834 0.2191 0.2191 0.2191 0.2191 0.2191 0.2191 0.2191 0.1844 0.1844 0.1844 0.1844 0.1844 0.1844 0.1844 0.1649 274.6173 274.6173 122.7452 0.7264 
fa3 = 0.8489 0.2834 0.2834 0.2834 0.2834 0.2834 0.2834 0.2834 0.2191 0.2191 0.2191 0.2191 0.2191 0.2191 0.2191 0.1844 0.1844 0.1844 0.1844 0.1844 0.1844 0.1844 0.1649 274.8877 274.8877 122.8027 0.7264 
fa4 = 0.8485 0.2832 0.2832 0.2832 0.2832 0.2832 0.2832 0.2832 0.2190 0.2190 0.2190 0.2190 0.2190 0.2190 0.2190 0.1844 0.1844 0.1844 0.1844 0.1844 0.1844 0.1844 0.1649 283.7746 283.7746 125.5131 0.7230 
fb1 = -0.2086 -0.2344 -0.2344 -0.2344 -0.2344 -0.2344 -0.2344 -0.2344 -0.2447 -0.2447 -0.2447 -0.2447 -0.2447 -0.2447 -0.2447 -0.2546 -0.2546 -0.2546 -0.2546 -0.2546 -0.2546 -0.2546 -0.2631 0.2512 0.2512 0.1404 -0.0896 
fb2 = -0.2085 -0.2343 -0.2343 -0.2343 -0.2343 -0.2343 -0.2343 -0.2343 -0.2447 -0.2447 -0.2447 -0.2447 -0.2447 -0.2447 -0.2447 -0.2546 -0.2546 -0.2546 -0.2546 -0.2546 -0.2546 -0.2546 -0.2630 0.2564 0.2564 0.1428 -0.0896 
fb3 = -0.2085 -0.2343 -0.2343 -0.2343 -0.2343 -0.2343 -0.2343 -0.2343 -0.2447 -0.2447 -0.2447 -0.2447 -0.2447 -0.2447 -0.2447 -0.2546 -0.2546 -0.2546 -0.2546 -0.2546 -0.2546 -0.2546 -0.2630 0.2566 0.2566 0.1428 -0.0896 
fb4 = -0.2084 -0.2343 -0.2343 -0.2343 -0.2343 -0.2343 -0.2343 -0.2343 -0.2446 -0.2446 -0.2446 -0.2446 -0.2446 -0.2446 -0.2446 -0.2545 -0.2545 -0.2545 -0.2545 -0.2545 -0.2545 -0.2545 -0.2629 0.2621 0.2621 0.1453 -0.0895 
I = 14.9000 9.4000 9.4000 9.4000 9.4000 9.4000 9.4000 9.4000 6.0000 6.0000 6.0000 6.0000 6.0000 6.0000 6.0000 2.0000 2.0000 2.0000 2.0000 2.0000 2.0000 2.0000 -2.0000 25.3940 25.3940 10.0000 -0.6817 
S1 = 0.0000 0.0000 0.0000 0.0000 0.0000 0.0000 0.0000 0.0000 0.0000 0.0000 0.0000 0.0000 0.0000 0.0000 0.0000 0.0000 0.0000 0.0000 0.0000 0.0000 0.0000 0.0000 0.0000 0.0000 0.0000 0.0000 0.0000 
S2 = 0.0000 0.0000 0.0000 0.0000 0.0000 0.0000 0.0000 0.0000 0.0000 0.0000 0.0000 0.0000 0.0000 0.0000 0.0000 0.0000 0.0000 0.0000 0.0000 0.0000 0.0000 0.0000 0.0000 1.3940 1.3940 0.0000 10.3183 
u = 8.5332 8.4281 8.4281 8.4281 8.4281 8.4281 8.4281 8.4281 8.3779 8.3779 8.3779 8.3779 8.3779 8.3779 8.3779 8.3265 8.3265 8.3265 8.3265 8.3265 8.3265 8.3265 8.2807 10.6837 10.6837 11.3302 9.3333 
v = 33.2228 25.7087 25.7087 25.7087 25.7087 25.7087 25.7087 25.7087 22.6281 22.6281 22.6281 22.6281 22.6281 22.6281 22.6281 19.6388 19.6388 19.6388 19.6388 19.6388 19.6388 19.6388 17.0699 118.9417 118.9417 92.9736 24.2825 
