ExternalI = 5.5000 0.0000 0.0000 0.0000 0.0000 0.0000 0.0000 0.0000 4.0000 4.0000 4.0000 4.0000 4.0000 4.0000 4.0000 0.0000 0.0000 0.0000 0.0000 0.0000 0.0000 0.0000 0.0000 8.0000 8.0000 0.0000 0.0000 
before u = 8.5332 8.4281 8.4281 8.4281 8.4281 8.4281 8.4281 8.4281 8.3779 8.3779 8.3779 8.3779 8.3779 8.3779 8.3779 8.3265 8.3265 8.3265 8.3265 8.3265 8.3265 8.3265 8.2807 10.6837 10.6837 11.3302 9.3333 
before v = 33.2228 25.7087 25.7087 25.7087 25.7087 25.7087 25.7087 25.7087 22.6281 22.6281 22.6281 22.6281 22.6281 22.6281 22.6281 19.6388 19.6388 19.6388 19.6388 19.6388 19.6388 19.6388 17.0699 118.9417 118.9417 92.9736 24.2825 
Ibias = 9.4000 9.4000 9.4000 9.4000 9.4000 9.4000 9.4000 9.4000 2.0000 2.0000 2.0000 2.0000 2.0000 2.0000 2.0000 2.0000 2.0000 2.0000 2.0000 2.0000 2.0000 2.0000 -2.0000 16.0000 16.0000 10.0000 -11.0000 
fa1 = 0.8485 0.2832 0.2832 0.2832 0.2832 0.2832 0.2832 0.2832 0.2190 0.2190 0.2190 0.2190 0.2190 0.2190 0.2190 0.1844 0.1844 0.1844 0.1844 0.1844 0.1844 0.1844 0.1649 283.7677 283.7677 125.5125 0.7024 
fa2 = 0.8481 0.2830 0.2830 0.2830 0.2830 0.2830 0.2830 0.2830 0.2190 0.2190 0.2190 0.2190 0.2190 0.2190 0.2190 0.1844 0.1844 0.1844 0.1844 0.1844 0.1844 0.1844 0.1649 293.0912 293.0912 128.3125 0.6991 
fa3 = 0.8481 0.2830 0.2830 0.2830 0.2830 0.2830 0.2830 0.2830 0.2190 0.2190 0.2190 0.2190 0.2190 0.2190 0.2190 0.1844 0.1844 0.1844 0.1844 0.1844 0.1844 0.1844 0.1649 293.4002 293.4002 128.3754 0.6991 
fa4 = 0.8477 0.2829 0.2829 0.2829 0.2829 0.2829 0.2829 0.2829 0.2189 0.2189 0.2189 0.2189 0.2189 0.2189 0.2189 0.1843 0.1843 0.1843 0.1843 0.1843 0.1843 0.1843 0.1648 303.2254 303.2254 131.2741 0.6959 
fb1 = -0.2084 -0.2343 -0.2343 -0.2343 -0.2343 -0.2343 -0.2343 -0.2343 -0.2446 -0.2446 -0.2446 -0.2446 -0.2446 -0.2446 -0.2446 -0.2545 -0.2545 -0.2545 -0.2545 -0.2545 -0.2545 -0.2545 -0.2629 0.2621 0.2621 0.1453 -0.0895 
fb2 = -0.2084 -0.2342 -0.2342 -0.2342 -0.2342 -0.2342 -0.2342 -0.2342 -0.2446 -0.2446 -0.2446 -0.2446 -0.2446 -0.2446 -0.2446 -0.2544 -0.2544 -0.2544 -0.2544 -0.2544 -0.2544 -0.2544 -0.2629 0.2677 0.2677 0.1478 -0.0895 
fb3 = -0.2084 -0.2342 -0.2342 -0.2342 -0.2342 -0.2342 -0.2342 -0.2342 -0.2446 -0.2446 -0.2446 -0.2446 -0.2446 -0.2446 -0.2446 -0.2544 -0.2544 -0.2544 -0.2544 -0.2544 -0.2544 -0.2544 -0.2629 0.2679 0.2679 0.1478 -0.0895 
fb4 = -0.2083 -0.2342 -0.2342 -0.2342 -0.2342 -0.2342 -0.2342 -0.2342 -0.2445 -0.2445 -0.2445 -0.2445 -0.2445 -0.2445 -0.2445 -0.2544 -0.2544 -0.2544 -0.2544 -0.2544 -0.2544 -0.2544 -0.2628 0.2738 0.2738 0.1504 -0.0895 
I = 14.9000 9.4000 9.4000 9.4000 9.4000 9.4000 9.4000 9.4000 6.0000 6.0000 6.0000 6.0000 6.0000 6.0000 6.0000 2.0000 2.0000 2.0000 2.0000 2.0000 2.0000 2.0000 -2.0000 25.3912 25.3912 10.0000 -0.7023 
S1 = 0.0000 0.0000 0.0000 0.0000 0.0000 0.0000 0.0000 0.0000 0.0000 0.0000 0.0000 0.0000 0.0000 0.0000 0.0000 0.0000 0.0000 0.0000 0.0000 0.0000 0.0000 0.0000 0.0000 0.0000 0.0000 0.0000 0.0000 
S2 = 0.0000 0.0000 0.0000 0.0000 0.0000 0.0000 0.0000 0.0000 0.0000 0.0000 0.0000 0.0000 0.0000 0.0000 0.0000 0.0000 0.0000 0.0000 0.0000 0.0000 0.0000 0.0000 0.0000 1.3912 1.3912 0.0000 10.2977 
u = 8.5312 8.4258 8.4258 8.4258 8.4258 8.4258 8.4258 8.4258 8.3755 8.3755 8.3755 8.3755 8.3755 8.3755 8.3755 8.3239 8.3239 8.3239 8.3239 8.3239 8.3239 8.3239 8.2781 10.6864 10.6864 11.3317 9.3324 
v = 33.2313 25.7116 25.7116 25.7116 25.7116 25.7116 25.7116 25.7116 22.6303 22.6303 22.6303 22.6303 22.6303 22.6303 22.6303 19.6407 19.6407 19.6407 19.6407 19.6407 19.6407 19.6407 17.0715 121.8750 121.8750 94.2572 24.2895 
