ExternalI = 5.5000 0.0000 0.0000 0.0000 0.0000 0.0000 0.0000 0.0000 4.0000 4.0000 4.0000 4.0000 4.0000 4.0000 4.0000 0.0000 0.0000 0.0000 0.0000 0.0000 0.0000 0.0000 0.0000 8.0000 8.0000 0.0000 0.0000 
before u = 8.5312 8.4258 8.4258 8.4258 8.4258 8.4258 8.4258 8.4258 8.3755 8.3755 8.3755 8.3755 8.3755 8.3755 8.3755 8.3239 8.3239 8.3239 8.3239 8.3239 8.3239 8.3239 8.2781 10.6864 10.6864 11.3317 9.3324 
before v = 33.2313 25.7116 25.7116 25.7116 25.7116 25.7116 25.7116 25.7116 22.6303 22.6303 22.6303 22.6303 22.6303 22.6303 22.6303 19.6407 19.6407 19.6407 19.6407 19.6407 19.6407 19.6407 17.0715 121.8750 121.8750 94.2572 24.2895 
Ibias = 9.4000 9.4000 9.4000 9.4000 9.4000 9.4000 9.4000 9.4000 2.0000 2.0000 2.0000 2.0000 2.0000 2.0000 2.0000 2.0000 2.0000 2.0000 2.0000 2.0000 2.0000 2.0000 -2.0000 16.0000 16.0000 10.0000 -11.0000 
fa1 = 0.8477 0.2829 0.2829 0.2829 0.2829 0.2829 0.2829 0.2829 0.2189 0.2189 0.2189 0.2189 0.2189 0.2189 0.2189 0.1843 0.1843 0.1843 0.1843 0.1843 0.1843 0.1843 0.1648 303.2178 303.2178 131.2734 0.6753 
fa2 = 0.8473 0.2827 0.2827 0.2827 0.2827 0.2827 0.2827 0.2827 0.2188 0.2188 0.2188 0.2188 0.2188 0.2188 0.2188 0.1843 0.1843 0.1843 0.1843 0.1843 0.1843 0.1843 0.1648 313.5420 313.5420 134.2701 0.6722 
fa3 = 0.8473 0.2827 0.2827 0.2827 0.2827 0.2827 0.2827 0.2827 0.2188 0.2188 0.2188 0.2188 0.2188 0.2188 0.2188 0.1843 0.1843 0.1843 0.1843 0.1843 0.1843 0.1843 0.1648 313.8968 313.8968 134.3390 0.6722 
fa4 = 0.8469 0.2825 0.2825 0.2825 0.2825 0.2825 0.2825 0.2825 0.2187 0.2187 0.2187 0.2187 0.2187 0.2187 0.2187 0.1842 0.1842 0.1842 0.1842 0.1842 0.1842 0.1842 0.1648 324.7972 324.7972 137.4438 0.6691 
fb1 = -0.2083 -0.2342 -0.2342 -0.2342 -0.2342 -0.2342 -0.2342 -0.2342 -0.2445 -0.2445 -0.2445 -0.2445 -0.2445 -0.2445 -0.2445 -0.2544 -0.2544 -0.2544 -0.2544 -0.2544 -0.2544 -0.2544 -0.2628 0.2738 0.2738 0.1504 -0.0895 
fb2 = -0.2083 -0.2341 -0.2341 -0.2341 -0.2341 -0.2341 -0.2341 -0.2341 -0.2444 -0.2444 -0.2444 -0.2444 -0.2444 -0.2444 -0.2444 -0.2543 -0.2543 -0.2543 -0.2543 -0.2543 -0.2543 -0.2543 -0.2628 0.2798 0.2798 0.1530 -0.0895 
fb3 = -0.2083 -0.2341 -0.2341 -0.2341 -0.2341 -0.2341 -0.2341 -0.2341 -0.2444 -0.2444 -0.2444 -0.2444 -0.2444 -0.2444 -0.2444 -0.2543 -0.2543 -0.2543 -0.2543 -0.2543 -0.2543 -0.2543 -0.2628 0.2800 0.2800 0.1531 -0.0895 
fb4 = -0.2082 -0.2341 -0.2341 -0.2341 -0.2341 -0.2341 -0.2341 -0.2341 -0.2444 -0.2444 -0.2444 -0.2444 -0.2444 -0.2444 -0.2444 -0.2543 -0.2543 -0.2543 -0.2543 -0.2543 -0.2543 -0.2543 -0.2627 0.2863 0.2863 0.1557 -0.0894 
I = 14.9000 9.4000 9.4000 9.4000 9.4000 9.4000 9.4000 9.4000 6.0000 6.0000 6.0000 6.0000 6.0000 6.0000 6.0000 2.0000 2.0000 2.0000 2.0000 2.0000 2.0000 2.0000 -2.0000 25.3884 25.3884 10.0000 -0.7229 
S1 = 0.0000 0.0000 0.0000 0.0000 0.0000 0.0000 0.0000 0.0000 0.0000 0.0000 0.0000 0.0000 0.0000 0.0000 0.0000 0.0000 0.0000 0.0000 0.0000 0.0000 0.0000 0.0000 0.0000 0.0000 0.0000 0.0000 0.0000 
S2 = 0.0000 0.0000 0.0000 0.0000 0.0000 0.0000 0.0000 0.0000 0.0000 0.0000 0.0000 0.0000 0.0000 0.0000 0.0000 0.0000 0.0000 0.0000 0.0000 0.0000 0.0000 0.0000 0.0000 1.3884 1.3884 0.0000 10.2771 
u = 8.5291 8.4235 8.4235 8.4235 8.4235 8.4235 8.4235 8.4235 8.3730 8.3730 8.3730 8.3730 8.3730 8.3730 8.3730 8.3214 8.3214 8.3214 8.3214 8.3214 8.3214 8.3214 8.2754 10.6892 10.6892 11.3332 9.3315 
v = 33.2398 25.7144 25.7144 25.7144 25.7144 25.7144 25.7144 25.7144 22.6325 22.6325 22.6325 22.6325 22.6325 22.6325 22.6325 19.6425 19.6425 19.6425 19.6425 19.6425 19.6425 19.6425 17.0732 125.0132 125.0132 95.6004 24.2963 
