ExternalI = 5.5000 0.0000 0.0000 0.0000 0.0000 0.0000 0.0000 0.0000 4.0000 4.0000 4.0000 4.0000 4.0000 4.0000 4.0000 0.0000 0.0000 0.0000 0.0000 0.0000 0.0000 0.0000 0.0000 8.0000 8.0000 0.0000 0.0000 
before u = 8.5291 8.4235 8.4235 8.4235 8.4235 8.4235 8.4235 8.4235 8.3730 8.3730 8.3730 8.3730 8.3730 8.3730 8.3730 8.3214 8.3214 8.3214 8.3214 8.3214 8.3214 8.3214 8.2754 10.6892 10.6892 11.3332 9.3315 
before v = 33.2398 25.7144 25.7144 25.7144 25.7144 25.7144 25.7144 25.7144 22.6325 22.6325 22.6325 22.6325 22.6325 22.6325 22.6325 19.6425 19.6425 19.6425 19.6425 19.6425 19.6425 19.6425 17.0732 125.0132 125.0132 95.6004 24.2963 
Ibias = 9.4000 9.4000 9.4000 9.4000 9.4000 9.4000 9.4000 9.4000 2.0000 2.0000 2.0000 2.0000 2.0000 2.0000 2.0000 2.0000 2.0000 2.0000 2.0000 2.0000 2.0000 2.0000 -2.0000 16.0000 16.0000 10.0000 -11.0000 
fa1 = 0.8469 0.2825 0.2825 0.2825 0.2825 0.2825 0.2825 0.2825 0.2187 0.2187 0.2187 0.2187 0.2187 0.2187 0.2187 0.1842 0.1842 0.1842 0.1842 0.1842 0.1842 0.1842 0.1648 324.7887 324.7887 137.4430 0.6485 
fa2 = 0.8465 0.2824 0.2824 0.2824 0.2824 0.2824 0.2824 0.2824 0.2186 0.2186 0.2186 0.2186 0.2186 0.2186 0.2186 0.1842 0.1842 0.1842 0.1842 0.1842 0.1842 0.1842 0.1647 336.2621 336.2621 140.6553 0.6455 
fa3 = 0.8465 0.2824 0.2824 0.2824 0.2824 0.2824 0.2824 0.2824 0.2186 0.2186 0.2186 0.2186 0.2186 0.2186 0.2186 0.1842 0.1842 0.1842 0.1842 0.1842 0.1842 0.1842 0.1647 336.6713 336.6713 140.7309 0.6456 
fa4 = 0.8461 0.2822 0.2822 0.2822 0.2822 0.2822 0.2822 0.2822 0.2186 0.2186 0.2186 0.2186 0.2186 0.2186 0.2186 0.1841 0.1841 0.1841 0.1841 0.1841 0.1841 0.1841 0.1647 348.8097 348.8097 144.0619 0.6426 
fb1 = -0.2082 -0.2341 -0.2341 -0.2341 -0.2341 -0.2341 -0.2341 -0.2341 -0.2444 -0.2444 -0.2444 -0.2444 -0.2444 -0.2444 -0.2444 -0.2543 -0.2543 -0.2543 -0.2543 -0.2543 -0.2543 -0.2543 -0.2627 0.2863 0.2863 0.1557 -0.0894 
fb2 = -0.2081 -0.2340 -0.2340 -0.2340 -0.2340 -0.2340 -0.2340 -0.2340 -0.2443 -0.2443 -0.2443 -0.2443 -0.2443 -0.2443 -0.2443 -0.2542 -0.2542 -0.2542 -0.2542 -0.2542 -0.2542 -0.2542 -0.2627 0.2927 0.2927 0.1585 -0.0894 
fb3 = -0.2081 -0.2340 -0.2340 -0.2340 -0.2340 -0.2340 -0.2340 -0.2340 -0.2443 -0.2443 -0.2443 -0.2443 -0.2443 -0.2443 -0.2443 -0.2542 -0.2542 -0.2542 -0.2542 -0.2542 -0.2542 -0.2542 -0.2627 0.2930 0.2930 0.1585 -0.0894 
fb4 = -0.2081 -0.2340 -0.2340 -0.2340 -0.2340 -0.2340 -0.2340 -0.2340 -0.2443 -0.2443 -0.2443 -0.2443 -0.2443 -0.2443 -0.2443 -0.2542 -0.2542 -0.2542 -0.2542 -0.2542 -0.2542 -0.2542 -0.2626 0.2997 0.2997 0.1613 -0.0894 
I = 14.9000 9.4000 9.4000 9.4000 9.4000 9.4000 9.4000 9.4000 6.0000 6.0000 6.0000 6.0000 6.0000 6.0000 6.0000 2.0000 2.0000 2.0000 2.0000 2.0000 2.0000 2.0000 -2.0000 25.3857 25.3857 10.0000 -0.7435 
S1 = 0.0000 0.0000 0.0000 0.0000 0.0000 0.0000 0.0000 0.0000 0.0000 0.0000 0.0000 0.0000 0.0000 0.0000 0.0000 0.0000 0.0000 0.0000 0.0000 0.0000 0.0000 0.0000 0.0000 0.0000 0.0000 0.0000 0.0000 
S2 = 0.0000 0.0000 0.0000 0.0000 0.0000 0.0000 0.0000 0.0000 0.0000 0.0000 0.0000 0.0000 0.0000 0.0000 0.0000 0.0000 0.0000 0.0000 0.0000 0.0000 0.0000 0.0000 0.0000 1.3857 1.3857 0.0000 10.2565 
u = 8.5270 8.4211 8.4211 8.4211 8.4211 8.4211 8.4211 8.4211 8.3706 8.3706 8.3706 8.3706 8.3706 8.3706 8.3706 8.3188 8.3188 8.3188 8.3188 8.3188 8.3188 8.3188 8.2728 10.6921 10.6921 11.3348 9.3307 
v = 33.2482 25.7172 25.7172 25.7172 25.7172 25.7172 25.7172 25.7172 22.6347 22.6347 22.6347 22.6347 22.6347 22.6347 22.6347 19.6443 19.6443 19.6443 19.6443 19.6443 19.6443 19.6443 17.0748 128.3790 128.3790 97.0075 24.3027 
