ExternalI = 5.5000 0.0000 0.0000 0.0000 0.0000 0.0000 0.0000 0.0000 4.0000 4.0000 4.0000 4.0000 4.0000 4.0000 4.0000 0.0000 0.0000 0.0000 0.0000 0.0000 0.0000 0.0000 0.0000 8.0000 8.0000 0.0000 0.0000 
before u = 8.5270 8.4211 8.4211 8.4211 8.4211 8.4211 8.4211 8.4211 8.3706 8.3706 8.3706 8.3706 8.3706 8.3706 8.3706 8.3188 8.3188 8.3188 8.3188 8.3188 8.3188 8.3188 8.2728 10.6921 10.6921 11.3348 9.3307 
before v = 33.2482 25.7172 25.7172 25.7172 25.7172 25.7172 25.7172 25.7172 22.6347 22.6347 22.6347 22.6347 22.6347 22.6347 22.6347 19.6443 19.6443 19.6443 19.6443 19.6443 19.6443 19.6443 17.0748 128.3790 128.3790 97.0075 24.3027 
Ibias = 9.4000 9.4000 9.4000 9.4000 9.4000 9.4000 9.4000 9.4000 2.0000 2.0000 2.0000 2.0000 2.0000 2.0000 2.0000 2.0000 2.0000 2.0000 2.0000 2.0000 2.0000 2.0000 -2.0000 16.0000 16.0000 10.0000 -11.0000 
fa1 = 0.8461 0.2822 0.2822 0.2822 0.2822 0.2822 0.2822 0.2822 0.2186 0.2186 0.2186 0.2186 0.2186 0.2186 0.2186 0.1841 0.1841 0.1841 0.1841 0.1841 0.1841 0.1841 0.1647 348.8001 348.8001 144.0610 0.6221 
fa2 = 0.8457 0.2821 0.2821 0.2821 0.2821 0.2821 0.2821 0.2821 0.2185 0.2185 0.2185 0.2185 0.2185 0.2185 0.2185 0.1841 0.1841 0.1841 0.1841 0.1841 0.1841 0.1841 0.1647 361.5997 361.5997 147.5100 0.6192 
fa3 = 0.8457 0.2821 0.2821 0.2821 0.2821 0.2821 0.2821 0.2821 0.2185 0.2185 0.2185 0.2185 0.2185 0.2185 0.2185 0.1841 0.1841 0.1841 0.1841 0.1841 0.1841 0.1841 0.1647 362.0741 362.0741 147.5931 0.6193 
fa4 = 0.8453 0.2819 0.2819 0.2819 0.2819 0.2819 0.2819 0.2819 0.2184 0.2184 0.2184 0.2184 0.2184 0.2184 0.2184 0.1840 0.1840 0.1840 0.1840 0.1840 0.1840 0.1840 0.1646 375.6454 375.6454 151.1728 0.6164 
fb1 = -0.2081 -0.2340 -0.2340 -0.2340 -0.2340 -0.2340 -0.2340 -0.2340 -0.2443 -0.2443 -0.2443 -0.2443 -0.2443 -0.2443 -0.2443 -0.2542 -0.2542 -0.2542 -0.2542 -0.2542 -0.2542 -0.2542 -0.2626 0.2997 0.2997 0.1613 -0.0894 
fb2 = -0.2080 -0.2339 -0.2339 -0.2339 -0.2339 -0.2339 -0.2339 -0.2339 -0.2442 -0.2442 -0.2442 -0.2442 -0.2442 -0.2442 -0.2442 -0.2541 -0.2541 -0.2541 -0.2541 -0.2541 -0.2541 -0.2541 -0.2626 0.3066 0.3066 0.1642 -0.0894 
fb3 = -0.2080 -0.2339 -0.2339 -0.2339 -0.2339 -0.2339 -0.2339 -0.2339 -0.2442 -0.2442 -0.2442 -0.2442 -0.2442 -0.2442 -0.2442 -0.2541 -0.2541 -0.2541 -0.2541 -0.2541 -0.2541 -0.2541 -0.2626 0.3069 0.3069 0.1643 -0.0894 
fb4 = -0.2080 -0.2339 -0.2339 -0.2339 -0.2339 -0.2339 -0.2339 -0.2339 -0.2442 -0.2442 -0.2442 -0.2442 -0.2442 -0.2442 -0.2442 -0.2541 -0.2541 -0.2541 -0.2541 -0.2541 -0.2541 -0.2541 -0.2625 0.3141 0.3141 0.1672 -0.0894 
I = 14.9000 9.4000 9.4000 9.4000 9.4000 9.4000 9.4000 9.4000 6.0000 6.0000 6.0000 6.0000 6.0000 6.0000 6.0000 2.0000 2.0000 2.0000 2.0000 2.0000 2.0000 2.0000 -2.0000 25.3829 25.3829 10.0000 -0.7640 
S1 = 0.0000 0.0000 0.0000 0.0000 0.0000 0.0000 0.0000 0.0000 0.0000 0.0000 0.0000 0.0000 0.0000 0.0000 0.0000 0.0000 0.0000 0.0000 0.0000 0.0000 0.0000 0.0000 0.0000 0.0000 0.0000 0.0000 0.0000 
S2 = 0.0000 0.0000 0.0000 0.0000 0.0000 0.0000 0.0000 0.0000 0.0000 0.0000 0.0000 0.0000 0.0000 0.0000 0.0000 0.0000 0.0000 0.0000 0.0000 0.0000 0.0000 0.0000 0.0000 1.3829 1.3829 0.0000 10.2360 
u = 8.5249 8.4188 8.4188 8.4188 8.4188 8.4188 8.4188 8.4188 8.3681 8.3681 8.3681 8.3681 8.3681 8.3681 8.3681 8.3163 8.3163 8.3163 8.3163 8.3163 8.3163 8.3163 8.2702 10.6952 10.6952 11.3364 9.3298 
v = 33.2567 25.7200 25.7200 25.7200 25.7200 25.7200 25.7200 25.7200 22.6368 22.6368 22.6368 22.6368 22.6368 22.6368 22.6368 19.6462 19.6462 19.6462 19.6462 19.6462 19.6462 19.6462 17.0765 131.9986 131.9986 98.4833 24.3089 
