ExternalI = 5.5000 0.0000 0.0000 0.0000 0.0000 0.0000 0.0000 0.0000 4.0000 4.0000 4.0000 4.0000 4.0000 4.0000 4.0000 0.0000 0.0000 0.0000 0.0000 0.0000 0.0000 0.0000 0.0000 8.0000 8.0000 0.0000 0.0000 
before u = 8.5249 8.4188 8.4188 8.4188 8.4188 8.4188 8.4188 8.4188 8.3681 8.3681 8.3681 8.3681 8.3681 8.3681 8.3681 8.3163 8.3163 8.3163 8.3163 8.3163 8.3163 8.3163 8.2702 10.7952 10.7952 11.3364 9.3298 
before v = 33.2567 25.7200 25.7200 25.7200 25.7200 25.7200 25.7200 25.7200 22.6368 22.6368 22.6368 22.6368 22.6368 22.6368 22.6368 19.6462 19.6462 19.6462 19.6462 19.6462 19.6462 19.6462 17.0765 55.0000 55.0000 98.4833 24.3089 
Ibias = 9.4000 9.4000 9.4000 9.4000 9.4000 9.4000 9.4000 9.4000 2.0000 2.0000 2.0000 2.0000 2.0000 2.0000 2.0000 2.0000 2.0000 2.0000 2.0000 2.0000 2.0000 2.0000 -2.0000 16.0000 16.0000 10.0000 -11.0000 
fa1 = 0.8453 0.2819 0.2819 0.2819 0.2819 0.2819 0.2819 0.2819 0.2184 0.2184 0.2184 0.2184 0.2184 0.2184 0.2184 0.1840 0.1840 0.1840 0.1840 0.1840 0.1840 0.1840 0.1646 31.0849 31.0849 151.1719 2.0960 
fa2 = 0.8449 0.2817 0.2817 0.2817 0.2817 0.2817 0.2817 0.2817 0.2183 0.2183 0.2183 0.2183 0.2183 0.2183 0.2183 0.1840 0.1840 0.1840 0.1840 0.1840 0.1840 0.1840 0.1646 31.3035 31.3035 154.8815 2.0854 
fa3 = 0.8449 0.2817 0.2817 0.2817 0.2817 0.2817 0.2817 0.2817 0.2183 0.2183 0.2183 0.2183 0.2183 0.2183 0.2183 0.1840 0.1840 0.1840 0.1840 0.1840 0.1840 0.1840 0.1646 31.3050 31.3050 154.9731 2.0854 
fa4 = 0.8445 0.2816 0.2816 0.2816 0.2816 0.2816 0.2816 0.2816 0.2182 0.2182 0.2182 0.2182 0.2182 0.2182 0.2182 0.1840 0.1840 0.1840 0.1840 0.1840 0.1840 0.1840 0.1646 31.5271 31.5271 158.8268 2.0749 
fb1 = -0.2080 -0.2339 -0.2339 -0.2339 -0.2339 -0.2339 -0.2339 -0.2339 -0.2442 -0.2442 -0.2442 -0.2442 -0.2442 -0.2442 -0.2442 -0.2541 -0.2541 -0.2541 -0.2541 -0.2541 -0.2541 -0.2541 -0.2625 0.0041 0.0041 0.1672 -0.0894 
fb2 = -0.2079 -0.2338 -0.2338 -0.2338 -0.2338 -0.2338 -0.2338 -0.2338 -0.2441 -0.2441 -0.2441 -0.2441 -0.2441 -0.2441 -0.2441 -0.2540 -0.2540 -0.2540 -0.2540 -0.2540 -0.2540 -0.2540 -0.2624 0.0047 0.0047 0.1702 -0.0893 
fb3 = -0.2079 -0.2338 -0.2338 -0.2338 -0.2338 -0.2338 -0.2338 -0.2338 -0.2441 -0.2441 -0.2441 -0.2441 -0.2441 -0.2441 -0.2441 -0.2540 -0.2540 -0.2540 -0.2540 -0.2540 -0.2540 -0.2540 -0.2624 0.0047 0.0047 0.1703 -0.0893 
fb4 = -0.2079 -0.2338 -0.2338 -0.2338 -0.2338 -0.2338 -0.2338 -0.2338 -0.2441 -0.2441 -0.2441 -0.2441 -0.2441 -0.2441 -0.2441 -0.2540 -0.2540 -0.2540 -0.2540 -0.2540 -0.2540 -0.2540 -0.2624 0.0053 0.0053 0.1734 -0.0893 
I = 14.9000 9.4000 9.4000 9.4000 9.4000 9.4000 9.4000 9.4000 6.0000 6.0000 6.0000 6.0000 6.0000 6.0000 6.0000 2.0000 2.0000 2.0000 2.0000 2.0000 2.0000 2.0000 -2.0000 25.8801 25.8801 10.0000 0.7155 
S1 = 0.0000 0.0000 0.0000 0.0000 0.0000 0.0000 0.0000 0.0000 0.0000 0.0000 0.0000 0.0000 0.0000 0.0000 0.0000 0.0000 0.0000 0.0000 0.0000 0.0000 0.0000 0.0000 0.0000 0.0000 0.0000 0.0000 0.0000 
S2 = 0.0000 0.0000 0.0000 0.0000 0.0000 0.0000 0.0000 0.0000 0.0000 0.0000 0.0000 0.0000 0.0000 0.0000 0.0000 0.0000 0.0000 0.0000 0.0000 0.0000 0.0000 0.0000 0.0000 1.8801 1.8801 0.0000 11.7155 
u = 8.5228 8.4164 8.4164 8.4164 8.4164 8.4164 8.4164 8.4164 8.3657 8.3657 8.3657 8.3657 8.3657 8.3657 8.3657 8.3138 8.3138 8.3138 8.3138 8.3138 8.3138 8.3138 8.2676 10.7952 10.7952 11.3381 9.3289 
v = 33.2651 25.7229 25.7229 25.7229 25.7229 25.7229 25.7229 25.7229 22.6390 22.6390 22.6390 22.6390 22.6390 22.6390 22.6390 19.6480 19.6480 19.6480 19.6480 19.6480 19.6480 19.6480 17.0781 55.3130 55.3130 100.0328 24.3298 
