ExternalI = 5.5000 0.0000 0.0000 0.0000 0.0000 0.0000 0.0000 0.0000 4.0000 4.0000 4.0000 4.0000 4.0000 4.0000 4.0000 0.0000 0.0000 0.0000 0.0000 0.0000 0.0000 0.0000 0.0000 8.0000 8.0000 0.0000 0.0000 
before u = 8.5228 8.4164 8.4164 8.4164 8.4164 8.4164 8.4164 8.4164 8.3657 8.3657 8.3657 8.3657 8.3657 8.3657 8.3657 8.3138 8.3138 8.3138 8.3138 8.3138 8.3138 8.3138 8.2676 10.7952 10.7952 11.3381 9.3289 
before v = 33.2651 25.7229 25.7229 25.7229 25.7229 25.7229 25.7229 25.7229 22.6390 22.6390 22.6390 22.6390 22.6390 22.6390 22.6390 19.6480 19.6480 19.6480 19.6480 19.6480 19.6480 19.6480 17.0781 55.3130 55.3130 100.0328 24.3298 
Ibias = 9.4000 9.4000 9.4000 9.4000 9.4000 9.4000 9.4000 9.4000 2.0000 2.0000 2.0000 2.0000 2.0000 2.0000 2.0000 2.0000 2.0000 2.0000 2.0000 2.0000 2.0000 2.0000 -2.0000 16.0000 16.0000 10.0000 -11.0000 
fa1 = 0.8445 0.2816 0.2816 0.2816 0.2816 0.2816 0.2816 0.2816 0.2182 0.2182 0.2182 0.2182 0.2182 0.2182 0.2182 0.1840 0.1840 0.1840 0.1840 0.1840 0.1840 0.1840 0.1646 31.5233 31.5233 158.8258 2.0514 
fa2 = 0.8441 0.2814 0.2814 0.2814 0.2814 0.2814 0.2814 0.2814 0.2182 0.2182 0.2182 0.2182 0.2182 0.2182 0.2182 0.1839 0.1839 0.1839 0.1839 0.1839 0.1839 0.1839 0.1646 31.7489 31.7489 162.8228 2.0411 
fa3 = 0.8441 0.2814 0.2814 0.2814 0.2814 0.2814 0.2814 0.2814 0.2182 0.2182 0.2182 0.2182 0.2182 0.2182 0.2182 0.1839 0.1839 0.1839 0.1839 0.1839 0.1839 0.1839 0.1646 31.7505 31.7505 162.9241 2.0411 
fa4 = 0.8438 0.2813 0.2813 0.2813 0.2813 0.2813 0.2813 0.2813 0.2181 0.2181 0.2181 0.2181 0.2181 0.2181 0.2181 0.1839 0.1839 0.1839 0.1839 0.1839 0.1839 0.1839 0.1645 31.9797 31.9797 167.0806 2.0308 
fb1 = -0.2079 -0.2338 -0.2338 -0.2338 -0.2338 -0.2338 -0.2338 -0.2338 -0.2441 -0.2441 -0.2441 -0.2441 -0.2441 -0.2441 -0.2441 -0.2540 -0.2540 -0.2540 -0.2540 -0.2540 -0.2540 -0.2540 -0.2624 0.0053 0.0053 0.1734 -0.0893 
fb2 = -0.2078 -0.2337 -0.2337 -0.2337 -0.2337 -0.2337 -0.2337 -0.2337 -0.2440 -0.2440 -0.2440 -0.2440 -0.2440 -0.2440 -0.2440 -0.2539 -0.2539 -0.2539 -0.2539 -0.2539 -0.2539 -0.2539 -0.2623 0.0060 0.0060 0.1765 -0.0892 
fb3 = -0.2078 -0.2337 -0.2337 -0.2337 -0.2337 -0.2337 -0.2337 -0.2337 -0.2440 -0.2440 -0.2440 -0.2440 -0.2440 -0.2440 -0.2440 -0.2539 -0.2539 -0.2539 -0.2539 -0.2539 -0.2539 -0.2539 -0.2623 0.0060 0.0060 0.1766 -0.0892 
fb4 = -0.2077 -0.2337 -0.2337 -0.2337 -0.2337 -0.2337 -0.2337 -0.2337 -0.2440 -0.2440 -0.2440 -0.2440 -0.2440 -0.2440 -0.2440 -0.2538 -0.2538 -0.2538 -0.2538 -0.2538 -0.2538 -0.2538 -0.2623 0.0066 0.0066 0.1799 -0.0892 
I = 14.9000 9.4000 9.4000 9.4000 9.4000 9.4000 9.4000 9.4000 6.0000 6.0000 6.0000 6.0000 6.0000 6.0000 6.0000 2.0000 2.0000 2.0000 2.0000 2.0000 2.0000 2.0000 -2.0000 25.8764 25.8764 10.0000 0.6921 
S1 = 0.0000 0.0000 0.0000 0.0000 0.0000 0.0000 0.0000 0.0000 0.0000 0.0000 0.0000 0.0000 0.0000 0.0000 0.0000 0.0000 0.0000 0.0000 0.0000 0.0000 0.0000 0.0000 0.0000 0.0000 0.0000 0.0000 0.0000 
S2 = 0.0000 0.0000 0.0000 0.0000 0.0000 0.0000 0.0000 0.0000 0.0000 0.0000 0.0000 0.0000 0.0000 0.0000 0.0000 0.0000 0.0000 0.0000 0.0000 0.0000 0.0000 0.0000 0.0000 1.8764 1.8764 0.0000 11.6921 
u = 8.5208 8.4141 8.4141 8.4141 8.4141 8.4141 8.4141 8.4141 8.3632 8.3632 8.3632 8.3632 8.3632 8.3632 8.3632 8.3112 8.3112 8.3112 8.3112 8.3112 8.3112 8.3112 8.2649 10.7953 10.7953 11.3399 9.3280 
v = 33.2736 25.7257 25.7257 25.7257 25.7257 25.7257 25.7257 25.7257 22.6412 22.6412 22.6412 22.6412 22.6412 22.6412 22.6412 19.6499 19.6499 19.6499 19.6499 19.6499 19.6499 19.6499 17.0798 55.6306 55.6306 101.6618 24.3502 
