ExternalI = 5.5000 0.0000 0.0000 0.0000 0.0000 0.0000 0.0000 0.0000 4.0000 4.0000 4.0000 4.0000 4.0000 4.0000 4.0000 0.0000 0.0000 0.0000 0.0000 0.0000 0.0000 0.0000 0.0000 8.0000 8.0000 0.0000 0.0000 
before u = 9.8104 9.8078 9.8078 9.8078 9.8078 9.8078 9.8078 9.8078 9.8062 9.8062 9.8062 9.8062 9.8062 9.8062 9.8062 9.8044 9.8044 9.8044 9.8044 9.8044 9.8044 9.8044 9.8025 9.9321 9.9321 10.1811 9.9152 
before v = 20.1306 18.0935 18.0935 18.0935 18.0935 18.0935 18.0935 18.0935 16.8635 16.8635 16.8635 16.8635 16.8635 16.8635 16.8635 15.4439 15.4439 15.4439 15.4439 15.4439 15.4439 15.4439 14.0528 27.6816 27.6816 62.9277 14.4982 
Ibias = 9.4000 9.4000 9.4000 9.4000 9.4000 9.4000 9.4000 9.4000 2.0000 2.0000 2.0000 2.0000 2.0000 2.0000 2.0000 2.0000 2.0000 2.0000 2.0000 2.0000 2.0000 2.0000 -2.0000 16.0000 16.0000 10.0000 -11.0000 
fa1 = 10.9074 8.4066 8.4066 8.4066 8.4066 8.4066 8.4066 8.4066 6.9784 6.9784 6.9784 6.9784 6.9784 6.9784 6.9784 5.4045 5.4045 5.4045 5.4045 5.4045 5.4045 5.4045 3.9383 21.6740 21.6740 29.4317 5.4714 
fa2 = 10.8333 8.3431 8.3431 8.3431 8.3431 8.3431 8.3431 8.3431 6.9224 6.9224 6.9224 6.9224 6.9224 6.9224 6.9224 5.3585 5.3585 5.3585 5.3585 5.3585 5.3585 5.3585 3.9031 21.5898 21.5898 29.7317 5.4218 
fa3 = 10.8338 8.3435 8.3435 8.3435 8.3435 8.3435 8.3435 8.3435 6.9229 6.9229 6.9229 6.9229 6.9229 6.9229 6.9229 5.3589 5.3589 5.3589 5.3589 5.3589 5.3589 5.3589 3.9034 21.5901 21.5901 29.7348 5.4222 
fa4 = 10.7604 8.2806 8.2806 8.2806 8.2806 8.2806 8.2806 8.2806 6.8675 6.8675 6.8675 6.8675 6.8675 6.8675 6.8675 5.3134 5.3134 5.3134 5.3134 5.3134 5.3134 5.3134 3.8685 21.5071 21.5071 30.0396 5.3731 
fb1 = -0.3119 -0.3199 -0.3199 -0.3199 -0.3199 -0.3199 -0.3199 -0.3199 -0.3248 -0.3248 -0.3248 -0.3248 -0.3248 -0.3248 -0.3248 -0.3304 -0.3304 -0.3304 -0.3304 -0.3304 -0.3304 -0.3304 -0.3359 -0.0879 -0.0879 0.0481 -0.1403 
fb2 = -0.3116 -0.3197 -0.3197 -0.3197 -0.3197 -0.3197 -0.3197 -0.3197 -0.3246 -0.3246 -0.3246 -0.3246 -0.3246 -0.3246 -0.3246 -0.3302 -0.3302 -0.3302 -0.3302 -0.3302 -0.3302 -0.3302 -0.3357 -0.0875 -0.0875 0.0487 -0.1402 
fb3 = -0.3116 -0.3197 -0.3197 -0.3197 -0.3197 -0.3197 -0.3197 -0.3197 -0.3246 -0.3246 -0.3246 -0.3246 -0.3246 -0.3246 -0.3246 -0.3302 -0.3302 -0.3302 -0.3302 -0.3302 -0.3302 -0.3302 -0.3357 -0.0875 -0.0875 0.0487 -0.1402 
fb4 = -0.3113 -0.3195 -0.3195 -0.3195 -0.3195 -0.3195 -0.3195 -0.3195 -0.3244 -0.3244 -0.3244 -0.3244 -0.3244 -0.3244 -0.3244 -0.3301 -0.3301 -0.3301 -0.3301 -0.3301 -0.3301 -0.3301 -0.3356 -0.0870 -0.0870 0.0493 -0.1401 
I = 14.9000 9.4000 9.4000 9.4000 9.4000 9.4000 9.4000 9.4000 6.0000 6.0000 6.0000 6.0000 6.0000 6.0000 6.0000 2.0000 2.0000 2.0000 2.0000 2.0000 2.0000 2.0000 -2.0000 24.0000 24.0000 10.0000 -9.5268 
S1 = 0.0000 0.0000 0.0000 0.0000 0.0000 0.0000 0.0000 0.0000 0.0000 0.0000 0.0000 0.0000 0.0000 0.0000 0.0000 0.0000 0.0000 0.0000 0.0000 0.0000 0.0000 0.0000 0.0000 0.0000 0.0000 0.0000 0.0000 
S2 = 0.0000 0.0000 0.0000 0.0000 0.0000 0.0000 0.0000 0.0000 0.0000 0.0000 0.0000 0.0000 0.0000 0.0000 0.0000 0.0000 0.0000 0.0000 0.0000 0.0000 0.0000 0.0000 0.0000 0.0000 0.0000 0.0000 1.4732 
u = 9.8073 9.8046 9.8046 9.8046 9.8046 9.8046 9.8046 9.8046 9.8030 9.8030 9.8030 9.8030 9.8030 9.8030 9.8030 9.8011 9.8011 9.8011 9.8011 9.8011 9.8011 9.8011 9.7992 9.9312 9.9312 10.1816 9.9138 
v = 20.2390 18.1770 18.1770 18.1770 18.1770 18.1770 18.1770 18.1770 16.9327 16.9327 16.9327 16.9327 16.9327 16.9327 16.9327 15.4975 15.4975 15.4975 15.4975 15.4975 15.4975 15.4975 14.0918 27.8975 27.8975 63.2251 14.5524 
