ExternalI = 5.5000 0.0000 0.0000 0.0000 0.0000 0.0000 0.0000 0.0000 4.0000 4.0000 4.0000 4.0000 4.0000 4.0000 4.0000 0.0000 0.0000 0.0000 0.0000 0.0000 0.0000 0.0000 0.0000 8.0000 8.0000 0.0000 0.0000 
before u = 8.5208 8.4141 8.4141 8.4141 8.4141 8.4141 8.4141 8.4141 8.3632 8.3632 8.3632 8.3632 8.3632 8.3632 8.3632 8.3112 8.3112 8.3112 8.3112 8.3112 8.3112 8.3112 8.2649 10.7953 10.7953 11.3399 9.3280 
before v = 33.2736 25.7257 25.7257 25.7257 25.7257 25.7257 25.7257 25.7257 22.6412 22.6412 22.6412 22.6412 22.6412 22.6412 22.6412 19.6499 19.6499 19.6499 19.6499 19.6499 19.6499 19.6499 17.0798 55.6306 55.6306 101.6618 24.3502 
Ibias = 9.4000 9.4000 9.4000 9.4000 9.4000 9.4000 9.4000 9.4000 2.0000 2.0000 2.0000 2.0000 2.0000 2.0000 2.0000 2.0000 2.0000 2.0000 2.0000 2.0000 2.0000 2.0000 -2.0000 16.0000 16.0000 10.0000 -11.0000 
fa1 = 0.8438 0.2813 0.2813 0.2813 0.2813 0.2813 0.2813 0.2813 0.2181 0.2181 0.2181 0.2181 0.2181 0.2181 0.2181 0.1839 0.1839 0.1839 0.1839 0.1839 0.1839 0.1839 0.1645 31.9760 31.9760 167.0794 2.0075 
fa2 = 0.8434 0.2811 0.2811 0.2811 0.2811 0.2811 0.2811 0.2811 0.2180 0.2180 0.2180 0.2180 0.2180 0.2180 0.2180 0.1838 0.1838 0.1838 0.1838 0.1838 0.1838 0.1838 0.1645 32.2089 32.2089 171.3945 1.9974 
fa3 = 0.8434 0.2811 0.2811 0.2811 0.2811 0.2811 0.2811 0.2811 0.2180 0.2180 0.2180 0.2180 0.2180 0.2180 0.2180 0.1838 0.1838 0.1838 0.1838 0.1838 0.1838 0.1838 0.1645 32.2106 32.2106 171.5067 1.9974 
fa4 = 0.8430 0.2810 0.2810 0.2810 0.2810 0.2810 0.2810 0.2810 0.2179 0.2179 0.2179 0.2179 0.2179 0.2179 0.2179 0.1838 0.1838 0.1838 0.1838 0.1838 0.1838 0.1838 0.1645 32.4473 32.4473 175.9986 1.9874 
fb1 = -0.2077 -0.2337 -0.2337 -0.2337 -0.2337 -0.2337 -0.2337 -0.2337 -0.2440 -0.2440 -0.2440 -0.2440 -0.2440 -0.2440 -0.2440 -0.2538 -0.2538 -0.2538 -0.2538 -0.2538 -0.2538 -0.2538 -0.2623 0.0066 0.0066 0.1798 -0.0892 
fb2 = -0.2077 -0.2336 -0.2336 -0.2336 -0.2336 -0.2336 -0.2336 -0.2336 -0.2439 -0.2439 -0.2439 -0.2439 -0.2439 -0.2439 -0.2439 -0.2538 -0.2538 -0.2538 -0.2538 -0.2538 -0.2538 -0.2538 -0.2622 0.0073 0.0073 0.1832 -0.0891 
fb3 = -0.2077 -0.2336 -0.2336 -0.2336 -0.2336 -0.2336 -0.2336 -0.2336 -0.2439 -0.2439 -0.2439 -0.2439 -0.2439 -0.2439 -0.2439 -0.2538 -0.2538 -0.2538 -0.2538 -0.2538 -0.2538 -0.2538 -0.2622 0.0073 0.0073 0.1833 -0.0891 
fb4 = -0.2076 -0.2336 -0.2336 -0.2336 -0.2336 -0.2336 -0.2336 -0.2336 -0.2439 -0.2439 -0.2439 -0.2439 -0.2439 -0.2439 -0.2439 -0.2537 -0.2537 -0.2537 -0.2537 -0.2537 -0.2537 -0.2537 -0.2622 0.0079 0.0079 0.1867 -0.0891 
I = 14.9000 9.4000 9.4000 9.4000 9.4000 9.4000 9.4000 9.4000 6.0000 6.0000 6.0000 6.0000 6.0000 6.0000 6.0000 2.0000 2.0000 2.0000 2.0000 2.0000 2.0000 2.0000 -2.0000 25.8726 25.8726 10.0000 0.6687 
S1 = 0.0000 0.0000 0.0000 0.0000 0.0000 0.0000 0.0000 0.0000 0.0000 0.0000 0.0000 0.0000 0.0000 0.0000 0.0000 0.0000 0.0000 0.0000 0.0000 0.0000 0.0000 0.0000 0.0000 0.0000 0.0000 0.0000 0.0000 
S2 = 0.0000 0.0000 0.0000 0.0000 0.0000 0.0000 0.0000 0.0000 0.0000 0.0000 0.0000 0.0000 0.0000 0.0000 0.0000 0.0000 0.0000 0.0000 0.0000 0.0000 0.0000 0.0000 0.0000 1.8726 1.8726 0.0000 11.6687 
u = 8.5187 8.4118 8.4118 8.4118 8.4118 8.4118 8.4118 8.4118 8.3608 8.3608 8.3608 8.3608 8.3608 8.3608 8.3608 8.3087 8.3087 8.3087 8.3087 8.3087 8.3087 8.3087 8.2623 10.7954 10.7954 11.3417 9.3271 
v = 33.2820 25.7285 25.7285 25.7285 25.7285 25.7285 25.7285 25.7285 22.6434 22.6434 22.6434 22.6434 22.6434 22.6434 22.6434 19.6517 19.6517 19.6517 19.6517 19.6517 19.6517 19.6517 17.0814 55.9527 55.9527 103.3766 24.3701 
