ExternalI = 5.5000 0.0000 0.0000 0.0000 0.0000 0.0000 0.0000 0.0000 4.0000 4.0000 4.0000 4.0000 4.0000 4.0000 4.0000 0.0000 0.0000 0.0000 0.0000 0.0000 0.0000 0.0000 0.0000 8.0000 8.0000 0.0000 0.0000 
before u = 8.5187 8.4118 8.4118 8.4118 8.4118 8.4118 8.4118 8.4118 8.3608 8.3608 8.3608 8.3608 8.3608 8.3608 8.3608 8.3087 8.3087 8.3087 8.3087 8.3087 8.3087 8.3087 8.2623 10.7954 10.7954 11.3417 9.3271 
before v = 33.2820 25.7285 25.7285 25.7285 25.7285 25.7285 25.7285 25.7285 22.6434 22.6434 22.6434 22.6434 22.6434 22.6434 22.6434 19.6517 19.6517 19.6517 19.6517 19.6517 19.6517 19.6517 17.0814 55.9527 55.9527 103.3766 24.3701 
Ibias = 9.4000 9.4000 9.4000 9.4000 9.4000 9.4000 9.4000 9.4000 2.0000 2.0000 2.0000 2.0000 2.0000 2.0000 2.0000 2.0000 2.0000 2.0000 2.0000 2.0000 2.0000 2.0000 -2.0000 16.0000 16.0000 10.0000 -11.0000 
fa1 = 0.8430 0.2810 0.2810 0.2810 0.2810 0.2810 0.2810 0.2810 0.2179 0.2179 0.2179 0.2179 0.2179 0.2179 0.2179 0.1838 0.1838 0.1838 0.1838 0.1838 0.1838 0.1838 0.1645 32.4435 32.4435 175.9972 1.9640 
fa2 = 0.8426 0.2808 0.2808 0.2808 0.2808 0.2808 0.2808 0.2808 0.2179 0.2179 0.2179 0.2179 0.2179 0.2179 0.2179 0.1837 0.1837 0.1837 0.1837 0.1837 0.1837 0.1837 0.1644 32.6840 32.6840 180.6648 1.9542 
fa3 = 0.8426 0.2808 0.2808 0.2808 0.2808 0.2808 0.2808 0.2808 0.2179 0.2179 0.2179 0.2179 0.2179 0.2179 0.2179 0.1837 0.1837 0.1837 0.1837 0.1837 0.1837 0.1837 0.1644 32.6858 32.6858 180.7895 1.9542 
fa4 = 0.8422 0.2807 0.2807 0.2807 0.2807 0.2807 0.2807 0.2807 0.2178 0.2178 0.2178 0.2178 0.2178 0.2178 0.2178 0.1837 0.1837 0.1837 0.1837 0.1837 0.1837 0.1837 0.1644 32.9302 32.9302 185.6538 1.9444 
fb1 = -0.2076 -0.2336 -0.2336 -0.2336 -0.2336 -0.2336 -0.2336 -0.2336 -0.2439 -0.2439 -0.2439 -0.2439 -0.2439 -0.2439 -0.2439 -0.2537 -0.2537 -0.2537 -0.2537 -0.2537 -0.2537 -0.2537 -0.2622 0.0079 0.0079 0.1867 -0.0891 
fb2 = -0.2076 -0.2335 -0.2335 -0.2335 -0.2335 -0.2335 -0.2335 -0.2335 -0.2438 -0.2438 -0.2438 -0.2438 -0.2438 -0.2438 -0.2438 -0.2537 -0.2537 -0.2537 -0.2537 -0.2537 -0.2537 -0.2537 -0.2621 0.0086 0.0086 0.1902 -0.0890 
fb3 = -0.2076 -0.2335 -0.2335 -0.2335 -0.2335 -0.2335 -0.2335 -0.2335 -0.2438 -0.2438 -0.2438 -0.2438 -0.2438 -0.2438 -0.2438 -0.2537 -0.2537 -0.2537 -0.2537 -0.2537 -0.2537 -0.2537 -0.2621 0.0086 0.0086 0.1903 -0.0890 
fb4 = -0.2075 -0.2335 -0.2335 -0.2335 -0.2335 -0.2335 -0.2335 -0.2335 -0.2438 -0.2438 -0.2438 -0.2438 -0.2438 -0.2438 -0.2438 -0.2536 -0.2536 -0.2536 -0.2536 -0.2536 -0.2536 -0.2536 -0.2621 0.0092 0.0092 0.1939 -0.0890 
I = 14.9000 9.4000 9.4000 9.4000 9.4000 9.4000 9.4000 9.4000 6.0000 6.0000 6.0000 6.0000 6.0000 6.0000 6.0000 2.0000 2.0000 2.0000 2.0000 2.0000 2.0000 2.0000 -2.0000 25.8689 25.8689 10.0000 0.6454 
S1 = 0.0000 0.0000 0.0000 0.0000 0.0000 0.0000 0.0000 0.0000 0.0000 0.0000 0.0000 0.0000 0.0000 0.0000 0.0000 0.0000 0.0000 0.0000 0.0000 0.0000 0.0000 0.0000 0.0000 0.0000 0.0000 0.0000 0.0000 
S2 = 0.0000 0.0000 0.0000 0.0000 0.0000 0.0000 0.0000 0.0000 0.0000 0.0000 0.0000 0.0000 0.0000 0.0000 0.0000 0.0000 0.0000 0.0000 0.0000 0.0000 0.0000 0.0000 0.0000 1.8689 1.8689 0.0000 11.6454 
u = 8.5166 8.4094 8.4094 8.4094 8.4094 8.4094 8.4094 8.4094 8.3584 8.3584 8.3584 8.3584 8.3584 8.3584 8.3584 8.3061 8.3061 8.3061 8.3061 8.3061 8.3061 8.3061 8.2597 10.7955 10.7955 11.3436 9.3262 
v = 33.2904 25.7313 25.7313 25.7313 25.7313 25.7313 25.7313 25.7313 22.6456 22.6456 22.6456 22.6456 22.6456 22.6456 22.6456 19.6535 19.6535 19.6535 19.6535 19.6535 19.6535 19.6535 17.0830 56.2795 56.2795 105.1842 24.3897 
