ExternalI = 5.5000 0.0000 0.0000 0.0000 0.0000 0.0000 0.0000 0.0000 4.0000 4.0000 4.0000 4.0000 4.0000 4.0000 4.0000 0.0000 0.0000 0.0000 0.0000 0.0000 0.0000 0.0000 0.0000 8.0000 8.0000 0.0000 0.0000 
before u = 8.5166 8.4094 8.4094 8.4094 8.4094 8.4094 8.4094 8.4094 8.3584 8.3584 8.3584 8.3584 8.3584 8.3584 8.3584 8.3061 8.3061 8.3061 8.3061 8.3061 8.3061 8.3061 8.2597 10.7955 10.7955 11.3436 9.3262 
before v = 33.2904 25.7313 25.7313 25.7313 25.7313 25.7313 25.7313 25.7313 22.6456 22.6456 22.6456 22.6456 22.6456 22.6456 22.6456 19.6535 19.6535 19.6535 19.6535 19.6535 19.6535 19.6535 17.0830 56.2795 56.2795 105.1842 24.3897 
Ibias = 9.4000 9.4000 9.4000 9.4000 9.4000 9.4000 9.4000 9.4000 2.0000 2.0000 2.0000 2.0000 2.0000 2.0000 2.0000 2.0000 2.0000 2.0000 2.0000 2.0000 2.0000 2.0000 -2.0000 16.0000 16.0000 10.0000 -11.0000 
fa1 = 0.8422 0.2807 0.2807 0.2807 0.2807 0.2807 0.2807 0.2807 0.2178 0.2178 0.2178 0.2178 0.2178 0.2178 0.2178 0.1837 0.1837 0.1837 0.1837 0.1837 0.1837 0.1837 0.1644 32.9265 32.9265 185.6522 1.9211 
fa2 = 0.8418 0.2805 0.2805 0.2805 0.2805 0.2805 0.2805 0.2805 0.2177 0.2177 0.2177 0.2177 0.2177 0.2177 0.2177 0.1837 0.1837 0.1837 0.1837 0.1837 0.1837 0.1837 0.1644 33.1748 33.1748 190.7120 1.9115 
fa3 = 0.8418 0.2805 0.2805 0.2805 0.2805 0.2805 0.2805 0.2805 0.2177 0.2177 0.2177 0.2177 0.2177 0.2177 0.2177 0.1837 0.1837 0.1837 0.1837 0.1837 0.1837 0.1837 0.1644 33.1767 33.1767 190.8509 1.9115 
fa4 = 0.8415 0.2803 0.2803 0.2803 0.2803 0.2803 0.2803 0.2803 0.2176 0.2176 0.2176 0.2176 0.2176 0.2176 0.2176 0.1836 0.1836 0.1836 0.1836 0.1836 0.1836 0.1836 0.1643 33.4292 33.4292 196.1300 1.9020 
fb1 = -0.2075 -0.2335 -0.2335 -0.2335 -0.2335 -0.2335 -0.2335 -0.2335 -0.2438 -0.2438 -0.2438 -0.2438 -0.2438 -0.2438 -0.2438 -0.2536 -0.2536 -0.2536 -0.2536 -0.2536 -0.2536 -0.2536 -0.2621 0.0092 0.0092 0.1939 -0.0890 
fb2 = -0.2074 -0.2334 -0.2334 -0.2334 -0.2334 -0.2334 -0.2334 -0.2334 -0.2437 -0.2437 -0.2437 -0.2437 -0.2437 -0.2437 -0.2437 -0.2536 -0.2536 -0.2536 -0.2536 -0.2536 -0.2536 -0.2536 -0.2620 0.0099 0.0099 0.1976 -0.0889 
fb3 = -0.2074 -0.2334 -0.2334 -0.2334 -0.2334 -0.2334 -0.2334 -0.2334 -0.2437 -0.2437 -0.2437 -0.2437 -0.2437 -0.2437 -0.2437 -0.2536 -0.2536 -0.2536 -0.2536 -0.2536 -0.2536 -0.2536 -0.2620 0.0099 0.0099 0.1977 -0.0889 
fb4 = -0.2074 -0.2333 -0.2333 -0.2333 -0.2333 -0.2333 -0.2333 -0.2333 -0.2436 -0.2436 -0.2436 -0.2436 -0.2436 -0.2436 -0.2436 -0.2535 -0.2535 -0.2535 -0.2535 -0.2535 -0.2535 -0.2535 -0.2619 0.0105 0.0105 0.2015 -0.0889 
I = 14.9000 9.4000 9.4000 9.4000 9.4000 9.4000 9.4000 9.4000 6.0000 6.0000 6.0000 6.0000 6.0000 6.0000 6.0000 2.0000 2.0000 2.0000 2.0000 2.0000 2.0000 2.0000 -2.0000 25.8651 25.8651 10.0000 0.6221 
S1 = 0.0000 0.0000 0.0000 0.0000 0.0000 0.0000 0.0000 0.0000 0.0000 0.0000 0.0000 0.0000 0.0000 0.0000 0.0000 0.0000 0.0000 0.0000 0.0000 0.0000 0.0000 0.0000 0.0000 0.0000 0.0000 0.0000 0.0000 
S2 = 0.0000 0.0000 0.0000 0.0000 0.0000 0.0000 0.0000 0.0000 0.0000 0.0000 0.0000 0.0000 0.0000 0.0000 0.0000 0.0000 0.0000 0.0000 0.0000 0.0000 0.0000 0.0000 0.0000 1.8651 1.8651 0.0000 11.6221 
u = 8.5145 8.4071 8.4071 8.4071 8.4071 8.4071 8.4071 8.4071 8.3559 8.3559 8.3559 8.3559 8.3559 8.3559 8.3559 8.3036 8.3036 8.3036 8.3036 8.3036 8.3036 8.3036 8.2571 10.7956 10.7956 11.3456 9.3253 
v = 33.2989 25.7341 25.7341 25.7341 25.7341 25.7341 25.7341 25.7341 22.6477 22.6477 22.6477 22.6477 22.6477 22.6477 22.6477 19.6554 19.6554 19.6554 19.6554 19.6554 19.6554 19.6554 17.0847 56.6113 56.6113 107.0923 24.4088 
