ExternalI = 5.5000 0.0000 0.0000 0.0000 0.0000 0.0000 0.0000 0.0000 4.0000 4.0000 4.0000 4.0000 4.0000 4.0000 4.0000 0.0000 0.0000 0.0000 0.0000 0.0000 0.0000 0.0000 0.0000 8.0000 8.0000 0.0000 0.0000 
before u = 8.5145 8.4071 8.4071 8.4071 8.4071 8.4071 8.4071 8.4071 8.3559 8.3559 8.3559 8.3559 8.3559 8.3559 8.3559 8.3036 8.3036 8.3036 8.3036 8.3036 8.3036 8.3036 8.2571 10.7956 10.7956 11.3456 9.3253 
before v = 33.2989 25.7341 25.7341 25.7341 25.7341 25.7341 25.7341 25.7341 22.6477 22.6477 22.6477 22.6477 22.6477 22.6477 22.6477 19.6554 19.6554 19.6554 19.6554 19.6554 19.6554 19.6554 17.0847 56.6113 56.6113 107.0923 24.4088 
Ibias = 9.4000 9.4000 9.4000 9.4000 9.4000 9.4000 9.4000 9.4000 2.0000 2.0000 2.0000 2.0000 2.0000 2.0000 2.0000 2.0000 2.0000 2.0000 2.0000 2.0000 2.0000 2.0000 -2.0000 16.0000 16.0000 10.0000 -11.0000 
fa1 = 0.8415 0.2803 0.2803 0.2803 0.2803 0.2803 0.2803 0.2803 0.2176 0.2176 0.2176 0.2176 0.2176 0.2176 0.2176 0.1836 0.1836 0.1836 0.1836 0.1836 0.1836 0.1836 0.1643 33.4255 33.4255 196.1282 1.8787 
fa2 = 0.8411 0.2802 0.2802 0.2802 0.2802 0.2802 0.2802 0.2802 0.2176 0.2176 0.2176 0.2176 0.2176 0.2176 0.2176 0.1836 0.1836 0.1836 0.1836 0.1836 0.1836 0.1836 0.1643 33.6821 33.6821 201.6253 1.8693 
fa3 = 0.8411 0.2802 0.2802 0.2802 0.2802 0.2802 0.2802 0.2802 0.2176 0.2176 0.2176 0.2176 0.2176 0.2176 0.2176 0.1836 0.1836 0.1836 0.1836 0.1836 0.1836 0.1836 0.1643 33.6840 33.6840 201.7804 1.8694 
fa4 = 0.8407 0.2800 0.2800 0.2800 0.2800 0.2800 0.2800 0.2800 0.2175 0.2175 0.2175 0.2175 0.2175 0.2175 0.2175 0.1835 0.1835 0.1835 0.1835 0.1835 0.1835 0.1835 0.1643 33.9449 33.9449 207.5229 1.8600 
fb1 = -0.2074 -0.2333 -0.2333 -0.2333 -0.2333 -0.2333 -0.2333 -0.2333 -0.2436 -0.2436 -0.2436 -0.2436 -0.2436 -0.2436 -0.2436 -0.2535 -0.2535 -0.2535 -0.2535 -0.2535 -0.2535 -0.2535 -0.2619 0.0105 0.0105 0.2015 -0.0889 
fb2 = -0.2073 -0.2333 -0.2333 -0.2333 -0.2333 -0.2333 -0.2333 -0.2333 -0.2436 -0.2436 -0.2436 -0.2436 -0.2436 -0.2436 -0.2436 -0.2535 -0.2535 -0.2535 -0.2535 -0.2535 -0.2535 -0.2535 -0.2619 0.0112 0.0112 0.2054 -0.0888 
fb3 = -0.2073 -0.2333 -0.2333 -0.2333 -0.2333 -0.2333 -0.2333 -0.2333 -0.2436 -0.2436 -0.2436 -0.2436 -0.2436 -0.2436 -0.2436 -0.2535 -0.2535 -0.2535 -0.2535 -0.2535 -0.2535 -0.2535 -0.2619 0.0112 0.0112 0.2055 -0.0888 
fb4 = -0.2073 -0.2332 -0.2332 -0.2332 -0.2332 -0.2332 -0.2332 -0.2332 -0.2435 -0.2435 -0.2435 -0.2435 -0.2435 -0.2435 -0.2435 -0.2534 -0.2534 -0.2534 -0.2534 -0.2534 -0.2534 -0.2534 -0.2618 0.0119 0.0119 0.2095 -0.0888 
I = 14.9000 9.4000 9.4000 9.4000 9.4000 9.4000 9.4000 9.4000 6.0000 6.0000 6.0000 6.0000 6.0000 6.0000 6.0000 2.0000 2.0000 2.0000 2.0000 2.0000 2.0000 2.0000 -2.0000 25.8614 25.8614 10.0000 0.5988 
S1 = 0.0000 0.0000 0.0000 0.0000 0.0000 0.0000 0.0000 0.0000 0.0000 0.0000 0.0000 0.0000 0.0000 0.0000 0.0000 0.0000 0.0000 0.0000 0.0000 0.0000 0.0000 0.0000 0.0000 0.0000 0.0000 0.0000 0.0000 
S2 = 0.0000 0.0000 0.0000 0.0000 0.0000 0.0000 0.0000 0.0000 0.0000 0.0000 0.0000 0.0000 0.0000 0.0000 0.0000 0.0000 0.0000 0.0000 0.0000 0.0000 0.0000 0.0000 0.0000 1.8614 1.8614 0.0000 11.5988 
u = 8.5125 8.4048 8.4048 8.4048 8.4048 8.4048 8.4048 8.4048 8.3535 8.3535 8.3535 8.3535 8.3535 8.3535 8.3535 8.3011 8.3011 8.3011 8.3011 8.3011 8.3011 8.3011 8.2545 10.7957 10.7957 11.3476 9.3244 
v = 33.3073 25.7369 25.7369 25.7369 25.7369 25.7369 25.7369 25.7369 22.6499 22.6499 22.6499 22.6499 22.6499 22.6499 22.6499 19.6572 19.6572 19.6572 19.6572 19.6572 19.6572 19.6572 17.0863 56.9481 56.9481 109.1098 24.4275 
