ExternalI = 5.5000 0.0000 0.0000 0.0000 0.0000 0.0000 0.0000 0.0000 4.0000 4.0000 4.0000 4.0000 4.0000 4.0000 4.0000 0.0000 0.0000 0.0000 0.0000 0.0000 0.0000 0.0000 0.0000 8.0000 8.0000 0.0000 0.0000 
before u = 8.5125 8.4048 8.4048 8.4048 8.4048 8.4048 8.4048 8.4048 8.3535 8.3535 8.3535 8.3535 8.3535 8.3535 8.3535 8.3011 8.3011 8.3011 8.3011 8.3011 8.3011 8.3011 8.2545 10.7957 10.7957 11.3476 9.3244 
before v = 33.3073 25.7369 25.7369 25.7369 25.7369 25.7369 25.7369 25.7369 22.6499 22.6499 22.6499 22.6499 22.6499 22.6499 22.6499 19.6572 19.6572 19.6572 19.6572 19.6572 19.6572 19.6572 17.0863 56.9481 56.9481 109.1098 24.4275 
Ibias = 9.4000 9.4000 9.4000 9.4000 9.4000 9.4000 9.4000 9.4000 2.0000 2.0000 2.0000 2.0000 2.0000 2.0000 2.0000 2.0000 2.0000 2.0000 2.0000 2.0000 2.0000 2.0000 -2.0000 16.0000 16.0000 10.0000 -11.0000 
fa1 = 0.8407 0.2800 0.2800 0.2800 0.2800 0.2800 0.2800 0.2800 0.2175 0.2175 0.2175 0.2175 0.2175 0.2175 0.2175 0.1835 0.1835 0.1835 0.1835 0.1835 0.1835 0.1835 0.1643 33.9412 33.9412 207.5208 1.8368 
fa2 = 0.8403 0.2799 0.2799 0.2799 0.2799 0.2799 0.2799 0.2799 0.2174 0.2174 0.2174 0.2174 0.2174 0.2174 0.2174 0.1835 0.1835 0.1835 0.1835 0.1835 0.1835 0.1835 0.1642 34.2063 34.2063 213.5070 1.8277 
fa3 = 0.8403 0.2799 0.2799 0.2799 0.2799 0.2799 0.2799 0.2799 0.2174 0.2174 0.2174 0.2174 0.2174 0.2174 0.2174 0.1835 0.1835 0.1835 0.1835 0.1835 0.1835 0.1835 0.1642 34.2084 34.2084 213.6810 1.8277 
fa4 = 0.8400 0.2797 0.2797 0.2797 0.2797 0.2797 0.2797 0.2797 0.2173 0.2173 0.2173 0.2173 0.2173 0.2173 0.2173 0.1834 0.1834 0.1834 0.1834 0.1834 0.1834 0.1834 0.1642 34.4779 34.4779 219.9426 1.8186 
fb1 = -0.2073 -0.2332 -0.2332 -0.2332 -0.2332 -0.2332 -0.2332 -0.2332 -0.2435 -0.2435 -0.2435 -0.2435 -0.2435 -0.2435 -0.2435 -0.2534 -0.2534 -0.2534 -0.2534 -0.2534 -0.2534 -0.2534 -0.2618 0.0119 0.0119 0.2095 -0.0888 
fb2 = -0.2072 -0.2332 -0.2332 -0.2332 -0.2332 -0.2332 -0.2332 -0.2332 -0.2435 -0.2435 -0.2435 -0.2435 -0.2435 -0.2435 -0.2435 -0.2534 -0.2534 -0.2534 -0.2534 -0.2534 -0.2534 -0.2534 -0.2618 0.0126 0.0126 0.2136 -0.0887 
fb3 = -0.2072 -0.2332 -0.2332 -0.2332 -0.2332 -0.2332 -0.2332 -0.2332 -0.2435 -0.2435 -0.2435 -0.2435 -0.2435 -0.2435 -0.2435 -0.2534 -0.2534 -0.2534 -0.2534 -0.2534 -0.2534 -0.2534 -0.2618 0.0126 0.0126 0.2137 -0.0887 
fb4 = -0.2072 -0.2331 -0.2331 -0.2331 -0.2331 -0.2331 -0.2331 -0.2331 -0.2434 -0.2434 -0.2434 -0.2434 -0.2434 -0.2434 -0.2434 -0.2533 -0.2533 -0.2533 -0.2533 -0.2533 -0.2533 -0.2533 -0.2617 0.0132 0.0132 0.2180 -0.0887 
I = 14.9000 9.4000 9.4000 9.4000 9.4000 9.4000 9.4000 9.4000 6.0000 6.0000 6.0000 6.0000 6.0000 6.0000 6.0000 2.0000 2.0000 2.0000 2.0000 2.0000 2.0000 2.0000 -2.0000 25.8577 25.8577 10.0000 0.5756 
S1 = 0.0000 0.0000 0.0000 0.0000 0.0000 0.0000 0.0000 0.0000 0.0000 0.0000 0.0000 0.0000 0.0000 0.0000 0.0000 0.0000 0.0000 0.0000 0.0000 0.0000 0.0000 0.0000 0.0000 0.0000 0.0000 0.0000 0.0000 
S2 = 0.0000 0.0000 0.0000 0.0000 0.0000 0.0000 0.0000 0.0000 0.0000 0.0000 0.0000 0.0000 0.0000 0.0000 0.0000 0.0000 0.0000 0.0000 0.0000 0.0000 0.0000 0.0000 0.0000 1.8577 1.8577 0.0000 11.5756 
u = 8.5104 8.4024 8.4024 8.4024 8.4024 8.4024 8.4024 8.4024 8.3511 8.3511 8.3511 8.3511 8.3511 8.3511 8.3511 8.2985 8.2985 8.2985 8.2985 8.2985 8.2985 8.2985 8.2518 10.7958 10.7958 11.3498 9.3235 
v = 33.3157 25.7397 25.7397 25.7397 25.7397 25.7397 25.7397 25.7397 22.6521 22.6521 22.6521 22.6521 22.6521 22.6521 22.6521 19.6591 19.6591 19.6591 19.6591 19.6591 19.6591 19.6591 17.0880 57.2902 57.2902 111.2462 24.4458 
