ExternalI = 5.5000 0.0000 0.0000 0.0000 0.0000 0.0000 0.0000 0.0000 4.0000 4.0000 4.0000 4.0000 4.0000 4.0000 4.0000 0.0000 0.0000 0.0000 0.0000 0.0000 0.0000 0.0000 0.0000 8.0000 8.0000 0.0000 0.0000 
before u = 8.5104 8.4024 8.4024 8.4024 8.4024 8.4024 8.4024 8.4024 8.3511 8.3511 8.3511 8.3511 8.3511 8.3511 8.3511 8.2985 8.2985 8.2985 8.2985 8.2985 8.2985 8.2985 8.2518 10.7958 10.7958 11.3498 9.3235 
before v = 33.3157 25.7397 25.7397 25.7397 25.7397 25.7397 25.7397 25.7397 22.6521 22.6521 22.6521 22.6521 22.6521 22.6521 22.6521 19.6591 19.6591 19.6591 19.6591 19.6591 19.6591 19.6591 17.0880 57.2902 57.2902 111.2462 24.4458 
Ibias = 9.4000 9.4000 9.4000 9.4000 9.4000 9.4000 9.4000 9.4000 2.0000 2.0000 2.0000 2.0000 2.0000 2.0000 2.0000 2.0000 2.0000 2.0000 2.0000 2.0000 2.0000 2.0000 -2.0000 16.0000 16.0000 10.0000 -11.0000 
fa1 = 0.8400 0.2797 0.2797 0.2797 0.2797 0.2797 0.2797 0.2797 0.2173 0.2173 0.2173 0.2173 0.2173 0.2173 0.2173 0.1834 0.1834 0.1834 0.1834 0.1834 0.1834 0.1834 0.1642 34.4742 34.4742 219.9402 1.7955 
fa2 = 0.8396 0.2796 0.2796 0.2796 0.2796 0.2796 0.2796 0.2796 0.2173 0.2173 0.2173 0.2173 0.2173 0.2173 0.2173 0.1834 0.1834 0.1834 0.1834 0.1834 0.1834 0.1834 0.1642 34.7482 34.7482 226.4754 1.7866 
fa3 = 0.8396 0.2796 0.2796 0.2796 0.2796 0.2796 0.2796 0.2796 0.2173 0.2173 0.2173 0.2173 0.2173 0.2173 0.2173 0.1834 0.1834 0.1834 0.1834 0.1834 0.1834 0.1834 0.1642 34.7504 34.7504 226.6710 1.7866 
fa4 = 0.8392 0.2794 0.2794 0.2794 0.2794 0.2794 0.2794 0.2794 0.2172 0.2172 0.2172 0.2172 0.2172 0.2172 0.2172 0.1834 0.1834 0.1834 0.1834 0.1834 0.1834 0.1834 0.1641 35.0291 35.0291 233.5164 1.7777 
fb1 = -0.2072 -0.2331 -0.2331 -0.2331 -0.2331 -0.2331 -0.2331 -0.2331 -0.2434 -0.2434 -0.2434 -0.2434 -0.2434 -0.2434 -0.2434 -0.2533 -0.2533 -0.2533 -0.2533 -0.2533 -0.2533 -0.2533 -0.2617 0.0132 0.0132 0.2180 -0.0887 
fb2 = -0.2071 -0.2331 -0.2331 -0.2331 -0.2331 -0.2331 -0.2331 -0.2331 -0.2434 -0.2434 -0.2434 -0.2434 -0.2434 -0.2434 -0.2434 -0.2533 -0.2533 -0.2533 -0.2533 -0.2533 -0.2533 -0.2533 -0.2617 0.0139 0.0139 0.2224 -0.0886 
fb3 = -0.2071 -0.2331 -0.2331 -0.2331 -0.2331 -0.2331 -0.2331 -0.2331 -0.2434 -0.2434 -0.2434 -0.2434 -0.2434 -0.2434 -0.2434 -0.2533 -0.2533 -0.2533 -0.2533 -0.2533 -0.2533 -0.2533 -0.2617 0.0139 0.0139 0.2225 -0.0886 
fb4 = -0.2070 -0.2330 -0.2330 -0.2330 -0.2330 -0.2330 -0.2330 -0.2330 -0.2433 -0.2433 -0.2433 -0.2433 -0.2433 -0.2433 -0.2433 -0.2532 -0.2532 -0.2532 -0.2532 -0.2532 -0.2532 -0.2532 -0.2616 0.0146 0.0146 0.2270 -0.0886 
I = 14.9000 9.4000 9.4000 9.4000 9.4000 9.4000 9.4000 9.4000 6.0000 6.0000 6.0000 6.0000 6.0000 6.0000 6.0000 2.0000 2.0000 2.0000 2.0000 2.0000 2.0000 2.0000 -2.0000 25.8540 25.8540 10.0000 0.5525 
S1 = 0.0000 0.0000 0.0000 0.0000 0.0000 0.0000 0.0000 0.0000 0.0000 0.0000 0.0000 0.0000 0.0000 0.0000 0.0000 0.0000 0.0000 0.0000 0.0000 0.0000 0.0000 0.0000 0.0000 0.0000 0.0000 0.0000 0.0000 
S2 = 0.0000 0.0000 0.0000 0.0000 0.0000 0.0000 0.0000 0.0000 0.0000 0.0000 0.0000 0.0000 0.0000 0.0000 0.0000 0.0000 0.0000 0.0000 0.0000 0.0000 0.0000 0.0000 0.0000 1.8540 1.8540 0.0000 11.5525 
u = 8.5083 8.4001 8.4001 8.4001 8.4001 8.4001 8.4001 8.4001 8.3486 8.3486 8.3486 8.3486 8.3486 8.3486 8.3486 8.2960 8.2960 8.2960 8.2960 8.2960 8.2960 8.2960 8.2492 10.7959 10.7959 11.3520 9.3226 
v = 33.3241 25.7425 25.7425 25.7425 25.7425 25.7425 25.7425 25.7425 22.6543 22.6543 22.6543 22.6543 22.6543 22.6543 22.6543 19.6609 19.6609 19.6609 19.6609 19.6609 19.6609 19.6609 17.0896 57.6377 57.6377 113.5124 24.4636 
