ExternalI = 5.5000 0.0000 0.0000 0.0000 0.0000 0.0000 0.0000 0.0000 4.0000 4.0000 4.0000 4.0000 4.0000 4.0000 4.0000 0.0000 0.0000 0.0000 0.0000 0.0000 0.0000 0.0000 0.0000 8.0000 8.0000 0.0000 0.0000 
before u = 8.5083 8.4001 8.4001 8.4001 8.4001 8.4001 8.4001 8.4001 8.3486 8.3486 8.3486 8.3486 8.3486 8.3486 8.3486 8.2960 8.2960 8.2960 8.2960 8.2960 8.2960 8.2960 8.2492 10.7959 10.7959 11.3520 9.3226 
before v = 33.3241 25.7425 25.7425 25.7425 25.7425 25.7425 25.7425 25.7425 22.6543 22.6543 22.6543 22.6543 22.6543 22.6543 22.6543 19.6609 19.6609 19.6609 19.6609 19.6609 19.6609 19.6609 17.0896 57.6377 57.6377 113.5124 24.4636 
Ibias = 9.4000 9.4000 9.4000 9.4000 9.4000 9.4000 9.4000 9.4000 2.0000 2.0000 2.0000 2.0000 2.0000 2.0000 2.0000 2.0000 2.0000 2.0000 2.0000 2.0000 2.0000 2.0000 -2.0000 16.0000 16.0000 10.0000 -11.0000 
fa1 = 0.8392 0.2794 0.2794 0.2794 0.2794 0.2794 0.2794 0.2794 0.2172 0.2172 0.2172 0.2172 0.2172 0.2172 0.2172 0.1834 0.1834 0.1834 0.1834 0.1834 0.1834 0.1834 0.1641 35.0254 35.0254 233.5136 1.7546 
fa2 = 0.8389 0.2793 0.2793 0.2793 0.2793 0.2793 0.2793 0.2793 0.2171 0.2171 0.2171 0.2171 0.2171 0.2171 0.2171 0.1833 0.1833 0.1833 0.1833 0.1833 0.1833 0.1833 0.1641 35.3087 35.3087 240.6669 1.7459 
fa3 = 0.8389 0.2793 0.2793 0.2793 0.2793 0.2793 0.2793 0.2793 0.2171 0.2171 0.2171 0.2171 0.2171 0.2171 0.2171 0.1833 0.1833 0.1833 0.1833 0.1833 0.1833 0.1833 0.1641 35.3110 35.3110 240.8878 1.7460 
fa4 = 0.8385 0.2791 0.2791 0.2791 0.2791 0.2791 0.2791 0.2791 0.2171 0.2171 0.2171 0.2171 0.2171 0.2171 0.2171 0.1833 0.1833 0.1833 0.1833 0.1833 0.1833 0.1833 0.1641 35.5991 35.5991 248.3917 1.7373 
fb1 = -0.2070 -0.2330 -0.2330 -0.2330 -0.2330 -0.2330 -0.2330 -0.2330 -0.2433 -0.2433 -0.2433 -0.2433 -0.2433 -0.2433 -0.2433 -0.2532 -0.2532 -0.2532 -0.2532 -0.2532 -0.2532 -0.2532 -0.2616 0.0146 0.0146 0.2270 -0.0886 
fb2 = -0.2070 -0.2330 -0.2330 -0.2330 -0.2330 -0.2330 -0.2330 -0.2330 -0.2433 -0.2433 -0.2433 -0.2433 -0.2433 -0.2433 -0.2433 -0.2531 -0.2531 -0.2531 -0.2531 -0.2531 -0.2531 -0.2531 -0.2616 0.0153 0.0153 0.2317 -0.0886 
fb3 = -0.2070 -0.2330 -0.2330 -0.2330 -0.2330 -0.2330 -0.2330 -0.2330 -0.2433 -0.2433 -0.2433 -0.2433 -0.2433 -0.2433 -0.2433 -0.2531 -0.2531 -0.2531 -0.2531 -0.2531 -0.2531 -0.2531 -0.2616 0.0153 0.0153 0.2318 -0.0886 
fb4 = -0.2069 -0.2329 -0.2329 -0.2329 -0.2329 -0.2329 -0.2329 -0.2329 -0.2432 -0.2432 -0.2432 -0.2432 -0.2432 -0.2432 -0.2432 -0.2531 -0.2531 -0.2531 -0.2531 -0.2531 -0.2531 -0.2531 -0.2615 0.0160 0.0160 0.2366 -0.0885 
I = 14.9000 9.4000 9.4000 9.4000 9.4000 9.4000 9.4000 9.4000 6.0000 6.0000 6.0000 6.0000 6.0000 6.0000 6.0000 2.0000 2.0000 2.0000 2.0000 2.0000 2.0000 2.0000 -2.0000 25.8503 25.8503 10.0000 0.5294 
S1 = 0.0000 0.0000 0.0000 0.0000 0.0000 0.0000 0.0000 0.0000 0.0000 0.0000 0.0000 0.0000 0.0000 0.0000 0.0000 0.0000 0.0000 0.0000 0.0000 0.0000 0.0000 0.0000 0.0000 0.0000 0.0000 0.0000 0.0000 
S2 = 0.0000 0.0000 0.0000 0.0000 0.0000 0.0000 0.0000 0.0000 0.0000 0.0000 0.0000 0.0000 0.0000 0.0000 0.0000 0.0000 0.0000 0.0000 0.0000 0.0000 0.0000 0.0000 0.0000 1.8503 1.8503 0.0000 11.5294 
u = 8.5062 8.3978 8.3978 8.3978 8.3978 8.3978 8.3978 8.3978 8.3462 8.3462 8.3462 8.3462 8.3462 8.3462 8.3462 8.2935 8.2935 8.2935 8.2935 8.2935 8.2935 8.2935 8.2466 10.7961 10.7961 11.3543 9.3218 
v = 33.3325 25.7453 25.7453 25.7453 25.7453 25.7453 25.7453 25.7453 22.6564 22.6564 22.6564 22.6564 22.6564 22.6564 22.6564 19.6627 19.6627 19.6627 19.6627 19.6627 19.6627 19.6627 17.0913 57.9908 57.9908 115.9208 24.4811 
