ExternalI = 5.5000 0.0000 0.0000 0.0000 0.0000 0.0000 0.0000 0.0000 4.0000 4.0000 4.0000 4.0000 4.0000 4.0000 4.0000 0.0000 0.0000 0.0000 0.0000 0.0000 0.0000 0.0000 0.0000 8.0000 8.0000 0.0000 0.0000 
before u = 8.5062 8.3978 8.3978 8.3978 8.3978 8.3978 8.3978 8.3978 8.3462 8.3462 8.3462 8.3462 8.3462 8.3462 8.3462 8.2935 8.2935 8.2935 8.2935 8.2935 8.2935 8.2935 8.2466 10.7961 10.7961 11.3543 9.3218 
before v = 33.3325 25.7453 25.7453 25.7453 25.7453 25.7453 25.7453 25.7453 22.6564 22.6564 22.6564 22.6564 22.6564 22.6564 22.6564 19.6627 19.6627 19.6627 19.6627 19.6627 19.6627 19.6627 17.0913 57.9908 57.9908 115.9208 24.4811 
Ibias = 9.4000 9.4000 9.4000 9.4000 9.4000 9.4000 9.4000 9.4000 2.0000 2.0000 2.0000 2.0000 2.0000 2.0000 2.0000 2.0000 2.0000 2.0000 2.0000 2.0000 2.0000 2.0000 -2.0000 16.0000 16.0000 10.0000 -11.0000 
fa1 = 0.8385 0.2791 0.2791 0.2791 0.2791 0.2791 0.2791 0.2791 0.2171 0.2171 0.2171 0.2171 0.2171 0.2171 0.2171 0.1833 0.1833 0.1833 0.1833 0.1833 0.1833 0.1833 0.1641 35.5954 35.5954 248.3885 1.7142 
fa2 = 0.8381 0.2790 0.2790 0.2790 0.2790 0.2790 0.2790 0.2790 0.2170 0.2170 0.2170 0.2170 0.2170 0.2170 0.2170 0.1832 0.1832 0.1832 0.1832 0.1832 0.1832 0.1832 0.1640 35.8883 35.8883 256.2405 1.7058 
fa3 = 0.8381 0.2790 0.2790 0.2790 0.2790 0.2790 0.2790 0.2790 0.2170 0.2170 0.2170 0.2170 0.2170 0.2170 0.2170 0.1832 0.1832 0.1832 0.1832 0.1832 0.1832 0.1832 0.1640 35.8907 35.8907 256.4908 1.7058 
fa4 = 0.8378 0.2789 0.2789 0.2789 0.2789 0.2789 0.2789 0.2789 0.2169 0.2169 0.2169 0.2169 0.2169 0.2169 0.2169 0.1832 0.1832 0.1832 0.1832 0.1832 0.1832 0.1832 0.1640 36.1887 36.1887 264.7406 1.6974 
fb1 = -0.2069 -0.2329 -0.2329 -0.2329 -0.2329 -0.2329 -0.2329 -0.2329 -0.2432 -0.2432 -0.2432 -0.2432 -0.2432 -0.2432 -0.2432 -0.2531 -0.2531 -0.2531 -0.2531 -0.2531 -0.2531 -0.2531 -0.2615 0.0160 0.0160 0.2366 -0.0885 
fb2 = -0.2069 -0.2329 -0.2329 -0.2329 -0.2329 -0.2329 -0.2329 -0.2329 -0.2432 -0.2432 -0.2432 -0.2432 -0.2432 -0.2432 -0.2432 -0.2530 -0.2530 -0.2530 -0.2530 -0.2530 -0.2530 -0.2530 -0.2614 0.0168 0.0168 0.2415 -0.0885 
fb3 = -0.2069 -0.2329 -0.2329 -0.2329 -0.2329 -0.2329 -0.2329 -0.2329 -0.2432 -0.2432 -0.2432 -0.2432 -0.2432 -0.2432 -0.2432 -0.2530 -0.2530 -0.2530 -0.2530 -0.2530 -0.2530 -0.2530 -0.2614 0.0168 0.0168 0.2417 -0.0885 
fb4 = -0.2068 -0.2328 -0.2328 -0.2328 -0.2328 -0.2328 -0.2328 -0.2328 -0.2431 -0.2431 -0.2431 -0.2431 -0.2431 -0.2431 -0.2431 -0.2530 -0.2530 -0.2530 -0.2530 -0.2530 -0.2530 -0.2530 -0.2614 0.0175 0.0175 0.2468 -0.0884 
I = 14.9000 9.4000 9.4000 9.4000 9.4000 9.4000 9.4000 9.4000 6.0000 6.0000 6.0000 6.0000 6.0000 6.0000 6.0000 2.0000 2.0000 2.0000 2.0000 2.0000 2.0000 2.0000 -2.0000 25.8466 25.8466 10.0000 0.5063 
S1 = 0.0000 0.0000 0.0000 0.0000 0.0000 0.0000 0.0000 0.0000 0.0000 0.0000 0.0000 0.0000 0.0000 0.0000 0.0000 0.0000 0.0000 0.0000 0.0000 0.0000 0.0000 0.0000 0.0000 0.0000 0.0000 0.0000 0.0000 
S2 = 0.0000 0.0000 0.0000 0.0000 0.0000 0.0000 0.0000 0.0000 0.0000 0.0000 0.0000 0.0000 0.0000 0.0000 0.0000 0.0000 0.0000 0.0000 0.0000 0.0000 0.0000 0.0000 0.0000 1.8466 1.8466 0.0000 11.5063 
u = 8.5042 8.3955 8.3955 8.3955 8.3955 8.3955 8.3955 8.3955 8.3438 8.3438 8.3438 8.3438 8.3438 8.3438 8.3438 8.2909 8.2909 8.2909 8.2909 8.2909 8.2909 8.2909 8.2440 10.7963 10.7963 11.3567 9.3209 
v = 33.3408 25.7481 25.7481 25.7481 25.7481 25.7481 25.7481 25.7481 22.6586 22.6586 22.6586 22.6586 22.6586 22.6586 22.6586 19.6646 19.6646 19.6646 19.6646 19.6646 19.6646 19.6646 17.0929 58.3497 58.3497 118.4851 24.4982 
