ExternalI = 5.5000 0.0000 0.0000 0.0000 0.0000 0.0000 0.0000 0.0000 4.0000 4.0000 4.0000 4.0000 4.0000 4.0000 4.0000 0.0000 0.0000 0.0000 0.0000 0.0000 0.0000 0.0000 0.0000 8.0000 8.0000 0.0000 0.0000 
before u = 8.5042 8.3955 8.3955 8.3955 8.3955 8.3955 8.3955 8.3955 8.3438 8.3438 8.3438 8.3438 8.3438 8.3438 8.3438 8.2909 8.2909 8.2909 8.2909 8.2909 8.2909 8.2909 8.2440 10.7963 10.7963 11.3567 9.3209 
before v = 33.3408 25.7481 25.7481 25.7481 25.7481 25.7481 25.7481 25.7481 22.6586 22.6586 22.6586 22.6586 22.6586 22.6586 22.6586 19.6646 19.6646 19.6646 19.6646 19.6646 19.6646 19.6646 17.0929 58.3497 58.3497 118.4851 24.4982 
Ibias = 9.4000 9.4000 9.4000 9.4000 9.4000 9.4000 9.4000 9.4000 2.0000 2.0000 2.0000 2.0000 2.0000 2.0000 2.0000 2.0000 2.0000 2.0000 2.0000 2.0000 2.0000 2.0000 -2.0000 16.0000 16.0000 10.0000 -11.0000 
fa1 = 0.8378 0.2789 0.2789 0.2789 0.2789 0.2789 0.2789 0.2789 0.2169 0.2169 0.2169 0.2169 0.2169 0.2169 0.2169 0.1832 0.1832 0.1832 0.1832 0.1832 0.1832 0.1832 0.1640 36.1850 36.1850 264.7368 1.6744 
fa2 = 0.8374 0.2787 0.2787 0.2787 0.2787 0.2787 0.2787 0.2787 0.2168 0.2168 0.2168 0.2168 0.2168 0.2168 0.2168 0.1831 0.1831 0.1831 0.1831 0.1831 0.1831 0.1831 0.1640 36.4880 36.4880 273.3815 1.6661 
fa3 = 0.8374 0.2787 0.2787 0.2787 0.2787 0.2787 0.2787 0.2787 0.2168 0.2168 0.2168 0.2168 0.2168 0.2168 0.2168 0.1831 0.1831 0.1831 0.1831 0.1831 0.1831 0.1831 0.1640 36.4905 36.4905 273.6662 1.6661 
fa4 = 0.8371 0.2786 0.2786 0.2786 0.2786 0.2786 0.2786 0.2786 0.2168 0.2168 0.2168 0.2168 0.2168 0.2168 0.2168 0.1831 0.1831 0.1831 0.1831 0.1831 0.1831 0.1831 0.1639 36.7988 36.7988 282.7641 1.6579 
fb1 = -0.2068 -0.2328 -0.2328 -0.2328 -0.2328 -0.2328 -0.2328 -0.2328 -0.2431 -0.2431 -0.2431 -0.2431 -0.2431 -0.2431 -0.2431 -0.2530 -0.2530 -0.2530 -0.2530 -0.2530 -0.2530 -0.2530 -0.2614 0.0175 0.0175 0.2468 -0.0884 
fb2 = -0.2067 -0.2328 -0.2328 -0.2328 -0.2328 -0.2328 -0.2328 -0.2328 -0.2431 -0.2431 -0.2431 -0.2431 -0.2431 -0.2431 -0.2431 -0.2529 -0.2529 -0.2529 -0.2529 -0.2529 -0.2529 -0.2529 -0.2613 0.0182 0.0182 0.2521 -0.0884 
fb3 = -0.2067 -0.2328 -0.2328 -0.2328 -0.2328 -0.2328 -0.2328 -0.2328 -0.2431 -0.2431 -0.2431 -0.2431 -0.2431 -0.2431 -0.2431 -0.2529 -0.2529 -0.2529 -0.2529 -0.2529 -0.2529 -0.2529 -0.2613 0.0182 0.0182 0.2522 -0.0884 
fb4 = -0.2067 -0.2327 -0.2327 -0.2327 -0.2327 -0.2327 -0.2327 -0.2327 -0.2430 -0.2430 -0.2430 -0.2430 -0.2430 -0.2430 -0.2430 -0.2529 -0.2529 -0.2529 -0.2529 -0.2529 -0.2529 -0.2529 -0.2613 0.0189 0.0189 0.2577 -0.0883 
I = 14.9000 9.4000 9.4000 9.4000 9.4000 9.4000 9.4000 9.4000 6.0000 6.0000 6.0000 6.0000 6.0000 6.0000 6.0000 2.0000 2.0000 2.0000 2.0000 2.0000 2.0000 2.0000 -2.0000 25.8429 25.8429 10.0000 0.4833 
S1 = 0.0000 0.0000 0.0000 0.0000 0.0000 0.0000 0.0000 0.0000 0.0000 0.0000 0.0000 0.0000 0.0000 0.0000 0.0000 0.0000 0.0000 0.0000 0.0000 0.0000 0.0000 0.0000 0.0000 0.0000 0.0000 0.0000 0.0000 
S2 = 0.0000 0.0000 0.0000 0.0000 0.0000 0.0000 0.0000 0.0000 0.0000 0.0000 0.0000 0.0000 0.0000 0.0000 0.0000 0.0000 0.0000 0.0000 0.0000 0.0000 0.0000 0.0000 0.0000 1.8429 1.8429 0.0000 11.4833 
u = 8.5021 8.3931 8.3931 8.3931 8.3931 8.3931 8.3931 8.3931 8.3413 8.3413 8.3413 8.3413 8.3413 8.3413 8.3413 8.2884 8.2884 8.2884 8.2884 8.2884 8.2884 8.2884 8.2414 10.7964 10.7964 11.3593 9.3200 
v = 33.3492 25.7509 25.7509 25.7509 25.7509 25.7509 25.7509 25.7509 22.6608 22.6608 22.6608 22.6608 22.6608 22.6608 22.6608 19.6664 19.6664 19.6664 19.6664 19.6664 19.6664 19.6664 17.0945 58.7146 58.7146 121.2211 24.5148 
