ExternalI = 5.5000 0.0000 0.0000 0.0000 0.0000 0.0000 0.0000 0.0000 4.0000 4.0000 4.0000 4.0000 4.0000 4.0000 4.0000 0.0000 0.0000 0.0000 0.0000 0.0000 0.0000 0.0000 0.0000 8.0000 8.0000 0.0000 0.0000 
before u = 8.5021 8.3931 8.3931 8.3931 8.3931 8.3931 8.3931 8.3931 8.3413 8.3413 8.3413 8.3413 8.3413 8.3413 8.3413 8.2884 8.2884 8.2884 8.2884 8.2884 8.2884 8.2884 8.2414 10.7964 10.7964 11.3593 9.3200 
before v = 33.3492 25.7509 25.7509 25.7509 25.7509 25.7509 25.7509 25.7509 22.6608 22.6608 22.6608 22.6608 22.6608 22.6608 22.6608 19.6664 19.6664 19.6664 19.6664 19.6664 19.6664 19.6664 17.0945 58.7146 58.7146 121.2211 24.5148 
Ibias = 9.4000 9.4000 9.4000 9.4000 9.4000 9.4000 9.4000 9.4000 2.0000 2.0000 2.0000 2.0000 2.0000 2.0000 2.0000 2.0000 2.0000 2.0000 2.0000 2.0000 2.0000 2.0000 -2.0000 16.0000 16.0000 10.0000 -11.0000 
fa1 = 0.8371 0.2786 0.2786 0.2786 0.2786 0.2786 0.2786 0.2786 0.2168 0.2168 0.2168 0.2168 0.2168 0.2168 0.2168 0.1831 0.1831 0.1831 0.1831 0.1831 0.1831 0.1831 0.1639 36.7951 36.7951 282.7596 1.6350 
fa2 = 0.8367 0.2784 0.2784 0.2784 0.2784 0.2784 0.2784 0.2784 0.2167 0.2167 0.2167 0.2167 0.2167 0.2167 0.2167 0.1831 0.1831 0.1831 0.1831 0.1831 0.1831 0.1831 0.1639 37.1086 37.1086 292.3075 1.6269 
fa3 = 0.8367 0.2784 0.2784 0.2784 0.2784 0.2784 0.2784 0.2784 0.2167 0.2167 0.2167 0.2167 0.2167 0.2167 0.2167 0.1831 0.1831 0.1831 0.1831 0.1831 0.1831 0.1831 0.1639 37.1113 37.1113 292.6327 1.6270 
fa4 = 0.8363 0.2783 0.2783 0.2783 0.2783 0.2783 0.2783 0.2783 0.2166 0.2166 0.2166 0.2166 0.2166 0.2166 0.2166 0.1830 0.1830 0.1830 0.1830 0.1830 0.1830 0.1830 0.1639 37.4303 37.4303 302.6992 1.6190 
fb1 = -0.2067 -0.2327 -0.2327 -0.2327 -0.2327 -0.2327 -0.2327 -0.2327 -0.2430 -0.2430 -0.2430 -0.2430 -0.2430 -0.2430 -0.2430 -0.2529 -0.2529 -0.2529 -0.2529 -0.2529 -0.2529 -0.2529 -0.2613 0.0189 0.0189 0.2577 -0.0883 
fb2 = -0.2066 -0.2327 -0.2327 -0.2327 -0.2327 -0.2327 -0.2327 -0.2327 -0.2430 -0.2430 -0.2430 -0.2430 -0.2430 -0.2430 -0.2430 -0.2528 -0.2528 -0.2528 -0.2528 -0.2528 -0.2528 -0.2528 -0.2612 0.0197 0.0197 0.2633 -0.0883 
fb3 = -0.2066 -0.2327 -0.2327 -0.2327 -0.2327 -0.2327 -0.2327 -0.2327 -0.2430 -0.2430 -0.2430 -0.2430 -0.2430 -0.2430 -0.2430 -0.2528 -0.2528 -0.2528 -0.2528 -0.2528 -0.2528 -0.2528 -0.2612 0.0197 0.0197 0.2635 -0.0883 
fb4 = -0.2066 -0.2326 -0.2326 -0.2326 -0.2326 -0.2326 -0.2326 -0.2326 -0.2429 -0.2429 -0.2429 -0.2429 -0.2429 -0.2429 -0.2429 -0.2528 -0.2528 -0.2528 -0.2528 -0.2528 -0.2528 -0.2528 -0.2612 0.0204 0.0204 0.2694 -0.0883 
I = 14.9000 9.4000 9.4000 9.4000 9.4000 9.4000 9.4000 9.4000 6.0000 6.0000 6.0000 6.0000 6.0000 6.0000 6.0000 2.0000 2.0000 2.0000 2.0000 2.0000 2.0000 2.0000 -2.0000 25.8392 25.8392 10.0000 0.4603 
S1 = 0.0000 0.0000 0.0000 0.0000 0.0000 0.0000 0.0000 0.0000 0.0000 0.0000 0.0000 0.0000 0.0000 0.0000 0.0000 0.0000 0.0000 0.0000 0.0000 0.0000 0.0000 0.0000 0.0000 0.0000 0.0000 0.0000 0.0000 
S2 = 0.0000 0.0000 0.0000 0.0000 0.0000 0.0000 0.0000 0.0000 0.0000 0.0000 0.0000 0.0000 0.0000 0.0000 0.0000 0.0000 0.0000 0.0000 0.0000 0.0000 0.0000 0.0000 0.0000 1.8392 1.8392 0.0000 11.4603 
u = 8.5000 8.3908 8.3908 8.3908 8.3908 8.3908 8.3908 8.3908 8.3389 8.3389 8.3389 8.3389 8.3389 8.3389 8.3389 8.2859 8.2859 8.2859 8.2859 8.2859 8.2859 8.2859 8.2388 10.7966 10.7966 11.3619 9.3191 
v = 33.3576 25.7537 25.7537 25.7537 25.7537 25.7537 25.7537 25.7537 22.6629 22.6629 22.6629 22.6629 22.6629 22.6629 22.6629 19.6682 19.6682 19.6682 19.6682 19.6682 19.6682 19.6682 17.0962 59.0857 59.0857 124.1467 24.5311 
