ExternalI = 5.5000 0.0000 0.0000 0.0000 0.0000 0.0000 0.0000 0.0000 4.0000 4.0000 4.0000 4.0000 4.0000 4.0000 4.0000 0.0000 0.0000 0.0000 0.0000 0.0000 0.0000 0.0000 0.0000 8.0000 8.0000 0.0000 0.0000 
before u = 9.8073 9.8046 9.8046 9.8046 9.8046 9.8046 9.8046 9.8046 9.8030 9.8030 9.8030 9.8030 9.8030 9.8030 9.8030 9.8011 9.8011 9.8011 9.8011 9.8011 9.8011 9.8011 9.7992 9.9312 9.9312 10.1816 9.9138 
before v = 20.2390 18.1770 18.1770 18.1770 18.1770 18.1770 18.1770 18.1770 16.9327 16.9327 16.9327 16.9327 16.9327 16.9327 16.9327 15.4975 15.4975 15.4975 15.4975 15.4975 15.4975 15.4975 14.0918 27.8975 27.8975 63.2251 14.5524 
Ibias = 9.4000 9.4000 9.4000 9.4000 9.4000 9.4000 9.4000 9.4000 2.0000 2.0000 2.0000 2.0000 2.0000 2.0000 2.0000 2.0000 2.0000 2.0000 2.0000 2.0000 2.0000 2.0000 -2.0000 16.0000 16.0000 10.0000 -11.0000 
fa1 = 10.7604 8.2806 8.2806 8.2806 8.2806 8.2806 8.2806 8.2806 6.8675 6.8675 6.8675 6.8675 6.8675 6.8675 6.8675 5.3134 5.3134 5.3134 5.3134 5.3134 5.3134 5.3134 3.8685 21.5071 21.5071 30.0396 5.3702 
fa2 = 10.6878 8.2182 8.2182 8.2182 8.2182 8.2182 8.2182 8.2182 6.8127 6.8127 6.8127 6.8127 6.8127 6.8127 6.8127 5.2683 5.2683 5.2683 5.2683 5.2683 5.2683 5.2683 3.8340 21.4254 21.4254 30.3494 5.3216 
fa3 = 10.6883 8.2187 8.2187 8.2187 8.2187 8.2187 8.2187 8.2187 6.8131 6.8131 6.8131 6.8131 6.8131 6.8131 6.8131 5.2687 5.2687 5.2687 5.2687 5.2687 5.2687 5.2687 3.8343 21.4257 21.4257 30.3526 5.3221 
fa4 = 10.6164 8.1570 8.1570 8.1570 8.1570 8.1570 8.1570 8.1570 6.7588 6.7588 6.7588 6.7588 6.7588 6.7588 6.7588 5.2241 5.2241 5.2241 5.2241 5.2241 5.2241 5.2241 3.8002 21.3452 21.3452 30.6675 5.2740 
fb1 = -0.3113 -0.3195 -0.3195 -0.3195 -0.3195 -0.3195 -0.3195 -0.3195 -0.3244 -0.3244 -0.3244 -0.3244 -0.3244 -0.3244 -0.3244 -0.3301 -0.3301 -0.3301 -0.3301 -0.3301 -0.3301 -0.3301 -0.3356 -0.0870 -0.0870 0.0493 -0.1401 
fb2 = -0.3111 -0.3192 -0.3192 -0.3192 -0.3192 -0.3192 -0.3192 -0.3192 -0.3242 -0.3242 -0.3242 -0.3242 -0.3242 -0.3242 -0.3242 -0.3299 -0.3299 -0.3299 -0.3299 -0.3299 -0.3299 -0.3299 -0.3355 -0.0866 -0.0866 0.0499 -0.1399 
fb3 = -0.3111 -0.3192 -0.3192 -0.3192 -0.3192 -0.3192 -0.3192 -0.3192 -0.3242 -0.3242 -0.3242 -0.3242 -0.3242 -0.3242 -0.3242 -0.3299 -0.3299 -0.3299 -0.3299 -0.3299 -0.3299 -0.3299 -0.3355 -0.0866 -0.0866 0.0499 -0.1399 
fb4 = -0.3108 -0.3190 -0.3190 -0.3190 -0.3190 -0.3190 -0.3190 -0.3190 -0.3240 -0.3240 -0.3240 -0.3240 -0.3240 -0.3240 -0.3240 -0.3297 -0.3297 -0.3297 -0.3297 -0.3297 -0.3297 -0.3297 -0.3353 -0.0862 -0.0862 0.0505 -0.1398 
I = 14.9000 9.4000 9.4000 9.4000 9.4000 9.4000 9.4000 9.4000 6.0000 6.0000 6.0000 6.0000 6.0000 6.0000 6.0000 2.0000 2.0000 2.0000 2.0000 2.0000 2.0000 2.0000 -2.0000 24.0000 24.0000 10.0000 -9.5297 
S1 = 0.0000 0.0000 0.0000 0.0000 0.0000 0.0000 0.0000 0.0000 0.0000 0.0000 0.0000 0.0000 0.0000 0.0000 0.0000 0.0000 0.0000 0.0000 0.0000 0.0000 0.0000 0.0000 0.0000 0.0000 0.0000 0.0000 0.0000 
S2 = 0.0000 0.0000 0.0000 0.0000 0.0000 0.0000 0.0000 0.0000 0.0000 0.0000 0.0000 0.0000 0.0000 0.0000 0.0000 0.0000 0.0000 0.0000 0.0000 0.0000 0.0000 0.0000 0.0000 0.0000 0.0000 0.0000 1.4703 
u = 9.8042 9.8014 9.8014 9.8014 9.8014 9.8014 9.8014 9.8014 9.7997 9.7997 9.7997 9.7997 9.7997 9.7997 9.7997 9.7978 9.7978 9.7978 9.7978 9.7978 9.7978 9.7978 9.7958 9.9303 9.9303 10.1821 9.9124 
v = 20.3459 18.2591 18.2591 18.2591 18.2591 18.2591 18.2591 18.2591 17.0009 17.0009 17.0009 17.0009 17.0009 17.0009 17.0009 15.5502 15.5502 15.5502 15.5502 15.5502 15.5502 15.5502 14.1302 28.1118 28.1118 63.5286 14.6056 
