ExternalI = 5.5000 0.0000 0.0000 0.0000 0.0000 0.0000 0.0000 0.0000 4.0000 4.0000 4.0000 4.0000 4.0000 4.0000 4.0000 0.0000 0.0000 0.0000 0.0000 0.0000 0.0000 0.0000 0.0000 8.0000 8.0000 0.0000 0.0000 
before u = 8.5000 8.3908 8.3908 8.3908 8.3908 8.3908 8.3908 8.3908 8.3389 8.3389 8.3389 8.3389 8.3389 8.3389 8.3389 8.2859 8.2859 8.2859 8.2859 8.2859 8.2859 8.2859 8.2388 10.7966 10.7966 11.3619 9.3191 
before v = 33.3576 25.7537 25.7537 25.7537 25.7537 25.7537 25.7537 25.7537 22.6629 22.6629 22.6629 22.6629 22.6629 22.6629 22.6629 19.6682 19.6682 19.6682 19.6682 19.6682 19.6682 19.6682 17.0962 59.0857 59.0857 124.1467 24.5311 
Ibias = 9.4000 9.4000 9.4000 9.4000 9.4000 9.4000 9.4000 9.4000 2.0000 2.0000 2.0000 2.0000 2.0000 2.0000 2.0000 2.0000 2.0000 2.0000 2.0000 2.0000 2.0000 2.0000 -2.0000 16.0000 16.0000 10.0000 -11.0000 
fa1 = 0.8363 0.2783 0.2783 0.2783 0.2783 0.2783 0.2783 0.2783 0.2166 0.2166 0.2166 0.2166 0.2166 0.2166 0.2166 0.1830 0.1830 0.1830 0.1830 0.1830 0.1830 0.1830 0.1639 37.4266 37.4266 302.6939 1.5960 
fa2 = 0.8360 0.2781 0.2781 0.2781 0.2781 0.2781 0.2781 0.2781 0.2166 0.2166 0.2166 0.2166 0.2166 0.2166 0.2166 0.1830 0.1830 0.1830 0.1830 0.1830 0.1830 0.1830 0.1638 37.7510 37.7510 313.2751 1.5882 
fa3 = 0.8360 0.2781 0.2781 0.2781 0.2781 0.2781 0.2781 0.2781 0.2166 0.2166 0.2166 0.2166 0.2166 0.2166 0.2166 0.1830 0.1830 0.1830 0.1830 0.1830 0.1830 0.1830 0.1638 37.7538 37.7538 313.6484 1.5882 
fa4 = 0.8356 0.2780 0.2780 0.2780 0.2780 0.2780 0.2780 0.2780 0.2165 0.2165 0.2165 0.2165 0.2165 0.2165 0.2165 0.1829 0.1829 0.1829 0.1829 0.1829 0.1829 0.1829 0.1638 38.0840 38.0840 324.8259 1.5804 
fb1 = -0.2066 -0.2326 -0.2326 -0.2326 -0.2326 -0.2326 -0.2326 -0.2326 -0.2429 -0.2429 -0.2429 -0.2429 -0.2429 -0.2429 -0.2429 -0.2528 -0.2528 -0.2528 -0.2528 -0.2528 -0.2528 -0.2528 -0.2612 0.0204 0.0204 0.2693 -0.0883 
fb2 = -0.2065 -0.2326 -0.2326 -0.2326 -0.2326 -0.2326 -0.2326 -0.2326 -0.2429 -0.2429 -0.2429 -0.2429 -0.2429 -0.2429 -0.2429 -0.2527 -0.2527 -0.2527 -0.2527 -0.2527 -0.2527 -0.2527 -0.2611 0.0212 0.0212 0.2754 -0.0882 
fb3 = -0.2065 -0.2326 -0.2326 -0.2326 -0.2326 -0.2326 -0.2326 -0.2326 -0.2429 -0.2429 -0.2429 -0.2429 -0.2429 -0.2429 -0.2429 -0.2527 -0.2527 -0.2527 -0.2527 -0.2527 -0.2527 -0.2527 -0.2611 0.0212 0.0212 0.2756 -0.0882 
fb4 = -0.2065 -0.2325 -0.2325 -0.2325 -0.2325 -0.2325 -0.2325 -0.2325 -0.2428 -0.2428 -0.2428 -0.2428 -0.2428 -0.2428 -0.2428 -0.2527 -0.2527 -0.2527 -0.2527 -0.2527 -0.2527 -0.2527 -0.2611 0.0219 0.0219 0.2818 -0.0882 
I = 14.9000 9.4000 9.4000 9.4000 9.4000 9.4000 9.4000 9.4000 6.0000 6.0000 6.0000 6.0000 6.0000 6.0000 6.0000 2.0000 2.0000 2.0000 2.0000 2.0000 2.0000 2.0000 -2.0000 25.8355 25.8355 10.0000 0.4374 
S1 = 0.0000 0.0000 0.0000 0.0000 0.0000 0.0000 0.0000 0.0000 0.0000 0.0000 0.0000 0.0000 0.0000 0.0000 0.0000 0.0000 0.0000 0.0000 0.0000 0.0000 0.0000 0.0000 0.0000 0.0000 0.0000 0.0000 0.0000 
S2 = 0.0000 0.0000 0.0000 0.0000 0.0000 0.0000 0.0000 0.0000 0.0000 0.0000 0.0000 0.0000 0.0000 0.0000 0.0000 0.0000 0.0000 0.0000 0.0000 0.0000 0.0000 0.0000 0.0000 1.8355 1.8355 0.0000 11.4374 
u = 8.4980 8.3885 8.3885 8.3885 8.3885 8.3885 8.3885 8.3885 8.3365 8.3365 8.3365 8.3365 8.3365 8.3365 8.3365 8.2834 8.2834 8.2834 8.2834 8.2834 8.2834 8.2834 8.2362 10.7969 10.7969 11.3647 9.3182 
v = 33.3659 25.7564 25.7564 25.7564 25.7564 25.7564 25.7564 25.7564 22.6651 22.6651 22.6651 22.6651 22.6651 22.6651 22.6651 19.6700 19.6700 19.6700 19.6700 19.6700 19.6700 19.6700 17.0978 59.4632 59.4632 127.2823 24.5470 
