ExternalI = 5.5000 0.0000 0.0000 0.0000 0.0000 0.0000 0.0000 0.0000 4.0000 4.0000 4.0000 4.0000 4.0000 4.0000 4.0000 0.0000 0.0000 0.0000 0.0000 0.0000 0.0000 0.0000 0.0000 8.0000 8.0000 0.0000 0.0000 
before u = 8.4980 8.3885 8.3885 8.3885 8.3885 8.3885 8.3885 8.3885 8.3365 8.3365 8.3365 8.3365 8.3365 8.3365 8.3365 8.2834 8.2834 8.2834 8.2834 8.2834 8.2834 8.2834 8.2362 10.7969 10.7969 11.3647 9.3182 
before v = 33.3659 25.7564 25.7564 25.7564 25.7564 25.7564 25.7564 25.7564 22.6651 22.6651 22.6651 22.6651 22.6651 22.6651 22.6651 19.6700 19.6700 19.6700 19.6700 19.6700 19.6700 19.6700 17.0978 59.4632 59.4632 127.2823 24.5470 
Ibias = 9.4000 9.4000 9.4000 9.4000 9.4000 9.4000 9.4000 9.4000 2.0000 2.0000 2.0000 2.0000 2.0000 2.0000 2.0000 2.0000 2.0000 2.0000 2.0000 2.0000 2.0000 2.0000 -2.0000 16.0000 16.0000 10.0000 -11.0000 
fa1 = 0.8356 0.2780 0.2780 0.2780 0.2780 0.2780 0.2780 0.2780 0.2165 0.2165 0.2165 0.2165 0.2165 0.2165 0.2165 0.1829 0.1829 0.1829 0.1829 0.1829 0.1829 0.1829 0.1638 38.0803 38.0803 324.8196 1.5576 
fa2 = 0.8353 0.2778 0.2778 0.2778 0.2778 0.2778 0.2778 0.2778 0.2164 0.2164 0.2164 0.2164 0.2164 0.2164 0.2164 0.1829 0.1829 0.1829 0.1829 0.1829 0.1829 0.1829 0.1638 38.4162 38.4162 336.5890 1.5499 
fa3 = 0.8353 0.2778 0.2778 0.2778 0.2778 0.2778 0.2778 0.2778 0.2164 0.2164 0.2164 0.2164 0.2164 0.2164 0.2164 0.1829 0.1829 0.1829 0.1829 0.1829 0.1829 0.1829 0.1638 38.4192 38.4192 337.0194 1.5500 
fa4 = 0.8349 0.2777 0.2777 0.2777 0.2777 0.2777 0.2777 0.2777 0.2163 0.2163 0.2163 0.2163 0.2163 0.2163 0.2163 0.1829 0.1829 0.1829 0.1829 0.1829 0.1829 0.1829 0.1638 38.7611 38.7611 349.4778 1.5424 
fb1 = -0.2065 -0.2325 -0.2325 -0.2325 -0.2325 -0.2325 -0.2325 -0.2325 -0.2428 -0.2428 -0.2428 -0.2428 -0.2428 -0.2428 -0.2428 -0.2527 -0.2527 -0.2527 -0.2527 -0.2527 -0.2527 -0.2527 -0.2611 0.0219 0.0219 0.2818 -0.0882 
fb2 = -0.2064 -0.2325 -0.2325 -0.2325 -0.2325 -0.2325 -0.2325 -0.2325 -0.2427 -0.2427 -0.2427 -0.2427 -0.2427 -0.2427 -0.2427 -0.2526 -0.2526 -0.2526 -0.2526 -0.2526 -0.2526 -0.2526 -0.2610 0.0227 0.0227 0.2883 -0.0881 
fb3 = -0.2064 -0.2325 -0.2325 -0.2325 -0.2325 -0.2325 -0.2325 -0.2325 -0.2427 -0.2427 -0.2427 -0.2427 -0.2427 -0.2427 -0.2427 -0.2526 -0.2526 -0.2526 -0.2526 -0.2526 -0.2526 -0.2526 -0.2610 0.0227 0.0227 0.2885 -0.0881 
fb4 = -0.2063 -0.2324 -0.2324 -0.2324 -0.2324 -0.2324 -0.2324 -0.2324 -0.2427 -0.2427 -0.2427 -0.2427 -0.2427 -0.2427 -0.2427 -0.2525 -0.2525 -0.2525 -0.2525 -0.2525 -0.2525 -0.2525 -0.2609 0.0234 0.0234 0.2953 -0.0881 
I = 14.9000 9.4000 9.4000 9.4000 9.4000 9.4000 9.4000 9.4000 6.0000 6.0000 6.0000 6.0000 6.0000 6.0000 6.0000 2.0000 2.0000 2.0000 2.0000 2.0000 2.0000 2.0000 -2.0000 25.8318 25.8318 10.0000 0.4145 
S1 = 0.0000 0.0000 0.0000 0.0000 0.0000 0.0000 0.0000 0.0000 0.0000 0.0000 0.0000 0.0000 0.0000 0.0000 0.0000 0.0000 0.0000 0.0000 0.0000 0.0000 0.0000 0.0000 0.0000 0.0000 0.0000 0.0000 0.0000 
S2 = 0.0000 0.0000 0.0000 0.0000 0.0000 0.0000 0.0000 0.0000 0.0000 0.0000 0.0000 0.0000 0.0000 0.0000 0.0000 0.0000 0.0000 0.0000 0.0000 0.0000 0.0000 0.0000 0.0000 1.8318 1.8318 0.0000 11.4145 
u = 8.4959 8.3861 8.3861 8.3861 8.3861 8.3861 8.3861 8.3861 8.3340 8.3340 8.3340 8.3340 8.3340 8.3340 8.3340 8.2808 8.2808 8.2808 8.2808 8.2808 8.2808 8.2808 8.2335 10.7971 10.7971 11.3675 9.3173 
v = 33.3743 25.7592 25.7592 25.7592 25.7592 25.7592 25.7592 25.7592 22.6673 22.6673 22.6673 22.6673 22.6673 22.6673 22.6673 19.6719 19.6719 19.6719 19.6719 19.6719 19.6719 19.6719 17.0995 59.8474 59.8474 130.6515 24.5625 
