ExternalI = 5.5000 0.0000 0.0000 0.0000 0.0000 0.0000 0.0000 0.0000 4.0000 4.0000 4.0000 4.0000 4.0000 4.0000 4.0000 0.0000 0.0000 0.0000 0.0000 0.0000 0.0000 0.0000 0.0000 8.0000 8.0000 0.0000 0.0000 
before u = 8.4959 8.3861 8.3861 8.3861 8.3861 8.3861 8.3861 8.3861 8.3340 8.3340 8.3340 8.3340 8.3340 8.3340 8.3340 8.2808 8.2808 8.2808 8.2808 8.2808 8.2808 8.2808 8.2335 10.7971 10.7971 11.4675 9.3173 
before v = 33.3743 25.7592 25.7592 25.7592 25.7592 25.7592 25.7592 25.7592 22.6673 22.6673 22.6673 22.6673 22.6673 22.6673 22.6673 19.6719 19.6719 19.6719 19.6719 19.6719 19.6719 19.6719 17.0995 59.8474 59.8474 60.5000 24.5625 
Ibias = 9.4000 9.4000 9.4000 9.4000 9.4000 9.4000 9.4000 9.4000 2.0000 2.0000 2.0000 2.0000 2.0000 2.0000 2.0000 2.0000 2.0000 2.0000 2.0000 2.0000 2.0000 2.0000 -2.0000 16.0000 16.0000 10.0000 -11.0000 
fa1 = 0.8349 0.2777 0.2777 0.2777 0.2777 0.2777 0.2777 0.2777 0.2163 0.2163 0.2163 0.2163 0.2163 0.2163 0.2163 0.1829 0.1829 0.1829 0.1829 0.1829 0.1829 0.1829 0.1638 38.7574 38.7574 23.4425 3.0196 
fa2 = 0.8346 0.2776 0.2776 0.2776 0.2776 0.2776 0.2776 0.2776 0.2163 0.2163 0.2163 0.2163 0.2163 0.2163 0.2163 0.1828 0.1828 0.1828 0.1828 0.1828 0.1828 0.1828 0.1637 39.1052 39.1052 23.6586 3.0044 
fa3 = 0.8346 0.2776 0.2776 0.2776 0.2776 0.2776 0.2776 0.2776 0.2163 0.2163 0.2163 0.2163 0.2163 0.2163 0.2163 0.1828 0.1828 0.1828 0.1828 0.1828 0.1828 0.1828 0.1637 39.1084 39.1084 23.6606 3.0045 
fa4 = 0.8343 0.2774 0.2774 0.2774 0.2774 0.2774 0.2774 0.2774 0.2162 0.2162 0.2162 0.2162 0.2162 0.2162 0.2162 0.1828 0.1828 0.1828 0.1828 0.1828 0.1828 0.1828 0.1637 39.4624 39.4624 23.8799 2.9894 
fb1 = -0.2063 -0.2324 -0.2324 -0.2324 -0.2324 -0.2324 -0.2324 -0.2324 -0.2427 -0.2427 -0.2427 -0.2427 -0.2427 -0.2427 -0.2427 -0.2525 -0.2525 -0.2525 -0.2525 -0.2525 -0.2525 -0.2525 -0.2609 0.0234 0.0234 0.0126 -0.0881 
fb2 = -0.2063 -0.2324 -0.2324 -0.2324 -0.2324 -0.2324 -0.2324 -0.2324 -0.2426 -0.2426 -0.2426 -0.2426 -0.2426 -0.2426 -0.2426 -0.2525 -0.2525 -0.2525 -0.2525 -0.2525 -0.2525 -0.2525 -0.2609 0.0242 0.0242 0.0131 -0.0880 
fb3 = -0.2063 -0.2324 -0.2324 -0.2324 -0.2324 -0.2324 -0.2324 -0.2324 -0.2426 -0.2426 -0.2426 -0.2426 -0.2426 -0.2426 -0.2426 -0.2525 -0.2525 -0.2525 -0.2525 -0.2525 -0.2525 -0.2525 -0.2609 0.0242 0.0242 0.0131 -0.0880 
fb4 = -0.2062 -0.2323 -0.2323 -0.2323 -0.2323 -0.2323 -0.2323 -0.2323 -0.2426 -0.2426 -0.2426 -0.2426 -0.2426 -0.2426 -0.2426 -0.2524 -0.2524 -0.2524 -0.2524 -0.2524 -0.2524 -0.2524 -0.2608 0.0250 0.0250 0.0136 -0.0880 
I = 14.9000 9.4000 9.4000 9.4000 9.4000 9.4000 9.4000 9.4000 6.0000 6.0000 6.0000 6.0000 6.0000 6.0000 6.0000 2.0000 2.0000 2.0000 2.0000 2.0000 2.0000 2.0000 -2.0000 25.8282 25.8282 10.0000 1.8917 
S1 = 0.0000 0.0000 0.0000 0.0000 0.0000 0.0000 0.0000 0.0000 0.0000 0.0000 0.0000 0.0000 0.0000 0.0000 0.0000 0.0000 0.0000 0.0000 0.0000 0.0000 0.0000 0.0000 0.0000 0.0000 0.0000 0.0000 0.0000 
S2 = 0.0000 0.0000 0.0000 0.0000 0.0000 0.0000 0.0000 0.0000 0.0000 0.0000 0.0000 0.0000 0.0000 0.0000 0.0000 0.0000 0.0000 0.0000 0.0000 0.0000 0.0000 0.0000 0.0000 1.8282 1.8282 0.0000 12.8917 
u = 8.4938 8.3838 8.3838 8.3838 8.3838 8.3838 8.3838 8.3838 8.3316 8.3316 8.3316 8.3316 8.3316 8.3316 8.3316 8.2783 8.2783 8.2783 8.2783 8.2783 8.2783 8.2783 8.2309 10.7973 10.7973 11.4677 9.3165 
v = 33.3826 25.7620 25.7620 25.7620 25.7620 25.7620 25.7620 25.7620 22.6694 22.6694 22.6694 22.6694 22.6694 22.6694 22.6694 19.6737 19.6737 19.6737 19.6737 19.6737 19.6737 19.6737 17.1011 60.2385 60.2385 60.7366 24.5925 
