ExternalI = 5.5000 0.0000 0.0000 0.0000 0.0000 0.0000 0.0000 0.0000 4.0000 4.0000 4.0000 4.0000 4.0000 4.0000 4.0000 0.0000 0.0000 0.0000 0.0000 0.0000 0.0000 0.0000 0.0000 8.0000 8.0000 0.0000 0.0000 
before u = 8.4938 8.3838 8.3838 8.3838 8.3838 8.3838 8.3838 8.3838 8.3316 8.3316 8.3316 8.3316 8.3316 8.3316 8.3316 8.2783 8.2783 8.2783 8.2783 8.2783 8.2783 8.2783 8.2309 10.7973 10.7973 11.4677 9.3165 
before v = 33.3826 25.7620 25.7620 25.7620 25.7620 25.7620 25.7620 25.7620 22.6694 22.6694 22.6694 22.6694 22.6694 22.6694 22.6694 19.6737 19.6737 19.6737 19.6737 19.6737 19.6737 19.6737 17.1011 60.2385 60.2385 60.7366 24.5925 
Ibias = 9.4000 9.4000 9.4000 9.4000 9.4000 9.4000 9.4000 9.4000 2.0000 2.0000 2.0000 2.0000 2.0000 2.0000 2.0000 2.0000 2.0000 2.0000 2.0000 2.0000 2.0000 2.0000 -2.0000 16.0000 16.0000 10.0000 -11.0000 
fa1 = 0.8343 0.2774 0.2774 0.2774 0.2774 0.2774 0.2774 0.2774 0.2162 0.2162 0.2162 0.2162 0.2162 0.2162 0.2162 0.1828 0.1828 0.1828 0.1828 0.1828 0.1828 0.1828 0.1637 39.4588 39.4588 23.8799 2.9636 
fa2 = 0.8339 0.2773 0.2773 0.2773 0.2773 0.2773 0.2773 0.2773 0.2161 0.2161 0.2161 0.2161 0.2161 0.2161 0.2161 0.1827 0.1827 0.1827 0.1827 0.1827 0.1827 0.1827 0.1637 39.8191 39.8191 24.1024 2.9488 
fa3 = 0.8339 0.2773 0.2773 0.2773 0.2773 0.2773 0.2773 0.2773 0.2161 0.2161 0.2161 0.2161 0.2161 0.2161 0.2161 0.1827 0.1827 0.1827 0.1827 0.1827 0.1827 0.1827 0.1637 39.8224 39.8224 24.1045 2.9488 
fa4 = 0.8336 0.2771 0.2771 0.2771 0.2771 0.2771 0.2771 0.2771 0.2161 0.2161 0.2161 0.2161 0.2161 0.2161 0.2161 0.1827 0.1827 0.1827 0.1827 0.1827 0.1827 0.1827 0.1636 40.1893 40.1893 24.3302 2.9341 
fb1 = -0.2062 -0.2323 -0.2323 -0.2323 -0.2323 -0.2323 -0.2323 -0.2323 -0.2426 -0.2426 -0.2426 -0.2426 -0.2426 -0.2426 -0.2426 -0.2524 -0.2524 -0.2524 -0.2524 -0.2524 -0.2524 -0.2524 -0.2608 0.0250 0.0250 0.0136 -0.0880 
fb2 = -0.2062 -0.2323 -0.2323 -0.2323 -0.2323 -0.2323 -0.2323 -0.2323 -0.2425 -0.2425 -0.2425 -0.2425 -0.2425 -0.2425 -0.2425 -0.2524 -0.2524 -0.2524 -0.2524 -0.2524 -0.2524 -0.2524 -0.2608 0.0258 0.0258 0.0141 -0.0879 
fb3 = -0.2062 -0.2323 -0.2323 -0.2323 -0.2323 -0.2323 -0.2323 -0.2323 -0.2425 -0.2425 -0.2425 -0.2425 -0.2425 -0.2425 -0.2425 -0.2524 -0.2524 -0.2524 -0.2524 -0.2524 -0.2524 -0.2524 -0.2608 0.0258 0.0258 0.0141 -0.0879 
fb4 = -0.2061 -0.2322 -0.2322 -0.2322 -0.2322 -0.2322 -0.2322 -0.2322 -0.2425 -0.2425 -0.2425 -0.2425 -0.2425 -0.2425 -0.2425 -0.2523 -0.2523 -0.2523 -0.2523 -0.2523 -0.2523 -0.2523 -0.2607 0.0266 0.0266 0.0146 -0.0878 
I = 14.9000 9.4000 9.4000 9.4000 9.4000 9.4000 9.4000 9.4000 6.0000 6.0000 6.0000 6.0000 6.0000 6.0000 6.0000 2.0000 2.0000 2.0000 2.0000 2.0000 2.0000 2.0000 -2.0000 25.8245 25.8245 10.0000 1.8659 
S1 = 0.0000 0.0000 0.0000 0.0000 0.0000 0.0000 0.0000 0.0000 0.0000 0.0000 0.0000 0.0000 0.0000 0.0000 0.0000 0.0000 0.0000 0.0000 0.0000 0.0000 0.0000 0.0000 0.0000 0.0000 0.0000 0.0000 0.0000 
S2 = 0.0000 0.0000 0.0000 0.0000 0.0000 0.0000 0.0000 0.0000 0.0000 0.0000 0.0000 0.0000 0.0000 0.0000 0.0000 0.0000 0.0000 0.0000 0.0000 0.0000 0.0000 0.0000 0.0000 1.8245 1.8245 0.0000 12.8659 
u = 8.4918 8.3815 8.3815 8.3815 8.3815 8.3815 8.3815 8.3815 8.3292 8.3292 8.3292 8.3292 8.3292 8.3292 8.3292 8.2758 8.2758 8.2758 8.2758 8.2758 8.2758 8.2758 8.2283 10.7976 10.7976 11.4678 9.3156 
v = 33.3910 25.7648 25.7648 25.7648 25.7648 25.7648 25.7648 25.7648 22.6716 22.6716 22.6716 22.6716 22.6716 22.6716 22.6716 19.6755 19.6755 19.6755 19.6755 19.6755 19.6755 19.6755 17.1027 60.6367 60.6367 60.9776 24.6220 
