ExternalI = 5.5000 0.0000 0.0000 0.0000 0.0000 0.0000 0.0000 0.0000 4.0000 4.0000 4.0000 4.0000 4.0000 4.0000 4.0000 0.0000 0.0000 0.0000 0.0000 0.0000 0.0000 0.0000 0.0000 8.0000 8.0000 0.0000 0.0000 
before u = 8.4918 8.3815 8.3815 8.3815 8.3815 8.3815 8.3815 8.3815 8.3292 8.3292 8.3292 8.3292 8.3292 8.3292 8.3292 8.2758 8.2758 8.2758 8.2758 8.2758 8.2758 8.2758 8.2283 10.7976 10.7976 11.4678 9.3156 
before v = 33.3910 25.7648 25.7648 25.7648 25.7648 25.7648 25.7648 25.7648 22.6716 22.6716 22.6716 22.6716 22.6716 22.6716 22.6716 19.6755 19.6755 19.6755 19.6755 19.6755 19.6755 19.6755 17.1027 60.6367 60.6367 60.9776 24.6220 
Ibias = 9.4000 9.4000 9.4000 9.4000 9.4000 9.4000 9.4000 9.4000 2.0000 2.0000 2.0000 2.0000 2.0000 2.0000 2.0000 2.0000 2.0000 2.0000 2.0000 2.0000 2.0000 2.0000 -2.0000 16.0000 16.0000 10.0000 -11.0000 
fa1 = 0.8336 0.2771 0.2771 0.2771 0.2771 0.2771 0.2771 0.2771 0.2161 0.2161 0.2161 0.2161 0.2161 0.2161 0.2161 0.1827 0.1827 0.1827 0.1827 0.1827 0.1827 0.1827 0.1636 40.1856 40.1856 24.3302 2.9083 
fa2 = 0.8332 0.2770 0.2770 0.2770 0.2770 0.2770 0.2770 0.2770 0.2160 0.2160 0.2160 0.2160 0.2160 0.2160 0.2160 0.1826 0.1826 0.1826 0.1826 0.1826 0.1826 0.1826 0.1636 40.5590 40.5590 24.5592 2.8938 
fa3 = 0.8332 0.2770 0.2770 0.2770 0.2770 0.2770 0.2770 0.2770 0.2160 0.2160 0.2160 0.2160 0.2160 0.2160 0.2160 0.1826 0.1826 0.1826 0.1826 0.1826 0.1826 0.1826 0.1636 40.5625 40.5625 24.5613 2.8939 
fa4 = 0.8329 0.2769 0.2769 0.2769 0.2769 0.2769 0.2769 0.2769 0.2159 0.2159 0.2159 0.2159 0.2159 0.2159 0.2159 0.1826 0.1826 0.1826 0.1826 0.1826 0.1826 0.1826 0.1636 40.9427 40.9427 24.7938 2.8794 
fb1 = -0.2061 -0.2322 -0.2322 -0.2322 -0.2322 -0.2322 -0.2322 -0.2322 -0.2425 -0.2425 -0.2425 -0.2425 -0.2425 -0.2425 -0.2425 -0.2523 -0.2523 -0.2523 -0.2523 -0.2523 -0.2523 -0.2523 -0.2607 0.0266 0.0266 0.0146 -0.0878 
fb2 = -0.2060 -0.2321 -0.2321 -0.2321 -0.2321 -0.2321 -0.2321 -0.2321 -0.2424 -0.2424 -0.2424 -0.2424 -0.2424 -0.2424 -0.2424 -0.2523 -0.2523 -0.2523 -0.2523 -0.2523 -0.2523 -0.2523 -0.2607 0.0274 0.0274 0.0150 -0.0878 
fb3 = -0.2060 -0.2321 -0.2321 -0.2321 -0.2321 -0.2321 -0.2321 -0.2321 -0.2424 -0.2424 -0.2424 -0.2424 -0.2424 -0.2424 -0.2424 -0.2523 -0.2523 -0.2523 -0.2523 -0.2523 -0.2523 -0.2523 -0.2607 0.0274 0.0274 0.0150 -0.0878 
fb4 = -0.2060 -0.2321 -0.2321 -0.2321 -0.2321 -0.2321 -0.2321 -0.2321 -0.2424 -0.2424 -0.2424 -0.2424 -0.2424 -0.2424 -0.2424 -0.2522 -0.2522 -0.2522 -0.2522 -0.2522 -0.2522 -0.2522 -0.2606 0.0282 0.0282 0.0155 -0.0877 
I = 14.9000 9.4000 9.4000 9.4000 9.4000 9.4000 9.4000 9.4000 6.0000 6.0000 6.0000 6.0000 6.0000 6.0000 6.0000 2.0000 2.0000 2.0000 2.0000 2.0000 2.0000 2.0000 -2.0000 25.8209 25.8209 10.0000 1.8402 
S1 = 0.0000 0.0000 0.0000 0.0000 0.0000 0.0000 0.0000 0.0000 0.0000 0.0000 0.0000 0.0000 0.0000 0.0000 0.0000 0.0000 0.0000 0.0000 0.0000 0.0000 0.0000 0.0000 0.0000 0.0000 0.0000 0.0000 0.0000 
S2 = 0.0000 0.0000 0.0000 0.0000 0.0000 0.0000 0.0000 0.0000 0.0000 0.0000 0.0000 0.0000 0.0000 0.0000 0.0000 0.0000 0.0000 0.0000 0.0000 0.0000 0.0000 0.0000 0.0000 1.8209 1.8209 0.0000 12.8402 
u = 8.4897 8.3792 8.3792 8.3792 8.3792 8.3792 8.3792 8.3792 8.3268 8.3268 8.3268 8.3268 8.3268 8.3268 8.3268 8.2733 8.2733 8.2733 8.2733 8.2733 8.2733 8.2733 8.2257 10.7979 10.7979 11.4680 9.3147 
v = 33.3993 25.7675 25.7675 25.7675 25.7675 25.7675 25.7675 25.7675 22.6738 22.6738 22.6738 22.6738 22.6738 22.6738 22.6738 19.6774 19.6774 19.6774 19.6774 19.6774 19.6774 19.6774 17.1044 61.0424 61.0424 61.2232 24.6509 
