ExternalI = 5.5000 0.0000 0.0000 0.0000 0.0000 0.0000 0.0000 0.0000 4.0000 4.0000 4.0000 4.0000 4.0000 4.0000 4.0000 0.0000 0.0000 0.0000 0.0000 0.0000 0.0000 0.0000 0.0000 8.0000 8.0000 0.0000 0.0000 
before u = 8.4897 8.3792 8.3792 8.3792 8.3792 8.3792 8.3792 8.3792 8.3268 8.3268 8.3268 8.3268 8.3268 8.3268 8.3268 8.2733 8.2733 8.2733 8.2733 8.2733 8.2733 8.2733 8.2257 10.7979 10.7979 11.4680 9.3147 
before v = 33.3993 25.7675 25.7675 25.7675 25.7675 25.7675 25.7675 25.7675 22.6738 22.6738 22.6738 22.6738 22.6738 22.6738 22.6738 19.6774 19.6774 19.6774 19.6774 19.6774 19.6774 19.6774 17.1044 61.0424 61.0424 61.2232 24.6509 
Ibias = 9.4000 9.4000 9.4000 9.4000 9.4000 9.4000 9.4000 9.4000 2.0000 2.0000 2.0000 2.0000 2.0000 2.0000 2.0000 2.0000 2.0000 2.0000 2.0000 2.0000 2.0000 2.0000 -2.0000 16.0000 16.0000 10.0000 -11.0000 
fa1 = 0.8329 0.2769 0.2769 0.2769 0.2769 0.2769 0.2769 0.2769 0.2159 0.2159 0.2159 0.2159 0.2159 0.2159 0.2159 0.1826 0.1826 0.1826 0.1826 0.1826 0.1826 0.1826 0.1636 40.9390 40.9390 24.7937 2.8538 
fa2 = 0.8326 0.2767 0.2767 0.2767 0.2767 0.2767 0.2767 0.2767 0.2159 0.2159 0.2159 0.2159 0.2159 0.2159 0.2159 0.1826 0.1826 0.1826 0.1826 0.1826 0.1826 0.1826 0.1635 41.3261 41.3261 25.0296 2.8395 
fa3 = 0.8326 0.2767 0.2767 0.2767 0.2767 0.2767 0.2767 0.2767 0.2159 0.2159 0.2159 0.2159 0.2159 0.2159 0.2159 0.1826 0.1826 0.1826 0.1826 0.1826 0.1826 0.1826 0.1635 41.3298 41.3298 25.0318 2.8396 
fa4 = 0.8322 0.2766 0.2766 0.2766 0.2766 0.2766 0.2766 0.2766 0.2158 0.2158 0.2158 0.2158 0.2158 0.2158 0.2158 0.1825 0.1825 0.1825 0.1825 0.1825 0.1825 0.1825 0.1635 41.7240 41.7240 25.2712 2.8255 
fb1 = -0.2060 -0.2321 -0.2321 -0.2321 -0.2321 -0.2321 -0.2321 -0.2321 -0.2424 -0.2424 -0.2424 -0.2424 -0.2424 -0.2424 -0.2424 -0.2522 -0.2522 -0.2522 -0.2522 -0.2522 -0.2522 -0.2522 -0.2606 0.0282 0.0282 0.0155 -0.0877 
fb2 = -0.2059 -0.2320 -0.2320 -0.2320 -0.2320 -0.2320 -0.2320 -0.2320 -0.2423 -0.2423 -0.2423 -0.2423 -0.2423 -0.2423 -0.2423 -0.2522 -0.2522 -0.2522 -0.2522 -0.2522 -0.2522 -0.2522 -0.2606 0.0290 0.0290 0.0160 -0.0876 
fb3 = -0.2059 -0.2320 -0.2320 -0.2320 -0.2320 -0.2320 -0.2320 -0.2320 -0.2423 -0.2423 -0.2423 -0.2423 -0.2423 -0.2423 -0.2423 -0.2522 -0.2522 -0.2522 -0.2522 -0.2522 -0.2522 -0.2522 -0.2606 0.0290 0.0290 0.0160 -0.0876 
fb4 = -0.2059 -0.2320 -0.2320 -0.2320 -0.2320 -0.2320 -0.2320 -0.2320 -0.2423 -0.2423 -0.2423 -0.2423 -0.2423 -0.2423 -0.2423 -0.2521 -0.2521 -0.2521 -0.2521 -0.2521 -0.2521 -0.2521 -0.2605 0.0299 0.0299 0.0165 -0.0876 
I = 14.9000 9.4000 9.4000 9.4000 9.4000 9.4000 9.4000 9.4000 6.0000 6.0000 6.0000 6.0000 6.0000 6.0000 6.0000 2.0000 2.0000 2.0000 2.0000 2.0000 2.0000 2.0000 -2.0000 25.8172 25.8172 10.0000 1.8145 
S1 = 0.0000 0.0000 0.0000 0.0000 0.0000 0.0000 0.0000 0.0000 0.0000 0.0000 0.0000 0.0000 0.0000 0.0000 0.0000 0.0000 0.0000 0.0000 0.0000 0.0000 0.0000 0.0000 0.0000 0.0000 0.0000 0.0000 0.0000 
S2 = 0.0000 0.0000 0.0000 0.0000 0.0000 0.0000 0.0000 0.0000 0.0000 0.0000 0.0000 0.0000 0.0000 0.0000 0.0000 0.0000 0.0000 0.0000 0.0000 0.0000 0.0000 0.0000 0.0000 1.8172 1.8172 0.0000 12.8145 
u = 8.4877 8.3769 8.3769 8.3769 8.3769 8.3769 8.3769 8.3769 8.3243 8.3243 8.3243 8.3243 8.3243 8.3243 8.3243 8.2707 8.2707 8.2707 8.2707 8.2707 8.2707 8.2707 8.2231 10.7981 10.7981 11.4681 9.3138 
v = 33.4076 25.7703 25.7703 25.7703 25.7703 25.7703 25.7703 25.7703 22.6759 22.6759 22.6759 22.6759 22.6759 22.6759 22.6759 19.6792 19.6792 19.6792 19.6792 19.6792 19.6792 19.6792 17.1060 61.4556 61.4556 61.4736 24.6793 
