ExternalI = 5.5000 0.0000 0.0000 0.0000 0.0000 0.0000 0.0000 0.0000 4.0000 4.0000 4.0000 4.0000 4.0000 4.0000 4.0000 0.0000 0.0000 0.0000 0.0000 0.0000 0.0000 0.0000 0.0000 8.0000 8.0000 0.0000 0.0000 
before u = 8.4877 8.3769 8.3769 8.3769 8.3769 8.3769 8.3769 8.3769 8.3243 8.3243 8.3243 8.3243 8.3243 8.3243 8.3243 8.2707 8.2707 8.2707 8.2707 8.2707 8.2707 8.2707 8.2231 10.7981 10.7981 11.4681 9.3138 
before v = 33.4076 25.7703 25.7703 25.7703 25.7703 25.7703 25.7703 25.7703 22.6759 22.6759 22.6759 22.6759 22.6759 22.6759 22.6759 19.6792 19.6792 19.6792 19.6792 19.6792 19.6792 19.6792 17.1060 61.4556 61.4556 61.4736 24.6793 
Ibias = 9.4000 9.4000 9.4000 9.4000 9.4000 9.4000 9.4000 9.4000 2.0000 2.0000 2.0000 2.0000 2.0000 2.0000 2.0000 2.0000 2.0000 2.0000 2.0000 2.0000 2.0000 2.0000 -2.0000 16.0000 16.0000 10.0000 -11.0000 
fa1 = 0.8322 0.2766 0.2766 0.2766 0.2766 0.2766 0.2766 0.2766 0.2158 0.2158 0.2158 0.2158 0.2158 0.2158 0.2158 0.1825 0.1825 0.1825 0.1825 0.1825 0.1825 0.1825 0.1635 41.7203 41.7203 25.2711 2.7999 
fa2 = 0.8319 0.2764 0.2764 0.2764 0.2764 0.2764 0.2764 0.2764 0.2157 0.2157 0.2157 0.2157 0.2157 0.2157 0.2157 0.1825 0.1825 0.1825 0.1825 0.1825 0.1825 0.1825 0.1635 42.1217 42.1217 25.5140 2.7859 
fa3 = 0.8319 0.2764 0.2764 0.2764 0.2764 0.2764 0.2764 0.2764 0.2157 0.2157 0.2157 0.2157 0.2157 0.2157 0.2157 0.1825 0.1825 0.1825 0.1825 0.1825 0.1825 0.1825 0.1635 42.1256 42.1256 25.5164 2.7860 
fa4 = 0.8316 0.2763 0.2763 0.2763 0.2763 0.2763 0.2763 0.2763 0.2157 0.2157 0.2157 0.2157 0.2157 0.2157 0.2157 0.1824 0.1824 0.1824 0.1824 0.1824 0.1824 0.1824 0.1634 42.5345 42.5345 25.7630 2.7722 
fb1 = -0.2059 -0.2320 -0.2320 -0.2320 -0.2320 -0.2320 -0.2320 -0.2320 -0.2423 -0.2423 -0.2423 -0.2423 -0.2423 -0.2423 -0.2423 -0.2521 -0.2521 -0.2521 -0.2521 -0.2521 -0.2521 -0.2521 -0.2605 0.0299 0.0299 0.0165 -0.0876 
fb2 = -0.2058 -0.2319 -0.2319 -0.2319 -0.2319 -0.2319 -0.2319 -0.2319 -0.2422 -0.2422 -0.2422 -0.2422 -0.2422 -0.2422 -0.2422 -0.2521 -0.2521 -0.2521 -0.2521 -0.2521 -0.2521 -0.2521 -0.2604 0.0307 0.0307 0.0170 -0.0875 
fb3 = -0.2058 -0.2319 -0.2319 -0.2319 -0.2319 -0.2319 -0.2319 -0.2319 -0.2422 -0.2422 -0.2422 -0.2422 -0.2422 -0.2422 -0.2422 -0.2521 -0.2521 -0.2521 -0.2521 -0.2521 -0.2521 -0.2521 -0.2604 0.0307 0.0307 0.0170 -0.0875 
fb4 = -0.2058 -0.2319 -0.2319 -0.2319 -0.2319 -0.2319 -0.2319 -0.2319 -0.2422 -0.2422 -0.2422 -0.2422 -0.2422 -0.2422 -0.2422 -0.2520 -0.2520 -0.2520 -0.2520 -0.2520 -0.2520 -0.2520 -0.2604 0.0315 0.0315 0.0175 -0.0874 
I = 14.9000 9.4000 9.4000 9.4000 9.4000 9.4000 9.4000 9.4000 6.0000 6.0000 6.0000 6.0000 6.0000 6.0000 6.0000 2.0000 2.0000 2.0000 2.0000 2.0000 2.0000 2.0000 -2.0000 25.8136 25.8136 10.0000 1.7889 
S1 = 0.0000 0.0000 0.0000 0.0000 0.0000 0.0000 0.0000 0.0000 0.0000 0.0000 0.0000 0.0000 0.0000 0.0000 0.0000 0.0000 0.0000 0.0000 0.0000 0.0000 0.0000 0.0000 0.0000 0.0000 0.0000 0.0000 0.0000 
S2 = 0.0000 0.0000 0.0000 0.0000 0.0000 0.0000 0.0000 0.0000 0.0000 0.0000 0.0000 0.0000 0.0000 0.0000 0.0000 0.0000 0.0000 0.0000 0.0000 0.0000 0.0000 0.0000 0.0000 1.8136 1.8136 0.0000 12.7889 
u = 8.4856 8.3745 8.3745 8.3745 8.3745 8.3745 8.3745 8.3745 8.3219 8.3219 8.3219 8.3219 8.3219 8.3219 8.3219 8.2682 8.2682 8.2682 8.2682 8.2682 8.2682 8.2682 8.2205 10.7985 10.7985 11.4683 9.3130 
v = 33.4159 25.7731 25.7731 25.7731 25.7731 25.7731 25.7731 25.7731 22.6781 22.6781 22.6781 22.6781 22.6781 22.6781 22.6781 19.6810 19.6810 19.6810 19.6810 19.6810 19.6810 19.6810 17.1076 61.8769 61.8769 61.7287 24.7072 
