ExternalI = 5.5000 0.0000 0.0000 0.0000 0.0000 0.0000 0.0000 0.0000 4.0000 4.0000 4.0000 4.0000 4.0000 4.0000 4.0000 0.0000 0.0000 0.0000 0.0000 0.0000 0.0000 0.0000 0.0000 8.0000 8.0000 0.0000 0.0000 
before u = 8.4856 8.3745 8.3745 8.3745 8.3745 8.3745 8.3745 8.3745 8.3219 8.3219 8.3219 8.3219 8.3219 8.3219 8.3219 8.2682 8.2682 8.2682 8.2682 8.2682 8.2682 8.2682 8.2205 10.7985 10.7985 11.4683 9.3130 
before v = 33.4159 25.7731 25.7731 25.7731 25.7731 25.7731 25.7731 25.7731 22.6781 22.6781 22.6781 22.6781 22.6781 22.6781 22.6781 19.6810 19.6810 19.6810 19.6810 19.6810 19.6810 19.6810 17.1076 61.8769 61.8769 61.7287 24.7072 
Ibias = 9.4000 9.4000 9.4000 9.4000 9.4000 9.4000 9.4000 9.4000 2.0000 2.0000 2.0000 2.0000 2.0000 2.0000 2.0000 2.0000 2.0000 2.0000 2.0000 2.0000 2.0000 2.0000 -2.0000 16.0000 16.0000 10.0000 -11.0000 
fa1 = 0.8316 0.2763 0.2763 0.2763 0.2763 0.2763 0.2763 0.2763 0.2157 0.2157 0.2157 0.2157 0.2157 0.2157 0.2157 0.1824 0.1824 0.1824 0.1824 0.1824 0.1824 0.1824 0.1634 42.5308 42.5308 25.7629 2.7466 
fa2 = 0.8312 0.2762 0.2762 0.2762 0.2762 0.2762 0.2762 0.2762 0.2156 0.2156 0.2156 0.2156 0.2156 0.2156 0.2156 0.1824 0.1824 0.1824 0.1824 0.1824 0.1824 0.1824 0.1634 42.9472 42.9472 26.0132 2.7330 
fa3 = 0.8312 0.2762 0.2762 0.2762 0.2762 0.2762 0.2762 0.2762 0.2156 0.2156 0.2156 0.2156 0.2156 0.2156 0.2156 0.1824 0.1824 0.1824 0.1824 0.1824 0.1824 0.1824 0.1634 42.9513 42.9513 26.0156 2.7331 
fa4 = 0.8309 0.2760 0.2760 0.2760 0.2760 0.2760 0.2760 0.2760 0.2155 0.2155 0.2155 0.2155 0.2155 0.2155 0.2155 0.1824 0.1824 0.1824 0.1824 0.1824 0.1824 0.1824 0.1634 43.3755 43.3755 26.2697 2.7195 
fb1 = -0.2058 -0.2319 -0.2319 -0.2319 -0.2319 -0.2319 -0.2319 -0.2319 -0.2422 -0.2422 -0.2422 -0.2422 -0.2422 -0.2422 -0.2422 -0.2520 -0.2520 -0.2520 -0.2520 -0.2520 -0.2520 -0.2520 -0.2604 0.0315 0.0315 0.0175 -0.0874 
fb2 = -0.2057 -0.2318 -0.2318 -0.2318 -0.2318 -0.2318 -0.2318 -0.2318 -0.2421 -0.2421 -0.2421 -0.2421 -0.2421 -0.2421 -0.2421 -0.2520 -0.2520 -0.2520 -0.2520 -0.2520 -0.2520 -0.2520 -0.2603 0.0324 0.0324 0.0181 -0.0874 
fb3 = -0.2057 -0.2318 -0.2318 -0.2318 -0.2318 -0.2318 -0.2318 -0.2318 -0.2421 -0.2421 -0.2421 -0.2421 -0.2421 -0.2421 -0.2421 -0.2520 -0.2520 -0.2520 -0.2520 -0.2520 -0.2520 -0.2520 -0.2603 0.0324 0.0324 0.0181 -0.0874 
fb4 = -0.2056 -0.2318 -0.2318 -0.2318 -0.2318 -0.2318 -0.2318 -0.2318 -0.2421 -0.2421 -0.2421 -0.2421 -0.2421 -0.2421 -0.2421 -0.2519 -0.2519 -0.2519 -0.2519 -0.2519 -0.2519 -0.2519 -0.2603 0.0333 0.0333 0.0186 -0.0873 
I = 14.9000 9.4000 9.4000 9.4000 9.4000 9.4000 9.4000 9.4000 6.0000 6.0000 6.0000 6.0000 6.0000 6.0000 6.0000 2.0000 2.0000 2.0000 2.0000 2.0000 2.0000 2.0000 -2.0000 25.8100 25.8100 10.0000 1.7633 
S1 = 0.0000 0.0000 0.0000 0.0000 0.0000 0.0000 0.0000 0.0000 0.0000 0.0000 0.0000 0.0000 0.0000 0.0000 0.0000 0.0000 0.0000 0.0000 0.0000 0.0000 0.0000 0.0000 0.0000 0.0000 0.0000 0.0000 0.0000 
S2 = 0.0000 0.0000 0.0000 0.0000 0.0000 0.0000 0.0000 0.0000 0.0000 0.0000 0.0000 0.0000 0.0000 0.0000 0.0000 0.0000 0.0000 0.0000 0.0000 0.0000 0.0000 0.0000 0.0000 1.8100 1.8100 0.0000 12.7633 
u = 8.4836 8.3722 8.3722 8.3722 8.3722 8.3722 8.3722 8.3722 8.3195 8.3195 8.3195 8.3195 8.3195 8.3195 8.3195 8.2657 8.2657 8.2657 8.2657 8.2657 8.2657 8.2657 8.2179 10.7988 10.7988 11.4685 9.3121 
v = 33.4243 25.7758 25.7758 25.7758 25.7758 25.7758 25.7758 25.7758 22.6802 22.6802 22.6802 22.6802 22.6802 22.6802 22.6802 19.6828 19.6828 19.6828 19.6828 19.6828 19.6828 19.6828 17.1093 62.3064 62.3064 61.9889 24.7345 
