ExternalI = 5.5000 0.0000 0.0000 0.0000 0.0000 0.0000 0.0000 0.0000 4.0000 4.0000 4.0000 4.0000 4.0000 4.0000 4.0000 0.0000 0.0000 0.0000 0.0000 0.0000 0.0000 0.0000 0.0000 8.0000 8.0000 0.0000 0.0000 
before u = 8.4836 8.3722 8.3722 8.3722 8.3722 8.3722 8.3722 8.3722 8.3195 8.3195 8.3195 8.3195 8.3195 8.3195 8.3195 8.2657 8.2657 8.2657 8.2657 8.2657 8.2657 8.2657 8.2179 10.7988 10.7988 11.4685 9.3121 
before v = 33.4243 25.7758 25.7758 25.7758 25.7758 25.7758 25.7758 25.7758 22.6802 22.6802 22.6802 22.6802 22.6802 22.6802 22.6802 19.6828 19.6828 19.6828 19.6828 19.6828 19.6828 19.6828 17.1093 62.3064 62.3064 61.9889 24.7345 
Ibias = 9.4000 9.4000 9.4000 9.4000 9.4000 9.4000 9.4000 9.4000 2.0000 2.0000 2.0000 2.0000 2.0000 2.0000 2.0000 2.0000 2.0000 2.0000 2.0000 2.0000 2.0000 2.0000 -2.0000 16.0000 16.0000 10.0000 -11.0000 
fa1 = 0.8309 0.2760 0.2760 0.2760 0.2760 0.2760 0.2760 0.2760 0.2155 0.2155 0.2155 0.2155 0.2155 0.2155 0.2155 0.1824 0.1824 0.1824 0.1824 0.1824 0.1824 0.1824 0.1634 43.3718 43.3718 26.2697 2.6940 
fa2 = 0.8306 0.2759 0.2759 0.2759 0.2759 0.2759 0.2759 0.2759 0.2154 0.2154 0.2154 0.2154 0.2154 0.2154 0.2154 0.1823 0.1823 0.1823 0.1823 0.1823 0.1823 0.1823 0.1633 43.8039 43.8039 26.5276 2.6807 
fa3 = 0.8306 0.2759 0.2759 0.2759 0.2759 0.2759 0.2759 0.2759 0.2154 0.2154 0.2154 0.2154 0.2154 0.2154 0.2154 0.1823 0.1823 0.1823 0.1823 0.1823 0.1823 0.1823 0.1633 43.8082 43.8082 26.5302 2.6808 
fa4 = 0.8303 0.2758 0.2758 0.2758 0.2758 0.2758 0.2758 0.2758 0.2154 0.2154 0.2154 0.2154 0.2154 0.2154 0.2154 0.1823 0.1823 0.1823 0.1823 0.1823 0.1823 0.1823 0.1633 44.2486 44.2486 26.7921 2.6675 
fb1 = -0.2056 -0.2318 -0.2318 -0.2318 -0.2318 -0.2318 -0.2318 -0.2318 -0.2421 -0.2421 -0.2421 -0.2421 -0.2421 -0.2421 -0.2421 -0.2519 -0.2519 -0.2519 -0.2519 -0.2519 -0.2519 -0.2519 -0.2603 0.0333 0.0333 0.0186 -0.0873 
fb2 = -0.2056 -0.2317 -0.2317 -0.2317 -0.2317 -0.2317 -0.2317 -0.2317 -0.2420 -0.2420 -0.2420 -0.2420 -0.2420 -0.2420 -0.2420 -0.2518 -0.2518 -0.2518 -0.2518 -0.2518 -0.2518 -0.2518 -0.2602 0.0341 0.0341 0.0191 -0.0872 
fb3 = -0.2056 -0.2317 -0.2317 -0.2317 -0.2317 -0.2317 -0.2317 -0.2317 -0.2420 -0.2420 -0.2420 -0.2420 -0.2420 -0.2420 -0.2420 -0.2518 -0.2518 -0.2518 -0.2518 -0.2518 -0.2518 -0.2518 -0.2602 0.0341 0.0341 0.0191 -0.0872 
fb4 = -0.2055 -0.2317 -0.2317 -0.2317 -0.2317 -0.2317 -0.2317 -0.2317 -0.2420 -0.2420 -0.2420 -0.2420 -0.2420 -0.2420 -0.2420 -0.2518 -0.2518 -0.2518 -0.2518 -0.2518 -0.2518 -0.2518 -0.2602 0.0350 0.0350 0.0196 -0.0872 
I = 14.9000 9.4000 9.4000 9.4000 9.4000 9.4000 9.4000 9.4000 6.0000 6.0000 6.0000 6.0000 6.0000 6.0000 6.0000 2.0000 2.0000 2.0000 2.0000 2.0000 2.0000 2.0000 -2.0000 25.8063 25.8063 10.0000 1.7378 
S1 = 0.0000 0.0000 0.0000 0.0000 0.0000 0.0000 0.0000 0.0000 0.0000 0.0000 0.0000 0.0000 0.0000 0.0000 0.0000 0.0000 0.0000 0.0000 0.0000 0.0000 0.0000 0.0000 0.0000 0.0000 0.0000 0.0000 0.0000 
S2 = 0.0000 0.0000 0.0000 0.0000 0.0000 0.0000 0.0000 0.0000 0.0000 0.0000 0.0000 0.0000 0.0000 0.0000 0.0000 0.0000 0.0000 0.0000 0.0000 0.0000 0.0000 0.0000 0.0000 1.8063 1.8063 0.0000 12.7378 
u = 8.4815 8.3699 8.3699 8.3699 8.3699 8.3699 8.3699 8.3699 8.3171 8.3171 8.3171 8.3171 8.3171 8.3171 8.3171 8.2632 8.2632 8.2632 8.2632 8.2632 8.2632 8.2632 8.2153 10.7991 10.7991 11.4687 9.3112 
v = 33.4326 25.7786 25.7786 25.7786 25.7786 25.7786 25.7786 25.7786 22.6824 22.6824 22.6824 22.6824 22.6824 22.6824 22.6824 19.6847 19.6847 19.6847 19.6847 19.6847 19.6847 19.6847 17.1109 62.7445 62.7445 62.2542 24.7613 
