ExternalI = 5.5000 0.0000 0.0000 0.0000 0.0000 0.0000 0.0000 0.0000 4.0000 4.0000 4.0000 4.0000 4.0000 4.0000 4.0000 0.0000 0.0000 0.0000 0.0000 0.0000 0.0000 0.0000 0.0000 8.0000 8.0000 0.0000 0.0000 
before u = 8.4815 8.3699 8.3699 8.3699 8.3699 8.3699 8.3699 8.3699 8.3171 8.3171 8.3171 8.3171 8.3171 8.3171 8.3171 8.2632 8.2632 8.2632 8.2632 8.2632 8.2632 8.2632 8.2153 10.7991 10.7991 11.4687 9.3112 
before v = 33.4326 25.7786 25.7786 25.7786 25.7786 25.7786 25.7786 25.7786 22.6824 22.6824 22.6824 22.6824 22.6824 22.6824 22.6824 19.6847 19.6847 19.6847 19.6847 19.6847 19.6847 19.6847 17.1109 62.7445 62.7445 62.2542 24.7613 
Ibias = 9.4000 9.4000 9.4000 9.4000 9.4000 9.4000 9.4000 9.4000 2.0000 2.0000 2.0000 2.0000 2.0000 2.0000 2.0000 2.0000 2.0000 2.0000 2.0000 2.0000 2.0000 2.0000 -2.0000 16.0000 16.0000 10.0000 -11.0000 
fa1 = 0.8303 0.2758 0.2758 0.2758 0.2758 0.2758 0.2758 0.2758 0.2154 0.2154 0.2154 0.2154 0.2154 0.2154 0.2154 0.1823 0.1823 0.1823 0.1823 0.1823 0.1823 0.1823 0.1633 44.2449 44.2449 26.7921 2.6421 
fa2 = 0.8299 0.2756 0.2756 0.2756 0.2756 0.2756 0.2756 0.2756 0.2153 0.2153 0.2153 0.2153 0.2153 0.2153 0.2153 0.1822 0.1822 0.1822 0.1822 0.1822 0.1822 0.1822 0.1633 44.6935 44.6935 27.0580 2.6290 
fa3 = 0.8299 0.2756 0.2756 0.2756 0.2756 0.2756 0.2756 0.2756 0.2153 0.2153 0.2153 0.2153 0.2153 0.2153 0.2153 0.1822 0.1822 0.1822 0.1822 0.1822 0.1822 0.1822 0.1633 44.6981 44.6981 27.0606 2.6291 
fa4 = 0.8296 0.2755 0.2755 0.2755 0.2755 0.2755 0.2755 0.2755 0.2152 0.2152 0.2152 0.2152 0.2152 0.2152 0.2152 0.1822 0.1822 0.1822 0.1822 0.1822 0.1822 0.1822 0.1633 45.1553 45.1553 27.3307 2.6162 
fb1 = -0.2055 -0.2317 -0.2317 -0.2317 -0.2317 -0.2317 -0.2317 -0.2317 -0.2420 -0.2420 -0.2420 -0.2420 -0.2420 -0.2420 -0.2420 -0.2518 -0.2518 -0.2518 -0.2518 -0.2518 -0.2518 -0.2518 -0.2602 0.0350 0.0350 0.0196 -0.0872 
fb2 = -0.2055 -0.2316 -0.2316 -0.2316 -0.2316 -0.2316 -0.2316 -0.2316 -0.2419 -0.2419 -0.2419 -0.2419 -0.2419 -0.2419 -0.2419 -0.2517 -0.2517 -0.2517 -0.2517 -0.2517 -0.2517 -0.2517 -0.2601 0.0359 0.0359 0.0202 -0.0871 
fb3 = -0.2055 -0.2316 -0.2316 -0.2316 -0.2316 -0.2316 -0.2316 -0.2316 -0.2419 -0.2419 -0.2419 -0.2419 -0.2419 -0.2419 -0.2419 -0.2517 -0.2517 -0.2517 -0.2517 -0.2517 -0.2517 -0.2517 -0.2601 0.0359 0.0359 0.0202 -0.0871 
fb4 = -0.2054 -0.2316 -0.2316 -0.2316 -0.2316 -0.2316 -0.2316 -0.2316 -0.2418 -0.2418 -0.2418 -0.2418 -0.2418 -0.2418 -0.2418 -0.2517 -0.2517 -0.2517 -0.2517 -0.2517 -0.2517 -0.2517 -0.2601 0.0368 0.0368 0.0207 -0.0871 
I = 14.9000 9.4000 9.4000 9.4000 9.4000 9.4000 9.4000 9.4000 6.0000 6.0000 6.0000 6.0000 6.0000 6.0000 6.0000 2.0000 2.0000 2.0000 2.0000 2.0000 2.0000 2.0000 -2.0000 25.8027 25.8027 10.0000 1.7123 
S1 = 0.0000 0.0000 0.0000 0.0000 0.0000 0.0000 0.0000 0.0000 0.0000 0.0000 0.0000 0.0000 0.0000 0.0000 0.0000 0.0000 0.0000 0.0000 0.0000 0.0000 0.0000 0.0000 0.0000 0.0000 0.0000 0.0000 0.0000 
S2 = 0.0000 0.0000 0.0000 0.0000 0.0000 0.0000 0.0000 0.0000 0.0000 0.0000 0.0000 0.0000 0.0000 0.0000 0.0000 0.0000 0.0000 0.0000 0.0000 0.0000 0.0000 0.0000 0.0000 1.8027 1.8027 0.0000 12.7123 
u = 8.4794 8.3676 8.3676 8.3676 8.3676 8.3676 8.3676 8.3676 8.3147 8.3147 8.3147 8.3147 8.3147 8.3147 8.3147 8.2607 8.2607 8.2607 8.2607 8.2607 8.2607 8.2607 8.2127 10.7995 10.7995 11.4689 9.3103 
v = 33.4409 25.7813 25.7813 25.7813 25.7813 25.7813 25.7813 25.7813 22.6845 22.6845 22.6845 22.6845 22.6845 22.6845 22.6845 19.6865 19.6865 19.6865 19.6865 19.6865 19.6865 19.6865 17.1125 63.1914 63.1914 62.5248 24.7876 
