ExternalI = 5.5000 0.0000 0.0000 0.0000 0.0000 0.0000 0.0000 0.0000 4.0000 4.0000 4.0000 4.0000 4.0000 4.0000 4.0000 0.0000 0.0000 0.0000 0.0000 0.0000 0.0000 0.0000 0.0000 8.0000 8.0000 0.0000 0.0000 
before u = 9.9822 9.9821 9.9821 9.9821 9.9821 9.9821 9.9821 9.9821 9.9821 9.9821 9.9821 9.9821 9.9821 9.9821 9.9821 9.9821 9.9821 9.9821 9.9821 9.9821 9.9821 9.9821 9.9821 9.9922 9.9922 10.0042 9.9921 
before v = 11.3700 11.1092 11.1092 11.1092 11.1092 11.1092 11.1092 11.1092 10.9480 10.9480 10.9480 10.9480 10.9480 10.9480 10.9480 10.7584 10.7584 10.7584 10.7584 10.7584 10.7584 10.7584 10.5688 12.2763 12.2763 72.4601 10.6160 
Ibias = 9.4000 9.4000 9.4000 9.4000 9.4000 9.4000 9.4000 9.4000 2.0000 2.0000 2.0000 2.0000 2.0000 2.0000 2.0000 2.0000 2.0000 2.0000 2.0000 2.0000 2.0000 2.0000 -2.0000 16.0000 16.0000 10.0000 -11.0000 
fa1 = 25.9788 21.0268 21.0268 21.0268 21.0268 21.0268 21.0268 21.0268 17.9682 17.9682 17.9682 17.9682 17.9682 17.9682 17.9682 14.3725 14.3725 14.3725 14.3725 14.3725 14.3725 14.3725 10.7795 43.2071 43.2071 52.6341 11.6680 
fa2 = 25.7097 20.8071 20.8071 20.8071 20.8071 20.8071 20.8071 20.8071 17.7795 17.7795 17.7795 17.7795 17.7795 17.7795 17.7795 14.2207 14.2207 14.2207 14.2207 14.2207 14.2207 14.2207 10.6652 42.7738 42.7738 53.3725 11.5434 
fa3 = 25.7125 20.8094 20.8094 20.8094 20.8094 20.8094 20.8094 20.8094 17.7815 17.7815 17.7815 17.7815 17.7815 17.7815 17.7815 14.2223 14.2223 14.2223 14.2223 14.2223 14.2223 14.2223 10.6665 42.7781 42.7781 53.3829 11.5448 
fa4 = 25.4475 20.5928 20.5928 20.5928 20.5928 20.5928 20.5928 20.5928 17.5954 17.5954 17.5954 17.5954 17.5954 17.5954 17.5954 14.0726 14.0726 14.0726 14.0726 14.0726 14.0726 14.0726 10.5537 42.3527 42.3527 54.1377 11.4218 
fb1 = -0.3538 -0.3548 -0.3548 -0.3548 -0.3548 -0.3548 -0.3548 -0.3548 -0.3555 -0.3555 -0.3555 -0.3555 -0.3555 -0.3555 -0.3555 -0.3563 -0.3563 -0.3563 -0.3563 -0.3563 -0.3563 -0.3563 -0.3570 -0.1507 -0.1507 0.0898 -0.1574 
fb2 = -0.3532 -0.3544 -0.3544 -0.3544 -0.3544 -0.3544 -0.3544 -0.3544 -0.3551 -0.3551 -0.3551 -0.3551 -0.3551 -0.3551 -0.3551 -0.3559 -0.3559 -0.3559 -0.3559 -0.3559 -0.3559 -0.3559 -0.3567 -0.1499 -0.1499 0.0908 -0.1571 
fb3 = -0.3532 -0.3544 -0.3544 -0.3544 -0.3544 -0.3544 -0.3544 -0.3544 -0.3551 -0.3551 -0.3551 -0.3551 -0.3551 -0.3551 -0.3551 -0.3559 -0.3559 -0.3559 -0.3559 -0.3559 -0.3559 -0.3559 -0.3567 -0.1499 -0.1499 0.0908 -0.1571 
fb4 = -0.3526 -0.3539 -0.3539 -0.3539 -0.3539 -0.3539 -0.3539 -0.3539 -0.3546 -0.3546 -0.3546 -0.3546 -0.3546 -0.3546 -0.3546 -0.3555 -0.3555 -0.3555 -0.3555 -0.3555 -0.3555 -0.3555 -0.3564 -0.1490 -0.1490 0.0919 -0.1569 
I = 14.9000 9.4000 9.4000 9.4000 9.4000 9.4000 9.4000 9.4000 6.0000 6.0000 6.0000 6.0000 6.0000 6.0000 6.0000 2.0000 2.0000 2.0000 2.0000 2.0000 2.0000 2.0000 -2.0000 24.0000 24.0000 10.0000 -11.0000 
S1 = 0.0000 0.0000 0.0000 0.0000 0.0000 0.0000 0.0000 0.0000 0.0000 0.0000 0.0000 0.0000 0.0000 0.0000 0.0000 0.0000 0.0000 0.0000 0.0000 0.0000 0.0000 0.0000 0.0000 0.0000 0.0000 0.0000 0.0000 
S2 = 0.0000 0.0000 0.0000 0.0000 0.0000 0.0000 0.0000 0.0000 0.0000 0.0000 0.0000 0.0000 0.0000 0.0000 0.0000 0.0000 0.0000 0.0000 0.0000 0.0000 0.0000 0.0000 0.0000 0.0000 0.0000 0.0000 0.0000 
u = 9.9786 9.9786 9.9786 9.9786 9.9786 9.9786 9.9786 9.9786 9.9786 9.9786 9.9786 9.9786 9.9786 9.9786 9.9786 9.9785 9.9785 9.9785 9.9785 9.9785 9.9785 9.9785 9.9785 9.9907 9.9907 10.0051 9.9905 
v = 11.6272 11.3173 11.3173 11.3173 11.3173 11.3173 11.3173 11.3173 11.1258 11.1258 11.1258 11.1258 11.1258 11.1258 11.1258 10.9006 10.9006 10.9006 10.9006 10.9006 10.9006 10.9006 10.6755 12.7041 12.7041 72.9939 10.7314 
