ExternalI = 5.5000 0.0000 0.0000 0.0000 0.0000 0.0000 0.0000 0.0000 4.0000 4.0000 4.0000 4.0000 4.0000 4.0000 4.0000 0.0000 0.0000 0.0000 0.0000 0.0000 0.0000 0.0000 0.0000 8.0000 8.0000 0.0000 0.0000 
before u = 9.8042 9.8014 9.8014 9.8014 9.8014 9.8014 9.8014 9.8014 9.7997 9.7997 9.7997 9.7997 9.7997 9.7997 9.7997 9.7978 9.7978 9.7978 9.7978 9.7978 9.7978 9.7978 9.7958 9.9303 9.9303 10.1821 9.9124 
before v = 20.3459 18.2591 18.2591 18.2591 18.2591 18.2591 18.2591 18.2591 17.0009 17.0009 17.0009 17.0009 17.0009 17.0009 17.0009 15.5502 15.5502 15.5502 15.5502 15.5502 15.5502 15.5502 14.1302 28.1118 28.1118 63.5286 14.6056 
Ibias = 9.4000 9.4000 9.4000 9.4000 9.4000 9.4000 9.4000 9.4000 2.0000 2.0000 2.0000 2.0000 2.0000 2.0000 2.0000 2.0000 2.0000 2.0000 2.0000 2.0000 2.0000 2.0000 -2.0000 16.0000 16.0000 10.0000 -11.0000 
fa1 = 10.6164 8.1570 8.1570 8.1570 8.1570 8.1570 8.1570 8.1570 6.7588 6.7588 6.7588 6.7588 6.7588 6.7588 6.7588 5.2241 5.2241 5.2241 5.2241 5.2241 5.2241 5.2241 3.8002 21.3452 21.3452 30.6674 5.2710 
fa2 = 10.5452 8.0959 8.0959 8.0959 8.0959 8.0959 8.0959 8.0959 6.7051 6.7051 6.7051 6.7051 6.7051 6.7051 6.7051 5.1799 5.1799 5.1799 5.1799 5.1799 5.1799 5.1799 3.7663 21.2660 21.2660 30.9874 5.2235 
fa3 = 10.5457 8.0964 8.0964 8.0964 8.0964 8.0964 8.0964 8.0964 6.7055 6.7055 6.7055 6.7055 6.7055 6.7055 6.7055 5.1803 5.1803 5.1803 5.1803 5.1803 5.1803 5.1803 3.7666 21.2663 21.2663 30.9908 5.2239 
fa4 = 10.4752 8.0358 8.0358 8.0358 8.0358 8.0358 8.0358 8.0358 6.6523 6.6523 6.6523 6.6523 6.6523 6.6523 6.6523 5.1365 5.1365 5.1365 5.1365 5.1365 5.1365 5.1365 3.7331 21.1882 21.1882 31.3161 5.1769 
fb1 = -0.3108 -0.3190 -0.3190 -0.3190 -0.3190 -0.3190 -0.3190 -0.3190 -0.3240 -0.3240 -0.3240 -0.3240 -0.3240 -0.3240 -0.3240 -0.3297 -0.3297 -0.3297 -0.3297 -0.3297 -0.3297 -0.3297 -0.3353 -0.0862 -0.0862 0.0505 -0.1398 
fb2 = -0.3105 -0.3188 -0.3188 -0.3188 -0.3188 -0.3188 -0.3188 -0.3188 -0.3238 -0.3238 -0.3238 -0.3238 -0.3238 -0.3238 -0.3238 -0.3295 -0.3295 -0.3295 -0.3295 -0.3295 -0.3295 -0.3295 -0.3352 -0.0857 -0.0857 0.0511 -0.1397 
fb3 = -0.3105 -0.3188 -0.3188 -0.3188 -0.3188 -0.3188 -0.3188 -0.3188 -0.3238 -0.3238 -0.3238 -0.3238 -0.3238 -0.3238 -0.3238 -0.3295 -0.3295 -0.3295 -0.3295 -0.3295 -0.3295 -0.3295 -0.3352 -0.0857 -0.0857 0.0511 -0.1397 
fb4 = -0.3102 -0.3186 -0.3186 -0.3186 -0.3186 -0.3186 -0.3186 -0.3186 -0.3236 -0.3236 -0.3236 -0.3236 -0.3236 -0.3236 -0.3236 -0.3294 -0.3294 -0.3294 -0.3294 -0.3294 -0.3294 -0.3294 -0.3350 -0.0853 -0.0853 0.0517 -0.1396 
I = 14.9000 9.4000 9.4000 9.4000 9.4000 9.4000 9.4000 9.4000 6.0000 6.0000 6.0000 6.0000 6.0000 6.0000 6.0000 2.0000 2.0000 2.0000 2.0000 2.0000 2.0000 2.0000 -2.0000 24.0000 24.0000 10.0000 -9.5327 
S1 = 0.0000 0.0000 0.0000 0.0000 0.0000 0.0000 0.0000 0.0000 0.0000 0.0000 0.0000 0.0000 0.0000 0.0000 0.0000 0.0000 0.0000 0.0000 0.0000 0.0000 0.0000 0.0000 0.0000 0.0000 0.0000 0.0000 0.0000 
S2 = 0.0000 0.0000 0.0000 0.0000 0.0000 0.0000 0.0000 0.0000 0.0000 0.0000 0.0000 0.0000 0.0000 0.0000 0.0000 0.0000 0.0000 0.0000 0.0000 0.0000 0.0000 0.0000 0.0000 0.0000 0.0000 0.0000 1.4673 
u = 9.8011 9.7982 9.7982 9.7982 9.7982 9.7982 9.7982 9.7982 9.7965 9.7965 9.7965 9.7965 9.7965 9.7965 9.7965 9.7945 9.7945 9.7945 9.7945 9.7945 9.7945 9.7945 9.7925 9.9295 9.9295 10.1826 9.9110 
v = 20.4513 18.3401 18.3401 18.3401 18.3401 18.3401 18.3401 18.3401 17.0679 17.0679 17.0679 17.0679 17.0679 17.0679 17.0679 15.6020 15.6020 15.6020 15.6020 15.6020 15.6020 15.6020 14.1678 28.3244 28.3244 63.8385 14.6578 
