ExternalI = 5.5000 0.0000 0.0000 0.0000 0.0000 0.0000 0.0000 0.0000 4.0000 4.0000 4.0000 4.0000 4.0000 4.0000 4.0000 0.0000 0.0000 0.0000 0.0000 0.0000 0.0000 0.0000 0.0000 8.0000 8.0000 0.0000 0.0000 
before u = 8.4794 8.3676 8.3676 8.3676 8.3676 8.3676 8.3676 8.3676 8.3147 8.3147 8.3147 8.3147 8.3147 8.3147 8.3147 8.2607 8.2607 8.2607 8.2607 8.2607 8.2607 8.2607 8.2127 10.7995 10.7995 11.4689 9.3103 
before v = 33.4409 25.7813 25.7813 25.7813 25.7813 25.7813 25.7813 25.7813 22.6845 22.6845 22.6845 22.6845 22.6845 22.6845 22.6845 19.6865 19.6865 19.6865 19.6865 19.6865 19.6865 19.6865 17.1125 63.1914 63.1914 62.5248 24.7876 
Ibias = 9.4000 9.4000 9.4000 9.4000 9.4000 9.4000 9.4000 9.4000 2.0000 2.0000 2.0000 2.0000 2.0000 2.0000 2.0000 2.0000 2.0000 2.0000 2.0000 2.0000 2.0000 2.0000 -2.0000 16.0000 16.0000 10.0000 -11.0000 
fa1 = 0.8296 0.2755 0.2755 0.2755 0.2755 0.2755 0.2755 0.2755 0.2152 0.2152 0.2152 0.2152 0.2152 0.2152 0.2152 0.1822 0.1822 0.1822 0.1822 0.1822 0.1822 0.1822 0.1633 45.1516 45.1516 27.3307 2.5907 
fa2 = 0.8293 0.2754 0.2754 0.2754 0.2754 0.2754 0.2754 0.2754 0.2152 0.2152 0.2152 0.2152 0.2152 0.2152 0.2152 0.1822 0.1822 0.1822 0.1822 0.1822 0.1822 0.1822 0.1632 45.6175 45.6175 27.6049 2.5780 
fa3 = 0.8293 0.2754 0.2754 0.2754 0.2754 0.2754 0.2754 0.2754 0.2152 0.2152 0.2152 0.2152 0.2152 0.2152 0.2152 0.1822 0.1822 0.1822 0.1822 0.1822 0.1822 0.1822 0.1632 45.6223 45.6223 27.6077 2.5781 
fa4 = 0.8290 0.2752 0.2752 0.2752 0.2752 0.2752 0.2752 0.2752 0.2151 0.2151 0.2151 0.2151 0.2151 0.2151 0.2151 0.1821 0.1821 0.1821 0.1821 0.1821 0.1821 0.1821 0.1632 46.0973 46.0973 27.8862 2.5654 
fb1 = -0.2054 -0.2316 -0.2316 -0.2316 -0.2316 -0.2316 -0.2316 -0.2316 -0.2418 -0.2418 -0.2418 -0.2418 -0.2418 -0.2418 -0.2418 -0.2517 -0.2517 -0.2517 -0.2517 -0.2517 -0.2517 -0.2517 -0.2601 0.0368 0.0368 0.0207 -0.0871 
fb2 = -0.2054 -0.2315 -0.2315 -0.2315 -0.2315 -0.2315 -0.2315 -0.2315 -0.2418 -0.2418 -0.2418 -0.2418 -0.2418 -0.2418 -0.2418 -0.2516 -0.2516 -0.2516 -0.2516 -0.2516 -0.2516 -0.2516 -0.2600 0.0377 0.0377 0.0213 -0.0870 
fb3 = -0.2054 -0.2315 -0.2315 -0.2315 -0.2315 -0.2315 -0.2315 -0.2315 -0.2418 -0.2418 -0.2418 -0.2418 -0.2418 -0.2418 -0.2418 -0.2516 -0.2516 -0.2516 -0.2516 -0.2516 -0.2516 -0.2516 -0.2600 0.0377 0.0377 0.0213 -0.0870 
fb4 = -0.2053 -0.2315 -0.2315 -0.2315 -0.2315 -0.2315 -0.2315 -0.2315 -0.2417 -0.2417 -0.2417 -0.2417 -0.2417 -0.2417 -0.2417 -0.2516 -0.2516 -0.2516 -0.2516 -0.2516 -0.2516 -0.2516 -0.2599 0.0386 0.0386 0.0218 -0.0869 
I = 14.9000 9.4000 9.4000 9.4000 9.4000 9.4000 9.4000 9.4000 6.0000 6.0000 6.0000 6.0000 6.0000 6.0000 6.0000 2.0000 2.0000 2.0000 2.0000 2.0000 2.0000 2.0000 -2.0000 25.7991 25.7991 10.0000 1.6869 
S1 = 0.0000 0.0000 0.0000 0.0000 0.0000 0.0000 0.0000 0.0000 0.0000 0.0000 0.0000 0.0000 0.0000 0.0000 0.0000 0.0000 0.0000 0.0000 0.0000 0.0000 0.0000 0.0000 0.0000 0.0000 0.0000 0.0000 0.0000 
S2 = 0.0000 0.0000 0.0000 0.0000 0.0000 0.0000 0.0000 0.0000 0.0000 0.0000 0.0000 0.0000 0.0000 0.0000 0.0000 0.0000 0.0000 0.0000 0.0000 0.0000 0.0000 0.0000 0.0000 1.7991 1.7991 0.0000 12.6869 
u = 8.4774 8.3653 8.3653 8.3653 8.3653 8.3653 8.3653 8.3653 8.3122 8.3122 8.3122 8.3122 8.3122 8.3122 8.3122 8.2581 8.2581 8.2581 8.2581 8.2581 8.2581 8.2581 8.2101 10.7999 10.7999 11.4691 9.3095 
v = 33.4492 25.7841 25.7841 25.7841 25.7841 25.7841 25.7841 25.7841 22.6867 22.6867 22.6867 22.6867 22.6867 22.6867 22.6867 19.6883 19.6883 19.6883 19.6883 19.6883 19.6883 19.6883 17.1142 63.6477 63.6477 62.8008 24.8134 
