ExternalI = 5.5000 0.0000 0.0000 0.0000 0.0000 0.0000 0.0000 0.0000 4.0000 4.0000 4.0000 4.0000 4.0000 4.0000 4.0000 0.0000 0.0000 0.0000 0.0000 0.0000 0.0000 0.0000 0.0000 8.0000 8.0000 0.0000 0.0000 
before u = 8.4774 8.3653 8.3653 8.3653 8.3653 8.3653 8.3653 8.3653 8.3122 8.3122 8.3122 8.3122 8.3122 8.3122 8.3122 8.2581 8.2581 8.2581 8.2581 8.2581 8.2581 8.2581 8.2101 10.7999 10.7999 11.4691 9.3095 
before v = 33.4492 25.7841 25.7841 25.7841 25.7841 25.7841 25.7841 25.7841 22.6867 22.6867 22.6867 22.6867 22.6867 22.6867 22.6867 19.6883 19.6883 19.6883 19.6883 19.6883 19.6883 19.6883 17.1142 63.6477 63.6477 62.8008 24.8134 
Ibias = 9.4000 9.4000 9.4000 9.4000 9.4000 9.4000 9.4000 9.4000 2.0000 2.0000 2.0000 2.0000 2.0000 2.0000 2.0000 2.0000 2.0000 2.0000 2.0000 2.0000 2.0000 2.0000 -2.0000 16.0000 16.0000 10.0000 -11.0000 
fa1 = 0.8290 0.2752 0.2752 0.2752 0.2752 0.2752 0.2752 0.2752 0.2151 0.2151 0.2151 0.2151 0.2151 0.2151 0.2151 0.1821 0.1821 0.1821 0.1821 0.1821 0.1821 0.1821 0.1632 46.0937 46.0937 27.8862 2.5400 
fa2 = 0.8287 0.2751 0.2751 0.2751 0.2751 0.2751 0.2751 0.2751 0.2151 0.2151 0.2151 0.2151 0.2151 0.2151 0.2151 0.1821 0.1821 0.1821 0.1821 0.1821 0.1821 0.1821 0.1632 46.5777 46.5777 28.1691 2.5276 
fa3 = 0.8287 0.2751 0.2751 0.2751 0.2751 0.2751 0.2751 0.2751 0.2151 0.2151 0.2151 0.2151 0.2151 0.2151 0.2151 0.1821 0.1821 0.1821 0.1821 0.1821 0.1821 0.1821 0.1632 46.5828 46.5828 28.1720 2.5277 
fa4 = 0.8284 0.2750 0.2750 0.2750 0.2750 0.2750 0.2750 0.2750 0.2150 0.2150 0.2150 0.2150 0.2150 0.2150 0.2150 0.1820 0.1820 0.1820 0.1820 0.1820 0.1820 0.1820 0.1631 47.0764 47.0764 28.4594 2.5153 
fb1 = -0.2053 -0.2315 -0.2315 -0.2315 -0.2315 -0.2315 -0.2315 -0.2315 -0.2417 -0.2417 -0.2417 -0.2417 -0.2417 -0.2417 -0.2417 -0.2516 -0.2516 -0.2516 -0.2516 -0.2516 -0.2516 -0.2516 -0.2599 0.0386 0.0386 0.0218 -0.0869 
fb2 = -0.2052 -0.2314 -0.2314 -0.2314 -0.2314 -0.2314 -0.2314 -0.2314 -0.2417 -0.2417 -0.2417 -0.2417 -0.2417 -0.2417 -0.2417 -0.2515 -0.2515 -0.2515 -0.2515 -0.2515 -0.2515 -0.2515 -0.2599 0.0395 0.0395 0.0224 -0.0869 
fb3 = -0.2052 -0.2314 -0.2314 -0.2314 -0.2314 -0.2314 -0.2314 -0.2314 -0.2417 -0.2417 -0.2417 -0.2417 -0.2417 -0.2417 -0.2417 -0.2515 -0.2515 -0.2515 -0.2515 -0.2515 -0.2515 -0.2515 -0.2599 0.0395 0.0395 0.0224 -0.0869 
fb4 = -0.2052 -0.2314 -0.2314 -0.2314 -0.2314 -0.2314 -0.2314 -0.2314 -0.2416 -0.2416 -0.2416 -0.2416 -0.2416 -0.2416 -0.2416 -0.2515 -0.2515 -0.2515 -0.2515 -0.2515 -0.2515 -0.2515 -0.2598 0.0404 0.0404 0.0229 -0.0868 
I = 14.9000 9.4000 9.4000 9.4000 9.4000 9.4000 9.4000 9.4000 6.0000 6.0000 6.0000 6.0000 6.0000 6.0000 6.0000 2.0000 2.0000 2.0000 2.0000 2.0000 2.0000 2.0000 -2.0000 25.7955 25.7955 10.0000 1.6615 
S1 = 0.0000 0.0000 0.0000 0.0000 0.0000 0.0000 0.0000 0.0000 0.0000 0.0000 0.0000 0.0000 0.0000 0.0000 0.0000 0.0000 0.0000 0.0000 0.0000 0.0000 0.0000 0.0000 0.0000 0.0000 0.0000 0.0000 0.0000 
S2 = 0.0000 0.0000 0.0000 0.0000 0.0000 0.0000 0.0000 0.0000 0.0000 0.0000 0.0000 0.0000 0.0000 0.0000 0.0000 0.0000 0.0000 0.0000 0.0000 0.0000 0.0000 0.0000 0.0000 1.7955 1.7955 0.0000 12.6615 
u = 8.4753 8.3630 8.3630 8.3630 8.3630 8.3630 8.3630 8.3630 8.3098 8.3098 8.3098 8.3098 8.3098 8.3098 8.3098 8.2556 8.2556 8.2556 8.2556 8.2556 8.2556 8.2556 8.2075 10.8002 10.8002 11.4693 9.3086 
v = 33.4574 25.7868 25.7868 25.7868 25.7868 25.7868 25.7868 25.7868 22.6888 22.6888 22.6888 22.6888 22.6888 22.6888 22.6888 19.6901 19.6901 19.6901 19.6901 19.6901 19.6901 19.6901 17.1158 64.1135 64.1135 63.0826 24.8387 
