ExternalI = 5.5000 0.0000 0.0000 0.0000 0.0000 0.0000 0.0000 0.0000 4.0000 4.0000 4.0000 4.0000 4.0000 4.0000 4.0000 0.0000 0.0000 0.0000 0.0000 0.0000 0.0000 0.0000 0.0000 8.0000 8.0000 0.0000 0.0000 
before u = 8.4753 8.3630 8.3630 8.3630 8.3630 8.3630 8.3630 8.3630 8.3098 8.3098 8.3098 8.3098 8.3098 8.3098 8.3098 8.2556 8.2556 8.2556 8.2556 8.2556 8.2556 8.2556 8.2075 10.8002 10.8002 11.4693 9.3086 
before v = 33.4574 25.7868 25.7868 25.7868 25.7868 25.7868 25.7868 25.7868 22.6888 22.6888 22.6888 22.6888 22.6888 22.6888 22.6888 19.6901 19.6901 19.6901 19.6901 19.6901 19.6901 19.6901 17.1158 64.1135 64.1135 63.0826 24.8387 
Ibias = 9.4000 9.4000 9.4000 9.4000 9.4000 9.4000 9.4000 9.4000 2.0000 2.0000 2.0000 2.0000 2.0000 2.0000 2.0000 2.0000 2.0000 2.0000 2.0000 2.0000 2.0000 2.0000 -2.0000 16.0000 16.0000 10.0000 -11.0000 
fa1 = 0.8284 0.2750 0.2750 0.2750 0.2750 0.2750 0.2750 0.2750 0.2150 0.2150 0.2150 0.2150 0.2150 0.2150 0.2150 0.1820 0.1820 0.1820 0.1820 0.1820 0.1820 0.1820 0.1631 47.0728 47.0728 28.4594 2.4900 
fa2 = 0.8280 0.2748 0.2748 0.2748 0.2748 0.2748 0.2748 0.2748 0.2149 0.2149 0.2149 0.2149 0.2149 0.2149 0.2149 0.1820 0.1820 0.1820 0.1820 0.1820 0.1820 0.1820 0.1631 47.5759 47.5759 28.7513 2.4778 
fa3 = 0.8280 0.2748 0.2748 0.2748 0.2748 0.2748 0.2748 0.2748 0.2149 0.2149 0.2149 0.2149 0.2149 0.2149 0.2149 0.1820 0.1820 0.1820 0.1820 0.1820 0.1820 0.1820 0.1631 47.5813 47.5813 28.7543 2.4779 
fa4 = 0.8277 0.2747 0.2747 0.2747 0.2747 0.2747 0.2747 0.2747 0.2149 0.2149 0.2149 0.2149 0.2149 0.2149 0.2149 0.1820 0.1820 0.1820 0.1820 0.1820 0.1820 0.1820 0.1631 48.0944 48.0944 29.0509 2.4658 
fb1 = -0.2052 -0.2314 -0.2314 -0.2314 -0.2314 -0.2314 -0.2314 -0.2314 -0.2416 -0.2416 -0.2416 -0.2416 -0.2416 -0.2416 -0.2416 -0.2515 -0.2515 -0.2515 -0.2515 -0.2515 -0.2515 -0.2515 -0.2598 0.0404 0.0404 0.0229 -0.0868 
fb2 = -0.2051 -0.2313 -0.2313 -0.2313 -0.2313 -0.2313 -0.2313 -0.2313 -0.2416 -0.2416 -0.2416 -0.2416 -0.2416 -0.2416 -0.2416 -0.2514 -0.2514 -0.2514 -0.2514 -0.2514 -0.2514 -0.2514 -0.2598 0.0414 0.0414 0.0235 -0.0868 
fb3 = -0.2051 -0.2313 -0.2313 -0.2313 -0.2313 -0.2313 -0.2313 -0.2313 -0.2416 -0.2416 -0.2416 -0.2416 -0.2416 -0.2416 -0.2416 -0.2514 -0.2514 -0.2514 -0.2514 -0.2514 -0.2514 -0.2514 -0.2598 0.0414 0.0414 0.0235 -0.0868 
fb4 = -0.2051 -0.2313 -0.2313 -0.2313 -0.2313 -0.2313 -0.2313 -0.2313 -0.2415 -0.2415 -0.2415 -0.2415 -0.2415 -0.2415 -0.2415 -0.2514 -0.2514 -0.2514 -0.2514 -0.2514 -0.2514 -0.2514 -0.2597 0.0423 0.0423 0.0241 -0.0867 
I = 14.9000 9.4000 9.4000 9.4000 9.4000 9.4000 9.4000 9.4000 6.0000 6.0000 6.0000 6.0000 6.0000 6.0000 6.0000 2.0000 2.0000 2.0000 2.0000 2.0000 2.0000 2.0000 -2.0000 25.7919 25.7919 10.0000 1.6362 
S1 = 0.0000 0.0000 0.0000 0.0000 0.0000 0.0000 0.0000 0.0000 0.0000 0.0000 0.0000 0.0000 0.0000 0.0000 0.0000 0.0000 0.0000 0.0000 0.0000 0.0000 0.0000 0.0000 0.0000 0.0000 0.0000 0.0000 0.0000 
S2 = 0.0000 0.0000 0.0000 0.0000 0.0000 0.0000 0.0000 0.0000 0.0000 0.0000 0.0000 0.0000 0.0000 0.0000 0.0000 0.0000 0.0000 0.0000 0.0000 0.0000 0.0000 0.0000 0.0000 1.7919 1.7919 0.0000 12.6362 
u = 8.4733 8.3606 8.3606 8.3606 8.3606 8.3606 8.3606 8.3606 8.3074 8.3074 8.3074 8.3074 8.3074 8.3074 8.3074 8.2531 8.2531 8.2531 8.2531 8.2531 8.2531 8.2531 8.2049 10.8007 10.8007 11.4695 9.3077 
v = 33.4657 25.7896 25.7896 25.7896 25.7896 25.7896 25.7896 25.7896 22.6910 22.6910 22.6910 22.6910 22.6910 22.6910 22.6910 19.6919 19.6919 19.6919 19.6919 19.6919 19.6919 19.6919 17.1174 64.5893 64.5893 63.3701 24.8635 
