ExternalI = 5.5000 0.0000 0.0000 0.0000 0.0000 0.0000 0.0000 0.0000 4.0000 4.0000 4.0000 4.0000 4.0000 4.0000 4.0000 0.0000 0.0000 0.0000 0.0000 0.0000 0.0000 0.0000 0.0000 8.0000 8.0000 0.0000 0.0000 
before u = 8.4733 8.3606 8.3606 8.3606 8.3606 8.3606 8.3606 8.3606 8.3074 8.3074 8.3074 8.3074 8.3074 8.3074 8.3074 8.2531 8.2531 8.2531 8.2531 8.2531 8.2531 8.2531 8.2049 10.8007 10.8007 11.4695 9.3077 
before v = 33.4657 25.7896 25.7896 25.7896 25.7896 25.7896 25.7896 25.7896 22.6910 22.6910 22.6910 22.6910 22.6910 22.6910 22.6910 19.6919 19.6919 19.6919 19.6919 19.6919 19.6919 19.6919 17.1174 64.5893 64.5893 63.3701 24.8635 
Ibias = 9.4000 9.4000 9.4000 9.4000 9.4000 9.4000 9.4000 9.4000 2.0000 2.0000 2.0000 2.0000 2.0000 2.0000 2.0000 2.0000 2.0000 2.0000 2.0000 2.0000 2.0000 2.0000 -2.0000 16.0000 16.0000 10.0000 -11.0000 
fa1 = 0.8277 0.2747 0.2747 0.2747 0.2747 0.2747 0.2747 0.2747 0.2149 0.2149 0.2149 0.2149 0.2149 0.2149 0.2149 0.1820 0.1820 0.1820 0.1820 0.1820 0.1820 0.1820 0.1631 48.0908 48.0908 29.0509 2.4405 
fa2 = 0.8274 0.2746 0.2746 0.2746 0.2746 0.2746 0.2746 0.2746 0.2148 0.2148 0.2148 0.2148 0.2148 0.2148 0.2148 0.1819 0.1819 0.1819 0.1819 0.1819 0.1819 0.1819 0.1630 48.6140 48.6140 29.3523 2.4286 
fa3 = 0.8274 0.2746 0.2746 0.2746 0.2746 0.2746 0.2746 0.2746 0.2148 0.2148 0.2148 0.2148 0.2148 0.2148 0.2148 0.1819 0.1819 0.1819 0.1819 0.1819 0.1819 0.1819 0.1630 48.6198 48.6198 29.3554 2.4286 
fa4 = 0.8271 0.2744 0.2744 0.2744 0.2744 0.2744 0.2744 0.2744 0.2147 0.2147 0.2147 0.2147 0.2147 0.2147 0.2147 0.1819 0.1819 0.1819 0.1819 0.1819 0.1819 0.1819 0.1630 49.1535 49.1535 29.6617 2.4168 
fb1 = -0.2051 -0.2313 -0.2313 -0.2313 -0.2313 -0.2313 -0.2313 -0.2313 -0.2415 -0.2415 -0.2415 -0.2415 -0.2415 -0.2415 -0.2415 -0.2514 -0.2514 -0.2514 -0.2514 -0.2514 -0.2514 -0.2514 -0.2597 0.0423 0.0423 0.0241 -0.0867 
fb2 = -0.2050 -0.2312 -0.2312 -0.2312 -0.2312 -0.2312 -0.2312 -0.2312 -0.2415 -0.2415 -0.2415 -0.2415 -0.2415 -0.2415 -0.2415 -0.2513 -0.2513 -0.2513 -0.2513 -0.2513 -0.2513 -0.2513 -0.2597 0.0433 0.0433 0.0247 -0.0866 
fb3 = -0.2050 -0.2312 -0.2312 -0.2312 -0.2312 -0.2312 -0.2312 -0.2312 -0.2415 -0.2415 -0.2415 -0.2415 -0.2415 -0.2415 -0.2415 -0.2513 -0.2513 -0.2513 -0.2513 -0.2513 -0.2513 -0.2513 -0.2597 0.0433 0.0433 0.0247 -0.0866 
fb4 = -0.2050 -0.2312 -0.2312 -0.2312 -0.2312 -0.2312 -0.2312 -0.2312 -0.2414 -0.2414 -0.2414 -0.2414 -0.2414 -0.2414 -0.2414 -0.2512 -0.2512 -0.2512 -0.2512 -0.2512 -0.2512 -0.2512 -0.2596 0.0443 0.0443 0.0253 -0.0866 
I = 14.9000 9.4000 9.4000 9.4000 9.4000 9.4000 9.4000 9.4000 6.0000 6.0000 6.0000 6.0000 6.0000 6.0000 6.0000 2.0000 2.0000 2.0000 2.0000 2.0000 2.0000 2.0000 -2.0000 25.7883 25.7883 10.0000 1.6109 
S1 = 0.0000 0.0000 0.0000 0.0000 0.0000 0.0000 0.0000 0.0000 0.0000 0.0000 0.0000 0.0000 0.0000 0.0000 0.0000 0.0000 0.0000 0.0000 0.0000 0.0000 0.0000 0.0000 0.0000 0.0000 0.0000 0.0000 0.0000 
S2 = 0.0000 0.0000 0.0000 0.0000 0.0000 0.0000 0.0000 0.0000 0.0000 0.0000 0.0000 0.0000 0.0000 0.0000 0.0000 0.0000 0.0000 0.0000 0.0000 0.0000 0.0000 0.0000 0.0000 1.7883 1.7883 0.0000 12.6109 
u = 8.4712 8.3583 8.3583 8.3583 8.3583 8.3583 8.3583 8.3583 8.3050 8.3050 8.3050 8.3050 8.3050 8.3050 8.3050 8.2506 8.2506 8.2506 8.2506 8.2506 8.2506 8.2506 8.2023 10.8011 10.8011 11.4698 9.3069 
v = 33.4740 25.7923 25.7923 25.7923 25.7923 25.7923 25.7923 25.7923 22.6931 22.6931 22.6931 22.6931 22.6931 22.6931 22.6931 19.6938 19.6938 19.6938 19.6938 19.6938 19.6938 19.6938 17.1191 65.0755 65.0755 63.6636 24.8877 
