ExternalI = 5.5000 0.0000 0.0000 0.0000 0.0000 0.0000 0.0000 0.0000 4.0000 4.0000 4.0000 4.0000 4.0000 4.0000 4.0000 0.0000 0.0000 0.0000 0.0000 0.0000 0.0000 0.0000 0.0000 8.0000 8.0000 0.0000 0.0000 
before u = 8.4712 8.3583 8.3583 8.3583 8.3583 8.3583 8.3583 8.3583 8.3050 8.3050 8.3050 8.3050 8.3050 8.3050 8.3050 8.2506 8.2506 8.2506 8.2506 8.2506 8.2506 8.2506 8.2023 10.8011 10.8011 11.4698 9.3069 
before v = 33.4740 25.7923 25.7923 25.7923 25.7923 25.7923 25.7923 25.7923 22.6931 22.6931 22.6931 22.6931 22.6931 22.6931 22.6931 19.6938 19.6938 19.6938 19.6938 19.6938 19.6938 19.6938 17.1191 65.0755 65.0755 63.6636 24.8877 
Ibias = 9.4000 9.4000 9.4000 9.4000 9.4000 9.4000 9.4000 9.4000 2.0000 2.0000 2.0000 2.0000 2.0000 2.0000 2.0000 2.0000 2.0000 2.0000 2.0000 2.0000 2.0000 2.0000 -2.0000 16.0000 16.0000 10.0000 -11.0000 
fa1 = 0.8271 0.2744 0.2744 0.2744 0.2744 0.2744 0.2744 0.2744 0.2147 0.2147 0.2147 0.2147 0.2147 0.2147 0.2147 0.1819 0.1819 0.1819 0.1819 0.1819 0.1819 0.1819 0.1630 49.1499 49.1499 29.6616 2.3916 
fa2 = 0.8268 0.2743 0.2743 0.2743 0.2743 0.2743 0.2743 0.2743 0.2147 0.2147 0.2147 0.2147 0.2147 0.2147 0.2147 0.1818 0.1818 0.1818 0.1818 0.1818 0.1818 0.1818 0.1630 49.6942 49.6942 29.9728 2.3800 
fa3 = 0.8268 0.2743 0.2743 0.2743 0.2743 0.2743 0.2743 0.2743 0.2147 0.2147 0.2147 0.2147 0.2147 0.2147 0.2147 0.1818 0.1818 0.1818 0.1818 0.1818 0.1818 0.1818 0.1630 49.7003 49.7003 29.9761 2.3800 
fa4 = 0.8265 0.2742 0.2742 0.2742 0.2742 0.2742 0.2742 0.2742 0.2146 0.2146 0.2146 0.2146 0.2146 0.2146 0.2146 0.1818 0.1818 0.1818 0.1818 0.1818 0.1818 0.1818 0.1629 50.2558 50.2558 30.2924 2.3685 
fb1 = -0.2050 -0.2312 -0.2312 -0.2312 -0.2312 -0.2312 -0.2312 -0.2312 -0.2414 -0.2414 -0.2414 -0.2414 -0.2414 -0.2414 -0.2414 -0.2512 -0.2512 -0.2512 -0.2512 -0.2512 -0.2512 -0.2512 -0.2596 0.0443 0.0443 0.0253 -0.0866 
fb2 = -0.2049 -0.2311 -0.2311 -0.2311 -0.2311 -0.2311 -0.2311 -0.2311 -0.2414 -0.2414 -0.2414 -0.2414 -0.2414 -0.2414 -0.2414 -0.2512 -0.2512 -0.2512 -0.2512 -0.2512 -0.2512 -0.2512 -0.2596 0.0453 0.0453 0.0258 -0.0865 
fb3 = -0.2049 -0.2311 -0.2311 -0.2311 -0.2311 -0.2311 -0.2311 -0.2311 -0.2414 -0.2414 -0.2414 -0.2414 -0.2414 -0.2414 -0.2414 -0.2512 -0.2512 -0.2512 -0.2512 -0.2512 -0.2512 -0.2512 -0.2596 0.0453 0.0453 0.0259 -0.0865 
fb4 = -0.2048 -0.2311 -0.2311 -0.2311 -0.2311 -0.2311 -0.2311 -0.2311 -0.2413 -0.2413 -0.2413 -0.2413 -0.2413 -0.2413 -0.2413 -0.2511 -0.2511 -0.2511 -0.2511 -0.2511 -0.2511 -0.2511 -0.2595 0.0463 0.0463 0.0265 -0.0865 
I = 14.9000 9.4000 9.4000 9.4000 9.4000 9.4000 9.4000 9.4000 6.0000 6.0000 6.0000 6.0000 6.0000 6.0000 6.0000 2.0000 2.0000 2.0000 2.0000 2.0000 2.0000 2.0000 -2.0000 25.7848 25.7848 10.0000 1.5857 
S1 = 0.0000 0.0000 0.0000 0.0000 0.0000 0.0000 0.0000 0.0000 0.0000 0.0000 0.0000 0.0000 0.0000 0.0000 0.0000 0.0000 0.0000 0.0000 0.0000 0.0000 0.0000 0.0000 0.0000 0.0000 0.0000 0.0000 0.0000 
S2 = 0.0000 0.0000 0.0000 0.0000 0.0000 0.0000 0.0000 0.0000 0.0000 0.0000 0.0000 0.0000 0.0000 0.0000 0.0000 0.0000 0.0000 0.0000 0.0000 0.0000 0.0000 0.0000 0.0000 1.7848 1.7848 0.0000 12.5857 
u = 8.4692 8.3560 8.3560 8.3560 8.3560 8.3560 8.3560 8.3560 8.3026 8.3026 8.3026 8.3026 8.3026 8.3026 8.3026 8.2481 8.2481 8.2481 8.2481 8.2481 8.2481 8.2481 8.1997 10.8015 10.8015 11.4700 9.3060 
v = 33.4823 25.7951 25.7951 25.7951 25.7951 25.7951 25.7951 25.7951 22.6953 22.6953 22.6953 22.6953 22.6953 22.6953 22.6953 19.6956 19.6956 19.6956 19.6956 19.6956 19.6956 19.6956 17.1207 65.5725 65.5725 63.9634 24.9115 
