ExternalI = 5.5000 0.0000 0.0000 0.0000 0.0000 0.0000 0.0000 0.0000 4.0000 4.0000 4.0000 4.0000 4.0000 4.0000 4.0000 0.0000 0.0000 0.0000 0.0000 0.0000 0.0000 0.0000 0.0000 8.0000 8.0000 0.0000 0.0000 
before u = 8.4692 8.3560 8.3560 8.3560 8.3560 8.3560 8.3560 8.3560 8.3026 8.3026 8.3026 8.3026 8.3026 8.3026 8.3026 8.2481 8.2481 8.2481 8.2481 8.2481 8.2481 8.2481 8.1997 10.8015 10.8015 11.4700 9.3060 
before v = 33.4823 25.7951 25.7951 25.7951 25.7951 25.7951 25.7951 25.7951 22.6953 22.6953 22.6953 22.6953 22.6953 22.6953 22.6953 19.6956 19.6956 19.6956 19.6956 19.6956 19.6956 19.6956 17.1207 65.5725 65.5725 63.9634 24.9115 
Ibias = 9.4000 9.4000 9.4000 9.4000 9.4000 9.4000 9.4000 9.4000 2.0000 2.0000 2.0000 2.0000 2.0000 2.0000 2.0000 2.0000 2.0000 2.0000 2.0000 2.0000 2.0000 2.0000 -2.0000 16.0000 16.0000 10.0000 -11.0000 
fa1 = 0.8265 0.2742 0.2742 0.2742 0.2742 0.2742 0.2742 0.2742 0.2146 0.2146 0.2146 0.2146 0.2146 0.2146 0.2146 0.1818 0.1818 0.1818 0.1818 0.1818 0.1818 0.1818 0.1629 50.2522 50.2522 30.2924 2.3433 
fa2 = 0.8262 0.2741 0.2741 0.2741 0.2741 0.2741 0.2741 0.2741 0.2145 0.2145 0.2145 0.2145 0.2145 0.2145 0.2145 0.1818 0.1818 0.1818 0.1818 0.1818 0.1818 0.1818 0.1629 50.8187 50.8187 30.6138 2.3319 
fa3 = 0.8262 0.2741 0.2741 0.2741 0.2741 0.2741 0.2741 0.2741 0.2145 0.2145 0.2145 0.2145 0.2145 0.2145 0.2145 0.1818 0.1818 0.1818 0.1818 0.1818 0.1818 0.1818 0.1629 50.8251 50.8251 30.6173 2.3320 
fa4 = 0.8259 0.2739 0.2739 0.2739 0.2739 0.2739 0.2739 0.2739 0.2145 0.2145 0.2145 0.2145 0.2145 0.2145 0.2145 0.1817 0.1817 0.1817 0.1817 0.1817 0.1817 0.1817 0.1629 51.4034 51.4034 30.9441 2.3207 
fb1 = -0.2048 -0.2311 -0.2311 -0.2311 -0.2311 -0.2311 -0.2311 -0.2311 -0.2413 -0.2413 -0.2413 -0.2413 -0.2413 -0.2413 -0.2413 -0.2511 -0.2511 -0.2511 -0.2511 -0.2511 -0.2511 -0.2511 -0.2595 0.0463 0.0463 0.0265 -0.0865 
fb2 = -0.2048 -0.2310 -0.2310 -0.2310 -0.2310 -0.2310 -0.2310 -0.2310 -0.2413 -0.2413 -0.2413 -0.2413 -0.2413 -0.2413 -0.2413 -0.2511 -0.2511 -0.2511 -0.2511 -0.2511 -0.2511 -0.2511 -0.2595 0.0473 0.0473 0.0271 -0.0864 
fb3 = -0.2048 -0.2310 -0.2310 -0.2310 -0.2310 -0.2310 -0.2310 -0.2310 -0.2413 -0.2413 -0.2413 -0.2413 -0.2413 -0.2413 -0.2413 -0.2511 -0.2511 -0.2511 -0.2511 -0.2511 -0.2511 -0.2511 -0.2595 0.0473 0.0473 0.0271 -0.0864 
fb4 = -0.2047 -0.2310 -0.2310 -0.2310 -0.2310 -0.2310 -0.2310 -0.2310 -0.2412 -0.2412 -0.2412 -0.2412 -0.2412 -0.2412 -0.2412 -0.2510 -0.2510 -0.2510 -0.2510 -0.2510 -0.2510 -0.2510 -0.2594 0.0483 0.0483 0.0277 -0.0864 
I = 14.9000 9.4000 9.4000 9.4000 9.4000 9.4000 9.4000 9.4000 6.0000 6.0000 6.0000 6.0000 6.0000 6.0000 6.0000 2.0000 2.0000 2.0000 2.0000 2.0000 2.0000 2.0000 -2.0000 25.7812 25.7812 10.0000 1.5605 
S1 = 0.0000 0.0000 0.0000 0.0000 0.0000 0.0000 0.0000 0.0000 0.0000 0.0000 0.0000 0.0000 0.0000 0.0000 0.0000 0.0000 0.0000 0.0000 0.0000 0.0000 0.0000 0.0000 0.0000 0.0000 0.0000 0.0000 0.0000 
S2 = 0.0000 0.0000 0.0000 0.0000 0.0000 0.0000 0.0000 0.0000 0.0000 0.0000 0.0000 0.0000 0.0000 0.0000 0.0000 0.0000 0.0000 0.0000 0.0000 0.0000 0.0000 0.0000 0.0000 1.7812 1.7812 0.0000 12.5605 
u = 8.4671 8.3537 8.3537 8.3537 8.3537 8.3537 8.3537 8.3537 8.3002 8.3002 8.3002 8.3002 8.3002 8.3002 8.3002 8.2456 8.2456 8.2456 8.2456 8.2456 8.2456 8.2456 8.1971 10.8020 10.8020 11.4703 9.3051 
v = 33.4905 25.7978 25.7978 25.7978 25.7978 25.7978 25.7978 25.7978 22.6974 22.6974 22.6974 22.6974 22.6974 22.6974 22.6974 19.6974 19.6974 19.6974 19.6974 19.6974 19.6974 19.6974 17.1223 66.0807 66.0807 64.2695 24.9349 
