ExternalI = 5.5000 0.0000 0.0000 0.0000 0.0000 0.0000 0.0000 0.0000 4.0000 4.0000 4.0000 4.0000 4.0000 4.0000 4.0000 0.0000 0.0000 0.0000 0.0000 0.0000 0.0000 0.0000 0.0000 8.0000 8.0000 0.0000 0.0000 
before u = 8.4671 8.3537 8.3537 8.3537 8.3537 8.3537 8.3537 8.3537 8.3002 8.3002 8.3002 8.3002 8.3002 8.3002 8.3002 8.2456 8.2456 8.2456 8.2456 8.2456 8.2456 8.2456 8.1971 10.8020 10.8020 11.4703 9.3051 
before v = 33.4905 25.7978 25.7978 25.7978 25.7978 25.7978 25.7978 25.7978 22.6974 22.6974 22.6974 22.6974 22.6974 22.6974 22.6974 19.6974 19.6974 19.6974 19.6974 19.6974 19.6974 19.6974 17.1223 66.0807 66.0807 64.2695 24.9349 
Ibias = 9.4000 9.4000 9.4000 9.4000 9.4000 9.4000 9.4000 9.4000 2.0000 2.0000 2.0000 2.0000 2.0000 2.0000 2.0000 2.0000 2.0000 2.0000 2.0000 2.0000 2.0000 2.0000 -2.0000 16.0000 16.0000 10.0000 -11.0000 
fa1 = 0.8259 0.2739 0.2739 0.2739 0.2739 0.2739 0.2739 0.2739 0.2145 0.2145 0.2145 0.2145 0.2145 0.2145 0.2145 0.1817 0.1817 0.1817 0.1817 0.1817 0.1817 0.1817 0.1629 51.3999 51.3999 30.9440 2.2956 
fa2 = 0.8256 0.2738 0.2738 0.2738 0.2738 0.2738 0.2738 0.2738 0.2144 0.2144 0.2144 0.2144 0.2144 0.2144 0.2144 0.1817 0.1817 0.1817 0.1817 0.1817 0.1817 0.1817 0.1629 51.9899 51.9899 31.2762 2.2845 
fa3 = 0.8256 0.2738 0.2738 0.2738 0.2738 0.2738 0.2738 0.2738 0.2144 0.2144 0.2144 0.2144 0.2144 0.2144 0.2144 0.1817 0.1817 0.1817 0.1817 0.1817 0.1817 0.1817 0.1629 51.9967 51.9967 31.2798 2.2845 
fa4 = 0.8253 0.2737 0.2737 0.2737 0.2737 0.2737 0.2737 0.2737 0.2143 0.2143 0.2143 0.2143 0.2143 0.2143 0.2143 0.1817 0.1817 0.1817 0.1817 0.1817 0.1817 0.1817 0.1628 52.5991 52.5991 31.6176 2.2735 
fb1 = -0.2047 -0.2310 -0.2310 -0.2310 -0.2310 -0.2310 -0.2310 -0.2310 -0.2412 -0.2412 -0.2412 -0.2412 -0.2412 -0.2412 -0.2412 -0.2510 -0.2510 -0.2510 -0.2510 -0.2510 -0.2510 -0.2510 -0.2594 0.0483 0.0483 0.0277 -0.0864 
fb2 = -0.2047 -0.2309 -0.2309 -0.2309 -0.2309 -0.2309 -0.2309 -0.2309 -0.2412 -0.2412 -0.2412 -0.2412 -0.2412 -0.2412 -0.2412 -0.2510 -0.2510 -0.2510 -0.2510 -0.2510 -0.2510 -0.2510 -0.2593 0.0493 0.0493 0.0283 -0.0863 
fb3 = -0.2047 -0.2309 -0.2309 -0.2309 -0.2309 -0.2309 -0.2309 -0.2309 -0.2412 -0.2412 -0.2412 -0.2412 -0.2412 -0.2412 -0.2412 -0.2510 -0.2510 -0.2510 -0.2510 -0.2510 -0.2510 -0.2510 -0.2593 0.0493 0.0493 0.0283 -0.0863 
fb4 = -0.2046 -0.2309 -0.2309 -0.2309 -0.2309 -0.2309 -0.2309 -0.2309 -0.2411 -0.2411 -0.2411 -0.2411 -0.2411 -0.2411 -0.2411 -0.2509 -0.2509 -0.2509 -0.2509 -0.2509 -0.2509 -0.2509 -0.2593 0.0504 0.0504 0.0289 -0.0863 
I = 14.9000 9.4000 9.4000 9.4000 9.4000 9.4000 9.4000 9.4000 6.0000 6.0000 6.0000 6.0000 6.0000 6.0000 6.0000 2.0000 2.0000 2.0000 2.0000 2.0000 2.0000 2.0000 -2.0000 25.7776 25.7776 10.0000 1.5354 
S1 = 0.0000 0.0000 0.0000 0.0000 0.0000 0.0000 0.0000 0.0000 0.0000 0.0000 0.0000 0.0000 0.0000 0.0000 0.0000 0.0000 0.0000 0.0000 0.0000 0.0000 0.0000 0.0000 0.0000 0.0000 0.0000 0.0000 0.0000 
S2 = 0.0000 0.0000 0.0000 0.0000 0.0000 0.0000 0.0000 0.0000 0.0000 0.0000 0.0000 0.0000 0.0000 0.0000 0.0000 0.0000 0.0000 0.0000 0.0000 0.0000 0.0000 0.0000 0.0000 1.7776 1.7776 0.0000 12.5354 
u = 8.4651 8.3514 8.3514 8.3514 8.3514 8.3514 8.3514 8.3514 8.2978 8.2978 8.2978 8.2978 8.2978 8.2978 8.2978 8.2431 8.2431 8.2431 8.2431 8.2431 8.2431 8.2431 8.1945 10.8025 10.8025 11.4706 9.3043 
v = 33.4988 25.8006 25.8006 25.8006 25.8006 25.8006 25.8006 25.8006 22.6996 22.6996 22.6996 22.6996 22.6996 22.6996 22.6996 19.6992 19.6992 19.6992 19.6992 19.6992 19.6992 19.6992 17.1239 66.6006 66.6006 64.5823 24.9577 
