ExternalI = 5.5000 0.0000 0.0000 0.0000 0.0000 0.0000 0.0000 0.0000 4.0000 4.0000 4.0000 4.0000 4.0000 4.0000 4.0000 0.0000 0.0000 0.0000 0.0000 0.0000 0.0000 0.0000 0.0000 8.0000 8.0000 0.0000 0.0000 
before u = 8.4651 8.3514 8.3514 8.3514 8.3514 8.3514 8.3514 8.3514 8.2978 8.2978 8.2978 8.2978 8.2978 8.2978 8.2978 8.2431 8.2431 8.2431 8.2431 8.2431 8.2431 8.2431 8.1945 10.8025 10.8025 11.4706 9.3043 
before v = 33.4988 25.8006 25.8006 25.8006 25.8006 25.8006 25.8006 25.8006 22.6996 22.6996 22.6996 22.6996 22.6996 22.6996 22.6996 19.6992 19.6992 19.6992 19.6992 19.6992 19.6992 19.6992 17.1239 66.6006 66.6006 64.5823 24.9577 
Ibias = 9.4000 9.4000 9.4000 9.4000 9.4000 9.4000 9.4000 9.4000 2.0000 2.0000 2.0000 2.0000 2.0000 2.0000 2.0000 2.0000 2.0000 2.0000 2.0000 2.0000 2.0000 2.0000 -2.0000 16.0000 16.0000 10.0000 -11.0000 
fa1 = 0.8253 0.2737 0.2737 0.2737 0.2737 0.2737 0.2737 0.2737 0.2143 0.2143 0.2143 0.2143 0.2143 0.2143 0.2143 0.1817 0.1817 0.1817 0.1817 0.1817 0.1817 0.1817 0.1628 52.5955 52.5955 31.6175 2.2484 
fa2 = 0.8250 0.2735 0.2735 0.2735 0.2735 0.2735 0.2735 0.2735 0.2143 0.2143 0.2143 0.2143 0.2143 0.2143 0.2143 0.1816 0.1816 0.1816 0.1816 0.1816 0.1816 0.1816 0.1628 53.2102 53.2102 31.9609 2.2376 
fa3 = 0.8250 0.2735 0.2735 0.2735 0.2735 0.2735 0.2735 0.2735 0.2143 0.2143 0.2143 0.2143 0.2143 0.2143 0.2143 0.1816 0.1816 0.1816 0.1816 0.1816 0.1816 0.1816 0.1628 53.2174 53.2174 31.9646 2.2376 
fa4 = 0.8247 0.2734 0.2734 0.2734 0.2734 0.2734 0.2734 0.2734 0.2142 0.2142 0.2142 0.2142 0.2142 0.2142 0.2142 0.1816 0.1816 0.1816 0.1816 0.1816 0.1816 0.1816 0.1628 53.8452 53.8452 32.3139 2.2269 
fb1 = -0.2046 -0.2309 -0.2309 -0.2309 -0.2309 -0.2309 -0.2309 -0.2309 -0.2411 -0.2411 -0.2411 -0.2411 -0.2411 -0.2411 -0.2411 -0.2509 -0.2509 -0.2509 -0.2509 -0.2509 -0.2509 -0.2509 -0.2593 0.0504 0.0504 0.0289 -0.0863 
fb2 = -0.2046 -0.2308 -0.2308 -0.2308 -0.2308 -0.2308 -0.2308 -0.2308 -0.2411 -0.2411 -0.2411 -0.2411 -0.2411 -0.2411 -0.2411 -0.2509 -0.2509 -0.2509 -0.2509 -0.2509 -0.2509 -0.2509 -0.2592 0.0514 0.0514 0.0295 -0.0862 
fb3 = -0.2046 -0.2308 -0.2308 -0.2308 -0.2308 -0.2308 -0.2308 -0.2308 -0.2411 -0.2411 -0.2411 -0.2411 -0.2411 -0.2411 -0.2411 -0.2509 -0.2509 -0.2509 -0.2509 -0.2509 -0.2509 -0.2509 -0.2592 0.0514 0.0514 0.0296 -0.0862 
fb4 = -0.2045 -0.2308 -0.2308 -0.2308 -0.2308 -0.2308 -0.2308 -0.2308 -0.2410 -0.2410 -0.2410 -0.2410 -0.2410 -0.2410 -0.2410 -0.2508 -0.2508 -0.2508 -0.2508 -0.2508 -0.2508 -0.2508 -0.2592 0.0525 0.0525 0.0302 -0.0861 
I = 14.9000 9.4000 9.4000 9.4000 9.4000 9.4000 9.4000 9.4000 6.0000 6.0000 6.0000 6.0000 6.0000 6.0000 6.0000 2.0000 2.0000 2.0000 2.0000 2.0000 2.0000 2.0000 -2.0000 25.7741 25.7741 10.0000 1.5103 
S1 = 0.0000 0.0000 0.0000 0.0000 0.0000 0.0000 0.0000 0.0000 0.0000 0.0000 0.0000 0.0000 0.0000 0.0000 0.0000 0.0000 0.0000 0.0000 0.0000 0.0000 0.0000 0.0000 0.0000 0.0000 0.0000 0.0000 0.0000 
S2 = 0.0000 0.0000 0.0000 0.0000 0.0000 0.0000 0.0000 0.0000 0.0000 0.0000 0.0000 0.0000 0.0000 0.0000 0.0000 0.0000 0.0000 0.0000 0.0000 0.0000 0.0000 0.0000 0.0000 1.7741 1.7741 0.0000 12.5103 
u = 8.4630 8.3491 8.3491 8.3491 8.3491 8.3491 8.3491 8.3491 8.2954 8.2954 8.2954 8.2954 8.2954 8.2954 8.2954 8.2406 8.2406 8.2406 8.2406 8.2406 8.2406 8.2406 8.1919 10.8030 10.8030 11.4709 9.3034 
v = 33.5070 25.8033 25.8033 25.8033 25.8033 25.8033 25.8033 25.8033 22.7017 22.7017 22.7017 22.7017 22.7017 22.7017 22.7017 19.7010 19.7010 19.7010 19.7010 19.7010 19.7010 19.7010 17.1256 67.1328 67.1328 64.9020 24.9801 
