ExternalI = 5.5000 0.0000 0.0000 0.0000 0.0000 0.0000 0.0000 0.0000 4.0000 4.0000 4.0000 4.0000 4.0000 4.0000 4.0000 0.0000 0.0000 0.0000 0.0000 0.0000 0.0000 0.0000 0.0000 8.0000 8.0000 0.0000 0.0000 
before u = 8.4630 8.3491 8.3491 8.3491 8.3491 8.3491 8.3491 8.3491 8.2954 8.2954 8.2954 8.2954 8.2954 8.2954 8.2954 8.2406 8.2406 8.2406 8.2406 8.2406 8.2406 8.2406 8.1919 10.8030 10.8030 11.4709 9.3034 
before v = 33.5070 25.8033 25.8033 25.8033 25.8033 25.8033 25.8033 25.8033 22.7017 22.7017 22.7017 22.7017 22.7017 22.7017 22.7017 19.7010 19.7010 19.7010 19.7010 19.7010 19.7010 19.7010 17.1256 67.1328 67.1328 64.9020 24.9801 
Ibias = 9.4000 9.4000 9.4000 9.4000 9.4000 9.4000 9.4000 9.4000 2.0000 2.0000 2.0000 2.0000 2.0000 2.0000 2.0000 2.0000 2.0000 2.0000 2.0000 2.0000 2.0000 2.0000 -2.0000 16.0000 16.0000 10.0000 -11.0000 
fa1 = 0.8247 0.2734 0.2734 0.2734 0.2734 0.2734 0.2734 0.2734 0.2142 0.2142 0.2142 0.2142 0.2142 0.2142 0.2142 0.1816 0.1816 0.1816 0.1816 0.1816 0.1816 0.1816 0.1628 53.8416 53.8416 32.3138 2.2018 
fa2 = 0.8244 0.2733 0.2733 0.2733 0.2733 0.2733 0.2733 0.2733 0.2142 0.2142 0.2142 0.2142 0.2142 0.2142 0.2142 0.1815 0.1815 0.1815 0.1815 0.1815 0.1815 0.1815 0.1627 54.4825 54.4825 32.6689 2.1913 
fa3 = 0.8244 0.2733 0.2733 0.2733 0.2733 0.2733 0.2733 0.2733 0.2142 0.2142 0.2142 0.2142 0.2142 0.2142 0.2142 0.1815 0.1815 0.1815 0.1815 0.1815 0.1815 0.1815 0.1627 54.4901 54.4901 32.6728 2.1913 
fa4 = 0.8241 0.2732 0.2732 0.2732 0.2732 0.2732 0.2732 0.2732 0.2141 0.2141 0.2141 0.2141 0.2141 0.2141 0.2141 0.1815 0.1815 0.1815 0.1815 0.1815 0.1815 0.1815 0.1627 55.1447 55.1447 33.0340 2.1808 
fb1 = -0.2045 -0.2308 -0.2308 -0.2308 -0.2308 -0.2308 -0.2308 -0.2308 -0.2410 -0.2410 -0.2410 -0.2410 -0.2410 -0.2410 -0.2410 -0.2508 -0.2508 -0.2508 -0.2508 -0.2508 -0.2508 -0.2508 -0.2592 0.0525 0.0525 0.0302 -0.0861 
fb2 = -0.2044 -0.2307 -0.2307 -0.2307 -0.2307 -0.2307 -0.2307 -0.2307 -0.2410 -0.2410 -0.2410 -0.2410 -0.2410 -0.2410 -0.2410 -0.2508 -0.2508 -0.2508 -0.2508 -0.2508 -0.2508 -0.2508 -0.2591 0.0535 0.0535 0.0308 -0.0861 
fb3 = -0.2044 -0.2307 -0.2307 -0.2307 -0.2307 -0.2307 -0.2307 -0.2307 -0.2410 -0.2410 -0.2410 -0.2410 -0.2410 -0.2410 -0.2410 -0.2508 -0.2508 -0.2508 -0.2508 -0.2508 -0.2508 -0.2508 -0.2591 0.0536 0.0536 0.0308 -0.0861 
fb4 = -0.2044 -0.2306 -0.2306 -0.2306 -0.2306 -0.2306 -0.2306 -0.2306 -0.2409 -0.2409 -0.2409 -0.2409 -0.2409 -0.2409 -0.2409 -0.2507 -0.2507 -0.2507 -0.2507 -0.2507 -0.2507 -0.2507 -0.2591 0.0546 0.0546 0.0315 -0.0860 
I = 14.9000 9.4000 9.4000 9.4000 9.4000 9.4000 9.4000 9.4000 6.0000 6.0000 6.0000 6.0000 6.0000 6.0000 6.0000 2.0000 2.0000 2.0000 2.0000 2.0000 2.0000 2.0000 -2.0000 25.7705 25.7705 10.0000 1.4853 
S1 = 0.0000 0.0000 0.0000 0.0000 0.0000 0.0000 0.0000 0.0000 0.0000 0.0000 0.0000 0.0000 0.0000 0.0000 0.0000 0.0000 0.0000 0.0000 0.0000 0.0000 0.0000 0.0000 0.0000 0.0000 0.0000 0.0000 0.0000 
S2 = 0.0000 0.0000 0.0000 0.0000 0.0000 0.0000 0.0000 0.0000 0.0000 0.0000 0.0000 0.0000 0.0000 0.0000 0.0000 0.0000 0.0000 0.0000 0.0000 0.0000 0.0000 0.0000 0.0000 1.7705 1.7705 0.0000 12.4853 
u = 8.4610 8.3468 8.3468 8.3468 8.3468 8.3468 8.3468 8.3468 8.2929 8.2929 8.2929 8.2929 8.2929 8.2929 8.2929 8.2381 8.2381 8.2381 8.2381 8.2381 8.2381 8.2381 8.1893 10.8036 10.8036 11.4712 9.3025 
v = 33.5153 25.8060 25.8060 25.8060 25.8060 25.8060 25.8060 25.8060 22.7039 22.7039 22.7039 22.7039 22.7039 22.7039 22.7039 19.7028 19.7028 19.7028 19.7028 19.7028 19.7028 19.7028 17.1272 67.6777 67.6777 65.2287 25.0020 
