ExternalI = 5.5000 0.0000 0.0000 0.0000 0.0000 0.0000 0.0000 0.0000 4.0000 4.0000 4.0000 4.0000 4.0000 4.0000 4.0000 0.0000 0.0000 0.0000 0.0000 0.0000 0.0000 0.0000 0.0000 8.0000 8.0000 0.0000 0.0000 
before u = 8.4610 8.3468 8.3468 8.3468 8.3468 8.3468 8.3468 8.3468 8.2929 8.2929 8.2929 8.2929 8.2929 8.2929 8.2929 8.2381 8.2381 8.2381 8.2381 8.2381 8.2381 8.2381 8.1893 10.8036 10.8036 11.4712 9.3025 
before v = 33.5153 25.8060 25.8060 25.8060 25.8060 25.8060 25.8060 25.8060 22.7039 22.7039 22.7039 22.7039 22.7039 22.7039 22.7039 19.7028 19.7028 19.7028 19.7028 19.7028 19.7028 19.7028 17.1272 67.6777 67.6777 65.2287 25.0020 
Ibias = 9.4000 9.4000 9.4000 9.4000 9.4000 9.4000 9.4000 9.4000 2.0000 2.0000 2.0000 2.0000 2.0000 2.0000 2.0000 2.0000 2.0000 2.0000 2.0000 2.0000 2.0000 2.0000 -2.0000 16.0000 16.0000 10.0000 -11.0000 
fa1 = 0.8241 0.2732 0.2732 0.2732 0.2732 0.2732 0.2732 0.2732 0.2141 0.2141 0.2141 0.2141 0.2141 0.2141 0.2141 0.1815 0.1815 0.1815 0.1815 0.1815 0.1815 0.1815 0.1627 55.1412 55.1412 33.0340 2.1558 
fa2 = 0.8238 0.2730 0.2730 0.2730 0.2730 0.2730 0.2730 0.2730 0.2140 0.2140 0.2140 0.2140 0.2140 0.2140 0.2140 0.1815 0.1815 0.1815 0.1815 0.1815 0.1815 0.1815 0.1627 55.8095 55.8095 33.4014 2.1455 
fa3 = 0.8238 0.2730 0.2730 0.2730 0.2730 0.2730 0.2730 0.2730 0.2140 0.2140 0.2140 0.2140 0.2140 0.2140 0.2140 0.1815 0.1815 0.1815 0.1815 0.1815 0.1815 0.1815 0.1627 55.8177 55.8177 33.4055 2.1455 
fa4 = 0.8235 0.2729 0.2729 0.2729 0.2729 0.2729 0.2729 0.2729 0.2140 0.2140 0.2140 0.2140 0.2140 0.2140 0.2140 0.1814 0.1814 0.1814 0.1814 0.1814 0.1814 0.1814 0.1626 56.5006 56.5006 33.7792 2.1352 
fb1 = -0.2044 -0.2306 -0.2306 -0.2306 -0.2306 -0.2306 -0.2306 -0.2306 -0.2409 -0.2409 -0.2409 -0.2409 -0.2409 -0.2409 -0.2409 -0.2507 -0.2507 -0.2507 -0.2507 -0.2507 -0.2507 -0.2507 -0.2591 0.0546 0.0546 0.0315 -0.0860 
fb2 = -0.2043 -0.2306 -0.2306 -0.2306 -0.2306 -0.2306 -0.2306 -0.2306 -0.2408 -0.2408 -0.2408 -0.2408 -0.2408 -0.2408 -0.2408 -0.2507 -0.2507 -0.2507 -0.2507 -0.2507 -0.2507 -0.2507 -0.2590 0.0557 0.0557 0.0321 -0.0860 
fb3 = -0.2043 -0.2306 -0.2306 -0.2306 -0.2306 -0.2306 -0.2306 -0.2306 -0.2408 -0.2408 -0.2408 -0.2408 -0.2408 -0.2408 -0.2408 -0.2507 -0.2507 -0.2507 -0.2507 -0.2507 -0.2507 -0.2507 -0.2590 0.0558 0.0558 0.0322 -0.0860 
fb4 = -0.2043 -0.2305 -0.2305 -0.2305 -0.2305 -0.2305 -0.2305 -0.2305 -0.2408 -0.2408 -0.2408 -0.2408 -0.2408 -0.2408 -0.2408 -0.2506 -0.2506 -0.2506 -0.2506 -0.2506 -0.2506 -0.2506 -0.2590 0.0569 0.0569 0.0328 -0.0859 
I = 14.9000 9.4000 9.4000 9.4000 9.4000 9.4000 9.4000 9.4000 6.0000 6.0000 6.0000 6.0000 6.0000 6.0000 6.0000 2.0000 2.0000 2.0000 2.0000 2.0000 2.0000 2.0000 -2.0000 25.7670 25.7670 10.0000 1.4603 
S1 = 0.0000 0.0000 0.0000 0.0000 0.0000 0.0000 0.0000 0.0000 0.0000 0.0000 0.0000 0.0000 0.0000 0.0000 0.0000 0.0000 0.0000 0.0000 0.0000 0.0000 0.0000 0.0000 0.0000 0.0000 0.0000 0.0000 0.0000 
S2 = 0.0000 0.0000 0.0000 0.0000 0.0000 0.0000 0.0000 0.0000 0.0000 0.0000 0.0000 0.0000 0.0000 0.0000 0.0000 0.0000 0.0000 0.0000 0.0000 0.0000 0.0000 0.0000 0.0000 1.7670 1.7670 0.0000 12.4603 
u = 8.4590 8.3445 8.3445 8.3445 8.3445 8.3445 8.3445 8.3445 8.2905 8.2905 8.2905 8.2905 8.2905 8.2905 8.2905 8.2355 8.2355 8.2355 8.2355 8.2355 8.2355 8.2355 8.1868 10.8041 10.8041 11.4715 9.3017 
v = 33.5235 25.8088 25.8088 25.8088 25.8088 25.8088 25.8088 25.8088 22.7060 22.7060 22.7060 22.7060 22.7060 22.7060 22.7060 19.7047 19.7047 19.7047 19.7047 19.7047 19.7047 19.7047 17.1288 68.2359 68.2359 65.5627 25.0235 
