ExternalI = 5.5000 0.0000 0.0000 0.0000 0.0000 0.0000 0.0000 0.0000 4.0000 4.0000 4.0000 4.0000 4.0000 4.0000 4.0000 0.0000 0.0000 0.0000 0.0000 0.0000 0.0000 0.0000 0.0000 8.0000 8.0000 0.0000 0.0000 
before u = 8.4590 8.3445 8.3445 8.3445 8.3445 8.3445 8.3445 8.3445 8.2905 8.2905 8.2905 8.2905 8.2905 8.2905 8.2905 8.2355 8.2355 8.2355 8.2355 8.2355 8.2355 8.2355 8.1868 10.8041 10.8041 11.4715 9.3017 
before v = 33.5235 25.8088 25.8088 25.8088 25.8088 25.8088 25.8088 25.8088 22.7060 22.7060 22.7060 22.7060 22.7060 22.7060 22.7060 19.7047 19.7047 19.7047 19.7047 19.7047 19.7047 19.7047 17.1288 68.2359 68.2359 65.5627 25.0235 
Ibias = 9.4000 9.4000 9.4000 9.4000 9.4000 9.4000 9.4000 9.4000 2.0000 2.0000 2.0000 2.0000 2.0000 2.0000 2.0000 2.0000 2.0000 2.0000 2.0000 2.0000 2.0000 2.0000 -2.0000 16.0000 16.0000 10.0000 -11.0000 
fa1 = 0.8235 0.2729 0.2729 0.2729 0.2729 0.2729 0.2729 0.2729 0.2140 0.2140 0.2140 0.2140 0.2140 0.2140 0.2140 0.1814 0.1814 0.1814 0.1814 0.1814 0.1814 0.1814 0.1626 56.4970 56.4970 33.7792 2.1103 
fa2 = 0.8233 0.2728 0.2728 0.2728 0.2728 0.2728 0.2728 0.2728 0.2139 0.2139 0.2139 0.2139 0.2139 0.2139 0.2139 0.1814 0.1814 0.1814 0.1814 0.1814 0.1814 0.1814 0.1626 57.1945 57.1945 34.1593 2.1002 
fa3 = 0.8233 0.2728 0.2728 0.2728 0.2728 0.2728 0.2728 0.2728 0.2139 0.2139 0.2139 0.2139 0.2139 0.2139 0.2139 0.1814 0.1814 0.1814 0.1814 0.1814 0.1814 0.1814 0.1626 57.2032 57.2032 34.1636 2.1003 
fa4 = 0.8230 0.2727 0.2727 0.2727 0.2727 0.2727 0.2727 0.2727 0.2138 0.2138 0.2138 0.2138 0.2138 0.2138 0.2138 0.1813 0.1813 0.1813 0.1813 0.1813 0.1813 0.1813 0.1626 57.9161 57.9161 34.5505 2.0902 
fb1 = -0.2043 -0.2305 -0.2305 -0.2305 -0.2305 -0.2305 -0.2305 -0.2305 -0.2408 -0.2408 -0.2408 -0.2408 -0.2408 -0.2408 -0.2408 -0.2506 -0.2506 -0.2506 -0.2506 -0.2506 -0.2506 -0.2506 -0.2590 0.0569 0.0569 0.0328 -0.0859 
fb2 = -0.2042 -0.2305 -0.2305 -0.2305 -0.2305 -0.2305 -0.2305 -0.2305 -0.2407 -0.2407 -0.2407 -0.2407 -0.2407 -0.2407 -0.2407 -0.2505 -0.2505 -0.2505 -0.2505 -0.2505 -0.2505 -0.2505 -0.2589 0.0580 0.0580 0.0335 -0.0859 
fb3 = -0.2042 -0.2305 -0.2305 -0.2305 -0.2305 -0.2305 -0.2305 -0.2305 -0.2407 -0.2407 -0.2407 -0.2407 -0.2407 -0.2407 -0.2407 -0.2505 -0.2505 -0.2505 -0.2505 -0.2505 -0.2505 -0.2505 -0.2589 0.0580 0.0580 0.0335 -0.0859 
fb4 = -0.2041 -0.2304 -0.2304 -0.2304 -0.2304 -0.2304 -0.2304 -0.2304 -0.2407 -0.2407 -0.2407 -0.2407 -0.2407 -0.2407 -0.2407 -0.2505 -0.2505 -0.2505 -0.2505 -0.2505 -0.2505 -0.2505 -0.2588 0.0591 0.0591 0.0342 -0.0858 
I = 14.9000 9.4000 9.4000 9.4000 9.4000 9.4000 9.4000 9.4000 6.0000 6.0000 6.0000 6.0000 6.0000 6.0000 6.0000 2.0000 2.0000 2.0000 2.0000 2.0000 2.0000 2.0000 -2.0000 25.7635 25.7635 10.0000 1.4354 
S1 = 0.0000 0.0000 0.0000 0.0000 0.0000 0.0000 0.0000 0.0000 0.0000 0.0000 0.0000 0.0000 0.0000 0.0000 0.0000 0.0000 0.0000 0.0000 0.0000 0.0000 0.0000 0.0000 0.0000 0.0000 0.0000 0.0000 0.0000 
S2 = 0.0000 0.0000 0.0000 0.0000 0.0000 0.0000 0.0000 0.0000 0.0000 0.0000 0.0000 0.0000 0.0000 0.0000 0.0000 0.0000 0.0000 0.0000 0.0000 0.0000 0.0000 0.0000 0.0000 1.7635 1.7635 0.0000 12.4354 
u = 8.4569 8.3422 8.3422 8.3422 8.3422 8.3422 8.3422 8.3422 8.2881 8.2881 8.2881 8.2881 8.2881 8.2881 8.2881 8.2330 8.2330 8.2330 8.2330 8.2330 8.2330 8.2330 8.1842 10.8047 10.8047 11.4719 9.3008 
v = 33.5318 25.8115 25.8115 25.8115 25.8115 25.8115 25.8115 25.8115 22.7081 22.7081 22.7081 22.7081 22.7081 22.7081 22.7081 19.7065 19.7065 19.7065 19.7065 19.7065 19.7065 19.7065 17.1305 68.8079 68.8079 65.9044 25.0445 
