ExternalI = 5.5000 0.0000 0.0000 0.0000 0.0000 0.0000 0.0000 0.0000 4.0000 4.0000 4.0000 4.0000 4.0000 4.0000 4.0000 0.0000 0.0000 0.0000 0.0000 0.0000 0.0000 0.0000 0.0000 8.0000 8.0000 0.0000 0.0000 
before u = 8.4569 8.3422 8.3422 8.3422 8.3422 8.3422 8.3422 8.3422 8.2881 8.2881 8.2881 8.2881 8.2881 8.2881 8.2881 8.2330 8.2330 8.2330 8.2330 8.2330 8.2330 8.2330 8.1842 10.8047 10.8047 11.4719 9.3008 
before v = 33.5318 25.8115 25.8115 25.8115 25.8115 25.8115 25.8115 25.8115 22.7081 22.7081 22.7081 22.7081 22.7081 22.7081 22.7081 19.7065 19.7065 19.7065 19.7065 19.7065 19.7065 19.7065 17.1305 68.8079 68.8079 65.9044 25.0445 
Ibias = 9.4000 9.4000 9.4000 9.4000 9.4000 9.4000 9.4000 9.4000 2.0000 2.0000 2.0000 2.0000 2.0000 2.0000 2.0000 2.0000 2.0000 2.0000 2.0000 2.0000 2.0000 2.0000 -2.0000 16.0000 16.0000 10.0000 -11.0000 
fa1 = 0.8230 0.2727 0.2727 0.2727 0.2727 0.2727 0.2727 0.2727 0.2138 0.2138 0.2138 0.2138 0.2138 0.2138 0.2138 0.1813 0.1813 0.1813 0.1813 0.1813 0.1813 0.1813 0.1626 57.9125 57.9125 34.5505 2.0654 
fa2 = 0.8227 0.2726 0.2726 0.2726 0.2726 0.2726 0.2726 0.2726 0.2138 0.2138 0.2138 0.2138 0.2138 0.2138 0.2138 0.1813 0.1813 0.1813 0.1813 0.1813 0.1813 0.1813 0.1625 58.6408 58.6408 34.9440 2.0555 
fa3 = 0.8227 0.2726 0.2726 0.2726 0.2726 0.2726 0.2726 0.2726 0.2138 0.2138 0.2138 0.2138 0.2138 0.2138 0.2138 0.1813 0.1813 0.1813 0.1813 0.1813 0.1813 0.1813 0.1625 58.6500 58.6500 34.9485 2.0555 
fa4 = 0.8224 0.2724 0.2724 0.2724 0.2724 0.2724 0.2724 0.2724 0.2137 0.2137 0.2137 0.2137 0.2137 0.2137 0.2137 0.1813 0.1813 0.1813 0.1813 0.1813 0.1813 0.1813 0.1625 59.3947 59.3947 35.3492 2.0457 
fb1 = -0.2041 -0.2304 -0.2304 -0.2304 -0.2304 -0.2304 -0.2304 -0.2304 -0.2407 -0.2407 -0.2407 -0.2407 -0.2407 -0.2407 -0.2407 -0.2505 -0.2505 -0.2505 -0.2505 -0.2505 -0.2505 -0.2505 -0.2588 0.0591 0.0591 0.0342 -0.0858 
fb2 = -0.2041 -0.2304 -0.2304 -0.2304 -0.2304 -0.2304 -0.2304 -0.2304 -0.2406 -0.2406 -0.2406 -0.2406 -0.2406 -0.2406 -0.2406 -0.2504 -0.2504 -0.2504 -0.2504 -0.2504 -0.2504 -0.2504 -0.2588 0.0603 0.0603 0.0349 -0.0858 
fb3 = -0.2041 -0.2304 -0.2304 -0.2304 -0.2304 -0.2304 -0.2304 -0.2304 -0.2406 -0.2406 -0.2406 -0.2406 -0.2406 -0.2406 -0.2406 -0.2504 -0.2504 -0.2504 -0.2504 -0.2504 -0.2504 -0.2504 -0.2588 0.0603 0.0603 0.0349 -0.0858 
fb4 = -0.2040 -0.2303 -0.2303 -0.2303 -0.2303 -0.2303 -0.2303 -0.2303 -0.2406 -0.2406 -0.2406 -0.2406 -0.2406 -0.2406 -0.2406 -0.2504 -0.2504 -0.2504 -0.2504 -0.2504 -0.2504 -0.2504 -0.2587 0.0615 0.0615 0.0356 -0.0857 
I = 14.9000 9.4000 9.4000 9.4000 9.4000 9.4000 9.4000 9.4000 6.0000 6.0000 6.0000 6.0000 6.0000 6.0000 6.0000 2.0000 2.0000 2.0000 2.0000 2.0000 2.0000 2.0000 -2.0000 25.7599 25.7599 10.0000 1.4106 
S1 = 0.0000 0.0000 0.0000 0.0000 0.0000 0.0000 0.0000 0.0000 0.0000 0.0000 0.0000 0.0000 0.0000 0.0000 0.0000 0.0000 0.0000 0.0000 0.0000 0.0000 0.0000 0.0000 0.0000 0.0000 0.0000 0.0000 0.0000 
S2 = 0.0000 0.0000 0.0000 0.0000 0.0000 0.0000 0.0000 0.0000 0.0000 0.0000 0.0000 0.0000 0.0000 0.0000 0.0000 0.0000 0.0000 0.0000 0.0000 0.0000 0.0000 0.0000 0.0000 1.7599 1.7599 0.0000 12.4106 
u = 8.4549 8.3399 8.3399 8.3399 8.3399 8.3399 8.3399 8.3399 8.2857 8.2857 8.2857 8.2857 8.2857 8.2857 8.2857 8.2305 8.2305 8.2305 8.2305 8.2305 8.2305 8.2305 8.1816 10.8053 10.8053 11.4722 9.3000 
v = 33.5400 25.8142 25.8142 25.8142 25.8142 25.8142 25.8142 25.8142 22.7103 22.7103 22.7103 22.7103 22.7103 22.7103 22.7103 19.7083 19.7083 19.7083 19.7083 19.7083 19.7083 19.7083 17.1321 69.3943 69.3943 66.2538 25.0650 
