ExternalI = 5.5000 0.0000 0.0000 0.0000 0.0000 0.0000 0.0000 0.0000 4.0000 4.0000 4.0000 4.0000 4.0000 4.0000 4.0000 0.0000 0.0000 0.0000 0.0000 0.0000 0.0000 0.0000 0.0000 8.0000 8.0000 0.0000 0.0000 
before u = 8.4549 8.3399 8.3399 8.3399 8.3399 8.3399 8.3399 8.3399 8.2857 8.2857 8.2857 8.2857 8.2857 8.2857 8.2857 8.2305 8.2305 8.2305 8.2305 8.2305 8.2305 8.2305 8.1816 10.8053 10.8053 11.4722 9.3000 
before v = 33.5400 25.8142 25.8142 25.8142 25.8142 25.8142 25.8142 25.8142 22.7103 22.7103 22.7103 22.7103 22.7103 22.7103 22.7103 19.7083 19.7083 19.7083 19.7083 19.7083 19.7083 19.7083 17.1321 69.3943 69.3943 66.2538 25.0650 
Ibias = 9.4000 9.4000 9.4000 9.4000 9.4000 9.4000 9.4000 9.4000 2.0000 2.0000 2.0000 2.0000 2.0000 2.0000 2.0000 2.0000 2.0000 2.0000 2.0000 2.0000 2.0000 2.0000 -2.0000 16.0000 16.0000 10.0000 -11.0000 
fa1 = 0.8224 0.2724 0.2724 0.2724 0.2724 0.2724 0.2724 0.2724 0.2137 0.2137 0.2137 0.2137 0.2137 0.2137 0.2137 0.1813 0.1813 0.1813 0.1813 0.1813 0.1813 0.1813 0.1625 59.3911 59.3911 35.3491 2.0209 
fa2 = 0.8221 0.2723 0.2723 0.2723 0.2723 0.2723 0.2723 0.2723 0.2137 0.2137 0.2137 0.2137 0.2137 0.2137 0.2137 0.1812 0.1812 0.1812 0.1812 0.1812 0.1812 0.1812 0.1625 60.1520 60.1520 35.7568 2.0113 
fa3 = 0.8221 0.2723 0.2723 0.2723 0.2723 0.2723 0.2723 0.2723 0.2137 0.2137 0.2137 0.2137 0.2137 0.2137 0.2137 0.1812 0.1812 0.1812 0.1812 0.1812 0.1812 0.1812 0.1625 60.1618 60.1618 35.7615 2.0114 
fa4 = 0.8218 0.2722 0.2722 0.2722 0.2722 0.2722 0.2722 0.2722 0.2136 0.2136 0.2136 0.2136 0.2136 0.2136 0.2136 0.1812 0.1812 0.1812 0.1812 0.1812 0.1812 0.1812 0.1625 60.9400 60.9400 36.1765 2.0018 
fb1 = -0.2040 -0.2303 -0.2303 -0.2303 -0.2303 -0.2303 -0.2303 -0.2303 -0.2406 -0.2406 -0.2406 -0.2406 -0.2406 -0.2406 -0.2406 -0.2504 -0.2504 -0.2504 -0.2504 -0.2504 -0.2504 -0.2504 -0.2587 0.0615 0.0615 0.0356 -0.0857 
fb2 = -0.2040 -0.2303 -0.2303 -0.2303 -0.2303 -0.2303 -0.2303 -0.2303 -0.2405 -0.2405 -0.2405 -0.2405 -0.2405 -0.2405 -0.2405 -0.2503 -0.2503 -0.2503 -0.2503 -0.2503 -0.2503 -0.2503 -0.2587 0.0627 0.0627 0.0363 -0.0857 
fb3 = -0.2040 -0.2303 -0.2303 -0.2303 -0.2303 -0.2303 -0.2303 -0.2303 -0.2405 -0.2405 -0.2405 -0.2405 -0.2405 -0.2405 -0.2405 -0.2503 -0.2503 -0.2503 -0.2503 -0.2503 -0.2503 -0.2503 -0.2587 0.0627 0.0627 0.0363 -0.0857 
fb4 = -0.2039 -0.2302 -0.2302 -0.2302 -0.2302 -0.2302 -0.2302 -0.2302 -0.2405 -0.2405 -0.2405 -0.2405 -0.2405 -0.2405 -0.2405 -0.2503 -0.2503 -0.2503 -0.2503 -0.2503 -0.2503 -0.2503 -0.2586 0.0639 0.0639 0.0370 -0.0856 
I = 14.9000 9.4000 9.4000 9.4000 9.4000 9.4000 9.4000 9.4000 6.0000 6.0000 6.0000 6.0000 6.0000 6.0000 6.0000 2.0000 2.0000 2.0000 2.0000 2.0000 2.0000 2.0000 -2.0000 25.7564 25.7564 10.0000 1.3857 
S1 = 0.0000 0.0000 0.0000 0.0000 0.0000 0.0000 0.0000 0.0000 0.0000 0.0000 0.0000 0.0000 0.0000 0.0000 0.0000 0.0000 0.0000 0.0000 0.0000 0.0000 0.0000 0.0000 0.0000 0.0000 0.0000 0.0000 0.0000 
S2 = 0.0000 0.0000 0.0000 0.0000 0.0000 0.0000 0.0000 0.0000 0.0000 0.0000 0.0000 0.0000 0.0000 0.0000 0.0000 0.0000 0.0000 0.0000 0.0000 0.0000 0.0000 0.0000 0.0000 1.7564 1.7564 0.0000 12.3857 
u = 8.4528 8.3376 8.3376 8.3376 8.3376 8.3376 8.3376 8.3376 8.2833 8.2833 8.2833 8.2833 8.2833 8.2833 8.2833 8.2280 8.2280 8.2280 8.2280 8.2280 8.2280 8.2280 8.1790 10.8059 10.8059 11.4726 9.2991 
v = 33.5482 25.8169 25.8169 25.8169 25.8169 25.8169 25.8169 25.8169 22.7124 22.7124 22.7124 22.7124 22.7124 22.7124 22.7124 19.7101 19.7101 19.7101 19.7101 19.7101 19.7101 19.7101 17.1337 69.9959 69.9959 66.6114 25.0851 
