ExternalI = 5.5000 0.0000 0.0000 0.0000 0.0000 0.0000 0.0000 0.0000 4.0000 4.0000 4.0000 4.0000 4.0000 4.0000 4.0000 0.0000 0.0000 0.0000 0.0000 0.0000 0.0000 0.0000 0.0000 8.0000 8.0000 0.0000 0.0000 
before u = 8.4528 8.3376 8.3376 8.3376 8.3376 8.3376 8.3376 8.3376 8.2833 8.2833 8.2833 8.2833 8.2833 8.2833 8.2833 8.2280 8.2280 8.2280 8.2280 8.2280 8.2280 8.2280 8.1790 10.8059 10.8059 11.4726 9.2991 
before v = 33.5482 25.8169 25.8169 25.8169 25.8169 25.8169 25.8169 25.8169 22.7124 22.7124 22.7124 22.7124 22.7124 22.7124 22.7124 19.7101 19.7101 19.7101 19.7101 19.7101 19.7101 19.7101 17.1337 69.9959 69.9959 66.6114 25.0851 
Ibias = 9.4000 9.4000 9.4000 9.4000 9.4000 9.4000 9.4000 9.4000 2.0000 2.0000 2.0000 2.0000 2.0000 2.0000 2.0000 2.0000 2.0000 2.0000 2.0000 2.0000 2.0000 2.0000 -2.0000 16.0000 16.0000 10.0000 -11.0000 
fa1 = 0.8218 0.2722 0.2722 0.2722 0.2722 0.2722 0.2722 0.2722 0.2136 0.2136 0.2136 0.2136 0.2136 0.2136 0.2136 0.1812 0.1812 0.1812 0.1812 0.1812 0.1812 0.1812 0.1625 60.9364 60.9364 36.1765 1.9770 
fa2 = 0.8216 0.2721 0.2721 0.2721 0.2721 0.2721 0.2721 0.2721 0.2135 0.2135 0.2135 0.2135 0.2135 0.2135 0.2135 0.1812 0.1812 0.1812 0.1812 0.1812 0.1812 0.1812 0.1624 61.7319 61.7319 36.5989 1.9676 
fa3 = 0.8216 0.2721 0.2721 0.2721 0.2721 0.2721 0.2721 0.2721 0.2135 0.2135 0.2135 0.2135 0.2135 0.2135 0.2135 0.1812 0.1812 0.1812 0.1812 0.1812 0.1812 0.1812 0.1624 61.7423 61.7423 36.6038 1.9677 
fa4 = 0.8213 0.2719 0.2719 0.2719 0.2719 0.2719 0.2719 0.2719 0.2135 0.2135 0.2135 0.2135 0.2135 0.2135 0.2135 0.1811 0.1811 0.1811 0.1811 0.1811 0.1811 0.1811 0.1624 62.5561 62.5561 37.0339 1.9583 
fb1 = -0.2039 -0.2302 -0.2302 -0.2302 -0.2302 -0.2302 -0.2302 -0.2302 -0.2405 -0.2405 -0.2405 -0.2405 -0.2405 -0.2405 -0.2405 -0.2503 -0.2503 -0.2503 -0.2503 -0.2503 -0.2503 -0.2503 -0.2586 0.0639 0.0639 0.0370 -0.0856 
fb2 = -0.2039 -0.2302 -0.2302 -0.2302 -0.2302 -0.2302 -0.2302 -0.2302 -0.2404 -0.2404 -0.2404 -0.2404 -0.2404 -0.2404 -0.2404 -0.2502 -0.2502 -0.2502 -0.2502 -0.2502 -0.2502 -0.2502 -0.2586 0.0651 0.0651 0.0377 -0.0856 
fb3 = -0.2039 -0.2302 -0.2302 -0.2302 -0.2302 -0.2302 -0.2302 -0.2302 -0.2404 -0.2404 -0.2404 -0.2404 -0.2404 -0.2404 -0.2404 -0.2502 -0.2502 -0.2502 -0.2502 -0.2502 -0.2502 -0.2502 -0.2586 0.0651 0.0651 0.0377 -0.0856 
fb4 = -0.2038 -0.2301 -0.2301 -0.2301 -0.2301 -0.2301 -0.2301 -0.2301 -0.2404 -0.2404 -0.2404 -0.2404 -0.2404 -0.2404 -0.2404 -0.2502 -0.2502 -0.2502 -0.2502 -0.2502 -0.2502 -0.2502 -0.2585 0.0663 0.0663 0.0385 -0.0855 
I = 14.9000 9.4000 9.4000 9.4000 9.4000 9.4000 9.4000 9.4000 6.0000 6.0000 6.0000 6.0000 6.0000 6.0000 6.0000 2.0000 2.0000 2.0000 2.0000 2.0000 2.0000 2.0000 -2.0000 25.7529 25.7529 10.0000 1.3610 
S1 = 0.0000 0.0000 0.0000 0.0000 0.0000 0.0000 0.0000 0.0000 0.0000 0.0000 0.0000 0.0000 0.0000 0.0000 0.0000 0.0000 0.0000 0.0000 0.0000 0.0000 0.0000 0.0000 0.0000 0.0000 0.0000 0.0000 0.0000 
S2 = 0.0000 0.0000 0.0000 0.0000 0.0000 0.0000 0.0000 0.0000 0.0000 0.0000 0.0000 0.0000 0.0000 0.0000 0.0000 0.0000 0.0000 0.0000 0.0000 0.0000 0.0000 0.0000 0.0000 1.7529 1.7529 0.0000 12.3610 
u = 8.4508 8.3353 8.3353 8.3353 8.3353 8.3353 8.3353 8.3353 8.2809 8.2809 8.2809 8.2809 8.2809 8.2809 8.2809 8.2255 8.2255 8.2255 8.2255 8.2255 8.2255 8.2255 8.1764 10.8066 10.8066 11.4729 9.2983 
v = 33.5564 25.8197 25.8197 25.8197 25.8197 25.8197 25.8197 25.8197 22.7145 22.7145 22.7145 22.7145 22.7145 22.7145 22.7145 19.7119 19.7119 19.7119 19.7119 19.7119 19.7119 19.7119 17.1353 70.6133 70.6133 66.9775 25.1048 
