ExternalI = 5.5000 0.0000 0.0000 0.0000 0.0000 0.0000 0.0000 0.0000 4.0000 4.0000 4.0000 4.0000 4.0000 4.0000 4.0000 0.0000 0.0000 0.0000 0.0000 0.0000 0.0000 0.0000 0.0000 8.0000 8.0000 0.0000 0.0000 
before u = 8.4508 8.3353 8.3353 8.3353 8.3353 8.3353 8.3353 8.3353 8.2809 8.2809 8.2809 8.2809 8.2809 8.2809 8.2809 8.2255 8.2255 8.2255 8.2255 8.2255 8.2255 8.2255 8.1764 10.8066 10.8066 11.4729 9.2983 
before v = 33.5564 25.8197 25.8197 25.8197 25.8197 25.8197 25.8197 25.8197 22.7145 22.7145 22.7145 22.7145 22.7145 22.7145 22.7145 19.7119 19.7119 19.7119 19.7119 19.7119 19.7119 19.7119 17.1353 70.6133 70.6133 66.9775 25.1048 
Ibias = 9.4000 9.4000 9.4000 9.4000 9.4000 9.4000 9.4000 9.4000 2.0000 2.0000 2.0000 2.0000 2.0000 2.0000 2.0000 2.0000 2.0000 2.0000 2.0000 2.0000 2.0000 2.0000 -2.0000 16.0000 16.0000 10.0000 -11.0000 
fa1 = 0.8213 0.2719 0.2719 0.2719 0.2719 0.2719 0.2719 0.2719 0.2135 0.2135 0.2135 0.2135 0.2135 0.2135 0.2135 0.1811 0.1811 0.1811 0.1811 0.1811 0.1811 0.1811 0.1624 62.5526 62.5526 37.0339 1.9336 
fa2 = 0.8210 0.2718 0.2718 0.2718 0.2718 0.2718 0.2718 0.2718 0.2134 0.2134 0.2134 0.2134 0.2134 0.2134 0.2134 0.1811 0.1811 0.1811 0.1811 0.1811 0.1811 0.1811 0.1624 63.3847 63.3847 37.4718 1.9245 
fa3 = 0.8210 0.2718 0.2718 0.2718 0.2718 0.2718 0.2718 0.2718 0.2134 0.2134 0.2134 0.2134 0.2134 0.2134 0.2134 0.1811 0.1811 0.1811 0.1811 0.1811 0.1811 0.1811 0.1624 63.3958 63.3958 37.4769 1.9245 
fa4 = 0.8207 0.2717 0.2717 0.2717 0.2717 0.2717 0.2717 0.2717 0.2134 0.2134 0.2134 0.2134 0.2134 0.2134 0.2134 0.1810 0.1810 0.1810 0.1810 0.1810 0.1810 0.1810 0.1623 64.2474 64.2474 37.9229 1.9154 
fb1 = -0.2038 -0.2301 -0.2301 -0.2301 -0.2301 -0.2301 -0.2301 -0.2301 -0.2404 -0.2404 -0.2404 -0.2404 -0.2404 -0.2404 -0.2404 -0.2502 -0.2502 -0.2502 -0.2502 -0.2502 -0.2502 -0.2502 -0.2585 0.0663 0.0663 0.0385 -0.0855 
fb2 = -0.2037 -0.2301 -0.2301 -0.2301 -0.2301 -0.2301 -0.2301 -0.2301 -0.2403 -0.2403 -0.2403 -0.2403 -0.2403 -0.2403 -0.2403 -0.2501 -0.2501 -0.2501 -0.2501 -0.2501 -0.2501 -0.2501 -0.2585 0.0676 0.0676 0.0392 -0.0855 
fb3 = -0.2037 -0.2301 -0.2301 -0.2301 -0.2301 -0.2301 -0.2301 -0.2301 -0.2403 -0.2403 -0.2403 -0.2403 -0.2403 -0.2403 -0.2403 -0.2501 -0.2501 -0.2501 -0.2501 -0.2501 -0.2501 -0.2501 -0.2585 0.0676 0.0676 0.0392 -0.0855 
fb4 = -0.2037 -0.2300 -0.2300 -0.2300 -0.2300 -0.2300 -0.2300 -0.2300 -0.2403 -0.2403 -0.2403 -0.2403 -0.2403 -0.2403 -0.2403 -0.2501 -0.2501 -0.2501 -0.2501 -0.2501 -0.2501 -0.2501 -0.2584 0.0688 0.0688 0.0399 -0.0855 
I = 14.9000 9.4000 9.4000 9.4000 9.4000 9.4000 9.4000 9.4000 6.0000 6.0000 6.0000 6.0000 6.0000 6.0000 6.0000 2.0000 2.0000 2.0000 2.0000 2.0000 2.0000 2.0000 -2.0000 25.7494 25.7494 10.0000 1.3362 
S1 = 0.0000 0.0000 0.0000 0.0000 0.0000 0.0000 0.0000 0.0000 0.0000 0.0000 0.0000 0.0000 0.0000 0.0000 0.0000 0.0000 0.0000 0.0000 0.0000 0.0000 0.0000 0.0000 0.0000 0.0000 0.0000 0.0000 0.0000 
S2 = 0.0000 0.0000 0.0000 0.0000 0.0000 0.0000 0.0000 0.0000 0.0000 0.0000 0.0000 0.0000 0.0000 0.0000 0.0000 0.0000 0.0000 0.0000 0.0000 0.0000 0.0000 0.0000 0.0000 1.7494 1.7494 0.0000 12.3362 
u = 8.4488 8.3330 8.3330 8.3330 8.3330 8.3330 8.3330 8.3330 8.2785 8.2785 8.2785 8.2785 8.2785 8.2785 8.2785 8.2230 8.2230 8.2230 8.2230 8.2230 8.2230 8.2230 8.1738 10.8073 10.8073 11.4733 9.2974 
v = 33.5646 25.8224 25.8224 25.8224 25.8224 25.8224 25.8224 25.8224 22.7167 22.7167 22.7167 22.7167 22.7167 22.7167 22.7167 19.7137 19.7137 19.7137 19.7137 19.7137 19.7137 19.7137 17.1370 71.2473 71.2473 67.3522 25.1240 
