ExternalI = 5.5000 0.0000 0.0000 0.0000 0.0000 0.0000 0.0000 0.0000 4.0000 4.0000 4.0000 4.0000 4.0000 4.0000 4.0000 0.0000 0.0000 0.0000 0.0000 0.0000 0.0000 0.0000 0.0000 8.0000 8.0000 0.0000 0.0000 
before u = 8.4488 8.3330 8.3330 8.3330 8.3330 8.3330 8.3330 8.3330 8.2785 8.2785 8.2785 8.2785 8.2785 8.2785 8.2785 8.2230 8.2230 8.2230 8.2230 8.2230 8.2230 8.2230 8.1738 10.8073 10.8073 11.4733 9.2974 
before v = 33.5646 25.8224 25.8224 25.8224 25.8224 25.8224 25.8224 25.8224 22.7167 22.7167 22.7167 22.7167 22.7167 22.7167 22.7167 19.7137 19.7137 19.7137 19.7137 19.7137 19.7137 19.7137 17.1370 71.2473 71.2473 67.3522 25.1240 
Ibias = 9.4000 9.4000 9.4000 9.4000 9.4000 9.4000 9.4000 9.4000 2.0000 2.0000 2.0000 2.0000 2.0000 2.0000 2.0000 2.0000 2.0000 2.0000 2.0000 2.0000 2.0000 2.0000 -2.0000 16.0000 16.0000 10.0000 -11.0000 
fa1 = 0.8207 0.2717 0.2717 0.2717 0.2717 0.2717 0.2717 0.2717 0.2134 0.2134 0.2134 0.2134 0.2134 0.2134 0.2134 0.1810 0.1810 0.1810 0.1810 0.1810 0.1810 0.1810 0.1623 64.2438 64.2438 37.9229 1.8907 
fa2 = 0.8205 0.2716 0.2716 0.2716 0.2716 0.2716 0.2716 0.2716 0.2133 0.2133 0.2133 0.2133 0.2133 0.2133 0.2133 0.1810 0.1810 0.1810 0.1810 0.1810 0.1810 0.1810 0.1623 65.1148 65.1148 38.3770 1.8818 
fa3 = 0.8205 0.2716 0.2716 0.2716 0.2716 0.2716 0.2716 0.2716 0.2133 0.2133 0.2133 0.2133 0.2133 0.2133 0.2133 0.1810 0.1810 0.1810 0.1810 0.1810 0.1810 0.1810 0.1623 65.1267 65.1267 38.3824 1.8819 
fa4 = 0.8202 0.2715 0.2715 0.2715 0.2715 0.2715 0.2715 0.2715 0.2132 0.2132 0.2132 0.2132 0.2132 0.2132 0.2132 0.1810 0.1810 0.1810 0.1810 0.1810 0.1810 0.1810 0.1623 66.0183 66.0183 38.8450 1.8730 
fb1 = -0.2037 -0.2300 -0.2300 -0.2300 -0.2300 -0.2300 -0.2300 -0.2300 -0.2403 -0.2403 -0.2403 -0.2403 -0.2403 -0.2403 -0.2403 -0.2501 -0.2501 -0.2501 -0.2501 -0.2501 -0.2501 -0.2501 -0.2584 0.0688 0.0688 0.0399 -0.0855 
fb2 = -0.2036 -0.2300 -0.2300 -0.2300 -0.2300 -0.2300 -0.2300 -0.2300 -0.2402 -0.2402 -0.2402 -0.2402 -0.2402 -0.2402 -0.2402 -0.2500 -0.2500 -0.2500 -0.2500 -0.2500 -0.2500 -0.2500 -0.2583 0.0701 0.0701 0.0407 -0.0854 
fb3 = -0.2036 -0.2300 -0.2300 -0.2300 -0.2300 -0.2300 -0.2300 -0.2300 -0.2402 -0.2402 -0.2402 -0.2402 -0.2402 -0.2402 -0.2402 -0.2500 -0.2500 -0.2500 -0.2500 -0.2500 -0.2500 -0.2500 -0.2583 0.0701 0.0701 0.0407 -0.0854 
fb4 = -0.2036 -0.2299 -0.2299 -0.2299 -0.2299 -0.2299 -0.2299 -0.2299 -0.2402 -0.2402 -0.2402 -0.2402 -0.2402 -0.2402 -0.2402 -0.2500 -0.2500 -0.2500 -0.2500 -0.2500 -0.2500 -0.2500 -0.2583 0.0714 0.0714 0.0415 -0.0854 
I = 14.9000 9.4000 9.4000 9.4000 9.4000 9.4000 9.4000 9.4000 6.0000 6.0000 6.0000 6.0000 6.0000 6.0000 6.0000 2.0000 2.0000 2.0000 2.0000 2.0000 2.0000 2.0000 -2.0000 25.7459 25.7459 10.0000 1.3116 
S1 = 0.0000 0.0000 0.0000 0.0000 0.0000 0.0000 0.0000 0.0000 0.0000 0.0000 0.0000 0.0000 0.0000 0.0000 0.0000 0.0000 0.0000 0.0000 0.0000 0.0000 0.0000 0.0000 0.0000 0.0000 0.0000 0.0000 0.0000 
S2 = 0.0000 0.0000 0.0000 0.0000 0.0000 0.0000 0.0000 0.0000 0.0000 0.0000 0.0000 0.0000 0.0000 0.0000 0.0000 0.0000 0.0000 0.0000 0.0000 0.0000 0.0000 0.0000 0.0000 1.7459 1.7459 0.0000 12.3116 
u = 8.4467 8.3307 8.3307 8.3307 8.3307 8.3307 8.3307 8.3307 8.2761 8.2761 8.2761 8.2761 8.2761 8.2761 8.2761 8.2205 8.2205 8.2205 8.2205 8.2205 8.2205 8.2205 8.1712 10.8080 10.8080 11.4737 9.2965 
v = 33.5728 25.8251 25.8251 25.8251 25.8251 25.8251 25.8251 25.8251 22.7188 22.7188 22.7188 22.7188 22.7188 22.7188 22.7188 19.7155 19.7155 19.7155 19.7155 19.7155 19.7155 19.7155 17.1386 71.8985 71.8985 67.7360 25.1429 
