ExternalI = 5.5000 0.0000 0.0000 0.0000 0.0000 0.0000 0.0000 0.0000 4.0000 4.0000 4.0000 4.0000 4.0000 4.0000 4.0000 0.0000 0.0000 0.0000 0.0000 0.0000 0.0000 0.0000 0.0000 8.0000 8.0000 0.0000 0.0000 
before u = 8.4467 8.3307 8.3307 8.3307 8.3307 8.3307 8.3307 8.3307 8.2761 8.2761 8.2761 8.2761 8.2761 8.2761 8.2761 8.2205 8.2205 8.2205 8.2205 8.2205 8.2205 8.2205 8.1712 10.8080 10.8080 11.4737 9.2965 
before v = 33.5728 25.8251 25.8251 25.8251 25.8251 25.8251 25.8251 25.8251 22.7188 22.7188 22.7188 22.7188 22.7188 22.7188 22.7188 19.7155 19.7155 19.7155 19.7155 19.7155 19.7155 19.7155 17.1386 71.8985 71.8985 67.7360 25.1429 
Ibias = 9.4000 9.4000 9.4000 9.4000 9.4000 9.4000 9.4000 9.4000 2.0000 2.0000 2.0000 2.0000 2.0000 2.0000 2.0000 2.0000 2.0000 2.0000 2.0000 2.0000 2.0000 2.0000 -2.0000 16.0000 16.0000 10.0000 -11.0000 
fa1 = 0.8202 0.2715 0.2715 0.2715 0.2715 0.2715 0.2715 0.2715 0.2132 0.2132 0.2132 0.2132 0.2132 0.2132 0.2132 0.1810 0.1810 0.1810 0.1810 0.1810 0.1810 0.1810 0.1623 66.0148 66.0148 38.8450 1.8484 
fa2 = 0.8199 0.2714 0.2714 0.2714 0.2714 0.2714 0.2714 0.2714 0.2132 0.2132 0.2132 0.2132 0.2132 0.2132 0.2132 0.1809 0.1809 0.1809 0.1809 0.1809 0.1809 0.1809 0.1622 66.9271 66.9271 39.3161 1.8396 
fa3 = 0.8199 0.2714 0.2714 0.2714 0.2714 0.2714 0.2714 0.2714 0.2132 0.2132 0.2132 0.2132 0.2132 0.2132 0.2132 0.1809 0.1809 0.1809 0.1809 0.1809 0.1809 0.1809 0.1622 66.9398 66.9398 39.3218 1.8397 
fa4 = 0.8196 0.2712 0.2712 0.2712 0.2712 0.2712 0.2712 0.2712 0.2131 0.2131 0.2131 0.2131 0.2131 0.2131 0.2131 0.1809 0.1809 0.1809 0.1809 0.1809 0.1809 0.1809 0.1622 67.8741 67.8741 39.8019 1.8310 
fb1 = -0.2036 -0.2299 -0.2299 -0.2299 -0.2299 -0.2299 -0.2299 -0.2299 -0.2402 -0.2402 -0.2402 -0.2402 -0.2402 -0.2402 -0.2402 -0.2500 -0.2500 -0.2500 -0.2500 -0.2500 -0.2500 -0.2500 -0.2583 0.0714 0.0714 0.0415 -0.0854 
fb2 = -0.2035 -0.2299 -0.2299 -0.2299 -0.2299 -0.2299 -0.2299 -0.2299 -0.2401 -0.2401 -0.2401 -0.2401 -0.2401 -0.2401 -0.2401 -0.2499 -0.2499 -0.2499 -0.2499 -0.2499 -0.2499 -0.2499 -0.2582 0.0727 0.0727 0.0422 -0.0853 
fb3 = -0.2035 -0.2299 -0.2299 -0.2299 -0.2299 -0.2299 -0.2299 -0.2299 -0.2401 -0.2401 -0.2401 -0.2401 -0.2401 -0.2401 -0.2401 -0.2499 -0.2499 -0.2499 -0.2499 -0.2499 -0.2499 -0.2499 -0.2582 0.0728 0.0728 0.0423 -0.0853 
fb4 = -0.2035 -0.2298 -0.2298 -0.2298 -0.2298 -0.2298 -0.2298 -0.2298 -0.2401 -0.2401 -0.2401 -0.2401 -0.2401 -0.2401 -0.2401 -0.2499 -0.2499 -0.2499 -0.2499 -0.2499 -0.2499 -0.2499 -0.2582 0.0741 0.0741 0.0430 -0.0853 
I = 14.9000 9.4000 9.4000 9.4000 9.4000 9.4000 9.4000 9.4000 6.0000 6.0000 6.0000 6.0000 6.0000 6.0000 6.0000 2.0000 2.0000 2.0000 2.0000 2.0000 2.0000 2.0000 -2.0000 25.7424 25.7424 10.0000 1.2869 
S1 = 0.0000 0.0000 0.0000 0.0000 0.0000 0.0000 0.0000 0.0000 0.0000 0.0000 0.0000 0.0000 0.0000 0.0000 0.0000 0.0000 0.0000 0.0000 0.0000 0.0000 0.0000 0.0000 0.0000 0.0000 0.0000 0.0000 0.0000 
S2 = 0.0000 0.0000 0.0000 0.0000 0.0000 0.0000 0.0000 0.0000 0.0000 0.0000 0.0000 0.0000 0.0000 0.0000 0.0000 0.0000 0.0000 0.0000 0.0000 0.0000 0.0000 0.0000 0.0000 1.7424 1.7424 0.0000 12.2869 
u = 8.4447 8.3284 8.3284 8.3284 8.3284 8.3284 8.3284 8.3284 8.2737 8.2737 8.2737 8.2737 8.2737 8.2737 8.2737 8.2180 8.2180 8.2180 8.2180 8.2180 8.2180 8.2180 8.1687 10.8087 10.8087 11.4742 9.2957 
v = 33.5810 25.8278 25.8278 25.8278 25.8278 25.8278 25.8278 25.8278 22.7209 22.7209 22.7209 22.7209 22.7209 22.7209 22.7209 19.7173 19.7173 19.7173 19.7173 19.7173 19.7173 19.7173 17.1402 72.5679 72.5679 68.1292 25.1613 
