ExternalI = 5.5000 0.0000 0.0000 0.0000 0.0000 0.0000 0.0000 0.0000 4.0000 4.0000 4.0000 4.0000 4.0000 4.0000 4.0000 0.0000 0.0000 0.0000 0.0000 0.0000 0.0000 0.0000 0.0000 8.0000 8.0000 0.0000 0.0000 
before u = 8.4447 8.3284 8.3284 8.3284 8.3284 8.3284 8.3284 8.3284 8.2737 8.2737 8.2737 8.2737 8.2737 8.2737 8.2737 8.2180 8.2180 8.2180 8.2180 8.2180 8.2180 8.2180 8.1687 10.8087 10.8087 11.4742 9.2957 
before v = 33.5810 25.8278 25.8278 25.8278 25.8278 25.8278 25.8278 25.8278 22.7209 22.7209 22.7209 22.7209 22.7209 22.7209 22.7209 19.7173 19.7173 19.7173 19.7173 19.7173 19.7173 19.7173 17.1402 72.5679 72.5679 68.1292 25.1613 
Ibias = 9.4000 9.4000 9.4000 9.4000 9.4000 9.4000 9.4000 9.4000 2.0000 2.0000 2.0000 2.0000 2.0000 2.0000 2.0000 2.0000 2.0000 2.0000 2.0000 2.0000 2.0000 2.0000 -2.0000 16.0000 16.0000 10.0000 -11.0000 
fa1 = 0.8196 0.2712 0.2712 0.2712 0.2712 0.2712 0.2712 0.2712 0.2131 0.2131 0.2131 0.2131 0.2131 0.2131 0.2131 0.1809 0.1809 0.1809 0.1809 0.1809 0.1809 0.1809 0.1622 67.8705 67.8705 39.8019 1.8065 
fa2 = 0.8194 0.2711 0.2711 0.2711 0.2711 0.2711 0.2711 0.2711 0.2131 0.2131 0.2131 0.2131 0.2131 0.2131 0.2131 0.1809 0.1809 0.1809 0.1809 0.1809 0.1809 0.1809 0.1622 68.8268 68.8268 40.2909 1.7980 
fa3 = 0.8194 0.2711 0.2711 0.2711 0.2711 0.2711 0.2711 0.2711 0.2131 0.2131 0.2131 0.2131 0.2131 0.2131 0.2131 0.1809 0.1809 0.1809 0.1809 0.1809 0.1809 0.1809 0.1622 68.8403 68.8403 40.2969 1.7980 
fa4 = 0.8191 0.2710 0.2710 0.2710 0.2710 0.2710 0.2710 0.2710 0.2130 0.2130 0.2130 0.2130 0.2130 0.2130 0.2130 0.1808 0.1808 0.1808 0.1808 0.1808 0.1808 0.1808 0.1622 69.8200 69.8200 40.7953 1.7896 
fb1 = -0.2035 -0.2298 -0.2298 -0.2298 -0.2298 -0.2298 -0.2298 -0.2298 -0.2401 -0.2401 -0.2401 -0.2401 -0.2401 -0.2401 -0.2401 -0.2499 -0.2499 -0.2499 -0.2499 -0.2499 -0.2499 -0.2499 -0.2582 0.0741 0.0741 0.0430 -0.0853 
fb2 = -0.2034 -0.2298 -0.2298 -0.2298 -0.2298 -0.2298 -0.2298 -0.2298 -0.2400 -0.2400 -0.2400 -0.2400 -0.2400 -0.2400 -0.2400 -0.2498 -0.2498 -0.2498 -0.2498 -0.2498 -0.2498 -0.2498 -0.2581 0.0754 0.0754 0.0438 -0.0852 
fb3 = -0.2034 -0.2298 -0.2298 -0.2298 -0.2298 -0.2298 -0.2298 -0.2298 -0.2400 -0.2400 -0.2400 -0.2400 -0.2400 -0.2400 -0.2400 -0.2498 -0.2498 -0.2498 -0.2498 -0.2498 -0.2498 -0.2498 -0.2581 0.0755 0.0755 0.0438 -0.0852 
fb4 = -0.2033 -0.2297 -0.2297 -0.2297 -0.2297 -0.2297 -0.2297 -0.2297 -0.2400 -0.2400 -0.2400 -0.2400 -0.2400 -0.2400 -0.2400 -0.2497 -0.2497 -0.2497 -0.2497 -0.2497 -0.2497 -0.2497 -0.2581 0.0768 0.0768 0.0446 -0.0852 
I = 14.9000 9.4000 9.4000 9.4000 9.4000 9.4000 9.4000 9.4000 6.0000 6.0000 6.0000 6.0000 6.0000 6.0000 6.0000 2.0000 2.0000 2.0000 2.0000 2.0000 2.0000 2.0000 -2.0000 25.7389 25.7389 10.0000 1.2624 
S1 = 0.0000 0.0000 0.0000 0.0000 0.0000 0.0000 0.0000 0.0000 0.0000 0.0000 0.0000 0.0000 0.0000 0.0000 0.0000 0.0000 0.0000 0.0000 0.0000 0.0000 0.0000 0.0000 0.0000 0.0000 0.0000 0.0000 0.0000 
S2 = 0.0000 0.0000 0.0000 0.0000 0.0000 0.0000 0.0000 0.0000 0.0000 0.0000 0.0000 0.0000 0.0000 0.0000 0.0000 0.0000 0.0000 0.0000 0.0000 0.0000 0.0000 0.0000 0.0000 1.7389 1.7389 0.0000 12.2624 
u = 8.4427 8.3261 8.3261 8.3261 8.3261 8.3261 8.3261 8.3261 8.2713 8.2713 8.2713 8.2713 8.2713 8.2713 8.2713 8.2155 8.2155 8.2155 8.2155 8.2155 8.2155 8.2155 8.1661 10.8094 10.8094 11.4746 9.2948 
v = 33.5892 25.8305 25.8305 25.8305 25.8305 25.8305 25.8305 25.8305 22.7231 22.7231 22.7231 22.7231 22.7231 22.7231 22.7231 19.7191 19.7191 19.7191 19.7191 19.7191 19.7191 19.7191 17.1418 73.2563 73.2563 68.5322 25.1792 
