ExternalI = 5.5000 0.0000 0.0000 0.0000 0.0000 0.0000 0.0000 0.0000 4.0000 4.0000 4.0000 4.0000 4.0000 4.0000 4.0000 0.0000 0.0000 0.0000 0.0000 0.0000 0.0000 0.0000 0.0000 8.0000 8.0000 0.0000 0.0000 
before u = 8.4427 8.3261 8.3261 8.3261 8.3261 8.3261 8.3261 8.3261 8.2713 8.2713 8.2713 8.2713 8.2713 8.2713 8.2713 8.2155 8.2155 8.2155 8.2155 8.2155 8.2155 8.2155 8.1661 10.8094 10.8094 11.4746 9.2948 
before v = 33.5892 25.8305 25.8305 25.8305 25.8305 25.8305 25.8305 25.8305 22.7231 22.7231 22.7231 22.7231 22.7231 22.7231 22.7231 19.7191 19.7191 19.7191 19.7191 19.7191 19.7191 19.7191 17.1418 73.2563 73.2563 68.5322 25.1792 
Ibias = 9.4000 9.4000 9.4000 9.4000 9.4000 9.4000 9.4000 9.4000 2.0000 2.0000 2.0000 2.0000 2.0000 2.0000 2.0000 2.0000 2.0000 2.0000 2.0000 2.0000 2.0000 2.0000 -2.0000 16.0000 16.0000 10.0000 -11.0000 
fa1 = 0.8191 0.2710 0.2710 0.2710 0.2710 0.2710 0.2710 0.2710 0.2130 0.2130 0.2130 0.2130 0.2130 0.2130 0.2130 0.1808 0.1808 0.1808 0.1808 0.1808 0.1808 0.1808 0.1622 69.8164 69.8164 40.7953 1.7650 
fa2 = 0.8189 0.2709 0.2709 0.2709 0.2709 0.2709 0.2709 0.2709 0.2129 0.2129 0.2129 0.2129 0.2129 0.2129 0.2129 0.1808 0.1808 0.1808 0.1808 0.1808 0.1808 0.1808 0.1621 70.8195 70.8195 41.3031 1.7568 
fa3 = 0.8189 0.2709 0.2709 0.2709 0.2709 0.2709 0.2709 0.2709 0.2129 0.2129 0.2129 0.2129 0.2129 0.2129 0.2129 0.1808 0.1808 0.1808 0.1808 0.1808 0.1808 0.1808 0.1621 70.8340 70.8340 41.3095 1.7568 
fa4 = 0.8186 0.2708 0.2708 0.2708 0.2708 0.2708 0.2708 0.2708 0.2129 0.2129 0.2129 0.2129 0.2129 0.2129 0.2129 0.1807 0.1807 0.1807 0.1807 0.1807 0.1807 0.1807 0.1621 71.8619 71.8619 41.8272 1.7486 
fb1 = -0.2033 -0.2297 -0.2297 -0.2297 -0.2297 -0.2297 -0.2297 -0.2297 -0.2400 -0.2400 -0.2400 -0.2400 -0.2400 -0.2400 -0.2400 -0.2497 -0.2497 -0.2497 -0.2497 -0.2497 -0.2497 -0.2497 -0.2581 0.0768 0.0768 0.0446 -0.0852 
fb2 = -0.2033 -0.2297 -0.2297 -0.2297 -0.2297 -0.2297 -0.2297 -0.2297 -0.2399 -0.2399 -0.2399 -0.2399 -0.2399 -0.2399 -0.2399 -0.2497 -0.2497 -0.2497 -0.2497 -0.2497 -0.2497 -0.2497 -0.2580 0.0782 0.0782 0.0454 -0.0851 
fb3 = -0.2033 -0.2297 -0.2297 -0.2297 -0.2297 -0.2297 -0.2297 -0.2297 -0.2399 -0.2399 -0.2399 -0.2399 -0.2399 -0.2399 -0.2399 -0.2497 -0.2497 -0.2497 -0.2497 -0.2497 -0.2497 -0.2497 -0.2580 0.0782 0.0782 0.0455 -0.0851 
fb4 = -0.2032 -0.2296 -0.2296 -0.2296 -0.2296 -0.2296 -0.2296 -0.2296 -0.2399 -0.2399 -0.2399 -0.2399 -0.2399 -0.2399 -0.2399 -0.2496 -0.2496 -0.2496 -0.2496 -0.2496 -0.2496 -0.2496 -0.2580 0.0797 0.0797 0.0463 -0.0851 
I = 14.9000 9.4000 9.4000 9.4000 9.4000 9.4000 9.4000 9.4000 6.0000 6.0000 6.0000 6.0000 6.0000 6.0000 6.0000 2.0000 2.0000 2.0000 2.0000 2.0000 2.0000 2.0000 -2.0000 25.7354 25.7354 10.0000 1.2378 
S1 = 0.0000 0.0000 0.0000 0.0000 0.0000 0.0000 0.0000 0.0000 0.0000 0.0000 0.0000 0.0000 0.0000 0.0000 0.0000 0.0000 0.0000 0.0000 0.0000 0.0000 0.0000 0.0000 0.0000 0.0000 0.0000 0.0000 0.0000 
S2 = 0.0000 0.0000 0.0000 0.0000 0.0000 0.0000 0.0000 0.0000 0.0000 0.0000 0.0000 0.0000 0.0000 0.0000 0.0000 0.0000 0.0000 0.0000 0.0000 0.0000 0.0000 0.0000 0.0000 1.7354 1.7354 0.0000 12.2378 
u = 8.4406 8.3238 8.3238 8.3238 8.3238 8.3238 8.3238 8.3238 8.2689 8.2689 8.2689 8.2689 8.2689 8.2689 8.2689 8.2130 8.2130 8.2130 8.2130 8.2130 8.2130 8.2130 8.1635 10.8102 10.8102 11.4751 9.2940 
v = 33.5974 25.8332 25.8332 25.8332 25.8332 25.8332 25.8332 25.8332 22.7252 22.7252 22.7252 22.7252 22.7252 22.7252 22.7252 19.7210 19.7210 19.7210 19.7210 19.7210 19.7210 19.7210 17.1434 73.9646 73.9646 68.9453 25.1968 
