ExternalI = 5.5000 0.0000 0.0000 0.0000 0.0000 0.0000 0.0000 0.0000 4.0000 4.0000 4.0000 4.0000 4.0000 4.0000 4.0000 0.0000 0.0000 0.0000 0.0000 0.0000 0.0000 0.0000 0.0000 8.0000 8.0000 0.0000 0.0000 
before u = 8.4406 8.3238 8.3238 8.3238 8.3238 8.3238 8.3238 8.3238 8.2689 8.2689 8.2689 8.2689 8.2689 8.2689 8.2689 8.2130 8.2130 8.2130 8.2130 8.2130 8.2130 8.2130 8.1635 10.8102 10.8102 11.4751 9.2940 
before v = 33.5974 25.8332 25.8332 25.8332 25.8332 25.8332 25.8332 25.8332 22.7252 22.7252 22.7252 22.7252 22.7252 22.7252 22.7252 19.7210 19.7210 19.7210 19.7210 19.7210 19.7210 19.7210 17.1434 73.9646 73.9646 68.9453 25.1968 
Ibias = 9.4000 9.4000 9.4000 9.4000 9.4000 9.4000 9.4000 9.4000 2.0000 2.0000 2.0000 2.0000 2.0000 2.0000 2.0000 2.0000 2.0000 2.0000 2.0000 2.0000 2.0000 2.0000 -2.0000 16.0000 16.0000 10.0000 -11.0000 
fa1 = 0.8186 0.2708 0.2708 0.2708 0.2708 0.2708 0.2708 0.2708 0.2129 0.2129 0.2129 0.2129 0.2129 0.2129 0.2129 0.1807 0.1807 0.1807 0.1807 0.1807 0.1807 0.1807 0.1621 71.8584 71.8584 41.8272 1.7241 
fa2 = 0.8183 0.2707 0.2707 0.2707 0.2707 0.2707 0.2707 0.2707 0.2128 0.2128 0.2128 0.2128 0.2128 0.2128 0.2128 0.1807 0.1807 0.1807 0.1807 0.1807 0.1807 0.1807 0.1621 72.9112 72.9112 42.3548 1.7161 
fa3 = 0.8183 0.2707 0.2707 0.2707 0.2707 0.2707 0.2707 0.2707 0.2128 0.2128 0.2128 0.2128 0.2128 0.2128 0.2128 0.1807 0.1807 0.1807 0.1807 0.1807 0.1807 0.1807 0.1621 72.9267 72.9267 42.3615 1.7161 
fa4 = 0.8181 0.2705 0.2705 0.2705 0.2705 0.2705 0.2705 0.2705 0.2128 0.2128 0.2128 0.2128 0.2128 0.2128 0.2128 0.1807 0.1807 0.1807 0.1807 0.1807 0.1807 0.1807 0.1620 74.0062 74.0062 42.8995 1.7081 
fb1 = -0.2032 -0.2296 -0.2296 -0.2296 -0.2296 -0.2296 -0.2296 -0.2296 -0.2399 -0.2399 -0.2399 -0.2399 -0.2399 -0.2399 -0.2399 -0.2496 -0.2496 -0.2496 -0.2496 -0.2496 -0.2496 -0.2496 -0.2580 0.0797 0.0797 0.0463 -0.0851 
fb2 = -0.2032 -0.2296 -0.2296 -0.2296 -0.2296 -0.2296 -0.2296 -0.2296 -0.2398 -0.2398 -0.2398 -0.2398 -0.2398 -0.2398 -0.2398 -0.2496 -0.2496 -0.2496 -0.2496 -0.2496 -0.2496 -0.2496 -0.2579 0.0811 0.0811 0.0471 -0.0850 
fb3 = -0.2032 -0.2296 -0.2296 -0.2296 -0.2296 -0.2296 -0.2296 -0.2296 -0.2398 -0.2398 -0.2398 -0.2398 -0.2398 -0.2398 -0.2398 -0.2496 -0.2496 -0.2496 -0.2496 -0.2496 -0.2496 -0.2496 -0.2579 0.0811 0.0811 0.0471 -0.0850 
fb4 = -0.2031 -0.2295 -0.2295 -0.2295 -0.2295 -0.2295 -0.2295 -0.2295 -0.2398 -0.2398 -0.2398 -0.2398 -0.2398 -0.2398 -0.2398 -0.2495 -0.2495 -0.2495 -0.2495 -0.2495 -0.2495 -0.2495 -0.2579 0.0826 0.0826 0.0480 -0.0850 
I = 14.9000 9.4000 9.4000 9.4000 9.4000 9.4000 9.4000 9.4000 6.0000 6.0000 6.0000 6.0000 6.0000 6.0000 6.0000 2.0000 2.0000 2.0000 2.0000 2.0000 2.0000 2.0000 -2.0000 25.7320 25.7320 10.0000 1.2134 
S1 = 0.0000 0.0000 0.0000 0.0000 0.0000 0.0000 0.0000 0.0000 0.0000 0.0000 0.0000 0.0000 0.0000 0.0000 0.0000 0.0000 0.0000 0.0000 0.0000 0.0000 0.0000 0.0000 0.0000 0.0000 0.0000 0.0000 0.0000 
S2 = 0.0000 0.0000 0.0000 0.0000 0.0000 0.0000 0.0000 0.0000 0.0000 0.0000 0.0000 0.0000 0.0000 0.0000 0.0000 0.0000 0.0000 0.0000 0.0000 0.0000 0.0000 0.0000 0.0000 1.7320 1.7320 0.0000 12.2134 
u = 8.4386 8.3215 8.3215 8.3215 8.3215 8.3215 8.3215 8.3215 8.2665 8.2665 8.2665 8.2665 8.2665 8.2665 8.2665 8.2105 8.2105 8.2105 8.2105 8.2105 8.2105 8.2105 8.1609 10.8110 10.8110 11.4755 9.2931 
v = 33.6056 25.8359 25.8359 25.8359 25.8359 25.8359 25.8359 25.8359 22.7273 22.7273 22.7273 22.7273 22.7273 22.7273 22.7273 19.7228 19.7228 19.7228 19.7228 19.7228 19.7228 19.7228 17.1451 74.6938 74.6938 69.3689 25.2140 
