ExternalI = 5.5000 0.0000 0.0000 0.0000 0.0000 0.0000 0.0000 0.0000 4.0000 4.0000 4.0000 4.0000 4.0000 4.0000 4.0000 0.0000 0.0000 0.0000 0.0000 0.0000 0.0000 0.0000 0.0000 8.0000 8.0000 0.0000 0.0000 
before u = 9.7980 9.7951 9.7951 9.7951 9.7951 9.7951 9.7951 9.7951 9.7933 9.7933 9.7933 9.7933 9.7933 9.7933 9.7933 9.7912 9.7912 9.7912 9.7912 9.7912 9.7912 9.7912 9.7891 9.9286 9.9286 10.1831 9.9096 
before v = 20.5554 18.4199 18.4199 18.4199 18.4199 18.4199 18.4199 18.4199 17.1339 17.1339 17.1339 17.1339 17.1339 17.1339 17.1339 15.6529 15.6529 15.6529 15.6529 15.6529 15.6529 15.6529 14.2048 28.5355 28.5355 64.1550 14.7091 
Ibias = 9.4000 9.4000 9.4000 9.4000 9.4000 9.4000 9.4000 9.4000 2.0000 2.0000 2.0000 2.0000 2.0000 2.0000 2.0000 2.0000 2.0000 2.0000 2.0000 2.0000 2.0000 2.0000 -2.0000 16.0000 16.0000 10.0000 -11.0000 
fa1 = 10.3368 7.9170 7.9170 7.9170 7.9170 7.9170 7.9170 7.9170 6.5478 6.5478 6.5478 6.5478 6.5478 6.5478 6.5478 5.0507 5.0507 5.0507 5.0507 5.0507 5.0507 5.0507 3.6675 21.0358 21.0358 31.9864 5.0788 
fa2 = 10.2684 7.8582 7.8582 7.8582 7.8582 7.8582 7.8582 7.8582 6.4961 6.4961 6.4961 6.4961 6.4961 6.4961 6.4961 5.0082 5.0082 5.0082 5.0082 5.0082 5.0082 5.0082 3.6350 20.9613 20.9613 32.3282 5.0332 
fa3 = 10.2689 7.8587 7.8587 7.8587 7.8587 7.8587 7.8587 7.8587 6.4965 6.4965 6.4965 6.4965 6.4965 6.4965 6.4965 5.0086 5.0086 5.0086 5.0086 5.0086 5.0086 5.0086 3.6353 20.9615 20.9615 32.3319 5.0336 
fa4 = 10.2011 7.8005 7.8005 7.8005 7.8005 7.8005 7.8005 7.8005 6.4454 6.4454 6.4454 6.4454 6.4454 6.4454 6.4454 4.9665 4.9665 4.9665 4.9665 4.9665 4.9665 4.9665 3.6031 20.8881 20.8881 32.6795 4.9885 
fb1 = -0.3097 -0.3181 -0.3181 -0.3181 -0.3181 -0.3181 -0.3181 -0.3181 -0.3232 -0.3232 -0.3232 -0.3232 -0.3232 -0.3232 -0.3232 -0.3290 -0.3290 -0.3290 -0.3290 -0.3290 -0.3290 -0.3290 -0.3347 -0.0844 -0.0844 0.0530 -0.1394 
fb2 = -0.3094 -0.3179 -0.3179 -0.3179 -0.3179 -0.3179 -0.3179 -0.3179 -0.3230 -0.3230 -0.3230 -0.3230 -0.3230 -0.3230 -0.3230 -0.3289 -0.3289 -0.3289 -0.3289 -0.3289 -0.3289 -0.3289 -0.3346 -0.0840 -0.0840 0.0536 -0.1392 
fb3 = -0.3094 -0.3179 -0.3179 -0.3179 -0.3179 -0.3179 -0.3179 -0.3179 -0.3230 -0.3230 -0.3230 -0.3230 -0.3230 -0.3230 -0.3230 -0.3289 -0.3289 -0.3289 -0.3289 -0.3289 -0.3289 -0.3289 -0.3346 -0.0840 -0.0840 0.0536 -0.1392 
fb4 = -0.3092 -0.3177 -0.3177 -0.3177 -0.3177 -0.3177 -0.3177 -0.3177 -0.3228 -0.3228 -0.3228 -0.3228 -0.3228 -0.3228 -0.3228 -0.3287 -0.3287 -0.3287 -0.3287 -0.3287 -0.3287 -0.3287 -0.3345 -0.0836 -0.0836 0.0542 -0.1391 
I = 14.9000 9.4000 9.4000 9.4000 9.4000 9.4000 9.4000 9.4000 6.0000 6.0000 6.0000 6.0000 6.0000 6.0000 6.0000 2.0000 2.0000 2.0000 2.0000 2.0000 2.0000 2.0000 -2.0000 24.0000 24.0000 10.0000 -9.5385 
S1 = 0.0000 0.0000 0.0000 0.0000 0.0000 0.0000 0.0000 0.0000 0.0000 0.0000 0.0000 0.0000 0.0000 0.0000 0.0000 0.0000 0.0000 0.0000 0.0000 0.0000 0.0000 0.0000 0.0000 0.0000 0.0000 0.0000 0.0000 
S2 = 0.0000 0.0000 0.0000 0.0000 0.0000 0.0000 0.0000 0.0000 0.0000 0.0000 0.0000 0.0000 0.0000 0.0000 0.0000 0.0000 0.0000 0.0000 0.0000 0.0000 0.0000 0.0000 0.0000 0.0000 0.0000 0.0000 1.4615 
u = 9.7949 9.7919 9.7919 9.7919 9.7919 9.7919 9.7919 9.7919 9.7900 9.7900 9.7900 9.7900 9.7900 9.7900 9.7900 9.7879 9.7879 9.7879 9.7879 9.7879 9.7879 9.7879 9.7858 9.9278 9.9278 10.1836 9.9082 
v = 20.6581 18.4984 18.4984 18.4984 18.4984 18.4984 18.4984 18.4984 17.1989 17.1989 17.1989 17.1989 17.1989 17.1989 17.1989 15.7030 15.7030 15.7030 15.7030 15.7030 15.7030 15.7030 14.2412 28.7452 28.7452 64.4783 14.7595 
