ExternalI = 5.5000 0.0000 0.0000 0.0000 0.0000 0.0000 0.0000 0.0000 4.0000 4.0000 4.0000 4.0000 4.0000 4.0000 4.0000 0.0000 0.0000 0.0000 0.0000 0.0000 0.0000 0.0000 0.0000 8.0000 8.0000 0.0000 0.0000 
before u = 8.4386 8.3215 8.3215 8.3215 8.3215 8.3215 8.3215 8.3215 8.2665 8.2665 8.2665 8.2665 8.2665 8.2665 8.2665 8.2105 8.2105 8.2105 8.2105 8.2105 8.2105 8.2105 8.1609 10.8110 10.8110 11.4755 9.2931 
before v = 33.6056 25.8359 25.8359 25.8359 25.8359 25.8359 25.8359 25.8359 22.7273 22.7273 22.7273 22.7273 22.7273 22.7273 22.7273 19.7228 19.7228 19.7228 19.7228 19.7228 19.7228 19.7228 17.1451 74.6938 74.6938 69.3689 25.2140 
Ibias = 9.4000 9.4000 9.4000 9.4000 9.4000 9.4000 9.4000 9.4000 2.0000 2.0000 2.0000 2.0000 2.0000 2.0000 2.0000 2.0000 2.0000 2.0000 2.0000 2.0000 2.0000 2.0000 -2.0000 16.0000 16.0000 10.0000 -11.0000 
fa1 = 0.8181 0.2705 0.2705 0.2705 0.2705 0.2705 0.2705 0.2705 0.2128 0.2128 0.2128 0.2128 0.2128 0.2128 0.2128 0.1807 0.1807 0.1807 0.1807 0.1807 0.1807 0.1807 0.1620 74.0027 74.0027 42.8995 1.6837 
fa2 = 0.8178 0.2704 0.2704 0.2704 0.2704 0.2704 0.2704 0.2704 0.2127 0.2127 0.2127 0.2127 0.2127 0.2127 0.2127 0.1806 0.1806 0.1806 0.1806 0.1806 0.1806 0.1806 0.1620 75.1087 75.1087 43.4479 1.6758 
fa3 = 0.8178 0.2704 0.2704 0.2704 0.2704 0.2704 0.2704 0.2704 0.2127 0.2127 0.2127 0.2127 0.2127 0.2127 0.2127 0.1806 0.1806 0.1806 0.1806 0.1806 0.1806 0.1806 0.1620 75.1253 75.1253 43.4550 1.6759 
fa4 = 0.8176 0.2703 0.2703 0.2703 0.2703 0.2703 0.2703 0.2703 0.2126 0.2126 0.2126 0.2126 0.2126 0.2126 0.2126 0.1806 0.1806 0.1806 0.1806 0.1806 0.1806 0.1806 0.1620 76.2597 76.2597 44.0144 1.6681 
fb1 = -0.2031 -0.2295 -0.2295 -0.2295 -0.2295 -0.2295 -0.2295 -0.2295 -0.2398 -0.2398 -0.2398 -0.2398 -0.2398 -0.2398 -0.2398 -0.2495 -0.2495 -0.2495 -0.2495 -0.2495 -0.2495 -0.2495 -0.2579 0.0826 0.0826 0.0480 -0.0850 
fb2 = -0.2031 -0.2295 -0.2295 -0.2295 -0.2295 -0.2295 -0.2295 -0.2295 -0.2397 -0.2397 -0.2397 -0.2397 -0.2397 -0.2397 -0.2397 -0.2495 -0.2495 -0.2495 -0.2495 -0.2495 -0.2495 -0.2495 -0.2578 0.0840 0.0840 0.0488 -0.0850 
fb3 = -0.2031 -0.2295 -0.2295 -0.2295 -0.2295 -0.2295 -0.2295 -0.2295 -0.2397 -0.2397 -0.2397 -0.2397 -0.2397 -0.2397 -0.2397 -0.2495 -0.2495 -0.2495 -0.2495 -0.2495 -0.2495 -0.2495 -0.2578 0.0840 0.0840 0.0488 -0.0850 
fb4 = -0.2030 -0.2294 -0.2294 -0.2294 -0.2294 -0.2294 -0.2294 -0.2294 -0.2396 -0.2396 -0.2396 -0.2396 -0.2396 -0.2396 -0.2396 -0.2494 -0.2494 -0.2494 -0.2494 -0.2494 -0.2494 -0.2494 -0.2577 0.0855 0.0855 0.0497 -0.0849 
I = 14.9000 9.4000 9.4000 9.4000 9.4000 9.4000 9.4000 9.4000 6.0000 6.0000 6.0000 6.0000 6.0000 6.0000 6.0000 2.0000 2.0000 2.0000 2.0000 2.0000 2.0000 2.0000 -2.0000 25.7285 25.7285 10.0000 1.1889 
S1 = 0.0000 0.0000 0.0000 0.0000 0.0000 0.0000 0.0000 0.0000 0.0000 0.0000 0.0000 0.0000 0.0000 0.0000 0.0000 0.0000 0.0000 0.0000 0.0000 0.0000 0.0000 0.0000 0.0000 0.0000 0.0000 0.0000 0.0000 
S2 = 0.0000 0.0000 0.0000 0.0000 0.0000 0.0000 0.0000 0.0000 0.0000 0.0000 0.0000 0.0000 0.0000 0.0000 0.0000 0.0000 0.0000 0.0000 0.0000 0.0000 0.0000 0.0000 0.0000 1.7285 1.7285 0.0000 12.1889 
u = 8.4366 8.3192 8.3192 8.3192 8.3192 8.3192 8.3192 8.3192 8.2641 8.2641 8.2641 8.2641 8.2641 8.2641 8.2641 8.2080 8.2080 8.2080 8.2080 8.2080 8.2080 8.2080 8.1583 10.8119 10.8119 11.4760 9.2923 
v = 33.6138 25.8386 25.8386 25.8386 25.8386 25.8386 25.8386 25.8386 22.7295 22.7295 22.7295 22.7295 22.7295 22.7295 22.7295 19.7246 19.7246 19.7246 19.7246 19.7246 19.7246 19.7246 17.1467 75.4450 75.4450 69.8034 25.2307 
