ExternalI = 5.5000 0.0000 0.0000 0.0000 0.0000 0.0000 0.0000 0.0000 4.0000 4.0000 4.0000 4.0000 4.0000 4.0000 4.0000 0.0000 0.0000 0.0000 0.0000 0.0000 0.0000 0.0000 0.0000 8.0000 8.0000 0.0000 0.0000 
before u = 8.4366 8.3192 8.3192 8.3192 8.3192 8.3192 8.3192 8.3192 8.2641 8.2641 8.2641 8.2641 8.2641 8.2641 8.2641 8.2080 8.2080 8.2080 8.2080 8.2080 8.2080 8.2080 8.1583 10.8119 10.8119 11.4760 9.2923 
before v = 33.6138 25.8386 25.8386 25.8386 25.8386 25.8386 25.8386 25.8386 22.7295 22.7295 22.7295 22.7295 22.7295 22.7295 22.7295 19.7246 19.7246 19.7246 19.7246 19.7246 19.7246 19.7246 17.1467 75.4450 75.4450 69.8034 25.2307 
Ibias = 9.4000 9.4000 9.4000 9.4000 9.4000 9.4000 9.4000 9.4000 2.0000 2.0000 2.0000 2.0000 2.0000 2.0000 2.0000 2.0000 2.0000 2.0000 2.0000 2.0000 2.0000 2.0000 -2.0000 16.0000 16.0000 10.0000 -11.0000 
fa1 = 0.8176 0.2703 0.2703 0.2703 0.2703 0.2703 0.2703 0.2703 0.2126 0.2126 0.2126 0.2126 0.2126 0.2126 0.2126 0.1806 0.1806 0.1806 0.1806 0.1806 0.1806 0.1806 0.1620 76.2562 76.2562 44.0144 1.6437 
fa2 = 0.8173 0.2702 0.2702 0.2702 0.2702 0.2702 0.2702 0.2702 0.2126 0.2126 0.2126 0.2126 0.2126 0.2126 0.2126 0.1806 0.1806 0.1806 0.1806 0.1806 0.1806 0.1806 0.1619 77.4190 77.4190 44.5848 1.6360 
fa3 = 0.8173 0.2702 0.2702 0.2702 0.2702 0.2702 0.2702 0.2702 0.2126 0.2126 0.2126 0.2126 0.2126 0.2126 0.2126 0.1806 0.1806 0.1806 0.1806 0.1806 0.1806 0.1806 0.1619 77.4368 77.4368 44.5922 1.6361 
fa4 = 0.8170 0.2701 0.2701 0.2701 0.2701 0.2701 0.2701 0.2701 0.2125 0.2125 0.2125 0.2125 0.2125 0.2125 0.2125 0.1805 0.1805 0.1805 0.1805 0.1805 0.1805 0.1805 0.1619 78.6300 78.6300 45.1742 1.6285 
fb1 = -0.2030 -0.2294 -0.2294 -0.2294 -0.2294 -0.2294 -0.2294 -0.2294 -0.2396 -0.2396 -0.2396 -0.2396 -0.2396 -0.2396 -0.2396 -0.2494 -0.2494 -0.2494 -0.2494 -0.2494 -0.2494 -0.2494 -0.2577 0.0855 0.0855 0.0497 -0.0849 
fb2 = -0.2030 -0.2294 -0.2294 -0.2294 -0.2294 -0.2294 -0.2294 -0.2294 -0.2396 -0.2396 -0.2396 -0.2396 -0.2396 -0.2396 -0.2396 -0.2494 -0.2494 -0.2494 -0.2494 -0.2494 -0.2494 -0.2494 -0.2577 0.0871 0.0871 0.0506 -0.0849 
fb3 = -0.2030 -0.2294 -0.2294 -0.2294 -0.2294 -0.2294 -0.2294 -0.2294 -0.2396 -0.2396 -0.2396 -0.2396 -0.2396 -0.2396 -0.2396 -0.2494 -0.2494 -0.2494 -0.2494 -0.2494 -0.2494 -0.2494 -0.2577 0.0871 0.0871 0.0506 -0.0849 
fb4 = -0.2029 -0.2293 -0.2293 -0.2293 -0.2293 -0.2293 -0.2293 -0.2293 -0.2395 -0.2395 -0.2395 -0.2395 -0.2395 -0.2395 -0.2395 -0.2493 -0.2493 -0.2493 -0.2493 -0.2493 -0.2493 -0.2493 -0.2576 0.0886 0.0886 0.0515 -0.0848 
I = 14.9000 9.4000 9.4000 9.4000 9.4000 9.4000 9.4000 9.4000 6.0000 6.0000 6.0000 6.0000 6.0000 6.0000 6.0000 2.0000 2.0000 2.0000 2.0000 2.0000 2.0000 2.0000 -2.0000 25.7250 25.7250 10.0000 1.1646 
S1 = 0.0000 0.0000 0.0000 0.0000 0.0000 0.0000 0.0000 0.0000 0.0000 0.0000 0.0000 0.0000 0.0000 0.0000 0.0000 0.0000 0.0000 0.0000 0.0000 0.0000 0.0000 0.0000 0.0000 0.0000 0.0000 0.0000 0.0000 
S2 = 0.0000 0.0000 0.0000 0.0000 0.0000 0.0000 0.0000 0.0000 0.0000 0.0000 0.0000 0.0000 0.0000 0.0000 0.0000 0.0000 0.0000 0.0000 0.0000 0.0000 0.0000 0.0000 0.0000 1.7250 1.7250 0.0000 12.1646 
u = 8.4345 8.3169 8.3169 8.3169 8.3169 8.3169 8.3169 8.3169 8.2617 8.2617 8.2617 8.2617 8.2617 8.2617 8.2617 8.2056 8.2056 8.2056 8.2056 8.2056 8.2056 8.2056 8.1558 10.8127 10.8127 11.4765 9.2914 
v = 33.6219 25.8413 25.8413 25.8413 25.8413 25.8413 25.8413 25.8413 22.7316 22.7316 22.7316 22.7316 22.7316 22.7316 22.7316 19.7264 19.7264 19.7264 19.7264 19.7264 19.7264 19.7264 17.1483 76.2194 76.2194 70.2493 25.2471 
