ExternalI = 5.5000 0.0000 0.0000 0.0000 0.0000 0.0000 0.0000 0.0000 4.0000 4.0000 4.0000 4.0000 4.0000 4.0000 4.0000 0.0000 0.0000 0.0000 0.0000 0.0000 0.0000 0.0000 0.0000 8.0000 8.0000 0.0000 0.0000 
before u = 8.4345 8.3169 8.3169 8.3169 8.3169 8.3169 8.3169 8.3169 8.2617 8.2617 8.2617 8.2617 8.2617 8.2617 8.2617 8.2056 8.2056 8.2056 8.2056 8.2056 8.2056 8.2056 8.1558 10.8127 10.8127 11.4765 9.2914 
before v = 33.6219 25.8413 25.8413 25.8413 25.8413 25.8413 25.8413 25.8413 22.7316 22.7316 22.7316 22.7316 22.7316 22.7316 22.7316 19.7264 19.7264 19.7264 19.7264 19.7264 19.7264 19.7264 17.1483 76.2194 76.2194 70.2493 25.2471 
Ibias = 9.4000 9.4000 9.4000 9.4000 9.4000 9.4000 9.4000 9.4000 2.0000 2.0000 2.0000 2.0000 2.0000 2.0000 2.0000 2.0000 2.0000 2.0000 2.0000 2.0000 2.0000 2.0000 -2.0000 16.0000 16.0000 10.0000 -11.0000 
fa1 = 0.8170 0.2701 0.2701 0.2701 0.2701 0.2701 0.2701 0.2701 0.2125 0.2125 0.2125 0.2125 0.2125 0.2125 0.2125 0.1805 0.1805 0.1805 0.1805 0.1805 0.1805 0.1805 0.1619 78.6264 78.6264 45.1742 1.6041 
fa2 = 0.8168 0.2700 0.2700 0.2700 0.2700 0.2700 0.2700 0.2700 0.2125 0.2125 0.2125 0.2125 0.2125 0.2125 0.2125 0.1805 0.1805 0.1805 0.1805 0.1805 0.1805 0.1805 0.1619 79.8499 79.8499 45.7677 1.5967 
fa3 = 0.8168 0.2700 0.2700 0.2700 0.2700 0.2700 0.2700 0.2700 0.2125 0.2125 0.2125 0.2125 0.2125 0.2125 0.2125 0.1805 0.1805 0.1805 0.1805 0.1805 0.1805 0.1805 0.1619 79.8690 79.8690 45.7756 1.5968 
fa4 = 0.8165 0.2699 0.2699 0.2699 0.2699 0.2699 0.2699 0.2699 0.2124 0.2124 0.2124 0.2124 0.2124 0.2124 0.2124 0.1804 0.1804 0.1804 0.1804 0.1804 0.1804 0.1804 0.1619 81.1250 81.1250 46.3813 1.5894 
fb1 = -0.2029 -0.2293 -0.2293 -0.2293 -0.2293 -0.2293 -0.2293 -0.2293 -0.2395 -0.2395 -0.2395 -0.2395 -0.2395 -0.2395 -0.2395 -0.2493 -0.2493 -0.2493 -0.2493 -0.2493 -0.2493 -0.2493 -0.2576 0.0886 0.0886 0.0515 -0.0848 
fb2 = -0.2028 -0.2293 -0.2293 -0.2293 -0.2293 -0.2293 -0.2293 -0.2293 -0.2395 -0.2395 -0.2395 -0.2395 -0.2395 -0.2395 -0.2395 -0.2493 -0.2493 -0.2493 -0.2493 -0.2493 -0.2493 -0.2493 -0.2576 0.0902 0.0902 0.0524 -0.0848 
fb3 = -0.2028 -0.2293 -0.2293 -0.2293 -0.2293 -0.2293 -0.2293 -0.2293 -0.2395 -0.2395 -0.2395 -0.2395 -0.2395 -0.2395 -0.2395 -0.2493 -0.2493 -0.2493 -0.2493 -0.2493 -0.2493 -0.2493 -0.2576 0.0902 0.0902 0.0524 -0.0848 
fb4 = -0.2028 -0.2292 -0.2292 -0.2292 -0.2292 -0.2292 -0.2292 -0.2292 -0.2394 -0.2394 -0.2394 -0.2394 -0.2394 -0.2394 -0.2394 -0.2492 -0.2492 -0.2492 -0.2492 -0.2492 -0.2492 -0.2492 -0.2575 0.0918 0.0918 0.0533 -0.0848 
I = 14.9000 9.4000 9.4000 9.4000 9.4000 9.4000 9.4000 9.4000 6.0000 6.0000 6.0000 6.0000 6.0000 6.0000 6.0000 2.0000 2.0000 2.0000 2.0000 2.0000 2.0000 2.0000 -2.0000 25.7216 25.7216 10.0000 1.1402 
S1 = 0.0000 0.0000 0.0000 0.0000 0.0000 0.0000 0.0000 0.0000 0.0000 0.0000 0.0000 0.0000 0.0000 0.0000 0.0000 0.0000 0.0000 0.0000 0.0000 0.0000 0.0000 0.0000 0.0000 0.0000 0.0000 0.0000 0.0000 
S2 = 0.0000 0.0000 0.0000 0.0000 0.0000 0.0000 0.0000 0.0000 0.0000 0.0000 0.0000 0.0000 0.0000 0.0000 0.0000 0.0000 0.0000 0.0000 0.0000 0.0000 0.0000 0.0000 0.0000 1.7216 1.7216 0.0000 12.1402 
u = 8.4325 8.3146 8.3146 8.3146 8.3146 8.3146 8.3146 8.3146 8.2593 8.2593 8.2593 8.2593 8.2593 8.2593 8.2593 8.2031 8.2031 8.2031 8.2031 8.2031 8.2031 8.2031 8.1532 10.8136 10.8136 11.4770 9.2906 
v = 33.6301 25.8440 25.8440 25.8440 25.8440 25.8440 25.8440 25.8440 22.7337 22.7337 22.7337 22.7337 22.7337 22.7337 22.7337 19.7282 19.7282 19.7282 19.7282 19.7282 19.7282 19.7282 17.1499 77.0180 77.0180 70.7071 25.2631 
