ExternalI = 5.5000 0.0000 0.0000 0.0000 0.0000 0.0000 0.0000 0.0000 4.0000 4.0000 4.0000 4.0000 4.0000 4.0000 4.0000 0.0000 0.0000 0.0000 0.0000 0.0000 0.0000 0.0000 0.0000 8.0000 8.0000 0.0000 0.0000 
before u = 8.4325 8.3146 8.3146 8.3146 8.3146 8.3146 8.3146 8.3146 8.2593 8.2593 8.2593 8.2593 8.2593 8.2593 8.2593 8.2031 8.2031 8.2031 8.2031 8.2031 8.2031 8.2031 8.1532 10.8136 10.8136 11.4770 9.2906 
before v = 33.6301 25.8440 25.8440 25.8440 25.8440 25.8440 25.8440 25.8440 22.7337 22.7337 22.7337 22.7337 22.7337 22.7337 22.7337 19.7282 19.7282 19.7282 19.7282 19.7282 19.7282 19.7282 17.1499 77.0180 77.0180 70.7071 25.2631 
Ibias = 9.4000 9.4000 9.4000 9.4000 9.4000 9.4000 9.4000 9.4000 2.0000 2.0000 2.0000 2.0000 2.0000 2.0000 2.0000 2.0000 2.0000 2.0000 2.0000 2.0000 2.0000 2.0000 -2.0000 16.0000 16.0000 10.0000 -11.0000 
fa1 = 0.8165 0.2699 0.2699 0.2699 0.2699 0.2699 0.2699 0.2699 0.2124 0.2124 0.2124 0.2124 0.2124 0.2124 0.2124 0.1804 0.1804 0.1804 0.1804 0.1804 0.1804 0.1804 0.1619 81.1214 81.1214 46.3813 1.5651 
fa2 = 0.8163 0.2698 0.2698 0.2698 0.2698 0.2698 0.2698 0.2698 0.2124 0.2124 0.2124 0.2124 0.2124 0.2124 0.2124 0.1804 0.1804 0.1804 0.1804 0.1804 0.1804 0.1804 0.1618 82.4099 82.4099 46.9992 1.5578 
fa3 = 0.8163 0.2698 0.2698 0.2698 0.2698 0.2698 0.2698 0.2698 0.2124 0.2124 0.2124 0.2124 0.2124 0.2124 0.2124 0.1804 0.1804 0.1804 0.1804 0.1804 0.1804 0.1804 0.1618 82.4304 82.4304 47.0075 1.5579 
fa4 = 0.8160 0.2696 0.2696 0.2696 0.2696 0.2696 0.2696 0.2696 0.2123 0.2123 0.2123 0.2123 0.2123 0.2123 0.2123 0.1804 0.1804 0.1804 0.1804 0.1804 0.1804 0.1804 0.1618 83.7537 83.7537 47.6384 1.5507 
fb1 = -0.2028 -0.2292 -0.2292 -0.2292 -0.2292 -0.2292 -0.2292 -0.2292 -0.2394 -0.2394 -0.2394 -0.2394 -0.2394 -0.2394 -0.2394 -0.2492 -0.2492 -0.2492 -0.2492 -0.2492 -0.2492 -0.2492 -0.2575 0.0918 0.0918 0.0533 -0.0848 
fb2 = -0.2027 -0.2292 -0.2292 -0.2292 -0.2292 -0.2292 -0.2292 -0.2292 -0.2394 -0.2394 -0.2394 -0.2394 -0.2394 -0.2394 -0.2394 -0.2492 -0.2492 -0.2492 -0.2492 -0.2492 -0.2492 -0.2492 -0.2575 0.0934 0.0934 0.0542 -0.0847 
fb3 = -0.2027 -0.2292 -0.2292 -0.2292 -0.2292 -0.2292 -0.2292 -0.2292 -0.2394 -0.2394 -0.2394 -0.2394 -0.2394 -0.2394 -0.2394 -0.2492 -0.2492 -0.2492 -0.2492 -0.2492 -0.2492 -0.2492 -0.2575 0.0934 0.0934 0.0542 -0.0847 
fb4 = -0.2027 -0.2291 -0.2291 -0.2291 -0.2291 -0.2291 -0.2291 -0.2291 -0.2393 -0.2393 -0.2393 -0.2393 -0.2393 -0.2393 -0.2393 -0.2491 -0.2491 -0.2491 -0.2491 -0.2491 -0.2491 -0.2491 -0.2574 0.0951 0.0951 0.0552 -0.0847 
I = 14.9000 9.4000 9.4000 9.4000 9.4000 9.4000 9.4000 9.4000 6.0000 6.0000 6.0000 6.0000 6.0000 6.0000 6.0000 2.0000 2.0000 2.0000 2.0000 2.0000 2.0000 2.0000 -2.0000 25.7181 25.7181 10.0000 1.1160 
S1 = 0.0000 0.0000 0.0000 0.0000 0.0000 0.0000 0.0000 0.0000 0.0000 0.0000 0.0000 0.0000 0.0000 0.0000 0.0000 0.0000 0.0000 0.0000 0.0000 0.0000 0.0000 0.0000 0.0000 0.0000 0.0000 0.0000 0.0000 
S2 = 0.0000 0.0000 0.0000 0.0000 0.0000 0.0000 0.0000 0.0000 0.0000 0.0000 0.0000 0.0000 0.0000 0.0000 0.0000 0.0000 0.0000 0.0000 0.0000 0.0000 0.0000 0.0000 0.0000 1.7181 1.7181 0.0000 12.1160 
u = 8.4305 8.3123 8.3123 8.3123 8.3123 8.3123 8.3123 8.3123 8.2569 8.2569 8.2569 8.2569 8.2569 8.2569 8.2569 8.2006 8.2006 8.2006 8.2006 8.2006 8.2006 8.2006 8.1506 10.8146 10.8146 11.4776 9.2897 
v = 33.6383 25.8467 25.8467 25.8467 25.8467 25.8467 25.8467 25.8467 22.7358 22.7358 22.7358 22.7358 22.7358 22.7358 22.7358 19.7300 19.7300 19.7300 19.7300 19.7300 19.7300 19.7300 17.1515 77.8423 77.8423 71.1771 25.2786 
