ExternalI = 5.5000 0.0000 0.0000 0.0000 0.0000 0.0000 0.0000 0.0000 4.0000 4.0000 4.0000 4.0000 4.0000 4.0000 4.0000 0.0000 0.0000 0.0000 0.0000 0.0000 0.0000 0.0000 0.0000 8.0000 8.0000 0.0000 0.0000 
before u = 8.4305 8.3123 8.3123 8.3123 8.3123 8.3123 8.3123 8.3123 8.2569 8.2569 8.2569 8.2569 8.2569 8.2569 8.2569 8.2006 8.2006 8.2006 8.2006 8.2006 8.2006 8.2006 8.1506 10.8146 10.8146 11.4776 9.2897 
before v = 33.6383 25.8467 25.8467 25.8467 25.8467 25.8467 25.8467 25.8467 22.7358 22.7358 22.7358 22.7358 22.7358 22.7358 22.7358 19.7300 19.7300 19.7300 19.7300 19.7300 19.7300 19.7300 17.1515 77.8423 77.8423 71.1771 25.2786 
Ibias = 9.4000 9.4000 9.4000 9.4000 9.4000 9.4000 9.4000 9.4000 2.0000 2.0000 2.0000 2.0000 2.0000 2.0000 2.0000 2.0000 2.0000 2.0000 2.0000 2.0000 2.0000 2.0000 -2.0000 16.0000 16.0000 10.0000 -11.0000 
fa1 = 0.8160 0.2696 0.2696 0.2696 0.2696 0.2696 0.2696 0.2696 0.2123 0.2123 0.2123 0.2123 0.2123 0.2123 0.2123 0.1804 0.1804 0.1804 0.1804 0.1804 0.1804 0.1804 0.1618 83.7501 83.7501 47.6383 1.5264 
fa2 = 0.8158 0.2695 0.2695 0.2695 0.2695 0.2695 0.2695 0.2695 0.2122 0.2122 0.2122 0.2122 0.2122 0.2122 0.2122 0.1803 0.1803 0.1803 0.1803 0.1803 0.1803 0.1803 0.1618 85.1081 85.1081 48.2820 1.5194 
fa3 = 0.8158 0.2695 0.2695 0.2695 0.2695 0.2695 0.2695 0.2695 0.2122 0.2122 0.2122 0.2122 0.2122 0.2122 0.2122 0.1803 0.1803 0.1803 0.1803 0.1803 0.1803 0.1803 0.1618 85.1302 85.1302 48.2908 1.5194 
fa4 = 0.8156 0.2694 0.2694 0.2694 0.2694 0.2694 0.2694 0.2694 0.2122 0.2122 0.2122 0.2122 0.2122 0.2122 0.2122 0.1803 0.1803 0.1803 0.1803 0.1803 0.1803 0.1803 0.1617 86.5256 86.5256 48.9481 1.5124 
fb1 = -0.2027 -0.2291 -0.2291 -0.2291 -0.2291 -0.2291 -0.2291 -0.2291 -0.2393 -0.2393 -0.2393 -0.2393 -0.2393 -0.2393 -0.2393 -0.2491 -0.2491 -0.2491 -0.2491 -0.2491 -0.2491 -0.2491 -0.2574 0.0951 0.0951 0.0552 -0.0847 
fb2 = -0.2026 -0.2291 -0.2291 -0.2291 -0.2291 -0.2291 -0.2291 -0.2291 -0.2393 -0.2393 -0.2393 -0.2393 -0.2393 -0.2393 -0.2393 -0.2490 -0.2490 -0.2490 -0.2490 -0.2490 -0.2490 -0.2490 -0.2574 0.0967 0.0967 0.0561 -0.0846 
fb3 = -0.2026 -0.2291 -0.2291 -0.2291 -0.2291 -0.2291 -0.2291 -0.2291 -0.2393 -0.2393 -0.2393 -0.2393 -0.2393 -0.2393 -0.2393 -0.2490 -0.2490 -0.2490 -0.2490 -0.2490 -0.2490 -0.2490 -0.2574 0.0968 0.0968 0.0561 -0.0846 
fb4 = -0.2026 -0.2290 -0.2290 -0.2290 -0.2290 -0.2290 -0.2290 -0.2290 -0.2392 -0.2392 -0.2392 -0.2392 -0.2392 -0.2392 -0.2392 -0.2490 -0.2490 -0.2490 -0.2490 -0.2490 -0.2490 -0.2490 -0.2573 0.0985 0.0985 0.0571 -0.0846 
I = 14.9000 9.4000 9.4000 9.4000 9.4000 9.4000 9.4000 9.4000 6.0000 6.0000 6.0000 6.0000 6.0000 6.0000 6.0000 2.0000 2.0000 2.0000 2.0000 2.0000 2.0000 2.0000 -2.0000 25.7147 25.7147 10.0000 1.0917 
S1 = 0.0000 0.0000 0.0000 0.0000 0.0000 0.0000 0.0000 0.0000 0.0000 0.0000 0.0000 0.0000 0.0000 0.0000 0.0000 0.0000 0.0000 0.0000 0.0000 0.0000 0.0000 0.0000 0.0000 0.0000 0.0000 0.0000 0.0000 
S2 = 0.0000 0.0000 0.0000 0.0000 0.0000 0.0000 0.0000 0.0000 0.0000 0.0000 0.0000 0.0000 0.0000 0.0000 0.0000 0.0000 0.0000 0.0000 0.0000 0.0000 0.0000 0.0000 0.0000 1.7147 1.7147 0.0000 12.0917 
u = 8.4284 8.3100 8.3100 8.3100 8.3100 8.3100 8.3100 8.3100 8.2545 8.2545 8.2545 8.2545 8.2545 8.2545 8.2545 8.1981 8.1981 8.1981 8.1981 8.1981 8.1981 8.1981 8.1480 10.8155 10.8155 11.4781 9.2889 
v = 33.6464 25.8494 25.8494 25.8494 25.8494 25.8494 25.8494 25.8494 22.7380 22.7380 22.7380 22.7380 22.7380 22.7380 22.7380 19.7318 19.7318 19.7318 19.7318 19.7318 19.7318 19.7318 17.1532 78.6935 78.6935 71.6600 25.2938 
