ExternalI = 5.5000 0.0000 0.0000 0.0000 0.0000 0.0000 0.0000 0.0000 4.0000 4.0000 4.0000 4.0000 4.0000 4.0000 4.0000 0.0000 0.0000 0.0000 0.0000 0.0000 0.0000 0.0000 0.0000 8.0000 8.0000 0.0000 0.0000 
before u = 8.4284 8.3100 8.3100 8.3100 8.3100 8.3100 8.3100 8.3100 8.2545 8.2545 8.2545 8.2545 8.2545 8.2545 8.2545 8.1981 8.1981 8.1981 8.1981 8.1981 8.1981 8.1981 8.1480 10.8155 10.8155 11.4781 9.2889 
before v = 33.6464 25.8494 25.8494 25.8494 25.8494 25.8494 25.8494 25.8494 22.7380 22.7380 22.7380 22.7380 22.7380 22.7380 22.7380 19.7318 19.7318 19.7318 19.7318 19.7318 19.7318 19.7318 17.1532 78.6935 78.6935 71.6600 25.2938 
Ibias = 9.4000 9.4000 9.4000 9.4000 9.4000 9.4000 9.4000 9.4000 2.0000 2.0000 2.0000 2.0000 2.0000 2.0000 2.0000 2.0000 2.0000 2.0000 2.0000 2.0000 2.0000 2.0000 -2.0000 16.0000 16.0000 10.0000 -11.0000 
fa1 = 0.8156 0.2694 0.2694 0.2694 0.2694 0.2694 0.2694 0.2694 0.2122 0.2122 0.2122 0.2122 0.2122 0.2122 0.2122 0.1803 0.1803 0.1803 0.1803 0.1803 0.1803 0.1803 0.1617 86.5220 86.5220 48.9481 1.4883 
fa2 = 0.8153 0.2693 0.2693 0.2693 0.2693 0.2693 0.2693 0.2693 0.2121 0.2121 0.2121 0.2121 0.2121 0.2121 0.2121 0.1803 0.1803 0.1803 0.1803 0.1803 0.1803 0.1803 0.1617 87.9546 87.9546 49.6190 1.4814 
fa3 = 0.8153 0.2693 0.2693 0.2693 0.2693 0.2693 0.2693 0.2693 0.2121 0.2121 0.2121 0.2121 0.2121 0.2121 0.2121 0.1803 0.1803 0.1803 0.1803 0.1803 0.1803 0.1803 0.1617 87.9785 87.9785 49.6282 1.4815 
fa4 = 0.8151 0.2692 0.2692 0.2692 0.2692 0.2692 0.2692 0.2692 0.2121 0.2121 0.2121 0.2121 0.2121 0.2121 0.2121 0.1802 0.1802 0.1802 0.1802 0.1802 0.1802 0.1802 0.1617 89.4513 89.4513 50.3136 1.4747 
fb1 = -0.2026 -0.2290 -0.2290 -0.2290 -0.2290 -0.2290 -0.2290 -0.2290 -0.2392 -0.2392 -0.2392 -0.2392 -0.2392 -0.2392 -0.2392 -0.2490 -0.2490 -0.2490 -0.2490 -0.2490 -0.2490 -0.2490 -0.2573 0.0985 0.0985 0.0571 -0.0846 
fb2 = -0.2025 -0.2290 -0.2290 -0.2290 -0.2290 -0.2290 -0.2290 -0.2290 -0.2392 -0.2392 -0.2392 -0.2392 -0.2392 -0.2392 -0.2392 -0.2489 -0.2489 -0.2489 -0.2489 -0.2489 -0.2489 -0.2489 -0.2573 0.1002 0.1002 0.0581 -0.0846 
fb3 = -0.2025 -0.2290 -0.2290 -0.2290 -0.2290 -0.2290 -0.2290 -0.2290 -0.2392 -0.2392 -0.2392 -0.2392 -0.2392 -0.2392 -0.2392 -0.2489 -0.2489 -0.2489 -0.2489 -0.2489 -0.2489 -0.2489 -0.2573 0.1002 0.1002 0.0581 -0.0846 
fb4 = -0.2024 -0.2289 -0.2289 -0.2289 -0.2289 -0.2289 -0.2289 -0.2289 -0.2391 -0.2391 -0.2391 -0.2391 -0.2391 -0.2391 -0.2391 -0.2489 -0.2489 -0.2489 -0.2489 -0.2489 -0.2489 -0.2489 -0.2572 0.1020 0.1020 0.0591 -0.0845 
I = 14.9000 9.4000 9.4000 9.4000 9.4000 9.4000 9.4000 9.4000 6.0000 6.0000 6.0000 6.0000 6.0000 6.0000 6.0000 2.0000 2.0000 2.0000 2.0000 2.0000 2.0000 2.0000 -2.0000 25.7113 25.7113 10.0000 1.0675 
S1 = 0.0000 0.0000 0.0000 0.0000 0.0000 0.0000 0.0000 0.0000 0.0000 0.0000 0.0000 0.0000 0.0000 0.0000 0.0000 0.0000 0.0000 0.0000 0.0000 0.0000 0.0000 0.0000 0.0000 0.0000 0.0000 0.0000 0.0000 
S2 = 0.0000 0.0000 0.0000 0.0000 0.0000 0.0000 0.0000 0.0000 0.0000 0.0000 0.0000 0.0000 0.0000 0.0000 0.0000 0.0000 0.0000 0.0000 0.0000 0.0000 0.0000 0.0000 0.0000 1.7113 1.7113 0.0000 12.0675 
u = 8.4264 8.3077 8.3077 8.3077 8.3077 8.3077 8.3077 8.3077 8.2521 8.2521 8.2521 8.2521 8.2521 8.2521 8.2521 8.1956 8.1956 8.1956 8.1956 8.1956 8.1956 8.1956 8.1455 10.8166 10.8166 11.4787 9.2881 
v = 33.6546 25.8521 25.8521 25.8521 25.8521 25.8521 25.8521 25.8521 22.7401 22.7401 22.7401 22.7401 22.7401 22.7401 22.7401 19.7336 19.7336 19.7336 19.7336 19.7336 19.7336 19.7336 17.1548 79.5733 79.5733 72.1563 25.3086 
