ExternalI = 5.5000 0.0000 0.0000 0.0000 0.0000 0.0000 0.0000 0.0000 4.0000 4.0000 4.0000 4.0000 4.0000 4.0000 4.0000 0.0000 0.0000 0.0000 0.0000 0.0000 0.0000 0.0000 0.0000 8.0000 8.0000 0.0000 0.0000 
before u = 8.4264 8.3077 8.3077 8.3077 8.3077 8.3077 8.3077 8.3077 8.2521 8.2521 8.2521 8.2521 8.2521 8.2521 8.2521 8.1956 8.1956 8.1956 8.1956 8.1956 8.1956 8.1956 8.1455 10.8166 10.8166 11.4787 9.2881 
before v = 33.6546 25.8521 25.8521 25.8521 25.8521 25.8521 25.8521 25.8521 22.7401 22.7401 22.7401 22.7401 22.7401 22.7401 22.7401 19.7336 19.7336 19.7336 19.7336 19.7336 19.7336 19.7336 17.1548 79.5733 79.5733 72.1563 25.3086 
Ibias = 9.4000 9.4000 9.4000 9.4000 9.4000 9.4000 9.4000 9.4000 2.0000 2.0000 2.0000 2.0000 2.0000 2.0000 2.0000 2.0000 2.0000 2.0000 2.0000 2.0000 2.0000 2.0000 -2.0000 16.0000 16.0000 10.0000 -11.0000 
fa1 = 0.8151 0.2692 0.2692 0.2692 0.2692 0.2692 0.2692 0.2692 0.2121 0.2121 0.2121 0.2121 0.2121 0.2121 0.2121 0.1802 0.1802 0.1802 0.1802 0.1802 0.1802 0.1802 0.1617 89.4477 89.4477 50.3135 1.4505 
fa2 = 0.8148 0.2691 0.2691 0.2691 0.2691 0.2691 0.2691 0.2691 0.2120 0.2120 0.2120 0.2120 0.2120 0.2120 0.2120 0.1802 0.1802 0.1802 0.1802 0.1802 0.1802 0.1802 0.1616 90.9605 90.9605 51.0132 1.4439 
fa3 = 0.8148 0.2691 0.2691 0.2691 0.2691 0.2691 0.2691 0.2691 0.2120 0.2120 0.2120 0.2120 0.2120 0.2120 0.2120 0.1802 0.1802 0.1802 0.1802 0.1802 0.1802 0.1802 0.1616 90.9862 90.9862 51.0230 1.4439 
fa4 = 0.8146 0.2690 0.2690 0.2690 0.2690 0.2690 0.2690 0.2690 0.2120 0.2120 0.2120 0.2120 0.2120 0.2120 0.2120 0.1802 0.1802 0.1802 0.1802 0.1802 0.1802 0.1802 0.1616 92.5422 92.5422 51.7379 1.4373 
fb1 = -0.2024 -0.2289 -0.2289 -0.2289 -0.2289 -0.2289 -0.2289 -0.2289 -0.2391 -0.2391 -0.2391 -0.2391 -0.2391 -0.2391 -0.2391 -0.2489 -0.2489 -0.2489 -0.2489 -0.2489 -0.2489 -0.2489 -0.2572 0.1020 0.1020 0.0591 -0.0845 
fb2 = -0.2024 -0.2288 -0.2288 -0.2288 -0.2288 -0.2288 -0.2288 -0.2288 -0.2391 -0.2391 -0.2391 -0.2391 -0.2391 -0.2391 -0.2391 -0.2488 -0.2488 -0.2488 -0.2488 -0.2488 -0.2488 -0.2488 -0.2571 0.1037 0.1037 0.0601 -0.0845 
fb3 = -0.2024 -0.2288 -0.2288 -0.2288 -0.2288 -0.2288 -0.2288 -0.2288 -0.2391 -0.2391 -0.2391 -0.2391 -0.2391 -0.2391 -0.2391 -0.2488 -0.2488 -0.2488 -0.2488 -0.2488 -0.2488 -0.2488 -0.2571 0.1038 0.1038 0.0601 -0.0845 
fb4 = -0.2023 -0.2288 -0.2288 -0.2288 -0.2288 -0.2288 -0.2288 -0.2288 -0.2390 -0.2390 -0.2390 -0.2390 -0.2390 -0.2390 -0.2390 -0.2488 -0.2488 -0.2488 -0.2488 -0.2488 -0.2488 -0.2488 -0.2571 0.1056 0.1056 0.0611 -0.0845 
I = 14.9000 9.4000 9.4000 9.4000 9.4000 9.4000 9.4000 9.4000 6.0000 6.0000 6.0000 6.0000 6.0000 6.0000 6.0000 2.0000 2.0000 2.0000 2.0000 2.0000 2.0000 2.0000 -2.0000 25.7079 25.7079 10.0000 1.0434 
S1 = 0.0000 0.0000 0.0000 0.0000 0.0000 0.0000 0.0000 0.0000 0.0000 0.0000 0.0000 0.0000 0.0000 0.0000 0.0000 0.0000 0.0000 0.0000 0.0000 0.0000 0.0000 0.0000 0.0000 0.0000 0.0000 0.0000 0.0000 
S2 = 0.0000 0.0000 0.0000 0.0000 0.0000 0.0000 0.0000 0.0000 0.0000 0.0000 0.0000 0.0000 0.0000 0.0000 0.0000 0.0000 0.0000 0.0000 0.0000 0.0000 0.0000 0.0000 0.0000 1.7079 1.7079 0.0000 12.0434 
u = 8.4244 8.3054 8.3054 8.3054 8.3054 8.3054 8.3054 8.3054 8.2498 8.2498 8.2498 8.2498 8.2498 8.2498 8.2498 8.1931 8.1931 8.1931 8.1931 8.1931 8.1931 8.1931 8.1429 10.8176 10.8176 11.4793 9.2872 
v = 33.6627 25.8548 25.8548 25.8548 25.8548 25.8548 25.8548 25.8548 22.7422 22.7422 22.7422 22.7422 22.7422 22.7422 22.7422 19.7354 19.7354 19.7354 19.7354 19.7354 19.7354 19.7354 17.1564 80.4831 80.4831 72.6665 25.3231 
