ExternalI = 5.5000 0.0000 0.0000 0.0000 0.0000 0.0000 0.0000 0.0000 4.0000 4.0000 4.0000 4.0000 4.0000 4.0000 4.0000 0.0000 0.0000 0.0000 0.0000 0.0000 0.0000 0.0000 0.0000 8.0000 8.0000 0.0000 0.0000 
before u = 8.4244 8.3054 8.3054 8.3054 8.3054 8.3054 8.3054 8.3054 8.2498 8.2498 8.2498 8.2498 8.2498 8.2498 8.2498 8.1931 8.1931 8.1931 8.1931 8.1931 8.1931 8.1931 8.1429 10.8176 10.8176 11.4793 9.2872 
before v = 33.6627 25.8548 25.8548 25.8548 25.8548 25.8548 25.8548 25.8548 22.7422 22.7422 22.7422 22.7422 22.7422 22.7422 22.7422 19.7354 19.7354 19.7354 19.7354 19.7354 19.7354 19.7354 17.1564 80.4831 80.4831 72.6665 25.3231 
Ibias = 9.4000 9.4000 9.4000 9.4000 9.4000 9.4000 9.4000 9.4000 2.0000 2.0000 2.0000 2.0000 2.0000 2.0000 2.0000 2.0000 2.0000 2.0000 2.0000 2.0000 2.0000 2.0000 -2.0000 16.0000 16.0000 10.0000 -11.0000 
fa1 = 0.8146 0.2690 0.2690 0.2690 0.2690 0.2690 0.2690 0.2690 0.2120 0.2120 0.2120 0.2120 0.2120 0.2120 0.2120 0.1802 0.1802 0.1802 0.1802 0.1802 0.1802 0.1802 0.1616 92.5386 92.5386 51.7379 1.4132 
fa2 = 0.8143 0.2689 0.2689 0.2689 0.2689 0.2689 0.2689 0.2689 0.2119 0.2119 0.2119 0.2119 0.2119 0.2119 0.2119 0.1801 0.1801 0.1801 0.1801 0.1801 0.1801 0.1801 0.1616 94.1377 94.1377 52.4680 1.4067 
fa3 = 0.8143 0.2689 0.2689 0.2689 0.2689 0.2689 0.2689 0.2689 0.2119 0.2119 0.2119 0.2119 0.2119 0.2119 0.2119 0.1801 0.1801 0.1801 0.1801 0.1801 0.1801 0.1801 0.1616 94.1655 94.1655 52.4784 1.4068 
fa4 = 0.8141 0.2688 0.2688 0.2688 0.2688 0.2688 0.2688 0.2688 0.2118 0.2118 0.2118 0.2118 0.2118 0.2118 0.2118 0.1801 0.1801 0.1801 0.1801 0.1801 0.1801 0.1801 0.1616 95.8110 95.8110 53.2246 1.4004 
fb1 = -0.2023 -0.2288 -0.2288 -0.2288 -0.2288 -0.2288 -0.2288 -0.2288 -0.2390 -0.2390 -0.2390 -0.2390 -0.2390 -0.2390 -0.2390 -0.2488 -0.2488 -0.2488 -0.2488 -0.2488 -0.2488 -0.2488 -0.2571 0.1056 0.1056 0.0611 -0.0845 
fb2 = -0.2023 -0.2287 -0.2287 -0.2287 -0.2287 -0.2287 -0.2287 -0.2287 -0.2390 -0.2390 -0.2390 -0.2390 -0.2390 -0.2390 -0.2390 -0.2487 -0.2487 -0.2487 -0.2487 -0.2487 -0.2487 -0.2487 -0.2570 0.1074 0.1074 0.0621 -0.0844 
fb3 = -0.2023 -0.2287 -0.2287 -0.2287 -0.2287 -0.2287 -0.2287 -0.2287 -0.2390 -0.2390 -0.2390 -0.2390 -0.2390 -0.2390 -0.2390 -0.2487 -0.2487 -0.2487 -0.2487 -0.2487 -0.2487 -0.2487 -0.2570 0.1075 0.1075 0.0621 -0.0844 
fb4 = -0.2022 -0.2287 -0.2287 -0.2287 -0.2287 -0.2287 -0.2287 -0.2287 -0.2389 -0.2389 -0.2389 -0.2389 -0.2389 -0.2389 -0.2389 -0.2487 -0.2487 -0.2487 -0.2487 -0.2487 -0.2487 -0.2487 -0.2570 0.1093 0.1093 0.0632 -0.0844 
I = 14.9000 9.4000 9.4000 9.4000 9.4000 9.4000 9.4000 9.4000 6.0000 6.0000 6.0000 6.0000 6.0000 6.0000 6.0000 2.0000 2.0000 2.0000 2.0000 2.0000 2.0000 2.0000 -2.0000 25.7044 25.7044 10.0000 1.0193 
S1 = 0.0000 0.0000 0.0000 0.0000 0.0000 0.0000 0.0000 0.0000 0.0000 0.0000 0.0000 0.0000 0.0000 0.0000 0.0000 0.0000 0.0000 0.0000 0.0000 0.0000 0.0000 0.0000 0.0000 0.0000 0.0000 0.0000 0.0000 
S2 = 0.0000 0.0000 0.0000 0.0000 0.0000 0.0000 0.0000 0.0000 0.0000 0.0000 0.0000 0.0000 0.0000 0.0000 0.0000 0.0000 0.0000 0.0000 0.0000 0.0000 0.0000 0.0000 0.0000 1.7044 1.7044 0.0000 12.0193 
u = 8.4224 8.3031 8.3031 8.3031 8.3031 8.3031 8.3031 8.3031 8.2474 8.2474 8.2474 8.2474 8.2474 8.2474 8.2474 8.1906 8.1906 8.1906 8.1906 8.1906 8.1906 8.1906 8.1403 10.8187 10.8187 11.4800 9.2864 
v = 33.6709 25.8575 25.8575 25.8575 25.8575 25.8575 25.8575 25.8575 22.7443 22.7443 22.7443 22.7443 22.7443 22.7443 22.7443 19.7372 19.7372 19.7372 19.7372 19.7372 19.7372 19.7372 17.1580 81.4247 81.4247 73.1912 25.3371 
