ExternalI = 5.5000 0.0000 0.0000 0.0000 0.0000 0.0000 0.0000 0.0000 4.0000 4.0000 4.0000 4.0000 4.0000 4.0000 4.0000 0.0000 0.0000 0.0000 0.0000 0.0000 0.0000 0.0000 0.0000 8.0000 8.0000 0.0000 0.0000 
before u = 8.4224 8.3031 8.3031 8.3031 8.3031 8.3031 8.3031 8.3031 8.2474 8.2474 8.2474 8.2474 8.2474 8.2474 8.2474 8.1906 8.1906 8.1906 8.1906 8.1906 8.1906 8.1906 8.1403 10.8187 10.8187 11.4800 9.2864 
before v = 33.6709 25.8575 25.8575 25.8575 25.8575 25.8575 25.8575 25.8575 22.7443 22.7443 22.7443 22.7443 22.7443 22.7443 22.7443 19.7372 19.7372 19.7372 19.7372 19.7372 19.7372 19.7372 17.1580 81.4247 81.4247 73.1912 25.3371 
Ibias = 9.4000 9.4000 9.4000 9.4000 9.4000 9.4000 9.4000 9.4000 2.0000 2.0000 2.0000 2.0000 2.0000 2.0000 2.0000 2.0000 2.0000 2.0000 2.0000 2.0000 2.0000 2.0000 -2.0000 16.0000 16.0000 10.0000 -11.0000 
fa1 = 0.8141 0.2688 0.2688 0.2688 0.2688 0.2688 0.2688 0.2688 0.2118 0.2118 0.2118 0.2118 0.2118 0.2118 0.2118 0.1801 0.1801 0.1801 0.1801 0.1801 0.1801 0.1801 0.1616 95.8074 95.8074 53.2246 1.3763 
fa2 = 0.8139 0.2687 0.2687 0.2687 0.2687 0.2687 0.2687 0.2687 0.2118 0.2118 0.2118 0.2118 0.2118 0.2118 0.2118 0.1800 0.1800 0.1800 0.1800 0.1800 0.1800 0.1800 0.1615 97.4993 97.4993 53.9869 1.3700 
fa3 = 0.8139 0.2687 0.2687 0.2687 0.2687 0.2687 0.2687 0.2687 0.2118 0.2118 0.2118 0.2118 0.2118 0.2118 0.2118 0.1800 0.1800 0.1800 0.1800 0.1800 0.1800 0.1800 0.1615 97.5294 97.5294 53.9979 1.3701 
fa4 = 0.8136 0.2685 0.2685 0.2685 0.2685 0.2685 0.2685 0.2685 0.2117 0.2117 0.2117 0.2117 0.2117 0.2117 0.2117 0.1800 0.1800 0.1800 0.1800 0.1800 0.1800 0.1800 0.1615 99.2715 99.2715 54.7774 1.3638 
fb1 = -0.2022 -0.2287 -0.2287 -0.2287 -0.2287 -0.2287 -0.2287 -0.2287 -0.2389 -0.2389 -0.2389 -0.2389 -0.2389 -0.2389 -0.2389 -0.2487 -0.2487 -0.2487 -0.2487 -0.2487 -0.2487 -0.2487 -0.2570 0.1093 0.1093 0.0632 -0.0844 
fb2 = -0.2022 -0.2286 -0.2286 -0.2286 -0.2286 -0.2286 -0.2286 -0.2286 -0.2389 -0.2389 -0.2389 -0.2389 -0.2389 -0.2389 -0.2389 -0.2486 -0.2486 -0.2486 -0.2486 -0.2486 -0.2486 -0.2486 -0.2569 0.1112 0.1112 0.0642 -0.0843 
fb3 = -0.2022 -0.2286 -0.2286 -0.2286 -0.2286 -0.2286 -0.2286 -0.2286 -0.2389 -0.2389 -0.2389 -0.2389 -0.2389 -0.2389 -0.2389 -0.2486 -0.2486 -0.2486 -0.2486 -0.2486 -0.2486 -0.2486 -0.2569 0.1113 0.1113 0.0642 -0.0843 
fb4 = -0.2021 -0.2286 -0.2286 -0.2286 -0.2286 -0.2286 -0.2286 -0.2286 -0.2388 -0.2388 -0.2388 -0.2388 -0.2388 -0.2388 -0.2388 -0.2486 -0.2486 -0.2486 -0.2486 -0.2486 -0.2486 -0.2486 -0.2569 0.1132 0.1132 0.0653 -0.0843 
I = 14.9000 9.4000 9.4000 9.4000 9.4000 9.4000 9.4000 9.4000 6.0000 6.0000 6.0000 6.0000 6.0000 6.0000 6.0000 2.0000 2.0000 2.0000 2.0000 2.0000 2.0000 2.0000 -2.0000 25.7010 25.7010 10.0000 0.9953 
S1 = 0.0000 0.0000 0.0000 0.0000 0.0000 0.0000 0.0000 0.0000 0.0000 0.0000 0.0000 0.0000 0.0000 0.0000 0.0000 0.0000 0.0000 0.0000 0.0000 0.0000 0.0000 0.0000 0.0000 0.0000 0.0000 0.0000 0.0000 
S2 = 0.0000 0.0000 0.0000 0.0000 0.0000 0.0000 0.0000 0.0000 0.0000 0.0000 0.0000 0.0000 0.0000 0.0000 0.0000 0.0000 0.0000 0.0000 0.0000 0.0000 0.0000 0.0000 0.0000 1.7010 1.7010 0.0000 11.9953 
u = 8.4204 8.3009 8.3009 8.3009 8.3009 8.3009 8.3009 8.3009 8.2450 8.2450 8.2450 8.2450 8.2450 8.2450 8.2450 8.1881 8.1881 8.1881 8.1881 8.1881 8.1881 8.1881 8.1377 10.8198 10.8198 11.4806 9.2855 
v = 33.6790 25.8602 25.8602 25.8602 25.8602 25.8602 25.8602 25.8602 22.7464 22.7464 22.7464 22.7464 22.7464 22.7464 22.7464 19.7390 19.7390 19.7390 19.7390 19.7390 19.7390 19.7390 17.1596 82.3999 82.3999 73.7312 25.3508 
