ExternalI = 5.5000 0.0000 0.0000 0.0000 0.0000 0.0000 0.0000 0.0000 4.0000 4.0000 4.0000 4.0000 4.0000 4.0000 4.0000 0.0000 0.0000 0.0000 0.0000 0.0000 0.0000 0.0000 0.0000 8.0000 8.0000 0.0000 0.0000 
before u = 8.4204 8.3009 8.3009 8.3009 8.3009 8.3009 8.3009 8.3009 8.2450 8.2450 8.2450 8.2450 8.2450 8.2450 8.2450 8.1881 8.1881 8.1881 8.1881 8.1881 8.1881 8.1881 8.1377 10.8198 10.8198 11.4806 9.2855 
before v = 33.6790 25.8602 25.8602 25.8602 25.8602 25.8602 25.8602 25.8602 22.7464 22.7464 22.7464 22.7464 22.7464 22.7464 22.7464 19.7390 19.7390 19.7390 19.7390 19.7390 19.7390 19.7390 17.1596 82.3999 82.3999 73.7312 25.3508 
Ibias = 9.4000 9.4000 9.4000 9.4000 9.4000 9.4000 9.4000 9.4000 2.0000 2.0000 2.0000 2.0000 2.0000 2.0000 2.0000 2.0000 2.0000 2.0000 2.0000 2.0000 2.0000 2.0000 -2.0000 16.0000 16.0000 10.0000 -11.0000 
fa1 = 0.8136 0.2685 0.2685 0.2685 0.2685 0.2685 0.2685 0.2685 0.2117 0.2117 0.2117 0.2117 0.2117 0.2117 0.2117 0.1800 0.1800 0.1800 0.1800 0.1800 0.1800 0.1800 0.1615 99.2678 99.2678 54.7773 1.3398 
fa2 = 0.8134 0.2684 0.2684 0.2684 0.2684 0.2684 0.2684 0.2684 0.2117 0.2117 0.2117 0.2117 0.2117 0.2117 0.2117 0.1800 0.1800 0.1800 0.1800 0.1800 0.1800 0.1800 0.1615 101.0600 101.0600 55.5738 1.3338 
fa3 = 0.8134 0.2684 0.2684 0.2684 0.2684 0.2684 0.2684 0.2684 0.2117 0.2117 0.2117 0.2117 0.2117 0.2117 0.2117 0.1800 0.1800 0.1800 0.1800 0.1800 0.1800 0.1800 0.1615 101.0925 101.0925 55.5855 1.3338 
fa4 = 0.8132 0.2683 0.2683 0.2683 0.2683 0.2683 0.2683 0.2683 0.2116 0.2116 0.2116 0.2116 0.2116 0.2116 0.2116 0.1799 0.1799 0.1799 0.1799 0.1799 0.1799 0.1799 0.1614 102.9388 102.9388 56.4002 1.3277 
fb1 = -0.2021 -0.2286 -0.2286 -0.2286 -0.2286 -0.2286 -0.2286 -0.2286 -0.2388 -0.2388 -0.2388 -0.2388 -0.2388 -0.2388 -0.2388 -0.2486 -0.2486 -0.2486 -0.2486 -0.2486 -0.2486 -0.2486 -0.2569 0.1132 0.1132 0.0653 -0.0843 
fb2 = -0.2020 -0.2285 -0.2285 -0.2285 -0.2285 -0.2285 -0.2285 -0.2285 -0.2388 -0.2388 -0.2388 -0.2388 -0.2388 -0.2388 -0.2388 -0.2485 -0.2485 -0.2485 -0.2485 -0.2485 -0.2485 -0.2485 -0.2568 0.1152 0.1152 0.0664 -0.0843 
fb3 = -0.2020 -0.2285 -0.2285 -0.2285 -0.2285 -0.2285 -0.2285 -0.2285 -0.2388 -0.2388 -0.2388 -0.2388 -0.2388 -0.2388 -0.2388 -0.2485 -0.2485 -0.2485 -0.2485 -0.2485 -0.2485 -0.2485 -0.2568 0.1152 0.1152 0.0664 -0.0843 
fb4 = -0.2020 -0.2285 -0.2285 -0.2285 -0.2285 -0.2285 -0.2285 -0.2285 -0.2387 -0.2387 -0.2387 -0.2387 -0.2387 -0.2387 -0.2387 -0.2485 -0.2485 -0.2485 -0.2485 -0.2485 -0.2485 -0.2485 -0.2568 0.1172 0.1172 0.0675 -0.0842 
I = 14.9000 9.4000 9.4000 9.4000 9.4000 9.4000 9.4000 9.4000 6.0000 6.0000 6.0000 6.0000 6.0000 6.0000 6.0000 2.0000 2.0000 2.0000 2.0000 2.0000 2.0000 2.0000 -2.0000 25.6976 25.6976 10.0000 0.9713 
S1 = 0.0000 0.0000 0.0000 0.0000 0.0000 0.0000 0.0000 0.0000 0.0000 0.0000 0.0000 0.0000 0.0000 0.0000 0.0000 0.0000 0.0000 0.0000 0.0000 0.0000 0.0000 0.0000 0.0000 0.0000 0.0000 0.0000 0.0000 
S2 = 0.0000 0.0000 0.0000 0.0000 0.0000 0.0000 0.0000 0.0000 0.0000 0.0000 0.0000 0.0000 0.0000 0.0000 0.0000 0.0000 0.0000 0.0000 0.0000 0.0000 0.0000 0.0000 0.0000 1.6976 1.6976 0.0000 11.9713 
u = 8.4183 8.2986 8.2986 8.2986 8.2986 8.2986 8.2986 8.2986 8.2426 8.2426 8.2426 8.2426 8.2426 8.2426 8.2426 8.1856 8.1856 8.1856 8.1856 8.1856 8.1856 8.1856 8.1352 10.8209 10.8209 11.4813 9.2847 
v = 33.6872 25.8629 25.8629 25.8629 25.8629 25.8629 25.8629 25.8629 22.7486 22.7486 22.7486 22.7486 22.7486 22.7486 22.7486 19.7408 19.7408 19.7408 19.7408 19.7408 19.7408 19.7408 17.1612 83.4107 83.4107 74.2870 25.3642 
