ExternalI = 5.5000 0.0000 0.0000 0.0000 0.0000 0.0000 0.0000 0.0000 4.0000 4.0000 4.0000 4.0000 4.0000 4.0000 4.0000 0.0000 0.0000 0.0000 0.0000 0.0000 0.0000 0.0000 0.0000 8.0000 8.0000 0.0000 0.0000 
before u = 8.4183 8.2986 8.2986 8.2986 8.2986 8.2986 8.2986 8.2986 8.2426 8.2426 8.2426 8.2426 8.2426 8.2426 8.2426 8.1856 8.1856 8.1856 8.1856 8.1856 8.1856 8.1856 8.1352 10.8209 10.8209 11.4813 9.2847 
before v = 33.6872 25.8629 25.8629 25.8629 25.8629 25.8629 25.8629 25.8629 22.7486 22.7486 22.7486 22.7486 22.7486 22.7486 22.7486 19.7408 19.7408 19.7408 19.7408 19.7408 19.7408 19.7408 17.1612 83.4107 83.4107 74.2870 25.3642 
Ibias = 9.4000 9.4000 9.4000 9.4000 9.4000 9.4000 9.4000 9.4000 2.0000 2.0000 2.0000 2.0000 2.0000 2.0000 2.0000 2.0000 2.0000 2.0000 2.0000 2.0000 2.0000 2.0000 -2.0000 16.0000 16.0000 10.0000 -11.0000 
fa1 = 0.8132 0.2683 0.2683 0.2683 0.2683 0.2683 0.2683 0.2683 0.2116 0.2116 0.2116 0.2116 0.2116 0.2116 0.2116 0.1799 0.1799 0.1799 0.1799 0.1799 0.1799 0.1799 0.1614 102.9351 102.9351 56.4001 1.3038 
fa2 = 0.8130 0.2682 0.2682 0.2682 0.2682 0.2682 0.2682 0.2682 0.2116 0.2116 0.2116 0.2116 0.2116 0.2116 0.2116 0.1799 0.1799 0.1799 0.1799 0.1799 0.1799 0.1799 0.1614 104.8355 104.8355 57.2328 1.2979 
fa3 = 0.8130 0.2682 0.2682 0.2682 0.2682 0.2682 0.2682 0.2682 0.2116 0.2116 0.2116 0.2116 0.2116 0.2116 0.2116 0.1799 0.1799 0.1799 0.1799 0.1799 0.1799 0.1799 0.1614 104.8708 104.8708 57.2452 1.2979 
fa4 = 0.8127 0.2681 0.2681 0.2681 0.2681 0.2681 0.2681 0.2681 0.2115 0.2115 0.2115 0.2115 0.2115 0.2115 0.2115 0.1799 0.1799 0.1799 0.1799 0.1799 0.1799 0.1799 0.1614 106.8297 106.8297 58.0972 1.2920 
fb1 = -0.2020 -0.2285 -0.2285 -0.2285 -0.2285 -0.2285 -0.2285 -0.2285 -0.2387 -0.2387 -0.2387 -0.2387 -0.2387 -0.2387 -0.2387 -0.2485 -0.2485 -0.2485 -0.2485 -0.2485 -0.2485 -0.2485 -0.2568 0.1172 0.1172 0.0675 -0.0842 
fb2 = -0.2019 -0.2284 -0.2284 -0.2284 -0.2284 -0.2284 -0.2284 -0.2284 -0.2387 -0.2387 -0.2387 -0.2387 -0.2387 -0.2387 -0.2387 -0.2484 -0.2484 -0.2484 -0.2484 -0.2484 -0.2484 -0.2484 -0.2567 0.1193 0.1193 0.0686 -0.0842 
fb3 = -0.2019 -0.2284 -0.2284 -0.2284 -0.2284 -0.2284 -0.2284 -0.2284 -0.2387 -0.2387 -0.2387 -0.2387 -0.2387 -0.2387 -0.2387 -0.2484 -0.2484 -0.2484 -0.2484 -0.2484 -0.2484 -0.2484 -0.2567 0.1193 0.1193 0.0687 -0.0842 
fb4 = -0.2019 -0.2284 -0.2284 -0.2284 -0.2284 -0.2284 -0.2284 -0.2284 -0.2386 -0.2386 -0.2386 -0.2386 -0.2386 -0.2386 -0.2386 -0.2484 -0.2484 -0.2484 -0.2484 -0.2484 -0.2484 -0.2484 -0.2567 0.1214 0.1214 0.0698 -0.0842 
I = 14.9000 9.4000 9.4000 9.4000 9.4000 9.4000 9.4000 9.4000 6.0000 6.0000 6.0000 6.0000 6.0000 6.0000 6.0000 2.0000 2.0000 2.0000 2.0000 2.0000 2.0000 2.0000 -2.0000 25.6942 25.6942 10.0000 0.9473 
S1 = 0.0000 0.0000 0.0000 0.0000 0.0000 0.0000 0.0000 0.0000 0.0000 0.0000 0.0000 0.0000 0.0000 0.0000 0.0000 0.0000 0.0000 0.0000 0.0000 0.0000 0.0000 0.0000 0.0000 0.0000 0.0000 0.0000 0.0000 
S2 = 0.0000 0.0000 0.0000 0.0000 0.0000 0.0000 0.0000 0.0000 0.0000 0.0000 0.0000 0.0000 0.0000 0.0000 0.0000 0.0000 0.0000 0.0000 0.0000 0.0000 0.0000 0.0000 0.0000 1.6942 1.6942 0.0000 11.9473 
u = 8.4163 8.2963 8.2963 8.2963 8.2963 8.2963 8.2963 8.2963 8.2402 8.2402 8.2402 8.2402 8.2402 8.2402 8.2402 8.1832 8.1832 8.1832 8.1832 8.1832 8.1832 8.1832 8.1326 10.8221 10.8221 11.4819 9.2838 
v = 33.6953 25.8656 25.8656 25.8656 25.8656 25.8656 25.8656 25.8656 22.7507 22.7507 22.7507 22.7507 22.7507 22.7507 22.7507 19.7426 19.7426 19.7426 19.7426 19.7426 19.7426 19.7426 17.1628 84.4594 84.4594 74.8594 25.3772 
