ExternalI = 5.5000 0.0000 0.0000 0.0000 0.0000 0.0000 0.0000 0.0000 4.0000 4.0000 4.0000 4.0000 4.0000 4.0000 4.0000 0.0000 0.0000 0.0000 0.0000 0.0000 0.0000 0.0000 0.0000 8.0000 8.0000 0.0000 0.0000 
before u = 8.4163 8.2963 8.2963 8.2963 8.2963 8.2963 8.2963 8.2963 8.2402 8.2402 8.2402 8.2402 8.2402 8.2402 8.2402 8.1832 8.1832 8.1832 8.1832 8.1832 8.1832 8.1832 8.1326 10.8221 10.8221 11.4819 9.2838 
before v = 33.6953 25.8656 25.8656 25.8656 25.8656 25.8656 25.8656 25.8656 22.7507 22.7507 22.7507 22.7507 22.7507 22.7507 22.7507 19.7426 19.7426 19.7426 19.7426 19.7426 19.7426 19.7426 17.1628 84.4594 84.4594 74.8594 25.3772 
Ibias = 9.4000 9.4000 9.4000 9.4000 9.4000 9.4000 9.4000 9.4000 2.0000 2.0000 2.0000 2.0000 2.0000 2.0000 2.0000 2.0000 2.0000 2.0000 2.0000 2.0000 2.0000 2.0000 -2.0000 16.0000 16.0000 10.0000 -11.0000 
fa1 = 0.8127 0.2681 0.2681 0.2681 0.2681 0.2681 0.2681 0.2681 0.2115 0.2115 0.2115 0.2115 0.2115 0.2115 0.2115 0.1799 0.1799 0.1799 0.1799 0.1799 0.1799 0.1799 0.1614 106.8260 106.8260 58.0971 1.2681 
fa2 = 0.8125 0.2680 0.2680 0.2680 0.2680 0.2680 0.2680 0.2680 0.2115 0.2115 0.2115 0.2115 0.2115 0.2115 0.2115 0.1798 0.1798 0.1798 0.1798 0.1798 0.1798 0.1798 0.1613 108.8434 108.8434 58.9683 1.2624 
fa3 = 0.8125 0.2680 0.2680 0.2680 0.2680 0.2680 0.2680 0.2680 0.2115 0.2115 0.2115 0.2115 0.2115 0.2115 0.2115 0.1798 0.1798 0.1798 0.1798 0.1798 0.1798 0.1798 0.1613 108.8817 108.8817 58.9814 1.2624 
fa4 = 0.8123 0.2679 0.2679 0.2679 0.2679 0.2679 0.2679 0.2679 0.2114 0.2114 0.2114 0.2114 0.2114 0.2114 0.2114 0.1798 0.1798 0.1798 0.1798 0.1798 0.1798 0.1798 0.1613 110.9626 110.9626 59.8731 1.2567 
fb1 = -0.2019 -0.2284 -0.2284 -0.2284 -0.2284 -0.2284 -0.2284 -0.2284 -0.2386 -0.2386 -0.2386 -0.2386 -0.2386 -0.2386 -0.2386 -0.2484 -0.2484 -0.2484 -0.2484 -0.2484 -0.2484 -0.2484 -0.2567 0.1214 0.1214 0.0698 -0.0842 
fb2 = -0.2018 -0.2283 -0.2283 -0.2283 -0.2283 -0.2283 -0.2283 -0.2283 -0.2386 -0.2386 -0.2386 -0.2386 -0.2386 -0.2386 -0.2386 -0.2483 -0.2483 -0.2483 -0.2483 -0.2483 -0.2483 -0.2483 -0.2566 0.1235 0.1235 0.0710 -0.0841 
fb3 = -0.2018 -0.2283 -0.2283 -0.2283 -0.2283 -0.2283 -0.2283 -0.2283 -0.2386 -0.2386 -0.2386 -0.2386 -0.2386 -0.2386 -0.2386 -0.2483 -0.2483 -0.2483 -0.2483 -0.2483 -0.2483 -0.2483 -0.2566 0.1236 0.1236 0.0710 -0.0841 
fb4 = -0.2018 -0.2283 -0.2283 -0.2283 -0.2283 -0.2283 -0.2283 -0.2283 -0.2385 -0.2385 -0.2385 -0.2385 -0.2385 -0.2385 -0.2385 -0.2482 -0.2482 -0.2482 -0.2482 -0.2482 -0.2482 -0.2482 -0.2565 0.1257 0.1257 0.0721 -0.0841 
I = 14.9000 9.4000 9.4000 9.4000 9.4000 9.4000 9.4000 9.4000 6.0000 6.0000 6.0000 6.0000 6.0000 6.0000 6.0000 2.0000 2.0000 2.0000 2.0000 2.0000 2.0000 2.0000 -2.0000 25.6909 25.6909 10.0000 0.9235 
S1 = 0.0000 0.0000 0.0000 0.0000 0.0000 0.0000 0.0000 0.0000 0.0000 0.0000 0.0000 0.0000 0.0000 0.0000 0.0000 0.0000 0.0000 0.0000 0.0000 0.0000 0.0000 0.0000 0.0000 0.0000 0.0000 0.0000 0.0000 
S2 = 0.0000 0.0000 0.0000 0.0000 0.0000 0.0000 0.0000 0.0000 0.0000 0.0000 0.0000 0.0000 0.0000 0.0000 0.0000 0.0000 0.0000 0.0000 0.0000 0.0000 0.0000 0.0000 0.0000 1.6909 1.6909 0.0000 11.9235 
u = 8.4143 8.2940 8.2940 8.2940 8.2940 8.2940 8.2940 8.2940 8.2378 8.2378 8.2378 8.2378 8.2378 8.2378 8.2378 8.1807 8.1807 8.1807 8.1807 8.1807 8.1807 8.1807 8.1300 10.8234 10.8234 11.4827 9.2830 
v = 33.7034 25.8682 25.8682 25.8682 25.8682 25.8682 25.8682 25.8682 22.7528 22.7528 22.7528 22.7528 22.7528 22.7528 22.7528 19.7444 19.7444 19.7444 19.7444 19.7444 19.7444 19.7444 17.1645 85.5481 85.5481 75.4492 25.3898 
