ExternalI = 5.5000 0.0000 0.0000 0.0000 0.0000 0.0000 0.0000 0.0000 4.0000 4.0000 4.0000 4.0000 4.0000 4.0000 4.0000 0.0000 0.0000 0.0000 0.0000 0.0000 0.0000 0.0000 0.0000 8.0000 8.0000 0.0000 0.0000 
before u = 8.4143 8.2940 8.2940 8.2940 8.2940 8.2940 8.2940 8.2940 8.2378 8.2378 8.2378 8.2378 8.2378 8.2378 8.2378 8.1807 8.1807 8.1807 8.1807 8.1807 8.1807 8.1807 8.1300 10.8234 10.8234 11.4827 9.2830 
before v = 33.7034 25.8682 25.8682 25.8682 25.8682 25.8682 25.8682 25.8682 22.7528 22.7528 22.7528 22.7528 22.7528 22.7528 22.7528 19.7444 19.7444 19.7444 19.7444 19.7444 19.7444 19.7444 17.1645 85.5481 85.5481 75.4492 25.3898 
Ibias = 9.4000 9.4000 9.4000 9.4000 9.4000 9.4000 9.4000 9.4000 2.0000 2.0000 2.0000 2.0000 2.0000 2.0000 2.0000 2.0000 2.0000 2.0000 2.0000 2.0000 2.0000 2.0000 -2.0000 16.0000 16.0000 10.0000 -11.0000 
fa1 = 0.8123 0.2679 0.2679 0.2679 0.2679 0.2679 0.2679 0.2679 0.2114 0.2114 0.2114 0.2114 0.2114 0.2114 0.2114 0.1798 0.1798 0.1798 0.1798 0.1798 0.1798 0.1798 0.1613 110.9589 110.9589 59.8730 1.2329 
fa2 = 0.8120 0.2678 0.2678 0.2678 0.2678 0.2678 0.2678 0.2678 0.2113 0.2113 0.2113 0.2113 0.2113 0.2113 0.2113 0.1798 0.1798 0.1798 0.1798 0.1798 0.1798 0.1798 0.1613 113.1031 113.1031 60.7851 1.2273 
fa3 = 0.8120 0.2678 0.2678 0.2678 0.2678 0.2678 0.2678 0.2678 0.2113 0.2113 0.2113 0.2113 0.2113 0.2113 0.2113 0.1798 0.1798 0.1798 0.1798 0.1798 0.1798 0.1798 0.1613 113.1448 113.1448 60.7991 1.2274 
fa4 = 0.8118 0.2677 0.2677 0.2677 0.2677 0.2677 0.2677 0.2677 0.2113 0.2113 0.2113 0.2113 0.2113 0.2113 0.2113 0.1797 0.1797 0.1797 0.1797 0.1797 0.1797 0.1797 0.1613 115.3579 115.3579 61.7329 1.2219 
fb1 = -0.2018 -0.2283 -0.2283 -0.2283 -0.2283 -0.2283 -0.2283 -0.2283 -0.2385 -0.2385 -0.2385 -0.2385 -0.2385 -0.2385 -0.2385 -0.2482 -0.2482 -0.2482 -0.2482 -0.2482 -0.2482 -0.2482 -0.2565 0.1257 0.1257 0.0721 -0.0841 
fb2 = -0.2017 -0.2282 -0.2282 -0.2282 -0.2282 -0.2282 -0.2282 -0.2282 -0.2384 -0.2384 -0.2384 -0.2384 -0.2384 -0.2384 -0.2384 -0.2482 -0.2482 -0.2482 -0.2482 -0.2482 -0.2482 -0.2482 -0.2565 0.1279 0.1279 0.0733 -0.0841 
fb3 = -0.2017 -0.2282 -0.2282 -0.2282 -0.2282 -0.2282 -0.2282 -0.2282 -0.2384 -0.2384 -0.2384 -0.2384 -0.2384 -0.2384 -0.2384 -0.2482 -0.2482 -0.2482 -0.2482 -0.2482 -0.2482 -0.2482 -0.2565 0.1280 0.1280 0.0734 -0.0841 
fb4 = -0.2016 -0.2282 -0.2282 -0.2282 -0.2282 -0.2282 -0.2282 -0.2282 -0.2384 -0.2384 -0.2384 -0.2384 -0.2384 -0.2384 -0.2384 -0.2481 -0.2481 -0.2481 -0.2481 -0.2481 -0.2481 -0.2481 -0.2564 0.1302 0.1302 0.0746 -0.0840 
I = 14.9000 9.4000 9.4000 9.4000 9.4000 9.4000 9.4000 9.4000 6.0000 6.0000 6.0000 6.0000 6.0000 6.0000 6.0000 2.0000 2.0000 2.0000 2.0000 2.0000 2.0000 2.0000 -2.0000 25.6875 25.6875 10.0000 0.8996 
S1 = 0.0000 0.0000 0.0000 0.0000 0.0000 0.0000 0.0000 0.0000 0.0000 0.0000 0.0000 0.0000 0.0000 0.0000 0.0000 0.0000 0.0000 0.0000 0.0000 0.0000 0.0000 0.0000 0.0000 0.0000 0.0000 0.0000 0.0000 
S2 = 0.0000 0.0000 0.0000 0.0000 0.0000 0.0000 0.0000 0.0000 0.0000 0.0000 0.0000 0.0000 0.0000 0.0000 0.0000 0.0000 0.0000 0.0000 0.0000 0.0000 0.0000 0.0000 0.0000 1.6875 1.6875 0.0000 11.8996 
u = 8.4123 8.2917 8.2917 8.2917 8.2917 8.2917 8.2917 8.2917 8.2354 8.2354 8.2354 8.2354 8.2354 8.2354 8.2354 8.1782 8.1782 8.1782 8.1782 8.1782 8.1782 8.1782 8.1275 10.8246 10.8246 11.4834 9.2822 
v = 33.7115 25.8709 25.8709 25.8709 25.8709 25.8709 25.8709 25.8709 22.7549 22.7549 22.7549 22.7549 22.7549 22.7549 22.7549 19.7462 19.7462 19.7462 19.7462 19.7462 19.7462 19.7462 17.1661 86.6794 86.6794 76.0572 25.4021 
