ExternalI = 5.5000 0.0000 0.0000 0.0000 0.0000 0.0000 0.0000 0.0000 4.0000 4.0000 4.0000 4.0000 4.0000 4.0000 4.0000 0.0000 0.0000 0.0000 0.0000 0.0000 0.0000 0.0000 0.0000 8.0000 8.0000 0.0000 0.0000 
before u = 8.4123 8.2917 8.2917 8.2917 8.2917 8.2917 8.2917 8.2917 8.2354 8.2354 8.2354 8.2354 8.2354 8.2354 8.2354 8.1782 8.1782 8.1782 8.1782 8.1782 8.1782 8.1782 8.1275 10.8246 10.8246 11.4834 9.2822 
before v = 33.7115 25.8709 25.8709 25.8709 25.8709 25.8709 25.8709 25.8709 22.7549 22.7549 22.7549 22.7549 22.7549 22.7549 22.7549 19.7462 19.7462 19.7462 19.7462 19.7462 19.7462 19.7462 17.1661 86.6794 86.6794 76.0572 25.4021 
Ibias = 9.4000 9.4000 9.4000 9.4000 9.4000 9.4000 9.4000 9.4000 2.0000 2.0000 2.0000 2.0000 2.0000 2.0000 2.0000 2.0000 2.0000 2.0000 2.0000 2.0000 2.0000 2.0000 -2.0000 16.0000 16.0000 10.0000 -11.0000 
fa1 = 0.8118 0.2677 0.2677 0.2677 0.2677 0.2677 0.2677 0.2677 0.2113 0.2113 0.2113 0.2113 0.2113 0.2113 0.2113 0.1797 0.1797 0.1797 0.1797 0.1797 0.1797 0.1797 0.1613 115.3542 115.3542 61.7328 1.1981 
fa2 = 0.8116 0.2676 0.2676 0.2676 0.2676 0.2676 0.2676 0.2676 0.2112 0.2112 0.2112 0.2112 0.2112 0.2112 0.2112 0.1797 0.1797 0.1797 0.1797 0.1797 0.1797 0.1797 0.1612 117.6361 117.6361 62.6883 1.1927 
fa3 = 0.8116 0.2676 0.2676 0.2676 0.2676 0.2676 0.2676 0.2676 0.2112 0.2112 0.2112 0.2112 0.2112 0.2112 0.2112 0.1797 0.1797 0.1797 0.1797 0.1797 0.1797 0.1797 0.1612 117.6815 117.6815 62.7032 1.1927 
fa4 = 0.8114 0.2675 0.2675 0.2675 0.2675 0.2675 0.2675 0.2675 0.2112 0.2112 0.2112 0.2112 0.2112 0.2112 0.2112 0.1797 0.1797 0.1797 0.1797 0.1797 0.1797 0.1797 0.1612 120.0383 120.0383 63.6819 1.1874 
fb1 = -0.2016 -0.2282 -0.2282 -0.2282 -0.2282 -0.2282 -0.2282 -0.2282 -0.2384 -0.2384 -0.2384 -0.2384 -0.2384 -0.2384 -0.2384 -0.2481 -0.2481 -0.2481 -0.2481 -0.2481 -0.2481 -0.2481 -0.2564 0.1302 0.1302 0.0746 -0.0840 
fb2 = -0.2016 -0.2281 -0.2281 -0.2281 -0.2281 -0.2281 -0.2281 -0.2281 -0.2383 -0.2383 -0.2383 -0.2383 -0.2383 -0.2383 -0.2383 -0.2481 -0.2481 -0.2481 -0.2481 -0.2481 -0.2481 -0.2481 -0.2564 0.1325 0.1325 0.0758 -0.0840 
fb3 = -0.2016 -0.2281 -0.2281 -0.2281 -0.2281 -0.2281 -0.2281 -0.2281 -0.2383 -0.2383 -0.2383 -0.2383 -0.2383 -0.2383 -0.2383 -0.2481 -0.2481 -0.2481 -0.2481 -0.2481 -0.2481 -0.2481 -0.2564 0.1326 0.1326 0.0758 -0.0840 
fb4 = -0.2015 -0.2281 -0.2281 -0.2281 -0.2281 -0.2281 -0.2281 -0.2281 -0.2383 -0.2383 -0.2383 -0.2383 -0.2383 -0.2383 -0.2383 -0.2480 -0.2480 -0.2480 -0.2480 -0.2480 -0.2480 -0.2480 -0.2563 0.1349 0.1349 0.0771 -0.0840 
I = 14.9000 9.4000 9.4000 9.4000 9.4000 9.4000 9.4000 9.4000 6.0000 6.0000 6.0000 6.0000 6.0000 6.0000 6.0000 2.0000 2.0000 2.0000 2.0000 2.0000 2.0000 2.0000 -2.0000 25.6841 25.6841 10.0000 0.8758 
S1 = 0.0000 0.0000 0.0000 0.0000 0.0000 0.0000 0.0000 0.0000 0.0000 0.0000 0.0000 0.0000 0.0000 0.0000 0.0000 0.0000 0.0000 0.0000 0.0000 0.0000 0.0000 0.0000 0.0000 0.0000 0.0000 0.0000 0.0000 
S2 = 0.0000 0.0000 0.0000 0.0000 0.0000 0.0000 0.0000 0.0000 0.0000 0.0000 0.0000 0.0000 0.0000 0.0000 0.0000 0.0000 0.0000 0.0000 0.0000 0.0000 0.0000 0.0000 0.0000 1.6841 1.6841 0.0000 11.8758 
u = 8.4103 8.2894 8.2894 8.2894 8.2894 8.2894 8.2894 8.2894 8.2330 8.2330 8.2330 8.2330 8.2330 8.2330 8.2330 8.1757 8.1757 8.1757 8.1757 8.1757 8.1757 8.1757 8.1249 10.8260 10.8260 11.4841 9.2813 
v = 33.7196 25.8736 25.8736 25.8736 25.8736 25.8736 25.8736 25.8736 22.7570 22.7570 22.7570 22.7570 22.7570 22.7570 22.7570 19.7480 19.7480 19.7480 19.7480 19.7480 19.7480 19.7480 17.1677 87.8562 87.8562 76.6842 25.4140 
