ExternalI = 5.5000 0.0000 0.0000 0.0000 0.0000 0.0000 0.0000 0.0000 4.0000 4.0000 4.0000 4.0000 4.0000 4.0000 4.0000 0.0000 0.0000 0.0000 0.0000 0.0000 0.0000 0.0000 0.0000 8.0000 8.0000 0.0000 0.0000 
before u = 8.4103 8.2894 8.2894 8.2894 8.2894 8.2894 8.2894 8.2894 8.2330 8.2330 8.2330 8.2330 8.2330 8.2330 8.2330 8.1757 8.1757 8.1757 8.1757 8.1757 8.1757 8.1757 8.1249 10.8260 10.8260 11.4841 9.2813 
before v = 33.7196 25.8736 25.8736 25.8736 25.8736 25.8736 25.8736 25.8736 22.7570 22.7570 22.7570 22.7570 22.7570 22.7570 22.7570 19.7480 19.7480 19.7480 19.7480 19.7480 19.7480 19.7480 17.1677 87.8562 87.8562 76.6842 25.4140 
Ibias = 9.4000 9.4000 9.4000 9.4000 9.4000 9.4000 9.4000 9.4000 2.0000 2.0000 2.0000 2.0000 2.0000 2.0000 2.0000 2.0000 2.0000 2.0000 2.0000 2.0000 2.0000 2.0000 -2.0000 16.0000 16.0000 10.0000 -11.0000 
fa1 = 0.8114 0.2675 0.2675 0.2675 0.2675 0.2675 0.2675 0.2675 0.2112 0.2112 0.2112 0.2112 0.2112 0.2112 0.2112 0.1797 0.1797 0.1797 0.1797 0.1797 0.1797 0.1797 0.1612 120.0345 120.0345 63.6818 1.1636 
fa2 = 0.8112 0.2674 0.2674 0.2674 0.2674 0.2674 0.2674 0.2674 0.2111 0.2111 0.2111 0.2111 0.2111 0.2111 0.2111 0.1796 0.1796 0.1796 0.1796 0.1796 0.1796 0.1796 0.1612 122.4660 122.4660 64.6836 1.1584 
fa3 = 0.8112 0.2674 0.2674 0.2674 0.2674 0.2674 0.2674 0.2674 0.2111 0.2111 0.2111 0.2111 0.2111 0.2111 0.2111 0.1796 0.1796 0.1796 0.1796 0.1796 0.1796 0.1796 0.1612 122.5156 122.5156 64.6994 1.1584 
fa4 = 0.8109 0.2673 0.2673 0.2673 0.2673 0.2673 0.2673 0.2673 0.2111 0.2111 0.2111 0.2111 0.2111 0.2111 0.2111 0.1796 0.1796 0.1796 0.1796 0.1796 0.1796 0.1796 0.1611 125.0287 125.0287 65.7259 1.1532 
fb1 = -0.2015 -0.2281 -0.2281 -0.2281 -0.2281 -0.2281 -0.2281 -0.2281 -0.2383 -0.2383 -0.2383 -0.2383 -0.2383 -0.2383 -0.2383 -0.2480 -0.2480 -0.2480 -0.2480 -0.2480 -0.2480 -0.2480 -0.2563 0.1349 0.1349 0.0771 -0.0840 
fb2 = -0.2015 -0.2280 -0.2280 -0.2280 -0.2280 -0.2280 -0.2280 -0.2280 -0.2382 -0.2382 -0.2382 -0.2382 -0.2382 -0.2382 -0.2382 -0.2480 -0.2480 -0.2480 -0.2480 -0.2480 -0.2480 -0.2480 -0.2563 0.1373 0.1373 0.0783 -0.0839 
fb3 = -0.2015 -0.2280 -0.2280 -0.2280 -0.2280 -0.2280 -0.2280 -0.2280 -0.2382 -0.2382 -0.2382 -0.2382 -0.2382 -0.2382 -0.2382 -0.2480 -0.2480 -0.2480 -0.2480 -0.2480 -0.2480 -0.2480 -0.2563 0.1373 0.1373 0.0783 -0.0839 
fb4 = -0.2014 -0.2280 -0.2280 -0.2280 -0.2280 -0.2280 -0.2280 -0.2280 -0.2382 -0.2382 -0.2382 -0.2382 -0.2382 -0.2382 -0.2382 -0.2479 -0.2479 -0.2479 -0.2479 -0.2479 -0.2479 -0.2479 -0.2562 0.1398 0.1398 0.0796 -0.0839 
I = 14.9000 9.4000 9.4000 9.4000 9.4000 9.4000 9.4000 9.4000 6.0000 6.0000 6.0000 6.0000 6.0000 6.0000 6.0000 2.0000 2.0000 2.0000 2.0000 2.0000 2.0000 2.0000 -2.0000 25.6807 25.6807 10.0000 0.8521 
S1 = 0.0000 0.0000 0.0000 0.0000 0.0000 0.0000 0.0000 0.0000 0.0000 0.0000 0.0000 0.0000 0.0000 0.0000 0.0000 0.0000 0.0000 0.0000 0.0000 0.0000 0.0000 0.0000 0.0000 0.0000 0.0000 0.0000 0.0000 
S2 = 0.0000 0.0000 0.0000 0.0000 0.0000 0.0000 0.0000 0.0000 0.0000 0.0000 0.0000 0.0000 0.0000 0.0000 0.0000 0.0000 0.0000 0.0000 0.0000 0.0000 0.0000 0.0000 0.0000 1.6807 1.6807 0.0000 11.8521 
u = 8.4082 8.2872 8.2872 8.2872 8.2872 8.2872 8.2872 8.2872 8.2307 8.2307 8.2307 8.2307 8.2307 8.2307 8.2307 8.1732 8.1732 8.1732 8.1732 8.1732 8.1732 8.1732 8.1224 10.8273 10.8273 11.4849 9.2805 
v = 33.7278 25.8763 25.8763 25.8763 25.8763 25.8763 25.8763 25.8763 22.7591 22.7591 22.7591 22.7591 22.7591 22.7591 22.7591 19.7498 19.7498 19.7498 19.7498 19.7498 19.7498 19.7498 17.1693 89.0812 89.0812 77.3311 25.4256 
