ExternalI = 5.5000 0.0000 0.0000 0.0000 0.0000 0.0000 0.0000 0.0000 4.0000 4.0000 4.0000 4.0000 4.0000 4.0000 4.0000 0.0000 0.0000 0.0000 0.0000 0.0000 0.0000 0.0000 0.0000 8.0000 8.0000 0.0000 0.0000 
before u = 8.4082 8.2872 8.2872 8.2872 8.2872 8.2872 8.2872 8.2872 8.2307 8.2307 8.2307 8.2307 8.2307 8.2307 8.2307 8.1732 8.1732 8.1732 8.1732 8.1732 8.1732 8.1732 8.1224 10.8273 10.8273 11.4849 9.2805 
before v = 33.7278 25.8763 25.8763 25.8763 25.8763 25.8763 25.8763 25.8763 22.7591 22.7591 22.7591 22.7591 22.7591 22.7591 22.7591 19.7498 19.7498 19.7498 19.7498 19.7498 19.7498 19.7498 17.1693 89.0812 89.0812 77.3311 25.4256 
Ibias = 9.4000 9.4000 9.4000 9.4000 9.4000 9.4000 9.4000 9.4000 2.0000 2.0000 2.0000 2.0000 2.0000 2.0000 2.0000 2.0000 2.0000 2.0000 2.0000 2.0000 2.0000 2.0000 -2.0000 16.0000 16.0000 10.0000 -11.0000 
fa1 = 0.8109 0.2673 0.2673 0.2673 0.2673 0.2673 0.2673 0.2673 0.2111 0.2111 0.2111 0.2111 0.2111 0.2111 0.2111 0.1796 0.1796 0.1796 0.1796 0.1796 0.1796 0.1796 0.1611 125.0249 125.0249 65.7258 1.1295 
fa2 = 0.8107 0.2672 0.2672 0.2672 0.2672 0.2672 0.2672 0.2672 0.2110 0.2110 0.2110 0.2110 0.2110 0.2110 0.2110 0.1795 0.1795 0.1795 0.1795 0.1795 0.1795 0.1795 0.1611 127.6194 127.6194 66.7769 1.1245 
fa3 = 0.8107 0.2672 0.2672 0.2672 0.2672 0.2672 0.2672 0.2672 0.2110 0.2110 0.2110 0.2110 0.2110 0.2110 0.2110 0.1795 0.1795 0.1795 0.1795 0.1795 0.1795 0.1795 0.1611 127.6735 127.6735 66.7937 1.1245 
fa4 = 0.8105 0.2671 0.2671 0.2671 0.2671 0.2671 0.2671 0.2671 0.2110 0.2110 0.2110 0.2110 0.2110 0.2110 0.2110 0.1795 0.1795 0.1795 0.1795 0.1795 0.1795 0.1795 0.1611 130.3571 130.3571 67.8712 1.1195 
fb1 = -0.2014 -0.2280 -0.2280 -0.2280 -0.2280 -0.2280 -0.2280 -0.2280 -0.2382 -0.2382 -0.2382 -0.2382 -0.2382 -0.2382 -0.2382 -0.2479 -0.2479 -0.2479 -0.2479 -0.2479 -0.2479 -0.2479 -0.2562 0.1398 0.1398 0.0796 -0.0839 
fb2 = -0.2014 -0.2279 -0.2279 -0.2279 -0.2279 -0.2279 -0.2279 -0.2279 -0.2381 -0.2381 -0.2381 -0.2381 -0.2381 -0.2381 -0.2381 -0.2479 -0.2479 -0.2479 -0.2479 -0.2479 -0.2479 -0.2479 -0.2562 0.1423 0.1423 0.0809 -0.0839 
fb3 = -0.2014 -0.2279 -0.2279 -0.2279 -0.2279 -0.2279 -0.2279 -0.2279 -0.2381 -0.2381 -0.2381 -0.2381 -0.2381 -0.2381 -0.2381 -0.2479 -0.2479 -0.2479 -0.2479 -0.2479 -0.2479 -0.2479 -0.2562 0.1423 0.1423 0.0810 -0.0839 
fb4 = -0.2013 -0.2279 -0.2279 -0.2279 -0.2279 -0.2279 -0.2279 -0.2279 -0.2381 -0.2381 -0.2381 -0.2381 -0.2381 -0.2381 -0.2381 -0.2478 -0.2478 -0.2478 -0.2478 -0.2478 -0.2478 -0.2478 -0.2561 0.1449 0.1449 0.0823 -0.0838 
I = 14.9000 9.4000 9.4000 9.4000 9.4000 9.4000 9.4000 9.4000 6.0000 6.0000 6.0000 6.0000 6.0000 6.0000 6.0000 2.0000 2.0000 2.0000 2.0000 2.0000 2.0000 2.0000 -2.0000 25.6774 25.6774 10.0000 0.8283 
S1 = 0.0000 0.0000 0.0000 0.0000 0.0000 0.0000 0.0000 0.0000 0.0000 0.0000 0.0000 0.0000 0.0000 0.0000 0.0000 0.0000 0.0000 0.0000 0.0000 0.0000 0.0000 0.0000 0.0000 0.0000 0.0000 0.0000 0.0000 
S2 = 0.0000 0.0000 0.0000 0.0000 0.0000 0.0000 0.0000 0.0000 0.0000 0.0000 0.0000 0.0000 0.0000 0.0000 0.0000 0.0000 0.0000 0.0000 0.0000 0.0000 0.0000 0.0000 0.0000 1.6774 1.6774 0.0000 11.8283 
u = 8.4062 8.2849 8.2849 8.2849 8.2849 8.2849 8.2849 8.2849 8.2283 8.2283 8.2283 8.2283 8.2283 8.2283 8.2283 8.1708 8.1708 8.1708 8.1708 8.1708 8.1708 8.1708 8.1198 10.8288 10.8288 11.4857 9.2796 
v = 33.7359 25.8789 25.8789 25.8789 25.8789 25.8789 25.8789 25.8789 22.7612 22.7612 22.7612 22.7612 22.7612 22.7612 22.7612 19.7516 19.7516 19.7516 19.7516 19.7516 19.7516 19.7516 17.1709 90.3578 90.3578 77.9990 25.4368 
