ExternalI = 5.5000 0.0000 0.0000 0.0000 0.0000 0.0000 0.0000 0.0000 4.0000 4.0000 4.0000 4.0000 4.0000 4.0000 4.0000 0.0000 0.0000 0.0000 0.0000 0.0000 0.0000 0.0000 0.0000 8.0000 8.0000 0.0000 0.0000 
before u = 8.4062 8.2849 8.2849 8.2849 8.2849 8.2849 8.2849 8.2849 8.2283 8.2283 8.2283 8.2283 8.2283 8.2283 8.2283 8.1708 8.1708 8.1708 8.1708 8.1708 8.1708 8.1708 8.1198 10.8288 10.8288 11.4857 9.2796 
before v = 33.7359 25.8789 25.8789 25.8789 25.8789 25.8789 25.8789 25.8789 22.7612 22.7612 22.7612 22.7612 22.7612 22.7612 22.7612 19.7516 19.7516 19.7516 19.7516 19.7516 19.7516 19.7516 17.1709 90.3578 90.3578 77.9990 25.4368 
Ibias = 9.4000 9.4000 9.4000 9.4000 9.4000 9.4000 9.4000 9.4000 2.0000 2.0000 2.0000 2.0000 2.0000 2.0000 2.0000 2.0000 2.0000 2.0000 2.0000 2.0000 2.0000 2.0000 -2.0000 16.0000 16.0000 10.0000 -11.0000 
fa1 = 0.8105 0.2671 0.2671 0.2671 0.2671 0.2671 0.2671 0.2671 0.2110 0.2110 0.2110 0.2110 0.2110 0.2110 0.2110 0.1795 0.1795 0.1795 0.1795 0.1795 0.1795 0.1795 0.1611 130.3532 130.3532 67.8711 1.0959 
fa2 = 0.8103 0.2670 0.2670 0.2670 0.2670 0.2670 0.2670 0.2670 0.2109 0.2109 0.2109 0.2109 0.2109 0.2109 0.2109 0.1795 0.1795 0.1795 0.1795 0.1795 0.1795 0.1795 0.1611 133.1255 133.1255 68.9747 1.0910 
fa3 = 0.8103 0.2670 0.2670 0.2670 0.2670 0.2670 0.2670 0.2670 0.2109 0.2109 0.2109 0.2109 0.2109 0.2109 0.2109 0.1795 0.1795 0.1795 0.1795 0.1795 0.1795 0.1795 0.1611 133.1849 133.1849 68.9928 1.0910 
fa4 = 0.8101 0.2669 0.2669 0.2669 0.2669 0.2669 0.2669 0.2669 0.2109 0.2109 0.2109 0.2109 0.2109 0.2109 0.2109 0.1794 0.1794 0.1794 0.1794 0.1794 0.1794 0.1794 0.1610 136.0546 136.0546 70.1246 1.0862 
fb1 = -0.2013 -0.2279 -0.2279 -0.2279 -0.2279 -0.2279 -0.2279 -0.2279 -0.2381 -0.2381 -0.2381 -0.2381 -0.2381 -0.2381 -0.2381 -0.2478 -0.2478 -0.2478 -0.2478 -0.2478 -0.2478 -0.2478 -0.2561 0.1449 0.1449 0.0823 -0.0838 
fb2 = -0.2012 -0.2278 -0.2278 -0.2278 -0.2278 -0.2278 -0.2278 -0.2278 -0.2380 -0.2380 -0.2380 -0.2380 -0.2380 -0.2380 -0.2380 -0.2478 -0.2478 -0.2478 -0.2478 -0.2478 -0.2478 -0.2478 -0.2561 0.1474 0.1474 0.0836 -0.0838 
fb3 = -0.2012 -0.2278 -0.2278 -0.2278 -0.2278 -0.2278 -0.2278 -0.2278 -0.2380 -0.2380 -0.2380 -0.2380 -0.2380 -0.2380 -0.2380 -0.2478 -0.2478 -0.2478 -0.2478 -0.2478 -0.2478 -0.2478 -0.2561 0.1475 0.1475 0.0837 -0.0838 
fb4 = -0.2012 -0.2278 -0.2278 -0.2278 -0.2278 -0.2278 -0.2278 -0.2278 -0.2380 -0.2380 -0.2380 -0.2380 -0.2380 -0.2380 -0.2380 -0.2477 -0.2477 -0.2477 -0.2477 -0.2477 -0.2477 -0.2477 -0.2560 0.1502 0.1502 0.0850 -0.0838 
I = 14.9000 9.4000 9.4000 9.4000 9.4000 9.4000 9.4000 9.4000 6.0000 6.0000 6.0000 6.0000 6.0000 6.0000 6.0000 2.0000 2.0000 2.0000 2.0000 2.0000 2.0000 2.0000 -2.0000 25.6740 25.6740 10.0000 0.8047 
S1 = 0.0000 0.0000 0.0000 0.0000 0.0000 0.0000 0.0000 0.0000 0.0000 0.0000 0.0000 0.0000 0.0000 0.0000 0.0000 0.0000 0.0000 0.0000 0.0000 0.0000 0.0000 0.0000 0.0000 0.0000 0.0000 0.0000 0.0000 
S2 = 0.0000 0.0000 0.0000 0.0000 0.0000 0.0000 0.0000 0.0000 0.0000 0.0000 0.0000 0.0000 0.0000 0.0000 0.0000 0.0000 0.0000 0.0000 0.0000 0.0000 0.0000 0.0000 0.0000 1.6740 1.6740 0.0000 11.8047 
u = 8.4042 8.2826 8.2826 8.2826 8.2826 8.2826 8.2826 8.2826 8.2259 8.2259 8.2259 8.2259 8.2259 8.2259 8.2259 8.1683 8.1683 8.1683 8.1683 8.1683 8.1683 8.1683 8.1172 10.8302 10.8302 11.4866 9.2788 
v = 33.7440 25.8816 25.8816 25.8816 25.8816 25.8816 25.8816 25.8816 22.7633 22.7633 22.7633 22.7633 22.7633 22.7633 22.7633 19.7534 19.7534 19.7534 19.7534 19.7534 19.7534 19.7534 17.1725 91.6895 91.6895 78.6889 25.4477 
