ExternalI = 5.5000 0.0000 0.0000 0.0000 0.0000 0.0000 0.0000 0.0000 4.0000 4.0000 4.0000 4.0000 4.0000 4.0000 4.0000 0.0000 0.0000 0.0000 0.0000 0.0000 0.0000 0.0000 0.0000 8.0000 8.0000 0.0000 0.0000 
before u = 8.4042 8.2826 8.2826 8.2826 8.2826 8.2826 8.2826 8.2826 8.2259 8.2259 8.2259 8.2259 8.2259 8.2259 8.2259 8.1683 8.1683 8.1683 8.1683 8.1683 8.1683 8.1683 8.1172 10.8302 10.8302 11.4866 9.2788 
before v = 33.7440 25.8816 25.8816 25.8816 25.8816 25.8816 25.8816 25.8816 22.7633 22.7633 22.7633 22.7633 22.7633 22.7633 22.7633 19.7534 19.7534 19.7534 19.7534 19.7534 19.7534 19.7534 17.1725 91.6895 91.6895 78.6889 25.4477 
Ibias = 9.4000 9.4000 9.4000 9.4000 9.4000 9.4000 9.4000 9.4000 2.0000 2.0000 2.0000 2.0000 2.0000 2.0000 2.0000 2.0000 2.0000 2.0000 2.0000 2.0000 2.0000 2.0000 -2.0000 16.0000 16.0000 10.0000 -11.0000 
fa1 = 0.8101 0.2669 0.2669 0.2669 0.2669 0.2669 0.2669 0.2669 0.2109 0.2109 0.2109 0.2109 0.2109 0.2109 0.2109 0.1794 0.1794 0.1794 0.1794 0.1794 0.1794 0.1794 0.1610 136.0506 136.0506 70.1244 1.0626 
fa2 = 0.8099 0.2668 0.2668 0.2668 0.2668 0.2668 0.2668 0.2668 0.2108 0.2108 0.2108 0.2108 0.2108 0.2108 0.2108 0.1794 0.1794 0.1794 0.1794 0.1794 0.1794 0.1794 0.1610 139.0174 139.0174 71.2843 1.0579 
fa3 = 0.8099 0.2668 0.2668 0.2668 0.2668 0.2668 0.2668 0.2668 0.2108 0.2108 0.2108 0.2108 0.2108 0.2108 0.2108 0.1794 0.1794 0.1794 0.1794 0.1794 0.1794 0.1794 0.1610 139.0825 139.0825 71.3035 1.0579 
fa4 = 0.8097 0.2667 0.2667 0.2667 0.2667 0.2667 0.2667 0.2667 0.2108 0.2108 0.2108 0.2108 0.2108 0.2108 0.2108 0.1794 0.1794 0.1794 0.1794 0.1794 0.1794 0.1794 0.1610 142.1559 142.1559 72.4934 1.0532 
fb1 = -0.2012 -0.2278 -0.2278 -0.2278 -0.2278 -0.2278 -0.2278 -0.2278 -0.2380 -0.2380 -0.2380 -0.2380 -0.2380 -0.2380 -0.2380 -0.2477 -0.2477 -0.2477 -0.2477 -0.2477 -0.2477 -0.2477 -0.2560 0.1502 0.1502 0.0850 -0.0838 
fb2 = -0.2011 -0.2277 -0.2277 -0.2277 -0.2277 -0.2277 -0.2277 -0.2277 -0.2379 -0.2379 -0.2379 -0.2379 -0.2379 -0.2379 -0.2379 -0.2477 -0.2477 -0.2477 -0.2477 -0.2477 -0.2477 -0.2477 -0.2559 0.1529 0.1529 0.0864 -0.0838 
fb3 = -0.2011 -0.2277 -0.2277 -0.2277 -0.2277 -0.2277 -0.2277 -0.2277 -0.2379 -0.2379 -0.2379 -0.2379 -0.2379 -0.2379 -0.2379 -0.2477 -0.2477 -0.2477 -0.2477 -0.2477 -0.2477 -0.2477 -0.2559 0.1529 0.1529 0.0864 -0.0838 
fb4 = -0.2011 -0.2277 -0.2277 -0.2277 -0.2277 -0.2277 -0.2277 -0.2277 -0.2379 -0.2379 -0.2379 -0.2379 -0.2379 -0.2379 -0.2379 -0.2476 -0.2476 -0.2476 -0.2476 -0.2476 -0.2476 -0.2476 -0.2559 0.1557 0.1557 0.0879 -0.0837 
I = 14.9000 9.4000 9.4000 9.4000 9.4000 9.4000 9.4000 9.4000 6.0000 6.0000 6.0000 6.0000 6.0000 6.0000 6.0000 2.0000 2.0000 2.0000 2.0000 2.0000 2.0000 2.0000 -2.0000 25.6707 25.6707 10.0000 0.7811 
S1 = 0.0000 0.0000 0.0000 0.0000 0.0000 0.0000 0.0000 0.0000 0.0000 0.0000 0.0000 0.0000 0.0000 0.0000 0.0000 0.0000 0.0000 0.0000 0.0000 0.0000 0.0000 0.0000 0.0000 0.0000 0.0000 0.0000 0.0000 
S2 = 0.0000 0.0000 0.0000 0.0000 0.0000 0.0000 0.0000 0.0000 0.0000 0.0000 0.0000 0.0000 0.0000 0.0000 0.0000 0.0000 0.0000 0.0000 0.0000 0.0000 0.0000 0.0000 0.0000 1.6707 1.6707 0.0000 11.7811 
u = 8.4022 8.2803 8.2803 8.2803 8.2803 8.2803 8.2803 8.2803 8.2235 8.2235 8.2235 8.2235 8.2235 8.2235 8.2235 8.1658 8.1658 8.1658 8.1658 8.1658 8.1658 8.1658 8.1147 10.8318 10.8318 11.4874 9.2780 
v = 33.7521 25.8843 25.8843 25.8843 25.8843 25.8843 25.8843 25.8843 22.7654 22.7654 22.7654 22.7654 22.7654 22.7654 22.7654 19.7552 19.7552 19.7552 19.7552 19.7552 19.7552 19.7552 17.1741 93.0802 93.0802 79.4019 25.4583 
