ExternalI = 5.5000 0.0000 0.0000 0.0000 0.0000 0.0000 0.0000 0.0000 4.0000 4.0000 4.0000 4.0000 4.0000 4.0000 4.0000 0.0000 0.0000 0.0000 0.0000 0.0000 0.0000 0.0000 0.0000 8.0000 8.0000 0.0000 0.0000 
before u = 8.4022 8.2803 8.2803 8.2803 8.2803 8.2803 8.2803 8.2803 8.2235 8.2235 8.2235 8.2235 8.2235 8.2235 8.2235 8.1658 8.1658 8.1658 8.1658 8.1658 8.1658 8.1658 8.1147 10.8318 10.8318 11.4874 9.2780 
before v = 33.7521 25.8843 25.8843 25.8843 25.8843 25.8843 25.8843 25.8843 22.7654 22.7654 22.7654 22.7654 22.7654 22.7654 22.7654 19.7552 19.7552 19.7552 19.7552 19.7552 19.7552 19.7552 17.1741 93.0802 93.0802 79.4019 25.4583 
Ibias = 9.4000 9.4000 9.4000 9.4000 9.4000 9.4000 9.4000 9.4000 2.0000 2.0000 2.0000 2.0000 2.0000 2.0000 2.0000 2.0000 2.0000 2.0000 2.0000 2.0000 2.0000 2.0000 -2.0000 16.0000 16.0000 10.0000 -11.0000 
fa1 = 0.8097 0.2667 0.2667 0.2667 0.2667 0.2667 0.2667 0.2667 0.2108 0.2108 0.2108 0.2108 0.2108 0.2108 0.2108 0.1794 0.1794 0.1794 0.1794 0.1794 0.1794 0.1794 0.1610 142.1519 142.1519 72.4933 1.0297 
fa2 = 0.8095 0.2666 0.2666 0.2666 0.2666 0.2666 0.2666 0.2666 0.2107 0.2107 0.2107 0.2107 0.2107 0.2107 0.2107 0.1793 0.1793 0.1793 0.1793 0.1793 0.1793 0.1793 0.1609 145.3317 145.3317 73.7131 1.0251 
fa3 = 0.8095 0.2666 0.2666 0.2666 0.2666 0.2666 0.2666 0.2666 0.2107 0.2107 0.2107 0.2107 0.2107 0.2107 0.2107 0.1793 0.1793 0.1793 0.1793 0.1793 0.1793 0.1793 0.1609 145.4033 145.4033 73.7337 1.0251 
fa4 = 0.8093 0.2665 0.2665 0.2665 0.2665 0.2665 0.2665 0.2665 0.2107 0.2107 0.2107 0.2107 0.2107 0.2107 0.2107 0.1793 0.1793 0.1793 0.1793 0.1793 0.1793 0.1793 0.1609 148.7002 148.7002 74.9858 1.0206 
fb1 = -0.2011 -0.2277 -0.2277 -0.2277 -0.2277 -0.2277 -0.2277 -0.2277 -0.2379 -0.2379 -0.2379 -0.2379 -0.2379 -0.2379 -0.2379 -0.2476 -0.2476 -0.2476 -0.2476 -0.2476 -0.2476 -0.2476 -0.2559 0.1557 0.1557 0.0879 -0.0837 
fb2 = -0.2010 -0.2276 -0.2276 -0.2276 -0.2276 -0.2276 -0.2276 -0.2276 -0.2378 -0.2378 -0.2378 -0.2378 -0.2378 -0.2378 -0.2378 -0.2476 -0.2476 -0.2476 -0.2476 -0.2476 -0.2476 -0.2476 -0.2558 0.1585 0.1585 0.0893 -0.0837 
fb3 = -0.2010 -0.2276 -0.2276 -0.2276 -0.2276 -0.2276 -0.2276 -0.2276 -0.2378 -0.2378 -0.2378 -0.2378 -0.2378 -0.2378 -0.2378 -0.2476 -0.2476 -0.2476 -0.2476 -0.2476 -0.2476 -0.2476 -0.2558 0.1586 0.1586 0.0893 -0.0837 
fb4 = -0.2010 -0.2276 -0.2276 -0.2276 -0.2276 -0.2276 -0.2276 -0.2276 -0.2378 -0.2378 -0.2378 -0.2378 -0.2378 -0.2378 -0.2378 -0.2475 -0.2475 -0.2475 -0.2475 -0.2475 -0.2475 -0.2475 -0.2558 0.1615 0.1615 0.0908 -0.0837 
I = 14.9000 9.4000 9.4000 9.4000 9.4000 9.4000 9.4000 9.4000 6.0000 6.0000 6.0000 6.0000 6.0000 6.0000 6.0000 2.0000 2.0000 2.0000 2.0000 2.0000 2.0000 2.0000 -2.0000 25.6673 25.6673 10.0000 0.7575 
S1 = 0.0000 0.0000 0.0000 0.0000 0.0000 0.0000 0.0000 0.0000 0.0000 0.0000 0.0000 0.0000 0.0000 0.0000 0.0000 0.0000 0.0000 0.0000 0.0000 0.0000 0.0000 0.0000 0.0000 0.0000 0.0000 0.0000 0.0000 
S2 = 0.0000 0.0000 0.0000 0.0000 0.0000 0.0000 0.0000 0.0000 0.0000 0.0000 0.0000 0.0000 0.0000 0.0000 0.0000 0.0000 0.0000 0.0000 0.0000 0.0000 0.0000 0.0000 0.0000 1.6673 1.6673 0.0000 11.7575 
u = 8.4002 8.2781 8.2781 8.2781 8.2781 8.2781 8.2781 8.2781 8.2211 8.2211 8.2211 8.2211 8.2211 8.2211 8.2211 8.1633 8.1633 8.1633 8.1633 8.1633 8.1633 8.1633 8.1121 10.8333 10.8333 11.4883 9.2771 
v = 33.7602 25.8869 25.8869 25.8869 25.8869 25.8869 25.8869 25.8869 22.7676 22.7676 22.7676 22.7676 22.7676 22.7676 22.7676 19.7570 19.7570 19.7570 19.7570 19.7570 19.7570 19.7570 17.1757 94.5341 94.5341 80.1392 25.4686 
