ExternalI = 5.5000 0.0000 0.0000 0.0000 0.0000 0.0000 0.0000 0.0000 4.0000 4.0000 4.0000 4.0000 4.0000 4.0000 4.0000 0.0000 0.0000 0.0000 0.0000 0.0000 0.0000 0.0000 0.0000 8.0000 8.0000 0.0000 0.0000 
before u = 8.4002 8.2781 8.2781 8.2781 8.2781 8.2781 8.2781 8.2781 8.2211 8.2211 8.2211 8.2211 8.2211 8.2211 8.2211 8.1633 8.1633 8.1633 8.1633 8.1633 8.1633 8.1633 8.1121 10.8333 10.8333 11.4883 9.2771 
before v = 33.7602 25.8869 25.8869 25.8869 25.8869 25.8869 25.8869 25.8869 22.7676 22.7676 22.7676 22.7676 22.7676 22.7676 22.7676 19.7570 19.7570 19.7570 19.7570 19.7570 19.7570 19.7570 17.1757 94.5341 94.5341 80.1392 25.4686 
Ibias = 9.4000 9.4000 9.4000 9.4000 9.4000 9.4000 9.4000 9.4000 2.0000 2.0000 2.0000 2.0000 2.0000 2.0000 2.0000 2.0000 2.0000 2.0000 2.0000 2.0000 2.0000 2.0000 -2.0000 16.0000 16.0000 10.0000 -11.0000 
fa1 = 0.8093 0.2665 0.2665 0.2665 0.2665 0.2665 0.2665 0.2665 0.2107 0.2107 0.2107 0.2107 0.2107 0.2107 0.2107 0.1793 0.1793 0.1793 0.1793 0.1793 0.1793 0.1793 0.1609 148.6961 148.6961 74.9856 0.9971 
fa2 = 0.8091 0.2664 0.2664 0.2664 0.2664 0.2664 0.2664 0.2664 0.2106 0.2106 0.2106 0.2106 0.2106 0.2106 0.2106 0.1793 0.1793 0.1793 0.1793 0.1793 0.1793 0.1793 0.1609 152.1097 152.1097 76.2697 0.9927 
fa3 = 0.8091 0.2664 0.2664 0.2664 0.2664 0.2664 0.2664 0.2664 0.2106 0.2106 0.2106 0.2106 0.2106 0.2106 0.2106 0.1793 0.1793 0.1793 0.1793 0.1793 0.1793 0.1793 0.1609 152.1886 152.1886 76.2918 0.9927 
fa4 = 0.8088 0.2663 0.2663 0.2663 0.2663 0.2663 0.2663 0.2663 0.2106 0.2106 0.2106 0.2106 0.2106 0.2106 0.2106 0.1792 0.1792 0.1792 0.1792 0.1792 0.1792 0.1792 0.1608 155.7310 155.7310 77.6104 0.9884 
fb1 = -0.2010 -0.2276 -0.2276 -0.2276 -0.2276 -0.2276 -0.2276 -0.2276 -0.2378 -0.2378 -0.2378 -0.2378 -0.2378 -0.2378 -0.2378 -0.2475 -0.2475 -0.2475 -0.2475 -0.2475 -0.2475 -0.2475 -0.2558 0.1615 0.1615 0.0908 -0.0837 
fb2 = -0.2009 -0.2275 -0.2275 -0.2275 -0.2275 -0.2275 -0.2275 -0.2275 -0.2377 -0.2377 -0.2377 -0.2377 -0.2377 -0.2377 -0.2377 -0.2475 -0.2475 -0.2475 -0.2475 -0.2475 -0.2475 -0.2475 -0.2557 0.1644 0.1644 0.0923 -0.0836 
fb3 = -0.2009 -0.2275 -0.2275 -0.2275 -0.2275 -0.2275 -0.2275 -0.2275 -0.2377 -0.2377 -0.2377 -0.2377 -0.2377 -0.2377 -0.2377 -0.2475 -0.2475 -0.2475 -0.2475 -0.2475 -0.2475 -0.2475 -0.2557 0.1645 0.1645 0.0923 -0.0836 
fb4 = -0.2009 -0.2275 -0.2275 -0.2275 -0.2275 -0.2275 -0.2275 -0.2275 -0.2377 -0.2377 -0.2377 -0.2377 -0.2377 -0.2377 -0.2377 -0.2474 -0.2474 -0.2474 -0.2474 -0.2474 -0.2474 -0.2474 -0.2557 0.1675 0.1675 0.0938 -0.0836 
I = 14.9000 9.4000 9.4000 9.4000 9.4000 9.4000 9.4000 9.4000 6.0000 6.0000 6.0000 6.0000 6.0000 6.0000 6.0000 2.0000 2.0000 2.0000 2.0000 2.0000 2.0000 2.0000 -2.0000 25.6640 25.6640 10.0000 0.7340 
S1 = 0.0000 0.0000 0.0000 0.0000 0.0000 0.0000 0.0000 0.0000 0.0000 0.0000 0.0000 0.0000 0.0000 0.0000 0.0000 0.0000 0.0000 0.0000 0.0000 0.0000 0.0000 0.0000 0.0000 0.0000 0.0000 0.0000 0.0000 
S2 = 0.0000 0.0000 0.0000 0.0000 0.0000 0.0000 0.0000 0.0000 0.0000 0.0000 0.0000 0.0000 0.0000 0.0000 0.0000 0.0000 0.0000 0.0000 0.0000 0.0000 0.0000 0.0000 0.0000 1.6640 1.6640 0.0000 11.7340 
u = 8.3982 8.2758 8.2758 8.2758 8.2758 8.2758 8.2758 8.2758 8.2188 8.2188 8.2188 8.2188 8.2188 8.2188 8.2188 8.1609 8.1609 8.1609 8.1609 8.1609 8.1609 8.1609 8.1096 10.8350 10.8350 11.4893 9.2763 
v = 33.7682 25.8896 25.8896 25.8896 25.8896 25.8896 25.8896 25.8896 22.7697 22.7697 22.7697 22.7697 22.7697 22.7697 22.7697 19.7587 19.7587 19.7587 19.7587 19.7587 19.7587 19.7587 17.1773 96.0558 96.0558 80.9020 25.4785 
