ExternalI = 5.5000 0.0000 0.0000 0.0000 0.0000 0.0000 0.0000 0.0000 4.0000 4.0000 4.0000 4.0000 4.0000 4.0000 4.0000 0.0000 0.0000 0.0000 0.0000 0.0000 0.0000 0.0000 0.0000 8.0000 8.0000 0.0000 0.0000 
before u = 8.3982 8.2758 8.2758 8.2758 8.2758 8.2758 8.2758 8.2758 8.2188 8.2188 8.2188 8.2188 8.2188 8.2188 8.2188 8.1609 8.1609 8.1609 8.1609 8.1609 8.1609 8.1609 8.1096 10.8350 10.8350 11.4893 9.2763 
before v = 33.7682 25.8896 25.8896 25.8896 25.8896 25.8896 25.8896 25.8896 22.7697 22.7697 22.7697 22.7697 22.7697 22.7697 22.7697 19.7587 19.7587 19.7587 19.7587 19.7587 19.7587 19.7587 17.1773 96.0558 96.0558 80.9020 25.4785 
Ibias = 9.4000 9.4000 9.4000 9.4000 9.4000 9.4000 9.4000 9.4000 2.0000 2.0000 2.0000 2.0000 2.0000 2.0000 2.0000 2.0000 2.0000 2.0000 2.0000 2.0000 2.0000 2.0000 -2.0000 16.0000 16.0000 10.0000 -11.0000 
fa1 = 0.8088 0.2663 0.2663 0.2663 0.2663 0.2663 0.2663 0.2663 0.2106 0.2106 0.2106 0.2106 0.2106 0.2106 0.2106 0.1792 0.1792 0.1792 0.1792 0.1792 0.1792 0.1792 0.1608 155.7269 155.7269 77.6102 0.9649 
fa2 = 0.8086 0.2662 0.2662 0.2662 0.2662 0.2662 0.2662 0.2662 0.2105 0.2105 0.2105 0.2105 0.2105 0.2105 0.2105 0.1792 0.1792 0.1792 0.1792 0.1792 0.1792 0.1792 0.1608 159.3978 159.3978 78.9631 0.9607 
fa3 = 0.8086 0.2662 0.2662 0.2662 0.2662 0.2662 0.2662 0.2662 0.2105 0.2105 0.2105 0.2105 0.2105 0.2105 0.2105 0.1792 0.1792 0.1792 0.1792 0.1792 0.1792 0.1792 0.1608 159.4849 159.4849 78.9868 0.9607 
fa4 = 0.8084 0.2661 0.2661 0.2661 0.2661 0.2661 0.2661 0.2661 0.2104 0.2104 0.2104 0.2104 0.2104 0.2104 0.2104 0.1792 0.1792 0.1792 0.1792 0.1792 0.1792 0.1792 0.1608 163.2979 163.2979 80.3768 0.9565 
fb1 = -0.2009 -0.2275 -0.2275 -0.2275 -0.2275 -0.2275 -0.2275 -0.2275 -0.2377 -0.2377 -0.2377 -0.2377 -0.2377 -0.2377 -0.2377 -0.2474 -0.2474 -0.2474 -0.2474 -0.2474 -0.2474 -0.2474 -0.2557 0.1675 0.1675 0.0938 -0.0836 
fb2 = -0.2008 -0.2274 -0.2274 -0.2274 -0.2274 -0.2274 -0.2274 -0.2274 -0.2376 -0.2376 -0.2376 -0.2376 -0.2376 -0.2376 -0.2376 -0.2473 -0.2473 -0.2473 -0.2473 -0.2473 -0.2473 -0.2473 -0.2556 0.1706 0.1706 0.0954 -0.0836 
fb3 = -0.2008 -0.2274 -0.2274 -0.2274 -0.2274 -0.2274 -0.2274 -0.2274 -0.2376 -0.2376 -0.2376 -0.2376 -0.2376 -0.2376 -0.2376 -0.2473 -0.2473 -0.2473 -0.2473 -0.2473 -0.2473 -0.2473 -0.2556 0.1707 0.1707 0.0954 -0.0836 
fb4 = -0.2007 -0.2274 -0.2274 -0.2274 -0.2274 -0.2274 -0.2274 -0.2274 -0.2376 -0.2376 -0.2376 -0.2376 -0.2376 -0.2376 -0.2376 -0.2473 -0.2473 -0.2473 -0.2473 -0.2473 -0.2473 -0.2473 -0.2556 0.1739 0.1739 0.0970 -0.0836 
I = 14.9000 9.4000 9.4000 9.4000 9.4000 9.4000 9.4000 9.4000 6.0000 6.0000 6.0000 6.0000 6.0000 6.0000 6.0000 2.0000 2.0000 2.0000 2.0000 2.0000 2.0000 2.0000 -2.0000 25.6607 25.6607 10.0000 0.7105 
S1 = 0.0000 0.0000 0.0000 0.0000 0.0000 0.0000 0.0000 0.0000 0.0000 0.0000 0.0000 0.0000 0.0000 0.0000 0.0000 0.0000 0.0000 0.0000 0.0000 0.0000 0.0000 0.0000 0.0000 0.0000 0.0000 0.0000 0.0000 
S2 = 0.0000 0.0000 0.0000 0.0000 0.0000 0.0000 0.0000 0.0000 0.0000 0.0000 0.0000 0.0000 0.0000 0.0000 0.0000 0.0000 0.0000 0.0000 0.0000 0.0000 0.0000 0.0000 0.0000 1.6607 1.6607 0.0000 11.7105 
u = 8.3962 8.2735 8.2735 8.2735 8.2735 8.2735 8.2735 8.2735 8.2164 8.2164 8.2164 8.2164 8.2164 8.2164 8.2164 8.1584 8.1584 8.1584 8.1584 8.1584 8.1584 8.1584 8.1070 10.8367 10.8367 11.4902 9.2755 
v = 33.7763 25.8923 25.8923 25.8923 25.8923 25.8923 25.8923 25.8923 22.7718 22.7718 22.7718 22.7718 22.7718 22.7718 22.7718 19.7605 19.7605 19.7605 19.7605 19.7605 19.7605 19.7605 17.1790 97.6504 97.6504 81.6918 25.4881 
