ExternalI = 5.5000 0.0000 0.0000 0.0000 0.0000 0.0000 0.0000 0.0000 4.0000 4.0000 4.0000 4.0000 4.0000 4.0000 4.0000 0.0000 0.0000 0.0000 0.0000 0.0000 0.0000 0.0000 0.0000 8.0000 8.0000 0.0000 0.0000 
before u = 8.3962 8.2735 8.2735 8.2735 8.2735 8.2735 8.2735 8.2735 8.2164 8.2164 8.2164 8.2164 8.2164 8.2164 8.2164 8.1584 8.1584 8.1584 8.1584 8.1584 8.1584 8.1584 8.1070 10.8367 10.8367 11.4902 9.2755 
before v = 33.7763 25.8923 25.8923 25.8923 25.8923 25.8923 25.8923 25.8923 22.7718 22.7718 22.7718 22.7718 22.7718 22.7718 22.7718 19.7605 19.7605 19.7605 19.7605 19.7605 19.7605 19.7605 17.1790 97.6504 97.6504 81.6918 25.4881 
Ibias = 9.4000 9.4000 9.4000 9.4000 9.4000 9.4000 9.4000 9.4000 2.0000 2.0000 2.0000 2.0000 2.0000 2.0000 2.0000 2.0000 2.0000 2.0000 2.0000 2.0000 2.0000 2.0000 -2.0000 16.0000 16.0000 10.0000 -11.0000 
fa1 = 0.8084 0.2661 0.2661 0.2661 0.2661 0.2661 0.2661 0.2661 0.2104 0.2104 0.2104 0.2104 0.2104 0.2104 0.2104 0.1792 0.1792 0.1792 0.1792 0.1792 0.1792 0.1792 0.1608 163.2936 163.2936 80.3766 0.9331 
fa2 = 0.8082 0.2660 0.2660 0.2660 0.2660 0.2660 0.2660 0.2660 0.2104 0.2104 0.2104 0.2104 0.2104 0.2104 0.2104 0.1791 0.1791 0.1791 0.1791 0.1791 0.1791 0.1791 0.1608 167.2483 167.2483 81.8033 0.9290 
fa3 = 0.8082 0.2660 0.2660 0.2660 0.2660 0.2660 0.2660 0.2660 0.2104 0.2104 0.2104 0.2104 0.2104 0.2104 0.2104 0.1791 0.1791 0.1791 0.1791 0.1791 0.1791 0.1791 0.1608 167.3447 167.3447 81.8288 0.9291 
fa4 = 0.8080 0.2659 0.2659 0.2659 0.2659 0.2659 0.2659 0.2659 0.2103 0.2103 0.2103 0.2103 0.2103 0.2103 0.2103 0.1791 0.1791 0.1791 0.1791 0.1791 0.1791 0.1791 0.1607 171.4566 171.4566 83.2953 0.9250 
fb1 = -0.2007 -0.2274 -0.2274 -0.2274 -0.2274 -0.2274 -0.2274 -0.2274 -0.2376 -0.2376 -0.2376 -0.2376 -0.2376 -0.2376 -0.2376 -0.2473 -0.2473 -0.2473 -0.2473 -0.2473 -0.2473 -0.2473 -0.2556 0.1739 0.1739 0.0970 -0.0836 
fb2 = -0.2007 -0.2273 -0.2273 -0.2273 -0.2273 -0.2273 -0.2273 -0.2273 -0.2375 -0.2375 -0.2375 -0.2375 -0.2375 -0.2375 -0.2375 -0.2472 -0.2472 -0.2472 -0.2472 -0.2472 -0.2472 -0.2472 -0.2555 0.1771 0.1771 0.0986 -0.0835 
fb3 = -0.2007 -0.2273 -0.2273 -0.2273 -0.2273 -0.2273 -0.2273 -0.2273 -0.2375 -0.2375 -0.2375 -0.2375 -0.2375 -0.2375 -0.2375 -0.2472 -0.2472 -0.2472 -0.2472 -0.2472 -0.2472 -0.2472 -0.2555 0.1772 0.1772 0.0986 -0.0835 
fb4 = -0.2006 -0.2273 -0.2273 -0.2273 -0.2273 -0.2273 -0.2273 -0.2273 -0.2375 -0.2375 -0.2375 -0.2375 -0.2375 -0.2375 -0.2375 -0.2472 -0.2472 -0.2472 -0.2472 -0.2472 -0.2472 -0.2472 -0.2555 0.1805 0.1805 0.1002 -0.0835 
I = 14.9000 9.4000 9.4000 9.4000 9.4000 9.4000 9.4000 9.4000 6.0000 6.0000 6.0000 6.0000 6.0000 6.0000 6.0000 2.0000 2.0000 2.0000 2.0000 2.0000 2.0000 2.0000 -2.0000 25.6573 25.6573 10.0000 0.6871 
S1 = 0.0000 0.0000 0.0000 0.0000 0.0000 0.0000 0.0000 0.0000 0.0000 0.0000 0.0000 0.0000 0.0000 0.0000 0.0000 0.0000 0.0000 0.0000 0.0000 0.0000 0.0000 0.0000 0.0000 0.0000 0.0000 0.0000 0.0000 
S2 = 0.0000 0.0000 0.0000 0.0000 0.0000 0.0000 0.0000 0.0000 0.0000 0.0000 0.0000 0.0000 0.0000 0.0000 0.0000 0.0000 0.0000 0.0000 0.0000 0.0000 0.0000 0.0000 0.0000 1.6573 1.6573 0.0000 11.6871 
u = 8.3942 8.2712 8.2712 8.2712 8.2712 8.2712 8.2712 8.2712 8.2140 8.2140 8.2140 8.2140 8.2140 8.2140 8.2140 8.1559 8.1559 8.1559 8.1559 8.1559 8.1559 8.1559 8.1044 10.8385 10.8385 11.4912 9.2746 
v = 33.7844 25.8949 25.8949 25.8949 25.8949 25.8949 25.8949 25.8949 22.7739 22.7739 22.7739 22.7739 22.7739 22.7739 22.7739 19.7623 19.7623 19.7623 19.7623 19.7623 19.7623 19.7623 17.1806 99.3237 99.3237 82.5101 25.4974 
