ExternalI = 5.5000 0.0000 0.0000 0.0000 0.0000 0.0000 0.0000 0.0000 4.0000 4.0000 4.0000 4.0000 4.0000 4.0000 4.0000 0.0000 0.0000 0.0000 0.0000 0.0000 0.0000 0.0000 0.0000 8.0000 8.0000 0.0000 0.0000 
before u = 8.3942 8.2712 8.2712 8.2712 8.2712 8.2712 8.2712 8.2712 8.2140 8.2140 8.2140 8.2140 8.2140 8.2140 8.2140 8.1559 8.1559 8.1559 8.1559 8.1559 8.1559 8.1559 8.1044 10.8385 10.8385 11.4912 9.2746 
before v = 33.7844 25.8949 25.8949 25.8949 25.8949 25.8949 25.8949 25.8949 22.7739 22.7739 22.7739 22.7739 22.7739 22.7739 22.7739 19.7623 19.7623 19.7623 19.7623 19.7623 19.7623 19.7623 17.1806 99.3237 99.3237 82.5101 25.4974 
Ibias = 9.4000 9.4000 9.4000 9.4000 9.4000 9.4000 9.4000 9.4000 2.0000 2.0000 2.0000 2.0000 2.0000 2.0000 2.0000 2.0000 2.0000 2.0000 2.0000 2.0000 2.0000 2.0000 -2.0000 16.0000 16.0000 10.0000 -11.0000 
fa1 = 0.8080 0.2659 0.2659 0.2659 0.2659 0.2659 0.2659 0.2659 0.2103 0.2103 0.2103 0.2103 0.2103 0.2103 0.2103 0.1791 0.1791 0.1791 0.1791 0.1791 0.1791 0.1791 0.1607 171.4522 171.4522 83.2951 0.9016 
fa2 = 0.8078 0.2658 0.2658 0.2658 0.2658 0.2658 0.2658 0.2658 0.2103 0.2103 0.2103 0.2103 0.2103 0.2103 0.2103 0.1791 0.1791 0.1791 0.1791 0.1791 0.1791 0.1791 0.1607 175.7206 175.7206 84.8012 0.8977 
fa3 = 0.8078 0.2658 0.2658 0.2658 0.2658 0.2658 0.2658 0.2658 0.2103 0.2103 0.2103 0.2103 0.2103 0.2103 0.2103 0.1791 0.1791 0.1791 0.1791 0.1791 0.1791 0.1791 0.1607 175.8276 175.8276 84.8285 0.8977 
fa4 = 0.8077 0.2657 0.2657 0.2657 0.2657 0.2657 0.2657 0.2657 0.2102 0.2102 0.2102 0.2102 0.2102 0.2102 0.2102 0.1790 0.1790 0.1790 0.1790 0.1790 0.1790 0.1790 0.1607 180.2702 180.2702 86.3773 0.8939 
fb1 = -0.2006 -0.2273 -0.2273 -0.2273 -0.2273 -0.2273 -0.2273 -0.2273 -0.2375 -0.2375 -0.2375 -0.2375 -0.2375 -0.2375 -0.2375 -0.2472 -0.2472 -0.2472 -0.2472 -0.2472 -0.2472 -0.2472 -0.2555 0.1805 0.1805 0.1002 -0.0835 
fb2 = -0.2006 -0.2272 -0.2272 -0.2272 -0.2272 -0.2272 -0.2272 -0.2272 -0.2374 -0.2374 -0.2374 -0.2374 -0.2374 -0.2374 -0.2374 -0.2471 -0.2471 -0.2471 -0.2471 -0.2471 -0.2471 -0.2471 -0.2554 0.1839 0.1839 0.1019 -0.0835 
fb3 = -0.2006 -0.2272 -0.2272 -0.2272 -0.2272 -0.2272 -0.2272 -0.2272 -0.2374 -0.2374 -0.2374 -0.2374 -0.2374 -0.2374 -0.2374 -0.2471 -0.2471 -0.2471 -0.2471 -0.2471 -0.2471 -0.2471 -0.2554 0.1840 0.1840 0.1019 -0.0835 
fb4 = -0.2005 -0.2272 -0.2272 -0.2272 -0.2272 -0.2272 -0.2272 -0.2272 -0.2374 -0.2374 -0.2374 -0.2374 -0.2374 -0.2374 -0.2374 -0.2471 -0.2471 -0.2471 -0.2471 -0.2471 -0.2471 -0.2471 -0.2553 0.1875 0.1875 0.1036 -0.0835 
I = 14.9000 9.4000 9.4000 9.4000 9.4000 9.4000 9.4000 9.4000 6.0000 6.0000 6.0000 6.0000 6.0000 6.0000 6.0000 2.0000 2.0000 2.0000 2.0000 2.0000 2.0000 2.0000 -2.0000 25.6540 25.6540 10.0000 0.6637 
S1 = 0.0000 0.0000 0.0000 0.0000 0.0000 0.0000 0.0000 0.0000 0.0000 0.0000 0.0000 0.0000 0.0000 0.0000 0.0000 0.0000 0.0000 0.0000 0.0000 0.0000 0.0000 0.0000 0.0000 0.0000 0.0000 0.0000 0.0000 
S2 = 0.0000 0.0000 0.0000 0.0000 0.0000 0.0000 0.0000 0.0000 0.0000 0.0000 0.0000 0.0000 0.0000 0.0000 0.0000 0.0000 0.0000 0.0000 0.0000 0.0000 0.0000 0.0000 0.0000 1.6540 1.6540 0.0000 11.6637 
u = 8.3922 8.2690 8.2690 8.2690 8.2690 8.2690 8.2690 8.2690 8.2116 8.2116 8.2116 8.2116 8.2116 8.2116 8.2116 8.1534 8.1534 8.1534 8.1534 8.1534 8.1534 8.1534 8.1019 10.8403 10.8403 11.4922 9.2738 
v = 33.7925 25.8976 25.8976 25.8976 25.8976 25.8976 25.8976 25.8976 22.7760 22.7760 22.7760 22.7760 22.7760 22.7760 22.7760 19.7641 19.7641 19.7641 19.7641 19.7641 19.7641 19.7641 17.1822 101.0817 101.0817 83.3583 25.5064 
