ExternalI = 5.5000 0.0000 0.0000 0.0000 0.0000 0.0000 0.0000 0.0000 4.0000 4.0000 4.0000 4.0000 4.0000 4.0000 4.0000 0.0000 0.0000 0.0000 0.0000 0.0000 0.0000 0.0000 0.0000 8.0000 8.0000 0.0000 0.0000 
before u = 8.3922 8.2690 8.2690 8.2690 8.2690 8.2690 8.2690 8.2690 8.2116 8.2116 8.2116 8.2116 8.2116 8.2116 8.2116 8.1534 8.1534 8.1534 8.1534 8.1534 8.1534 8.1534 8.1019 10.8403 10.8403 11.4922 9.2738 
before v = 33.7925 25.8976 25.8976 25.8976 25.8976 25.8976 25.8976 25.8976 22.7760 22.7760 22.7760 22.7760 22.7760 22.7760 22.7760 19.7641 19.7641 19.7641 19.7641 19.7641 19.7641 19.7641 17.1822 101.0817 101.0817 83.3583 25.5064 
Ibias = 9.4000 9.4000 9.4000 9.4000 9.4000 9.4000 9.4000 9.4000 2.0000 2.0000 2.0000 2.0000 2.0000 2.0000 2.0000 2.0000 2.0000 2.0000 2.0000 2.0000 2.0000 2.0000 -2.0000 16.0000 16.0000 10.0000 -11.0000 
fa1 = 0.8077 0.2657 0.2657 0.2657 0.2657 0.2657 0.2657 0.2657 0.2102 0.2102 0.2102 0.2102 0.2102 0.2102 0.2102 0.1790 0.1790 0.1790 0.1790 0.1790 0.1790 0.1790 0.1607 180.2657 180.2657 86.3771 0.8705 
fa2 = 0.8075 0.2656 0.2656 0.2656 0.2656 0.2656 0.2656 0.2656 0.2102 0.2102 0.2102 0.2102 0.2102 0.2102 0.2102 0.1790 0.1790 0.1790 0.1790 0.1790 0.1790 0.1790 0.1606 184.8819 184.8819 87.9685 0.8668 
fa3 = 0.8075 0.2656 0.2656 0.2656 0.2656 0.2656 0.2656 0.2656 0.2102 0.2102 0.2102 0.2102 0.2102 0.2102 0.2102 0.1790 0.1790 0.1790 0.1790 0.1790 0.1790 0.1790 0.1606 185.0009 185.0009 87.9980 0.8668 
fa4 = 0.8073 0.2655 0.2655 0.2655 0.2655 0.2655 0.2655 0.2655 0.2101 0.2101 0.2101 0.2101 0.2101 0.2101 0.2101 0.1790 0.1790 0.1790 0.1790 0.1790 0.1790 0.1790 0.1606 189.8108 189.8108 89.6354 0.8630 
fb1 = -0.2005 -0.2272 -0.2272 -0.2272 -0.2272 -0.2272 -0.2272 -0.2272 -0.2374 -0.2374 -0.2374 -0.2374 -0.2374 -0.2374 -0.2374 -0.2471 -0.2471 -0.2471 -0.2471 -0.2471 -0.2471 -0.2471 -0.2553 0.1875 0.1875 0.1036 -0.0835 
fb2 = -0.2005 -0.2271 -0.2271 -0.2271 -0.2271 -0.2271 -0.2271 -0.2271 -0.2373 -0.2373 -0.2373 -0.2373 -0.2373 -0.2373 -0.2373 -0.2470 -0.2470 -0.2470 -0.2470 -0.2470 -0.2470 -0.2470 -0.2553 0.1911 0.1911 0.1053 -0.0834 
fb3 = -0.2005 -0.2271 -0.2271 -0.2271 -0.2271 -0.2271 -0.2271 -0.2271 -0.2373 -0.2373 -0.2373 -0.2373 -0.2373 -0.2373 -0.2373 -0.2470 -0.2470 -0.2470 -0.2470 -0.2470 -0.2470 -0.2470 -0.2553 0.1912 0.1912 0.1053 -0.0834 
fb4 = -0.2004 -0.2271 -0.2271 -0.2271 -0.2271 -0.2271 -0.2271 -0.2271 -0.2373 -0.2373 -0.2373 -0.2373 -0.2373 -0.2373 -0.2373 -0.2470 -0.2470 -0.2470 -0.2470 -0.2470 -0.2470 -0.2470 -0.2552 0.1949 0.1949 0.1071 -0.0834 
I = 14.9000 9.4000 9.4000 9.4000 9.4000 9.4000 9.4000 9.4000 6.0000 6.0000 6.0000 6.0000 6.0000 6.0000 6.0000 2.0000 2.0000 2.0000 2.0000 2.0000 2.0000 2.0000 -2.0000 25.6507 25.6507 10.0000 0.6404 
S1 = 0.0000 0.0000 0.0000 0.0000 0.0000 0.0000 0.0000 0.0000 0.0000 0.0000 0.0000 0.0000 0.0000 0.0000 0.0000 0.0000 0.0000 0.0000 0.0000 0.0000 0.0000 0.0000 0.0000 0.0000 0.0000 0.0000 0.0000 
S2 = 0.0000 0.0000 0.0000 0.0000 0.0000 0.0000 0.0000 0.0000 0.0000 0.0000 0.0000 0.0000 0.0000 0.0000 0.0000 0.0000 0.0000 0.0000 0.0000 0.0000 0.0000 0.0000 0.0000 1.6507 1.6507 0.0000 11.6404 
u = 8.3902 8.2667 8.2667 8.2667 8.2667 8.2667 8.2667 8.2667 8.2093 8.2093 8.2093 8.2093 8.2093 8.2093 8.2093 8.1510 8.1510 8.1510 8.1510 8.1510 8.1510 8.1510 8.0993 10.8422 10.8422 11.4933 9.2729 
v = 33.8006 25.9002 25.9002 25.9002 25.9002 25.9002 25.9002 25.9002 22.7781 22.7781 22.7781 22.7781 22.7781 22.7781 22.7781 19.7659 19.7659 19.7659 19.7659 19.7659 19.7659 19.7659 17.1838 102.9314 102.9314 84.2382 25.5150 
