ExternalI = 5.5000 0.0000 0.0000 0.0000 0.0000 0.0000 0.0000 0.0000 4.0000 4.0000 4.0000 4.0000 4.0000 4.0000 4.0000 0.0000 0.0000 0.0000 0.0000 0.0000 0.0000 0.0000 0.0000 8.0000 8.0000 0.0000 0.0000 
before u = 8.3902 8.2667 8.2667 8.2667 8.2667 8.2667 8.2667 8.2667 8.2093 8.2093 8.2093 8.2093 8.2093 8.2093 8.2093 8.1510 8.1510 8.1510 8.1510 8.1510 8.1510 8.1510 8.0993 10.8422 10.8422 11.4933 9.2729 
before v = 33.8006 25.9002 25.9002 25.9002 25.9002 25.9002 25.9002 25.9002 22.7781 22.7781 22.7781 22.7781 22.7781 22.7781 22.7781 19.7659 19.7659 19.7659 19.7659 19.7659 19.7659 19.7659 17.1838 102.9314 102.9314 84.2382 25.5150 
Ibias = 9.4000 9.4000 9.4000 9.4000 9.4000 9.4000 9.4000 9.4000 2.0000 2.0000 2.0000 2.0000 2.0000 2.0000 2.0000 2.0000 2.0000 2.0000 2.0000 2.0000 2.0000 2.0000 -2.0000 16.0000 16.0000 10.0000 -11.0000 
fa1 = 0.8073 0.2655 0.2655 0.2655 0.2655 0.2655 0.2655 0.2655 0.2101 0.2101 0.2101 0.2101 0.2101 0.2101 0.2101 0.1790 0.1790 0.1790 0.1790 0.1790 0.1790 0.1790 0.1606 189.8061 189.8061 89.6351 0.8398 
fa2 = 0.8071 0.2654 0.2654 0.2654 0.2654 0.2654 0.2654 0.2654 0.2101 0.2101 0.2101 0.2101 0.2101 0.2101 0.2101 0.1789 0.1789 0.1789 0.1789 0.1789 0.1789 0.1789 0.1606 194.8088 194.8088 91.3184 0.8362 
fa3 = 0.8071 0.2654 0.2654 0.2654 0.2654 0.2654 0.2654 0.2654 0.2101 0.2101 0.2101 0.2101 0.2101 0.2101 0.2101 0.1789 0.1789 0.1789 0.1789 0.1789 0.1789 0.1789 0.1606 194.9417 194.9417 91.3501 0.8362 
fa4 = 0.8069 0.2653 0.2653 0.2653 0.2653 0.2653 0.2653 0.2653 0.2100 0.2100 0.2100 0.2100 0.2100 0.2100 0.2100 0.1789 0.1789 0.1789 0.1789 0.1789 0.1789 0.1789 0.1606 200.1603 200.1603 93.0830 0.8326 
fb1 = -0.2004 -0.2271 -0.2271 -0.2271 -0.2271 -0.2271 -0.2271 -0.2271 -0.2373 -0.2373 -0.2373 -0.2373 -0.2373 -0.2373 -0.2373 -0.2470 -0.2470 -0.2470 -0.2470 -0.2470 -0.2470 -0.2470 -0.2552 0.1949 0.1949 0.1071 -0.0834 
fb2 = -0.2003 -0.2270 -0.2270 -0.2270 -0.2270 -0.2270 -0.2270 -0.2270 -0.2372 -0.2372 -0.2372 -0.2372 -0.2372 -0.2372 -0.2372 -0.2469 -0.2469 -0.2469 -0.2469 -0.2469 -0.2469 -0.2469 -0.2552 0.1987 0.1987 0.1089 -0.0834 
fb3 = -0.2003 -0.2270 -0.2270 -0.2270 -0.2270 -0.2270 -0.2270 -0.2270 -0.2372 -0.2372 -0.2372 -0.2372 -0.2372 -0.2372 -0.2372 -0.2469 -0.2469 -0.2469 -0.2469 -0.2469 -0.2469 -0.2469 -0.2552 0.1988 0.1988 0.1089 -0.0834 
fb4 = -0.2003 -0.2270 -0.2270 -0.2270 -0.2270 -0.2270 -0.2270 -0.2270 -0.2372 -0.2372 -0.2372 -0.2372 -0.2372 -0.2372 -0.2372 -0.2469 -0.2469 -0.2469 -0.2469 -0.2469 -0.2469 -0.2469 -0.2551 0.2026 0.2026 0.1107 -0.0833 
I = 14.9000 9.4000 9.4000 9.4000 9.4000 9.4000 9.4000 9.4000 6.0000 6.0000 6.0000 6.0000 6.0000 6.0000 6.0000 2.0000 2.0000 2.0000 2.0000 2.0000 2.0000 2.0000 -2.0000 25.6474 25.6474 10.0000 0.6171 
S1 = 0.0000 0.0000 0.0000 0.0000 0.0000 0.0000 0.0000 0.0000 0.0000 0.0000 0.0000 0.0000 0.0000 0.0000 0.0000 0.0000 0.0000 0.0000 0.0000 0.0000 0.0000 0.0000 0.0000 0.0000 0.0000 0.0000 0.0000 
S2 = 0.0000 0.0000 0.0000 0.0000 0.0000 0.0000 0.0000 0.0000 0.0000 0.0000 0.0000 0.0000 0.0000 0.0000 0.0000 0.0000 0.0000 0.0000 0.0000 0.0000 0.0000 0.0000 0.0000 1.6474 1.6474 0.0000 11.6171 
u = 8.3882 8.2644 8.2644 8.2644 8.2644 8.2644 8.2644 8.2644 8.2069 8.2069 8.2069 8.2069 8.2069 8.2069 8.2069 8.1485 8.1485 8.1485 8.1485 8.1485 8.1485 8.1485 8.0968 10.8442 10.8442 11.4944 9.2721 
v = 33.8086 25.9029 25.9029 25.9029 25.9029 25.9029 25.9029 25.9029 22.7802 22.7802 22.7802 22.7802 22.7802 22.7802 22.7802 19.7677 19.7677 19.7677 19.7677 19.7677 19.7677 19.7677 17.1854 104.8805 104.8805 85.1516 25.5234 
