ExternalI = 5.5000 0.0000 0.0000 0.0000 0.0000 0.0000 0.0000 0.0000 4.0000 4.0000 4.0000 4.0000 4.0000 4.0000 4.0000 0.0000 0.0000 0.0000 0.0000 0.0000 0.0000 0.0000 0.0000 8.0000 8.0000 0.0000 0.0000 
before u = 8.3882 8.2644 8.2644 8.2644 8.2644 8.2644 8.2644 8.2644 8.2069 8.2069 8.2069 8.2069 8.2069 8.2069 8.2069 8.1485 8.1485 8.1485 8.1485 8.1485 8.1485 8.1485 8.0968 10.8442 10.8442 11.4944 9.2721 
before v = 33.8086 25.9029 25.9029 25.9029 25.9029 25.9029 25.9029 25.9029 22.7802 22.7802 22.7802 22.7802 22.7802 22.7802 22.7802 19.7677 19.7677 19.7677 19.7677 19.7677 19.7677 19.7677 17.1854 104.8805 104.8805 85.1516 25.5234 
Ibias = 9.4000 9.4000 9.4000 9.4000 9.4000 9.4000 9.4000 9.4000 2.0000 2.0000 2.0000 2.0000 2.0000 2.0000 2.0000 2.0000 2.0000 2.0000 2.0000 2.0000 2.0000 2.0000 -2.0000 16.0000 16.0000 10.0000 -11.0000 
fa1 = 0.8069 0.2653 0.2653 0.2653 0.2653 0.2653 0.2653 0.2653 0.2100 0.2100 0.2100 0.2100 0.2100 0.2100 0.2100 0.1789 0.1789 0.1789 0.1789 0.1789 0.1789 0.1789 0.1606 200.1554 200.1554 93.0827 0.8094 
fa2 = 0.8067 0.2652 0.2652 0.2652 0.2652 0.2652 0.2652 0.2652 0.2100 0.2100 0.2100 0.2100 0.2100 0.2100 0.2100 0.1788 0.1788 0.1788 0.1788 0.1788 0.1788 0.1788 0.1605 205.5891 205.5891 94.8651 0.8059 
fa3 = 0.8067 0.2652 0.2652 0.2652 0.2652 0.2652 0.2652 0.2652 0.2100 0.2100 0.2100 0.2100 0.2100 0.2100 0.2100 0.1788 0.1788 0.1788 0.1788 0.1788 0.1788 0.1788 0.1605 205.7377 205.7377 94.8994 0.8059 
fa4 = 0.8065 0.2651 0.2651 0.2651 0.2651 0.2651 0.2651 0.2651 0.2099 0.2099 0.2099 0.2099 0.2099 0.2099 0.2099 0.1788 0.1788 0.1788 0.1788 0.1788 0.1788 0.1788 0.1605 211.4128 211.4128 96.7353 0.8025 
fb1 = -0.2003 -0.2270 -0.2270 -0.2270 -0.2270 -0.2270 -0.2270 -0.2270 -0.2372 -0.2372 -0.2372 -0.2372 -0.2372 -0.2372 -0.2372 -0.2469 -0.2469 -0.2469 -0.2469 -0.2469 -0.2469 -0.2469 -0.2551 0.2026 0.2026 0.1107 -0.0833 
fb2 = -0.2002 -0.2269 -0.2269 -0.2269 -0.2269 -0.2269 -0.2269 -0.2269 -0.2371 -0.2371 -0.2371 -0.2371 -0.2371 -0.2371 -0.2371 -0.2468 -0.2468 -0.2468 -0.2468 -0.2468 -0.2468 -0.2468 -0.2551 0.2066 0.2066 0.1126 -0.0833 
fb3 = -0.2002 -0.2269 -0.2269 -0.2269 -0.2269 -0.2269 -0.2269 -0.2269 -0.2371 -0.2371 -0.2371 -0.2371 -0.2371 -0.2371 -0.2371 -0.2468 -0.2468 -0.2468 -0.2468 -0.2468 -0.2468 -0.2468 -0.2551 0.2067 0.2067 0.1126 -0.0833 
fb4 = -0.2002 -0.2269 -0.2269 -0.2269 -0.2269 -0.2269 -0.2269 -0.2269 -0.2371 -0.2371 -0.2371 -0.2371 -0.2371 -0.2371 -0.2371 -0.2468 -0.2468 -0.2468 -0.2468 -0.2468 -0.2468 -0.2468 -0.2550 0.2108 0.2108 0.1145 -0.0833 
I = 14.9000 9.4000 9.4000 9.4000 9.4000 9.4000 9.4000 9.4000 6.0000 6.0000 6.0000 6.0000 6.0000 6.0000 6.0000 2.0000 2.0000 2.0000 2.0000 2.0000 2.0000 2.0000 -2.0000 25.6441 25.6441 10.0000 0.5939 
S1 = 0.0000 0.0000 0.0000 0.0000 0.0000 0.0000 0.0000 0.0000 0.0000 0.0000 0.0000 0.0000 0.0000 0.0000 0.0000 0.0000 0.0000 0.0000 0.0000 0.0000 0.0000 0.0000 0.0000 0.0000 0.0000 0.0000 0.0000 
S2 = 0.0000 0.0000 0.0000 0.0000 0.0000 0.0000 0.0000 0.0000 0.0000 0.0000 0.0000 0.0000 0.0000 0.0000 0.0000 0.0000 0.0000 0.0000 0.0000 0.0000 0.0000 0.0000 0.0000 1.6441 1.6441 0.0000 11.5939 
u = 8.3862 8.2621 8.2621 8.2621 8.2621 8.2621 8.2621 8.2621 8.2045 8.2045 8.2045 8.2045 8.2045 8.2045 8.2045 8.1460 8.1460 8.1460 8.1460 8.1460 8.1460 8.1460 8.0942 10.8463 10.8463 11.4955 9.2713 
v = 33.8167 25.9055 25.9055 25.9055 25.9055 25.9055 25.9055 25.9055 22.7823 22.7823 22.7823 22.7823 22.7823 22.7823 22.7823 19.7695 19.7695 19.7695 19.7695 19.7695 19.7695 19.7695 17.1870 106.9376 106.9376 86.1005 25.5315 
