ExternalI = 5.5000 0.0000 0.0000 0.0000 0.0000 0.0000 0.0000 0.0000 4.0000 4.0000 4.0000 4.0000 4.0000 4.0000 4.0000 0.0000 0.0000 0.0000 0.0000 0.0000 0.0000 0.0000 0.0000 8.0000 8.0000 0.0000 0.0000 
before u = 8.3862 8.2621 8.2621 8.2621 8.2621 8.2621 8.2621 8.2621 8.2045 8.2045 8.2045 8.2045 8.2045 8.2045 8.2045 8.1460 8.1460 8.1460 8.1460 8.1460 8.1460 8.1460 8.0942 10.8463 10.8463 11.4955 9.2713 
before v = 33.8167 25.9055 25.9055 25.9055 25.9055 25.9055 25.9055 25.9055 22.7823 22.7823 22.7823 22.7823 22.7823 22.7823 22.7823 19.7695 19.7695 19.7695 19.7695 19.7695 19.7695 19.7695 17.1870 106.9376 106.9376 86.1005 25.5315 
Ibias = 9.4000 9.4000 9.4000 9.4000 9.4000 9.4000 9.4000 9.4000 2.0000 2.0000 2.0000 2.0000 2.0000 2.0000 2.0000 2.0000 2.0000 2.0000 2.0000 2.0000 2.0000 2.0000 -2.0000 16.0000 16.0000 10.0000 -11.0000 
fa1 = 0.8065 0.2651 0.2651 0.2651 0.2651 0.2651 0.2651 0.2651 0.2099 0.2099 0.2099 0.2099 0.2099 0.2099 0.2099 0.1788 0.1788 0.1788 0.1788 0.1788 0.1788 0.1788 0.1605 211.4077 211.4077 96.7350 0.7793 
fa2 = 0.8063 0.2650 0.2650 0.2650 0.2650 0.2650 0.2650 0.2650 0.2099 0.2099 0.2099 0.2099 0.2099 0.2099 0.2099 0.1788 0.1788 0.1788 0.1788 0.1788 0.1788 0.1788 0.1605 217.3231 217.3231 98.6243 0.7760 
fa3 = 0.8063 0.2650 0.2650 0.2650 0.2650 0.2650 0.2650 0.2650 0.2099 0.2099 0.2099 0.2099 0.2099 0.2099 0.2099 0.1788 0.1788 0.1788 0.1788 0.1788 0.1788 0.1788 0.1605 217.4900 217.4900 98.6614 0.7760 
fa4 = 0.8061 0.2649 0.2649 0.2649 0.2649 0.2649 0.2649 0.2649 0.2098 0.2098 0.2098 0.2098 0.2098 0.2098 0.2098 0.1787 0.1787 0.1787 0.1787 0.1787 0.1787 0.1787 0.1604 223.6763 223.6763 100.6088 0.7727 
fb1 = -0.2002 -0.2269 -0.2269 -0.2269 -0.2269 -0.2269 -0.2269 -0.2269 -0.2371 -0.2371 -0.2371 -0.2371 -0.2371 -0.2371 -0.2371 -0.2468 -0.2468 -0.2468 -0.2468 -0.2468 -0.2468 -0.2468 -0.2550 0.2108 0.2108 0.1145 -0.0833 
fb2 = -0.2001 -0.2268 -0.2268 -0.2268 -0.2268 -0.2268 -0.2268 -0.2268 -0.2370 -0.2370 -0.2370 -0.2370 -0.2370 -0.2370 -0.2370 -0.2467 -0.2467 -0.2467 -0.2467 -0.2467 -0.2467 -0.2467 -0.2550 0.2150 0.2150 0.1164 -0.0833 
fb3 = -0.2001 -0.2268 -0.2268 -0.2268 -0.2268 -0.2268 -0.2268 -0.2268 -0.2370 -0.2370 -0.2370 -0.2370 -0.2370 -0.2370 -0.2370 -0.2467 -0.2467 -0.2467 -0.2467 -0.2467 -0.2467 -0.2467 -0.2550 0.2151 0.2151 0.1165 -0.0833 
fb4 = -0.2001 -0.2268 -0.2268 -0.2268 -0.2268 -0.2268 -0.2268 -0.2268 -0.2369 -0.2369 -0.2369 -0.2369 -0.2369 -0.2369 -0.2369 -0.2467 -0.2467 -0.2467 -0.2467 -0.2467 -0.2467 -0.2467 -0.2549 0.2195 0.2195 0.1184 -0.0833 
I = 14.9000 9.4000 9.4000 9.4000 9.4000 9.4000 9.4000 9.4000 6.0000 6.0000 6.0000 6.0000 6.0000 6.0000 6.0000 2.0000 2.0000 2.0000 2.0000 2.0000 2.0000 2.0000 -2.0000 25.6408 25.6408 10.0000 0.5707 
S1 = 0.0000 0.0000 0.0000 0.0000 0.0000 0.0000 0.0000 0.0000 0.0000 0.0000 0.0000 0.0000 0.0000 0.0000 0.0000 0.0000 0.0000 0.0000 0.0000 0.0000 0.0000 0.0000 0.0000 0.0000 0.0000 0.0000 0.0000 
S2 = 0.0000 0.0000 0.0000 0.0000 0.0000 0.0000 0.0000 0.0000 0.0000 0.0000 0.0000 0.0000 0.0000 0.0000 0.0000 0.0000 0.0000 0.0000 0.0000 0.0000 0.0000 0.0000 0.0000 1.6408 1.6408 0.0000 11.5707 
u = 8.3842 8.2599 8.2599 8.2599 8.2599 8.2599 8.2599 8.2599 8.2022 8.2022 8.2022 8.2022 8.2022 8.2022 8.2022 8.1436 8.1436 8.1436 8.1436 8.1436 8.1436 8.1436 8.0917 10.8484 10.8484 11.4966 9.2704 
v = 33.8248 25.9082 25.9082 25.9082 25.9082 25.9082 25.9082 25.9082 22.7844 22.7844 22.7844 22.7844 22.7844 22.7844 22.7844 19.7713 19.7713 19.7713 19.7713 19.7713 19.7713 19.7713 17.1886 109.1121 109.1121 87.0871 25.5392 
