ExternalI = 5.5000 0.0000 0.0000 0.0000 0.0000 0.0000 0.0000 0.0000 4.0000 4.0000 4.0000 4.0000 4.0000 4.0000 4.0000 0.0000 0.0000 0.0000 0.0000 0.0000 0.0000 0.0000 0.0000 8.0000 8.0000 0.0000 0.0000 
before u = 8.3842 8.2599 8.2599 8.2599 8.2599 8.2599 8.2599 8.2599 8.2022 8.2022 8.2022 8.2022 8.2022 8.2022 8.2022 8.1436 8.1436 8.1436 8.1436 8.1436 8.1436 8.1436 8.0917 10.8484 10.8484 11.4966 9.2704 
before v = 33.8248 25.9082 25.9082 25.9082 25.9082 25.9082 25.9082 25.9082 22.7844 22.7844 22.7844 22.7844 22.7844 22.7844 22.7844 19.7713 19.7713 19.7713 19.7713 19.7713 19.7713 19.7713 17.1886 109.1121 109.1121 87.0871 25.5392 
Ibias = 9.4000 9.4000 9.4000 9.4000 9.4000 9.4000 9.4000 9.4000 2.0000 2.0000 2.0000 2.0000 2.0000 2.0000 2.0000 2.0000 2.0000 2.0000 2.0000 2.0000 2.0000 2.0000 -2.0000 16.0000 16.0000 10.0000 -11.0000 
fa1 = 0.8061 0.2649 0.2649 0.2649 0.2649 0.2649 0.2649 0.2649 0.2098 0.2098 0.2098 0.2098 0.2098 0.2098 0.2098 0.1787 0.1787 0.1787 0.1787 0.1787 0.1787 0.1787 0.1604 223.6708 223.6708 100.6084 0.7495 
fa2 = 0.8059 0.2648 0.2648 0.2648 0.2648 0.2648 0.2648 0.2648 0.2098 0.2098 0.2098 0.2098 0.2098 0.2098 0.2098 0.1787 0.1787 0.1787 0.1787 0.1787 0.1787 0.1787 0.1604 230.1268 230.1268 102.6135 0.7464 
fa3 = 0.8059 0.2648 0.2648 0.2648 0.2648 0.2648 0.2648 0.2648 0.2098 0.2098 0.2098 0.2098 0.2098 0.2098 0.2098 0.1787 0.1787 0.1787 0.1787 0.1787 0.1787 0.1787 0.1604 230.3146 230.3146 102.6537 0.7464 
fa4 = 0.8058 0.2647 0.2647 0.2647 0.2647 0.2647 0.2647 0.2647 0.2097 0.2097 0.2097 0.2097 0.2097 0.2097 0.2097 0.1787 0.1787 0.1787 0.1787 0.1787 0.1787 0.1787 0.1604 237.0754 237.0754 104.7216 0.7432 
fb1 = -0.2001 -0.2268 -0.2268 -0.2268 -0.2268 -0.2268 -0.2268 -0.2268 -0.2369 -0.2369 -0.2369 -0.2369 -0.2369 -0.2369 -0.2369 -0.2467 -0.2467 -0.2467 -0.2467 -0.2467 -0.2467 -0.2467 -0.2549 0.2195 0.2195 0.1184 -0.0833 
fb2 = -0.2000 -0.2267 -0.2267 -0.2267 -0.2267 -0.2267 -0.2267 -0.2267 -0.2369 -0.2369 -0.2369 -0.2369 -0.2369 -0.2369 -0.2369 -0.2466 -0.2466 -0.2466 -0.2466 -0.2466 -0.2466 -0.2466 -0.2549 0.2239 0.2239 0.1204 -0.0832 
fb3 = -0.2000 -0.2267 -0.2267 -0.2267 -0.2267 -0.2267 -0.2267 -0.2267 -0.2369 -0.2369 -0.2369 -0.2369 -0.2369 -0.2369 -0.2369 -0.2466 -0.2466 -0.2466 -0.2466 -0.2466 -0.2466 -0.2466 -0.2549 0.2241 0.2241 0.1205 -0.0832 
fb4 = -0.2000 -0.2267 -0.2267 -0.2267 -0.2267 -0.2267 -0.2267 -0.2267 -0.2368 -0.2368 -0.2368 -0.2368 -0.2368 -0.2368 -0.2368 -0.2466 -0.2466 -0.2466 -0.2466 -0.2466 -0.2466 -0.2466 -0.2548 0.2286 0.2286 0.1225 -0.0832 
I = 14.9000 9.4000 9.4000 9.4000 9.4000 9.4000 9.4000 9.4000 6.0000 6.0000 6.0000 6.0000 6.0000 6.0000 6.0000 2.0000 2.0000 2.0000 2.0000 2.0000 2.0000 2.0000 -2.0000 25.6375 25.6375 10.0000 0.5476 
S1 = 0.0000 0.0000 0.0000 0.0000 0.0000 0.0000 0.0000 0.0000 0.0000 0.0000 0.0000 0.0000 0.0000 0.0000 0.0000 0.0000 0.0000 0.0000 0.0000 0.0000 0.0000 0.0000 0.0000 0.0000 0.0000 0.0000 0.0000 
S2 = 0.0000 0.0000 0.0000 0.0000 0.0000 0.0000 0.0000 0.0000 0.0000 0.0000 0.0000 0.0000 0.0000 0.0000 0.0000 0.0000 0.0000 0.0000 0.0000 0.0000 0.0000 0.0000 0.0000 1.6375 1.6375 0.0000 11.5476 
u = 8.3822 8.2576 8.2576 8.2576 8.2576 8.2576 8.2576 8.2576 8.1998 8.1998 8.1998 8.1998 8.1998 8.1998 8.1998 8.1411 8.1411 8.1411 8.1411 8.1411 8.1411 8.1411 8.0891 10.8507 10.8507 11.4978 9.2696 
v = 33.8328 25.9108 25.9108 25.9108 25.9108 25.9108 25.9108 25.9108 22.7865 22.7865 22.7865 22.7865 22.7865 22.7865 22.7865 19.7731 19.7731 19.7731 19.7731 19.7731 19.7731 19.7731 17.1902 111.4148 111.4148 88.1135 25.5467 
