ExternalI = 5.5000 0.0000 0.0000 0.0000 0.0000 0.0000 0.0000 0.0000 4.0000 4.0000 4.0000 4.0000 4.0000 4.0000 4.0000 0.0000 0.0000 0.0000 0.0000 0.0000 0.0000 0.0000 0.0000 8.0000 8.0000 0.0000 0.0000 
before u = 8.3822 8.2576 8.2576 8.2576 8.2576 8.2576 8.2576 8.2576 8.1998 8.1998 8.1998 8.1998 8.1998 8.1998 8.1998 8.1411 8.1411 8.1411 8.1411 8.1411 8.1411 8.1411 8.0891 10.8507 10.8507 11.4978 9.2696 
before v = 33.8328 25.9108 25.9108 25.9108 25.9108 25.9108 25.9108 25.9108 22.7865 22.7865 22.7865 22.7865 22.7865 22.7865 22.7865 19.7731 19.7731 19.7731 19.7731 19.7731 19.7731 19.7731 17.1902 111.4148 111.4148 88.1135 25.5467 
Ibias = 9.4000 9.4000 9.4000 9.4000 9.4000 9.4000 9.4000 9.4000 2.0000 2.0000 2.0000 2.0000 2.0000 2.0000 2.0000 2.0000 2.0000 2.0000 2.0000 2.0000 2.0000 2.0000 -2.0000 16.0000 16.0000 10.0000 -11.0000 
fa1 = 0.8058 0.2647 0.2647 0.2647 0.2647 0.2647 0.2647 0.2647 0.2097 0.2097 0.2097 0.2097 0.2097 0.2097 0.2097 0.1787 0.1787 0.1787 0.1787 0.1787 0.1787 0.1787 0.1604 237.0696 237.0696 104.7212 0.7201 
fa2 = 0.8056 0.2646 0.2646 0.2646 0.2646 0.2646 0.2646 0.2646 0.2097 0.2097 0.2097 0.2097 0.2097 0.2097 0.2097 0.1786 0.1786 0.1786 0.1786 0.1786 0.1786 0.1786 0.1604 244.1338 244.1338 106.8517 0.7171 
fa3 = 0.8056 0.2646 0.2646 0.2646 0.2646 0.2646 0.2646 0.2646 0.2097 0.2097 0.2097 0.2097 0.2097 0.2097 0.2097 0.1786 0.1786 0.1786 0.1786 0.1786 0.1786 0.1786 0.1604 244.3461 244.3461 106.8953 0.7171 
fa4 = 0.8054 0.2645 0.2645 0.2645 0.2645 0.2645 0.2645 0.2645 0.2096 0.2096 0.2096 0.2096 0.2096 0.2096 0.2096 0.1786 0.1786 0.1786 0.1786 0.1786 0.1786 0.1786 0.1603 251.7547 251.7547 109.0940 0.7141 
fb1 = -0.2000 -0.2267 -0.2267 -0.2267 -0.2267 -0.2267 -0.2267 -0.2267 -0.2368 -0.2368 -0.2368 -0.2368 -0.2368 -0.2368 -0.2368 -0.2466 -0.2466 -0.2466 -0.2466 -0.2466 -0.2466 -0.2466 -0.2548 0.2286 0.2286 0.1225 -0.0832 
fb2 = -0.1999 -0.2266 -0.2266 -0.2266 -0.2266 -0.2266 -0.2266 -0.2266 -0.2368 -0.2368 -0.2368 -0.2368 -0.2368 -0.2368 -0.2368 -0.2465 -0.2465 -0.2465 -0.2465 -0.2465 -0.2465 -0.2465 -0.2548 0.2334 0.2334 0.1246 -0.0832 
fb3 = -0.1999 -0.2266 -0.2266 -0.2266 -0.2266 -0.2266 -0.2266 -0.2266 -0.2368 -0.2368 -0.2368 -0.2368 -0.2368 -0.2368 -0.2368 -0.2465 -0.2465 -0.2465 -0.2465 -0.2465 -0.2465 -0.2465 -0.2548 0.2335 0.2335 0.1246 -0.0832 
fb4 = -0.1998 -0.2266 -0.2266 -0.2266 -0.2266 -0.2266 -0.2266 -0.2266 -0.2367 -0.2367 -0.2367 -0.2367 -0.2367 -0.2367 -0.2367 -0.2464 -0.2464 -0.2464 -0.2464 -0.2464 -0.2464 -0.2464 -0.2547 0.2384 0.2384 0.1267 -0.0832 
I = 14.9000 9.4000 9.4000 9.4000 9.4000 9.4000 9.4000 9.4000 6.0000 6.0000 6.0000 6.0000 6.0000 6.0000 6.0000 2.0000 2.0000 2.0000 2.0000 2.0000 2.0000 2.0000 -2.0000 25.6343 25.6343 10.0000 0.5245 
S1 = 0.0000 0.0000 0.0000 0.0000 0.0000 0.0000 0.0000 0.0000 0.0000 0.0000 0.0000 0.0000 0.0000 0.0000 0.0000 0.0000 0.0000 0.0000 0.0000 0.0000 0.0000 0.0000 0.0000 0.0000 0.0000 0.0000 0.0000 
S2 = 0.0000 0.0000 0.0000 0.0000 0.0000 0.0000 0.0000 0.0000 0.0000 0.0000 0.0000 0.0000 0.0000 0.0000 0.0000 0.0000 0.0000 0.0000 0.0000 0.0000 0.0000 0.0000 0.0000 1.6343 1.6343 0.0000 11.5245 
u = 8.3802 8.2553 8.2553 8.2553 8.2553 8.2553 8.2553 8.2553 8.1974 8.1974 8.1974 8.1974 8.1974 8.1974 8.1974 8.1386 8.1386 8.1386 8.1386 8.1386 8.1386 8.1386 8.0866 10.8530 10.8530 11.4991 9.2688 
v = 33.8409 25.9135 25.9135 25.9135 25.9135 25.9135 25.9135 25.9135 22.7886 22.7886 22.7886 22.7886 22.7886 22.7886 22.7886 19.7749 19.7749 19.7749 19.7749 19.7749 19.7749 19.7749 17.1918 113.8578 113.8578 89.1824 25.5538 
