ExternalI = 5.5000 0.0000 0.0000 0.0000 0.0000 0.0000 0.0000 0.0000 4.0000 4.0000 4.0000 4.0000 4.0000 4.0000 4.0000 0.0000 0.0000 0.0000 0.0000 0.0000 0.0000 0.0000 0.0000 8.0000 8.0000 0.0000 0.0000 
before u = 8.3802 8.2553 8.2553 8.2553 8.2553 8.2553 8.2553 8.2553 8.1974 8.1974 8.1974 8.1974 8.1974 8.1974 8.1974 8.1386 8.1386 8.1386 8.1386 8.1386 8.1386 8.1386 8.0866 10.8530 10.8530 11.4991 9.2688 
before v = 33.8409 25.9135 25.9135 25.9135 25.9135 25.9135 25.9135 25.9135 22.7886 22.7886 22.7886 22.7886 22.7886 22.7886 22.7886 19.7749 19.7749 19.7749 19.7749 19.7749 19.7749 19.7749 17.1918 113.8578 113.8578 89.1824 25.5538 
Ibias = 9.4000 9.4000 9.4000 9.4000 9.4000 9.4000 9.4000 9.4000 2.0000 2.0000 2.0000 2.0000 2.0000 2.0000 2.0000 2.0000 2.0000 2.0000 2.0000 2.0000 2.0000 2.0000 -2.0000 16.0000 16.0000 10.0000 -11.0000 
fa1 = 0.8054 0.2645 0.2645 0.2645 0.2645 0.2645 0.2645 0.2645 0.2096 0.2096 0.2096 0.2096 0.2096 0.2096 0.2096 0.1786 0.1786 0.1786 0.1786 0.1786 0.1786 0.1786 0.1603 251.7485 251.7485 109.0935 0.6911 
fa2 = 0.8052 0.2644 0.2644 0.2644 0.2644 0.2644 0.2644 0.2644 0.2096 0.2096 0.2096 0.2096 0.2096 0.2096 0.2096 0.1786 0.1786 0.1786 0.1786 0.1786 0.1786 0.1786 0.1603 259.4998 259.4998 111.3601 0.6882 
fa3 = 0.8052 0.2644 0.2644 0.2644 0.2644 0.2644 0.2644 0.2644 0.2096 0.2096 0.2096 0.2096 0.2096 0.2096 0.2096 0.1786 0.1786 0.1786 0.1786 0.1786 0.1786 0.1786 0.1603 259.7405 259.7405 111.4074 0.6882 
fa4 = 0.8050 0.2644 0.2644 0.2644 0.2644 0.2644 0.2644 0.2644 0.2095 0.2095 0.2095 0.2095 0.2095 0.2095 0.2095 0.1785 0.1785 0.1785 0.1785 0.1785 0.1785 0.1785 0.1603 267.8824 267.8824 113.7481 0.6853 
fb1 = -0.1998 -0.2266 -0.2266 -0.2266 -0.2266 -0.2266 -0.2266 -0.2266 -0.2367 -0.2367 -0.2367 -0.2367 -0.2367 -0.2367 -0.2367 -0.2464 -0.2464 -0.2464 -0.2464 -0.2464 -0.2464 -0.2464 -0.2547 0.2384 0.2384 0.1267 -0.0832 
fb2 = -0.1998 -0.2265 -0.2265 -0.2265 -0.2265 -0.2265 -0.2265 -0.2265 -0.2367 -0.2367 -0.2367 -0.2367 -0.2367 -0.2367 -0.2367 -0.2464 -0.2464 -0.2464 -0.2464 -0.2464 -0.2464 -0.2464 -0.2546 0.2434 0.2434 0.1289 -0.0831 
fb3 = -0.1998 -0.2265 -0.2265 -0.2265 -0.2265 -0.2265 -0.2265 -0.2265 -0.2367 -0.2367 -0.2367 -0.2367 -0.2367 -0.2367 -0.2367 -0.2464 -0.2464 -0.2464 -0.2464 -0.2464 -0.2464 -0.2464 -0.2546 0.2435 0.2435 0.1290 -0.0831 
fb4 = -0.1997 -0.2265 -0.2265 -0.2265 -0.2265 -0.2265 -0.2265 -0.2265 -0.2366 -0.2366 -0.2366 -0.2366 -0.2366 -0.2366 -0.2366 -0.2463 -0.2463 -0.2463 -0.2463 -0.2463 -0.2463 -0.2463 -0.2546 0.2487 0.2487 0.1312 -0.0831 
I = 14.9000 9.4000 9.4000 9.4000 9.4000 9.4000 9.4000 9.4000 6.0000 6.0000 6.0000 6.0000 6.0000 6.0000 6.0000 2.0000 2.0000 2.0000 2.0000 2.0000 2.0000 2.0000 -2.0000 25.6310 25.6310 10.0000 0.5014 
S1 = 0.0000 0.0000 0.0000 0.0000 0.0000 0.0000 0.0000 0.0000 0.0000 0.0000 0.0000 0.0000 0.0000 0.0000 0.0000 0.0000 0.0000 0.0000 0.0000 0.0000 0.0000 0.0000 0.0000 0.0000 0.0000 0.0000 0.0000 
S2 = 0.0000 0.0000 0.0000 0.0000 0.0000 0.0000 0.0000 0.0000 0.0000 0.0000 0.0000 0.0000 0.0000 0.0000 0.0000 0.0000 0.0000 0.0000 0.0000 0.0000 0.0000 0.0000 0.0000 1.6310 1.6310 0.0000 11.5014 
u = 8.3782 8.2531 8.2531 8.2531 8.2531 8.2531 8.2531 8.2531 8.1951 8.1951 8.1951 8.1951 8.1951 8.1951 8.1951 8.1362 8.1362 8.1362 8.1362 8.1362 8.1362 8.1362 8.0840 10.8554 10.8554 11.5004 9.2680 
v = 33.8489 25.9161 25.9161 25.9161 25.9161 25.9161 25.9161 25.9161 22.7907 22.7907 22.7907 22.7907 22.7907 22.7907 22.7907 19.7766 19.7766 19.7766 19.7766 19.7766 19.7766 19.7766 17.1934 116.4546 116.4546 90.2963 25.5607 
