ExternalI = 5.5000 0.0000 0.0000 0.0000 0.0000 0.0000 0.0000 0.0000 4.0000 4.0000 4.0000 4.0000 4.0000 4.0000 4.0000 0.0000 0.0000 0.0000 0.0000 0.0000 0.0000 0.0000 0.0000 8.0000 8.0000 0.0000 0.0000 
before u = 9.7887 9.7855 9.7855 9.7855 9.7855 9.7855 9.7855 9.7855 9.7836 9.7836 9.7836 9.7836 9.7836 9.7836 9.7836 9.7813 9.7813 9.7813 9.7813 9.7813 9.7813 9.7813 9.7791 9.9261 9.9261 10.1848 9.9055 
before v = 20.8594 18.6522 18.6522 18.6522 18.6522 18.6522 18.6522 18.6522 17.3258 17.3258 17.3258 17.3258 17.3258 17.3258 17.3258 15.8007 15.8007 15.8007 15.8007 15.8007 15.8007 15.8007 14.3120 29.1601 29.1601 65.1463 14.8574 
Ibias = 9.4000 9.4000 9.4000 9.4000 9.4000 9.4000 9.4000 9.4000 2.0000 2.0000 2.0000 2.0000 2.0000 2.0000 2.0000 2.0000 2.0000 2.0000 2.0000 2.0000 2.0000 2.0000 -2.0000 16.0000 16.0000 10.0000 -11.0000 
fa1 = 9.9376 7.5741 7.5741 7.5741 7.5741 7.5741 7.5741 7.5741 6.2464 6.2464 6.2464 6.2464 6.2464 6.2464 6.2464 4.8031 4.8031 4.8031 4.8031 4.8031 4.8031 4.8031 3.4783 20.6061 20.6061 34.1380 4.8048 
fa2 = 9.8731 7.5186 7.5186 7.5186 7.5186 7.5186 7.5186 7.5186 6.1976 6.1976 6.1976 6.1976 6.1976 6.1976 6.1976 4.7631 4.7631 4.7631 4.7631 4.7631 4.7631 4.7631 3.4477 20.5382 20.5382 34.5164 4.7620 
fa3 = 9.8735 7.5190 7.5190 7.5190 7.5190 7.5190 7.5190 7.5190 6.1980 6.1980 6.1980 6.1980 6.1980 6.1980 6.1980 4.7634 4.7634 4.7634 4.7634 4.7634 4.7634 4.7634 3.4480 20.5384 20.5384 34.5206 4.7624 
fa4 = 9.8096 7.4641 7.4641 7.4641 7.4641 7.4641 7.4641 7.4641 6.1497 6.1497 6.1497 6.1497 6.1497 6.1497 6.1497 4.7238 4.7238 4.7238 4.7238 4.7238 4.7238 4.7238 3.4177 20.4715 20.4715 34.9057 4.7200 
fb1 = -0.3081 -0.3168 -0.3168 -0.3168 -0.3168 -0.3168 -0.3168 -0.3168 -0.3220 -0.3220 -0.3220 -0.3220 -0.3220 -0.3220 -0.3220 -0.3281 -0.3281 -0.3281 -0.3281 -0.3281 -0.3281 -0.3281 -0.3339 -0.0819 -0.0819 0.0569 -0.1387 
fb2 = -0.3079 -0.3166 -0.3166 -0.3166 -0.3166 -0.3166 -0.3166 -0.3166 -0.3219 -0.3219 -0.3219 -0.3219 -0.3219 -0.3219 -0.3219 -0.3279 -0.3279 -0.3279 -0.3279 -0.3279 -0.3279 -0.3279 -0.3338 -0.0815 -0.0815 0.0576 -0.1386 
fb3 = -0.3079 -0.3166 -0.3166 -0.3166 -0.3166 -0.3166 -0.3166 -0.3166 -0.3219 -0.3219 -0.3219 -0.3219 -0.3219 -0.3219 -0.3219 -0.3279 -0.3279 -0.3279 -0.3279 -0.3279 -0.3279 -0.3279 -0.3338 -0.0815 -0.0815 0.0576 -0.1386 
fb4 = -0.3076 -0.3164 -0.3164 -0.3164 -0.3164 -0.3164 -0.3164 -0.3164 -0.3217 -0.3217 -0.3217 -0.3217 -0.3217 -0.3217 -0.3217 -0.3277 -0.3277 -0.3277 -0.3277 -0.3277 -0.3277 -0.3277 -0.3336 -0.0810 -0.0810 0.0583 -0.1385 
I = 14.9000 9.4000 9.4000 9.4000 9.4000 9.4000 9.4000 9.4000 6.0000 6.0000 6.0000 6.0000 6.0000 6.0000 6.0000 2.0000 2.0000 2.0000 2.0000 2.0000 2.0000 2.0000 -2.0000 24.0000 24.0000 10.0000 -9.5473 
S1 = 0.0000 0.0000 0.0000 0.0000 0.0000 0.0000 0.0000 0.0000 0.0000 0.0000 0.0000 0.0000 0.0000 0.0000 0.0000 0.0000 0.0000 0.0000 0.0000 0.0000 0.0000 0.0000 0.0000 0.0000 0.0000 0.0000 0.0000 
S2 = 0.0000 0.0000 0.0000 0.0000 0.0000 0.0000 0.0000 0.0000 0.0000 0.0000 0.0000 0.0000 0.0000 0.0000 0.0000 0.0000 0.0000 0.0000 0.0000 0.0000 0.0000 0.0000 0.0000 0.0000 0.0000 0.0000 1.4527 
u = 9.7856 9.7824 9.7824 9.7824 9.7824 9.7824 9.7824 9.7824 9.7804 9.7804 9.7804 9.7804 9.7804 9.7804 9.7804 9.7781 9.7781 9.7781 9.7781 9.7781 9.7781 9.7781 9.7758 9.9253 9.9253 10.1853 9.9041 
v = 20.9582 18.7274 18.7274 18.7274 18.7274 18.7274 18.7274 18.7274 17.3878 17.3878 17.3878 17.3878 17.3878 17.3878 17.3878 15.8483 15.8483 15.8483 15.8483 15.8483 15.8483 15.8483 14.3465 29.3655 29.3655 65.4915 14.9050 
