ExternalI = 5.5000 0.0000 0.0000 0.0000 0.0000 0.0000 0.0000 0.0000 4.0000 4.0000 4.0000 4.0000 4.0000 4.0000 4.0000 0.0000 0.0000 0.0000 0.0000 0.0000 0.0000 0.0000 0.0000 8.0000 8.0000 0.0000 0.0000 
before u = 8.3782 8.2531 8.2531 8.2531 8.2531 8.2531 8.2531 8.2531 8.1951 8.1951 8.1951 8.1951 8.1951 8.1951 8.1951 8.1362 8.1362 8.1362 8.1362 8.1362 8.1362 8.1362 8.0840 10.8554 10.8554 11.5004 9.2680 
before v = 33.8489 25.9161 25.9161 25.9161 25.9161 25.9161 25.9161 25.9161 22.7907 22.7907 22.7907 22.7907 22.7907 22.7907 22.7907 19.7766 19.7766 19.7766 19.7766 19.7766 19.7766 19.7766 17.1934 116.4546 116.4546 90.2963 25.5607 
Ibias = 9.4000 9.4000 9.4000 9.4000 9.4000 9.4000 9.4000 9.4000 2.0000 2.0000 2.0000 2.0000 2.0000 2.0000 2.0000 2.0000 2.0000 2.0000 2.0000 2.0000 2.0000 2.0000 -2.0000 16.0000 16.0000 10.0000 -11.0000 
fa1 = 0.8050 0.2644 0.2644 0.2644 0.2644 0.2644 0.2644 0.2644 0.2095 0.2095 0.2095 0.2095 0.2095 0.2095 0.2095 0.1785 0.1785 0.1785 0.1785 0.1785 0.1785 0.1785 0.1603 267.8757 267.8757 113.7476 0.6623 
fa2 = 0.8049 0.2643 0.2643 0.2643 0.2643 0.2643 0.2643 0.2643 0.2095 0.2095 0.2095 0.2095 0.2095 0.2095 0.2095 0.1785 0.1785 0.1785 0.1785 0.1785 0.1785 0.1785 0.1602 276.4062 276.4062 116.1621 0.6596 
fa3 = 0.8049 0.2643 0.2643 0.2643 0.2643 0.2643 0.2643 0.2643 0.2095 0.2095 0.2095 0.2095 0.2095 0.2095 0.2095 0.1785 0.1785 0.1785 0.1785 0.1785 0.1785 0.1785 0.1602 276.6803 276.6803 116.2136 0.6596 
fa4 = 0.8047 0.2642 0.2642 0.2642 0.2642 0.2642 0.2642 0.2642 0.2094 0.2094 0.2094 0.2094 0.2094 0.2094 0.2094 0.1785 0.1785 0.1785 0.1785 0.1785 0.1785 0.1785 0.1602 285.6555 285.6555 118.7089 0.6569 
fb1 = -0.1997 -0.2265 -0.2265 -0.2265 -0.2265 -0.2265 -0.2265 -0.2265 -0.2366 -0.2366 -0.2366 -0.2366 -0.2366 -0.2366 -0.2366 -0.2463 -0.2463 -0.2463 -0.2463 -0.2463 -0.2463 -0.2463 -0.2546 0.2487 0.2487 0.1312 -0.0831 
fb2 = -0.1997 -0.2264 -0.2264 -0.2264 -0.2264 -0.2264 -0.2264 -0.2264 -0.2366 -0.2366 -0.2366 -0.2366 -0.2366 -0.2366 -0.2366 -0.2463 -0.2463 -0.2463 -0.2463 -0.2463 -0.2463 -0.2463 -0.2545 0.2540 0.2540 0.1334 -0.0831 
fb3 = -0.1997 -0.2264 -0.2264 -0.2264 -0.2264 -0.2264 -0.2264 -0.2264 -0.2366 -0.2366 -0.2366 -0.2366 -0.2366 -0.2366 -0.2366 -0.2463 -0.2463 -0.2463 -0.2463 -0.2463 -0.2463 -0.2463 -0.2545 0.2542 0.2542 0.1335 -0.0831 
fb4 = -0.1996 -0.2264 -0.2264 -0.2264 -0.2264 -0.2264 -0.2264 -0.2264 -0.2365 -0.2365 -0.2365 -0.2365 -0.2365 -0.2365 -0.2365 -0.2462 -0.2462 -0.2462 -0.2462 -0.2462 -0.2462 -0.2462 -0.2545 0.2597 0.2597 0.1358 -0.0831 
I = 14.9000 9.4000 9.4000 9.4000 9.4000 9.4000 9.4000 9.4000 6.0000 6.0000 6.0000 6.0000 6.0000 6.0000 6.0000 2.0000 2.0000 2.0000 2.0000 2.0000 2.0000 2.0000 -2.0000 25.6277 25.6277 10.0000 0.4784 
S1 = 0.0000 0.0000 0.0000 0.0000 0.0000 0.0000 0.0000 0.0000 0.0000 0.0000 0.0000 0.0000 0.0000 0.0000 0.0000 0.0000 0.0000 0.0000 0.0000 0.0000 0.0000 0.0000 0.0000 0.0000 0.0000 0.0000 0.0000 
S2 = 0.0000 0.0000 0.0000 0.0000 0.0000 0.0000 0.0000 0.0000 0.0000 0.0000 0.0000 0.0000 0.0000 0.0000 0.0000 0.0000 0.0000 0.0000 0.0000 0.0000 0.0000 0.0000 0.0000 1.6277 1.6277 0.0000 11.4784 
u = 8.3762 8.2508 8.2508 8.2508 8.2508 8.2508 8.2508 8.2508 8.1927 8.1927 8.1927 8.1927 8.1927 8.1927 8.1927 8.1337 8.1337 8.1337 8.1337 8.1337 8.1337 8.1337 8.0815 10.8580 10.8580 11.5017 9.2671 
v = 33.8570 25.9188 25.9188 25.9188 25.9188 25.9188 25.9188 25.9188 22.7928 22.7928 22.7928 22.7928 22.7928 22.7928 22.7928 19.7784 19.7784 19.7784 19.7784 19.7784 19.7784 19.7784 17.1950 119.2208 119.2208 91.4583 25.5673 
