ExternalI = 5.5000 0.0000 0.0000 0.0000 0.0000 0.0000 0.0000 0.0000 4.0000 4.0000 4.0000 4.0000 4.0000 4.0000 4.0000 0.0000 0.0000 0.0000 0.0000 0.0000 0.0000 0.0000 0.0000 8.0000 8.0000 0.0000 0.0000 
before u = 8.3762 8.2508 8.2508 8.2508 8.2508 8.2508 8.2508 8.2508 8.1927 8.1927 8.1927 8.1927 8.1927 8.1927 8.1927 8.1337 8.1337 8.1337 8.1337 8.1337 8.1337 8.1337 8.0815 10.8580 10.8580 11.5017 9.2671 
before v = 33.8570 25.9188 25.9188 25.9188 25.9188 25.9188 25.9188 25.9188 22.7928 22.7928 22.7928 22.7928 22.7928 22.7928 22.7928 19.7784 19.7784 19.7784 19.7784 19.7784 19.7784 19.7784 17.1950 119.2208 119.2208 91.4583 25.5673 
Ibias = 9.4000 9.4000 9.4000 9.4000 9.4000 9.4000 9.4000 9.4000 2.0000 2.0000 2.0000 2.0000 2.0000 2.0000 2.0000 2.0000 2.0000 2.0000 2.0000 2.0000 2.0000 2.0000 -2.0000 16.0000 16.0000 10.0000 -11.0000 
fa1 = 0.8047 0.2642 0.2642 0.2642 0.2642 0.2642 0.2642 0.2642 0.2094 0.2094 0.2094 0.2094 0.2094 0.2094 0.2094 0.1785 0.1785 0.1785 0.1785 0.1785 0.1785 0.1785 0.1602 285.6481 285.6481 118.7083 0.6339 
fa2 = 0.8045 0.2641 0.2641 0.2641 0.2641 0.2641 0.2641 0.2641 0.2094 0.2094 0.2094 0.2094 0.2094 0.2094 0.2094 0.1784 0.1784 0.1784 0.1784 0.1784 0.1784 0.1784 0.1602 295.0658 295.0658 121.2839 0.6313 
fa3 = 0.8045 0.2641 0.2641 0.2641 0.2641 0.2641 0.2641 0.2641 0.2094 0.2094 0.2094 0.2094 0.2094 0.2094 0.2094 0.1784 0.1784 0.1784 0.1784 0.1784 0.1784 0.1784 0.1602 295.3791 295.3791 121.3401 0.6313 
fa4 = 0.8044 0.2640 0.2640 0.2640 0.2640 0.2640 0.2640 0.2640 0.2093 0.2093 0.2093 0.2093 0.2093 0.2093 0.2093 0.1784 0.1784 0.1784 0.1784 0.1784 0.1784 0.1784 0.1602 305.3054 305.3054 124.0037 0.6287 
fb1 = -0.1996 -0.2264 -0.2264 -0.2264 -0.2264 -0.2264 -0.2264 -0.2264 -0.2365 -0.2365 -0.2365 -0.2365 -0.2365 -0.2365 -0.2365 -0.2462 -0.2462 -0.2462 -0.2462 -0.2462 -0.2462 -0.2462 -0.2545 0.2597 0.2597 0.1358 -0.0831 
fb2 = -0.1996 -0.2263 -0.2263 -0.2263 -0.2263 -0.2263 -0.2263 -0.2263 -0.2365 -0.2365 -0.2365 -0.2365 -0.2365 -0.2365 -0.2365 -0.2462 -0.2462 -0.2462 -0.2462 -0.2462 -0.2462 -0.2462 -0.2544 0.2654 0.2654 0.1382 -0.0831 
fb3 = -0.1996 -0.2263 -0.2263 -0.2263 -0.2263 -0.2263 -0.2263 -0.2263 -0.2365 -0.2365 -0.2365 -0.2365 -0.2365 -0.2365 -0.2365 -0.2462 -0.2462 -0.2462 -0.2462 -0.2462 -0.2462 -0.2462 -0.2544 0.2656 0.2656 0.1382 -0.0831 
fb4 = -0.1995 -0.2263 -0.2263 -0.2263 -0.2263 -0.2263 -0.2263 -0.2263 -0.2364 -0.2364 -0.2364 -0.2364 -0.2364 -0.2364 -0.2364 -0.2461 -0.2461 -0.2461 -0.2461 -0.2461 -0.2461 -0.2461 -0.2544 0.2715 0.2715 0.1406 -0.0830 
I = 14.9000 9.4000 9.4000 9.4000 9.4000 9.4000 9.4000 9.4000 6.0000 6.0000 6.0000 6.0000 6.0000 6.0000 6.0000 2.0000 2.0000 2.0000 2.0000 2.0000 2.0000 2.0000 -2.0000 25.6245 25.6245 10.0000 0.4555 
S1 = 0.0000 0.0000 0.0000 0.0000 0.0000 0.0000 0.0000 0.0000 0.0000 0.0000 0.0000 0.0000 0.0000 0.0000 0.0000 0.0000 0.0000 0.0000 0.0000 0.0000 0.0000 0.0000 0.0000 0.0000 0.0000 0.0000 0.0000 
S2 = 0.0000 0.0000 0.0000 0.0000 0.0000 0.0000 0.0000 0.0000 0.0000 0.0000 0.0000 0.0000 0.0000 0.0000 0.0000 0.0000 0.0000 0.0000 0.0000 0.0000 0.0000 0.0000 0.0000 1.6245 1.6245 0.0000 11.4555 
u = 8.3742 8.2486 8.2486 8.2486 8.2486 8.2486 8.2486 8.2486 8.1903 8.1903 8.1903 8.1903 8.1903 8.1903 8.1903 8.1312 8.1312 8.1312 8.1312 8.1312 8.1312 8.1312 8.0790 10.8606 10.8606 11.5031 9.2663 
v = 33.8650 25.9214 25.9214 25.9214 25.9214 25.9214 25.9214 25.9214 22.7949 22.7949 22.7949 22.7949 22.7949 22.7949 22.7949 19.7802 19.7802 19.7802 19.7802 19.7802 19.7802 19.7802 17.1966 122.1739 122.1739 92.6716 25.5736 
