ExternalI = 5.5000 0.0000 0.0000 0.0000 0.0000 0.0000 0.0000 0.0000 4.0000 4.0000 4.0000 4.0000 4.0000 4.0000 4.0000 0.0000 0.0000 0.0000 0.0000 0.0000 0.0000 0.0000 0.0000 8.0000 8.0000 0.0000 0.0000 
before u = 8.3742 8.2486 8.2486 8.2486 8.2486 8.2486 8.2486 8.2486 8.1903 8.1903 8.1903 8.1903 8.1903 8.1903 8.1903 8.1312 8.1312 8.1312 8.1312 8.1312 8.1312 8.1312 8.0790 10.8606 10.8606 11.5031 9.2663 
before v = 33.8650 25.9214 25.9214 25.9214 25.9214 25.9214 25.9214 25.9214 22.7949 22.7949 22.7949 22.7949 22.7949 22.7949 22.7949 19.7802 19.7802 19.7802 19.7802 19.7802 19.7802 19.7802 17.1966 122.1739 122.1739 92.6716 25.5736 
Ibias = 9.4000 9.4000 9.4000 9.4000 9.4000 9.4000 9.4000 9.4000 2.0000 2.0000 2.0000 2.0000 2.0000 2.0000 2.0000 2.0000 2.0000 2.0000 2.0000 2.0000 2.0000 2.0000 -2.0000 16.0000 16.0000 10.0000 -11.0000 
fa1 = 0.8044 0.2640 0.2640 0.2640 0.2640 0.2640 0.2640 0.2640 0.2093 0.2093 0.2093 0.2093 0.2093 0.2093 0.2093 0.1784 0.1784 0.1784 0.1784 0.1784 0.1784 0.1784 0.1602 305.2973 305.2973 124.0031 0.6058 
fa2 = 0.8042 0.2639 0.2639 0.2639 0.2639 0.2639 0.2639 0.2639 0.2093 0.2093 0.2093 0.2093 0.2093 0.2093 0.2093 0.1784 0.1784 0.1784 0.1784 0.1784 0.1784 0.1784 0.1601 315.7294 315.7294 126.7543 0.6033 
fa3 = 0.8042 0.2639 0.2639 0.2639 0.2639 0.2639 0.2639 0.2639 0.2093 0.2093 0.2093 0.2093 0.2093 0.2093 0.2093 0.1784 0.1784 0.1784 0.1784 0.1784 0.1784 0.1784 0.1601 316.0892 316.0892 126.8157 0.6033 
fa4 = 0.8040 0.2638 0.2638 0.2638 0.2638 0.2638 0.2638 0.2638 0.2092 0.2092 0.2092 0.2092 0.2092 0.2092 0.2092 0.1783 0.1783 0.1783 0.1783 0.1783 0.1783 0.1783 0.1601 327.1057 327.1057 129.6633 0.6009 
fb1 = -0.1995 -0.2263 -0.2263 -0.2263 -0.2263 -0.2263 -0.2263 -0.2263 -0.2364 -0.2364 -0.2364 -0.2364 -0.2364 -0.2364 -0.2364 -0.2461 -0.2461 -0.2461 -0.2461 -0.2461 -0.2461 -0.2461 -0.2544 0.2715 0.2715 0.1406 -0.0830 
fb2 = -0.1995 -0.2262 -0.2262 -0.2262 -0.2262 -0.2262 -0.2262 -0.2262 -0.2364 -0.2364 -0.2364 -0.2364 -0.2364 -0.2364 -0.2364 -0.2461 -0.2461 -0.2461 -0.2461 -0.2461 -0.2461 -0.2461 -0.2543 0.2776 0.2776 0.1431 -0.0830 
fb3 = -0.1995 -0.2262 -0.2262 -0.2262 -0.2262 -0.2262 -0.2262 -0.2262 -0.2364 -0.2364 -0.2364 -0.2364 -0.2364 -0.2364 -0.2364 -0.2461 -0.2461 -0.2461 -0.2461 -0.2461 -0.2461 -0.2461 -0.2543 0.2778 0.2778 0.1431 -0.0830 
fb4 = -0.1994 -0.2262 -0.2262 -0.2262 -0.2262 -0.2262 -0.2262 -0.2262 -0.2363 -0.2363 -0.2363 -0.2363 -0.2363 -0.2363 -0.2363 -0.2460 -0.2460 -0.2460 -0.2460 -0.2460 -0.2460 -0.2460 -0.2543 0.2841 0.2841 0.1457 -0.0830 
I = 14.9000 9.4000 9.4000 9.4000 9.4000 9.4000 9.4000 9.4000 6.0000 6.0000 6.0000 6.0000 6.0000 6.0000 6.0000 2.0000 2.0000 2.0000 2.0000 2.0000 2.0000 2.0000 -2.0000 25.6212 25.6212 10.0000 0.4326 
S1 = 0.0000 0.0000 0.0000 0.0000 0.0000 0.0000 0.0000 0.0000 0.0000 0.0000 0.0000 0.0000 0.0000 0.0000 0.0000 0.0000 0.0000 0.0000 0.0000 0.0000 0.0000 0.0000 0.0000 0.0000 0.0000 0.0000 0.0000 
S2 = 0.0000 0.0000 0.0000 0.0000 0.0000 0.0000 0.0000 0.0000 0.0000 0.0000 0.0000 0.0000 0.0000 0.0000 0.0000 0.0000 0.0000 0.0000 0.0000 0.0000 0.0000 0.0000 0.0000 1.6212 1.6212 0.0000 11.4326 
u = 8.3722 8.2463 8.2463 8.2463 8.2463 8.2463 8.2463 8.2463 8.1880 8.1880 8.1880 8.1880 8.1880 8.1880 8.1880 8.1288 8.1288 8.1288 8.1288 8.1288 8.1288 8.1288 8.0764 10.8634 10.8634 11.5045 9.2655 
v = 33.8731 25.9241 25.9241 25.9241 25.9241 25.9241 25.9241 25.9241 22.7969 22.7969 22.7969 22.7969 22.7969 22.7969 22.7969 19.7820 19.7820 19.7820 19.7820 19.7820 19.7820 19.7820 17.1982 125.3340 125.3340 93.9396 25.5797 
