ExternalI = 5.5000 0.0000 0.0000 0.0000 0.0000 0.0000 0.0000 0.0000 4.0000 4.0000 4.0000 4.0000 4.0000 4.0000 4.0000 0.0000 0.0000 0.0000 0.0000 0.0000 0.0000 0.0000 0.0000 8.0000 8.0000 0.0000 0.0000 
before u = 8.3722 8.2463 8.2463 8.2463 8.2463 8.2463 8.2463 8.2463 8.1880 8.1880 8.1880 8.1880 8.1880 8.1880 8.1880 8.1288 8.1288 8.1288 8.1288 8.1288 8.1288 8.1288 8.0764 10.8634 10.8634 11.5045 9.2655 
before v = 33.8731 25.9241 25.9241 25.9241 25.9241 25.9241 25.9241 25.9241 22.7969 22.7969 22.7969 22.7969 22.7969 22.7969 22.7969 19.7820 19.7820 19.7820 19.7820 19.7820 19.7820 19.7820 17.1982 125.3340 125.3340 93.9396 25.5797 
Ibias = 9.4000 9.4000 9.4000 9.4000 9.4000 9.4000 9.4000 9.4000 2.0000 2.0000 2.0000 2.0000 2.0000 2.0000 2.0000 2.0000 2.0000 2.0000 2.0000 2.0000 2.0000 2.0000 -2.0000 16.0000 16.0000 10.0000 -11.0000 
fa1 = 0.8040 0.2638 0.2638 0.2638 0.2638 0.2638 0.2638 0.2638 0.2092 0.2092 0.2092 0.2092 0.2092 0.2092 0.2092 0.1783 0.1783 0.1783 0.1783 0.1783 0.1783 0.1783 0.1601 327.0967 327.0967 129.6626 0.5780 
fa2 = 0.8038 0.2637 0.2637 0.2637 0.2637 0.2637 0.2637 0.2637 0.2092 0.2092 0.2092 0.2092 0.2092 0.2092 0.2092 0.1783 0.1783 0.1783 0.1783 0.1783 0.1783 0.1783 0.1601 338.6943 338.6943 132.6060 0.5757 
fa3 = 0.8038 0.2637 0.2637 0.2637 0.2637 0.2637 0.2637 0.2637 0.2092 0.2092 0.2092 0.2092 0.2092 0.2092 0.2092 0.1783 0.1783 0.1783 0.1783 0.1783 0.1783 0.1783 0.1601 339.1095 339.1095 132.6732 0.5757 
fa4 = 0.8037 0.2636 0.2636 0.2636 0.2636 0.2636 0.2636 0.2636 0.2091 0.2091 0.2091 0.2091 0.2091 0.2091 0.2091 0.1783 0.1783 0.1783 0.1783 0.1783 0.1783 0.1783 0.1600 351.3820 351.3820 135.7220 0.5733 
fb1 = -0.1994 -0.2262 -0.2262 -0.2262 -0.2262 -0.2262 -0.2262 -0.2262 -0.2363 -0.2363 -0.2363 -0.2363 -0.2363 -0.2363 -0.2363 -0.2460 -0.2460 -0.2460 -0.2460 -0.2460 -0.2460 -0.2460 -0.2543 0.2841 0.2841 0.1457 -0.0830 
fb2 = -0.1993 -0.2261 -0.2261 -0.2261 -0.2261 -0.2261 -0.2261 -0.2261 -0.2363 -0.2363 -0.2363 -0.2363 -0.2363 -0.2363 -0.2363 -0.2460 -0.2460 -0.2460 -0.2460 -0.2460 -0.2460 -0.2460 -0.2542 0.2906 0.2906 0.1482 -0.0830 
fb3 = -0.1993 -0.2261 -0.2261 -0.2261 -0.2261 -0.2261 -0.2261 -0.2261 -0.2363 -0.2363 -0.2363 -0.2363 -0.2363 -0.2363 -0.2363 -0.2460 -0.2460 -0.2460 -0.2460 -0.2460 -0.2460 -0.2460 -0.2542 0.2908 0.2908 0.1483 -0.0830 
fb4 = -0.1993 -0.2261 -0.2261 -0.2261 -0.2261 -0.2261 -0.2261 -0.2261 -0.2362 -0.2362 -0.2362 -0.2362 -0.2362 -0.2362 -0.2362 -0.2459 -0.2459 -0.2459 -0.2459 -0.2459 -0.2459 -0.2459 -0.2542 0.2976 0.2976 0.1509 -0.0830 
I = 14.9000 9.4000 9.4000 9.4000 9.4000 9.4000 9.4000 9.4000 6.0000 6.0000 6.0000 6.0000 6.0000 6.0000 6.0000 2.0000 2.0000 2.0000 2.0000 2.0000 2.0000 2.0000 -2.0000 25.6180 25.6180 10.0000 0.4097 
S1 = 0.0000 0.0000 0.0000 0.0000 0.0000 0.0000 0.0000 0.0000 0.0000 0.0000 0.0000 0.0000 0.0000 0.0000 0.0000 0.0000 0.0000 0.0000 0.0000 0.0000 0.0000 0.0000 0.0000 0.0000 0.0000 0.0000 0.0000 
S2 = 0.0000 0.0000 0.0000 0.0000 0.0000 0.0000 0.0000 0.0000 0.0000 0.0000 0.0000 0.0000 0.0000 0.0000 0.0000 0.0000 0.0000 0.0000 0.0000 0.0000 0.0000 0.0000 0.0000 1.6180 1.6180 0.0000 11.4097 
u = 8.3702 8.2440 8.2440 8.2440 8.2440 8.2440 8.2440 8.2440 8.1856 8.1856 8.1856 8.1856 8.1856 8.1856 8.1856 8.1263 8.1263 8.1263 8.1263 8.1263 8.1263 8.1263 8.0739 10.8663 10.8663 11.5060 9.2646 
v = 33.8811 25.9267 25.9267 25.9267 25.9267 25.9267 25.9267 25.9267 22.7990 22.7990 22.7990 22.7990 22.7990 22.7990 22.7990 19.7838 19.7838 19.7838 19.7838 19.7838 19.7838 19.7838 17.1998 128.7241 128.7241 95.2662 25.5854 
