ExternalI = 5.5000 0.0000 0.0000 0.0000 0.0000 0.0000 0.0000 0.0000 4.0000 4.0000 4.0000 4.0000 4.0000 4.0000 4.0000 0.0000 0.0000 0.0000 0.0000 0.0000 0.0000 0.0000 0.0000 8.0000 8.0000 0.0000 0.0000 
before u = 8.3702 8.2440 8.2440 8.2440 8.2440 8.2440 8.2440 8.2440 8.1856 8.1856 8.1856 8.1856 8.1856 8.1856 8.1856 8.1263 8.1263 8.1263 8.1263 8.1263 8.1263 8.1263 8.0739 10.8663 10.8663 11.5060 9.2646 
before v = 33.8811 25.9267 25.9267 25.9267 25.9267 25.9267 25.9267 25.9267 22.7990 22.7990 22.7990 22.7990 22.7990 22.7990 22.7990 19.7838 19.7838 19.7838 19.7838 19.7838 19.7838 19.7838 17.1998 128.7241 128.7241 95.2662 25.5854 
Ibias = 9.4000 9.4000 9.4000 9.4000 9.4000 9.4000 9.4000 9.4000 2.0000 2.0000 2.0000 2.0000 2.0000 2.0000 2.0000 2.0000 2.0000 2.0000 2.0000 2.0000 2.0000 2.0000 -2.0000 16.0000 16.0000 10.0000 -11.0000 
fa1 = 0.8037 0.2636 0.2636 0.2636 0.2636 0.2636 0.2636 0.2636 0.2091 0.2091 0.2091 0.2091 0.2091 0.2091 0.2091 0.1783 0.1783 0.1783 0.1783 0.1783 0.1783 0.1783 0.1600 351.3719 351.3719 135.7212 0.5505 
fa2 = 0.8035 0.2635 0.2635 0.2635 0.2635 0.2635 0.2635 0.2635 0.2091 0.2091 0.2091 0.2091 0.2091 0.2091 0.2091 0.1782 0.1782 0.1782 0.1782 0.1782 0.1782 0.1782 0.1600 364.3153 364.3153 138.8749 0.5483 
fa3 = 0.8035 0.2635 0.2635 0.2635 0.2635 0.2635 0.2635 0.2635 0.2091 0.2091 0.2091 0.2091 0.2091 0.2091 0.2091 0.1782 0.1782 0.1782 0.1782 0.1782 0.1782 0.1782 0.1600 364.7968 364.7968 138.9487 0.5483 
fa4 = 0.8033 0.2634 0.2634 0.2634 0.2634 0.2634 0.2634 0.2634 0.2090 0.2090 0.2090 0.2090 0.2090 0.2090 0.2090 0.1782 0.1782 0.1782 0.1782 0.1782 0.1782 0.1782 0.1600 378.5237 378.5237 142.2181 0.5461 
fb1 = -0.1993 -0.2261 -0.2261 -0.2261 -0.2261 -0.2261 -0.2261 -0.2261 -0.2362 -0.2362 -0.2362 -0.2362 -0.2362 -0.2362 -0.2362 -0.2459 -0.2459 -0.2459 -0.2459 -0.2459 -0.2459 -0.2459 -0.2542 0.2976 0.2976 0.1509 -0.0830 
fb2 = -0.1992 -0.2260 -0.2260 -0.2260 -0.2260 -0.2260 -0.2260 -0.2260 -0.2362 -0.2362 -0.2362 -0.2362 -0.2362 -0.2362 -0.2362 -0.2459 -0.2459 -0.2459 -0.2459 -0.2459 -0.2459 -0.2459 -0.2541 0.3046 0.3046 0.1536 -0.0829 
fb3 = -0.1992 -0.2260 -0.2260 -0.2260 -0.2260 -0.2260 -0.2260 -0.2260 -0.2362 -0.2362 -0.2362 -0.2362 -0.2362 -0.2362 -0.2362 -0.2459 -0.2459 -0.2459 -0.2459 -0.2459 -0.2459 -0.2459 -0.2541 0.3048 0.3048 0.1537 -0.0829 
fb4 = -0.1992 -0.2260 -0.2260 -0.2260 -0.2260 -0.2260 -0.2260 -0.2260 -0.2361 -0.2361 -0.2361 -0.2361 -0.2361 -0.2361 -0.2361 -0.2458 -0.2458 -0.2458 -0.2458 -0.2458 -0.2458 -0.2458 -0.2540 0.3121 0.3121 0.1565 -0.0829 
I = 14.9000 9.4000 9.4000 9.4000 9.4000 9.4000 9.4000 9.4000 6.0000 6.0000 6.0000 6.0000 6.0000 6.0000 6.0000 2.0000 2.0000 2.0000 2.0000 2.0000 2.0000 2.0000 -2.0000 25.6148 25.6148 10.0000 0.3869 
S1 = 0.0000 0.0000 0.0000 0.0000 0.0000 0.0000 0.0000 0.0000 0.0000 0.0000 0.0000 0.0000 0.0000 0.0000 0.0000 0.0000 0.0000 0.0000 0.0000 0.0000 0.0000 0.0000 0.0000 0.0000 0.0000 0.0000 0.0000 
S2 = 0.0000 0.0000 0.0000 0.0000 0.0000 0.0000 0.0000 0.0000 0.0000 0.0000 0.0000 0.0000 0.0000 0.0000 0.0000 0.0000 0.0000 0.0000 0.0000 0.0000 0.0000 0.0000 0.0000 1.6148 1.6148 0.0000 11.3869 
u = 8.3682 8.2418 8.2418 8.2418 8.2418 8.2418 8.2418 8.2418 8.1832 8.1832 8.1832 8.1832 8.1832 8.1832 8.1832 8.1239 8.1239 8.1239 8.1239 8.1239 8.1239 8.1239 8.0713 10.8694 10.8694 11.5076 9.2638 
v = 33.8891 25.9293 25.9293 25.9293 25.9293 25.9293 25.9293 25.9293 22.8011 22.8011 22.8011 22.8011 22.8011 22.8011 22.8011 19.7856 19.7856 19.7856 19.7856 19.7856 19.7856 19.7856 17.2014 132.3710 132.3710 96.6555 25.5909 
