ExternalI = 5.5000 0.0000 0.0000 0.0000 0.0000 0.0000 0.0000 0.0000 4.0000 4.0000 4.0000 4.0000 4.0000 4.0000 4.0000 0.0000 0.0000 0.0000 0.0000 0.0000 0.0000 0.0000 0.0000 8.0000 8.0000 0.0000 0.0000 
before u = 8.3682 8.2418 8.2418 8.2418 8.2418 8.2418 8.2418 8.2418 8.1832 8.1832 8.1832 8.1832 8.1832 8.1832 8.1832 8.1239 8.1239 8.1239 8.1239 8.1239 8.1239 8.1239 8.0713 10.9694 10.9694 11.5076 9.2638 
before v = 33.8891 25.9293 25.9293 25.9293 25.9293 25.9293 25.9293 25.9293 22.8011 22.8011 22.8011 22.8011 22.8011 22.8011 22.8011 19.7856 19.7856 19.7856 19.7856 19.7856 19.7856 19.7856 17.2014 55.0000 55.0000 96.6555 25.5909 
Ibias = 9.4000 9.4000 9.4000 9.4000 9.4000 9.4000 9.4000 9.4000 2.0000 2.0000 2.0000 2.0000 2.0000 2.0000 2.0000 2.0000 2.0000 2.0000 2.0000 2.0000 2.0000 2.0000 -2.0000 16.0000 16.0000 10.0000 -11.0000 
fa1 = 0.8033 0.2634 0.2634 0.2634 0.2634 0.2634 0.2634 0.2634 0.2090 0.2090 0.2090 0.2090 0.2090 0.2090 0.2090 0.1782 0.1782 0.1782 0.1782 0.1782 0.1782 0.1782 0.1600 31.1422 31.1422 142.2173 2.0234 
fa2 = 0.8032 0.2634 0.2634 0.2634 0.2634 0.2634 0.2634 0.2634 0.2090 0.2090 0.2090 0.2090 0.2090 0.2090 0.2090 0.1782 0.1782 0.1782 0.1782 0.1782 0.1782 0.1782 0.1600 31.3611 31.3611 145.6019 2.0141 
fa3 = 0.8032 0.2634 0.2634 0.2634 0.2634 0.2634 0.2634 0.2634 0.2090 0.2090 0.2090 0.2090 0.2090 0.2090 0.2090 0.1782 0.1782 0.1782 0.1782 0.1782 0.1782 0.1782 0.1600 31.3627 31.3627 145.6830 2.0142 
fa4 = 0.8030 0.2633 0.2633 0.2633 0.2633 0.2633 0.2633 0.2633 0.2089 0.2089 0.2089 0.2089 0.2089 0.2089 0.2089 0.1781 0.1781 0.1781 0.1781 0.1781 0.1781 0.1781 0.1599 31.5852 31.5852 149.1950 2.0050 
fb1 = -0.1992 -0.2260 -0.2260 -0.2260 -0.2260 -0.2260 -0.2260 -0.2260 -0.2361 -0.2361 -0.2361 -0.2361 -0.2361 -0.2361 -0.2361 -0.2458 -0.2458 -0.2458 -0.2458 -0.2458 -0.2458 -0.2458 -0.2540 0.0006 0.0006 0.1565 -0.0829 
fb2 = -0.1991 -0.2259 -0.2259 -0.2259 -0.2259 -0.2259 -0.2259 -0.2259 -0.2361 -0.2361 -0.2361 -0.2361 -0.2361 -0.2361 -0.2361 -0.2458 -0.2458 -0.2458 -0.2458 -0.2458 -0.2458 -0.2458 -0.2540 0.0012 0.0012 0.1593 -0.0829 
fb3 = -0.1991 -0.2259 -0.2259 -0.2259 -0.2259 -0.2259 -0.2259 -0.2259 -0.2361 -0.2361 -0.2361 -0.2361 -0.2361 -0.2361 -0.2361 -0.2458 -0.2458 -0.2458 -0.2458 -0.2458 -0.2458 -0.2458 -0.2540 0.0012 0.0012 0.1594 -0.0829 
fb4 = -0.1991 -0.2259 -0.2259 -0.2259 -0.2259 -0.2259 -0.2259 -0.2259 -0.2360 -0.2360 -0.2360 -0.2360 -0.2360 -0.2360 -0.2360 -0.2457 -0.2457 -0.2457 -0.2457 -0.2457 -0.2457 -0.2457 -0.2539 0.0019 0.0019 0.1623 -0.0828 
I = 14.9000 9.4000 9.4000 9.4000 9.4000 9.4000 9.4000 9.4000 6.0000 6.0000 6.0000 6.0000 6.0000 6.0000 6.0000 2.0000 2.0000 2.0000 2.0000 2.0000 2.0000 2.0000 -2.0000 26.1115 26.1115 10.0000 1.8641 
S1 = 0.0000 0.0000 0.0000 0.0000 0.0000 0.0000 0.0000 0.0000 0.0000 0.0000 0.0000 0.0000 0.0000 0.0000 0.0000 0.0000 0.0000 0.0000 0.0000 0.0000 0.0000 0.0000 0.0000 0.0000 0.0000 0.0000 0.0000 
S2 = 0.0000 0.0000 0.0000 0.0000 0.0000 0.0000 0.0000 0.0000 0.0000 0.0000 0.0000 0.0000 0.0000 0.0000 0.0000 0.0000 0.0000 0.0000 0.0000 0.0000 0.0000 0.0000 0.0000 2.1115 2.1115 0.0000 12.8641 
u = 8.3662 8.2395 8.2395 8.2395 8.2395 8.2395 8.2395 8.2395 8.1809 8.1809 8.1809 8.1809 8.1809 8.1809 8.1809 8.1214 8.1214 8.1214 8.1214 8.1214 8.1214 8.1214 8.0688 10.9694 10.9694 11.5091 9.2630 
v = 33.8972 25.9320 25.9320 25.9320 25.9320 25.9320 25.9320 25.9320 22.8032 22.8032 22.8032 22.8032 22.8032 22.8032 22.8032 19.7873 19.7873 19.7873 19.7873 19.7873 19.7873 19.7873 17.2030 55.3136 55.3136 98.1121 25.6111 
