ExternalI = 5.5000 0.0000 0.0000 0.0000 0.0000 0.0000 0.0000 0.0000 4.0000 4.0000 4.0000 4.0000 4.0000 4.0000 4.0000 0.0000 0.0000 0.0000 0.0000 0.0000 0.0000 0.0000 0.0000 8.0000 8.0000 0.0000 0.0000 
before u = 8.3662 8.2395 8.2395 8.2395 8.2395 8.2395 8.2395 8.2395 8.1809 8.1809 8.1809 8.1809 8.1809 8.1809 8.1809 8.1214 8.1214 8.1214 8.1214 8.1214 8.1214 8.1214 8.0688 10.9694 10.9694 11.5091 9.2630 
before v = 33.8972 25.9320 25.9320 25.9320 25.9320 25.9320 25.9320 25.9320 22.8032 22.8032 22.8032 22.8032 22.8032 22.8032 22.8032 19.7873 19.7873 19.7873 19.7873 19.7873 19.7873 19.7873 17.2030 55.3136 55.3136 98.1121 25.6111 
Ibias = 9.4000 9.4000 9.4000 9.4000 9.4000 9.4000 9.4000 9.4000 2.0000 2.0000 2.0000 2.0000 2.0000 2.0000 2.0000 2.0000 2.0000 2.0000 2.0000 2.0000 2.0000 2.0000 -2.0000 16.0000 16.0000 10.0000 -11.0000 
fa1 = 0.8030 0.2633 0.2633 0.2633 0.2633 0.2633 0.2633 0.2633 0.2089 0.2089 0.2089 0.2089 0.2089 0.2089 0.2089 0.1781 0.1781 0.1781 0.1781 0.1781 0.1781 0.1781 0.1599 31.5809 31.5809 149.1940 1.9793 
fa2 = 0.8029 0.2632 0.2632 0.2632 0.2632 0.2632 0.2632 0.2632 0.2089 0.2089 0.2089 0.2089 0.2089 0.2089 0.2089 0.1781 0.1781 0.1781 0.1781 0.1781 0.1781 0.1781 0.1599 31.8070 31.8070 152.8327 1.9703 
fa3 = 0.8029 0.2632 0.2632 0.2632 0.2632 0.2632 0.2632 0.2632 0.2089 0.2089 0.2089 0.2089 0.2089 0.2089 0.2089 0.1781 0.1781 0.1781 0.1781 0.1781 0.1781 0.1781 0.1599 31.8086 31.8086 152.9220 1.9703 
fa4 = 0.8027 0.2631 0.2631 0.2631 0.2631 0.2631 0.2631 0.2631 0.2088 0.2088 0.2088 0.2088 0.2088 0.2088 0.2088 0.1781 0.1781 0.1781 0.1781 0.1781 0.1781 0.1781 0.1599 32.0383 32.0383 156.7011 1.9614 
fb1 = -0.1991 -0.2259 -0.2259 -0.2259 -0.2259 -0.2259 -0.2259 -0.2259 -0.2360 -0.2360 -0.2360 -0.2360 -0.2360 -0.2360 -0.2360 -0.2457 -0.2457 -0.2457 -0.2457 -0.2457 -0.2457 -0.2457 -0.2539 0.0019 0.0019 0.1623 -0.0828 
fb2 = -0.1990 -0.2258 -0.2258 -0.2258 -0.2258 -0.2258 -0.2258 -0.2258 -0.2360 -0.2360 -0.2360 -0.2360 -0.2360 -0.2360 -0.2360 -0.2457 -0.2457 -0.2457 -0.2457 -0.2457 -0.2457 -0.2457 -0.2539 0.0025 0.0025 0.1652 -0.0828 
fb3 = -0.1990 -0.2258 -0.2258 -0.2258 -0.2258 -0.2258 -0.2258 -0.2258 -0.2360 -0.2360 -0.2360 -0.2360 -0.2360 -0.2360 -0.2360 -0.2457 -0.2457 -0.2457 -0.2457 -0.2457 -0.2457 -0.2457 -0.2539 0.0025 0.0025 0.1653 -0.0828 
fb4 = -0.1989 -0.2258 -0.2258 -0.2258 -0.2258 -0.2258 -0.2258 -0.2258 -0.2359 -0.2359 -0.2359 -0.2359 -0.2359 -0.2359 -0.2359 -0.2456 -0.2456 -0.2456 -0.2456 -0.2456 -0.2456 -0.2456 -0.2538 0.0031 0.0031 0.1683 -0.0827 
I = 14.9000 9.4000 9.4000 9.4000 9.4000 9.4000 9.4000 9.4000 6.0000 6.0000 6.0000 6.0000 6.0000 6.0000 6.0000 2.0000 2.0000 2.0000 2.0000 2.0000 2.0000 2.0000 -2.0000 26.1073 26.1073 10.0000 1.8384 
S1 = 0.0000 0.0000 0.0000 0.0000 0.0000 0.0000 0.0000 0.0000 0.0000 0.0000 0.0000 0.0000 0.0000 0.0000 0.0000 0.0000 0.0000 0.0000 0.0000 0.0000 0.0000 0.0000 0.0000 0.0000 0.0000 0.0000 0.0000 
S2 = 0.0000 0.0000 0.0000 0.0000 0.0000 0.0000 0.0000 0.0000 0.0000 0.0000 0.0000 0.0000 0.0000 0.0000 0.0000 0.0000 0.0000 0.0000 0.0000 0.0000 0.0000 0.0000 0.0000 2.1073 2.1073 0.0000 12.8384 
u = 8.3642 8.2373 8.2373 8.2373 8.2373 8.2373 8.2373 8.2373 8.1785 8.1785 8.1785 8.1785 8.1785 8.1785 8.1785 8.1189 8.1189 8.1189 8.1189 8.1189 8.1189 8.1189 8.0662 10.9694 10.9694 11.5108 9.2621 
v = 33.9052 25.9346 25.9346 25.9346 25.9346 25.9346 25.9346 25.9346 22.8053 22.8053 22.8053 22.8053 22.8053 22.8053 22.8053 19.7891 19.7891 19.7891 19.7891 19.7891 19.7891 19.7891 17.2046 55.6317 55.6317 99.6411 25.6308 
