ExternalI = 5.5000 0.0000 0.0000 0.0000 0.0000 0.0000 0.0000 0.0000 4.0000 4.0000 4.0000 4.0000 4.0000 4.0000 4.0000 0.0000 0.0000 0.0000 0.0000 0.0000 0.0000 0.0000 0.0000 8.0000 8.0000 0.0000 0.0000 
before u = 8.3642 8.2373 8.2373 8.2373 8.2373 8.2373 8.2373 8.2373 8.1785 8.1785 8.1785 8.1785 8.1785 8.1785 8.1785 8.1189 8.1189 8.1189 8.1189 8.1189 8.1189 8.1189 8.0662 10.9694 10.9694 11.5108 9.2621 
before v = 33.9052 25.9346 25.9346 25.9346 25.9346 25.9346 25.9346 25.9346 22.8053 22.8053 22.8053 22.8053 22.8053 22.8053 22.8053 19.7891 19.7891 19.7891 19.7891 19.7891 19.7891 19.7891 17.2046 55.6317 55.6317 99.6411 25.6308 
Ibias = 9.4000 9.4000 9.4000 9.4000 9.4000 9.4000 9.4000 9.4000 2.0000 2.0000 2.0000 2.0000 2.0000 2.0000 2.0000 2.0000 2.0000 2.0000 2.0000 2.0000 2.0000 2.0000 -2.0000 16.0000 16.0000 10.0000 -11.0000 
fa1 = 0.8027 0.2631 0.2631 0.2631 0.2631 0.2631 0.2631 0.2631 0.2088 0.2088 0.2088 0.2088 0.2088 0.2088 0.2088 0.1781 0.1781 0.1781 0.1781 0.1781 0.1781 0.1781 0.1599 32.0340 32.0340 156.7000 1.9357 
fa2 = 0.8025 0.2630 0.2630 0.2630 0.2630 0.2630 0.2630 0.2630 0.2088 0.2088 0.2088 0.2088 0.2088 0.2088 0.2088 0.1780 0.1780 0.1780 0.1780 0.1780 0.1780 0.1780 0.1598 32.2674 32.2674 160.6187 1.9269 
fa3 = 0.8025 0.2630 0.2630 0.2630 0.2630 0.2630 0.2630 0.2630 0.2088 0.2088 0.2088 0.2088 0.2088 0.2088 0.2088 0.1780 0.1780 0.1780 0.1780 0.1780 0.1780 0.1780 0.1598 32.2691 32.2691 160.7174 1.9270 
fa4 = 0.8024 0.2629 0.2629 0.2629 0.2629 0.2629 0.2629 0.2629 0.2088 0.2088 0.2088 0.2088 0.2088 0.2088 0.2088 0.1780 0.1780 0.1780 0.1780 0.1780 0.1780 0.1780 0.1598 32.5062 32.5062 164.7913 1.9183 
fb1 = -0.1989 -0.2258 -0.2258 -0.2258 -0.2258 -0.2258 -0.2258 -0.2258 -0.2359 -0.2359 -0.2359 -0.2359 -0.2359 -0.2359 -0.2359 -0.2456 -0.2456 -0.2456 -0.2456 -0.2456 -0.2456 -0.2456 -0.2538 0.0031 0.0031 0.1683 -0.0827 
fb2 = -0.1989 -0.2257 -0.2257 -0.2257 -0.2257 -0.2257 -0.2257 -0.2257 -0.2359 -0.2359 -0.2359 -0.2359 -0.2359 -0.2359 -0.2359 -0.2455 -0.2455 -0.2455 -0.2455 -0.2455 -0.2455 -0.2455 -0.2538 0.0038 0.0038 0.1715 -0.0827 
fb3 = -0.1989 -0.2257 -0.2257 -0.2257 -0.2257 -0.2257 -0.2257 -0.2257 -0.2359 -0.2359 -0.2359 -0.2359 -0.2359 -0.2359 -0.2359 -0.2455 -0.2455 -0.2455 -0.2455 -0.2455 -0.2455 -0.2455 -0.2538 0.0038 0.0038 0.1715 -0.0827 
fb4 = -0.1988 -0.2257 -0.2257 -0.2257 -0.2257 -0.2257 -0.2257 -0.2257 -0.2358 -0.2358 -0.2358 -0.2358 -0.2358 -0.2358 -0.2358 -0.2455 -0.2455 -0.2455 -0.2455 -0.2455 -0.2455 -0.2455 -0.2537 0.0044 0.0044 0.1747 -0.0826 
I = 14.9000 9.4000 9.4000 9.4000 9.4000 9.4000 9.4000 9.4000 6.0000 6.0000 6.0000 6.0000 6.0000 6.0000 6.0000 2.0000 2.0000 2.0000 2.0000 2.0000 2.0000 2.0000 -2.0000 26.1031 26.1031 10.0000 1.8127 
S1 = 0.0000 0.0000 0.0000 0.0000 0.0000 0.0000 0.0000 0.0000 0.0000 0.0000 0.0000 0.0000 0.0000 0.0000 0.0000 0.0000 0.0000 0.0000 0.0000 0.0000 0.0000 0.0000 0.0000 0.0000 0.0000 0.0000 0.0000 
S2 = 0.0000 0.0000 0.0000 0.0000 0.0000 0.0000 0.0000 0.0000 0.0000 0.0000 0.0000 0.0000 0.0000 0.0000 0.0000 0.0000 0.0000 0.0000 0.0000 0.0000 0.0000 0.0000 0.0000 2.1031 2.1031 0.0000 12.8127 
u = 8.3622 8.2350 8.2350 8.2350 8.2350 8.2350 8.2350 8.2350 8.1762 8.1762 8.1762 8.1762 8.1762 8.1762 8.1762 8.1165 8.1165 8.1165 8.1165 8.1165 8.1165 8.1165 8.0637 10.9694 10.9694 11.5125 9.2613 
v = 33.9132 25.9372 25.9372 25.9372 25.9372 25.9372 25.9372 25.9372 22.8074 22.8074 22.8074 22.8074 22.8074 22.8074 22.8074 19.7909 19.7909 19.7909 19.7909 19.7909 19.7909 19.7909 17.2062 55.9544 55.9544 101.2481 25.6500 
