ExternalI = 5.5000 0.0000 0.0000 0.0000 0.0000 0.0000 0.0000 0.0000 4.0000 4.0000 4.0000 4.0000 4.0000 4.0000 4.0000 0.0000 0.0000 0.0000 0.0000 0.0000 0.0000 0.0000 0.0000 8.0000 8.0000 0.0000 0.0000 
before u = 8.3622 8.2350 8.2350 8.2350 8.2350 8.2350 8.2350 8.2350 8.1762 8.1762 8.1762 8.1762 8.1762 8.1762 8.1762 8.1165 8.1165 8.1165 8.1165 8.1165 8.1165 8.1165 8.0637 10.9694 10.9694 11.5125 9.2613 
before v = 33.9132 25.9372 25.9372 25.9372 25.9372 25.9372 25.9372 25.9372 22.8074 22.8074 22.8074 22.8074 22.8074 22.8074 22.8074 19.7909 19.7909 19.7909 19.7909 19.7909 19.7909 19.7909 17.2062 55.9544 55.9544 101.2481 25.6500 
Ibias = 9.4000 9.4000 9.4000 9.4000 9.4000 9.4000 9.4000 9.4000 2.0000 2.0000 2.0000 2.0000 2.0000 2.0000 2.0000 2.0000 2.0000 2.0000 2.0000 2.0000 2.0000 2.0000 -2.0000 16.0000 16.0000 10.0000 -11.0000 
fa1 = 0.8024 0.2629 0.2629 0.2629 0.2629 0.2629 0.2629 0.2629 0.2088 0.2088 0.2088 0.2088 0.2088 0.2088 0.2088 0.1780 0.1780 0.1780 0.1780 0.1780 0.1780 0.1780 0.1598 32.5020 32.5020 164.7901 1.8926 
fa2 = 0.8022 0.2628 0.2628 0.2628 0.2628 0.2628 0.2628 0.2628 0.2087 0.2087 0.2087 0.2087 0.2087 0.2087 0.2087 0.1780 0.1780 0.1780 0.1780 0.1780 0.1780 0.1780 0.1598 32.7430 32.7430 169.0185 1.8841 
fa3 = 0.8022 0.2628 0.2628 0.2628 0.2628 0.2628 0.2628 0.2628 0.2087 0.2087 0.2087 0.2087 0.2087 0.2087 0.2087 0.1780 0.1780 0.1780 0.1780 0.1780 0.1780 0.1780 0.1598 32.7448 32.7448 169.1277 1.8841 
fa4 = 0.8021 0.2627 0.2627 0.2627 0.2627 0.2627 0.2627 0.2627 0.2087 0.2087 0.2087 0.2087 0.2087 0.2087 0.2087 0.1779 0.1779 0.1779 0.1779 0.1779 0.1779 0.1779 0.1598 32.9897 32.9897 173.5280 1.8756 
fb1 = -0.1988 -0.2257 -0.2257 -0.2257 -0.2257 -0.2257 -0.2257 -0.2257 -0.2358 -0.2358 -0.2358 -0.2358 -0.2358 -0.2358 -0.2358 -0.2455 -0.2455 -0.2455 -0.2455 -0.2455 -0.2455 -0.2455 -0.2537 0.0044 0.0044 0.1747 -0.0826 
fb2 = -0.1988 -0.2256 -0.2256 -0.2256 -0.2256 -0.2256 -0.2256 -0.2256 -0.2358 -0.2358 -0.2358 -0.2358 -0.2358 -0.2358 -0.2358 -0.2454 -0.2454 -0.2454 -0.2454 -0.2454 -0.2454 -0.2454 -0.2537 0.0051 0.0051 0.1780 -0.0826 
fb3 = -0.1988 -0.2256 -0.2256 -0.2256 -0.2256 -0.2256 -0.2256 -0.2256 -0.2358 -0.2358 -0.2358 -0.2358 -0.2358 -0.2358 -0.2358 -0.2454 -0.2454 -0.2454 -0.2454 -0.2454 -0.2454 -0.2454 -0.2537 0.0051 0.0051 0.1781 -0.0826 
fb4 = -0.1987 -0.2256 -0.2256 -0.2256 -0.2256 -0.2256 -0.2256 -0.2256 -0.2357 -0.2357 -0.2357 -0.2357 -0.2357 -0.2357 -0.2357 -0.2454 -0.2454 -0.2454 -0.2454 -0.2454 -0.2454 -0.2454 -0.2536 0.0057 0.0057 0.1815 -0.0825 
I = 14.9000 9.4000 9.4000 9.4000 9.4000 9.4000 9.4000 9.4000 6.0000 6.0000 6.0000 6.0000 6.0000 6.0000 6.0000 2.0000 2.0000 2.0000 2.0000 2.0000 2.0000 2.0000 -2.0000 26.0989 26.0989 10.0000 1.7871 
S1 = 0.0000 0.0000 0.0000 0.0000 0.0000 0.0000 0.0000 0.0000 0.0000 0.0000 0.0000 0.0000 0.0000 0.0000 0.0000 0.0000 0.0000 0.0000 0.0000 0.0000 0.0000 0.0000 0.0000 0.0000 0.0000 0.0000 0.0000 
S2 = 0.0000 0.0000 0.0000 0.0000 0.0000 0.0000 0.0000 0.0000 0.0000 0.0000 0.0000 0.0000 0.0000 0.0000 0.0000 0.0000 0.0000 0.0000 0.0000 0.0000 0.0000 0.0000 0.0000 2.0989 2.0989 0.0000 12.7871 
u = 8.3602 8.2327 8.2327 8.2327 8.2327 8.2327 8.2327 8.2327 8.1738 8.1738 8.1738 8.1738 8.1738 8.1738 8.1738 8.1140 8.1140 8.1140 8.1140 8.1140 8.1140 8.1140 8.0612 10.9695 10.9695 11.5143 9.2605 
v = 33.9213 25.9399 25.9399 25.9399 25.9399 25.9399 25.9399 25.9399 22.8095 22.8095 22.8095 22.8095 22.8095 22.8095 22.8095 19.7927 19.7927 19.7927 19.7927 19.7927 19.7927 19.7927 17.2078 56.2818 56.2818 102.9391 25.6689 
