ExternalI = 5.5000 0.0000 0.0000 0.0000 0.0000 0.0000 0.0000 0.0000 4.0000 4.0000 4.0000 4.0000 4.0000 4.0000 4.0000 0.0000 0.0000 0.0000 0.0000 0.0000 0.0000 0.0000 0.0000 8.0000 8.0000 0.0000 0.0000 
before u = 8.3602 8.2327 8.2327 8.2327 8.2327 8.2327 8.2327 8.2327 8.1738 8.1738 8.1738 8.1738 8.1738 8.1738 8.1738 8.1140 8.1140 8.1140 8.1140 8.1140 8.1140 8.1140 8.0612 10.9695 10.9695 11.5143 9.2605 
before v = 33.9213 25.9399 25.9399 25.9399 25.9399 25.9399 25.9399 25.9399 22.8095 22.8095 22.8095 22.8095 22.8095 22.8095 22.8095 19.7927 19.7927 19.7927 19.7927 19.7927 19.7927 19.7927 17.2078 56.2818 56.2818 102.9391 25.6689 
Ibias = 9.4000 9.4000 9.4000 9.4000 9.4000 9.4000 9.4000 9.4000 2.0000 2.0000 2.0000 2.0000 2.0000 2.0000 2.0000 2.0000 2.0000 2.0000 2.0000 2.0000 2.0000 2.0000 -2.0000 16.0000 16.0000 10.0000 -11.0000 
fa1 = 0.8021 0.2627 0.2627 0.2627 0.2627 0.2627 0.2627 0.2627 0.2087 0.2087 0.2087 0.2087 0.2087 0.2087 0.2087 0.1779 0.1779 0.1779 0.1779 0.1779 0.1779 0.1779 0.1598 32.9855 32.9855 173.5267 1.8500 
fa2 = 0.8019 0.2627 0.2627 0.2627 0.2627 0.2627 0.2627 0.2627 0.2086 0.2086 0.2086 0.2086 0.2086 0.2086 0.2086 0.1779 0.1779 0.1779 0.1779 0.1779 0.1779 0.1779 0.1597 33.2344 33.2344 178.0981 1.8417 
fa3 = 0.8019 0.2627 0.2627 0.2627 0.2627 0.2627 0.2627 0.2627 0.2086 0.2086 0.2086 0.2086 0.2086 0.2086 0.2086 0.1779 0.1779 0.1779 0.1779 0.1779 0.1779 0.1779 0.1597 33.2363 33.2363 178.2193 1.8417 
fa4 = 0.8018 0.2626 0.2626 0.2626 0.2626 0.2626 0.2626 0.2626 0.2086 0.2086 0.2086 0.2086 0.2086 0.2086 0.2086 0.1779 0.1779 0.1779 0.1779 0.1779 0.1779 0.1779 0.1597 33.4892 33.4892 182.9819 1.8334 
fb1 = -0.1987 -0.2256 -0.2256 -0.2256 -0.2256 -0.2256 -0.2256 -0.2256 -0.2357 -0.2357 -0.2357 -0.2357 -0.2357 -0.2357 -0.2357 -0.2454 -0.2454 -0.2454 -0.2454 -0.2454 -0.2454 -0.2454 -0.2536 0.0057 0.0057 0.1815 -0.0825 
fb2 = -0.1987 -0.2255 -0.2255 -0.2255 -0.2255 -0.2255 -0.2255 -0.2255 -0.2357 -0.2357 -0.2357 -0.2357 -0.2357 -0.2357 -0.2357 -0.2453 -0.2453 -0.2453 -0.2453 -0.2453 -0.2453 -0.2453 -0.2536 0.0064 0.0064 0.1849 -0.0825 
fb3 = -0.1987 -0.2255 -0.2255 -0.2255 -0.2255 -0.2255 -0.2255 -0.2255 -0.2357 -0.2357 -0.2357 -0.2357 -0.2357 -0.2357 -0.2357 -0.2453 -0.2453 -0.2453 -0.2453 -0.2453 -0.2453 -0.2453 -0.2536 0.0064 0.0064 0.1850 -0.0825 
fb4 = -0.1986 -0.2254 -0.2254 -0.2254 -0.2254 -0.2254 -0.2254 -0.2254 -0.2356 -0.2356 -0.2356 -0.2356 -0.2356 -0.2356 -0.2356 -0.2453 -0.2453 -0.2453 -0.2453 -0.2453 -0.2453 -0.2453 -0.2535 0.0071 0.0071 0.1886 -0.0824 
I = 14.9000 9.4000 9.4000 9.4000 9.4000 9.4000 9.4000 9.4000 6.0000 6.0000 6.0000 6.0000 6.0000 6.0000 6.0000 2.0000 2.0000 2.0000 2.0000 2.0000 2.0000 2.0000 -2.0000 26.0947 26.0947 10.0000 1.7615 
S1 = 0.0000 0.0000 0.0000 0.0000 0.0000 0.0000 0.0000 0.0000 0.0000 0.0000 0.0000 0.0000 0.0000 0.0000 0.0000 0.0000 0.0000 0.0000 0.0000 0.0000 0.0000 0.0000 0.0000 0.0000 0.0000 0.0000 0.0000 
S2 = 0.0000 0.0000 0.0000 0.0000 0.0000 0.0000 0.0000 0.0000 0.0000 0.0000 0.0000 0.0000 0.0000 0.0000 0.0000 0.0000 0.0000 0.0000 0.0000 0.0000 0.0000 0.0000 0.0000 2.0947 2.0947 0.0000 12.7615 
u = 8.3582 8.2305 8.2305 8.2305 8.2305 8.2305 8.2305 8.2305 8.1714 8.1714 8.1714 8.1714 8.1714 8.1714 8.1714 8.1116 8.1116 8.1116 8.1116 8.1116 8.1116 8.1116 8.0586 10.9696 10.9696 11.5161 9.2597 
v = 33.9293 25.9425 25.9425 25.9425 25.9425 25.9425 25.9425 25.9425 22.8116 22.8116 22.8116 22.8116 22.8116 22.8116 22.8116 19.7945 19.7945 19.7945 19.7945 19.7945 19.7945 19.7945 17.2094 56.6142 56.6142 104.7210 25.6873 
