ExternalI = 5.5000 0.0000 0.0000 0.0000 0.0000 0.0000 0.0000 0.0000 4.0000 4.0000 4.0000 4.0000 4.0000 4.0000 4.0000 0.0000 0.0000 0.0000 0.0000 0.0000 0.0000 0.0000 0.0000 8.0000 8.0000 0.0000 0.0000 
before u = 9.7856 9.7824 9.7824 9.7824 9.7824 9.7824 9.7824 9.7824 9.7804 9.7804 9.7804 9.7804 9.7804 9.7804 9.7804 9.7781 9.7781 9.7781 9.7781 9.7781 9.7781 9.7781 9.7758 9.9253 9.9253 10.1853 9.9041 
before v = 20.9582 18.7274 18.7274 18.7274 18.7274 18.7274 18.7274 18.7274 17.3878 17.3878 17.3878 17.3878 17.3878 17.3878 17.3878 15.8483 15.8483 15.8483 15.8483 15.8483 15.8483 15.8483 14.3465 29.3655 29.3655 65.4915 14.9050 
Ibias = 9.4000 9.4000 9.4000 9.4000 9.4000 9.4000 9.4000 9.4000 2.0000 2.0000 2.0000 2.0000 2.0000 2.0000 2.0000 2.0000 2.0000 2.0000 2.0000 2.0000 2.0000 2.0000 -2.0000 16.0000 16.0000 10.0000 -11.0000 
fa1 = 9.8096 7.4641 7.4641 7.4641 7.4641 7.4641 7.4641 7.4641 6.1497 6.1497 6.1497 6.1497 6.1497 6.1497 6.1497 4.7238 4.7238 4.7238 4.7238 4.7238 4.7238 4.7238 3.4177 20.4715 20.4715 34.9056 4.7171 
fa2 = 9.7464 7.4097 7.4097 7.4097 7.4097 7.4097 7.4097 7.4097 6.1019 6.1019 6.1019 6.1019 6.1019 6.1019 6.1019 4.6846 4.6846 4.6846 4.6846 4.6846 4.6846 4.6846 3.3877 20.4057 20.4057 35.2974 4.6752 
fa3 = 9.7468 7.4101 7.4101 7.4101 7.4101 7.4101 7.4101 7.4101 6.1023 6.1023 6.1023 6.1023 6.1023 6.1023 6.1023 4.6849 4.6849 4.6849 4.6849 4.6849 4.6849 4.6849 3.3880 20.4060 20.4060 35.3018 4.6756 
fa4 = 9.6841 7.3562 7.3562 7.3562 7.3562 7.3562 7.3562 7.3562 6.0549 6.0549 6.0549 6.0549 6.0549 6.0549 6.0549 4.6460 4.6460 4.6460 4.6460 4.6460 4.6460 4.6460 3.3583 20.3412 20.3412 35.7006 4.6341 
fb1 = -0.3076 -0.3164 -0.3164 -0.3164 -0.3164 -0.3164 -0.3164 -0.3164 -0.3217 -0.3217 -0.3217 -0.3217 -0.3217 -0.3217 -0.3217 -0.3277 -0.3277 -0.3277 -0.3277 -0.3277 -0.3277 -0.3277 -0.3336 -0.0810 -0.0810 0.0583 -0.1385 
fb2 = -0.3073 -0.3162 -0.3162 -0.3162 -0.3162 -0.3162 -0.3162 -0.3162 -0.3215 -0.3215 -0.3215 -0.3215 -0.3215 -0.3215 -0.3215 -0.3276 -0.3276 -0.3276 -0.3276 -0.3276 -0.3276 -0.3276 -0.3335 -0.0806 -0.0806 0.0590 -0.1384 
fb3 = -0.3073 -0.3162 -0.3162 -0.3162 -0.3162 -0.3162 -0.3162 -0.3162 -0.3215 -0.3215 -0.3215 -0.3215 -0.3215 -0.3215 -0.3215 -0.3276 -0.3276 -0.3276 -0.3276 -0.3276 -0.3276 -0.3276 -0.3335 -0.0806 -0.0806 0.0590 -0.1384 
fb4 = -0.3071 -0.3160 -0.3160 -0.3160 -0.3160 -0.3160 -0.3160 -0.3160 -0.3213 -0.3213 -0.3213 -0.3213 -0.3213 -0.3213 -0.3213 -0.3274 -0.3274 -0.3274 -0.3274 -0.3274 -0.3274 -0.3274 -0.3334 -0.0802 -0.0802 0.0597 -0.1382 
I = 14.9000 9.4000 9.4000 9.4000 9.4000 9.4000 9.4000 9.4000 6.0000 6.0000 6.0000 6.0000 6.0000 6.0000 6.0000 2.0000 2.0000 2.0000 2.0000 2.0000 2.0000 2.0000 -2.0000 24.0000 24.0000 10.0000 -9.5502 
S1 = 0.0000 0.0000 0.0000 0.0000 0.0000 0.0000 0.0000 0.0000 0.0000 0.0000 0.0000 0.0000 0.0000 0.0000 0.0000 0.0000 0.0000 0.0000 0.0000 0.0000 0.0000 0.0000 0.0000 0.0000 0.0000 0.0000 0.0000 
S2 = 0.0000 0.0000 0.0000 0.0000 0.0000 0.0000 0.0000 0.0000 0.0000 0.0000 0.0000 0.0000 0.0000 0.0000 0.0000 0.0000 0.0000 0.0000 0.0000 0.0000 0.0000 0.0000 0.0000 0.0000 0.0000 0.0000 1.4498 
u = 9.7826 9.7792 9.7792 9.7792 9.7792 9.7792 9.7792 9.7792 9.7772 9.7772 9.7772 9.7772 9.7772 9.7772 9.7772 9.7748 9.7748 9.7748 9.7748 9.7748 9.7748 9.7748 9.7724 9.9245 9.9245 10.1859 9.9027 
v = 21.0556 18.8015 18.8015 18.8015 18.8015 18.8015 18.8015 18.8015 17.4488 17.4488 17.4488 17.4488 17.4488 17.4488 17.4488 15.8951 15.8951 15.8951 15.8951 15.8951 15.8951 15.8951 14.3803 29.5695 29.5695 65.8445 14.9517 
