ExternalI = 5.5000 0.0000 0.0000 0.0000 0.0000 0.0000 0.0000 0.0000 4.0000 4.0000 4.0000 4.0000 4.0000 4.0000 4.0000 0.0000 0.0000 0.0000 0.0000 0.0000 0.0000 0.0000 0.0000 8.0000 8.0000 0.0000 0.0000 
before u = 8.3582 8.2305 8.2305 8.2305 8.2305 8.2305 8.2305 8.2305 8.1714 8.1714 8.1714 8.1714 8.1714 8.1714 8.1714 8.1116 8.1116 8.1116 8.1116 8.1116 8.1116 8.1116 8.0586 10.9696 10.9696 11.5161 9.2597 
before v = 33.9293 25.9425 25.9425 25.9425 25.9425 25.9425 25.9425 25.9425 22.8116 22.8116 22.8116 22.8116 22.8116 22.8116 22.8116 19.7945 19.7945 19.7945 19.7945 19.7945 19.7945 19.7945 17.2094 56.6142 56.6142 104.7210 25.6873 
Ibias = 9.4000 9.4000 9.4000 9.4000 9.4000 9.4000 9.4000 9.4000 2.0000 2.0000 2.0000 2.0000 2.0000 2.0000 2.0000 2.0000 2.0000 2.0000 2.0000 2.0000 2.0000 2.0000 -2.0000 16.0000 16.0000 10.0000 -11.0000 
fa1 = 0.8018 0.2626 0.2626 0.2626 0.2626 0.2626 0.2626 0.2626 0.2086 0.2086 0.2086 0.2086 0.2086 0.2086 0.2086 0.1779 0.1779 0.1779 0.1779 0.1779 0.1779 0.1779 0.1597 33.4851 33.4851 182.9803 1.8079 
fa2 = 0.8016 0.2625 0.2625 0.2625 0.2625 0.2625 0.2625 0.2625 0.2085 0.2085 0.2085 0.2085 0.2085 0.2085 0.2085 0.1778 0.1778 0.1778 0.1778 0.1778 0.1778 0.1778 0.1597 33.7422 33.7422 187.9329 1.7998 
fa3 = 0.8016 0.2625 0.2625 0.2625 0.2625 0.2625 0.2625 0.2625 0.2085 0.2085 0.2085 0.2085 0.2085 0.2085 0.2085 0.1778 0.1778 0.1778 0.1778 0.1778 0.1778 0.1778 0.1597 33.7441 33.7441 188.0679 1.7998 
fa4 = 0.8015 0.2624 0.2624 0.2624 0.2624 0.2624 0.2624 0.2624 0.2085 0.2085 0.2085 0.2085 0.2085 0.2085 0.2085 0.1778 0.1778 0.1778 0.1778 0.1778 0.1778 0.1778 0.1596 34.0055 34.0055 193.2336 1.7917 
fb1 = -0.1986 -0.2254 -0.2254 -0.2254 -0.2254 -0.2254 -0.2254 -0.2254 -0.2356 -0.2356 -0.2356 -0.2356 -0.2356 -0.2356 -0.2356 -0.2453 -0.2453 -0.2453 -0.2453 -0.2453 -0.2453 -0.2453 -0.2535 0.0071 0.0071 0.1886 -0.0824 
fb2 = -0.1986 -0.2254 -0.2254 -0.2254 -0.2254 -0.2254 -0.2254 -0.2254 -0.2356 -0.2356 -0.2356 -0.2356 -0.2356 -0.2356 -0.2356 -0.2452 -0.2452 -0.2452 -0.2452 -0.2452 -0.2452 -0.2452 -0.2535 0.0077 0.0077 0.1922 -0.0824 
fb3 = -0.1986 -0.2254 -0.2254 -0.2254 -0.2254 -0.2254 -0.2254 -0.2254 -0.2356 -0.2356 -0.2356 -0.2356 -0.2356 -0.2356 -0.2356 -0.2452 -0.2452 -0.2452 -0.2452 -0.2452 -0.2452 -0.2452 -0.2535 0.0077 0.0077 0.1923 -0.0824 
fb4 = -0.1985 -0.2253 -0.2253 -0.2253 -0.2253 -0.2253 -0.2253 -0.2253 -0.2355 -0.2355 -0.2355 -0.2355 -0.2355 -0.2355 -0.2355 -0.2452 -0.2452 -0.2452 -0.2452 -0.2452 -0.2452 -0.2452 -0.2534 0.0084 0.0084 0.1960 -0.0824 
I = 14.9000 9.4000 9.4000 9.4000 9.4000 9.4000 9.4000 9.4000 6.0000 6.0000 6.0000 6.0000 6.0000 6.0000 6.0000 2.0000 2.0000 2.0000 2.0000 2.0000 2.0000 2.0000 -2.0000 26.0905 26.0905 10.0000 1.7360 
S1 = 0.0000 0.0000 0.0000 0.0000 0.0000 0.0000 0.0000 0.0000 0.0000 0.0000 0.0000 0.0000 0.0000 0.0000 0.0000 0.0000 0.0000 0.0000 0.0000 0.0000 0.0000 0.0000 0.0000 0.0000 0.0000 0.0000 0.0000 
S2 = 0.0000 0.0000 0.0000 0.0000 0.0000 0.0000 0.0000 0.0000 0.0000 0.0000 0.0000 0.0000 0.0000 0.0000 0.0000 0.0000 0.0000 0.0000 0.0000 0.0000 0.0000 0.0000 0.0000 2.0905 2.0905 0.0000 12.7360 
u = 8.3563 8.2282 8.2282 8.2282 8.2282 8.2282 8.2282 8.2282 8.1691 8.1691 8.1691 8.1691 8.1691 8.1691 8.1691 8.1091 8.1091 8.1091 8.1091 8.1091 8.1091 8.1091 8.0561 10.9696 10.9696 11.5181 9.2588 
v = 33.9373 25.9451 25.9451 25.9451 25.9451 25.9451 25.9451 25.9451 22.8137 22.8137 22.8137 22.8137 22.8137 22.8137 22.8137 19.7962 19.7962 19.7962 19.7962 19.7962 19.7962 19.7962 17.2110 56.9516 56.9516 106.6014 25.7053 
