ExternalI = 5.5000 0.0000 0.0000 0.0000 0.0000 0.0000 0.0000 0.0000 4.0000 4.0000 4.0000 4.0000 4.0000 4.0000 4.0000 0.0000 0.0000 0.0000 0.0000 0.0000 0.0000 0.0000 0.0000 8.0000 8.0000 0.0000 0.0000 
before u = 8.3563 8.2282 8.2282 8.2282 8.2282 8.2282 8.2282 8.2282 8.1691 8.1691 8.1691 8.1691 8.1691 8.1691 8.1691 8.1091 8.1091 8.1091 8.1091 8.1091 8.1091 8.1091 8.0561 10.9696 10.9696 11.5181 9.2588 
before v = 33.9373 25.9451 25.9451 25.9451 25.9451 25.9451 25.9451 25.9451 22.8137 22.8137 22.8137 22.8137 22.8137 22.8137 22.8137 19.7962 19.7962 19.7962 19.7962 19.7962 19.7962 19.7962 17.2110 56.9516 56.9516 106.6014 25.7053 
Ibias = 9.4000 9.4000 9.4000 9.4000 9.4000 9.4000 9.4000 9.4000 2.0000 2.0000 2.0000 2.0000 2.0000 2.0000 2.0000 2.0000 2.0000 2.0000 2.0000 2.0000 2.0000 2.0000 -2.0000 16.0000 16.0000 10.0000 -11.0000 
fa1 = 0.8015 0.2624 0.2624 0.2624 0.2624 0.2624 0.2624 0.2624 0.2085 0.2085 0.2085 0.2085 0.2085 0.2085 0.2085 0.1778 0.1778 0.1778 0.1778 0.1778 0.1778 0.1778 0.1596 34.0013 34.0013 193.2318 1.7663 
fa2 = 0.8013 0.2623 0.2623 0.2623 0.2623 0.2623 0.2623 0.2623 0.2084 0.2084 0.2084 0.2084 0.2084 0.2084 0.2084 0.1778 0.1778 0.1778 0.1778 0.1778 0.1778 0.1778 0.1596 34.2670 34.2670 198.6092 1.7584 
fa3 = 0.8013 0.2623 0.2623 0.2623 0.2623 0.2623 0.2623 0.2623 0.2084 0.2084 0.2084 0.2084 0.2084 0.2084 0.2084 0.1778 0.1778 0.1778 0.1778 0.1778 0.1778 0.1778 0.1596 34.2691 34.2691 198.7599 1.7584 
fa4 = 0.8012 0.2622 0.2622 0.2622 0.2622 0.2622 0.2622 0.2622 0.2084 0.2084 0.2084 0.2084 0.2084 0.2084 0.2084 0.1777 0.1777 0.1777 0.1777 0.1777 0.1777 0.1777 0.1596 34.5392 34.5392 204.3755 1.7505 
fb1 = -0.1985 -0.2253 -0.2253 -0.2253 -0.2253 -0.2253 -0.2253 -0.2253 -0.2355 -0.2355 -0.2355 -0.2355 -0.2355 -0.2355 -0.2355 -0.2452 -0.2452 -0.2452 -0.2452 -0.2452 -0.2452 -0.2452 -0.2534 0.0084 0.0084 0.1960 -0.0824 
fb2 = -0.1984 -0.2253 -0.2253 -0.2253 -0.2253 -0.2253 -0.2253 -0.2253 -0.2355 -0.2355 -0.2355 -0.2355 -0.2355 -0.2355 -0.2355 -0.2451 -0.2451 -0.2451 -0.2451 -0.2451 -0.2451 -0.2451 -0.2533 0.0091 0.0091 0.1999 -0.0823 
fb3 = -0.1984 -0.2253 -0.2253 -0.2253 -0.2253 -0.2253 -0.2253 -0.2253 -0.2355 -0.2355 -0.2355 -0.2355 -0.2355 -0.2355 -0.2355 -0.2451 -0.2451 -0.2451 -0.2451 -0.2451 -0.2451 -0.2451 -0.2533 0.0091 0.0091 0.2000 -0.0823 
fb4 = -0.1984 -0.2252 -0.2252 -0.2252 -0.2252 -0.2252 -0.2252 -0.2252 -0.2354 -0.2354 -0.2354 -0.2354 -0.2354 -0.2354 -0.2354 -0.2451 -0.2451 -0.2451 -0.2451 -0.2451 -0.2451 -0.2451 -0.2533 0.0098 0.0098 0.2040 -0.0823 
I = 14.9000 9.4000 9.4000 9.4000 9.4000 9.4000 9.4000 9.4000 6.0000 6.0000 6.0000 6.0000 6.0000 6.0000 6.0000 2.0000 2.0000 2.0000 2.0000 2.0000 2.0000 2.0000 -2.0000 26.0863 26.0863 10.0000 1.7105 
S1 = 0.0000 0.0000 0.0000 0.0000 0.0000 0.0000 0.0000 0.0000 0.0000 0.0000 0.0000 0.0000 0.0000 0.0000 0.0000 0.0000 0.0000 0.0000 0.0000 0.0000 0.0000 0.0000 0.0000 0.0000 0.0000 0.0000 0.0000 
S2 = 0.0000 0.0000 0.0000 0.0000 0.0000 0.0000 0.0000 0.0000 0.0000 0.0000 0.0000 0.0000 0.0000 0.0000 0.0000 0.0000 0.0000 0.0000 0.0000 0.0000 0.0000 0.0000 0.0000 2.0863 2.0863 0.0000 12.7105 
u = 8.3543 8.2260 8.2260 8.2260 8.2260 8.2260 8.2260 8.2260 8.1667 8.1667 8.1667 8.1667 8.1667 8.1667 8.1667 8.1067 8.1067 8.1067 8.1067 8.1067 8.1067 8.1067 8.0536 10.9697 10.9697 11.5201 9.2580 
v = 33.9453 25.9477 25.9477 25.9477 25.9477 25.9477 25.9477 25.9477 22.8157 22.8157 22.8157 22.8157 22.8157 22.8157 22.8157 19.7980 19.7980 19.7980 19.7980 19.7980 19.7980 19.7980 17.2126 57.2943 57.2943 108.5886 25.7229 
