ExternalI = 5.5000 0.0000 0.0000 0.0000 0.0000 0.0000 0.0000 0.0000 4.0000 4.0000 4.0000 4.0000 4.0000 4.0000 4.0000 0.0000 0.0000 0.0000 0.0000 0.0000 0.0000 0.0000 0.0000 8.0000 8.0000 0.0000 0.0000 
before u = 8.3543 8.2260 8.2260 8.2260 8.2260 8.2260 8.2260 8.2260 8.1667 8.1667 8.1667 8.1667 8.1667 8.1667 8.1667 8.1067 8.1067 8.1067 8.1067 8.1067 8.1067 8.1067 8.0536 10.9697 10.9697 11.5201 9.2580 
before v = 33.9453 25.9477 25.9477 25.9477 25.9477 25.9477 25.9477 25.9477 22.8157 22.8157 22.8157 22.8157 22.8157 22.8157 22.8157 19.7980 19.7980 19.7980 19.7980 19.7980 19.7980 19.7980 17.2126 57.2943 57.2943 108.5886 25.7229 
Ibias = 9.4000 9.4000 9.4000 9.4000 9.4000 9.4000 9.4000 9.4000 2.0000 2.0000 2.0000 2.0000 2.0000 2.0000 2.0000 2.0000 2.0000 2.0000 2.0000 2.0000 2.0000 2.0000 -2.0000 16.0000 16.0000 10.0000 -11.0000 
fa1 = 0.8012 0.2622 0.2622 0.2622 0.2622 0.2622 0.2622 0.2622 0.2084 0.2084 0.2084 0.2084 0.2084 0.2084 0.2084 0.1777 0.1777 0.1777 0.1777 0.1777 0.1777 0.1777 0.1596 34.5350 34.5350 204.3735 1.7251 
fa2 = 0.8010 0.2621 0.2621 0.2621 0.2621 0.2621 0.2621 0.2621 0.2083 0.2083 0.2083 0.2083 0.2083 0.2083 0.2083 0.1777 0.1777 0.1777 0.1777 0.1777 0.1777 0.1777 0.1596 34.8096 34.8096 210.2257 1.7174 
fa3 = 0.8010 0.2621 0.2621 0.2621 0.2621 0.2621 0.2621 0.2621 0.2083 0.2083 0.2083 0.2083 0.2083 0.2083 0.2083 0.1777 0.1777 0.1777 0.1777 0.1777 0.1777 0.1777 0.1596 34.8118 34.8118 210.3945 1.7174 
fa4 = 0.8009 0.2621 0.2621 0.2621 0.2621 0.2621 0.2621 0.2621 0.2083 0.2083 0.2083 0.2083 0.2083 0.2083 0.2083 0.1777 0.1777 0.1777 0.1777 0.1777 0.1777 0.1777 0.1595 35.0910 35.0910 216.5138 1.7097 
fb1 = -0.1984 -0.2252 -0.2252 -0.2252 -0.2252 -0.2252 -0.2252 -0.2252 -0.2354 -0.2354 -0.2354 -0.2354 -0.2354 -0.2354 -0.2354 -0.2451 -0.2451 -0.2451 -0.2451 -0.2451 -0.2451 -0.2451 -0.2533 0.0098 0.0098 0.2040 -0.0823 
fb2 = -0.1983 -0.2252 -0.2252 -0.2252 -0.2252 -0.2252 -0.2252 -0.2252 -0.2354 -0.2354 -0.2354 -0.2354 -0.2354 -0.2354 -0.2354 -0.2450 -0.2450 -0.2450 -0.2450 -0.2450 -0.2450 -0.2450 -0.2532 0.0105 0.0105 0.2080 -0.0822 
fb3 = -0.1983 -0.2252 -0.2252 -0.2252 -0.2252 -0.2252 -0.2252 -0.2252 -0.2354 -0.2354 -0.2354 -0.2354 -0.2354 -0.2354 -0.2354 -0.2450 -0.2450 -0.2450 -0.2450 -0.2450 -0.2450 -0.2450 -0.2532 0.0105 0.0105 0.2081 -0.0822 
fb4 = -0.1983 -0.2251 -0.2251 -0.2251 -0.2251 -0.2251 -0.2251 -0.2251 -0.2353 -0.2353 -0.2353 -0.2353 -0.2353 -0.2353 -0.2353 -0.2450 -0.2450 -0.2450 -0.2450 -0.2450 -0.2450 -0.2450 -0.2532 0.0112 0.0112 0.2123 -0.0822 
I = 14.9000 9.4000 9.4000 9.4000 9.4000 9.4000 9.4000 9.4000 6.0000 6.0000 6.0000 6.0000 6.0000 6.0000 6.0000 2.0000 2.0000 2.0000 2.0000 2.0000 2.0000 2.0000 -2.0000 26.0821 26.0821 10.0000 1.6851 
S1 = 0.0000 0.0000 0.0000 0.0000 0.0000 0.0000 0.0000 0.0000 0.0000 0.0000 0.0000 0.0000 0.0000 0.0000 0.0000 0.0000 0.0000 0.0000 0.0000 0.0000 0.0000 0.0000 0.0000 0.0000 0.0000 0.0000 0.0000 
S2 = 0.0000 0.0000 0.0000 0.0000 0.0000 0.0000 0.0000 0.0000 0.0000 0.0000 0.0000 0.0000 0.0000 0.0000 0.0000 0.0000 0.0000 0.0000 0.0000 0.0000 0.0000 0.0000 0.0000 2.0821 2.0821 0.0000 12.6851 
u = 8.3523 8.2237 8.2237 8.2237 8.2237 8.2237 8.2237 8.2237 8.1644 8.1644 8.1644 8.1644 8.1644 8.1644 8.1644 8.1042 8.1042 8.1042 8.1042 8.1042 8.1042 8.1042 8.0510 10.9698 10.9698 11.5221 9.2572 
v = 33.9533 25.9503 25.9503 25.9503 25.9503 25.9503 25.9503 25.9503 22.8178 22.8178 22.8178 22.8178 22.8178 22.8178 22.8178 19.7998 19.7998 19.7998 19.7998 19.7998 19.7998 19.7998 17.2142 57.6424 57.6424 110.6921 25.7400 
