ExternalI = 5.5000 0.0000 0.0000 0.0000 0.0000 0.0000 0.0000 0.0000 4.0000 4.0000 4.0000 4.0000 4.0000 4.0000 4.0000 0.0000 0.0000 0.0000 0.0000 0.0000 0.0000 0.0000 0.0000 8.0000 8.0000 0.0000 0.0000 
before u = 8.3523 8.2237 8.2237 8.2237 8.2237 8.2237 8.2237 8.2237 8.1644 8.1644 8.1644 8.1644 8.1644 8.1644 8.1644 8.1042 8.1042 8.1042 8.1042 8.1042 8.1042 8.1042 8.0510 10.9698 10.9698 11.5221 9.2572 
before v = 33.9533 25.9503 25.9503 25.9503 25.9503 25.9503 25.9503 25.9503 22.8178 22.8178 22.8178 22.8178 22.8178 22.8178 22.8178 19.7998 19.7998 19.7998 19.7998 19.7998 19.7998 19.7998 17.2142 57.6424 57.6424 110.6921 25.7400 
Ibias = 9.4000 9.4000 9.4000 9.4000 9.4000 9.4000 9.4000 9.4000 2.0000 2.0000 2.0000 2.0000 2.0000 2.0000 2.0000 2.0000 2.0000 2.0000 2.0000 2.0000 2.0000 2.0000 -2.0000 16.0000 16.0000 10.0000 -11.0000 
fa1 = 0.8009 0.2621 0.2621 0.2621 0.2621 0.2621 0.2621 0.2621 0.2083 0.2083 0.2083 0.2083 0.2083 0.2083 0.2083 0.1777 0.1777 0.1777 0.1777 0.1777 0.1777 0.1777 0.1595 35.0869 35.0869 216.5114 1.6844 
fa2 = 0.8007 0.2620 0.2620 0.2620 0.2620 0.2620 0.2620 0.2620 0.2082 0.2082 0.2082 0.2082 0.2082 0.2082 0.2082 0.1776 0.1776 0.1776 0.1776 0.1776 0.1776 0.1776 0.1595 35.3707 35.3707 222.8960 1.6769 
fa3 = 0.8007 0.2620 0.2620 0.2620 0.2620 0.2620 0.2620 0.2620 0.2082 0.2082 0.2082 0.2082 0.2082 0.2082 0.2082 0.1776 0.1776 0.1776 0.1776 0.1776 0.1776 0.1776 0.1595 35.3730 35.3730 223.0857 1.6769 
fa4 = 0.8006 0.2619 0.2619 0.2619 0.2619 0.2619 0.2619 0.2619 0.2082 0.2082 0.2082 0.2082 0.2082 0.2082 0.2082 0.1776 0.1776 0.1776 0.1776 0.1776 0.1776 0.1776 0.1595 35.6618 35.6618 229.7708 1.6694 
fb1 = -0.1983 -0.2251 -0.2251 -0.2251 -0.2251 -0.2251 -0.2251 -0.2251 -0.2353 -0.2353 -0.2353 -0.2353 -0.2353 -0.2353 -0.2353 -0.2450 -0.2450 -0.2450 -0.2450 -0.2450 -0.2450 -0.2450 -0.2532 0.0112 0.0112 0.2123 -0.0822 
fb2 = -0.1982 -0.2251 -0.2251 -0.2251 -0.2251 -0.2251 -0.2251 -0.2251 -0.2353 -0.2353 -0.2353 -0.2353 -0.2353 -0.2353 -0.2353 -0.2449 -0.2449 -0.2449 -0.2449 -0.2449 -0.2449 -0.2449 -0.2531 0.0119 0.0119 0.2166 -0.0821 
fb3 = -0.1982 -0.2251 -0.2251 -0.2251 -0.2251 -0.2251 -0.2251 -0.2251 -0.2353 -0.2353 -0.2353 -0.2353 -0.2353 -0.2353 -0.2353 -0.2449 -0.2449 -0.2449 -0.2449 -0.2449 -0.2449 -0.2449 -0.2531 0.0119 0.0119 0.2168 -0.0821 
fb4 = -0.1982 -0.2250 -0.2250 -0.2250 -0.2250 -0.2250 -0.2250 -0.2250 -0.2352 -0.2352 -0.2352 -0.2352 -0.2352 -0.2352 -0.2352 -0.2449 -0.2449 -0.2449 -0.2449 -0.2449 -0.2449 -0.2449 -0.2531 0.0126 0.0126 0.2212 -0.0821 
I = 14.9000 9.4000 9.4000 9.4000 9.4000 9.4000 9.4000 9.4000 6.0000 6.0000 6.0000 6.0000 6.0000 6.0000 6.0000 2.0000 2.0000 2.0000 2.0000 2.0000 2.0000 2.0000 -2.0000 26.0780 26.0780 10.0000 1.6597 
S1 = 0.0000 0.0000 0.0000 0.0000 0.0000 0.0000 0.0000 0.0000 0.0000 0.0000 0.0000 0.0000 0.0000 0.0000 0.0000 0.0000 0.0000 0.0000 0.0000 0.0000 0.0000 0.0000 0.0000 0.0000 0.0000 0.0000 0.0000 
S2 = 0.0000 0.0000 0.0000 0.0000 0.0000 0.0000 0.0000 0.0000 0.0000 0.0000 0.0000 0.0000 0.0000 0.0000 0.0000 0.0000 0.0000 0.0000 0.0000 0.0000 0.0000 0.0000 0.0000 2.0780 2.0780 0.0000 12.6597 
u = 8.3503 8.2215 8.2215 8.2215 8.2215 8.2215 8.2215 8.2215 8.1620 8.1620 8.1620 8.1620 8.1620 8.1620 8.1620 8.1018 8.1018 8.1018 8.1018 8.1018 8.1018 8.1018 8.0485 10.9699 10.9699 11.5243 9.2564 
v = 33.9613 25.9530 25.9530 25.9530 25.9530 25.9530 25.9530 25.9530 22.8199 22.8199 22.8199 22.8199 22.8199 22.8199 22.8199 19.8016 19.8016 19.8016 19.8016 19.8016 19.8016 19.8016 17.2158 57.9962 57.9962 112.9226 25.7568 
