ExternalI = 5.5000 0.0000 0.0000 0.0000 0.0000 0.0000 0.0000 0.0000 4.0000 4.0000 4.0000 4.0000 4.0000 4.0000 4.0000 0.0000 0.0000 0.0000 0.0000 0.0000 0.0000 0.0000 0.0000 8.0000 8.0000 0.0000 0.0000 
before u = 8.3503 8.2215 8.2215 8.2215 8.2215 8.2215 8.2215 8.2215 8.1620 8.1620 8.1620 8.1620 8.1620 8.1620 8.1620 8.1018 8.1018 8.1018 8.1018 8.1018 8.1018 8.1018 8.0485 10.9699 10.9699 11.5243 9.2564 
before v = 33.9613 25.9530 25.9530 25.9530 25.9530 25.9530 25.9530 25.9530 22.8199 22.8199 22.8199 22.8199 22.8199 22.8199 22.8199 19.8016 19.8016 19.8016 19.8016 19.8016 19.8016 19.8016 17.2158 57.9962 57.9962 112.9226 25.7568 
Ibias = 9.4000 9.4000 9.4000 9.4000 9.4000 9.4000 9.4000 9.4000 2.0000 2.0000 2.0000 2.0000 2.0000 2.0000 2.0000 2.0000 2.0000 2.0000 2.0000 2.0000 2.0000 2.0000 -2.0000 16.0000 16.0000 10.0000 -11.0000 
fa1 = 0.8006 0.2619 0.2619 0.2619 0.2619 0.2619 0.2619 0.2619 0.2082 0.2082 0.2082 0.2082 0.2082 0.2082 0.2082 0.1776 0.1776 0.1776 0.1776 0.1776 0.1776 0.1776 0.1595 35.6576 35.6576 229.7681 1.6441 
fa2 = 0.8004 0.2618 0.2618 0.2618 0.2618 0.2618 0.2618 0.2618 0.2081 0.2081 0.2081 0.2081 0.2081 0.2081 0.2081 0.1776 0.1776 0.1776 0.1776 0.1776 0.1776 0.1776 0.1594 35.9511 35.9511 236.7517 1.6368 
fa3 = 0.8004 0.2618 0.2618 0.2618 0.2618 0.2618 0.2618 0.2618 0.2081 0.2081 0.2081 0.2081 0.2081 0.2081 0.2081 0.1776 0.1776 0.1776 0.1776 0.1776 0.1776 0.1776 0.1594 35.9536 35.9536 236.9656 1.6368 
fa4 = 0.8003 0.2617 0.2617 0.2617 0.2617 0.2617 0.2617 0.2617 0.2081 0.2081 0.2081 0.2081 0.2081 0.2081 0.2081 0.1775 0.1775 0.1775 0.1775 0.1775 0.1775 0.1775 0.1594 36.2522 36.2522 244.2885 1.6296 
fb1 = -0.1982 -0.2250 -0.2250 -0.2250 -0.2250 -0.2250 -0.2250 -0.2250 -0.2352 -0.2352 -0.2352 -0.2352 -0.2352 -0.2352 -0.2352 -0.2449 -0.2449 -0.2449 -0.2449 -0.2449 -0.2449 -0.2449 -0.2531 0.0126 0.0126 0.2212 -0.0821 
fb2 = -0.1981 -0.2250 -0.2250 -0.2250 -0.2250 -0.2250 -0.2250 -0.2250 -0.2352 -0.2352 -0.2352 -0.2352 -0.2352 -0.2352 -0.2352 -0.2448 -0.2448 -0.2448 -0.2448 -0.2448 -0.2448 -0.2448 -0.2530 0.0133 0.0133 0.2258 -0.0821 
fb3 = -0.1981 -0.2250 -0.2250 -0.2250 -0.2250 -0.2250 -0.2250 -0.2250 -0.2352 -0.2352 -0.2352 -0.2352 -0.2352 -0.2352 -0.2352 -0.2448 -0.2448 -0.2448 -0.2448 -0.2448 -0.2448 -0.2448 -0.2530 0.0133 0.0133 0.2259 -0.0821 
fb4 = -0.1981 -0.2249 -0.2249 -0.2249 -0.2249 -0.2249 -0.2249 -0.2249 -0.2351 -0.2351 -0.2351 -0.2351 -0.2351 -0.2351 -0.2351 -0.2448 -0.2448 -0.2448 -0.2448 -0.2448 -0.2448 -0.2448 -0.2530 0.0140 0.0140 0.2306 -0.0820 
I = 14.9000 9.4000 9.4000 9.4000 9.4000 9.4000 9.4000 9.4000 6.0000 6.0000 6.0000 6.0000 6.0000 6.0000 6.0000 2.0000 2.0000 2.0000 2.0000 2.0000 2.0000 2.0000 -2.0000 26.0738 26.0738 10.0000 1.6344 
S1 = 0.0000 0.0000 0.0000 0.0000 0.0000 0.0000 0.0000 0.0000 0.0000 0.0000 0.0000 0.0000 0.0000 0.0000 0.0000 0.0000 0.0000 0.0000 0.0000 0.0000 0.0000 0.0000 0.0000 0.0000 0.0000 0.0000 0.0000 
S2 = 0.0000 0.0000 0.0000 0.0000 0.0000 0.0000 0.0000 0.0000 0.0000 0.0000 0.0000 0.0000 0.0000 0.0000 0.0000 0.0000 0.0000 0.0000 0.0000 0.0000 0.0000 0.0000 0.0000 2.0738 2.0738 0.0000 12.6344 
u = 8.3483 8.2192 8.2192 8.2192 8.2192 8.2192 8.2192 8.2192 8.1597 8.1597 8.1597 8.1597 8.1597 8.1597 8.1597 8.0993 8.0993 8.0993 8.0993 8.0993 8.0993 8.0993 8.0460 10.9701 10.9701 11.5266 9.2556 
v = 33.9693 25.9556 25.9556 25.9556 25.9556 25.9556 25.9556 25.9556 22.8220 22.8220 22.8220 22.8220 22.8220 22.8220 22.8220 19.8033 19.8033 19.8033 19.8033 19.8033 19.8033 19.8033 17.2174 58.3557 58.3557 115.2917 25.7732 
