ExternalI = 5.5000 0.0000 0.0000 0.0000 0.0000 0.0000 0.0000 0.0000 4.0000 4.0000 4.0000 4.0000 4.0000 4.0000 4.0000 0.0000 0.0000 0.0000 0.0000 0.0000 0.0000 0.0000 0.0000 8.0000 8.0000 0.0000 0.0000 
before u = 8.3483 8.2192 8.2192 8.2192 8.2192 8.2192 8.2192 8.2192 8.1597 8.1597 8.1597 8.1597 8.1597 8.1597 8.1597 8.0993 8.0993 8.0993 8.0993 8.0993 8.0993 8.0993 8.0460 10.9701 10.9701 11.5266 9.2556 
before v = 33.9693 25.9556 25.9556 25.9556 25.9556 25.9556 25.9556 25.9556 22.8220 22.8220 22.8220 22.8220 22.8220 22.8220 22.8220 19.8033 19.8033 19.8033 19.8033 19.8033 19.8033 19.8033 17.2174 58.3557 58.3557 115.2917 25.7732 
Ibias = 9.4000 9.4000 9.4000 9.4000 9.4000 9.4000 9.4000 9.4000 2.0000 2.0000 2.0000 2.0000 2.0000 2.0000 2.0000 2.0000 2.0000 2.0000 2.0000 2.0000 2.0000 2.0000 -2.0000 16.0000 16.0000 10.0000 -11.0000 
fa1 = 0.8003 0.2617 0.2617 0.2617 0.2617 0.2617 0.2617 0.2617 0.2081 0.2081 0.2081 0.2081 0.2081 0.2081 0.2081 0.1775 0.1775 0.1775 0.1775 0.1775 0.1775 0.1775 0.1594 36.2480 36.2480 244.2854 1.6043 
fa2 = 0.8002 0.2616 0.2616 0.2616 0.2616 0.2616 0.2616 0.2616 0.2080 0.2080 0.2080 0.2080 0.2080 0.2080 0.2080 0.1775 0.1775 0.1775 0.1775 0.1775 0.1775 0.1775 0.1594 36.5516 36.5516 251.9453 1.5972 
fa3 = 0.8002 0.2616 0.2616 0.2616 0.2616 0.2616 0.2616 0.2616 0.2080 0.2080 0.2080 0.2080 0.2080 0.2080 0.2080 0.1775 0.1775 0.1775 0.1775 0.1775 0.1775 0.1775 0.1594 36.5542 36.5542 252.1874 1.5972 
fa4 = 0.8000 0.2615 0.2615 0.2615 0.2615 0.2615 0.2615 0.2615 0.2080 0.2080 0.2080 0.2080 0.2080 0.2080 0.2080 0.1775 0.1775 0.1775 0.1775 0.1775 0.1775 0.1775 0.1594 36.8631 36.8631 260.2319 1.5901 
fb1 = -0.1981 -0.2249 -0.2249 -0.2249 -0.2249 -0.2249 -0.2249 -0.2249 -0.2351 -0.2351 -0.2351 -0.2351 -0.2351 -0.2351 -0.2351 -0.2448 -0.2448 -0.2448 -0.2448 -0.2448 -0.2448 -0.2448 -0.2530 0.0140 0.0140 0.2306 -0.0820 
fb2 = -0.1980 -0.2249 -0.2249 -0.2249 -0.2249 -0.2249 -0.2249 -0.2249 -0.2350 -0.2350 -0.2350 -0.2350 -0.2350 -0.2350 -0.2350 -0.2447 -0.2447 -0.2447 -0.2447 -0.2447 -0.2447 -0.2447 -0.2529 0.0147 0.0147 0.2355 -0.0820 
fb3 = -0.1980 -0.2249 -0.2249 -0.2249 -0.2249 -0.2249 -0.2249 -0.2249 -0.2350 -0.2350 -0.2350 -0.2350 -0.2350 -0.2350 -0.2350 -0.2447 -0.2447 -0.2447 -0.2447 -0.2447 -0.2447 -0.2447 -0.2529 0.0148 0.0148 0.2357 -0.0820 
fb4 = -0.1979 -0.2248 -0.2248 -0.2248 -0.2248 -0.2248 -0.2248 -0.2248 -0.2350 -0.2350 -0.2350 -0.2350 -0.2350 -0.2350 -0.2350 -0.2447 -0.2447 -0.2447 -0.2447 -0.2447 -0.2447 -0.2447 -0.2529 0.0155 0.0155 0.2407 -0.0819 
I = 14.9000 9.4000 9.4000 9.4000 9.4000 9.4000 9.4000 9.4000 6.0000 6.0000 6.0000 6.0000 6.0000 6.0000 6.0000 2.0000 2.0000 2.0000 2.0000 2.0000 2.0000 2.0000 -2.0000 26.0697 26.0697 10.0000 1.6091 
S1 = 0.0000 0.0000 0.0000 0.0000 0.0000 0.0000 0.0000 0.0000 0.0000 0.0000 0.0000 0.0000 0.0000 0.0000 0.0000 0.0000 0.0000 0.0000 0.0000 0.0000 0.0000 0.0000 0.0000 0.0000 0.0000 0.0000 0.0000 
S2 = 0.0000 0.0000 0.0000 0.0000 0.0000 0.0000 0.0000 0.0000 0.0000 0.0000 0.0000 0.0000 0.0000 0.0000 0.0000 0.0000 0.0000 0.0000 0.0000 0.0000 0.0000 0.0000 0.0000 2.0697 2.0697 0.0000 12.6091 
u = 8.3463 8.2170 8.2170 8.2170 8.2170 8.2170 8.2170 8.2170 8.1573 8.1573 8.1573 8.1573 8.1573 8.1573 8.1573 8.0969 8.0969 8.0969 8.0969 8.0969 8.0969 8.0969 8.0434 10.9702 10.9702 11.5289 9.2547 
v = 33.9773 25.9582 25.9582 25.9582 25.9582 25.9582 25.9582 25.9582 22.8241 22.8241 22.8241 22.8241 22.8241 22.8241 22.8241 19.8051 19.8051 19.8051 19.8051 19.8051 19.8051 19.8051 17.2190 58.7212 58.7212 117.8130 25.7891 
