ExternalI = 5.5000 0.0000 0.0000 0.0000 0.0000 0.0000 0.0000 0.0000 4.0000 4.0000 4.0000 4.0000 4.0000 4.0000 4.0000 0.0000 0.0000 0.0000 0.0000 0.0000 0.0000 0.0000 0.0000 8.0000 8.0000 0.0000 0.0000 
before u = 8.3463 8.2170 8.2170 8.2170 8.2170 8.2170 8.2170 8.2170 8.1573 8.1573 8.1573 8.1573 8.1573 8.1573 8.1573 8.0969 8.0969 8.0969 8.0969 8.0969 8.0969 8.0969 8.0434 10.9702 10.9702 11.5289 9.2547 
before v = 33.9773 25.9582 25.9582 25.9582 25.9582 25.9582 25.9582 25.9582 22.8241 22.8241 22.8241 22.8241 22.8241 22.8241 22.8241 19.8051 19.8051 19.8051 19.8051 19.8051 19.8051 19.8051 17.2190 58.7212 58.7212 117.8130 25.7891 
Ibias = 9.4000 9.4000 9.4000 9.4000 9.4000 9.4000 9.4000 9.4000 2.0000 2.0000 2.0000 2.0000 2.0000 2.0000 2.0000 2.0000 2.0000 2.0000 2.0000 2.0000 2.0000 2.0000 -2.0000 16.0000 16.0000 10.0000 -11.0000 
fa1 = 0.8000 0.2615 0.2615 0.2615 0.2615 0.2615 0.2615 0.2615 0.2080 0.2080 0.2080 0.2080 0.2080 0.2080 0.2080 0.1775 0.1775 0.1775 0.1775 0.1775 0.1775 0.1775 0.1594 36.8590 36.8590 260.2282 1.5649 
fa2 = 0.7999 0.2615 0.2615 0.2615 0.2615 0.2615 0.2615 0.2615 0.2080 0.2080 0.2080 0.2080 0.2080 0.2080 0.2080 0.1774 0.1774 0.1774 0.1774 0.1774 0.1774 0.1774 0.1593 37.1731 37.1731 268.6546 1.5580 
fa3 = 0.7999 0.2615 0.2615 0.2615 0.2615 0.2615 0.2615 0.2615 0.2080 0.2080 0.2080 0.2080 0.2080 0.2080 0.2080 0.1774 0.1774 0.1774 0.1774 0.1774 0.1774 0.1774 0.1593 37.1758 37.1758 268.9298 1.5580 
fa4 = 0.7997 0.2614 0.2614 0.2614 0.2614 0.2614 0.2614 0.2614 0.2079 0.2079 0.2079 0.2079 0.2079 0.2079 0.2079 0.1774 0.1774 0.1774 0.1774 0.1774 0.1774 0.1774 0.1593 37.4955 37.4955 277.7939 1.5512 
fb1 = -0.1979 -0.2248 -0.2248 -0.2248 -0.2248 -0.2248 -0.2248 -0.2248 -0.2350 -0.2350 -0.2350 -0.2350 -0.2350 -0.2350 -0.2350 -0.2447 -0.2447 -0.2447 -0.2447 -0.2447 -0.2447 -0.2447 -0.2529 0.0155 0.0155 0.2407 -0.0819 
fb2 = -0.1979 -0.2248 -0.2248 -0.2248 -0.2248 -0.2248 -0.2248 -0.2248 -0.2349 -0.2349 -0.2349 -0.2349 -0.2349 -0.2349 -0.2349 -0.2446 -0.2446 -0.2446 -0.2446 -0.2446 -0.2446 -0.2446 -0.2528 0.0162 0.0162 0.2459 -0.0819 
fb3 = -0.1979 -0.2248 -0.2248 -0.2248 -0.2248 -0.2248 -0.2248 -0.2248 -0.2349 -0.2349 -0.2349 -0.2349 -0.2349 -0.2349 -0.2349 -0.2446 -0.2446 -0.2446 -0.2446 -0.2446 -0.2446 -0.2446 -0.2528 0.0162 0.0162 0.2460 -0.0819 
fb4 = -0.1978 -0.2247 -0.2247 -0.2247 -0.2247 -0.2247 -0.2247 -0.2247 -0.2349 -0.2349 -0.2349 -0.2349 -0.2349 -0.2349 -0.2349 -0.2445 -0.2445 -0.2445 -0.2445 -0.2445 -0.2445 -0.2445 -0.2528 0.0170 0.0170 0.2514 -0.0819 
I = 14.9000 9.4000 9.4000 9.4000 9.4000 9.4000 9.4000 9.4000 6.0000 6.0000 6.0000 6.0000 6.0000 6.0000 6.0000 2.0000 2.0000 2.0000 2.0000 2.0000 2.0000 2.0000 -2.0000 26.0655 26.0655 10.0000 1.5839 
S1 = 0.0000 0.0000 0.0000 0.0000 0.0000 0.0000 0.0000 0.0000 0.0000 0.0000 0.0000 0.0000 0.0000 0.0000 0.0000 0.0000 0.0000 0.0000 0.0000 0.0000 0.0000 0.0000 0.0000 0.0000 0.0000 0.0000 0.0000 
S2 = 0.0000 0.0000 0.0000 0.0000 0.0000 0.0000 0.0000 0.0000 0.0000 0.0000 0.0000 0.0000 0.0000 0.0000 0.0000 0.0000 0.0000 0.0000 0.0000 0.0000 0.0000 0.0000 0.0000 2.0655 2.0655 0.0000 12.5839 
u = 8.3444 8.2147 8.2147 8.2147 8.2147 8.2147 8.2147 8.2147 8.1550 8.1550 8.1550 8.1550 8.1550 8.1550 8.1550 8.0944 8.0944 8.0944 8.0944 8.0944 8.0944 8.0944 8.0409 10.9704 10.9704 11.5314 9.2539 
v = 33.9853 25.9608 25.9608 25.9608 25.9608 25.9608 25.9608 25.9608 22.8261 22.8261 22.8261 22.8261 22.8261 22.8261 22.8261 19.8069 19.8069 19.8069 19.8069 19.8069 19.8069 19.8069 17.2206 59.0930 59.0930 120.5017 25.8047 
