ExternalI = 5.5000 0.0000 0.0000 0.0000 0.0000 0.0000 0.0000 0.0000 4.0000 4.0000 4.0000 4.0000 4.0000 4.0000 4.0000 0.0000 0.0000 0.0000 0.0000 0.0000 0.0000 0.0000 0.0000 8.0000 8.0000 0.0000 0.0000 
before u = 8.3444 8.2147 8.2147 8.2147 8.2147 8.2147 8.2147 8.2147 8.1550 8.1550 8.1550 8.1550 8.1550 8.1550 8.1550 8.0944 8.0944 8.0944 8.0944 8.0944 8.0944 8.0944 8.0409 10.9704 10.9704 11.5314 9.2539 
before v = 33.9853 25.9608 25.9608 25.9608 25.9608 25.9608 25.9608 25.9608 22.8261 22.8261 22.8261 22.8261 22.8261 22.8261 22.8261 19.8069 19.8069 19.8069 19.8069 19.8069 19.8069 19.8069 17.2206 59.0930 59.0930 120.5017 25.8047 
Ibias = 9.4000 9.4000 9.4000 9.4000 9.4000 9.4000 9.4000 9.4000 2.0000 2.0000 2.0000 2.0000 2.0000 2.0000 2.0000 2.0000 2.0000 2.0000 2.0000 2.0000 2.0000 2.0000 -2.0000 16.0000 16.0000 10.0000 -11.0000 
fa1 = 0.7997 0.2614 0.2614 0.2614 0.2614 0.2614 0.2614 0.2614 0.2079 0.2079 0.2079 0.2079 0.2079 0.2079 0.2079 0.1774 0.1774 0.1774 0.1774 0.1774 0.1774 0.1774 0.1593 37.4913 37.4913 277.7896 1.5260 
fa2 = 0.7996 0.2613 0.2613 0.2613 0.2613 0.2613 0.2613 0.2613 0.2079 0.2079 0.2079 0.2079 0.2079 0.2079 0.2079 0.1774 0.1774 0.1774 0.1774 0.1774 0.1774 0.1774 0.1593 37.8165 37.8165 287.0883 1.5193 
fa3 = 0.7996 0.2613 0.2613 0.2613 0.2613 0.2613 0.2613 0.2613 0.2079 0.2079 0.2079 0.2079 0.2079 0.2079 0.2079 0.1774 0.1774 0.1774 0.1774 0.1774 0.1774 0.1774 0.1593 37.8193 37.8193 287.4023 1.5193 
fa4 = 0.7995 0.2612 0.2612 0.2612 0.2612 0.2612 0.2612 0.2612 0.2078 0.2078 0.2078 0.2078 0.2078 0.2078 0.2078 0.1773 0.1773 0.1773 0.1773 0.1773 0.1773 0.1773 0.1592 38.1502 38.1502 297.2014 1.5126 
fb1 = -0.1978 -0.2247 -0.2247 -0.2247 -0.2247 -0.2247 -0.2247 -0.2247 -0.2349 -0.2349 -0.2349 -0.2349 -0.2349 -0.2349 -0.2349 -0.2445 -0.2445 -0.2445 -0.2445 -0.2445 -0.2445 -0.2445 -0.2528 0.0170 0.0170 0.2514 -0.0819 
fb2 = -0.1978 -0.2247 -0.2247 -0.2247 -0.2247 -0.2247 -0.2247 -0.2247 -0.2348 -0.2348 -0.2348 -0.2348 -0.2348 -0.2348 -0.2348 -0.2445 -0.2445 -0.2445 -0.2445 -0.2445 -0.2445 -0.2445 -0.2527 0.0177 0.0177 0.2569 -0.0818 
fb3 = -0.1978 -0.2247 -0.2247 -0.2247 -0.2247 -0.2247 -0.2247 -0.2247 -0.2348 -0.2348 -0.2348 -0.2348 -0.2348 -0.2348 -0.2348 -0.2445 -0.2445 -0.2445 -0.2445 -0.2445 -0.2445 -0.2445 -0.2527 0.0177 0.0177 0.2571 -0.0818 
fb4 = -0.1977 -0.2246 -0.2246 -0.2246 -0.2246 -0.2246 -0.2246 -0.2246 -0.2348 -0.2348 -0.2348 -0.2348 -0.2348 -0.2348 -0.2348 -0.2444 -0.2444 -0.2444 -0.2444 -0.2444 -0.2444 -0.2444 -0.2526 0.0185 0.0185 0.2628 -0.0818 
I = 14.9000 9.4000 9.4000 9.4000 9.4000 9.4000 9.4000 9.4000 6.0000 6.0000 6.0000 6.0000 6.0000 6.0000 6.0000 2.0000 2.0000 2.0000 2.0000 2.0000 2.0000 2.0000 -2.0000 26.0614 26.0614 10.0000 1.5587 
S1 = 0.0000 0.0000 0.0000 0.0000 0.0000 0.0000 0.0000 0.0000 0.0000 0.0000 0.0000 0.0000 0.0000 0.0000 0.0000 0.0000 0.0000 0.0000 0.0000 0.0000 0.0000 0.0000 0.0000 0.0000 0.0000 0.0000 0.0000 
S2 = 0.0000 0.0000 0.0000 0.0000 0.0000 0.0000 0.0000 0.0000 0.0000 0.0000 0.0000 0.0000 0.0000 0.0000 0.0000 0.0000 0.0000 0.0000 0.0000 0.0000 0.0000 0.0000 0.0000 2.0614 2.0614 0.0000 12.5587 
u = 8.3424 8.2125 8.2125 8.2125 8.2125 8.2125 8.2125 8.2125 8.1526 8.1526 8.1526 8.1526 8.1526 8.1526 8.1526 8.0920 8.0920 8.0920 8.0920 8.0920 8.0920 8.0920 8.0384 10.9706 10.9706 11.5340 9.2531 
v = 33.9933 25.9634 25.9634 25.9634 25.9634 25.9634 25.9634 25.9634 22.8282 22.8282 22.8282 22.8282 22.8282 22.8282 22.8282 19.8087 19.8087 19.8087 19.8087 19.8087 19.8087 19.8087 17.2222 59.4712 59.4712 123.3749 25.8199 
