ExternalI = 5.5000 0.0000 0.0000 0.0000 0.0000 0.0000 0.0000 0.0000 4.0000 4.0000 4.0000 4.0000 4.0000 4.0000 4.0000 0.0000 0.0000 0.0000 0.0000 0.0000 0.0000 0.0000 0.0000 8.0000 8.0000 0.0000 0.0000 
before u = 8.3424 8.2125 8.2125 8.2125 8.2125 8.2125 8.2125 8.2125 8.1526 8.1526 8.1526 8.1526 8.1526 8.1526 8.1526 8.0920 8.0920 8.0920 8.0920 8.0920 8.0920 8.0920 8.0384 10.9706 10.9706 11.5340 9.2531 
before v = 33.9933 25.9634 25.9634 25.9634 25.9634 25.9634 25.9634 25.9634 22.8282 22.8282 22.8282 22.8282 22.8282 22.8282 22.8282 19.8087 19.8087 19.8087 19.8087 19.8087 19.8087 19.8087 17.2222 59.4712 59.4712 123.3749 25.8199 
Ibias = 9.4000 9.4000 9.4000 9.4000 9.4000 9.4000 9.4000 9.4000 2.0000 2.0000 2.0000 2.0000 2.0000 2.0000 2.0000 2.0000 2.0000 2.0000 2.0000 2.0000 2.0000 2.0000 -2.0000 16.0000 16.0000 10.0000 -11.0000 
fa1 = 0.7995 0.2612 0.2612 0.2612 0.2612 0.2612 0.2612 0.2612 0.2078 0.2078 0.2078 0.2078 0.2078 0.2078 0.2078 0.1773 0.1773 0.1773 0.1773 0.1773 0.1773 0.1773 0.1592 38.1460 38.1460 297.1963 1.4875 
fa2 = 0.7993 0.2611 0.2611 0.2611 0.2611 0.2611 0.2611 0.2611 0.2078 0.2078 0.2078 0.2078 0.2078 0.2078 0.2078 0.1773 0.1773 0.1773 0.1773 0.1773 0.1773 0.1773 0.1592 38.4826 38.4826 307.4920 1.4809 
fa3 = 0.7993 0.2611 0.2611 0.2611 0.2611 0.2611 0.2611 0.2611 0.2078 0.2078 0.2078 0.2078 0.2078 0.2078 0.2078 0.1773 0.1773 0.1773 0.1773 0.1773 0.1773 0.1773 0.1592 38.4856 38.4856 307.8518 1.4810 
fa4 = 0.7992 0.2611 0.2611 0.2611 0.2611 0.2611 0.2611 0.2611 0.2077 0.2077 0.2077 0.2077 0.2077 0.2077 0.2077 0.1773 0.1773 0.1773 0.1773 0.1773 0.1773 0.1773 0.1592 38.8282 38.8282 318.7221 1.4745 
fb1 = -0.1977 -0.2246 -0.2246 -0.2246 -0.2246 -0.2246 -0.2246 -0.2246 -0.2348 -0.2348 -0.2348 -0.2348 -0.2348 -0.2348 -0.2348 -0.2444 -0.2444 -0.2444 -0.2444 -0.2444 -0.2444 -0.2444 -0.2526 0.0185 0.0185 0.2628 -0.0818 
fb2 = -0.1977 -0.2246 -0.2246 -0.2246 -0.2246 -0.2246 -0.2246 -0.2246 -0.2347 -0.2347 -0.2347 -0.2347 -0.2347 -0.2347 -0.2347 -0.2444 -0.2444 -0.2444 -0.2444 -0.2444 -0.2444 -0.2444 -0.2526 0.0192 0.0192 0.2687 -0.0817 
fb3 = -0.1977 -0.2246 -0.2246 -0.2246 -0.2246 -0.2246 -0.2246 -0.2246 -0.2347 -0.2347 -0.2347 -0.2347 -0.2347 -0.2347 -0.2347 -0.2444 -0.2444 -0.2444 -0.2444 -0.2444 -0.2444 -0.2444 -0.2526 0.0192 0.0192 0.2689 -0.0817 
fb4 = -0.1976 -0.2245 -0.2245 -0.2245 -0.2245 -0.2245 -0.2245 -0.2245 -0.2347 -0.2347 -0.2347 -0.2347 -0.2347 -0.2347 -0.2347 -0.2443 -0.2443 -0.2443 -0.2443 -0.2443 -0.2443 -0.2443 -0.2525 0.0200 0.0200 0.2751 -0.0817 
I = 14.9000 9.4000 9.4000 9.4000 9.4000 9.4000 9.4000 9.4000 6.0000 6.0000 6.0000 6.0000 6.0000 6.0000 6.0000 2.0000 2.0000 2.0000 2.0000 2.0000 2.0000 2.0000 -2.0000 26.0573 26.0573 10.0000 1.5336 
S1 = 0.0000 0.0000 0.0000 0.0000 0.0000 0.0000 0.0000 0.0000 0.0000 0.0000 0.0000 0.0000 0.0000 0.0000 0.0000 0.0000 0.0000 0.0000 0.0000 0.0000 0.0000 0.0000 0.0000 0.0000 0.0000 0.0000 0.0000 
S2 = 0.0000 0.0000 0.0000 0.0000 0.0000 0.0000 0.0000 0.0000 0.0000 0.0000 0.0000 0.0000 0.0000 0.0000 0.0000 0.0000 0.0000 0.0000 0.0000 0.0000 0.0000 0.0000 0.0000 2.0573 2.0573 0.0000 12.5336 
u = 8.3404 8.2102 8.2102 8.2102 8.2102 8.2102 8.2102 8.2102 8.1503 8.1503 8.1503 8.1503 8.1503 8.1503 8.1503 8.0895 8.0895 8.0895 8.0895 8.0895 8.0895 8.0895 8.0359 10.9708 10.9708 11.5366 9.2523 
v = 34.0013 25.9660 25.9660 25.9660 25.9660 25.9660 25.9660 25.9660 22.8303 22.8303 22.8303 22.8303 22.8303 22.8303 22.8303 19.8104 19.8104 19.8104 19.8104 19.8104 19.8104 19.8104 17.2238 59.8560 59.8560 126.4526 25.8347 
