ExternalI = 5.5000 0.0000 0.0000 0.0000 0.0000 0.0000 0.0000 0.0000 4.0000 4.0000 4.0000 4.0000 4.0000 4.0000 4.0000 0.0000 0.0000 0.0000 0.0000 0.0000 0.0000 0.0000 0.0000 8.0000 8.0000 0.0000 0.0000 
before u = 8.3404 8.2102 8.2102 8.2102 8.2102 8.2102 8.2102 8.2102 8.1503 8.1503 8.1503 8.1503 8.1503 8.1503 8.1503 8.0895 8.0895 8.0895 8.0895 8.0895 8.0895 8.0895 8.0359 10.9708 10.9708 11.5366 9.2523 
before v = 34.0013 25.9660 25.9660 25.9660 25.9660 25.9660 25.9660 25.9660 22.8303 22.8303 22.8303 22.8303 22.8303 22.8303 22.8303 19.8104 19.8104 19.8104 19.8104 19.8104 19.8104 19.8104 17.2238 59.8560 59.8560 126.4526 25.8347 
Ibias = 9.4000 9.4000 9.4000 9.4000 9.4000 9.4000 9.4000 9.4000 2.0000 2.0000 2.0000 2.0000 2.0000 2.0000 2.0000 2.0000 2.0000 2.0000 2.0000 2.0000 2.0000 2.0000 -2.0000 16.0000 16.0000 10.0000 -11.0000 
fa1 = 0.7992 0.2611 0.2611 0.2611 0.2611 0.2611 0.2611 0.2611 0.2077 0.2077 0.2077 0.2077 0.2077 0.2077 0.2077 0.1773 0.1773 0.1773 0.1773 0.1773 0.1773 0.1773 0.1592 38.8241 38.8241 318.7161 1.4494 
fa2 = 0.7991 0.2610 0.2610 0.2610 0.2610 0.2610 0.2610 0.2610 0.2077 0.2077 0.2077 0.2077 0.2077 0.2077 0.2077 0.1772 0.1772 0.1772 0.1772 0.1772 0.1772 0.1772 0.1592 39.1727 39.1727 330.1566 1.4431 
fa3 = 0.7991 0.2610 0.2610 0.2610 0.2610 0.2610 0.2610 0.2610 0.2077 0.2077 0.2077 0.2077 0.2077 0.2077 0.2077 0.1772 0.1772 0.1772 0.1772 0.1772 0.1772 0.1772 0.1592 39.1758 39.1758 330.5710 1.4431 
fa4 = 0.7990 0.2609 0.2609 0.2609 0.2609 0.2609 0.2609 0.2609 0.2076 0.2076 0.2076 0.2076 0.2076 0.2076 0.2076 0.1772 0.1772 0.1772 0.1772 0.1772 0.1772 0.1772 0.1591 39.5307 39.5307 342.6745 1.4368 
fb1 = -0.1976 -0.2245 -0.2245 -0.2245 -0.2245 -0.2245 -0.2245 -0.2245 -0.2347 -0.2347 -0.2347 -0.2347 -0.2347 -0.2347 -0.2347 -0.2443 -0.2443 -0.2443 -0.2443 -0.2443 -0.2443 -0.2443 -0.2525 0.0200 0.0200 0.2751 -0.0817 
fb2 = -0.1976 -0.2245 -0.2245 -0.2245 -0.2245 -0.2245 -0.2245 -0.2245 -0.2346 -0.2346 -0.2346 -0.2346 -0.2346 -0.2346 -0.2346 -0.2443 -0.2443 -0.2443 -0.2443 -0.2443 -0.2443 -0.2443 -0.2525 0.0208 0.0208 0.2814 -0.0817 
fb3 = -0.1976 -0.2245 -0.2245 -0.2245 -0.2245 -0.2245 -0.2245 -0.2245 -0.2346 -0.2346 -0.2346 -0.2346 -0.2346 -0.2346 -0.2346 -0.2443 -0.2443 -0.2443 -0.2443 -0.2443 -0.2443 -0.2443 -0.2525 0.0208 0.0208 0.2817 -0.0817 
fb4 = -0.1975 -0.2244 -0.2244 -0.2244 -0.2244 -0.2244 -0.2244 -0.2244 -0.2346 -0.2346 -0.2346 -0.2346 -0.2346 -0.2346 -0.2346 -0.2442 -0.2442 -0.2442 -0.2442 -0.2442 -0.2442 -0.2442 -0.2524 0.0216 0.0216 0.2882 -0.0816 
I = 14.9000 9.4000 9.4000 9.4000 9.4000 9.4000 9.4000 9.4000 6.0000 6.0000 6.0000 6.0000 6.0000 6.0000 6.0000 2.0000 2.0000 2.0000 2.0000 2.0000 2.0000 2.0000 -2.0000 26.0532 26.0532 10.0000 1.5085 
S1 = 0.0000 0.0000 0.0000 0.0000 0.0000 0.0000 0.0000 0.0000 0.0000 0.0000 0.0000 0.0000 0.0000 0.0000 0.0000 0.0000 0.0000 0.0000 0.0000 0.0000 0.0000 0.0000 0.0000 0.0000 0.0000 0.0000 0.0000 
S2 = 0.0000 0.0000 0.0000 0.0000 0.0000 0.0000 0.0000 0.0000 0.0000 0.0000 0.0000 0.0000 0.0000 0.0000 0.0000 0.0000 0.0000 0.0000 0.0000 0.0000 0.0000 0.0000 0.0000 2.0532 2.0532 0.0000 12.5085 
u = 8.3384 8.2080 8.2080 8.2080 8.2080 8.2080 8.2080 8.2080 8.1479 8.1479 8.1479 8.1479 8.1479 8.1479 8.1479 8.0871 8.0871 8.0871 8.0871 8.0871 8.0871 8.0871 8.0333 10.9710 10.9710 11.5395 9.2515 
v = 34.0093 25.9687 25.9687 25.9687 25.9687 25.9687 25.9687 25.9687 22.8324 22.8324 22.8324 22.8324 22.8324 22.8324 22.8324 19.8122 19.8122 19.8122 19.8122 19.8122 19.8122 19.8122 17.2253 60.2478 60.2478 129.7574 25.8492 
