ExternalI = 5.5000 0.0000 0.0000 0.0000 0.0000 0.0000 0.0000 0.0000 4.0000 4.0000 4.0000 4.0000 4.0000 4.0000 4.0000 0.0000 0.0000 0.0000 0.0000 0.0000 0.0000 0.0000 0.0000 8.0000 8.0000 0.0000 0.0000 
before u = 8.3384 8.2080 8.2080 8.2080 8.2080 8.2080 8.2080 8.2080 8.1479 8.1479 8.1479 8.1479 8.1479 8.1479 8.1479 8.0871 8.0871 8.0871 8.0871 8.0871 8.0871 8.0871 8.0333 10.9710 10.9710 11.5395 9.2515 
before v = 34.0093 25.9687 25.9687 25.9687 25.9687 25.9687 25.9687 25.9687 22.8324 22.8324 22.8324 22.8324 22.8324 22.8324 22.8324 19.8122 19.8122 19.8122 19.8122 19.8122 19.8122 19.8122 17.2253 60.2478 60.2478 129.7574 25.8492 
Ibias = 9.4000 9.4000 9.4000 9.4000 9.4000 9.4000 9.4000 9.4000 2.0000 2.0000 2.0000 2.0000 2.0000 2.0000 2.0000 2.0000 2.0000 2.0000 2.0000 2.0000 2.0000 2.0000 -2.0000 16.0000 16.0000 10.0000 -11.0000 
fa1 = 0.7990 0.2609 0.2609 0.2609 0.2609 0.2609 0.2609 0.2609 0.2076 0.2076 0.2076 0.2076 0.2076 0.2076 0.2076 0.1772 0.1772 0.1772 0.1772 0.1772 0.1772 0.1772 0.1591 39.5266 39.5266 342.6674 1.4117 
fa2 = 0.7988 0.2608 0.2608 0.2608 0.2608 0.2608 0.2608 0.2608 0.2076 0.2076 0.2076 0.2076 0.2076 0.2076 0.2076 0.1772 0.1772 0.1772 0.1772 0.1772 0.1772 0.1772 0.1591 39.8877 39.8877 355.4288 1.4056 
fa3 = 0.7988 0.2608 0.2608 0.2608 0.2608 0.2608 0.2608 0.2608 0.2076 0.2076 0.2076 0.2076 0.2076 0.2076 0.2076 0.1772 0.1772 0.1772 0.1772 0.1772 0.1772 0.1772 0.1591 39.8910 39.8910 355.9086 1.4056 
fa4 = 0.7987 0.2607 0.2607 0.2607 0.2607 0.2607 0.2607 0.2607 0.2075 0.2075 0.2075 0.2075 0.2075 0.2075 0.2075 0.1771 0.1771 0.1771 0.1771 0.1771 0.1771 0.1771 0.1591 40.2587 40.2587 369.4393 1.3995 
fb1 = -0.1975 -0.2244 -0.2244 -0.2244 -0.2244 -0.2244 -0.2244 -0.2244 -0.2346 -0.2346 -0.2346 -0.2346 -0.2346 -0.2346 -0.2346 -0.2442 -0.2442 -0.2442 -0.2442 -0.2442 -0.2442 -0.2442 -0.2524 0.0216 0.0216 0.2882 -0.0816 
fb2 = -0.1974 -0.2244 -0.2244 -0.2244 -0.2244 -0.2244 -0.2244 -0.2244 -0.2345 -0.2345 -0.2345 -0.2345 -0.2345 -0.2345 -0.2345 -0.2442 -0.2442 -0.2442 -0.2442 -0.2442 -0.2442 -0.2442 -0.2524 0.0224 0.0224 0.2951 -0.0816 
fb3 = -0.1974 -0.2244 -0.2244 -0.2244 -0.2244 -0.2244 -0.2244 -0.2244 -0.2345 -0.2345 -0.2345 -0.2345 -0.2345 -0.2345 -0.2345 -0.2442 -0.2442 -0.2442 -0.2442 -0.2442 -0.2442 -0.2442 -0.2524 0.0224 0.0224 0.2953 -0.0816 
fb4 = -0.1974 -0.2243 -0.2243 -0.2243 -0.2243 -0.2243 -0.2243 -0.2243 -0.2345 -0.2345 -0.2345 -0.2345 -0.2345 -0.2345 -0.2345 -0.2441 -0.2441 -0.2441 -0.2441 -0.2441 -0.2441 -0.2441 -0.2523 0.0232 0.0232 0.3024 -0.0816 
I = 14.9000 9.4000 9.4000 9.4000 9.4000 9.4000 9.4000 9.4000 6.0000 6.0000 6.0000 6.0000 6.0000 6.0000 6.0000 2.0000 2.0000 2.0000 2.0000 2.0000 2.0000 2.0000 -2.0000 26.0491 26.0491 10.0000 1.4835 
S1 = 0.0000 0.0000 0.0000 0.0000 0.0000 0.0000 0.0000 0.0000 0.0000 0.0000 0.0000 0.0000 0.0000 0.0000 0.0000 0.0000 0.0000 0.0000 0.0000 0.0000 0.0000 0.0000 0.0000 0.0000 0.0000 0.0000 0.0000 
S2 = 0.0000 0.0000 0.0000 0.0000 0.0000 0.0000 0.0000 0.0000 0.0000 0.0000 0.0000 0.0000 0.0000 0.0000 0.0000 0.0000 0.0000 0.0000 0.0000 0.0000 0.0000 0.0000 0.0000 2.0491 2.0491 0.0000 12.4835 
u = 8.3365 8.2057 8.2057 8.2057 8.2057 8.2057 8.2057 8.2057 8.1456 8.1456 8.1456 8.1456 8.1456 8.1456 8.1456 8.0847 8.0847 8.0847 8.0847 8.0847 8.0847 8.0847 8.0308 10.9712 10.9712 11.5424 9.2506 
v = 34.0173 25.9713 25.9713 25.9713 25.9713 25.9713 25.9713 25.9713 22.8345 22.8345 22.8345 22.8345 22.8345 22.8345 22.8345 19.8140 19.8140 19.8140 19.8140 19.8140 19.8140 19.8140 17.2269 60.6467 60.6467 133.3153 25.8632 
