ExternalI = 5.5000 0.0000 0.0000 0.0000 0.0000 0.0000 0.0000 0.0000 4.0000 4.0000 4.0000 4.0000 4.0000 4.0000 4.0000 0.0000 0.0000 0.0000 0.0000 0.0000 0.0000 0.0000 0.0000 8.0000 8.0000 0.0000 0.0000 
before u = 8.3365 8.2057 8.2057 8.2057 8.2057 8.2057 8.2057 8.2057 8.1456 8.1456 8.1456 8.1456 8.1456 8.1456 8.1456 8.0847 8.0847 8.0847 8.0847 8.0847 8.0847 8.0847 8.0308 10.9712 10.9712 11.6424 9.2506 
before v = 34.0173 25.9713 25.9713 25.9713 25.9713 25.9713 25.9713 25.9713 22.8345 22.8345 22.8345 22.8345 22.8345 22.8345 22.8345 19.8140 19.8140 19.8140 19.8140 19.8140 19.8140 19.8140 17.2269 60.6467 60.6467 60.5000 25.8632 
Ibias = 9.4000 9.4000 9.4000 9.4000 9.4000 9.4000 9.4000 9.4000 2.0000 2.0000 2.0000 2.0000 2.0000 2.0000 2.0000 2.0000 2.0000 2.0000 2.0000 2.0000 2.0000 2.0000 -2.0000 16.0000 16.0000 10.0000 -11.0000 
fa1 = 0.7987 0.2607 0.2607 0.2607 0.2607 0.2607 0.2607 0.2607 0.2075 0.2075 0.2075 0.2075 0.2075 0.2075 0.2075 0.1771 0.1771 0.1771 0.1771 0.1771 0.1771 0.1771 0.1591 40.2545 40.2545 23.2676 2.8745 
fa2 = 0.7986 0.2606 0.2606 0.2606 0.2606 0.2606 0.2606 0.2606 0.2075 0.2075 0.2075 0.2075 0.2075 0.2075 0.2075 0.1771 0.1771 0.1771 0.1771 0.1771 0.1771 0.1771 0.1590 40.6288 40.6288 23.4821 2.8615 
fa3 = 0.7986 0.2606 0.2606 0.2606 0.2606 0.2606 0.2606 0.2606 0.2075 0.2075 0.2075 0.2075 0.2075 0.2075 0.2075 0.1771 0.1771 0.1771 0.1771 0.1771 0.1771 0.1771 0.1590 40.6322 40.6322 23.4841 2.8616 
fa4 = 0.7985 0.2606 0.2606 0.2606 0.2606 0.2606 0.2606 0.2606 0.2075 0.2075 0.2075 0.2075 0.2075 0.2075 0.2075 0.1771 0.1771 0.1771 0.1771 0.1771 0.1771 0.1771 0.1590 41.0133 41.0133 23.7018 2.8487 
fb1 = -0.1974 -0.2243 -0.2243 -0.2243 -0.2243 -0.2243 -0.2243 -0.2243 -0.2345 -0.2345 -0.2345 -0.2345 -0.2345 -0.2345 -0.2345 -0.2441 -0.2441 -0.2441 -0.2441 -0.2441 -0.2441 -0.2441 -0.2523 0.0232 0.0232 0.0092 -0.0816 
fb2 = -0.1973 -0.2243 -0.2243 -0.2243 -0.2243 -0.2243 -0.2243 -0.2243 -0.2344 -0.2344 -0.2344 -0.2344 -0.2344 -0.2344 -0.2344 -0.2441 -0.2441 -0.2441 -0.2441 -0.2441 -0.2441 -0.2441 -0.2523 0.0240 0.0240 0.0096 -0.0815 
fb3 = -0.1973 -0.2243 -0.2243 -0.2243 -0.2243 -0.2243 -0.2243 -0.2243 -0.2344 -0.2344 -0.2344 -0.2344 -0.2344 -0.2344 -0.2344 -0.2441 -0.2441 -0.2441 -0.2441 -0.2441 -0.2441 -0.2441 -0.2523 0.0240 0.0240 0.0096 -0.0815 
fb4 = -0.1973 -0.2242 -0.2242 -0.2242 -0.2242 -0.2242 -0.2242 -0.2242 -0.2344 -0.2344 -0.2344 -0.2344 -0.2344 -0.2344 -0.2344 -0.2440 -0.2440 -0.2440 -0.2440 -0.2440 -0.2440 -0.2440 -0.2522 0.0248 0.0248 0.0101 -0.0814 
I = 14.9000 9.4000 9.4000 9.4000 9.4000 9.4000 9.4000 9.4000 6.0000 6.0000 6.0000 6.0000 6.0000 6.0000 6.0000 2.0000 2.0000 2.0000 2.0000 2.0000 2.0000 2.0000 -2.0000 26.0450 26.0450 10.0000 2.9586 
S1 = 0.0000 0.0000 0.0000 0.0000 0.0000 0.0000 0.0000 0.0000 0.0000 0.0000 0.0000 0.0000 0.0000 0.0000 0.0000 0.0000 0.0000 0.0000 0.0000 0.0000 0.0000 0.0000 0.0000 0.0000 0.0000 0.0000 0.0000 
S2 = 0.0000 0.0000 0.0000 0.0000 0.0000 0.0000 0.0000 0.0000 0.0000 0.0000 0.0000 0.0000 0.0000 0.0000 0.0000 0.0000 0.0000 0.0000 0.0000 0.0000 0.0000 0.0000 0.0000 2.0450 2.0450 0.0000 13.9586 
u = 8.3345 8.2035 8.2035 8.2035 8.2035 8.2035 8.2035 8.2035 8.1432 8.1432 8.1432 8.1432 8.1432 8.1432 8.1432 8.0822 8.0822 8.0822 8.0822 8.0822 8.0822 8.0822 8.0283 10.9714 10.9714 11.6425 9.2498 
v = 34.0253 25.9739 25.9739 25.9739 25.9739 25.9739 25.9739 25.9739 22.8365 22.8365 22.8365 22.8365 22.8365 22.8365 22.8365 19.8158 19.8158 19.8158 19.8158 19.8158 19.8158 19.8158 17.2285 61.0530 61.0530 60.7348 25.8918 
