ExternalI = 5.5000 0.0000 0.0000 0.0000 0.0000 0.0000 0.0000 0.0000 4.0000 4.0000 4.0000 4.0000 4.0000 4.0000 4.0000 0.0000 0.0000 0.0000 0.0000 0.0000 0.0000 0.0000 0.0000 8.0000 8.0000 0.0000 0.0000 
before u = 8.3345 8.2035 8.2035 8.2035 8.2035 8.2035 8.2035 8.2035 8.1432 8.1432 8.1432 8.1432 8.1432 8.1432 8.1432 8.0822 8.0822 8.0822 8.0822 8.0822 8.0822 8.0822 8.0283 10.9714 10.9714 11.6425 9.2498 
before v = 34.0253 25.9739 25.9739 25.9739 25.9739 25.9739 25.9739 25.9739 22.8365 22.8365 22.8365 22.8365 22.8365 22.8365 22.8365 19.8158 19.8158 19.8158 19.8158 19.8158 19.8158 19.8158 17.2285 61.0530 61.0530 60.7348 25.8918 
Ibias = 9.4000 9.4000 9.4000 9.4000 9.4000 9.4000 9.4000 9.4000 2.0000 2.0000 2.0000 2.0000 2.0000 2.0000 2.0000 2.0000 2.0000 2.0000 2.0000 2.0000 2.0000 2.0000 -2.0000 16.0000 16.0000 10.0000 -11.0000 
fa1 = 0.7985 0.2606 0.2606 0.2606 0.2606 0.2606 0.2606 0.2606 0.2075 0.2075 0.2075 0.2075 0.2075 0.2075 0.2075 0.1771 0.1771 0.1771 0.1771 0.1771 0.1771 0.1771 0.1590 41.0092 41.0092 23.7018 2.8208 
fa2 = 0.7983 0.2605 0.2605 0.2605 0.2605 0.2605 0.2605 0.2605 0.2074 0.2074 0.2074 0.2074 0.2074 0.2074 0.2074 0.1770 0.1770 0.1770 0.1770 0.1770 0.1770 0.1770 0.1590 41.3971 41.3971 23.9226 2.8081 
fa3 = 0.7983 0.2605 0.2605 0.2605 0.2605 0.2605 0.2605 0.2605 0.2074 0.2074 0.2074 0.2074 0.2074 0.2074 0.2074 0.1770 0.1770 0.1770 0.1770 0.1770 0.1770 0.1770 0.1590 41.4008 41.4008 23.9246 2.8082 
fa4 = 0.7982 0.2604 0.2604 0.2604 0.2604 0.2604 0.2604 0.2604 0.2074 0.2074 0.2074 0.2074 0.2074 0.2074 0.2074 0.1770 0.1770 0.1770 0.1770 0.1770 0.1770 0.1770 0.1590 41.7959 41.7959 24.1487 2.7956 
fb1 = -0.1973 -0.2242 -0.2242 -0.2242 -0.2242 -0.2242 -0.2242 -0.2242 -0.2344 -0.2344 -0.2344 -0.2344 -0.2344 -0.2344 -0.2344 -0.2440 -0.2440 -0.2440 -0.2440 -0.2440 -0.2440 -0.2440 -0.2522 0.0248 0.0248 0.0101 -0.0814 
fb2 = -0.1972 -0.2242 -0.2242 -0.2242 -0.2242 -0.2242 -0.2242 -0.2242 -0.2343 -0.2343 -0.2343 -0.2343 -0.2343 -0.2343 -0.2343 -0.2440 -0.2440 -0.2440 -0.2440 -0.2440 -0.2440 -0.2440 -0.2522 0.0256 0.0256 0.0106 -0.0814 
fb3 = -0.1972 -0.2242 -0.2242 -0.2242 -0.2242 -0.2242 -0.2242 -0.2242 -0.2343 -0.2343 -0.2343 -0.2343 -0.2343 -0.2343 -0.2343 -0.2440 -0.2440 -0.2440 -0.2440 -0.2440 -0.2440 -0.2440 -0.2522 0.0256 0.0256 0.0106 -0.0814 
fb4 = -0.1972 -0.2241 -0.2241 -0.2241 -0.2241 -0.2241 -0.2241 -0.2241 -0.2343 -0.2343 -0.2343 -0.2343 -0.2343 -0.2343 -0.2343 -0.2439 -0.2439 -0.2439 -0.2439 -0.2439 -0.2439 -0.2439 -0.2521 0.0264 0.0264 0.0110 -0.0813 
I = 14.9000 9.4000 9.4000 9.4000 9.4000 9.4000 9.4000 9.4000 6.0000 6.0000 6.0000 6.0000 6.0000 6.0000 6.0000 2.0000 2.0000 2.0000 2.0000 2.0000 2.0000 2.0000 -2.0000 26.0409 26.0409 10.0000 2.9306 
S1 = 0.0000 0.0000 0.0000 0.0000 0.0000 0.0000 0.0000 0.0000 0.0000 0.0000 0.0000 0.0000 0.0000 0.0000 0.0000 0.0000 0.0000 0.0000 0.0000 0.0000 0.0000 0.0000 0.0000 0.0000 0.0000 0.0000 0.0000 
S2 = 0.0000 0.0000 0.0000 0.0000 0.0000 0.0000 0.0000 0.0000 0.0000 0.0000 0.0000 0.0000 0.0000 0.0000 0.0000 0.0000 0.0000 0.0000 0.0000 0.0000 0.0000 0.0000 0.0000 2.0409 2.0409 0.0000 13.9306 
u = 8.3325 8.2013 8.2013 8.2013 8.2013 8.2013 8.2013 8.2013 8.1409 8.1409 8.1409 8.1409 8.1409 8.1409 8.1409 8.0798 8.0798 8.0798 8.0798 8.0798 8.0798 8.0798 8.0258 10.9717 10.9717 11.6426 9.2490 
v = 34.0333 25.9765 25.9765 25.9765 25.9765 25.9765 25.9765 25.9765 22.8386 22.8386 22.8386 22.8386 22.8386 22.8386 22.8386 19.8175 19.8175 19.8175 19.8175 19.8175 19.8175 19.8175 17.2301 61.4670 61.4670 60.9741 25.9199 
