ExternalI = 5.5000 0.0000 0.0000 0.0000 0.0000 0.0000 0.0000 0.0000 4.0000 4.0000 4.0000 4.0000 4.0000 4.0000 4.0000 0.0000 0.0000 0.0000 0.0000 0.0000 0.0000 0.0000 0.0000 8.0000 8.0000 0.0000 0.0000 
before u = 8.3325 8.2013 8.2013 8.2013 8.2013 8.2013 8.2013 8.2013 8.1409 8.1409 8.1409 8.1409 8.1409 8.1409 8.1409 8.0798 8.0798 8.0798 8.0798 8.0798 8.0798 8.0798 8.0258 10.9717 10.9717 11.6426 9.2490 
before v = 34.0333 25.9765 25.9765 25.9765 25.9765 25.9765 25.9765 25.9765 22.8386 22.8386 22.8386 22.8386 22.8386 22.8386 22.8386 19.8175 19.8175 19.8175 19.8175 19.8175 19.8175 19.8175 17.2301 61.4670 61.4670 60.9741 25.9199 
Ibias = 9.4000 9.4000 9.4000 9.4000 9.4000 9.4000 9.4000 9.4000 2.0000 2.0000 2.0000 2.0000 2.0000 2.0000 2.0000 2.0000 2.0000 2.0000 2.0000 2.0000 2.0000 2.0000 -2.0000 16.0000 16.0000 10.0000 -11.0000 
fa1 = 0.7982 0.2604 0.2604 0.2604 0.2604 0.2604 0.2604 0.2604 0.2074 0.2074 0.2074 0.2074 0.2074 0.2074 0.2074 0.1770 0.1770 0.1770 0.1770 0.1770 0.1770 0.1770 0.1590 41.7918 41.7918 24.1487 2.7677 
fa2 = 0.7981 0.2603 0.2603 0.2603 0.2603 0.2603 0.2603 0.2603 0.2073 0.2073 0.2073 0.2073 0.2073 0.2073 0.2073 0.1770 0.1770 0.1770 0.1770 0.1770 0.1770 0.1770 0.1589 42.1941 42.1941 24.3759 2.7553 
fa3 = 0.7981 0.2603 0.2603 0.2603 0.2603 0.2603 0.2603 0.2603 0.2073 0.2073 0.2073 0.2073 0.2073 0.2073 0.2073 0.1770 0.1770 0.1770 0.1770 0.1770 0.1770 0.1770 0.1589 42.1980 42.1980 24.3781 2.7554 
fa4 = 0.7980 0.2602 0.2602 0.2602 0.2602 0.2602 0.2602 0.2602 0.2073 0.2073 0.2073 0.2073 0.2073 0.2073 0.2073 0.1769 0.1769 0.1769 0.1769 0.1769 0.1769 0.1769 0.1589 42.6077 42.6077 24.6087 2.7430 
fb1 = -0.1972 -0.2241 -0.2241 -0.2241 -0.2241 -0.2241 -0.2241 -0.2241 -0.2343 -0.2343 -0.2343 -0.2343 -0.2343 -0.2343 -0.2343 -0.2439 -0.2439 -0.2439 -0.2439 -0.2439 -0.2439 -0.2439 -0.2521 0.0264 0.0264 0.0110 -0.0813 
fb2 = -0.1971 -0.2241 -0.2241 -0.2241 -0.2241 -0.2241 -0.2241 -0.2241 -0.2342 -0.2342 -0.2342 -0.2342 -0.2342 -0.2342 -0.2342 -0.2439 -0.2439 -0.2439 -0.2439 -0.2439 -0.2439 -0.2439 -0.2521 0.0273 0.0273 0.0115 -0.0812 
fb3 = -0.1971 -0.2241 -0.2241 -0.2241 -0.2241 -0.2241 -0.2241 -0.2241 -0.2342 -0.2342 -0.2342 -0.2342 -0.2342 -0.2342 -0.2342 -0.2439 -0.2439 -0.2439 -0.2439 -0.2439 -0.2439 -0.2439 -0.2521 0.0273 0.0273 0.0115 -0.0812 
fb4 = -0.1971 -0.2240 -0.2240 -0.2240 -0.2240 -0.2240 -0.2240 -0.2240 -0.2342 -0.2342 -0.2342 -0.2342 -0.2342 -0.2342 -0.2342 -0.2438 -0.2438 -0.2438 -0.2438 -0.2438 -0.2438 -0.2438 -0.2520 0.0281 0.0281 0.0120 -0.0812 
I = 14.9000 9.4000 9.4000 9.4000 9.4000 9.4000 9.4000 9.4000 6.0000 6.0000 6.0000 6.0000 6.0000 6.0000 6.0000 2.0000 2.0000 2.0000 2.0000 2.0000 2.0000 2.0000 -2.0000 26.0368 26.0368 10.0000 2.9028 
S1 = 0.0000 0.0000 0.0000 0.0000 0.0000 0.0000 0.0000 0.0000 0.0000 0.0000 0.0000 0.0000 0.0000 0.0000 0.0000 0.0000 0.0000 0.0000 0.0000 0.0000 0.0000 0.0000 0.0000 0.0000 0.0000 0.0000 0.0000 
S2 = 0.0000 0.0000 0.0000 0.0000 0.0000 0.0000 0.0000 0.0000 0.0000 0.0000 0.0000 0.0000 0.0000 0.0000 0.0000 0.0000 0.0000 0.0000 0.0000 0.0000 0.0000 0.0000 0.0000 2.0368 2.0368 0.0000 13.9028 
u = 8.3305 8.1990 8.1990 8.1990 8.1990 8.1990 8.1990 8.1990 8.1386 8.1386 8.1386 8.1386 8.1386 8.1386 8.1386 8.0773 8.0773 8.0773 8.0773 8.0773 8.0773 8.0773 8.0233 10.9720 10.9720 11.6427 9.2482 
v = 34.0412 25.9791 25.9791 25.9791 25.9791 25.9791 25.9791 25.9791 22.8407 22.8407 22.8407 22.8407 22.8407 22.8407 22.8407 19.8193 19.8193 19.8193 19.8193 19.8193 19.8193 19.8193 17.2317 61.8890 61.8890 61.2179 25.9475 
