ExternalI = 5.5000 0.0000 0.0000 0.0000 0.0000 0.0000 0.0000 0.0000 4.0000 4.0000 4.0000 4.0000 4.0000 4.0000 4.0000 0.0000 0.0000 0.0000 0.0000 0.0000 0.0000 0.0000 0.0000 8.0000 8.0000 0.0000 0.0000 
before u = 8.3305 8.1990 8.1990 8.1990 8.1990 8.1990 8.1990 8.1990 8.1386 8.1386 8.1386 8.1386 8.1386 8.1386 8.1386 8.0773 8.0773 8.0773 8.0773 8.0773 8.0773 8.0773 8.0233 10.9720 10.9720 11.6427 9.2482 
before v = 34.0412 25.9791 25.9791 25.9791 25.9791 25.9791 25.9791 25.9791 22.8407 22.8407 22.8407 22.8407 22.8407 22.8407 22.8407 19.8193 19.8193 19.8193 19.8193 19.8193 19.8193 19.8193 17.2317 61.8890 61.8890 61.2179 25.9475 
Ibias = 9.4000 9.4000 9.4000 9.4000 9.4000 9.4000 9.4000 9.4000 2.0000 2.0000 2.0000 2.0000 2.0000 2.0000 2.0000 2.0000 2.0000 2.0000 2.0000 2.0000 2.0000 2.0000 -2.0000 16.0000 16.0000 10.0000 -11.0000 
fa1 = 0.7980 0.2602 0.2602 0.2602 0.2602 0.2602 0.2602 0.2602 0.2073 0.2073 0.2073 0.2073 0.2073 0.2073 0.2073 0.1769 0.1769 0.1769 0.1769 0.1769 0.1769 0.1769 0.1589 42.6037 42.6037 24.6087 2.7152 
fa2 = 0.7979 0.2602 0.2602 0.2602 0.2602 0.2602 0.2602 0.2602 0.2072 0.2072 0.2072 0.2072 0.2072 0.2072 0.2072 0.1769 0.1769 0.1769 0.1769 0.1769 0.1769 0.1769 0.1589 43.0210 43.0210 24.8427 2.7031 
fa3 = 0.7979 0.2602 0.2602 0.2602 0.2602 0.2602 0.2602 0.2602 0.2072 0.2072 0.2072 0.2072 0.2072 0.2072 0.2072 0.1769 0.1769 0.1769 0.1769 0.1769 0.1769 0.1769 0.1589 43.0251 43.0251 24.8450 2.7031 
fa4 = 0.7977 0.2601 0.2601 0.2601 0.2601 0.2601 0.2601 0.2601 0.2072 0.2072 0.2072 0.2072 0.2072 0.2072 0.2072 0.1769 0.1769 0.1769 0.1769 0.1769 0.1769 0.1769 0.1588 43.4502 43.4502 25.0825 2.6911 
fb1 = -0.1971 -0.2240 -0.2240 -0.2240 -0.2240 -0.2240 -0.2240 -0.2240 -0.2342 -0.2342 -0.2342 -0.2342 -0.2342 -0.2342 -0.2342 -0.2438 -0.2438 -0.2438 -0.2438 -0.2438 -0.2438 -0.2438 -0.2520 0.0281 0.0281 0.0120 -0.0812 
fb2 = -0.1970 -0.2240 -0.2240 -0.2240 -0.2240 -0.2240 -0.2240 -0.2240 -0.2341 -0.2341 -0.2341 -0.2341 -0.2341 -0.2341 -0.2341 -0.2438 -0.2438 -0.2438 -0.2438 -0.2438 -0.2438 -0.2438 -0.2519 0.0290 0.0290 0.0125 -0.0811 
fb3 = -0.1970 -0.2240 -0.2240 -0.2240 -0.2240 -0.2240 -0.2240 -0.2240 -0.2341 -0.2341 -0.2341 -0.2341 -0.2341 -0.2341 -0.2341 -0.2438 -0.2438 -0.2438 -0.2438 -0.2438 -0.2438 -0.2438 -0.2519 0.0290 0.0290 0.0125 -0.0811 
fb4 = -0.1969 -0.2239 -0.2239 -0.2239 -0.2239 -0.2239 -0.2239 -0.2239 -0.2341 -0.2341 -0.2341 -0.2341 -0.2341 -0.2341 -0.2341 -0.2437 -0.2437 -0.2437 -0.2437 -0.2437 -0.2437 -0.2437 -0.2519 0.0298 0.0298 0.0130 -0.0810 
I = 14.9000 9.4000 9.4000 9.4000 9.4000 9.4000 9.4000 9.4000 6.0000 6.0000 6.0000 6.0000 6.0000 6.0000 6.0000 2.0000 2.0000 2.0000 2.0000 2.0000 2.0000 2.0000 -2.0000 26.0327 26.0327 10.0000 2.8750 
S1 = 0.0000 0.0000 0.0000 0.0000 0.0000 0.0000 0.0000 0.0000 0.0000 0.0000 0.0000 0.0000 0.0000 0.0000 0.0000 0.0000 0.0000 0.0000 0.0000 0.0000 0.0000 0.0000 0.0000 0.0000 0.0000 0.0000 0.0000 
S2 = 0.0000 0.0000 0.0000 0.0000 0.0000 0.0000 0.0000 0.0000 0.0000 0.0000 0.0000 0.0000 0.0000 0.0000 0.0000 0.0000 0.0000 0.0000 0.0000 0.0000 0.0000 0.0000 0.0000 2.0327 2.0327 0.0000 13.8750 
u = 8.3286 8.1968 8.1968 8.1968 8.1968 8.1968 8.1968 8.1968 8.1362 8.1362 8.1362 8.1362 8.1362 8.1362 8.1362 8.0749 8.0749 8.0749 8.0749 8.0749 8.0749 8.0749 8.0207 10.9722 10.9722 11.6429 9.2474 
v = 34.0492 25.9817 25.9817 25.9817 25.9817 25.9817 25.9817 25.9817 22.8427 22.8427 22.8427 22.8427 22.8427 22.8427 22.8427 19.8211 19.8211 19.8211 19.8211 19.8211 19.8211 19.8211 17.2333 62.3192 62.3192 61.4663 25.9745 
