ExternalI = 5.5000 0.0000 0.0000 0.0000 0.0000 0.0000 0.0000 0.0000 4.0000 4.0000 4.0000 4.0000 4.0000 4.0000 4.0000 0.0000 0.0000 0.0000 0.0000 0.0000 0.0000 0.0000 0.0000 8.0000 8.0000 0.0000 0.0000 
before u = 8.3286 8.1968 8.1968 8.1968 8.1968 8.1968 8.1968 8.1968 8.1362 8.1362 8.1362 8.1362 8.1362 8.1362 8.1362 8.0749 8.0749 8.0749 8.0749 8.0749 8.0749 8.0749 8.0207 10.9722 10.9722 11.6429 9.2474 
before v = 34.0492 25.9817 25.9817 25.9817 25.9817 25.9817 25.9817 25.9817 22.8427 22.8427 22.8427 22.8427 22.8427 22.8427 22.8427 19.8211 19.8211 19.8211 19.8211 19.8211 19.8211 19.8211 17.2333 62.3192 62.3192 61.4663 25.9745 
Ibias = 9.4000 9.4000 9.4000 9.4000 9.4000 9.4000 9.4000 9.4000 2.0000 2.0000 2.0000 2.0000 2.0000 2.0000 2.0000 2.0000 2.0000 2.0000 2.0000 2.0000 2.0000 2.0000 -2.0000 16.0000 16.0000 10.0000 -11.0000 
fa1 = 0.7977 0.2601 0.2601 0.2601 0.2601 0.2601 0.2601 0.2601 0.2072 0.2072 0.2072 0.2072 0.2072 0.2072 0.2072 0.1769 0.1769 0.1769 0.1769 0.1769 0.1769 0.1769 0.1588 43.4462 43.4462 25.0825 2.6633 
fa2 = 0.7976 0.2600 0.2600 0.2600 0.2600 0.2600 0.2600 0.2600 0.2071 0.2071 0.2071 0.2071 0.2071 0.2071 0.2071 0.1769 0.1769 0.1769 0.1769 0.1769 0.1769 0.1769 0.1588 43.8792 43.8792 25.3235 2.6515 
fa3 = 0.7976 0.2600 0.2600 0.2600 0.2600 0.2600 0.2600 0.2600 0.2071 0.2071 0.2071 0.2071 0.2071 0.2071 0.2071 0.1769 0.1769 0.1769 0.1769 0.1769 0.1769 0.1769 0.1588 43.8836 43.8836 25.3258 2.6515 
fa4 = 0.7975 0.2599 0.2599 0.2599 0.2599 0.2599 0.2599 0.2599 0.2071 0.2071 0.2071 0.2071 0.2071 0.2071 0.2071 0.1768 0.1768 0.1768 0.1768 0.1768 0.1768 0.1768 0.1588 44.3249 44.3249 25.5705 2.6397 
fb1 = -0.1969 -0.2239 -0.2239 -0.2239 -0.2239 -0.2239 -0.2239 -0.2239 -0.2341 -0.2341 -0.2341 -0.2341 -0.2341 -0.2341 -0.2341 -0.2437 -0.2437 -0.2437 -0.2437 -0.2437 -0.2437 -0.2437 -0.2519 0.0298 0.0298 0.0130 -0.0810 
fb2 = -0.1969 -0.2239 -0.2239 -0.2239 -0.2239 -0.2239 -0.2239 -0.2239 -0.2340 -0.2340 -0.2340 -0.2340 -0.2340 -0.2340 -0.2340 -0.2437 -0.2437 -0.2437 -0.2437 -0.2437 -0.2437 -0.2437 -0.2518 0.0307 0.0307 0.0135 -0.0810 
fb3 = -0.1969 -0.2239 -0.2239 -0.2239 -0.2239 -0.2239 -0.2239 -0.2239 -0.2340 -0.2340 -0.2340 -0.2340 -0.2340 -0.2340 -0.2340 -0.2437 -0.2437 -0.2437 -0.2437 -0.2437 -0.2437 -0.2437 -0.2518 0.0307 0.0307 0.0135 -0.0810 
fb4 = -0.1968 -0.2238 -0.2238 -0.2238 -0.2238 -0.2238 -0.2238 -0.2238 -0.2340 -0.2340 -0.2340 -0.2340 -0.2340 -0.2340 -0.2340 -0.2436 -0.2436 -0.2436 -0.2436 -0.2436 -0.2436 -0.2436 -0.2518 0.0316 0.0316 0.0140 -0.0809 
I = 14.9000 9.4000 9.4000 9.4000 9.4000 9.4000 9.4000 9.4000 6.0000 6.0000 6.0000 6.0000 6.0000 6.0000 6.0000 2.0000 2.0000 2.0000 2.0000 2.0000 2.0000 2.0000 -2.0000 26.0287 26.0287 10.0000 2.8472 
S1 = 0.0000 0.0000 0.0000 0.0000 0.0000 0.0000 0.0000 0.0000 0.0000 0.0000 0.0000 0.0000 0.0000 0.0000 0.0000 0.0000 0.0000 0.0000 0.0000 0.0000 0.0000 0.0000 0.0000 0.0000 0.0000 0.0000 0.0000 
S2 = 0.0000 0.0000 0.0000 0.0000 0.0000 0.0000 0.0000 0.0000 0.0000 0.0000 0.0000 0.0000 0.0000 0.0000 0.0000 0.0000 0.0000 0.0000 0.0000 0.0000 0.0000 0.0000 0.0000 2.0287 2.0287 0.0000 13.8472 
u = 8.3266 8.1945 8.1945 8.1945 8.1945 8.1945 8.1945 8.1945 8.1339 8.1339 8.1339 8.1339 8.1339 8.1339 8.1339 8.0725 8.0725 8.0725 8.0725 8.0725 8.0725 8.0725 8.0182 10.9726 10.9726 11.6430 9.2466 
v = 34.0572 25.9843 25.9843 25.9843 25.9843 25.9843 25.9843 25.9843 22.8448 22.8448 22.8448 22.8448 22.8448 22.8448 22.8448 19.8228 19.8228 19.8228 19.8228 19.8228 19.8228 19.8228 17.2349 62.7581 62.7581 61.7196 26.0010 
