ExternalI = 5.5000 0.0000 0.0000 0.0000 0.0000 0.0000 0.0000 0.0000 4.0000 4.0000 4.0000 4.0000 4.0000 4.0000 4.0000 0.0000 0.0000 0.0000 0.0000 0.0000 0.0000 0.0000 0.0000 8.0000 8.0000 0.0000 0.0000 
before u = 8.3266 8.1945 8.1945 8.1945 8.1945 8.1945 8.1945 8.1945 8.1339 8.1339 8.1339 8.1339 8.1339 8.1339 8.1339 8.0725 8.0725 8.0725 8.0725 8.0725 8.0725 8.0725 8.0182 10.9726 10.9726 11.6430 9.2466 
before v = 34.0572 25.9843 25.9843 25.9843 25.9843 25.9843 25.9843 25.9843 22.8448 22.8448 22.8448 22.8448 22.8448 22.8448 22.8448 19.8228 19.8228 19.8228 19.8228 19.8228 19.8228 19.8228 17.2349 62.7581 62.7581 61.7196 26.0010 
Ibias = 9.4000 9.4000 9.4000 9.4000 9.4000 9.4000 9.4000 9.4000 2.0000 2.0000 2.0000 2.0000 2.0000 2.0000 2.0000 2.0000 2.0000 2.0000 2.0000 2.0000 2.0000 2.0000 -2.0000 16.0000 16.0000 10.0000 -11.0000 
fa1 = 0.7975 0.2599 0.2599 0.2599 0.2599 0.2599 0.2599 0.2599 0.2071 0.2071 0.2071 0.2071 0.2071 0.2071 0.2071 0.1768 0.1768 0.1768 0.1768 0.1768 0.1768 0.1768 0.1588 44.3208 44.3208 25.5705 2.6120 
fa2 = 0.7974 0.2599 0.2599 0.2599 0.2599 0.2599 0.2599 0.2599 0.2071 0.2071 0.2071 0.2071 0.2071 0.2071 0.2071 0.1768 0.1768 0.1768 0.1768 0.1768 0.1768 0.1768 0.1588 44.7704 44.7704 25.8188 2.6004 
fa3 = 0.7974 0.2599 0.2599 0.2599 0.2599 0.2599 0.2599 0.2599 0.2071 0.2071 0.2071 0.2071 0.2071 0.2071 0.2071 0.1768 0.1768 0.1768 0.1768 0.1768 0.1768 0.1768 0.1588 44.7750 44.7750 25.8212 2.6005 
fa4 = 0.7973 0.2598 0.2598 0.2598 0.2598 0.2598 0.2598 0.2598 0.2070 0.2070 0.2070 0.2070 0.2070 0.2070 0.2070 0.1768 0.1768 0.1768 0.1768 0.1768 0.1768 0.1768 0.1587 45.2332 45.2332 26.0733 2.5889 
fb1 = -0.1968 -0.2238 -0.2238 -0.2238 -0.2238 -0.2238 -0.2238 -0.2238 -0.2340 -0.2340 -0.2340 -0.2340 -0.2340 -0.2340 -0.2340 -0.2436 -0.2436 -0.2436 -0.2436 -0.2436 -0.2436 -0.2436 -0.2518 0.0316 0.0316 0.0140 -0.0809 
fb2 = -0.1968 -0.2238 -0.2238 -0.2238 -0.2238 -0.2238 -0.2238 -0.2238 -0.2339 -0.2339 -0.2339 -0.2339 -0.2339 -0.2339 -0.2339 -0.2436 -0.2436 -0.2436 -0.2436 -0.2436 -0.2436 -0.2436 -0.2517 0.0325 0.0325 0.0145 -0.0809 
fb3 = -0.1968 -0.2238 -0.2238 -0.2238 -0.2238 -0.2238 -0.2238 -0.2238 -0.2339 -0.2339 -0.2339 -0.2339 -0.2339 -0.2339 -0.2339 -0.2436 -0.2436 -0.2436 -0.2436 -0.2436 -0.2436 -0.2436 -0.2517 0.0325 0.0325 0.0145 -0.0809 
fb4 = -0.1967 -0.2237 -0.2237 -0.2237 -0.2237 -0.2237 -0.2237 -0.2237 -0.2339 -0.2339 -0.2339 -0.2339 -0.2339 -0.2339 -0.2339 -0.2435 -0.2435 -0.2435 -0.2435 -0.2435 -0.2435 -0.2435 -0.2517 0.0334 0.0334 0.0150 -0.0808 
I = 14.9000 9.4000 9.4000 9.4000 9.4000 9.4000 9.4000 9.4000 6.0000 6.0000 6.0000 6.0000 6.0000 6.0000 6.0000 2.0000 2.0000 2.0000 2.0000 2.0000 2.0000 2.0000 -2.0000 26.0246 26.0246 10.0000 2.8195 
S1 = 0.0000 0.0000 0.0000 0.0000 0.0000 0.0000 0.0000 0.0000 0.0000 0.0000 0.0000 0.0000 0.0000 0.0000 0.0000 0.0000 0.0000 0.0000 0.0000 0.0000 0.0000 0.0000 0.0000 0.0000 0.0000 0.0000 0.0000 
S2 = 0.0000 0.0000 0.0000 0.0000 0.0000 0.0000 0.0000 0.0000 0.0000 0.0000 0.0000 0.0000 0.0000 0.0000 0.0000 0.0000 0.0000 0.0000 0.0000 0.0000 0.0000 0.0000 0.0000 2.0246 2.0246 0.0000 13.8195 
u = 8.3246 8.1923 8.1923 8.1923 8.1923 8.1923 8.1923 8.1923 8.1315 8.1315 8.1315 8.1315 8.1315 8.1315 8.1315 8.0700 8.0700 8.0700 8.0700 8.0700 8.0700 8.0700 8.0157 10.9729 10.9729 11.6431 9.2458 
v = 34.0652 25.9869 25.9869 25.9869 25.9869 25.9869 25.9869 25.9869 22.8469 22.8469 22.8469 22.8469 22.8469 22.8469 22.8469 19.8246 19.8246 19.8246 19.8246 19.8246 19.8246 19.8246 17.2365 63.2058 63.2058 61.9778 26.0270 
