ExternalI = 5.5000 0.0000 0.0000 0.0000 0.0000 0.0000 0.0000 0.0000 4.0000 4.0000 4.0000 4.0000 4.0000 4.0000 4.0000 0.0000 0.0000 0.0000 0.0000 0.0000 0.0000 0.0000 0.0000 8.0000 8.0000 0.0000 0.0000 
before u = 8.3246 8.1923 8.1923 8.1923 8.1923 8.1923 8.1923 8.1923 8.1315 8.1315 8.1315 8.1315 8.1315 8.1315 8.1315 8.0700 8.0700 8.0700 8.0700 8.0700 8.0700 8.0700 8.0157 10.9729 10.9729 11.6431 9.2458 
before v = 34.0652 25.9869 25.9869 25.9869 25.9869 25.9869 25.9869 25.9869 22.8469 22.8469 22.8469 22.8469 22.8469 22.8469 22.8469 19.8246 19.8246 19.8246 19.8246 19.8246 19.8246 19.8246 17.2365 63.2058 63.2058 61.9778 26.0270 
Ibias = 9.4000 9.4000 9.4000 9.4000 9.4000 9.4000 9.4000 9.4000 2.0000 2.0000 2.0000 2.0000 2.0000 2.0000 2.0000 2.0000 2.0000 2.0000 2.0000 2.0000 2.0000 2.0000 -2.0000 16.0000 16.0000 10.0000 -11.0000 
fa1 = 0.7973 0.2598 0.2598 0.2598 0.2598 0.2598 0.2598 0.2598 0.2070 0.2070 0.2070 0.2070 0.2070 0.2070 0.2070 0.1768 0.1768 0.1768 0.1768 0.1768 0.1768 0.1768 0.1587 45.2292 45.2292 26.0733 2.5613 
fa2 = 0.7972 0.2597 0.2597 0.2597 0.2597 0.2597 0.2597 0.2597 0.2070 0.2070 0.2070 0.2070 0.2070 0.2070 0.2070 0.1767 0.1767 0.1767 0.1767 0.1767 0.1767 0.1767 0.1587 45.6961 45.6961 26.3292 2.5499 
fa3 = 0.7972 0.2597 0.2597 0.2597 0.2597 0.2597 0.2597 0.2597 0.2070 0.2070 0.2070 0.2070 0.2070 0.2070 0.2070 0.1767 0.1767 0.1767 0.1767 0.1767 0.1767 0.1767 0.1587 45.7010 45.7010 26.3317 2.5500 
fa4 = 0.7971 0.2596 0.2596 0.2596 0.2596 0.2596 0.2596 0.2596 0.2069 0.2069 0.2069 0.2069 0.2069 0.2069 0.2069 0.1767 0.1767 0.1767 0.1767 0.1767 0.1767 0.1767 0.1587 46.1770 46.1770 26.5915 2.5387 
fb1 = -0.1967 -0.2237 -0.2237 -0.2237 -0.2237 -0.2237 -0.2237 -0.2237 -0.2339 -0.2339 -0.2339 -0.2339 -0.2339 -0.2339 -0.2339 -0.2435 -0.2435 -0.2435 -0.2435 -0.2435 -0.2435 -0.2435 -0.2517 0.0334 0.0334 0.0150 -0.0808 
fb2 = -0.1967 -0.2237 -0.2237 -0.2237 -0.2237 -0.2237 -0.2237 -0.2237 -0.2338 -0.2338 -0.2338 -0.2338 -0.2338 -0.2338 -0.2338 -0.2435 -0.2435 -0.2435 -0.2435 -0.2435 -0.2435 -0.2435 -0.2516 0.0343 0.0343 0.0156 -0.0807 
fb3 = -0.1967 -0.2237 -0.2237 -0.2237 -0.2237 -0.2237 -0.2237 -0.2237 -0.2338 -0.2338 -0.2338 -0.2338 -0.2338 -0.2338 -0.2338 -0.2435 -0.2435 -0.2435 -0.2435 -0.2435 -0.2435 -0.2435 -0.2516 0.0343 0.0343 0.0156 -0.0807 
fb4 = -0.1966 -0.2236 -0.2236 -0.2236 -0.2236 -0.2236 -0.2236 -0.2236 -0.2338 -0.2338 -0.2338 -0.2338 -0.2338 -0.2338 -0.2338 -0.2434 -0.2434 -0.2434 -0.2434 -0.2434 -0.2434 -0.2434 -0.2516 0.0352 0.0352 0.0161 -0.0807 
I = 14.9000 9.4000 9.4000 9.4000 9.4000 9.4000 9.4000 9.4000 6.0000 6.0000 6.0000 6.0000 6.0000 6.0000 6.0000 2.0000 2.0000 2.0000 2.0000 2.0000 2.0000 2.0000 -2.0000 26.0205 26.0205 10.0000 2.7919 
S1 = 0.0000 0.0000 0.0000 0.0000 0.0000 0.0000 0.0000 0.0000 0.0000 0.0000 0.0000 0.0000 0.0000 0.0000 0.0000 0.0000 0.0000 0.0000 0.0000 0.0000 0.0000 0.0000 0.0000 0.0000 0.0000 0.0000 0.0000 
S2 = 0.0000 0.0000 0.0000 0.0000 0.0000 0.0000 0.0000 0.0000 0.0000 0.0000 0.0000 0.0000 0.0000 0.0000 0.0000 0.0000 0.0000 0.0000 0.0000 0.0000 0.0000 0.0000 0.0000 2.0205 2.0205 0.0000 13.7919 
u = 8.3227 8.1901 8.1901 8.1901 8.1901 8.1901 8.1901 8.1901 8.1292 8.1292 8.1292 8.1292 8.1292 8.1292 8.1292 8.0676 8.0676 8.0676 8.0676 8.0676 8.0676 8.0676 8.0132 10.9732 10.9732 11.6433 9.2450 
v = 34.0731 25.9895 25.9895 25.9895 25.9895 25.9895 25.9895 25.9895 22.8490 22.8490 22.8490 22.8490 22.8490 22.8490 22.8490 19.8264 19.8264 19.8264 19.8264 19.8264 19.8264 19.8264 17.2381 63.6628 63.6628 62.2411 26.0525 
