ExternalI = 5.5000 0.0000 0.0000 0.0000 0.0000 0.0000 0.0000 0.0000 4.0000 4.0000 4.0000 4.0000 4.0000 4.0000 4.0000 0.0000 0.0000 0.0000 0.0000 0.0000 0.0000 0.0000 0.0000 8.0000 8.0000 0.0000 0.0000 
before u = 8.3227 8.1901 8.1901 8.1901 8.1901 8.1901 8.1901 8.1901 8.1292 8.1292 8.1292 8.1292 8.1292 8.1292 8.1292 8.0676 8.0676 8.0676 8.0676 8.0676 8.0676 8.0676 8.0132 10.9732 10.9732 11.6433 9.2450 
before v = 34.0731 25.9895 25.9895 25.9895 25.9895 25.9895 25.9895 25.9895 22.8490 22.8490 22.8490 22.8490 22.8490 22.8490 22.8490 19.8264 19.8264 19.8264 19.8264 19.8264 19.8264 19.8264 17.2381 63.6628 63.6628 62.2411 26.0525 
Ibias = 9.4000 9.4000 9.4000 9.4000 9.4000 9.4000 9.4000 9.4000 2.0000 2.0000 2.0000 2.0000 2.0000 2.0000 2.0000 2.0000 2.0000 2.0000 2.0000 2.0000 2.0000 2.0000 -2.0000 16.0000 16.0000 10.0000 -11.0000 
fa1 = 0.7971 0.2596 0.2596 0.2596 0.2596 0.2596 0.2596 0.2596 0.2069 0.2069 0.2069 0.2069 0.2069 0.2069 0.2069 0.1767 0.1767 0.1767 0.1767 0.1767 0.1767 0.1767 0.1587 46.1730 46.1730 26.5915 2.5111 
fa2 = 0.7970 0.2595 0.2595 0.2595 0.2595 0.2595 0.2595 0.2595 0.2069 0.2069 0.2069 0.2069 0.2069 0.2069 0.2069 0.1767 0.1767 0.1767 0.1767 0.1767 0.1767 0.1767 0.1586 46.6581 46.6581 26.8553 2.5000 
fa3 = 0.7970 0.2595 0.2595 0.2595 0.2595 0.2595 0.2595 0.2595 0.2069 0.2069 0.2069 0.2069 0.2069 0.2069 0.2069 0.1767 0.1767 0.1767 0.1767 0.1767 0.1767 0.1767 0.1586 46.6632 46.6632 26.8579 2.5001 
fa4 = 0.7968 0.2595 0.2595 0.2595 0.2595 0.2595 0.2595 0.2595 0.2068 0.2068 0.2068 0.2068 0.2068 0.2068 0.2068 0.1766 0.1766 0.1766 0.1766 0.1766 0.1766 0.1766 0.1586 47.1580 47.1580 27.1258 2.4891 
fb1 = -0.1966 -0.2236 -0.2236 -0.2236 -0.2236 -0.2236 -0.2236 -0.2236 -0.2338 -0.2338 -0.2338 -0.2338 -0.2338 -0.2338 -0.2338 -0.2434 -0.2434 -0.2434 -0.2434 -0.2434 -0.2434 -0.2434 -0.2516 0.0352 0.0352 0.0161 -0.0807 
fb2 = -0.1966 -0.2236 -0.2236 -0.2236 -0.2236 -0.2236 -0.2236 -0.2236 -0.2337 -0.2337 -0.2337 -0.2337 -0.2337 -0.2337 -0.2337 -0.2433 -0.2433 -0.2433 -0.2433 -0.2433 -0.2433 -0.2433 -0.2515 0.0361 0.0361 0.0166 -0.0806 
fb3 = -0.1966 -0.2236 -0.2236 -0.2236 -0.2236 -0.2236 -0.2236 -0.2236 -0.2337 -0.2337 -0.2337 -0.2337 -0.2337 -0.2337 -0.2337 -0.2433 -0.2433 -0.2433 -0.2433 -0.2433 -0.2433 -0.2433 -0.2515 0.0361 0.0361 0.0166 -0.0806 
fb4 = -0.1965 -0.2235 -0.2235 -0.2235 -0.2235 -0.2235 -0.2235 -0.2235 -0.2337 -0.2337 -0.2337 -0.2337 -0.2337 -0.2337 -0.2337 -0.2433 -0.2433 -0.2433 -0.2433 -0.2433 -0.2433 -0.2433 -0.2515 0.0370 0.0370 0.0172 -0.0806 
I = 14.9000 9.4000 9.4000 9.4000 9.4000 9.4000 9.4000 9.4000 6.0000 6.0000 6.0000 6.0000 6.0000 6.0000 6.0000 2.0000 2.0000 2.0000 2.0000 2.0000 2.0000 2.0000 -2.0000 26.0165 26.0165 10.0000 2.7643 
S1 = 0.0000 0.0000 0.0000 0.0000 0.0000 0.0000 0.0000 0.0000 0.0000 0.0000 0.0000 0.0000 0.0000 0.0000 0.0000 0.0000 0.0000 0.0000 0.0000 0.0000 0.0000 0.0000 0.0000 0.0000 0.0000 0.0000 0.0000 
S2 = 0.0000 0.0000 0.0000 0.0000 0.0000 0.0000 0.0000 0.0000 0.0000 0.0000 0.0000 0.0000 0.0000 0.0000 0.0000 0.0000 0.0000 0.0000 0.0000 0.0000 0.0000 0.0000 0.0000 2.0165 2.0165 0.0000 13.7643 
u = 8.3207 8.1878 8.1878 8.1878 8.1878 8.1878 8.1878 8.1878 8.1269 8.1269 8.1269 8.1269 8.1269 8.1269 8.1269 8.0652 8.0652 8.0652 8.0652 8.0652 8.0652 8.0652 8.0107 10.9736 10.9736 11.6435 9.2442 
v = 34.0811 25.9921 25.9921 25.9921 25.9921 25.9921 25.9921 25.9921 22.8510 22.8510 22.8510 22.8510 22.8510 22.8510 22.8510 19.8281 19.8281 19.8281 19.8281 19.8281 19.8281 19.8281 17.2396 64.1294 64.1294 62.5096 26.0775 
