ExternalI = 5.5000 0.0000 0.0000 0.0000 0.0000 0.0000 0.0000 0.0000 4.0000 4.0000 4.0000 4.0000 4.0000 4.0000 4.0000 0.0000 0.0000 0.0000 0.0000 0.0000 0.0000 0.0000 0.0000 8.0000 8.0000 0.0000 0.0000 
before u = 8.3207 8.1878 8.1878 8.1878 8.1878 8.1878 8.1878 8.1878 8.1269 8.1269 8.1269 8.1269 8.1269 8.1269 8.1269 8.0652 8.0652 8.0652 8.0652 8.0652 8.0652 8.0652 8.0107 10.9736 10.9736 11.6435 9.2442 
before v = 34.0811 25.9921 25.9921 25.9921 25.9921 25.9921 25.9921 25.9921 22.8510 22.8510 22.8510 22.8510 22.8510 22.8510 22.8510 19.8281 19.8281 19.8281 19.8281 19.8281 19.8281 19.8281 17.2396 64.1294 64.1294 62.5096 26.0775 
Ibias = 9.4000 9.4000 9.4000 9.4000 9.4000 9.4000 9.4000 9.4000 2.0000 2.0000 2.0000 2.0000 2.0000 2.0000 2.0000 2.0000 2.0000 2.0000 2.0000 2.0000 2.0000 2.0000 -2.0000 16.0000 16.0000 10.0000 -11.0000 
fa1 = 0.7968 0.2595 0.2595 0.2595 0.2595 0.2595 0.2595 0.2595 0.2068 0.2068 0.2068 0.2068 0.2068 0.2068 0.2068 0.1766 0.1766 0.1766 0.1766 0.1766 0.1766 0.1766 0.1586 47.1539 47.1539 27.1258 2.4615 
fa2 = 0.7967 0.2594 0.2594 0.2594 0.2594 0.2594 0.2594 0.2594 0.2068 0.2068 0.2068 0.2068 0.2068 0.2068 0.2068 0.1766 0.1766 0.1766 0.1766 0.1766 0.1766 0.1766 0.1586 47.6582 47.6582 27.3978 2.4507 
fa3 = 0.7967 0.2594 0.2594 0.2594 0.2594 0.2594 0.2594 0.2594 0.2068 0.2068 0.2068 0.2068 0.2068 0.2068 0.2068 0.1766 0.1766 0.1766 0.1766 0.1766 0.1766 0.1766 0.1586 47.6637 47.6637 27.4006 2.4508 
fa4 = 0.7966 0.2593 0.2593 0.2593 0.2593 0.2593 0.2593 0.2593 0.2068 0.2068 0.2068 0.2068 0.2068 0.2068 0.2068 0.1766 0.1766 0.1766 0.1766 0.1766 0.1766 0.1766 0.1586 48.1780 48.1780 27.6769 2.4400 
fb1 = -0.1965 -0.2235 -0.2235 -0.2235 -0.2235 -0.2235 -0.2235 -0.2235 -0.2337 -0.2337 -0.2337 -0.2337 -0.2337 -0.2337 -0.2337 -0.2433 -0.2433 -0.2433 -0.2433 -0.2433 -0.2433 -0.2433 -0.2515 0.0370 0.0370 0.0172 -0.0806 
fb2 = -0.1964 -0.2235 -0.2235 -0.2235 -0.2235 -0.2235 -0.2235 -0.2235 -0.2336 -0.2336 -0.2336 -0.2336 -0.2336 -0.2336 -0.2336 -0.2432 -0.2432 -0.2432 -0.2432 -0.2432 -0.2432 -0.2432 -0.2514 0.0380 0.0380 0.0177 -0.0805 
fb3 = -0.1964 -0.2235 -0.2235 -0.2235 -0.2235 -0.2235 -0.2235 -0.2235 -0.2336 -0.2336 -0.2336 -0.2336 -0.2336 -0.2336 -0.2336 -0.2432 -0.2432 -0.2432 -0.2432 -0.2432 -0.2432 -0.2432 -0.2514 0.0380 0.0380 0.0177 -0.0805 
fb4 = -0.1964 -0.2234 -0.2234 -0.2234 -0.2234 -0.2234 -0.2234 -0.2234 -0.2336 -0.2336 -0.2336 -0.2336 -0.2336 -0.2336 -0.2336 -0.2432 -0.2432 -0.2432 -0.2432 -0.2432 -0.2432 -0.2432 -0.2514 0.0389 0.0389 0.0183 -0.0805 
I = 14.9000 9.4000 9.4000 9.4000 9.4000 9.4000 9.4000 9.4000 6.0000 6.0000 6.0000 6.0000 6.0000 6.0000 6.0000 2.0000 2.0000 2.0000 2.0000 2.0000 2.0000 2.0000 -2.0000 26.0125 26.0125 10.0000 2.7368 
S1 = 0.0000 0.0000 0.0000 0.0000 0.0000 0.0000 0.0000 0.0000 0.0000 0.0000 0.0000 0.0000 0.0000 0.0000 0.0000 0.0000 0.0000 0.0000 0.0000 0.0000 0.0000 0.0000 0.0000 0.0000 0.0000 0.0000 0.0000 
S2 = 0.0000 0.0000 0.0000 0.0000 0.0000 0.0000 0.0000 0.0000 0.0000 0.0000 0.0000 0.0000 0.0000 0.0000 0.0000 0.0000 0.0000 0.0000 0.0000 0.0000 0.0000 0.0000 0.0000 2.0125 2.0125 0.0000 13.7368 
u = 8.3187 8.1856 8.1856 8.1856 8.1856 8.1856 8.1856 8.1856 8.1245 8.1245 8.1245 8.1245 8.1245 8.1245 8.1245 8.0627 8.0627 8.0627 8.0627 8.0627 8.0627 8.0627 8.0082 10.9740 10.9740 11.6436 9.2434 
v = 34.0891 25.9947 25.9947 25.9947 25.9947 25.9947 25.9947 25.9947 22.8531 22.8531 22.8531 22.8531 22.8531 22.8531 22.8531 19.8299 19.8299 19.8299 19.8299 19.8299 19.8299 19.8299 17.2412 64.6060 64.6060 62.7836 26.1020 
