ExternalI = 5.5000 0.0000 0.0000 0.0000 0.0000 0.0000 0.0000 0.0000 4.0000 4.0000 4.0000 4.0000 4.0000 4.0000 4.0000 0.0000 0.0000 0.0000 0.0000 0.0000 0.0000 0.0000 0.0000 8.0000 8.0000 0.0000 0.0000 
before u = 8.3187 8.1856 8.1856 8.1856 8.1856 8.1856 8.1856 8.1856 8.1245 8.1245 8.1245 8.1245 8.1245 8.1245 8.1245 8.0627 8.0627 8.0627 8.0627 8.0627 8.0627 8.0627 8.0082 10.9740 10.9740 11.6436 9.2434 
before v = 34.0891 25.9947 25.9947 25.9947 25.9947 25.9947 25.9947 25.9947 22.8531 22.8531 22.8531 22.8531 22.8531 22.8531 22.8531 19.8299 19.8299 19.8299 19.8299 19.8299 19.8299 19.8299 17.2412 64.6060 64.6060 62.7836 26.1020 
Ibias = 9.4000 9.4000 9.4000 9.4000 9.4000 9.4000 9.4000 9.4000 2.0000 2.0000 2.0000 2.0000 2.0000 2.0000 2.0000 2.0000 2.0000 2.0000 2.0000 2.0000 2.0000 2.0000 -2.0000 16.0000 16.0000 10.0000 -11.0000 
fa1 = 0.7966 0.2593 0.2593 0.2593 0.2593 0.2593 0.2593 0.2593 0.2068 0.2068 0.2068 0.2068 0.2068 0.2068 0.2068 0.1766 0.1766 0.1766 0.1766 0.1766 0.1766 0.1766 0.1586 48.1740 48.1740 27.6769 2.4125 
fa2 = 0.7965 0.2592 0.2592 0.2592 0.2592 0.2592 0.2592 0.2592 0.2067 0.2067 0.2067 0.2067 0.2067 0.2067 0.2067 0.1765 0.1765 0.1765 0.1765 0.1765 0.1765 0.1765 0.1585 48.6984 48.6984 27.9574 2.4019 
fa3 = 0.7965 0.2592 0.2592 0.2592 0.2592 0.2592 0.2592 0.2592 0.2067 0.2067 0.2067 0.2067 0.2067 0.2067 0.2067 0.1765 0.1765 0.1765 0.1765 0.1765 0.1765 0.1765 0.1585 48.7042 48.7042 27.9603 2.4020 
fa4 = 0.7964 0.2592 0.2592 0.2592 0.2592 0.2592 0.2592 0.2592 0.2067 0.2067 0.2067 0.2067 0.2067 0.2067 0.2067 0.1765 0.1765 0.1765 0.1765 0.1765 0.1765 0.1765 0.1585 49.2392 49.2392 28.2453 2.3914 
fb1 = -0.1964 -0.2234 -0.2234 -0.2234 -0.2234 -0.2234 -0.2234 -0.2234 -0.2336 -0.2336 -0.2336 -0.2336 -0.2336 -0.2336 -0.2336 -0.2432 -0.2432 -0.2432 -0.2432 -0.2432 -0.2432 -0.2432 -0.2514 0.0389 0.0389 0.0183 -0.0805 
fb2 = -0.1963 -0.2234 -0.2234 -0.2234 -0.2234 -0.2234 -0.2234 -0.2234 -0.2335 -0.2335 -0.2335 -0.2335 -0.2335 -0.2335 -0.2335 -0.2431 -0.2431 -0.2431 -0.2431 -0.2431 -0.2431 -0.2431 -0.2513 0.0399 0.0399 0.0188 -0.0804 
fb3 = -0.1963 -0.2234 -0.2234 -0.2234 -0.2234 -0.2234 -0.2234 -0.2234 -0.2335 -0.2335 -0.2335 -0.2335 -0.2335 -0.2335 -0.2335 -0.2431 -0.2431 -0.2431 -0.2431 -0.2431 -0.2431 -0.2431 -0.2513 0.0399 0.0399 0.0188 -0.0804 
fb4 = -0.1963 -0.2233 -0.2233 -0.2233 -0.2233 -0.2233 -0.2233 -0.2233 -0.2335 -0.2335 -0.2335 -0.2335 -0.2335 -0.2335 -0.2335 -0.2431 -0.2431 -0.2431 -0.2431 -0.2431 -0.2431 -0.2431 -0.2513 0.0409 0.0409 0.0194 -0.0803 
I = 14.9000 9.4000 9.4000 9.4000 9.4000 9.4000 9.4000 9.4000 6.0000 6.0000 6.0000 6.0000 6.0000 6.0000 6.0000 2.0000 2.0000 2.0000 2.0000 2.0000 2.0000 2.0000 -2.0000 26.0084 26.0084 10.0000 2.7093 
S1 = 0.0000 0.0000 0.0000 0.0000 0.0000 0.0000 0.0000 0.0000 0.0000 0.0000 0.0000 0.0000 0.0000 0.0000 0.0000 0.0000 0.0000 0.0000 0.0000 0.0000 0.0000 0.0000 0.0000 0.0000 0.0000 0.0000 0.0000 
S2 = 0.0000 0.0000 0.0000 0.0000 0.0000 0.0000 0.0000 0.0000 0.0000 0.0000 0.0000 0.0000 0.0000 0.0000 0.0000 0.0000 0.0000 0.0000 0.0000 0.0000 0.0000 0.0000 0.0000 2.0084 2.0084 0.0000 13.7093 
u = 8.3168 8.1834 8.1834 8.1834 8.1834 8.1834 8.1834 8.1834 8.1222 8.1222 8.1222 8.1222 8.1222 8.1222 8.1222 8.0603 8.0603 8.0603 8.0603 8.0603 8.0603 8.0603 8.0056 10.9744 10.9744 11.6438 9.2426 
v = 34.0970 25.9973 25.9973 25.9973 25.9973 25.9973 25.9973 25.9973 22.8552 22.8552 22.8552 22.8552 22.8552 22.8552 22.8552 19.8317 19.8317 19.8317 19.8317 19.8317 19.8317 19.8317 17.2428 65.0931 65.0931 63.0632 26.1260 
