ExternalI = 5.5000 0.0000 0.0000 0.0000 0.0000 0.0000 0.0000 0.0000 4.0000 4.0000 4.0000 4.0000 4.0000 4.0000 4.0000 0.0000 0.0000 0.0000 0.0000 0.0000 0.0000 0.0000 0.0000 8.0000 8.0000 0.0000 0.0000 
before u = 8.3168 8.1834 8.1834 8.1834 8.1834 8.1834 8.1834 8.1834 8.1222 8.1222 8.1222 8.1222 8.1222 8.1222 8.1222 8.0603 8.0603 8.0603 8.0603 8.0603 8.0603 8.0603 8.0056 10.9744 10.9744 11.6438 9.2426 
before v = 34.0970 25.9973 25.9973 25.9973 25.9973 25.9973 25.9973 25.9973 22.8552 22.8552 22.8552 22.8552 22.8552 22.8552 22.8552 19.8317 19.8317 19.8317 19.8317 19.8317 19.8317 19.8317 17.2428 65.0931 65.0931 63.0632 26.1260 
Ibias = 9.4000 9.4000 9.4000 9.4000 9.4000 9.4000 9.4000 9.4000 2.0000 2.0000 2.0000 2.0000 2.0000 2.0000 2.0000 2.0000 2.0000 2.0000 2.0000 2.0000 2.0000 2.0000 -2.0000 16.0000 16.0000 10.0000 -11.0000 
fa1 = 0.7964 0.2592 0.2592 0.2592 0.2592 0.2592 0.2592 0.2592 0.2067 0.2067 0.2067 0.2067 0.2067 0.2067 0.2067 0.1765 0.1765 0.1765 0.1765 0.1765 0.1765 0.1765 0.1585 49.2352 49.2352 28.2453 2.3640 
fa2 = 0.7963 0.2591 0.2591 0.2591 0.2591 0.2591 0.2591 0.2591 0.2066 0.2066 0.2066 0.2066 0.2066 0.2066 0.2066 0.1765 0.1765 0.1765 0.1765 0.1765 0.1765 0.1765 0.1585 49.7808 49.7808 28.5349 2.3537 
fa3 = 0.7963 0.2591 0.2591 0.2591 0.2591 0.2591 0.2591 0.2591 0.2066 0.2066 0.2066 0.2066 0.2066 0.2066 0.2066 0.1765 0.1765 0.1765 0.1765 0.1765 0.1765 0.1765 0.1585 49.7869 49.7869 28.5378 2.3537 
fa4 = 0.7962 0.2590 0.2590 0.2590 0.2590 0.2590 0.2590 0.2590 0.2066 0.2066 0.2066 0.2066 0.2066 0.2066 0.2066 0.1764 0.1764 0.1764 0.1764 0.1764 0.1764 0.1764 0.1584 50.3437 50.3437 28.8320 2.3434 
fb1 = -0.1963 -0.2233 -0.2233 -0.2233 -0.2233 -0.2233 -0.2233 -0.2233 -0.2335 -0.2335 -0.2335 -0.2335 -0.2335 -0.2335 -0.2335 -0.2431 -0.2431 -0.2431 -0.2431 -0.2431 -0.2431 -0.2431 -0.2513 0.0409 0.0409 0.0194 -0.0803 
fb2 = -0.1962 -0.2233 -0.2233 -0.2233 -0.2233 -0.2233 -0.2233 -0.2233 -0.2334 -0.2334 -0.2334 -0.2334 -0.2334 -0.2334 -0.2334 -0.2430 -0.2430 -0.2430 -0.2430 -0.2430 -0.2430 -0.2430 -0.2512 0.0419 0.0419 0.0199 -0.0803 
fb3 = -0.1962 -0.2233 -0.2233 -0.2233 -0.2233 -0.2233 -0.2233 -0.2233 -0.2334 -0.2334 -0.2334 -0.2334 -0.2334 -0.2334 -0.2334 -0.2430 -0.2430 -0.2430 -0.2430 -0.2430 -0.2430 -0.2430 -0.2512 0.0419 0.0419 0.0199 -0.0803 
fb4 = -0.1962 -0.2232 -0.2232 -0.2232 -0.2232 -0.2232 -0.2232 -0.2232 -0.2334 -0.2334 -0.2334 -0.2334 -0.2334 -0.2334 -0.2334 -0.2430 -0.2430 -0.2430 -0.2430 -0.2430 -0.2430 -0.2430 -0.2511 0.0429 0.0429 0.0205 -0.0802 
I = 14.9000 9.4000 9.4000 9.4000 9.4000 9.4000 9.4000 9.4000 6.0000 6.0000 6.0000 6.0000 6.0000 6.0000 6.0000 2.0000 2.0000 2.0000 2.0000 2.0000 2.0000 2.0000 -2.0000 26.0044 26.0044 10.0000 2.6819 
S1 = 0.0000 0.0000 0.0000 0.0000 0.0000 0.0000 0.0000 0.0000 0.0000 0.0000 0.0000 0.0000 0.0000 0.0000 0.0000 0.0000 0.0000 0.0000 0.0000 0.0000 0.0000 0.0000 0.0000 0.0000 0.0000 0.0000 0.0000 
S2 = 0.0000 0.0000 0.0000 0.0000 0.0000 0.0000 0.0000 0.0000 0.0000 0.0000 0.0000 0.0000 0.0000 0.0000 0.0000 0.0000 0.0000 0.0000 0.0000 0.0000 0.0000 0.0000 0.0000 2.0044 2.0044 0.0000 13.6819 
u = 8.3148 8.1811 8.1811 8.1811 8.1811 8.1811 8.1811 8.1811 8.1199 8.1199 8.1199 8.1199 8.1199 8.1199 8.1199 8.0579 8.0579 8.0579 8.0579 8.0579 8.0579 8.0579 8.0031 10.9748 10.9748 11.6440 9.2418 
v = 34.1050 25.9998 25.9998 25.9998 25.9998 25.9998 25.9998 25.9998 22.8572 22.8572 22.8572 22.8572 22.8572 22.8572 22.8572 19.8334 19.8334 19.8334 19.8334 19.8334 19.8334 19.8334 17.2444 65.5909 65.5909 63.3486 26.1496 
