ExternalI = 5.5000 0.0000 0.0000 0.0000 0.0000 0.0000 0.0000 0.0000 4.0000 4.0000 4.0000 4.0000 4.0000 4.0000 4.0000 0.0000 0.0000 0.0000 0.0000 0.0000 0.0000 0.0000 0.0000 8.0000 8.0000 0.0000 0.0000 
before u = 8.3148 8.1811 8.1811 8.1811 8.1811 8.1811 8.1811 8.1811 8.1199 8.1199 8.1199 8.1199 8.1199 8.1199 8.1199 8.0579 8.0579 8.0579 8.0579 8.0579 8.0579 8.0579 8.0031 10.9748 10.9748 11.6440 9.2418 
before v = 34.1050 25.9998 25.9998 25.9998 25.9998 25.9998 25.9998 25.9998 22.8572 22.8572 22.8572 22.8572 22.8572 22.8572 22.8572 19.8334 19.8334 19.8334 19.8334 19.8334 19.8334 19.8334 17.2444 65.5909 65.5909 63.3486 26.1496 
Ibias = 9.4000 9.4000 9.4000 9.4000 9.4000 9.4000 9.4000 9.4000 2.0000 2.0000 2.0000 2.0000 2.0000 2.0000 2.0000 2.0000 2.0000 2.0000 2.0000 2.0000 2.0000 2.0000 -2.0000 16.0000 16.0000 10.0000 -11.0000 
fa1 = 0.7962 0.2590 0.2590 0.2590 0.2590 0.2590 0.2590 0.2590 0.2066 0.2066 0.2066 0.2066 0.2066 0.2066 0.2066 0.1764 0.1764 0.1764 0.1764 0.1764 0.1764 0.1764 0.1584 50.3397 50.3397 28.8320 2.3161 
fa2 = 0.7961 0.2589 0.2589 0.2589 0.2589 0.2589 0.2589 0.2589 0.2065 0.2065 0.2065 0.2065 0.2065 0.2065 0.2065 0.1764 0.1764 0.1764 0.1764 0.1764 0.1764 0.1764 0.1584 50.9076 50.9076 29.1308 2.3059 
fa3 = 0.7961 0.2589 0.2589 0.2589 0.2589 0.2589 0.2589 0.2589 0.2065 0.2065 0.2065 0.2065 0.2065 0.2065 0.2065 0.1764 0.1764 0.1764 0.1764 0.1764 0.1764 0.1764 0.1584 50.9140 50.9140 29.1339 2.3060 
fa4 = 0.7960 0.2589 0.2589 0.2589 0.2589 0.2589 0.2589 0.2589 0.2065 0.2065 0.2065 0.2065 0.2065 0.2065 0.2065 0.1764 0.1764 0.1764 0.1764 0.1764 0.1764 0.1764 0.1584 51.4938 51.4938 29.4376 2.2959 
fb1 = -0.1962 -0.2232 -0.2232 -0.2232 -0.2232 -0.2232 -0.2232 -0.2232 -0.2334 -0.2334 -0.2334 -0.2334 -0.2334 -0.2334 -0.2334 -0.2430 -0.2430 -0.2430 -0.2430 -0.2430 -0.2430 -0.2430 -0.2511 0.0429 0.0429 0.0205 -0.0802 
fb2 = -0.1961 -0.2232 -0.2232 -0.2232 -0.2232 -0.2232 -0.2232 -0.2232 -0.2333 -0.2333 -0.2333 -0.2333 -0.2333 -0.2333 -0.2333 -0.2429 -0.2429 -0.2429 -0.2429 -0.2429 -0.2429 -0.2429 -0.2511 0.0439 0.0439 0.0211 -0.0802 
fb3 = -0.1961 -0.2232 -0.2232 -0.2232 -0.2232 -0.2232 -0.2232 -0.2232 -0.2333 -0.2333 -0.2333 -0.2333 -0.2333 -0.2333 -0.2333 -0.2429 -0.2429 -0.2429 -0.2429 -0.2429 -0.2429 -0.2429 -0.2511 0.0439 0.0439 0.0211 -0.0802 
fb4 = -0.1961 -0.2231 -0.2231 -0.2231 -0.2231 -0.2231 -0.2231 -0.2231 -0.2333 -0.2333 -0.2333 -0.2333 -0.2333 -0.2333 -0.2333 -0.2429 -0.2429 -0.2429 -0.2429 -0.2429 -0.2429 -0.2429 -0.2510 0.0449 0.0449 0.0217 -0.0801 
I = 14.9000 9.4000 9.4000 9.4000 9.4000 9.4000 9.4000 9.4000 6.0000 6.0000 6.0000 6.0000 6.0000 6.0000 6.0000 2.0000 2.0000 2.0000 2.0000 2.0000 2.0000 2.0000 -2.0000 26.0004 26.0004 10.0000 2.6545 
S1 = 0.0000 0.0000 0.0000 0.0000 0.0000 0.0000 0.0000 0.0000 0.0000 0.0000 0.0000 0.0000 0.0000 0.0000 0.0000 0.0000 0.0000 0.0000 0.0000 0.0000 0.0000 0.0000 0.0000 0.0000 0.0000 0.0000 0.0000 
S2 = 0.0000 0.0000 0.0000 0.0000 0.0000 0.0000 0.0000 0.0000 0.0000 0.0000 0.0000 0.0000 0.0000 0.0000 0.0000 0.0000 0.0000 0.0000 0.0000 0.0000 0.0000 0.0000 0.0000 2.0004 2.0004 0.0000 13.6545 
u = 8.3129 8.1789 8.1789 8.1789 8.1789 8.1789 8.1789 8.1789 8.1175 8.1175 8.1175 8.1175 8.1175 8.1175 8.1175 8.0554 8.0554 8.0554 8.0554 8.0554 8.0554 8.0554 8.0006 10.9752 10.9752 11.6442 9.2410 
v = 34.1130 26.0024 26.0024 26.0024 26.0024 26.0024 26.0024 26.0024 22.8593 22.8593 22.8593 22.8593 22.8593 22.8593 22.8593 19.8352 19.8352 19.8352 19.8352 19.8352 19.8352 19.8352 17.2460 66.1001 66.1001 63.6399 26.1726 
