ExternalI = 5.5000 0.0000 0.0000 0.0000 0.0000 0.0000 0.0000 0.0000 4.0000 4.0000 4.0000 4.0000 4.0000 4.0000 4.0000 0.0000 0.0000 0.0000 0.0000 0.0000 0.0000 0.0000 0.0000 8.0000 8.0000 0.0000 0.0000 
before u = 8.3129 8.1789 8.1789 8.1789 8.1789 8.1789 8.1789 8.1789 8.1175 8.1175 8.1175 8.1175 8.1175 8.1175 8.1175 8.0554 8.0554 8.0554 8.0554 8.0554 8.0554 8.0554 8.0006 10.9752 10.9752 11.6442 9.2410 
before v = 34.1130 26.0024 26.0024 26.0024 26.0024 26.0024 26.0024 26.0024 22.8593 22.8593 22.8593 22.8593 22.8593 22.8593 22.8593 19.8352 19.8352 19.8352 19.8352 19.8352 19.8352 19.8352 17.2460 66.1001 66.1001 63.6399 26.1726 
Ibias = 9.4000 9.4000 9.4000 9.4000 9.4000 9.4000 9.4000 9.4000 2.0000 2.0000 2.0000 2.0000 2.0000 2.0000 2.0000 2.0000 2.0000 2.0000 2.0000 2.0000 2.0000 2.0000 -2.0000 16.0000 16.0000 10.0000 -11.0000 
fa1 = 0.7960 0.2589 0.2589 0.2589 0.2589 0.2589 0.2589 0.2589 0.2065 0.2065 0.2065 0.2065 0.2065 0.2065 0.2065 0.1764 0.1764 0.1764 0.1764 0.1764 0.1764 0.1764 0.1584 51.4897 51.4897 29.4376 2.2686 
fa2 = 0.7959 0.2588 0.2588 0.2588 0.2588 0.2588 0.2588 0.2588 0.2064 0.2064 0.2064 0.2064 0.2064 0.2064 0.2064 0.1763 0.1763 0.1763 0.1763 0.1763 0.1763 0.1763 0.1584 52.0812 52.0812 29.7462 2.2588 
fa3 = 0.7959 0.2588 0.2588 0.2588 0.2588 0.2588 0.2588 0.2588 0.2064 0.2064 0.2064 0.2064 0.2064 0.2064 0.2064 0.1763 0.1763 0.1763 0.1763 0.1763 0.1763 0.1763 0.1584 52.0880 52.0880 29.7494 2.2588 
fa4 = 0.7958 0.2587 0.2587 0.2587 0.2587 0.2587 0.2587 0.2587 0.2064 0.2064 0.2064 0.2064 0.2064 0.2064 0.2064 0.1763 0.1763 0.1763 0.1763 0.1763 0.1763 0.1763 0.1583 52.6919 52.6919 30.0631 2.2490 
fb1 = -0.1961 -0.2231 -0.2231 -0.2231 -0.2231 -0.2231 -0.2231 -0.2231 -0.2333 -0.2333 -0.2333 -0.2333 -0.2333 -0.2333 -0.2333 -0.2429 -0.2429 -0.2429 -0.2429 -0.2429 -0.2429 -0.2429 -0.2510 0.0449 0.0449 0.0217 -0.0801 
fb2 = -0.1960 -0.2231 -0.2231 -0.2231 -0.2231 -0.2231 -0.2231 -0.2231 -0.2332 -0.2332 -0.2332 -0.2332 -0.2332 -0.2332 -0.2332 -0.2428 -0.2428 -0.2428 -0.2428 -0.2428 -0.2428 -0.2428 -0.2510 0.0459 0.0459 0.0223 -0.0801 
fb3 = -0.1960 -0.2231 -0.2231 -0.2231 -0.2231 -0.2231 -0.2231 -0.2231 -0.2332 -0.2332 -0.2332 -0.2332 -0.2332 -0.2332 -0.2332 -0.2428 -0.2428 -0.2428 -0.2428 -0.2428 -0.2428 -0.2428 -0.2510 0.0459 0.0459 0.0223 -0.0801 
fb4 = -0.1960 -0.2230 -0.2230 -0.2230 -0.2230 -0.2230 -0.2230 -0.2230 -0.2332 -0.2332 -0.2332 -0.2332 -0.2332 -0.2332 -0.2332 -0.2428 -0.2428 -0.2428 -0.2428 -0.2428 -0.2428 -0.2428 -0.2509 0.0470 0.0470 0.0229 -0.0800 
I = 14.9000 9.4000 9.4000 9.4000 9.4000 9.4000 9.4000 9.4000 6.0000 6.0000 6.0000 6.0000 6.0000 6.0000 6.0000 2.0000 2.0000 2.0000 2.0000 2.0000 2.0000 2.0000 -2.0000 25.9964 25.9964 10.0000 2.6272 
S1 = 0.0000 0.0000 0.0000 0.0000 0.0000 0.0000 0.0000 0.0000 0.0000 0.0000 0.0000 0.0000 0.0000 0.0000 0.0000 0.0000 0.0000 0.0000 0.0000 0.0000 0.0000 0.0000 0.0000 0.0000 0.0000 0.0000 0.0000 
S2 = 0.0000 0.0000 0.0000 0.0000 0.0000 0.0000 0.0000 0.0000 0.0000 0.0000 0.0000 0.0000 0.0000 0.0000 0.0000 0.0000 0.0000 0.0000 0.0000 0.0000 0.0000 0.0000 0.0000 1.9964 1.9964 0.0000 13.6272 
u = 8.3109 8.1767 8.1767 8.1767 8.1767 8.1767 8.1767 8.1767 8.1152 8.1152 8.1152 8.1152 8.1152 8.1152 8.1152 8.0530 8.0530 8.0530 8.0530 8.0530 8.0530 8.0530 7.9981 10.9757 10.9757 11.6445 9.2402 
v = 34.1209 26.0050 26.0050 26.0050 26.0050 26.0050 26.0050 26.0050 22.8614 22.8614 22.8614 22.8614 22.8614 22.8614 22.8614 19.8370 19.8370 19.8370 19.8370 19.8370 19.8370 19.8370 17.2476 66.6209 66.6209 63.9374 26.1952 
