ExternalI = 5.5000 0.0000 0.0000 0.0000 0.0000 0.0000 0.0000 0.0000 4.0000 4.0000 4.0000 4.0000 4.0000 4.0000 4.0000 0.0000 0.0000 0.0000 0.0000 0.0000 0.0000 0.0000 0.0000 8.0000 8.0000 0.0000 0.0000 
before u = 8.3109 8.1767 8.1767 8.1767 8.1767 8.1767 8.1767 8.1767 8.1152 8.1152 8.1152 8.1152 8.1152 8.1152 8.1152 8.0530 8.0530 8.0530 8.0530 8.0530 8.0530 8.0530 7.9981 10.9757 10.9757 11.6445 9.2402 
before v = 34.1209 26.0050 26.0050 26.0050 26.0050 26.0050 26.0050 26.0050 22.8614 22.8614 22.8614 22.8614 22.8614 22.8614 22.8614 19.8370 19.8370 19.8370 19.8370 19.8370 19.8370 19.8370 17.2476 66.6209 66.6209 63.9374 26.1952 
Ibias = 9.4000 9.4000 9.4000 9.4000 9.4000 9.4000 9.4000 9.4000 2.0000 2.0000 2.0000 2.0000 2.0000 2.0000 2.0000 2.0000 2.0000 2.0000 2.0000 2.0000 2.0000 2.0000 -2.0000 16.0000 16.0000 10.0000 -11.0000 
fa1 = 0.7958 0.2587 0.2587 0.2587 0.2587 0.2587 0.2587 0.2587 0.2064 0.2064 0.2064 0.2064 0.2064 0.2064 0.2064 0.1763 0.1763 0.1763 0.1763 0.1763 0.1763 0.1763 0.1583 52.6879 52.6879 30.0630 2.2217 
fa2 = 0.7957 0.2586 0.2586 0.2586 0.2586 0.2586 0.2586 0.2586 0.2064 0.2064 0.2064 0.2064 0.2064 0.2064 0.2064 0.1763 0.1763 0.1763 0.1763 0.1763 0.1763 0.1763 0.1583 53.3042 53.3042 30.3817 2.2121 
fa3 = 0.7957 0.2586 0.2586 0.2586 0.2586 0.2586 0.2586 0.2586 0.2064 0.2064 0.2064 0.2064 0.2064 0.2064 0.2064 0.1763 0.1763 0.1763 0.1763 0.1763 0.1763 0.1763 0.1583 53.3114 53.3114 30.3851 2.2121 
fa4 = 0.7956 0.2586 0.2586 0.2586 0.2586 0.2586 0.2586 0.2586 0.2063 0.2063 0.2063 0.2063 0.2063 0.2063 0.2063 0.1762 0.1762 0.1762 0.1762 0.1762 0.1762 0.1762 0.1583 53.9408 53.9408 30.7091 2.2025 
fb1 = -0.1960 -0.2230 -0.2230 -0.2230 -0.2230 -0.2230 -0.2230 -0.2230 -0.2332 -0.2332 -0.2332 -0.2332 -0.2332 -0.2332 -0.2332 -0.2428 -0.2428 -0.2428 -0.2428 -0.2428 -0.2428 -0.2428 -0.2509 0.0470 0.0470 0.0229 -0.0800 
fb2 = -0.1959 -0.2230 -0.2230 -0.2230 -0.2230 -0.2230 -0.2230 -0.2230 -0.2331 -0.2331 -0.2331 -0.2331 -0.2331 -0.2331 -0.2331 -0.2427 -0.2427 -0.2427 -0.2427 -0.2427 -0.2427 -0.2427 -0.2509 0.0480 0.0480 0.0235 -0.0800 
fb3 = -0.1959 -0.2230 -0.2230 -0.2230 -0.2230 -0.2230 -0.2230 -0.2230 -0.2331 -0.2331 -0.2331 -0.2331 -0.2331 -0.2331 -0.2331 -0.2427 -0.2427 -0.2427 -0.2427 -0.2427 -0.2427 -0.2427 -0.2509 0.0480 0.0480 0.0235 -0.0800 
fb4 = -0.1958 -0.2229 -0.2229 -0.2229 -0.2229 -0.2229 -0.2229 -0.2229 -0.2331 -0.2331 -0.2331 -0.2331 -0.2331 -0.2331 -0.2331 -0.2427 -0.2427 -0.2427 -0.2427 -0.2427 -0.2427 -0.2427 -0.2508 0.0491 0.0491 0.0241 -0.0799 
I = 14.9000 9.4000 9.4000 9.4000 9.4000 9.4000 9.4000 9.4000 6.0000 6.0000 6.0000 6.0000 6.0000 6.0000 6.0000 2.0000 2.0000 2.0000 2.0000 2.0000 2.0000 2.0000 -2.0000 25.9924 25.9924 10.0000 2.6000 
S1 = 0.0000 0.0000 0.0000 0.0000 0.0000 0.0000 0.0000 0.0000 0.0000 0.0000 0.0000 0.0000 0.0000 0.0000 0.0000 0.0000 0.0000 0.0000 0.0000 0.0000 0.0000 0.0000 0.0000 0.0000 0.0000 0.0000 0.0000 
S2 = 0.0000 0.0000 0.0000 0.0000 0.0000 0.0000 0.0000 0.0000 0.0000 0.0000 0.0000 0.0000 0.0000 0.0000 0.0000 0.0000 0.0000 0.0000 0.0000 0.0000 0.0000 0.0000 0.0000 1.9924 1.9924 0.0000 13.6000 
u = 8.3089 8.1744 8.1744 8.1744 8.1744 8.1744 8.1744 8.1744 8.1129 8.1129 8.1129 8.1129 8.1129 8.1129 8.1129 8.0506 8.0506 8.0506 8.0506 8.0506 8.0506 8.0506 7.9956 10.9762 10.9762 11.6447 9.2394 
v = 34.1289 26.0076 26.0076 26.0076 26.0076 26.0076 26.0076 26.0076 22.8634 22.8634 22.8634 22.8634 22.8634 22.8634 22.8634 19.8387 19.8387 19.8387 19.8387 19.8387 19.8387 19.8387 17.2491 67.1540 67.1540 64.2413 26.2174 
