ExternalI = 5.5000 0.0000 0.0000 0.0000 0.0000 0.0000 0.0000 0.0000 4.0000 4.0000 4.0000 4.0000 4.0000 4.0000 4.0000 0.0000 0.0000 0.0000 0.0000 0.0000 0.0000 0.0000 0.0000 8.0000 8.0000 0.0000 0.0000 
before u = 8.3089 8.1744 8.1744 8.1744 8.1744 8.1744 8.1744 8.1744 8.1129 8.1129 8.1129 8.1129 8.1129 8.1129 8.1129 8.0506 8.0506 8.0506 8.0506 8.0506 8.0506 8.0506 7.9956 10.9762 10.9762 11.6447 9.2394 
before v = 34.1289 26.0076 26.0076 26.0076 26.0076 26.0076 26.0076 26.0076 22.8634 22.8634 22.8634 22.8634 22.8634 22.8634 22.8634 19.8387 19.8387 19.8387 19.8387 19.8387 19.8387 19.8387 17.2491 67.1540 67.1540 64.2413 26.2174 
Ibias = 9.4000 9.4000 9.4000 9.4000 9.4000 9.4000 9.4000 9.4000 2.0000 2.0000 2.0000 2.0000 2.0000 2.0000 2.0000 2.0000 2.0000 2.0000 2.0000 2.0000 2.0000 2.0000 -2.0000 16.0000 16.0000 10.0000 -11.0000 
fa1 = 0.7956 0.2586 0.2586 0.2586 0.2586 0.2586 0.2586 0.2586 0.2063 0.2063 0.2063 0.2063 0.2063 0.2063 0.2063 0.1762 0.1762 0.1762 0.1762 0.1762 0.1762 0.1762 0.1583 53.9367 53.9367 30.7091 2.1753 
fa2 = 0.7955 0.2585 0.2585 0.2585 0.2585 0.2585 0.2585 0.2585 0.2063 0.2063 0.2063 0.2063 0.2063 0.2063 0.2063 0.1762 0.1762 0.1762 0.1762 0.1762 0.1762 0.1762 0.1583 54.5792 54.5792 31.0384 2.1659 
fa3 = 0.7955 0.2585 0.2585 0.2585 0.2585 0.2585 0.2585 0.2585 0.2063 0.2063 0.2063 0.2063 0.2063 0.2063 0.2063 0.1762 0.1762 0.1762 0.1762 0.1762 0.1762 0.1762 0.1583 54.5869 54.5869 31.0420 2.1660 
fa4 = 0.7955 0.2584 0.2584 0.2584 0.2584 0.2584 0.2584 0.2584 0.2062 0.2062 0.2062 0.2062 0.2062 0.2062 0.2062 0.1762 0.1762 0.1762 0.1762 0.1762 0.1762 0.1762 0.1582 55.2431 55.2431 31.3768 2.1566 
fb1 = -0.1958 -0.2229 -0.2229 -0.2229 -0.2229 -0.2229 -0.2229 -0.2229 -0.2331 -0.2331 -0.2331 -0.2331 -0.2331 -0.2331 -0.2331 -0.2427 -0.2427 -0.2427 -0.2427 -0.2427 -0.2427 -0.2427 -0.2508 0.0491 0.0491 0.0241 -0.0799 
fb2 = -0.1958 -0.2229 -0.2229 -0.2229 -0.2229 -0.2229 -0.2229 -0.2229 -0.2330 -0.2330 -0.2330 -0.2330 -0.2330 -0.2330 -0.2330 -0.2426 -0.2426 -0.2426 -0.2426 -0.2426 -0.2426 -0.2426 -0.2508 0.0502 0.0502 0.0247 -0.0799 
fb3 = -0.1958 -0.2229 -0.2229 -0.2229 -0.2229 -0.2229 -0.2229 -0.2229 -0.2330 -0.2330 -0.2330 -0.2330 -0.2330 -0.2330 -0.2330 -0.2426 -0.2426 -0.2426 -0.2426 -0.2426 -0.2426 -0.2426 -0.2508 0.0502 0.0502 0.0247 -0.0799 
fb4 = -0.1957 -0.2228 -0.2228 -0.2228 -0.2228 -0.2228 -0.2228 -0.2228 -0.2330 -0.2330 -0.2330 -0.2330 -0.2330 -0.2330 -0.2330 -0.2426 -0.2426 -0.2426 -0.2426 -0.2426 -0.2426 -0.2426 -0.2507 0.0513 0.0513 0.0253 -0.0798 
I = 14.9000 9.4000 9.4000 9.4000 9.4000 9.4000 9.4000 9.4000 6.0000 6.0000 6.0000 6.0000 6.0000 6.0000 6.0000 2.0000 2.0000 2.0000 2.0000 2.0000 2.0000 2.0000 -2.0000 25.9884 25.9884 10.0000 2.5728 
S1 = 0.0000 0.0000 0.0000 0.0000 0.0000 0.0000 0.0000 0.0000 0.0000 0.0000 0.0000 0.0000 0.0000 0.0000 0.0000 0.0000 0.0000 0.0000 0.0000 0.0000 0.0000 0.0000 0.0000 0.0000 0.0000 0.0000 0.0000 
S2 = 0.0000 0.0000 0.0000 0.0000 0.0000 0.0000 0.0000 0.0000 0.0000 0.0000 0.0000 0.0000 0.0000 0.0000 0.0000 0.0000 0.0000 0.0000 0.0000 0.0000 0.0000 0.0000 0.0000 1.9884 1.9884 0.0000 13.5728 
u = 8.3070 8.1722 8.1722 8.1722 8.1722 8.1722 8.1722 8.1722 8.1105 8.1105 8.1105 8.1105 8.1105 8.1105 8.1105 8.0482 8.0482 8.0482 8.0482 8.0482 8.0482 8.0482 7.9931 10.9767 10.9767 11.6449 9.2386 
v = 34.1368 26.0102 26.0102 26.0102 26.0102 26.0102 26.0102 26.0102 22.8655 22.8655 22.8655 22.8655 22.8655 22.8655 22.8655 19.8405 19.8405 19.8405 19.8405 19.8405 19.8405 19.8405 17.2507 67.6999 67.6999 64.5517 26.2390 
