ExternalI = 5.5000 0.0000 0.0000 0.0000 0.0000 0.0000 0.0000 0.0000 4.0000 4.0000 4.0000 4.0000 4.0000 4.0000 4.0000 0.0000 0.0000 0.0000 0.0000 0.0000 0.0000 0.0000 0.0000 8.0000 8.0000 0.0000 0.0000 
before u = 8.3070 8.1722 8.1722 8.1722 8.1722 8.1722 8.1722 8.1722 8.1105 8.1105 8.1105 8.1105 8.1105 8.1105 8.1105 8.0482 8.0482 8.0482 8.0482 8.0482 8.0482 8.0482 7.9931 10.9767 10.9767 11.6449 9.2386 
before v = 34.1368 26.0102 26.0102 26.0102 26.0102 26.0102 26.0102 26.0102 22.8655 22.8655 22.8655 22.8655 22.8655 22.8655 22.8655 19.8405 19.8405 19.8405 19.8405 19.8405 19.8405 19.8405 17.2507 67.6999 67.6999 64.5517 26.2390 
Ibias = 9.4000 9.4000 9.4000 9.4000 9.4000 9.4000 9.4000 9.4000 2.0000 2.0000 2.0000 2.0000 2.0000 2.0000 2.0000 2.0000 2.0000 2.0000 2.0000 2.0000 2.0000 2.0000 -2.0000 16.0000 16.0000 10.0000 -11.0000 
fa1 = 0.7955 0.2584 0.2584 0.2584 0.2584 0.2584 0.2584 0.2584 0.2062 0.2062 0.2062 0.2062 0.2062 0.2062 0.2062 0.1762 0.1762 0.1762 0.1762 0.1762 0.1762 0.1762 0.1582 55.2391 55.2391 31.3768 2.1295 
fa2 = 0.7954 0.2583 0.2583 0.2583 0.2583 0.2583 0.2583 0.2583 0.2062 0.2062 0.2062 0.2062 0.2062 0.2062 0.2062 0.1761 0.1761 0.1761 0.1761 0.1761 0.1761 0.1761 0.1582 55.9092 55.9092 31.7172 2.1203 
fa3 = 0.7954 0.2583 0.2583 0.2583 0.2583 0.2583 0.2583 0.2583 0.2062 0.2062 0.2062 0.2062 0.2062 0.2062 0.2062 0.1761 0.1761 0.1761 0.1761 0.1761 0.1761 0.1761 0.1582 55.9174 55.9174 31.7209 2.1203 
fa4 = 0.7953 0.2583 0.2583 0.2583 0.2583 0.2583 0.2583 0.2583 0.2061 0.2061 0.2061 0.2061 0.2061 0.2061 0.2061 0.1761 0.1761 0.1761 0.1761 0.1761 0.1761 0.1761 0.1582 56.6021 56.6021 32.0670 2.1112 
fb1 = -0.1957 -0.2228 -0.2228 -0.2228 -0.2228 -0.2228 -0.2228 -0.2228 -0.2330 -0.2330 -0.2330 -0.2330 -0.2330 -0.2330 -0.2330 -0.2426 -0.2426 -0.2426 -0.2426 -0.2426 -0.2426 -0.2426 -0.2507 0.0513 0.0513 0.0253 -0.0798 
fb2 = -0.1957 -0.2228 -0.2228 -0.2228 -0.2228 -0.2228 -0.2228 -0.2228 -0.2329 -0.2329 -0.2329 -0.2329 -0.2329 -0.2329 -0.2329 -0.2425 -0.2425 -0.2425 -0.2425 -0.2425 -0.2425 -0.2425 -0.2507 0.0524 0.0524 0.0259 -0.0798 
fb3 = -0.1957 -0.2228 -0.2228 -0.2228 -0.2228 -0.2228 -0.2228 -0.2228 -0.2329 -0.2329 -0.2329 -0.2329 -0.2329 -0.2329 -0.2329 -0.2425 -0.2425 -0.2425 -0.2425 -0.2425 -0.2425 -0.2425 -0.2507 0.0524 0.0524 0.0259 -0.0798 
fb4 = -0.1956 -0.2227 -0.2227 -0.2227 -0.2227 -0.2227 -0.2227 -0.2227 -0.2329 -0.2329 -0.2329 -0.2329 -0.2329 -0.2329 -0.2329 -0.2425 -0.2425 -0.2425 -0.2425 -0.2425 -0.2425 -0.2425 -0.2506 0.0535 0.0535 0.0266 -0.0797 
I = 14.9000 9.4000 9.4000 9.4000 9.4000 9.4000 9.4000 9.4000 6.0000 6.0000 6.0000 6.0000 6.0000 6.0000 6.0000 2.0000 2.0000 2.0000 2.0000 2.0000 2.0000 2.0000 -2.0000 25.9845 25.9845 10.0000 2.5456 
S1 = 0.0000 0.0000 0.0000 0.0000 0.0000 0.0000 0.0000 0.0000 0.0000 0.0000 0.0000 0.0000 0.0000 0.0000 0.0000 0.0000 0.0000 0.0000 0.0000 0.0000 0.0000 0.0000 0.0000 0.0000 0.0000 0.0000 0.0000 
S2 = 0.0000 0.0000 0.0000 0.0000 0.0000 0.0000 0.0000 0.0000 0.0000 0.0000 0.0000 0.0000 0.0000 0.0000 0.0000 0.0000 0.0000 0.0000 0.0000 0.0000 0.0000 0.0000 0.0000 1.9845 1.9845 0.0000 13.5456 
u = 8.3050 8.1700 8.1700 8.1700 8.1700 8.1700 8.1700 8.1700 8.1082 8.1082 8.1082 8.1082 8.1082 8.1082 8.1082 8.0457 8.0457 8.0457 8.0457 8.0457 8.0457 8.0457 7.9906 10.9772 10.9772 11.6452 9.2378 
v = 34.1448 26.0128 26.0128 26.0128 26.0128 26.0128 26.0128 26.0128 22.8675 22.8675 22.8675 22.8675 22.8675 22.8675 22.8675 19.8422 19.8422 19.8422 19.8422 19.8422 19.8422 19.8422 17.2523 68.2590 68.2590 64.8689 26.2602 
