ExternalI = 5.5000 0.0000 0.0000 0.0000 0.0000 0.0000 0.0000 0.0000 4.0000 4.0000 4.0000 4.0000 4.0000 4.0000 4.0000 0.0000 0.0000 0.0000 0.0000 0.0000 0.0000 0.0000 0.0000 8.0000 8.0000 0.0000 0.0000 
before u = 8.3050 8.1700 8.1700 8.1700 8.1700 8.1700 8.1700 8.1700 8.1082 8.1082 8.1082 8.1082 8.1082 8.1082 8.1082 8.0457 8.0457 8.0457 8.0457 8.0457 8.0457 8.0457 7.9906 10.9772 10.9772 11.6452 9.2378 
before v = 34.1448 26.0128 26.0128 26.0128 26.0128 26.0128 26.0128 26.0128 22.8675 22.8675 22.8675 22.8675 22.8675 22.8675 22.8675 19.8422 19.8422 19.8422 19.8422 19.8422 19.8422 19.8422 17.2523 68.2590 68.2590 64.8689 26.2602 
Ibias = 9.4000 9.4000 9.4000 9.4000 9.4000 9.4000 9.4000 9.4000 2.0000 2.0000 2.0000 2.0000 2.0000 2.0000 2.0000 2.0000 2.0000 2.0000 2.0000 2.0000 2.0000 2.0000 -2.0000 16.0000 16.0000 10.0000 -11.0000 
fa1 = 0.7953 0.2583 0.2583 0.2583 0.2583 0.2583 0.2583 0.2583 0.2061 0.2061 0.2061 0.2061 0.2061 0.2061 0.2061 0.1761 0.1761 0.1761 0.1761 0.1761 0.1761 0.1761 0.1582 56.5980 56.5980 32.0670 2.0841 
fa2 = 0.7952 0.2582 0.2582 0.2582 0.2582 0.2582 0.2582 0.2582 0.2061 0.2061 0.2061 0.2061 0.2061 0.2061 0.2061 0.1761 0.1761 0.1761 0.1761 0.1761 0.1761 0.1761 0.1581 57.2973 57.2973 32.4190 2.0751 
fa3 = 0.7952 0.2582 0.2582 0.2582 0.2582 0.2582 0.2582 0.2582 0.2061 0.2061 0.2061 0.2061 0.2061 0.2061 0.2061 0.1761 0.1761 0.1761 0.1761 0.1761 0.1761 0.1761 0.1581 57.3060 57.3060 32.4228 2.0752 
fa4 = 0.7951 0.2581 0.2581 0.2581 0.2581 0.2581 0.2581 0.2581 0.2061 0.2061 0.2061 0.2061 0.2061 0.2061 0.2061 0.1761 0.1761 0.1761 0.1761 0.1761 0.1761 0.1761 0.1581 58.0208 58.0208 32.7809 2.0662 
fb1 = -0.1956 -0.2227 -0.2227 -0.2227 -0.2227 -0.2227 -0.2227 -0.2227 -0.2329 -0.2329 -0.2329 -0.2329 -0.2329 -0.2329 -0.2329 -0.2425 -0.2425 -0.2425 -0.2425 -0.2425 -0.2425 -0.2425 -0.2506 0.0535 0.0535 0.0266 -0.0797 
fb2 = -0.1956 -0.2227 -0.2227 -0.2227 -0.2227 -0.2227 -0.2227 -0.2227 -0.2328 -0.2328 -0.2328 -0.2328 -0.2328 -0.2328 -0.2328 -0.2424 -0.2424 -0.2424 -0.2424 -0.2424 -0.2424 -0.2424 -0.2506 0.0546 0.0546 0.0272 -0.0797 
fb3 = -0.1956 -0.2227 -0.2227 -0.2227 -0.2227 -0.2227 -0.2227 -0.2227 -0.2328 -0.2328 -0.2328 -0.2328 -0.2328 -0.2328 -0.2328 -0.2424 -0.2424 -0.2424 -0.2424 -0.2424 -0.2424 -0.2424 -0.2506 0.0546 0.0546 0.0272 -0.0797 
fb4 = -0.1955 -0.2226 -0.2226 -0.2226 -0.2226 -0.2226 -0.2226 -0.2226 -0.2328 -0.2328 -0.2328 -0.2328 -0.2328 -0.2328 -0.2328 -0.2424 -0.2424 -0.2424 -0.2424 -0.2424 -0.2424 -0.2424 -0.2505 0.0558 0.0558 0.0279 -0.0796 
I = 14.9000 9.4000 9.4000 9.4000 9.4000 9.4000 9.4000 9.4000 6.0000 6.0000 6.0000 6.0000 6.0000 6.0000 6.0000 2.0000 2.0000 2.0000 2.0000 2.0000 2.0000 2.0000 -2.0000 25.9805 25.9805 10.0000 2.5185 
S1 = 0.0000 0.0000 0.0000 0.0000 0.0000 0.0000 0.0000 0.0000 0.0000 0.0000 0.0000 0.0000 0.0000 0.0000 0.0000 0.0000 0.0000 0.0000 0.0000 0.0000 0.0000 0.0000 0.0000 0.0000 0.0000 0.0000 0.0000 
S2 = 0.0000 0.0000 0.0000 0.0000 0.0000 0.0000 0.0000 0.0000 0.0000 0.0000 0.0000 0.0000 0.0000 0.0000 0.0000 0.0000 0.0000 0.0000 0.0000 0.0000 0.0000 0.0000 0.0000 1.9805 1.9805 0.0000 13.5185 
u = 8.3031 8.1678 8.1678 8.1678 8.1678 8.1678 8.1678 8.1678 8.1059 8.1059 8.1059 8.1059 8.1059 8.1059 8.1059 8.0433 8.0433 8.0433 8.0433 8.0433 8.0433 8.0433 7.9881 10.9777 10.9777 11.6455 9.2370 
v = 34.1527 26.0154 26.0154 26.0154 26.0154 26.0154 26.0154 26.0154 22.8696 22.8696 22.8696 22.8696 22.8696 22.8696 22.8696 19.8440 19.8440 19.8440 19.8440 19.8440 19.8440 19.8440 17.2539 68.8321 68.8321 65.1931 26.2810 
