ExternalI = 5.5000 0.0000 0.0000 0.0000 0.0000 0.0000 0.0000 0.0000 4.0000 4.0000 4.0000 4.0000 4.0000 4.0000 4.0000 0.0000 0.0000 0.0000 0.0000 0.0000 0.0000 0.0000 0.0000 8.0000 8.0000 0.0000 0.0000 
before u = 8.3031 8.1678 8.1678 8.1678 8.1678 8.1678 8.1678 8.1678 8.1059 8.1059 8.1059 8.1059 8.1059 8.1059 8.1059 8.0433 8.0433 8.0433 8.0433 8.0433 8.0433 8.0433 7.9881 10.9777 10.9777 11.6455 9.2370 
before v = 34.1527 26.0154 26.0154 26.0154 26.0154 26.0154 26.0154 26.0154 22.8696 22.8696 22.8696 22.8696 22.8696 22.8696 22.8696 19.8440 19.8440 19.8440 19.8440 19.8440 19.8440 19.8440 17.2539 68.8321 68.8321 65.1931 26.2810 
Ibias = 9.4000 9.4000 9.4000 9.4000 9.4000 9.4000 9.4000 9.4000 2.0000 2.0000 2.0000 2.0000 2.0000 2.0000 2.0000 2.0000 2.0000 2.0000 2.0000 2.0000 2.0000 2.0000 -2.0000 16.0000 16.0000 10.0000 -11.0000 
fa1 = 0.7951 0.2581 0.2581 0.2581 0.2581 0.2581 0.2581 0.2581 0.2061 0.2061 0.2061 0.2061 0.2061 0.2061 0.2061 0.1761 0.1761 0.1761 0.1761 0.1761 0.1761 0.1761 0.1581 58.0168 58.0168 32.7808 2.0392 
fa2 = 0.7950 0.2581 0.2581 0.2581 0.2581 0.2581 0.2581 0.2581 0.2060 0.2060 0.2060 0.2060 0.2060 0.2060 0.2060 0.1760 0.1760 0.1760 0.1760 0.1760 0.1760 0.1760 0.1581 58.7470 58.7470 33.1449 2.0305 
fa3 = 0.7950 0.2581 0.2581 0.2581 0.2581 0.2581 0.2581 0.2581 0.2060 0.2060 0.2060 0.2060 0.2060 0.2060 0.2060 0.1760 0.1760 0.1760 0.1760 0.1760 0.1760 0.1760 0.1581 58.7562 58.7562 33.1489 2.0305 
fa4 = 0.7949 0.2580 0.2580 0.2580 0.2580 0.2580 0.2580 0.2580 0.2060 0.2060 0.2060 0.2060 0.2060 0.2060 0.2060 0.1760 0.1760 0.1760 0.1760 0.1760 0.1760 0.1760 0.1581 59.5028 59.5028 33.5193 2.0218 
fb1 = -0.1955 -0.2226 -0.2226 -0.2226 -0.2226 -0.2226 -0.2226 -0.2226 -0.2328 -0.2328 -0.2328 -0.2328 -0.2328 -0.2328 -0.2328 -0.2424 -0.2424 -0.2424 -0.2424 -0.2424 -0.2424 -0.2424 -0.2505 0.0558 0.0558 0.0279 -0.0796 
fb2 = -0.1955 -0.2226 -0.2226 -0.2226 -0.2226 -0.2226 -0.2226 -0.2226 -0.2327 -0.2327 -0.2327 -0.2327 -0.2327 -0.2327 -0.2327 -0.2423 -0.2423 -0.2423 -0.2423 -0.2423 -0.2423 -0.2423 -0.2505 0.0569 0.0569 0.0285 -0.0796 
fb3 = -0.1955 -0.2226 -0.2226 -0.2226 -0.2226 -0.2226 -0.2226 -0.2226 -0.2327 -0.2327 -0.2327 -0.2327 -0.2327 -0.2327 -0.2327 -0.2423 -0.2423 -0.2423 -0.2423 -0.2423 -0.2423 -0.2423 -0.2505 0.0569 0.0569 0.0285 -0.0796 
fb4 = -0.1954 -0.2225 -0.2225 -0.2225 -0.2225 -0.2225 -0.2225 -0.2225 -0.2327 -0.2327 -0.2327 -0.2327 -0.2327 -0.2327 -0.2327 -0.2423 -0.2423 -0.2423 -0.2423 -0.2423 -0.2423 -0.2423 -0.2504 0.0581 0.0581 0.0292 -0.0795 
I = 14.9000 9.4000 9.4000 9.4000 9.4000 9.4000 9.4000 9.4000 6.0000 6.0000 6.0000 6.0000 6.0000 6.0000 6.0000 2.0000 2.0000 2.0000 2.0000 2.0000 2.0000 2.0000 -2.0000 25.9765 25.9765 10.0000 2.4915 
S1 = 0.0000 0.0000 0.0000 0.0000 0.0000 0.0000 0.0000 0.0000 0.0000 0.0000 0.0000 0.0000 0.0000 0.0000 0.0000 0.0000 0.0000 0.0000 0.0000 0.0000 0.0000 0.0000 0.0000 0.0000 0.0000 0.0000 0.0000 
S2 = 0.0000 0.0000 0.0000 0.0000 0.0000 0.0000 0.0000 0.0000 0.0000 0.0000 0.0000 0.0000 0.0000 0.0000 0.0000 0.0000 0.0000 0.0000 0.0000 0.0000 0.0000 0.0000 0.0000 1.9765 1.9765 0.0000 13.4915 
u = 8.3011 8.1655 8.1655 8.1655 8.1655 8.1655 8.1655 8.1655 8.1035 8.1035 8.1035 8.1035 8.1035 8.1035 8.1035 8.0409 8.0409 8.0409 8.0409 8.0409 8.0409 8.0409 7.9856 10.9783 10.9783 11.6458 9.2362 
v = 34.1607 26.0179 26.0179 26.0179 26.0179 26.0179 26.0179 26.0179 22.8717 22.8717 22.8717 22.8717 22.8717 22.8717 22.8717 19.8458 19.8458 19.8458 19.8458 19.8458 19.8458 19.8458 17.2555 69.4196 69.4196 65.5246 26.3013 
