ExternalI = 5.5000 0.0000 0.0000 0.0000 0.0000 0.0000 0.0000 0.0000 4.0000 4.0000 4.0000 4.0000 4.0000 4.0000 4.0000 0.0000 0.0000 0.0000 0.0000 0.0000 0.0000 0.0000 0.0000 8.0000 8.0000 0.0000 0.0000 
before u = 8.3011 8.1655 8.1655 8.1655 8.1655 8.1655 8.1655 8.1655 8.1035 8.1035 8.1035 8.1035 8.1035 8.1035 8.1035 8.0409 8.0409 8.0409 8.0409 8.0409 8.0409 8.0409 7.9856 10.9783 10.9783 11.6458 9.2362 
before v = 34.1607 26.0179 26.0179 26.0179 26.0179 26.0179 26.0179 26.0179 22.8717 22.8717 22.8717 22.8717 22.8717 22.8717 22.8717 19.8458 19.8458 19.8458 19.8458 19.8458 19.8458 19.8458 17.2555 69.4196 69.4196 65.5246 26.3013 
Ibias = 9.4000 9.4000 9.4000 9.4000 9.4000 9.4000 9.4000 9.4000 2.0000 2.0000 2.0000 2.0000 2.0000 2.0000 2.0000 2.0000 2.0000 2.0000 2.0000 2.0000 2.0000 2.0000 -2.0000 16.0000 16.0000 10.0000 -11.0000 
fa1 = 0.7949 0.2580 0.2580 0.2580 0.2580 0.2580 0.2580 0.2580 0.2060 0.2060 0.2060 0.2060 0.2060 0.2060 0.2060 0.1760 0.1760 0.1760 0.1760 0.1760 0.1760 0.1760 0.1581 59.4988 59.4988 33.5193 1.9948 
fa2 = 0.7948 0.2579 0.2579 0.2579 0.2579 0.2579 0.2579 0.2579 0.2059 0.2059 0.2059 0.2059 0.2059 0.2059 0.2059 0.1760 0.1760 0.1760 0.1760 0.1760 0.1760 0.1760 0.1580 60.2617 60.2617 33.8960 1.9863 
fa3 = 0.7948 0.2579 0.2579 0.2579 0.2579 0.2579 0.2579 0.2579 0.2059 0.2059 0.2059 0.2059 0.2059 0.2059 0.2059 0.1760 0.1760 0.1760 0.1760 0.1760 0.1760 0.1760 0.1580 60.2715 60.2715 33.9003 1.9863 
fa4 = 0.7948 0.2578 0.2578 0.2578 0.2578 0.2578 0.2578 0.2578 0.2059 0.2059 0.2059 0.2059 0.2059 0.2059 0.2059 0.1759 0.1759 0.1759 0.1759 0.1759 0.1759 0.1759 0.1580 61.0518 61.0518 34.2837 1.9778 
fb1 = -0.1954 -0.2225 -0.2225 -0.2225 -0.2225 -0.2225 -0.2225 -0.2225 -0.2327 -0.2327 -0.2327 -0.2327 -0.2327 -0.2327 -0.2327 -0.2423 -0.2423 -0.2423 -0.2423 -0.2423 -0.2423 -0.2423 -0.2504 0.0581 0.0581 0.0292 -0.0795 
fb2 = -0.1953 -0.2225 -0.2225 -0.2225 -0.2225 -0.2225 -0.2225 -0.2225 -0.2326 -0.2326 -0.2326 -0.2326 -0.2326 -0.2326 -0.2326 -0.2422 -0.2422 -0.2422 -0.2422 -0.2422 -0.2422 -0.2422 -0.2503 0.0593 0.0593 0.0299 -0.0795 
fb3 = -0.1953 -0.2225 -0.2225 -0.2225 -0.2225 -0.2225 -0.2225 -0.2225 -0.2326 -0.2326 -0.2326 -0.2326 -0.2326 -0.2326 -0.2326 -0.2422 -0.2422 -0.2422 -0.2422 -0.2422 -0.2422 -0.2422 -0.2503 0.0593 0.0593 0.0299 -0.0795 
fb4 = -0.1953 -0.2225 -0.2225 -0.2225 -0.2225 -0.2225 -0.2225 -0.2225 -0.2326 -0.2326 -0.2326 -0.2326 -0.2326 -0.2326 -0.2326 -0.2421 -0.2421 -0.2421 -0.2421 -0.2421 -0.2421 -0.2421 -0.2503 0.0605 0.0605 0.0305 -0.0794 
I = 14.9000 9.4000 9.4000 9.4000 9.4000 9.4000 9.4000 9.4000 6.0000 6.0000 6.0000 6.0000 6.0000 6.0000 6.0000 2.0000 2.0000 2.0000 2.0000 2.0000 2.0000 2.0000 -2.0000 25.9726 25.9726 10.0000 2.4645 
S1 = 0.0000 0.0000 0.0000 0.0000 0.0000 0.0000 0.0000 0.0000 0.0000 0.0000 0.0000 0.0000 0.0000 0.0000 0.0000 0.0000 0.0000 0.0000 0.0000 0.0000 0.0000 0.0000 0.0000 0.0000 0.0000 0.0000 0.0000 
S2 = 0.0000 0.0000 0.0000 0.0000 0.0000 0.0000 0.0000 0.0000 0.0000 0.0000 0.0000 0.0000 0.0000 0.0000 0.0000 0.0000 0.0000 0.0000 0.0000 0.0000 0.0000 0.0000 0.0000 1.9726 1.9726 0.0000 13.4645 
u = 8.2992 8.1633 8.1633 8.1633 8.1633 8.1633 8.1633 8.1633 8.1012 8.1012 8.1012 8.1012 8.1012 8.1012 8.1012 8.0385 8.0385 8.0385 8.0385 8.0385 8.0385 8.0385 7.9831 10.9789 10.9789 11.6461 9.2354 
v = 34.1686 26.0205 26.0205 26.0205 26.0205 26.0205 26.0205 26.0205 22.8737 22.8737 22.8737 22.8737 22.8737 22.8737 22.8737 19.8475 19.8475 19.8475 19.8475 19.8475 19.8475 19.8475 17.2571 70.0223 70.0223 65.8636 26.3211 
