ExternalI = 5.5000 0.0000 0.0000 0.0000 0.0000 0.0000 0.0000 0.0000 4.0000 4.0000 4.0000 4.0000 4.0000 4.0000 4.0000 0.0000 0.0000 0.0000 0.0000 0.0000 0.0000 0.0000 0.0000 8.0000 8.0000 0.0000 0.0000 
before u = 8.2992 8.1633 8.1633 8.1633 8.1633 8.1633 8.1633 8.1633 8.1012 8.1012 8.1012 8.1012 8.1012 8.1012 8.1012 8.0385 8.0385 8.0385 8.0385 8.0385 8.0385 8.0385 7.9831 10.9789 10.9789 11.6461 9.2354 
before v = 34.1686 26.0205 26.0205 26.0205 26.0205 26.0205 26.0205 26.0205 22.8737 22.8737 22.8737 22.8737 22.8737 22.8737 22.8737 19.8475 19.8475 19.8475 19.8475 19.8475 19.8475 19.8475 17.2571 70.0223 70.0223 65.8636 26.3211 
Ibias = 9.4000 9.4000 9.4000 9.4000 9.4000 9.4000 9.4000 9.4000 2.0000 2.0000 2.0000 2.0000 2.0000 2.0000 2.0000 2.0000 2.0000 2.0000 2.0000 2.0000 2.0000 2.0000 -2.0000 16.0000 16.0000 10.0000 -11.0000 
fa1 = 0.7948 0.2578 0.2578 0.2578 0.2578 0.2578 0.2578 0.2578 0.2059 0.2059 0.2059 0.2059 0.2059 0.2059 0.2059 0.1759 0.1759 0.1759 0.1759 0.1759 0.1759 0.1759 0.1580 61.0478 61.0478 34.2836 1.9509 
fa2 = 0.7947 0.2578 0.2578 0.2578 0.2578 0.2578 0.2578 0.2578 0.2059 0.2059 0.2059 0.2059 0.2059 0.2059 0.2059 0.1759 0.1759 0.1759 0.1759 0.1759 0.1759 0.1759 0.1580 61.8454 61.8454 34.6736 1.9426 
fa3 = 0.7947 0.2578 0.2578 0.2578 0.2578 0.2578 0.2578 0.2578 0.2059 0.2059 0.2059 0.2059 0.2059 0.2059 0.2059 0.1759 0.1759 0.1759 0.1759 0.1759 0.1759 0.1759 0.1580 61.8558 61.8558 34.6781 1.9426 
fa4 = 0.7946 0.2577 0.2577 0.2577 0.2577 0.2577 0.2577 0.2577 0.2058 0.2058 0.2058 0.2058 0.2058 0.2058 0.2058 0.1759 0.1759 0.1759 0.1759 0.1759 0.1759 0.1759 0.1579 62.6718 62.6718 35.0750 1.9343 
fb1 = -0.1953 -0.2225 -0.2225 -0.2225 -0.2225 -0.2225 -0.2225 -0.2225 -0.2326 -0.2326 -0.2326 -0.2326 -0.2326 -0.2326 -0.2326 -0.2421 -0.2421 -0.2421 -0.2421 -0.2421 -0.2421 -0.2421 -0.2503 0.0605 0.0605 0.0305 -0.0794 
fb2 = -0.1952 -0.2224 -0.2224 -0.2224 -0.2224 -0.2224 -0.2224 -0.2224 -0.2325 -0.2325 -0.2325 -0.2325 -0.2325 -0.2325 -0.2325 -0.2421 -0.2421 -0.2421 -0.2421 -0.2421 -0.2421 -0.2421 -0.2502 0.0617 0.0617 0.0312 -0.0794 
fb3 = -0.1952 -0.2224 -0.2224 -0.2224 -0.2224 -0.2224 -0.2224 -0.2224 -0.2325 -0.2325 -0.2325 -0.2325 -0.2325 -0.2325 -0.2325 -0.2421 -0.2421 -0.2421 -0.2421 -0.2421 -0.2421 -0.2421 -0.2502 0.0617 0.0617 0.0312 -0.0794 
fb4 = -0.1952 -0.2224 -0.2224 -0.2224 -0.2224 -0.2224 -0.2224 -0.2224 -0.2325 -0.2325 -0.2325 -0.2325 -0.2325 -0.2325 -0.2325 -0.2420 -0.2420 -0.2420 -0.2420 -0.2420 -0.2420 -0.2420 -0.2502 0.0630 0.0630 0.0319 -0.0793 
I = 14.9000 9.4000 9.4000 9.4000 9.4000 9.4000 9.4000 9.4000 6.0000 6.0000 6.0000 6.0000 6.0000 6.0000 6.0000 2.0000 2.0000 2.0000 2.0000 2.0000 2.0000 2.0000 -2.0000 25.9686 25.9686 10.0000 2.4376 
S1 = 0.0000 0.0000 0.0000 0.0000 0.0000 0.0000 0.0000 0.0000 0.0000 0.0000 0.0000 0.0000 0.0000 0.0000 0.0000 0.0000 0.0000 0.0000 0.0000 0.0000 0.0000 0.0000 0.0000 0.0000 0.0000 0.0000 0.0000 
S2 = 0.0000 0.0000 0.0000 0.0000 0.0000 0.0000 0.0000 0.0000 0.0000 0.0000 0.0000 0.0000 0.0000 0.0000 0.0000 0.0000 0.0000 0.0000 0.0000 0.0000 0.0000 0.0000 0.0000 1.9686 1.9686 0.0000 13.4376 
u = 8.2972 8.1611 8.1611 8.1611 8.1611 8.1611 8.1611 8.1611 8.0989 8.0989 8.0989 8.0989 8.0989 8.0989 8.0989 8.0360 8.0360 8.0360 8.0360 8.0360 8.0360 8.0360 7.9806 10.9795 10.9795 11.6464 9.2346 
v = 34.1766 26.0231 26.0231 26.0231 26.0231 26.0231 26.0231 26.0231 22.8758 22.8758 22.8758 22.8758 22.8758 22.8758 22.8758 19.8493 19.8493 19.8493 19.8493 19.8493 19.8493 19.8493 17.2586 70.6409 70.6409 66.2103 26.3406 
