ExternalI = 5.5000 0.0000 0.0000 0.0000 0.0000 0.0000 0.0000 0.0000 4.0000 4.0000 4.0000 4.0000 4.0000 4.0000 4.0000 0.0000 0.0000 0.0000 0.0000 0.0000 0.0000 0.0000 0.0000 8.0000 8.0000 0.0000 0.0000 
before u = 8.2972 8.1611 8.1611 8.1611 8.1611 8.1611 8.1611 8.1611 8.0989 8.0989 8.0989 8.0989 8.0989 8.0989 8.0989 8.0360 8.0360 8.0360 8.0360 8.0360 8.0360 8.0360 7.9806 10.9795 10.9795 11.6464 9.2346 
before v = 34.1766 26.0231 26.0231 26.0231 26.0231 26.0231 26.0231 26.0231 22.8758 22.8758 22.8758 22.8758 22.8758 22.8758 22.8758 19.8493 19.8493 19.8493 19.8493 19.8493 19.8493 19.8493 17.2586 70.6409 70.6409 66.2103 26.3406 
Ibias = 9.4000 9.4000 9.4000 9.4000 9.4000 9.4000 9.4000 9.4000 2.0000 2.0000 2.0000 2.0000 2.0000 2.0000 2.0000 2.0000 2.0000 2.0000 2.0000 2.0000 2.0000 2.0000 -2.0000 16.0000 16.0000 10.0000 -11.0000 
fa1 = 0.7946 0.2577 0.2577 0.2577 0.2577 0.2577 0.2577 0.2577 0.2058 0.2058 0.2058 0.2058 0.2058 0.2058 0.2058 0.1759 0.1759 0.1759 0.1759 0.1759 0.1759 0.1759 0.1579 62.6678 62.6678 35.0750 1.9075 
fa2 = 0.7945 0.2576 0.2576 0.2576 0.2576 0.2576 0.2576 0.2576 0.2058 0.2058 0.2058 0.2058 0.2058 0.2058 0.2058 0.1758 0.1758 0.1758 0.1758 0.1758 0.1758 0.1758 0.1579 63.5022 63.5022 35.4789 1.8993 
fa3 = 0.7945 0.2576 0.2576 0.2576 0.2576 0.2576 0.2576 0.2576 0.2058 0.2058 0.2058 0.2058 0.2058 0.2058 0.2058 0.1758 0.1758 0.1758 0.1758 0.1758 0.1758 0.1758 0.1579 63.5134 63.5134 35.4835 1.8994 
fa4 = 0.7944 0.2576 0.2576 0.2576 0.2576 0.2576 0.2576 0.2576 0.2057 0.2057 0.2057 0.2057 0.2057 0.2057 0.2057 0.1758 0.1758 0.1758 0.1758 0.1758 0.1758 0.1758 0.1579 64.3672 64.3672 35.8947 1.8913 
fb1 = -0.1952 -0.2224 -0.2224 -0.2224 -0.2224 -0.2224 -0.2224 -0.2224 -0.2325 -0.2325 -0.2325 -0.2325 -0.2325 -0.2325 -0.2325 -0.2420 -0.2420 -0.2420 -0.2420 -0.2420 -0.2420 -0.2420 -0.2502 0.0630 0.0630 0.0319 -0.0793 
fb2 = -0.1951 -0.2223 -0.2223 -0.2223 -0.2223 -0.2223 -0.2223 -0.2223 -0.2324 -0.2324 -0.2324 -0.2324 -0.2324 -0.2324 -0.2324 -0.2420 -0.2420 -0.2420 -0.2420 -0.2420 -0.2420 -0.2420 -0.2501 0.0642 0.0642 0.0326 -0.0793 
fb3 = -0.1951 -0.2223 -0.2223 -0.2223 -0.2223 -0.2223 -0.2223 -0.2223 -0.2324 -0.2324 -0.2324 -0.2324 -0.2324 -0.2324 -0.2324 -0.2420 -0.2420 -0.2420 -0.2420 -0.2420 -0.2420 -0.2420 -0.2501 0.0642 0.0642 0.0326 -0.0793 
fb4 = -0.1951 -0.2223 -0.2223 -0.2223 -0.2223 -0.2223 -0.2223 -0.2223 -0.2324 -0.2324 -0.2324 -0.2324 -0.2324 -0.2324 -0.2324 -0.2419 -0.2419 -0.2419 -0.2419 -0.2419 -0.2419 -0.2419 -0.2501 0.0655 0.0655 0.0333 -0.0792 
I = 14.9000 9.4000 9.4000 9.4000 9.4000 9.4000 9.4000 9.4000 6.0000 6.0000 6.0000 6.0000 6.0000 6.0000 6.0000 2.0000 2.0000 2.0000 2.0000 2.0000 2.0000 2.0000 -2.0000 25.9647 25.9647 10.0000 2.4107 
S1 = 0.0000 0.0000 0.0000 0.0000 0.0000 0.0000 0.0000 0.0000 0.0000 0.0000 0.0000 0.0000 0.0000 0.0000 0.0000 0.0000 0.0000 0.0000 0.0000 0.0000 0.0000 0.0000 0.0000 0.0000 0.0000 0.0000 0.0000 
S2 = 0.0000 0.0000 0.0000 0.0000 0.0000 0.0000 0.0000 0.0000 0.0000 0.0000 0.0000 0.0000 0.0000 0.0000 0.0000 0.0000 0.0000 0.0000 0.0000 0.0000 0.0000 0.0000 0.0000 1.9647 1.9647 0.0000 13.4107 
u = 8.2953 8.1589 8.1589 8.1589 8.1589 8.1589 8.1589 8.1589 8.0966 8.0966 8.0966 8.0966 8.0966 8.0966 8.0966 8.0336 8.0336 8.0336 8.0336 8.0336 8.0336 8.0336 7.9781 10.9802 10.9802 11.6467 9.2338 
v = 34.1845 26.0257 26.0257 26.0257 26.0257 26.0257 26.0257 26.0257 22.8778 22.8778 22.8778 22.8778 22.8778 22.8778 22.8778 19.8510 19.8510 19.8510 19.8510 19.8510 19.8510 19.8510 17.2602 71.2760 71.2760 66.5652 26.3596 
