ExternalI = 5.5000 0.0000 0.0000 0.0000 0.0000 0.0000 0.0000 0.0000 4.0000 4.0000 4.0000 4.0000 4.0000 4.0000 4.0000 0.0000 0.0000 0.0000 0.0000 0.0000 0.0000 0.0000 0.0000 8.0000 8.0000 0.0000 0.0000 
before u = 8.2953 8.1589 8.1589 8.1589 8.1589 8.1589 8.1589 8.1589 8.0966 8.0966 8.0966 8.0966 8.0966 8.0966 8.0966 8.0336 8.0336 8.0336 8.0336 8.0336 8.0336 8.0336 7.9781 10.9802 10.9802 11.6467 9.2338 
before v = 34.1845 26.0257 26.0257 26.0257 26.0257 26.0257 26.0257 26.0257 22.8778 22.8778 22.8778 22.8778 22.8778 22.8778 22.8778 19.8510 19.8510 19.8510 19.8510 19.8510 19.8510 19.8510 17.2602 71.2760 71.2760 66.5652 26.3596 
Ibias = 9.4000 9.4000 9.4000 9.4000 9.4000 9.4000 9.4000 9.4000 2.0000 2.0000 2.0000 2.0000 2.0000 2.0000 2.0000 2.0000 2.0000 2.0000 2.0000 2.0000 2.0000 2.0000 -2.0000 16.0000 16.0000 10.0000 -11.0000 
fa1 = 0.7944 0.2576 0.2576 0.2576 0.2576 0.2576 0.2576 0.2576 0.2057 0.2057 0.2057 0.2057 0.2057 0.2057 0.2057 0.1758 0.1758 0.1758 0.1758 0.1758 0.1758 0.1758 0.1579 64.3632 64.3632 35.8947 1.8645 
fa2 = 0.7944 0.2575 0.2575 0.2575 0.2575 0.2575 0.2575 0.2575 0.2057 0.2057 0.2057 0.2057 0.2057 0.2057 0.2057 0.1758 0.1758 0.1758 0.1758 0.1758 0.1758 0.1758 0.1579 65.2366 65.2366 36.3131 1.8566 
fa3 = 0.7944 0.2575 0.2575 0.2575 0.2575 0.2575 0.2575 0.2575 0.2057 0.2057 0.2057 0.2057 0.2057 0.2057 0.2057 0.1758 0.1758 0.1758 0.1758 0.1758 0.1758 0.1758 0.1579 65.2485 65.2485 36.3180 1.8566 
fa4 = 0.7943 0.2574 0.2574 0.2574 0.2574 0.2574 0.2574 0.2574 0.2056 0.2056 0.2056 0.2056 0.2056 0.2056 0.2056 0.1757 0.1757 0.1757 0.1757 0.1757 0.1757 0.1757 0.1578 66.1427 66.1427 36.7441 1.8487 
fb1 = -0.1951 -0.2223 -0.2223 -0.2223 -0.2223 -0.2223 -0.2223 -0.2223 -0.2324 -0.2324 -0.2324 -0.2324 -0.2324 -0.2324 -0.2324 -0.2419 -0.2419 -0.2419 -0.2419 -0.2419 -0.2419 -0.2419 -0.2501 0.0655 0.0655 0.0333 -0.0792 
fb2 = -0.1950 -0.2222 -0.2222 -0.2222 -0.2222 -0.2222 -0.2222 -0.2222 -0.2323 -0.2323 -0.2323 -0.2323 -0.2323 -0.2323 -0.2323 -0.2419 -0.2419 -0.2419 -0.2419 -0.2419 -0.2419 -0.2419 -0.2500 0.0668 0.0668 0.0340 -0.0792 
fb3 = -0.1950 -0.2222 -0.2222 -0.2222 -0.2222 -0.2222 -0.2222 -0.2222 -0.2323 -0.2323 -0.2323 -0.2323 -0.2323 -0.2323 -0.2323 -0.2419 -0.2419 -0.2419 -0.2419 -0.2419 -0.2419 -0.2419 -0.2500 0.0668 0.0668 0.0340 -0.0792 
fb4 = -0.1950 -0.2222 -0.2222 -0.2222 -0.2222 -0.2222 -0.2222 -0.2222 -0.2323 -0.2323 -0.2323 -0.2323 -0.2323 -0.2323 -0.2323 -0.2418 -0.2418 -0.2418 -0.2418 -0.2418 -0.2418 -0.2418 -0.2500 0.0681 0.0681 0.0348 -0.0791 
I = 14.9000 9.4000 9.4000 9.4000 9.4000 9.4000 9.4000 9.4000 6.0000 6.0000 6.0000 6.0000 6.0000 6.0000 6.0000 2.0000 2.0000 2.0000 2.0000 2.0000 2.0000 2.0000 -2.0000 25.9608 25.9608 10.0000 2.3839 
S1 = 0.0000 0.0000 0.0000 0.0000 0.0000 0.0000 0.0000 0.0000 0.0000 0.0000 0.0000 0.0000 0.0000 0.0000 0.0000 0.0000 0.0000 0.0000 0.0000 0.0000 0.0000 0.0000 0.0000 0.0000 0.0000 0.0000 0.0000 
S2 = 0.0000 0.0000 0.0000 0.0000 0.0000 0.0000 0.0000 0.0000 0.0000 0.0000 0.0000 0.0000 0.0000 0.0000 0.0000 0.0000 0.0000 0.0000 0.0000 0.0000 0.0000 0.0000 0.0000 1.9608 1.9608 0.0000 13.3839 
u = 8.2933 8.1566 8.1566 8.1566 8.1566 8.1566 8.1566 8.1566 8.0942 8.0942 8.0942 8.0942 8.0942 8.0942 8.0942 8.0312 8.0312 8.0312 8.0312 8.0312 8.0312 8.0312 7.9756 10.9808 10.9808 11.6470 9.2330 
v = 34.1925 26.0282 26.0282 26.0282 26.0282 26.0282 26.0282 26.0282 22.8799 22.8799 22.8799 22.8799 22.8799 22.8799 22.8799 19.8528 19.8528 19.8528 19.8528 19.8528 19.8528 19.8528 17.2618 71.9284 71.9284 66.9283 26.3781 
