ExternalI = 5.5000 0.0000 0.0000 0.0000 0.0000 0.0000 0.0000 0.0000 4.0000 4.0000 4.0000 4.0000 4.0000 4.0000 4.0000 0.0000 0.0000 0.0000 0.0000 0.0000 0.0000 0.0000 0.0000 8.0000 8.0000 0.0000 0.0000 
before u = 8.2933 8.1566 8.1566 8.1566 8.1566 8.1566 8.1566 8.1566 8.0942 8.0942 8.0942 8.0942 8.0942 8.0942 8.0942 8.0312 8.0312 8.0312 8.0312 8.0312 8.0312 8.0312 7.9756 10.9808 10.9808 11.6470 9.2330 
before v = 34.1925 26.0282 26.0282 26.0282 26.0282 26.0282 26.0282 26.0282 22.8799 22.8799 22.8799 22.8799 22.8799 22.8799 22.8799 19.8528 19.8528 19.8528 19.8528 19.8528 19.8528 19.8528 17.2618 71.9284 71.9284 66.9283 26.3781 
Ibias = 9.4000 9.4000 9.4000 9.4000 9.4000 9.4000 9.4000 9.4000 2.0000 2.0000 2.0000 2.0000 2.0000 2.0000 2.0000 2.0000 2.0000 2.0000 2.0000 2.0000 2.0000 2.0000 -2.0000 16.0000 16.0000 10.0000 -11.0000 
fa1 = 0.7943 0.2574 0.2574 0.2574 0.2574 0.2574 0.2574 0.2574 0.2056 0.2056 0.2056 0.2056 0.2056 0.2056 0.2056 0.1757 0.1757 0.1757 0.1757 0.1757 0.1757 0.1757 0.1578 66.1387 66.1387 36.7440 1.8220 
fa2 = 0.7942 0.2573 0.2573 0.2573 0.2573 0.2573 0.2573 0.2573 0.2056 0.2056 0.2056 0.2056 0.2056 0.2056 0.2056 0.1757 0.1757 0.1757 0.1757 0.1757 0.1757 0.1757 0.1578 67.0535 67.0535 37.1777 1.8143 
fa3 = 0.7942 0.2573 0.2573 0.2573 0.2573 0.2573 0.2573 0.2573 0.2056 0.2056 0.2056 0.2056 0.2056 0.2056 0.2056 0.1757 0.1757 0.1757 0.1757 0.1757 0.1757 0.1757 0.1578 67.0663 67.0663 37.1829 1.8143 
fa4 = 0.7941 0.2573 0.2573 0.2573 0.2573 0.2573 0.2573 0.2573 0.2056 0.2056 0.2056 0.2056 0.2056 0.2056 0.2056 0.1757 0.1757 0.1757 0.1757 0.1757 0.1757 0.1757 0.1578 68.0032 68.0032 37.6246 1.8066 
fb1 = -0.1950 -0.2222 -0.2222 -0.2222 -0.2222 -0.2222 -0.2222 -0.2222 -0.2323 -0.2323 -0.2323 -0.2323 -0.2323 -0.2323 -0.2323 -0.2418 -0.2418 -0.2418 -0.2418 -0.2418 -0.2418 -0.2418 -0.2500 0.0681 0.0681 0.0348 -0.0791 
fb2 = -0.1949 -0.2221 -0.2221 -0.2221 -0.2221 -0.2221 -0.2221 -0.2221 -0.2322 -0.2322 -0.2322 -0.2322 -0.2322 -0.2322 -0.2322 -0.2418 -0.2418 -0.2418 -0.2418 -0.2418 -0.2418 -0.2418 -0.2499 0.0694 0.0694 0.0355 -0.0791 
fb3 = -0.1949 -0.2221 -0.2221 -0.2221 -0.2221 -0.2221 -0.2221 -0.2221 -0.2322 -0.2322 -0.2322 -0.2322 -0.2322 -0.2322 -0.2322 -0.2418 -0.2418 -0.2418 -0.2418 -0.2418 -0.2418 -0.2418 -0.2499 0.0694 0.0694 0.0355 -0.0791 
fb4 = -0.1949 -0.2221 -0.2221 -0.2221 -0.2221 -0.2221 -0.2221 -0.2221 -0.2321 -0.2321 -0.2321 -0.2321 -0.2321 -0.2321 -0.2321 -0.2417 -0.2417 -0.2417 -0.2417 -0.2417 -0.2417 -0.2417 -0.2499 0.0708 0.0708 0.0363 -0.0791 
I = 14.9000 9.4000 9.4000 9.4000 9.4000 9.4000 9.4000 9.4000 6.0000 6.0000 6.0000 6.0000 6.0000 6.0000 6.0000 2.0000 2.0000 2.0000 2.0000 2.0000 2.0000 2.0000 -2.0000 25.9569 25.9569 10.0000 2.3571 
S1 = 0.0000 0.0000 0.0000 0.0000 0.0000 0.0000 0.0000 0.0000 0.0000 0.0000 0.0000 0.0000 0.0000 0.0000 0.0000 0.0000 0.0000 0.0000 0.0000 0.0000 0.0000 0.0000 0.0000 0.0000 0.0000 0.0000 0.0000 
S2 = 0.0000 0.0000 0.0000 0.0000 0.0000 0.0000 0.0000 0.0000 0.0000 0.0000 0.0000 0.0000 0.0000 0.0000 0.0000 0.0000 0.0000 0.0000 0.0000 0.0000 0.0000 0.0000 0.0000 1.9569 1.9569 0.0000 13.3571 
u = 8.2914 8.1544 8.1544 8.1544 8.1544 8.1544 8.1544 8.1544 8.0919 8.0919 8.0919 8.0919 8.0919 8.0919 8.0919 8.0288 8.0288 8.0288 8.0288 8.0288 8.0288 8.0288 7.9731 10.9815 10.9815 11.6474 9.2322 
v = 34.2004 26.0308 26.0308 26.0308 26.0308 26.0308 26.0308 26.0308 22.8820 22.8820 22.8820 22.8820 22.8820 22.8820 22.8820 19.8546 19.8546 19.8546 19.8546 19.8546 19.8546 19.8546 17.2634 72.5991 72.5991 67.3002 26.3963 
