ExternalI = 5.5000 0.0000 0.0000 0.0000 0.0000 0.0000 0.0000 0.0000 4.0000 4.0000 4.0000 4.0000 4.0000 4.0000 4.0000 0.0000 0.0000 0.0000 0.0000 0.0000 0.0000 0.0000 0.0000 8.0000 8.0000 0.0000 0.0000 
before u = 8.2914 8.1544 8.1544 8.1544 8.1544 8.1544 8.1544 8.1544 8.0919 8.0919 8.0919 8.0919 8.0919 8.0919 8.0919 8.0288 8.0288 8.0288 8.0288 8.0288 8.0288 8.0288 7.9731 10.9815 10.9815 11.6474 9.2322 
before v = 34.2004 26.0308 26.0308 26.0308 26.0308 26.0308 26.0308 26.0308 22.8820 22.8820 22.8820 22.8820 22.8820 22.8820 22.8820 19.8546 19.8546 19.8546 19.8546 19.8546 19.8546 19.8546 17.2634 72.5991 72.5991 67.3002 26.3963 
Ibias = 9.4000 9.4000 9.4000 9.4000 9.4000 9.4000 9.4000 9.4000 2.0000 2.0000 2.0000 2.0000 2.0000 2.0000 2.0000 2.0000 2.0000 2.0000 2.0000 2.0000 2.0000 2.0000 -2.0000 16.0000 16.0000 10.0000 -11.0000 
fa1 = 0.7941 0.2573 0.2573 0.2573 0.2573 0.2573 0.2573 0.2573 0.2056 0.2056 0.2056 0.2056 0.2056 0.2056 0.2056 0.1757 0.1757 0.1757 0.1757 0.1757 0.1757 0.1757 0.1578 67.9992 67.9992 37.6246 1.7799 
fa2 = 0.7941 0.2572 0.2572 0.2572 0.2572 0.2572 0.2572 0.2572 0.2055 0.2055 0.2055 0.2055 0.2055 0.2055 0.2055 0.1756 0.1756 0.1756 0.1756 0.1756 0.1756 0.1756 0.1578 68.9581 68.9581 38.0743 1.7724 
fa3 = 0.7941 0.2572 0.2572 0.2572 0.2572 0.2572 0.2572 0.2572 0.2055 0.2055 0.2055 0.2055 0.2055 0.2055 0.2055 0.1756 0.1756 0.1756 0.1756 0.1756 0.1756 0.1756 0.1578 68.9717 68.9717 38.0797 1.7724 
fa4 = 0.7940 0.2571 0.2571 0.2571 0.2571 0.2571 0.2571 0.2571 0.2055 0.2055 0.2055 0.2055 0.2055 0.2055 0.2055 0.1756 0.1756 0.1756 0.1756 0.1756 0.1756 0.1756 0.1577 69.9542 69.9542 38.5378 1.7650 
fb1 = -0.1949 -0.2221 -0.2221 -0.2221 -0.2221 -0.2221 -0.2221 -0.2221 -0.2321 -0.2321 -0.2321 -0.2321 -0.2321 -0.2321 -0.2321 -0.2417 -0.2417 -0.2417 -0.2417 -0.2417 -0.2417 -0.2417 -0.2499 0.0708 0.0708 0.0363 -0.0791 
fb2 = -0.1948 -0.2220 -0.2220 -0.2220 -0.2220 -0.2220 -0.2220 -0.2220 -0.2321 -0.2321 -0.2321 -0.2321 -0.2321 -0.2321 -0.2321 -0.2417 -0.2417 -0.2417 -0.2417 -0.2417 -0.2417 -0.2417 -0.2498 0.0721 0.0721 0.0370 -0.0790 
fb3 = -0.1948 -0.2220 -0.2220 -0.2220 -0.2220 -0.2220 -0.2220 -0.2220 -0.2321 -0.2321 -0.2321 -0.2321 -0.2321 -0.2321 -0.2321 -0.2417 -0.2417 -0.2417 -0.2417 -0.2417 -0.2417 -0.2417 -0.2498 0.0721 0.0721 0.0370 -0.0790 
fb4 = -0.1947 -0.2220 -0.2220 -0.2220 -0.2220 -0.2220 -0.2220 -0.2220 -0.2320 -0.2320 -0.2320 -0.2320 -0.2320 -0.2320 -0.2320 -0.2416 -0.2416 -0.2416 -0.2416 -0.2416 -0.2416 -0.2416 -0.2498 0.0735 0.0735 0.0378 -0.0790 
I = 14.9000 9.4000 9.4000 9.4000 9.4000 9.4000 9.4000 9.4000 6.0000 6.0000 6.0000 6.0000 6.0000 6.0000 6.0000 2.0000 2.0000 2.0000 2.0000 2.0000 2.0000 2.0000 -2.0000 25.9529 25.9529 10.0000 2.3304 
S1 = 0.0000 0.0000 0.0000 0.0000 0.0000 0.0000 0.0000 0.0000 0.0000 0.0000 0.0000 0.0000 0.0000 0.0000 0.0000 0.0000 0.0000 0.0000 0.0000 0.0000 0.0000 0.0000 0.0000 0.0000 0.0000 0.0000 0.0000 
S2 = 0.0000 0.0000 0.0000 0.0000 0.0000 0.0000 0.0000 0.0000 0.0000 0.0000 0.0000 0.0000 0.0000 0.0000 0.0000 0.0000 0.0000 0.0000 0.0000 0.0000 0.0000 0.0000 0.0000 1.9529 1.9529 0.0000 13.3304 
u = 8.2894 8.1522 8.1522 8.1522 8.1522 8.1522 8.1522 8.1522 8.0896 8.0896 8.0896 8.0896 8.0896 8.0896 8.0896 8.0264 8.0264 8.0264 8.0264 8.0264 8.0264 8.0264 7.9706 10.9822 10.9822 11.6478 9.2314 
v = 34.2084 26.0334 26.0334 26.0334 26.0334 26.0334 26.0334 26.0334 22.8840 22.8840 22.8840 22.8840 22.8840 22.8840 22.8840 19.8563 19.8563 19.8563 19.8563 19.8563 19.8563 19.8563 17.2649 73.2887 73.2887 67.6809 26.4140 
