ExternalI = 5.5000 0.0000 0.0000 0.0000 0.0000 0.0000 0.0000 0.0000 4.0000 4.0000 4.0000 4.0000 4.0000 4.0000 4.0000 0.0000 0.0000 0.0000 0.0000 0.0000 0.0000 0.0000 0.0000 8.0000 8.0000 0.0000 0.0000 
before u = 8.2894 8.1522 8.1522 8.1522 8.1522 8.1522 8.1522 8.1522 8.0896 8.0896 8.0896 8.0896 8.0896 8.0896 8.0896 8.0264 8.0264 8.0264 8.0264 8.0264 8.0264 8.0264 7.9706 10.9822 10.9822 11.6478 9.2314 
before v = 34.2084 26.0334 26.0334 26.0334 26.0334 26.0334 26.0334 26.0334 22.8840 22.8840 22.8840 22.8840 22.8840 22.8840 22.8840 19.8563 19.8563 19.8563 19.8563 19.8563 19.8563 19.8563 17.2649 73.2887 73.2887 67.6809 26.4140 
Ibias = 9.4000 9.4000 9.4000 9.4000 9.4000 9.4000 9.4000 9.4000 2.0000 2.0000 2.0000 2.0000 2.0000 2.0000 2.0000 2.0000 2.0000 2.0000 2.0000 2.0000 2.0000 2.0000 -2.0000 16.0000 16.0000 10.0000 -11.0000 
fa1 = 0.7940 0.2571 0.2571 0.2571 0.2571 0.2571 0.2571 0.2571 0.2055 0.2055 0.2055 0.2055 0.2055 0.2055 0.2055 0.1756 0.1756 0.1756 0.1756 0.1756 0.1756 0.1756 0.1577 69.9502 69.9502 38.5378 1.7383 
fa2 = 0.7939 0.2571 0.2571 0.2571 0.2571 0.2571 0.2571 0.2571 0.2054 0.2054 0.2054 0.2054 0.2054 0.2054 0.2054 0.1756 0.1756 0.1756 0.1756 0.1756 0.1756 0.1756 0.1577 70.9561 70.9561 39.0043 1.7310 
fa3 = 0.7939 0.2571 0.2571 0.2571 0.2571 0.2571 0.2571 0.2571 0.2054 0.2054 0.2054 0.2054 0.2054 0.2054 0.2054 0.1756 0.1756 0.1756 0.1756 0.1756 0.1756 0.1756 0.1577 70.9706 70.9706 39.0100 1.7310 
fa4 = 0.7938 0.2570 0.2570 0.2570 0.2570 0.2570 0.2570 0.2570 0.2054 0.2054 0.2054 0.2054 0.2054 0.2054 0.2054 0.1756 0.1756 0.1756 0.1756 0.1756 0.1756 0.1756 0.1577 72.0015 72.0015 39.4854 1.7238 
fb1 = -0.1947 -0.2220 -0.2220 -0.2220 -0.2220 -0.2220 -0.2220 -0.2220 -0.2320 -0.2320 -0.2320 -0.2320 -0.2320 -0.2320 -0.2320 -0.2416 -0.2416 -0.2416 -0.2416 -0.2416 -0.2416 -0.2416 -0.2498 0.0735 0.0735 0.0378 -0.0790 
fb2 = -0.1947 -0.2219 -0.2219 -0.2219 -0.2219 -0.2219 -0.2219 -0.2219 -0.2320 -0.2320 -0.2320 -0.2320 -0.2320 -0.2320 -0.2320 -0.2416 -0.2416 -0.2416 -0.2416 -0.2416 -0.2416 -0.2416 -0.2497 0.0749 0.0749 0.0385 -0.0789 
fb3 = -0.1947 -0.2219 -0.2219 -0.2219 -0.2219 -0.2219 -0.2219 -0.2219 -0.2320 -0.2320 -0.2320 -0.2320 -0.2320 -0.2320 -0.2320 -0.2416 -0.2416 -0.2416 -0.2416 -0.2416 -0.2416 -0.2416 -0.2497 0.0749 0.0749 0.0385 -0.0789 
fb4 = -0.1946 -0.2219 -0.2219 -0.2219 -0.2219 -0.2219 -0.2219 -0.2219 -0.2319 -0.2319 -0.2319 -0.2319 -0.2319 -0.2319 -0.2319 -0.2415 -0.2415 -0.2415 -0.2415 -0.2415 -0.2415 -0.2415 -0.2497 0.0763 0.0763 0.0393 -0.0789 
I = 14.9000 9.4000 9.4000 9.4000 9.4000 9.4000 9.4000 9.4000 6.0000 6.0000 6.0000 6.0000 6.0000 6.0000 6.0000 2.0000 2.0000 2.0000 2.0000 2.0000 2.0000 2.0000 -2.0000 25.9490 25.9490 10.0000 2.3037 
S1 = 0.0000 0.0000 0.0000 0.0000 0.0000 0.0000 0.0000 0.0000 0.0000 0.0000 0.0000 0.0000 0.0000 0.0000 0.0000 0.0000 0.0000 0.0000 0.0000 0.0000 0.0000 0.0000 0.0000 0.0000 0.0000 0.0000 0.0000 
S2 = 0.0000 0.0000 0.0000 0.0000 0.0000 0.0000 0.0000 0.0000 0.0000 0.0000 0.0000 0.0000 0.0000 0.0000 0.0000 0.0000 0.0000 0.0000 0.0000 0.0000 0.0000 0.0000 0.0000 1.9490 1.9490 0.0000 13.3037 
u = 8.2875 8.1500 8.1500 8.1500 8.1500 8.1500 8.1500 8.1500 8.0873 8.0873 8.0873 8.0873 8.0873 8.0873 8.0873 8.0240 8.0240 8.0240 8.0240 8.0240 8.0240 8.0240 7.9681 10.9830 10.9830 11.6481 9.2306 
v = 34.2163 26.0360 26.0360 26.0360 26.0360 26.0360 26.0360 26.0360 22.8861 22.8861 22.8861 22.8861 22.8861 22.8861 22.8861 19.8581 19.8581 19.8581 19.8581 19.8581 19.8581 19.8581 17.2665 73.9984 73.9984 68.0710 26.4313 
