ExternalI = 5.5000 0.0000 0.0000 0.0000 0.0000 0.0000 0.0000 0.0000 4.0000 4.0000 4.0000 4.0000 4.0000 4.0000 4.0000 0.0000 0.0000 0.0000 0.0000 0.0000 0.0000 0.0000 0.0000 8.0000 8.0000 0.0000 0.0000 
before u = 8.2875 8.1500 8.1500 8.1500 8.1500 8.1500 8.1500 8.1500 8.0873 8.0873 8.0873 8.0873 8.0873 8.0873 8.0873 8.0240 8.0240 8.0240 8.0240 8.0240 8.0240 8.0240 7.9681 10.9830 10.9830 11.6481 9.2306 
before v = 34.2163 26.0360 26.0360 26.0360 26.0360 26.0360 26.0360 26.0360 22.8861 22.8861 22.8861 22.8861 22.8861 22.8861 22.8861 19.8581 19.8581 19.8581 19.8581 19.8581 19.8581 19.8581 17.2665 73.9984 73.9984 68.0710 26.4313 
Ibias = 9.4000 9.4000 9.4000 9.4000 9.4000 9.4000 9.4000 9.4000 2.0000 2.0000 2.0000 2.0000 2.0000 2.0000 2.0000 2.0000 2.0000 2.0000 2.0000 2.0000 2.0000 2.0000 -2.0000 16.0000 16.0000 10.0000 -11.0000 
fa1 = 0.7938 0.2570 0.2570 0.2570 0.2570 0.2570 0.2570 0.2570 0.2054 0.2054 0.2054 0.2054 0.2054 0.2054 0.2054 0.1756 0.1756 0.1756 0.1756 0.1756 0.1756 0.1756 0.1577 71.9975 71.9975 39.4853 1.6972 
fa2 = 0.7938 0.2569 0.2569 0.2569 0.2569 0.2569 0.2569 0.2569 0.2054 0.2054 0.2054 0.2054 0.2054 0.2054 0.2054 0.1755 0.1755 0.1755 0.1755 0.1755 0.1755 0.1755 0.1576 73.0535 73.0535 39.9696 1.6900 
fa3 = 0.7938 0.2569 0.2569 0.2569 0.2569 0.2569 0.2569 0.2569 0.2054 0.2054 0.2054 0.2054 0.2054 0.2054 0.2054 0.1755 0.1755 0.1755 0.1755 0.1755 0.1755 0.1755 0.1576 73.0690 73.0690 39.9755 1.6901 
fa4 = 0.7937 0.2569 0.2569 0.2569 0.2569 0.2569 0.2569 0.2569 0.2053 0.2053 0.2053 0.2053 0.2053 0.2053 0.2053 0.1755 0.1755 0.1755 0.1755 0.1755 0.1755 0.1755 0.1576 74.1516 74.1516 40.4690 1.6830 
fb1 = -0.1946 -0.2219 -0.2219 -0.2219 -0.2219 -0.2219 -0.2219 -0.2219 -0.2319 -0.2319 -0.2319 -0.2319 -0.2319 -0.2319 -0.2319 -0.2415 -0.2415 -0.2415 -0.2415 -0.2415 -0.2415 -0.2415 -0.2497 0.0763 0.0763 0.0393 -0.0789 
fb2 = -0.1946 -0.2218 -0.2218 -0.2218 -0.2218 -0.2218 -0.2218 -0.2218 -0.2319 -0.2319 -0.2319 -0.2319 -0.2319 -0.2319 -0.2319 -0.2415 -0.2415 -0.2415 -0.2415 -0.2415 -0.2415 -0.2415 -0.2496 0.0778 0.0778 0.0401 -0.0788 
fb3 = -0.1946 -0.2218 -0.2218 -0.2218 -0.2218 -0.2218 -0.2218 -0.2218 -0.2319 -0.2319 -0.2319 -0.2319 -0.2319 -0.2319 -0.2319 -0.2415 -0.2415 -0.2415 -0.2415 -0.2415 -0.2415 -0.2415 -0.2496 0.0778 0.0778 0.0401 -0.0788 
fb4 = -0.1945 -0.2218 -0.2218 -0.2218 -0.2218 -0.2218 -0.2218 -0.2218 -0.2318 -0.2318 -0.2318 -0.2318 -0.2318 -0.2318 -0.2318 -0.2414 -0.2414 -0.2414 -0.2414 -0.2414 -0.2414 -0.2414 -0.2496 0.0792 0.0792 0.0409 -0.0788 
I = 14.9000 9.4000 9.4000 9.4000 9.4000 9.4000 9.4000 9.4000 6.0000 6.0000 6.0000 6.0000 6.0000 6.0000 6.0000 2.0000 2.0000 2.0000 2.0000 2.0000 2.0000 2.0000 -2.0000 25.9451 25.9451 10.0000 2.2771 
S1 = 0.0000 0.0000 0.0000 0.0000 0.0000 0.0000 0.0000 0.0000 0.0000 0.0000 0.0000 0.0000 0.0000 0.0000 0.0000 0.0000 0.0000 0.0000 0.0000 0.0000 0.0000 0.0000 0.0000 0.0000 0.0000 0.0000 0.0000 
S2 = 0.0000 0.0000 0.0000 0.0000 0.0000 0.0000 0.0000 0.0000 0.0000 0.0000 0.0000 0.0000 0.0000 0.0000 0.0000 0.0000 0.0000 0.0000 0.0000 0.0000 0.0000 0.0000 0.0000 1.9451 1.9451 0.0000 13.2771 
u = 8.2855 8.1478 8.1478 8.1478 8.1478 8.1478 8.1478 8.1478 8.0850 8.0850 8.0850 8.0850 8.0850 8.0850 8.0850 8.0215 8.0215 8.0215 8.0215 8.0215 8.0215 8.0215 7.9656 10.9838 10.9838 11.6485 9.2298 
v = 34.2242 26.0385 26.0385 26.0385 26.0385 26.0385 26.0385 26.0385 22.8881 22.8881 22.8881 22.8881 22.8881 22.8881 22.8881 19.8598 19.8598 19.8598 19.8598 19.8598 19.8598 19.8598 17.2681 74.7291 74.7291 68.4708 26.4482 
