ExternalI = 5.5000 0.0000 0.0000 0.0000 0.0000 0.0000 0.0000 0.0000 4.0000 4.0000 4.0000 4.0000 4.0000 4.0000 4.0000 0.0000 0.0000 0.0000 0.0000 0.0000 0.0000 0.0000 0.0000 8.0000 8.0000 0.0000 0.0000 
before u = 8.2855 8.1478 8.1478 8.1478 8.1478 8.1478 8.1478 8.1478 8.0850 8.0850 8.0850 8.0850 8.0850 8.0850 8.0850 8.0215 8.0215 8.0215 8.0215 8.0215 8.0215 8.0215 7.9656 10.9838 10.9838 11.6485 9.2298 
before v = 34.2242 26.0385 26.0385 26.0385 26.0385 26.0385 26.0385 26.0385 22.8881 22.8881 22.8881 22.8881 22.8881 22.8881 22.8881 19.8598 19.8598 19.8598 19.8598 19.8598 19.8598 19.8598 17.2681 74.7291 74.7291 68.4708 26.4482 
Ibias = 9.4000 9.4000 9.4000 9.4000 9.4000 9.4000 9.4000 9.4000 2.0000 2.0000 2.0000 2.0000 2.0000 2.0000 2.0000 2.0000 2.0000 2.0000 2.0000 2.0000 2.0000 2.0000 -2.0000 16.0000 16.0000 10.0000 -11.0000 
fa1 = 0.7937 0.2569 0.2569 0.2569 0.2569 0.2569 0.2569 0.2569 0.2053 0.2053 0.2053 0.2053 0.2053 0.2053 0.2053 0.1755 0.1755 0.1755 0.1755 0.1755 0.1755 0.1755 0.1576 74.1477 74.1477 40.4690 1.6564 
fa2 = 0.7936 0.2568 0.2568 0.2568 0.2568 0.2568 0.2568 0.2568 0.2053 0.2053 0.2053 0.2053 0.2053 0.2053 0.2053 0.1755 0.1755 0.1755 0.1755 0.1755 0.1755 0.1755 0.1576 75.2569 75.2569 40.9718 1.6495 
fa3 = 0.7936 0.2568 0.2568 0.2568 0.2568 0.2568 0.2568 0.2568 0.2053 0.2053 0.2053 0.2053 0.2053 0.2053 0.2053 0.1755 0.1755 0.1755 0.1755 0.1755 0.1755 0.1755 0.1576 75.2736 75.2736 40.9780 1.6495 
fa4 = 0.7936 0.2567 0.2567 0.2567 0.2567 0.2567 0.2567 0.2567 0.2052 0.2052 0.2052 0.2052 0.2052 0.2052 0.2052 0.1754 0.1754 0.1754 0.1754 0.1754 0.1754 0.1754 0.1576 76.4114 76.4114 41.4906 1.6427 
fb1 = -0.1945 -0.2218 -0.2218 -0.2218 -0.2218 -0.2218 -0.2218 -0.2218 -0.2318 -0.2318 -0.2318 -0.2318 -0.2318 -0.2318 -0.2318 -0.2414 -0.2414 -0.2414 -0.2414 -0.2414 -0.2414 -0.2414 -0.2496 0.0792 0.0792 0.0409 -0.0788 
fb2 = -0.1945 -0.2217 -0.2217 -0.2217 -0.2217 -0.2217 -0.2217 -0.2217 -0.2318 -0.2318 -0.2318 -0.2318 -0.2318 -0.2318 -0.2318 -0.2414 -0.2414 -0.2414 -0.2414 -0.2414 -0.2414 -0.2414 -0.2495 0.0807 0.0807 0.0417 -0.0788 
fb3 = -0.1945 -0.2217 -0.2217 -0.2217 -0.2217 -0.2217 -0.2217 -0.2217 -0.2318 -0.2318 -0.2318 -0.2318 -0.2318 -0.2318 -0.2318 -0.2414 -0.2414 -0.2414 -0.2414 -0.2414 -0.2414 -0.2414 -0.2495 0.0807 0.0807 0.0417 -0.0788 
fb4 = -0.1944 -0.2217 -0.2217 -0.2217 -0.2217 -0.2217 -0.2217 -0.2217 -0.2317 -0.2317 -0.2317 -0.2317 -0.2317 -0.2317 -0.2317 -0.2413 -0.2413 -0.2413 -0.2413 -0.2413 -0.2413 -0.2413 -0.2494 0.0822 0.0822 0.0425 -0.0787 
I = 14.9000 9.4000 9.4000 9.4000 9.4000 9.4000 9.4000 9.4000 6.0000 6.0000 6.0000 6.0000 6.0000 6.0000 6.0000 2.0000 2.0000 2.0000 2.0000 2.0000 2.0000 2.0000 -2.0000 25.9412 25.9412 10.0000 2.2506 
S1 = 0.0000 0.0000 0.0000 0.0000 0.0000 0.0000 0.0000 0.0000 0.0000 0.0000 0.0000 0.0000 0.0000 0.0000 0.0000 0.0000 0.0000 0.0000 0.0000 0.0000 0.0000 0.0000 0.0000 0.0000 0.0000 0.0000 0.0000 
S2 = 0.0000 0.0000 0.0000 0.0000 0.0000 0.0000 0.0000 0.0000 0.0000 0.0000 0.0000 0.0000 0.0000 0.0000 0.0000 0.0000 0.0000 0.0000 0.0000 0.0000 0.0000 0.0000 0.0000 1.9412 1.9412 0.0000 13.2506 
u = 8.2836 8.1455 8.1455 8.1455 8.1455 8.1455 8.1455 8.1455 8.0826 8.0826 8.0826 8.0826 8.0826 8.0826 8.0826 8.0191 8.0191 8.0191 8.0191 8.0191 8.0191 8.0191 7.9631 10.9846 10.9846 11.6490 9.2290 
v = 34.2322 26.0411 26.0411 26.0411 26.0411 26.0411 26.0411 26.0411 22.8902 22.8902 22.8902 22.8902 22.8902 22.8902 22.8902 19.8616 19.8616 19.8616 19.8616 19.8616 19.8616 19.8616 17.2697 75.4818 75.4818 68.8805 26.4647 
