ExternalI = 5.5000 0.0000 0.0000 0.0000 0.0000 0.0000 0.0000 0.0000 4.0000 4.0000 4.0000 4.0000 4.0000 4.0000 4.0000 0.0000 0.0000 0.0000 0.0000 0.0000 0.0000 0.0000 0.0000 8.0000 8.0000 0.0000 0.0000 
before u = 8.2836 8.1455 8.1455 8.1455 8.1455 8.1455 8.1455 8.1455 8.0826 8.0826 8.0826 8.0826 8.0826 8.0826 8.0826 8.0191 8.0191 8.0191 8.0191 8.0191 8.0191 8.0191 7.9631 10.9846 10.9846 11.6490 9.2290 
before v = 34.2322 26.0411 26.0411 26.0411 26.0411 26.0411 26.0411 26.0411 22.8902 22.8902 22.8902 22.8902 22.8902 22.8902 22.8902 19.8616 19.8616 19.8616 19.8616 19.8616 19.8616 19.8616 17.2697 75.4818 75.4818 68.8805 26.4647 
Ibias = 9.4000 9.4000 9.4000 9.4000 9.4000 9.4000 9.4000 9.4000 2.0000 2.0000 2.0000 2.0000 2.0000 2.0000 2.0000 2.0000 2.0000 2.0000 2.0000 2.0000 2.0000 2.0000 -2.0000 16.0000 16.0000 10.0000 -11.0000 
fa1 = 0.7936 0.2567 0.2567 0.2567 0.2567 0.2567 0.2567 0.2567 0.2052 0.2052 0.2052 0.2052 0.2052 0.2052 0.2052 0.1754 0.1754 0.1754 0.1754 0.1754 0.1754 0.1754 0.1576 76.4074 76.4074 41.4905 1.6162 
fa2 = 0.7935 0.2566 0.2566 0.2566 0.2566 0.2566 0.2566 0.2566 0.2052 0.2052 0.2052 0.2052 0.2052 0.2052 0.2052 0.1754 0.1754 0.1754 0.1754 0.1754 0.1754 0.1754 0.1575 77.5737 77.5737 42.0128 1.6094 
fa3 = 0.7935 0.2566 0.2566 0.2566 0.2566 0.2566 0.2566 0.2566 0.2052 0.2052 0.2052 0.2052 0.2052 0.2052 0.2052 0.1754 0.1754 0.1754 0.1754 0.1754 0.1754 0.1754 0.1575 77.5916 77.5916 42.0194 1.6094 
fa4 = 0.7934 0.2566 0.2566 0.2566 0.2566 0.2566 0.2566 0.2566 0.2052 0.2052 0.2052 0.2052 0.2052 0.2052 0.2052 0.1754 0.1754 0.1754 0.1754 0.1754 0.1754 0.1754 0.1575 78.7883 78.7883 42.5520 1.6027 
fb1 = -0.1944 -0.2217 -0.2217 -0.2217 -0.2217 -0.2217 -0.2217 -0.2217 -0.2317 -0.2317 -0.2317 -0.2317 -0.2317 -0.2317 -0.2317 -0.2413 -0.2413 -0.2413 -0.2413 -0.2413 -0.2413 -0.2413 -0.2494 0.0822 0.0822 0.0425 -0.0787 
fb2 = -0.1944 -0.2216 -0.2216 -0.2216 -0.2216 -0.2216 -0.2216 -0.2216 -0.2317 -0.2317 -0.2317 -0.2317 -0.2317 -0.2317 -0.2317 -0.2413 -0.2413 -0.2413 -0.2413 -0.2413 -0.2413 -0.2413 -0.2494 0.0838 0.0838 0.0434 -0.0787 
fb3 = -0.1944 -0.2216 -0.2216 -0.2216 -0.2216 -0.2216 -0.2216 -0.2216 -0.2317 -0.2317 -0.2317 -0.2317 -0.2317 -0.2317 -0.2317 -0.2413 -0.2413 -0.2413 -0.2413 -0.2413 -0.2413 -0.2413 -0.2494 0.0838 0.0838 0.0434 -0.0787 
fb4 = -0.1943 -0.2216 -0.2216 -0.2216 -0.2216 -0.2216 -0.2216 -0.2216 -0.2316 -0.2316 -0.2316 -0.2316 -0.2316 -0.2316 -0.2316 -0.2412 -0.2412 -0.2412 -0.2412 -0.2412 -0.2412 -0.2412 -0.2493 0.0853 0.0853 0.0442 -0.0786 
I = 14.9000 9.4000 9.4000 9.4000 9.4000 9.4000 9.4000 9.4000 6.0000 6.0000 6.0000 6.0000 6.0000 6.0000 6.0000 2.0000 2.0000 2.0000 2.0000 2.0000 2.0000 2.0000 -2.0000 25.9374 25.9374 10.0000 2.2241 
S1 = 0.0000 0.0000 0.0000 0.0000 0.0000 0.0000 0.0000 0.0000 0.0000 0.0000 0.0000 0.0000 0.0000 0.0000 0.0000 0.0000 0.0000 0.0000 0.0000 0.0000 0.0000 0.0000 0.0000 0.0000 0.0000 0.0000 0.0000 
S2 = 0.0000 0.0000 0.0000 0.0000 0.0000 0.0000 0.0000 0.0000 0.0000 0.0000 0.0000 0.0000 0.0000 0.0000 0.0000 0.0000 0.0000 0.0000 0.0000 0.0000 0.0000 0.0000 0.0000 1.9374 1.9374 0.0000 13.2241 
u = 8.2816 8.1433 8.1433 8.1433 8.1433 8.1433 8.1433 8.1433 8.0803 8.0803 8.0803 8.0803 8.0803 8.0803 8.0803 8.0167 8.0167 8.0167 8.0167 8.0167 8.0167 8.0167 7.9606 10.9854 10.9854 11.6494 9.2283 
v = 34.2401 26.0437 26.0437 26.0437 26.0437 26.0437 26.0437 26.0437 22.8922 22.8922 22.8922 22.8922 22.8922 22.8922 22.8922 19.8633 19.8633 19.8633 19.8633 19.8633 19.8633 19.8633 17.2713 76.2577 76.2577 69.3007 26.4808 
