ExternalI = 5.5000 0.0000 0.0000 0.0000 0.0000 0.0000 0.0000 0.0000 4.0000 4.0000 4.0000 4.0000 4.0000 4.0000 4.0000 0.0000 0.0000 0.0000 0.0000 0.0000 0.0000 0.0000 0.0000 8.0000 8.0000 0.0000 0.0000 
before u = 8.2816 8.1433 8.1433 8.1433 8.1433 8.1433 8.1433 8.1433 8.0803 8.0803 8.0803 8.0803 8.0803 8.0803 8.0803 8.0167 8.0167 8.0167 8.0167 8.0167 8.0167 8.0167 7.9606 10.9854 10.9854 11.6494 9.2283 
before v = 34.2401 26.0437 26.0437 26.0437 26.0437 26.0437 26.0437 26.0437 22.8922 22.8922 22.8922 22.8922 22.8922 22.8922 22.8922 19.8633 19.8633 19.8633 19.8633 19.8633 19.8633 19.8633 17.2713 76.2577 76.2577 69.3007 26.4808 
Ibias = 9.4000 9.4000 9.4000 9.4000 9.4000 9.4000 9.4000 9.4000 2.0000 2.0000 2.0000 2.0000 2.0000 2.0000 2.0000 2.0000 2.0000 2.0000 2.0000 2.0000 2.0000 2.0000 -2.0000 16.0000 16.0000 10.0000 -11.0000 
fa1 = 0.7934 0.2566 0.2566 0.2566 0.2566 0.2566 0.2566 0.2566 0.2052 0.2052 0.2052 0.2052 0.2052 0.2052 0.2052 0.1754 0.1754 0.1754 0.1754 0.1754 0.1754 0.1754 0.1575 78.7843 78.7843 42.5520 1.5763 
fa2 = 0.7934 0.2565 0.2565 0.2565 0.2565 0.2565 0.2565 0.2565 0.2051 0.2051 0.2051 0.2051 0.2051 0.2051 0.2051 0.1753 0.1753 0.1753 0.1753 0.1753 0.1753 0.1753 0.1575 80.0115 80.0115 43.0949 1.5697 
fa3 = 0.7934 0.2565 0.2565 0.2565 0.2565 0.2565 0.2565 0.2565 0.2051 0.2051 0.2051 0.2051 0.2051 0.2051 0.2051 0.1753 0.1753 0.1753 0.1753 0.1753 0.1753 0.1753 0.1575 80.0307 80.0307 43.1018 1.5698 
fa4 = 0.7933 0.2564 0.2564 0.2564 0.2564 0.2564 0.2564 0.2564 0.2051 0.2051 0.2051 0.2051 0.2051 0.2051 0.2051 0.1753 0.1753 0.1753 0.1753 0.1753 0.1753 0.1753 0.1574 81.2905 81.2905 43.6555 1.5633 
fb1 = -0.1943 -0.2216 -0.2216 -0.2216 -0.2216 -0.2216 -0.2216 -0.2216 -0.2316 -0.2316 -0.2316 -0.2316 -0.2316 -0.2316 -0.2316 -0.2412 -0.2412 -0.2412 -0.2412 -0.2412 -0.2412 -0.2412 -0.2493 0.0853 0.0853 0.0442 -0.0786 
fb2 = -0.1942 -0.2215 -0.2215 -0.2215 -0.2215 -0.2215 -0.2215 -0.2215 -0.2316 -0.2316 -0.2316 -0.2316 -0.2316 -0.2316 -0.2316 -0.2412 -0.2412 -0.2412 -0.2412 -0.2412 -0.2412 -0.2412 -0.2493 0.0869 0.0869 0.0451 -0.0786 
fb3 = -0.1942 -0.2215 -0.2215 -0.2215 -0.2215 -0.2215 -0.2215 -0.2215 -0.2316 -0.2316 -0.2316 -0.2316 -0.2316 -0.2316 -0.2316 -0.2412 -0.2412 -0.2412 -0.2412 -0.2412 -0.2412 -0.2412 -0.2493 0.0869 0.0869 0.0451 -0.0786 
fb4 = -0.1942 -0.2215 -0.2215 -0.2215 -0.2215 -0.2215 -0.2215 -0.2215 -0.2315 -0.2315 -0.2315 -0.2315 -0.2315 -0.2315 -0.2315 -0.2411 -0.2411 -0.2411 -0.2411 -0.2411 -0.2411 -0.2411 -0.2492 0.0885 0.0885 0.0459 -0.0786 
I = 14.9000 9.4000 9.4000 9.4000 9.4000 9.4000 9.4000 9.4000 6.0000 6.0000 6.0000 6.0000 6.0000 6.0000 6.0000 2.0000 2.0000 2.0000 2.0000 2.0000 2.0000 2.0000 -2.0000 25.9335 25.9335 10.0000 2.1976 
S1 = 0.0000 0.0000 0.0000 0.0000 0.0000 0.0000 0.0000 0.0000 0.0000 0.0000 0.0000 0.0000 0.0000 0.0000 0.0000 0.0000 0.0000 0.0000 0.0000 0.0000 0.0000 0.0000 0.0000 0.0000 0.0000 0.0000 0.0000 
S2 = 0.0000 0.0000 0.0000 0.0000 0.0000 0.0000 0.0000 0.0000 0.0000 0.0000 0.0000 0.0000 0.0000 0.0000 0.0000 0.0000 0.0000 0.0000 0.0000 0.0000 0.0000 0.0000 0.0000 1.9335 1.9335 0.0000 13.1976 
u = 8.2797 8.1411 8.1411 8.1411 8.1411 8.1411 8.1411 8.1411 8.0780 8.0780 8.0780 8.0780 8.0780 8.0780 8.0780 8.0143 8.0143 8.0143 8.0143 8.0143 8.0143 8.0143 7.9581 10.9863 10.9863 11.6498 9.2275 
v = 34.2480 26.0462 26.0462 26.0462 26.0462 26.0462 26.0462 26.0462 22.8943 22.8943 22.8943 22.8943 22.8943 22.8943 22.8943 19.8651 19.8651 19.8651 19.8651 19.8651 19.8651 19.8651 17.2728 77.0579 77.0579 69.7317 26.4965 
