ExternalI = 5.5000 0.0000 0.0000 0.0000 0.0000 0.0000 0.0000 0.0000 4.0000 4.0000 4.0000 4.0000 4.0000 4.0000 4.0000 0.0000 0.0000 0.0000 0.0000 0.0000 0.0000 0.0000 0.0000 8.0000 8.0000 0.0000 0.0000 
before u = 9.9786 9.9786 9.9786 9.9786 9.9786 9.9786 9.9786 9.9786 9.9786 9.9786 9.9786 9.9786 9.9786 9.9786 9.9786 9.9785 9.9785 9.9785 9.9785 9.9785 9.9785 9.9785 9.9785 9.9907 9.9907 10.0051 9.9905 
before v = 11.6272 11.3173 11.3173 11.3173 11.3173 11.3173 11.3173 11.3173 11.1258 11.1258 11.1258 11.1258 11.1258 11.1258 11.1258 10.9006 10.9006 10.9006 10.9006 10.9006 10.9006 10.9006 10.6755 12.7041 12.7041 72.9939 10.7314 
Ibias = 9.4000 9.4000 9.4000 9.4000 9.4000 9.4000 9.4000 9.4000 2.0000 2.0000 2.0000 2.0000 2.0000 2.0000 2.0000 2.0000 2.0000 2.0000 2.0000 2.0000 2.0000 2.0000 -2.0000 16.0000 16.0000 10.0000 -11.0000 
fa1 = 25.4475 20.5928 20.5928 20.5928 20.5928 20.5928 20.5928 20.5928 17.5954 17.5954 17.5954 17.5954 17.5954 17.5954 17.5954 14.0726 14.0726 14.0726 14.0726 14.0726 14.0726 14.0726 10.5537 42.3527 42.3527 54.1376 11.4218 
fa2 = 25.1866 20.3793 20.3793 20.3793 20.3793 20.3793 20.3793 20.3793 17.4118 17.4118 17.4118 17.4118 17.4118 17.4118 17.4118 13.9248 13.9248 13.9248 13.9248 13.9248 13.9248 13.9248 10.4423 41.9352 41.9352 54.9087 11.3004 
fa3 = 25.1893 20.3815 20.3815 20.3815 20.3815 20.3815 20.3815 20.3815 17.4138 17.4138 17.4138 17.4138 17.4138 17.4138 17.4138 13.9264 13.9264 13.9264 13.9264 13.9264 13.9264 13.9264 10.4435 41.9393 41.9393 54.9197 11.3017 
fa4 = 24.9322 20.1711 20.1711 20.1711 20.1711 20.1711 20.1711 20.1711 17.2327 17.2327 17.2327 17.2327 17.2327 17.2327 17.2327 13.7806 13.7806 13.7806 13.7806 13.7806 13.7806 13.7806 10.3336 41.5293 41.5293 55.7082 11.1818 
fb1 = -0.3526 -0.3539 -0.3539 -0.3539 -0.3539 -0.3539 -0.3539 -0.3539 -0.3546 -0.3546 -0.3546 -0.3546 -0.3546 -0.3546 -0.3546 -0.3555 -0.3555 -0.3555 -0.3555 -0.3555 -0.3555 -0.3555 -0.3564 -0.1490 -0.1490 0.0919 -0.1569 
fb2 = -0.3521 -0.3534 -0.3534 -0.3534 -0.3534 -0.3534 -0.3534 -0.3534 -0.3542 -0.3542 -0.3542 -0.3542 -0.3542 -0.3542 -0.3542 -0.3552 -0.3552 -0.3552 -0.3552 -0.3552 -0.3552 -0.3552 -0.3562 -0.1481 -0.1481 0.0929 -0.1566 
fb3 = -0.3521 -0.3534 -0.3534 -0.3534 -0.3534 -0.3534 -0.3534 -0.3534 -0.3542 -0.3542 -0.3542 -0.3542 -0.3542 -0.3542 -0.3542 -0.3552 -0.3552 -0.3552 -0.3552 -0.3552 -0.3552 -0.3552 -0.3562 -0.1481 -0.1481 0.0930 -0.1566 
fb4 = -0.3515 -0.3529 -0.3529 -0.3529 -0.3529 -0.3529 -0.3529 -0.3529 -0.3538 -0.3538 -0.3538 -0.3538 -0.3538 -0.3538 -0.3538 -0.3548 -0.3548 -0.3548 -0.3548 -0.3548 -0.3548 -0.3548 -0.3559 -0.1473 -0.1473 0.0941 -0.1564 
I = 14.9000 9.4000 9.4000 9.4000 9.4000 9.4000 9.4000 9.4000 6.0000 6.0000 6.0000 6.0000 6.0000 6.0000 6.0000 2.0000 2.0000 2.0000 2.0000 2.0000 2.0000 2.0000 -2.0000 24.0000 24.0000 10.0000 -11.0000 
S1 = 0.0000 0.0000 0.0000 0.0000 0.0000 0.0000 0.0000 0.0000 0.0000 0.0000 0.0000 0.0000 0.0000 0.0000 0.0000 0.0000 0.0000 0.0000 0.0000 0.0000 0.0000 0.0000 0.0000 0.0000 0.0000 0.0000 0.0000 
S2 = 0.0000 0.0000 0.0000 0.0000 0.0000 0.0000 0.0000 0.0000 0.0000 0.0000 0.0000 0.0000 0.0000 0.0000 0.0000 0.0000 0.0000 0.0000 0.0000 0.0000 0.0000 0.0000 0.0000 0.0000 0.0000 0.0000 0.0000 
u = 9.9751 9.9751 9.9751 9.9751 9.9751 9.9751 9.9751 9.9751 9.9750 9.9750 9.9750 9.9750 9.9750 9.9750 9.9750 9.9750 9.9750 9.9750 9.9750 9.9750 9.9750 9.9750 9.9749 9.9893 9.9893 10.0061 9.9889 
v = 11.8790 11.5211 11.5211 11.5211 11.5211 11.5211 11.5211 11.5211 11.2999 11.2999 11.2999 11.2999 11.2999 11.2999 11.2999 11.0399 11.0399 11.0399 11.0399 11.0399 11.0399 11.0399 10.7799 13.1235 13.1235 73.5431 10.8444 
