ExternalI = 5.5000 0.0000 0.0000 0.0000 0.0000 0.0000 0.0000 0.0000 4.0000 4.0000 4.0000 4.0000 4.0000 4.0000 4.0000 0.0000 0.0000 0.0000 0.0000 0.0000 0.0000 0.0000 0.0000 8.0000 8.0000 0.0000 0.0000 
before u = 9.7734 9.7697 9.7697 9.7697 9.7697 9.7697 9.7697 9.7697 9.7675 9.7675 9.7675 9.7675 9.7675 9.7675 9.7675 9.7650 9.7650 9.7650 9.7650 9.7650 9.7650 9.7650 9.7624 9.9221 9.9221 10.1878 9.8986 
before v = 21.3407 19.0174 19.0174 19.0174 19.0174 19.0174 19.0174 19.0174 17.6263 17.6263 17.6263 17.6263 17.6263 17.6263 17.6263 16.0311 16.0311 16.0311 16.0311 16.0311 16.0311 16.0311 14.4785 30.1742 30.1742 66.9533 15.0870 
Ibias = 9.4000 9.4000 9.4000 9.4000 9.4000 9.4000 9.4000 9.4000 2.0000 2.0000 2.0000 2.0000 2.0000 2.0000 2.0000 2.0000 2.0000 2.0000 2.0000 2.0000 2.0000 2.0000 -2.0000 16.0000 16.0000 10.0000 -11.0000 
fa1 = 9.3216 7.0445 7.0445 7.0445 7.0445 7.0445 7.0445 7.0445 5.7810 5.7810 5.7810 5.7810 5.7810 5.7810 5.7810 4.4215 4.4215 4.4215 4.4215 4.4215 4.4215 4.4215 3.1872 19.9746 19.9746 38.2620 4.3834 
fa2 = 9.2629 6.9940 6.9940 6.9940 6.9940 6.9940 6.9940 6.9940 5.7367 5.7367 5.7367 5.7367 5.7367 5.7367 5.7367 4.3852 4.3852 4.3852 4.3852 4.3852 4.3852 4.3852 3.1595 19.9168 19.9168 38.7139 4.3448 
fa3 = 9.2633 6.9944 6.9944 6.9944 6.9944 6.9944 6.9944 6.9944 5.7371 5.7371 5.7371 5.7371 5.7371 5.7371 5.7371 4.3855 4.3855 4.3855 4.3855 4.3855 4.3855 4.3855 3.1597 19.9170 19.9170 38.7193 4.3452 
fa4 = 9.2052 6.9444 6.9444 6.9444 6.9444 6.9444 6.9444 6.9444 5.6932 5.6932 5.6932 5.6932 5.6932 5.6932 5.6932 4.3496 4.3496 4.3496 4.3496 4.3496 4.3496 4.3496 3.1323 19.8602 19.8602 39.1797 4.3070 
fb1 = -0.3056 -0.3147 -0.3147 -0.3147 -0.3147 -0.3147 -0.3147 -0.3147 -0.3202 -0.3202 -0.3202 -0.3202 -0.3202 -0.3202 -0.3202 -0.3265 -0.3265 -0.3265 -0.3265 -0.3265 -0.3265 -0.3265 -0.3326 -0.0777 -0.0777 0.0641 -0.1376 
fb2 = -0.3053 -0.3145 -0.3145 -0.3145 -0.3145 -0.3145 -0.3145 -0.3145 -0.3200 -0.3200 -0.3200 -0.3200 -0.3200 -0.3200 -0.3200 -0.3263 -0.3263 -0.3263 -0.3263 -0.3263 -0.3263 -0.3263 -0.3325 -0.0773 -0.0773 0.0648 -0.1375 
fb3 = -0.3053 -0.3145 -0.3145 -0.3145 -0.3145 -0.3145 -0.3145 -0.3145 -0.3200 -0.3200 -0.3200 -0.3200 -0.3200 -0.3200 -0.3200 -0.3263 -0.3263 -0.3263 -0.3263 -0.3263 -0.3263 -0.3263 -0.3325 -0.0773 -0.0773 0.0648 -0.1375 
fb4 = -0.3051 -0.3143 -0.3143 -0.3143 -0.3143 -0.3143 -0.3143 -0.3143 -0.3198 -0.3198 -0.3198 -0.3198 -0.3198 -0.3198 -0.3198 -0.3262 -0.3262 -0.3262 -0.3262 -0.3262 -0.3262 -0.3262 -0.3323 -0.0769 -0.0769 0.0656 -0.1374 
I = 14.9000 9.4000 9.4000 9.4000 9.4000 9.4000 9.4000 9.4000 6.0000 6.0000 6.0000 6.0000 6.0000 6.0000 6.0000 2.0000 2.0000 2.0000 2.0000 2.0000 2.0000 2.0000 -2.0000 24.0000 24.0000 10.0000 -9.5618 
S1 = 0.0000 0.0000 0.0000 0.0000 0.0000 0.0000 0.0000 0.0000 0.0000 0.0000 0.0000 0.0000 0.0000 0.0000 0.0000 0.0000 0.0000 0.0000 0.0000 0.0000 0.0000 0.0000 0.0000 0.0000 0.0000 0.0000 0.0000 
S2 = 0.0000 0.0000 0.0000 0.0000 0.0000 0.0000 0.0000 0.0000 0.0000 0.0000 0.0000 0.0000 0.0000 0.0000 0.0000 0.0000 0.0000 0.0000 0.0000 0.0000 0.0000 0.0000 0.0000 0.0000 0.0000 0.0000 1.4382 
u = 9.7703 9.7666 9.7666 9.7666 9.7666 9.7666 9.7666 9.7666 9.7643 9.7643 9.7643 9.7643 9.7643 9.7643 9.7643 9.7617 9.7617 9.7617 9.7617 9.7617 9.7617 9.7617 9.7591 9.9214 9.9214 10.1884 9.8972 
v = 21.4333 19.0874 19.0874 19.0874 19.0874 19.0874 19.0874 19.0874 17.6837 17.6837 17.6837 17.6837 17.6837 17.6837 17.6837 16.0750 16.0750 16.0750 16.0750 16.0750 16.0750 16.0750 14.5101 30.3733 30.3733 67.3404 15.1304 
