ExternalI = 5.5000 0.0000 0.0000 0.0000 0.0000 0.0000 0.0000 0.0000 4.0000 4.0000 4.0000 4.0000 4.0000 4.0000 4.0000 0.0000 0.0000 0.0000 0.0000 0.0000 0.0000 0.0000 0.0000 8.0000 8.0000 0.0000 0.0000 
before u = 8.2797 8.1411 8.1411 8.1411 8.1411 8.1411 8.1411 8.1411 8.0780 8.0780 8.0780 8.0780 8.0780 8.0780 8.0780 8.0143 8.0143 8.0143 8.0143 8.0143 8.0143 8.0143 7.9581 10.9863 10.9863 11.6498 9.2275 
before v = 34.2480 26.0462 26.0462 26.0462 26.0462 26.0462 26.0462 26.0462 22.8943 22.8943 22.8943 22.8943 22.8943 22.8943 22.8943 19.8651 19.8651 19.8651 19.8651 19.8651 19.8651 19.8651 17.2728 77.0579 77.0579 69.7317 26.4965 
Ibias = 9.4000 9.4000 9.4000 9.4000 9.4000 9.4000 9.4000 9.4000 2.0000 2.0000 2.0000 2.0000 2.0000 2.0000 2.0000 2.0000 2.0000 2.0000 2.0000 2.0000 2.0000 2.0000 -2.0000 16.0000 16.0000 10.0000 -11.0000 
fa1 = 0.7933 0.2564 0.2564 0.2564 0.2564 0.2564 0.2564 0.2564 0.2051 0.2051 0.2051 0.2051 0.2051 0.2051 0.2051 0.1753 0.1753 0.1753 0.1753 0.1753 0.1753 0.1753 0.1574 81.2865 81.2865 43.6555 1.5369 
fa2 = 0.7933 0.2564 0.2564 0.2564 0.2564 0.2564 0.2564 0.2564 0.2050 0.2050 0.2050 0.2050 0.2050 0.2050 0.2050 0.1753 0.1753 0.1753 0.1753 0.1753 0.1753 0.1753 0.1574 82.5789 82.5789 44.2200 1.5305 
fa3 = 0.7933 0.2564 0.2564 0.2564 0.2564 0.2564 0.2564 0.2564 0.2050 0.2050 0.2050 0.2050 0.2050 0.2050 0.2050 0.1753 0.1753 0.1753 0.1753 0.1753 0.1753 0.1753 0.1574 82.5995 82.5995 44.2273 1.5305 
fa4 = 0.7932 0.2563 0.2563 0.2563 0.2563 0.2563 0.2563 0.2563 0.2050 0.2050 0.2050 0.2050 0.2050 0.2050 0.2050 0.1752 0.1752 0.1752 0.1752 0.1752 0.1752 0.1752 0.1574 83.9269 83.9269 44.8032 1.5242 
fb1 = -0.1942 -0.2215 -0.2215 -0.2215 -0.2215 -0.2215 -0.2215 -0.2215 -0.2315 -0.2315 -0.2315 -0.2315 -0.2315 -0.2315 -0.2315 -0.2411 -0.2411 -0.2411 -0.2411 -0.2411 -0.2411 -0.2411 -0.2492 0.0885 0.0885 0.0459 -0.0786 
fb2 = -0.1941 -0.2214 -0.2214 -0.2214 -0.2214 -0.2214 -0.2214 -0.2214 -0.2315 -0.2315 -0.2315 -0.2315 -0.2315 -0.2315 -0.2315 -0.2411 -0.2411 -0.2411 -0.2411 -0.2411 -0.2411 -0.2411 -0.2492 0.0901 0.0901 0.0468 -0.0785 
fb3 = -0.1941 -0.2214 -0.2214 -0.2214 -0.2214 -0.2214 -0.2214 -0.2214 -0.2315 -0.2315 -0.2315 -0.2315 -0.2315 -0.2315 -0.2315 -0.2411 -0.2411 -0.2411 -0.2411 -0.2411 -0.2411 -0.2411 -0.2492 0.0901 0.0901 0.0468 -0.0785 
fb4 = -0.1941 -0.2214 -0.2214 -0.2214 -0.2214 -0.2214 -0.2214 -0.2214 -0.2314 -0.2314 -0.2314 -0.2314 -0.2314 -0.2314 -0.2314 -0.2410 -0.2410 -0.2410 -0.2410 -0.2410 -0.2410 -0.2410 -0.2491 0.0918 0.0918 0.0477 -0.0785 
I = 14.9000 9.4000 9.4000 9.4000 9.4000 9.4000 9.4000 9.4000 6.0000 6.0000 6.0000 6.0000 6.0000 6.0000 6.0000 2.0000 2.0000 2.0000 2.0000 2.0000 2.0000 2.0000 -2.0000 25.9296 25.9296 10.0000 2.1712 
S1 = 0.0000 0.0000 0.0000 0.0000 0.0000 0.0000 0.0000 0.0000 0.0000 0.0000 0.0000 0.0000 0.0000 0.0000 0.0000 0.0000 0.0000 0.0000 0.0000 0.0000 0.0000 0.0000 0.0000 0.0000 0.0000 0.0000 0.0000 
S2 = 0.0000 0.0000 0.0000 0.0000 0.0000 0.0000 0.0000 0.0000 0.0000 0.0000 0.0000 0.0000 0.0000 0.0000 0.0000 0.0000 0.0000 0.0000 0.0000 0.0000 0.0000 0.0000 0.0000 1.9296 1.9296 0.0000 13.1712 
u = 8.2777 8.1389 8.1389 8.1389 8.1389 8.1389 8.1389 8.1389 8.0757 8.0757 8.0757 8.0757 8.0757 8.0757 8.0757 8.0119 8.0119 8.0119 8.0119 8.0119 8.0119 8.0119 7.9556 10.9872 10.9872 11.6503 9.2267 
v = 34.2560 26.0488 26.0488 26.0488 26.0488 26.0488 26.0488 26.0488 22.8963 22.8963 22.8963 22.8963 22.8963 22.8963 22.8963 19.8668 19.8668 19.8668 19.8668 19.8668 19.8668 19.8668 17.2744 77.8839 77.8839 70.1740 26.5118 
