ExternalI = 5.5000 0.0000 0.0000 0.0000 0.0000 0.0000 0.0000 0.0000 4.0000 4.0000 4.0000 4.0000 4.0000 4.0000 4.0000 0.0000 0.0000 0.0000 0.0000 0.0000 0.0000 0.0000 0.0000 8.0000 8.0000 0.0000 0.0000 
before u = 8.2777 8.1389 8.1389 8.1389 8.1389 8.1389 8.1389 8.1389 8.0757 8.0757 8.0757 8.0757 8.0757 8.0757 8.0757 8.0119 8.0119 8.0119 8.0119 8.0119 8.0119 8.0119 7.9556 10.9872 10.9872 11.6503 9.2267 
before v = 34.2560 26.0488 26.0488 26.0488 26.0488 26.0488 26.0488 26.0488 22.8963 22.8963 22.8963 22.8963 22.8963 22.8963 22.8963 19.8668 19.8668 19.8668 19.8668 19.8668 19.8668 19.8668 17.2744 77.8839 77.8839 70.1740 26.5118 
Ibias = 9.4000 9.4000 9.4000 9.4000 9.4000 9.4000 9.4000 9.4000 2.0000 2.0000 2.0000 2.0000 2.0000 2.0000 2.0000 2.0000 2.0000 2.0000 2.0000 2.0000 2.0000 2.0000 -2.0000 16.0000 16.0000 10.0000 -11.0000 
fa1 = 0.7932 0.2563 0.2563 0.2563 0.2563 0.2563 0.2563 0.2563 0.2050 0.2050 0.2050 0.2050 0.2050 0.2050 0.2050 0.1752 0.1752 0.1752 0.1752 0.1752 0.1752 0.1752 0.1574 83.9229 83.9229 44.8032 1.4978 
fa2 = 0.7931 0.2562 0.2562 0.2562 0.2562 0.2562 0.2562 0.2562 0.2050 0.2050 0.2050 0.2050 0.2050 0.2050 0.2050 0.1752 0.1752 0.1752 0.1752 0.1752 0.1752 0.1752 0.1574 85.2851 85.2851 45.3905 1.4916 
fa3 = 0.7931 0.2562 0.2562 0.2562 0.2562 0.2562 0.2562 0.2562 0.2050 0.2050 0.2050 0.2050 0.2050 0.2050 0.2050 0.1752 0.1752 0.1752 0.1752 0.1752 0.1752 0.1752 0.1574 85.3073 85.3073 45.3982 1.4917 
fa4 = 0.7931 0.2562 0.2562 0.2562 0.2562 0.2562 0.2562 0.2562 0.2049 0.2049 0.2049 0.2049 0.2049 0.2049 0.2049 0.1752 0.1752 0.1752 0.1752 0.1752 0.1752 0.1752 0.1573 86.7071 86.7071 45.9976 1.4855 
fb1 = -0.1941 -0.2214 -0.2214 -0.2214 -0.2214 -0.2214 -0.2214 -0.2214 -0.2314 -0.2314 -0.2314 -0.2314 -0.2314 -0.2314 -0.2314 -0.2410 -0.2410 -0.2410 -0.2410 -0.2410 -0.2410 -0.2410 -0.2491 0.0918 0.0918 0.0477 -0.0785 
fb2 = -0.1940 -0.2213 -0.2213 -0.2213 -0.2213 -0.2213 -0.2213 -0.2213 -0.2314 -0.2314 -0.2314 -0.2314 -0.2314 -0.2314 -0.2314 -0.2410 -0.2410 -0.2410 -0.2410 -0.2410 -0.2410 -0.2410 -0.2491 0.0935 0.0935 0.0486 -0.0784 
fb3 = -0.1940 -0.2213 -0.2213 -0.2213 -0.2213 -0.2213 -0.2213 -0.2213 -0.2314 -0.2314 -0.2314 -0.2314 -0.2314 -0.2314 -0.2314 -0.2410 -0.2410 -0.2410 -0.2410 -0.2410 -0.2410 -0.2410 -0.2491 0.0935 0.0935 0.0486 -0.0784 
fb4 = -0.1940 -0.2213 -0.2213 -0.2213 -0.2213 -0.2213 -0.2213 -0.2213 -0.2313 -0.2313 -0.2313 -0.2313 -0.2313 -0.2313 -0.2313 -0.2409 -0.2409 -0.2409 -0.2409 -0.2409 -0.2409 -0.2409 -0.2490 0.0952 0.0952 0.0495 -0.0784 
I = 14.9000 9.4000 9.4000 9.4000 9.4000 9.4000 9.4000 9.4000 6.0000 6.0000 6.0000 6.0000 6.0000 6.0000 6.0000 2.0000 2.0000 2.0000 2.0000 2.0000 2.0000 2.0000 -2.0000 25.9258 25.9258 10.0000 2.1449 
S1 = 0.0000 0.0000 0.0000 0.0000 0.0000 0.0000 0.0000 0.0000 0.0000 0.0000 0.0000 0.0000 0.0000 0.0000 0.0000 0.0000 0.0000 0.0000 0.0000 0.0000 0.0000 0.0000 0.0000 0.0000 0.0000 0.0000 0.0000 
S2 = 0.0000 0.0000 0.0000 0.0000 0.0000 0.0000 0.0000 0.0000 0.0000 0.0000 0.0000 0.0000 0.0000 0.0000 0.0000 0.0000 0.0000 0.0000 0.0000 0.0000 0.0000 0.0000 0.0000 1.9258 1.9258 0.0000 13.1449 
u = 8.2758 8.1367 8.1367 8.1367 8.1367 8.1367 8.1367 8.1367 8.0734 8.0734 8.0734 8.0734 8.0734 8.0734 8.0734 8.0095 8.0095 8.0095 8.0095 8.0095 8.0095 8.0095 7.9531 10.9881 10.9881 11.6508 9.2259 
v = 34.2639 26.0514 26.0514 26.0514 26.0514 26.0514 26.0514 26.0514 22.8984 22.8984 22.8984 22.8984 22.8984 22.8984 22.8984 19.8686 19.8686 19.8686 19.8686 19.8686 19.8686 19.8686 17.2760 78.7369 78.7369 70.6279 26.5267 
