ExternalI = 5.5000 0.0000 0.0000 0.0000 0.0000 0.0000 0.0000 0.0000 4.0000 4.0000 4.0000 4.0000 4.0000 4.0000 4.0000 0.0000 0.0000 0.0000 0.0000 0.0000 0.0000 0.0000 0.0000 8.0000 8.0000 0.0000 0.0000 
before u = 8.2758 8.1367 8.1367 8.1367 8.1367 8.1367 8.1367 8.1367 8.0734 8.0734 8.0734 8.0734 8.0734 8.0734 8.0734 8.0095 8.0095 8.0095 8.0095 8.0095 8.0095 8.0095 7.9531 10.9881 10.9881 11.6508 9.2259 
before v = 34.2639 26.0514 26.0514 26.0514 26.0514 26.0514 26.0514 26.0514 22.8984 22.8984 22.8984 22.8984 22.8984 22.8984 22.8984 19.8686 19.8686 19.8686 19.8686 19.8686 19.8686 19.8686 17.2760 78.7369 78.7369 70.6279 26.5267 
Ibias = 9.4000 9.4000 9.4000 9.4000 9.4000 9.4000 9.4000 9.4000 2.0000 2.0000 2.0000 2.0000 2.0000 2.0000 2.0000 2.0000 2.0000 2.0000 2.0000 2.0000 2.0000 2.0000 -2.0000 16.0000 16.0000 10.0000 -11.0000 
fa1 = 0.7931 0.2562 0.2562 0.2562 0.2562 0.2562 0.2562 0.2562 0.2049 0.2049 0.2049 0.2049 0.2049 0.2049 0.2049 0.1752 0.1752 0.1752 0.1752 0.1752 0.1752 0.1752 0.1573 86.7031 86.7031 45.9976 1.4592 
fa2 = 0.7930 0.2561 0.2561 0.2561 0.2561 0.2561 0.2561 0.2561 0.2049 0.2049 0.2049 0.2049 0.2049 0.2049 0.2049 0.1751 0.1751 0.1751 0.1751 0.1751 0.1751 0.1751 0.1573 88.1403 88.1403 46.6090 1.4532 
fa3 = 0.7930 0.2561 0.2561 0.2561 0.2561 0.2561 0.2561 0.2561 0.2049 0.2049 0.2049 0.2049 0.2049 0.2049 0.2049 0.1751 0.1751 0.1751 0.1751 0.1751 0.1751 0.1751 0.1573 88.1642 88.1642 46.6171 1.4532 
fa4 = 0.7930 0.2560 0.2560 0.2560 0.2560 0.2560 0.2560 0.2560 0.2048 0.2048 0.2048 0.2048 0.2048 0.2048 0.2048 0.1751 0.1751 0.1751 0.1751 0.1751 0.1751 0.1751 0.1573 89.6417 89.6417 47.2412 1.4473 
fb1 = -0.1940 -0.2213 -0.2213 -0.2213 -0.2213 -0.2213 -0.2213 -0.2213 -0.2313 -0.2313 -0.2313 -0.2313 -0.2313 -0.2313 -0.2313 -0.2409 -0.2409 -0.2409 -0.2409 -0.2409 -0.2409 -0.2409 -0.2490 0.0952 0.0952 0.0495 -0.0784 
fb2 = -0.1939 -0.2212 -0.2212 -0.2212 -0.2212 -0.2212 -0.2212 -0.2212 -0.2313 -0.2313 -0.2313 -0.2313 -0.2313 -0.2313 -0.2313 -0.2409 -0.2409 -0.2409 -0.2409 -0.2409 -0.2409 -0.2409 -0.2490 0.0969 0.0969 0.0504 -0.0784 
fb3 = -0.1939 -0.2212 -0.2212 -0.2212 -0.2212 -0.2212 -0.2212 -0.2212 -0.2313 -0.2313 -0.2313 -0.2313 -0.2313 -0.2313 -0.2313 -0.2409 -0.2409 -0.2409 -0.2409 -0.2409 -0.2409 -0.2409 -0.2490 0.0969 0.0969 0.0504 -0.0784 
fb4 = -0.1939 -0.2212 -0.2212 -0.2212 -0.2212 -0.2212 -0.2212 -0.2212 -0.2312 -0.2312 -0.2312 -0.2312 -0.2312 -0.2312 -0.2312 -0.2408 -0.2408 -0.2408 -0.2408 -0.2408 -0.2408 -0.2408 -0.2489 0.0987 0.0987 0.0514 -0.0783 
I = 14.9000 9.4000 9.4000 9.4000 9.4000 9.4000 9.4000 9.4000 6.0000 6.0000 6.0000 6.0000 6.0000 6.0000 6.0000 2.0000 2.0000 2.0000 2.0000 2.0000 2.0000 2.0000 -2.0000 25.9219 25.9219 10.0000 2.1186 
S1 = 0.0000 0.0000 0.0000 0.0000 0.0000 0.0000 0.0000 0.0000 0.0000 0.0000 0.0000 0.0000 0.0000 0.0000 0.0000 0.0000 0.0000 0.0000 0.0000 0.0000 0.0000 0.0000 0.0000 0.0000 0.0000 0.0000 0.0000 
S2 = 0.0000 0.0000 0.0000 0.0000 0.0000 0.0000 0.0000 0.0000 0.0000 0.0000 0.0000 0.0000 0.0000 0.0000 0.0000 0.0000 0.0000 0.0000 0.0000 0.0000 0.0000 0.0000 0.0000 1.9219 1.9219 0.0000 13.1186 
u = 8.2739 8.1345 8.1345 8.1345 8.1345 8.1345 8.1345 8.1345 8.0711 8.0711 8.0711 8.0711 8.0711 8.0711 8.0711 8.0071 8.0071 8.0071 8.0071 8.0071 8.0071 8.0071 7.9506 10.9891 10.9891 11.6513 9.2251 
v = 34.2718 26.0539 26.0539 26.0539 26.0539 26.0539 26.0539 26.0539 22.9004 22.9004 22.9004 22.9004 22.9004 22.9004 22.9004 19.8703 19.8703 19.8703 19.8703 19.8703 19.8703 19.8703 17.2775 79.6185 79.6185 71.0941 26.5412 
