ExternalI = 5.5000 0.0000 0.0000 0.0000 0.0000 0.0000 0.0000 0.0000 4.0000 4.0000 4.0000 4.0000 4.0000 4.0000 4.0000 0.0000 0.0000 0.0000 0.0000 0.0000 0.0000 0.0000 0.0000 8.0000 8.0000 0.0000 0.0000 
before u = 8.2739 8.1345 8.1345 8.1345 8.1345 8.1345 8.1345 8.1345 8.0711 8.0711 8.0711 8.0711 8.0711 8.0711 8.0711 8.0071 8.0071 8.0071 8.0071 8.0071 8.0071 8.0071 7.9506 10.9891 10.9891 11.6513 9.2251 
before v = 34.2718 26.0539 26.0539 26.0539 26.0539 26.0539 26.0539 26.0539 22.9004 22.9004 22.9004 22.9004 22.9004 22.9004 22.9004 19.8703 19.8703 19.8703 19.8703 19.8703 19.8703 19.8703 17.2775 79.6185 79.6185 71.0941 26.5412 
Ibias = 9.4000 9.4000 9.4000 9.4000 9.4000 9.4000 9.4000 9.4000 2.0000 2.0000 2.0000 2.0000 2.0000 2.0000 2.0000 2.0000 2.0000 2.0000 2.0000 2.0000 2.0000 2.0000 -2.0000 16.0000 16.0000 10.0000 -11.0000 
fa1 = 0.7930 0.2560 0.2560 0.2560 0.2560 0.2560 0.2560 0.2560 0.2048 0.2048 0.2048 0.2048 0.2048 0.2048 0.2048 0.1751 0.1751 0.1751 0.1751 0.1751 0.1751 0.1751 0.1573 89.6377 89.6377 47.2412 1.4210 
fa2 = 0.7929 0.2560 0.2560 0.2560 0.2560 0.2560 0.2560 0.2560 0.2048 0.2048 0.2048 0.2048 0.2048 0.2048 0.2048 0.1751 0.1751 0.1751 0.1751 0.1751 0.1751 0.1751 0.1573 91.1554 91.1554 47.8780 1.4152 
fa3 = 0.7929 0.2560 0.2560 0.2560 0.2560 0.2560 0.2560 0.2560 0.2048 0.2048 0.2048 0.2048 0.2048 0.2048 0.2048 0.1751 0.1751 0.1751 0.1751 0.1751 0.1751 0.1751 0.1573 91.1812 91.1812 47.8866 1.4152 
fa4 = 0.7929 0.2559 0.2559 0.2559 0.2559 0.2559 0.2559 0.2559 0.2048 0.2048 0.2048 0.2048 0.2048 0.2048 0.2048 0.1751 0.1751 0.1751 0.1751 0.1751 0.1751 0.1751 0.1572 92.7422 92.7422 48.5368 1.4094 
fb1 = -0.1939 -0.2212 -0.2212 -0.2212 -0.2212 -0.2212 -0.2212 -0.2212 -0.2312 -0.2312 -0.2312 -0.2312 -0.2312 -0.2312 -0.2312 -0.2408 -0.2408 -0.2408 -0.2408 -0.2408 -0.2408 -0.2408 -0.2489 0.0987 0.0987 0.0514 -0.0783 
fb2 = -0.1938 -0.2211 -0.2211 -0.2211 -0.2211 -0.2211 -0.2211 -0.2211 -0.2312 -0.2312 -0.2312 -0.2312 -0.2312 -0.2312 -0.2312 -0.2408 -0.2408 -0.2408 -0.2408 -0.2408 -0.2408 -0.2408 -0.2489 0.1005 0.1005 0.0523 -0.0783 
fb3 = -0.1938 -0.2211 -0.2211 -0.2211 -0.2211 -0.2211 -0.2211 -0.2211 -0.2312 -0.2312 -0.2312 -0.2312 -0.2312 -0.2312 -0.2312 -0.2408 -0.2408 -0.2408 -0.2408 -0.2408 -0.2408 -0.2408 -0.2489 0.1005 0.1005 0.0523 -0.0783 
fb4 = -0.1938 -0.2211 -0.2211 -0.2211 -0.2211 -0.2211 -0.2211 -0.2211 -0.2311 -0.2311 -0.2311 -0.2311 -0.2311 -0.2311 -0.2311 -0.2407 -0.2407 -0.2407 -0.2407 -0.2407 -0.2407 -0.2407 -0.2488 0.1023 0.1023 0.0533 -0.0783 
I = 14.9000 9.4000 9.4000 9.4000 9.4000 9.4000 9.4000 9.4000 6.0000 6.0000 6.0000 6.0000 6.0000 6.0000 6.0000 2.0000 2.0000 2.0000 2.0000 2.0000 2.0000 2.0000 -2.0000 25.9181 25.9181 10.0000 2.0924 
S1 = 0.0000 0.0000 0.0000 0.0000 0.0000 0.0000 0.0000 0.0000 0.0000 0.0000 0.0000 0.0000 0.0000 0.0000 0.0000 0.0000 0.0000 0.0000 0.0000 0.0000 0.0000 0.0000 0.0000 0.0000 0.0000 0.0000 0.0000 
S2 = 0.0000 0.0000 0.0000 0.0000 0.0000 0.0000 0.0000 0.0000 0.0000 0.0000 0.0000 0.0000 0.0000 0.0000 0.0000 0.0000 0.0000 0.0000 0.0000 0.0000 0.0000 0.0000 0.0000 1.9181 1.9181 0.0000 13.0924 
u = 8.2719 8.1323 8.1323 8.1323 8.1323 8.1323 8.1323 8.1323 8.0688 8.0688 8.0688 8.0688 8.0688 8.0688 8.0688 8.0047 8.0047 8.0047 8.0047 8.0047 8.0047 8.0047 7.9481 10.9901 10.9901 11.6518 9.2243 
v = 34.2798 26.0565 26.0565 26.0565 26.0565 26.0565 26.0565 26.0565 22.9025 22.9025 22.9025 22.9025 22.9025 22.9025 22.9025 19.8721 19.8721 19.8721 19.8721 19.8721 19.8721 19.8721 17.2791 80.5302 80.5302 71.5729 26.5554 
