ExternalI = 5.5000 0.0000 0.0000 0.0000 0.0000 0.0000 0.0000 0.0000 4.0000 4.0000 4.0000 4.0000 4.0000 4.0000 4.0000 0.0000 0.0000 0.0000 0.0000 0.0000 0.0000 0.0000 0.0000 8.0000 8.0000 0.0000 0.0000 
before u = 8.2719 8.1323 8.1323 8.1323 8.1323 8.1323 8.1323 8.1323 8.0688 8.0688 8.0688 8.0688 8.0688 8.0688 8.0688 8.0047 8.0047 8.0047 8.0047 8.0047 8.0047 8.0047 7.9481 10.9901 10.9901 11.6518 9.2243 
before v = 34.2798 26.0565 26.0565 26.0565 26.0565 26.0565 26.0565 26.0565 22.9025 22.9025 22.9025 22.9025 22.9025 22.9025 22.9025 19.8721 19.8721 19.8721 19.8721 19.8721 19.8721 19.8721 17.2791 80.5302 80.5302 71.5729 26.5554 
Ibias = 9.4000 9.4000 9.4000 9.4000 9.4000 9.4000 9.4000 9.4000 2.0000 2.0000 2.0000 2.0000 2.0000 2.0000 2.0000 2.0000 2.0000 2.0000 2.0000 2.0000 2.0000 2.0000 -2.0000 16.0000 16.0000 10.0000 -11.0000 
fa1 = 0.7929 0.2559 0.2559 0.2559 0.2559 0.2559 0.2559 0.2559 0.2048 0.2048 0.2048 0.2048 0.2048 0.2048 0.2048 0.1751 0.1751 0.1751 0.1751 0.1751 0.1751 0.1751 0.1572 92.7382 92.7382 48.5367 1.3832 
fa2 = 0.7928 0.2558 0.2558 0.2558 0.2558 0.2558 0.2558 0.2558 0.2047 0.2047 0.2047 0.2047 0.2047 0.2047 0.2047 0.1750 0.1750 0.1750 0.1750 0.1750 0.1750 0.1750 0.1572 94.3425 94.3425 49.2003 1.3776 
fa3 = 0.7928 0.2558 0.2558 0.2558 0.2558 0.2558 0.2558 0.2558 0.2047 0.2047 0.2047 0.2047 0.2047 0.2047 0.2047 0.1750 0.1750 0.1750 0.1750 0.1750 0.1750 0.1750 0.1572 94.3704 94.3704 49.2094 1.3776 
fa4 = 0.7928 0.2558 0.2558 0.2558 0.2558 0.2558 0.2558 0.2558 0.2047 0.2047 0.2047 0.2047 0.2047 0.2047 0.2047 0.1750 0.1750 0.1750 0.1750 0.1750 0.1750 0.1750 0.1572 96.0214 96.0214 49.8872 1.3720 
fb1 = -0.1938 -0.2211 -0.2211 -0.2211 -0.2211 -0.2211 -0.2211 -0.2211 -0.2311 -0.2311 -0.2311 -0.2311 -0.2311 -0.2311 -0.2311 -0.2407 -0.2407 -0.2407 -0.2407 -0.2407 -0.2407 -0.2407 -0.2488 0.1023 0.1023 0.0533 -0.0783 
fb2 = -0.1937 -0.2210 -0.2210 -0.2210 -0.2210 -0.2210 -0.2210 -0.2210 -0.2311 -0.2311 -0.2311 -0.2311 -0.2311 -0.2311 -0.2311 -0.2406 -0.2406 -0.2406 -0.2406 -0.2406 -0.2406 -0.2406 -0.2488 0.1042 0.1042 0.0542 -0.0782 
fb3 = -0.1937 -0.2210 -0.2210 -0.2210 -0.2210 -0.2210 -0.2210 -0.2210 -0.2311 -0.2311 -0.2311 -0.2311 -0.2311 -0.2311 -0.2311 -0.2406 -0.2406 -0.2406 -0.2406 -0.2406 -0.2406 -0.2406 -0.2488 0.1042 0.1042 0.0542 -0.0782 
fb4 = -0.1936 -0.2210 -0.2210 -0.2210 -0.2210 -0.2210 -0.2210 -0.2210 -0.2310 -0.2310 -0.2310 -0.2310 -0.2310 -0.2310 -0.2310 -0.2406 -0.2406 -0.2406 -0.2406 -0.2406 -0.2406 -0.2406 -0.2487 0.1061 0.1061 0.0552 -0.0782 
I = 14.9000 9.4000 9.4000 9.4000 9.4000 9.4000 9.4000 9.4000 6.0000 6.0000 6.0000 6.0000 6.0000 6.0000 6.0000 2.0000 2.0000 2.0000 2.0000 2.0000 2.0000 2.0000 -2.0000 25.9142 25.9142 10.0000 2.0662 
S1 = 0.0000 0.0000 0.0000 0.0000 0.0000 0.0000 0.0000 0.0000 0.0000 0.0000 0.0000 0.0000 0.0000 0.0000 0.0000 0.0000 0.0000 0.0000 0.0000 0.0000 0.0000 0.0000 0.0000 0.0000 0.0000 0.0000 0.0000 
S2 = 0.0000 0.0000 0.0000 0.0000 0.0000 0.0000 0.0000 0.0000 0.0000 0.0000 0.0000 0.0000 0.0000 0.0000 0.0000 0.0000 0.0000 0.0000 0.0000 0.0000 0.0000 0.0000 0.0000 1.9142 1.9142 0.0000 13.0662 
u = 8.2700 8.1300 8.1300 8.1300 8.1300 8.1300 8.1300 8.1300 8.0664 8.0664 8.0664 8.0664 8.0664 8.0664 8.0664 8.0023 8.0023 8.0023 8.0023 8.0023 8.0023 8.0023 7.9456 10.9911 10.9911 11.6524 9.2236 
v = 34.2877 26.0590 26.0590 26.0590 26.0590 26.0590 26.0590 26.0590 22.9045 22.9045 22.9045 22.9045 22.9045 22.9045 22.9045 19.8738 19.8738 19.8738 19.8738 19.8738 19.8738 19.8738 17.2807 81.4739 81.4739 72.0650 26.5692 
