ExternalI = 5.5000 0.0000 0.0000 0.0000 0.0000 0.0000 0.0000 0.0000 4.0000 4.0000 4.0000 4.0000 4.0000 4.0000 4.0000 0.0000 0.0000 0.0000 0.0000 0.0000 0.0000 0.0000 0.0000 8.0000 8.0000 0.0000 0.0000 
before u = 8.2700 8.1300 8.1300 8.1300 8.1300 8.1300 8.1300 8.1300 8.0664 8.0664 8.0664 8.0664 8.0664 8.0664 8.0664 8.0023 8.0023 8.0023 8.0023 8.0023 8.0023 8.0023 7.9456 10.9911 10.9911 11.6524 9.2236 
before v = 34.2877 26.0590 26.0590 26.0590 26.0590 26.0590 26.0590 26.0590 22.9045 22.9045 22.9045 22.9045 22.9045 22.9045 22.9045 19.8738 19.8738 19.8738 19.8738 19.8738 19.8738 19.8738 17.2807 81.4739 81.4739 72.0650 26.5692 
Ibias = 9.4000 9.4000 9.4000 9.4000 9.4000 9.4000 9.4000 9.4000 2.0000 2.0000 2.0000 2.0000 2.0000 2.0000 2.0000 2.0000 2.0000 2.0000 2.0000 2.0000 2.0000 2.0000 -2.0000 16.0000 16.0000 10.0000 -11.0000 
fa1 = 0.7928 0.2558 0.2558 0.2558 0.2558 0.2558 0.2558 0.2558 0.2047 0.2047 0.2047 0.2047 0.2047 0.2047 0.2047 0.1750 0.1750 0.1750 0.1750 0.1750 0.1750 0.1750 0.1572 96.0174 96.0174 49.8872 1.3458 
fa2 = 0.7927 0.2557 0.2557 0.2557 0.2557 0.2557 0.2557 0.2557 0.2046 0.2046 0.2046 0.2046 0.2046 0.2046 0.2046 0.1750 0.1750 0.1750 0.1750 0.1750 0.1750 0.1750 0.1571 97.7150 97.7150 50.5791 1.3403 
fa3 = 0.7927 0.2557 0.2557 0.2557 0.2557 0.2557 0.2557 0.2557 0.2046 0.2046 0.2046 0.2046 0.2046 0.2046 0.2046 0.1750 0.1750 0.1750 0.1750 0.1750 0.1750 0.1750 0.1571 97.7451 97.7451 50.5888 1.3404 
fa4 = 0.7927 0.2556 0.2556 0.2556 0.2556 0.2556 0.2556 0.2556 0.2046 0.2046 0.2046 0.2046 0.2046 0.2046 0.2046 0.1749 0.1749 0.1749 0.1749 0.1749 0.1749 0.1749 0.1571 99.4931 99.4931 51.2957 1.3349 
fb1 = -0.1936 -0.2210 -0.2210 -0.2210 -0.2210 -0.2210 -0.2210 -0.2210 -0.2310 -0.2310 -0.2310 -0.2310 -0.2310 -0.2310 -0.2310 -0.2406 -0.2406 -0.2406 -0.2406 -0.2406 -0.2406 -0.2406 -0.2487 0.1061 0.1061 0.0552 -0.0782 
fb2 = -0.1936 -0.2209 -0.2209 -0.2209 -0.2209 -0.2209 -0.2209 -0.2209 -0.2310 -0.2310 -0.2310 -0.2310 -0.2310 -0.2310 -0.2310 -0.2405 -0.2405 -0.2405 -0.2405 -0.2405 -0.2405 -0.2405 -0.2487 0.1080 0.1080 0.0562 -0.0782 
fb3 = -0.1936 -0.2209 -0.2209 -0.2209 -0.2209 -0.2209 -0.2209 -0.2209 -0.2310 -0.2310 -0.2310 -0.2310 -0.2310 -0.2310 -0.2310 -0.2405 -0.2405 -0.2405 -0.2405 -0.2405 -0.2405 -0.2405 -0.2487 0.1080 0.1080 0.0562 -0.0782 
fb4 = -0.1935 -0.2209 -0.2209 -0.2209 -0.2209 -0.2209 -0.2209 -0.2209 -0.2309 -0.2309 -0.2309 -0.2309 -0.2309 -0.2309 -0.2309 -0.2405 -0.2405 -0.2405 -0.2405 -0.2405 -0.2405 -0.2405 -0.2486 0.1100 0.1100 0.0572 -0.0781 
I = 14.9000 9.4000 9.4000 9.4000 9.4000 9.4000 9.4000 9.4000 6.0000 6.0000 6.0000 6.0000 6.0000 6.0000 6.0000 2.0000 2.0000 2.0000 2.0000 2.0000 2.0000 2.0000 -2.0000 25.9104 25.9104 10.0000 2.0400 
S1 = 0.0000 0.0000 0.0000 0.0000 0.0000 0.0000 0.0000 0.0000 0.0000 0.0000 0.0000 0.0000 0.0000 0.0000 0.0000 0.0000 0.0000 0.0000 0.0000 0.0000 0.0000 0.0000 0.0000 0.0000 0.0000 0.0000 0.0000 
S2 = 0.0000 0.0000 0.0000 0.0000 0.0000 0.0000 0.0000 0.0000 0.0000 0.0000 0.0000 0.0000 0.0000 0.0000 0.0000 0.0000 0.0000 0.0000 0.0000 0.0000 0.0000 0.0000 0.0000 1.9104 1.9104 0.0000 13.0400 
u = 8.2681 8.1278 8.1278 8.1278 8.1278 8.1278 8.1278 8.1278 8.0641 8.0641 8.0641 8.0641 8.0641 8.0641 8.0641 7.9999 7.9999 7.9999 7.9999 7.9999 7.9999 7.9999 7.9432 10.9922 10.9922 11.6529 9.2228 
v = 34.2956 26.0616 26.0616 26.0616 26.0616 26.0616 26.0616 26.0616 22.9066 22.9066 22.9066 22.9066 22.9066 22.9066 22.9066 19.8756 19.8756 19.8756 19.8756 19.8756 19.8756 19.8756 17.2823 82.4513 82.4513 72.5709 26.5826 
