ExternalI = 5.5000 0.0000 0.0000 0.0000 0.0000 0.0000 0.0000 0.0000 4.0000 4.0000 4.0000 4.0000 4.0000 4.0000 4.0000 0.0000 0.0000 0.0000 0.0000 0.0000 0.0000 0.0000 0.0000 8.0000 8.0000 0.0000 0.0000 
before u = 8.2681 8.1278 8.1278 8.1278 8.1278 8.1278 8.1278 8.1278 8.0641 8.0641 8.0641 8.0641 8.0641 8.0641 8.0641 7.9999 7.9999 7.9999 7.9999 7.9999 7.9999 7.9999 7.9432 10.9922 10.9922 11.6529 9.2228 
before v = 34.2956 26.0616 26.0616 26.0616 26.0616 26.0616 26.0616 26.0616 22.9066 22.9066 22.9066 22.9066 22.9066 22.9066 22.9066 19.8756 19.8756 19.8756 19.8756 19.8756 19.8756 19.8756 17.2823 82.4513 82.4513 72.5709 26.5826 
Ibias = 9.4000 9.4000 9.4000 9.4000 9.4000 9.4000 9.4000 9.4000 2.0000 2.0000 2.0000 2.0000 2.0000 2.0000 2.0000 2.0000 2.0000 2.0000 2.0000 2.0000 2.0000 2.0000 -2.0000 16.0000 16.0000 10.0000 -11.0000 
fa1 = 0.7927 0.2556 0.2556 0.2556 0.2556 0.2556 0.2556 0.2556 0.2046 0.2046 0.2046 0.2046 0.2046 0.2046 0.2046 0.1749 0.1749 0.1749 0.1749 0.1749 0.1749 0.1749 0.1571 99.4890 99.4890 51.2957 1.3088 
fa2 = 0.7926 0.2556 0.2556 0.2556 0.2556 0.2556 0.2556 0.2556 0.2046 0.2046 0.2046 0.2046 0.2046 0.2046 0.2046 0.1749 0.1749 0.1749 0.1749 0.1749 0.1749 0.1749 0.1571 101.2872 101.2872 52.0176 1.3035 
fa3 = 0.7926 0.2556 0.2556 0.2556 0.2556 0.2556 0.2556 0.2556 0.2046 0.2046 0.2046 0.2046 0.2046 0.2046 0.2046 0.1749 0.1749 0.1749 0.1749 0.1749 0.1749 0.1749 0.1571 101.3199 101.3199 52.0278 1.3035 
fa4 = 0.7926 0.2555 0.2555 0.2555 0.2555 0.2555 0.2555 0.2555 0.2045 0.2045 0.2045 0.2045 0.2045 0.2045 0.2045 0.1749 0.1749 0.1749 0.1749 0.1749 0.1749 0.1749 0.1571 103.1725 103.1725 52.7656 1.2982 
fb1 = -0.1935 -0.2209 -0.2209 -0.2209 -0.2209 -0.2209 -0.2209 -0.2209 -0.2309 -0.2309 -0.2309 -0.2309 -0.2309 -0.2309 -0.2309 -0.2405 -0.2405 -0.2405 -0.2405 -0.2405 -0.2405 -0.2405 -0.2486 0.1100 0.1100 0.0572 -0.0781 
fb2 = -0.1935 -0.2208 -0.2208 -0.2208 -0.2208 -0.2208 -0.2208 -0.2208 -0.2309 -0.2309 -0.2309 -0.2309 -0.2309 -0.2309 -0.2309 -0.2404 -0.2404 -0.2404 -0.2404 -0.2404 -0.2404 -0.2404 -0.2485 0.1119 0.1119 0.0582 -0.0781 
fb3 = -0.1935 -0.2208 -0.2208 -0.2208 -0.2208 -0.2208 -0.2208 -0.2208 -0.2309 -0.2309 -0.2309 -0.2309 -0.2309 -0.2309 -0.2309 -0.2404 -0.2404 -0.2404 -0.2404 -0.2404 -0.2404 -0.2404 -0.2485 0.1120 0.1120 0.0583 -0.0781 
fb4 = -0.1934 -0.2208 -0.2208 -0.2208 -0.2208 -0.2208 -0.2208 -0.2208 -0.2308 -0.2308 -0.2308 -0.2308 -0.2308 -0.2308 -0.2308 -0.2404 -0.2404 -0.2404 -0.2404 -0.2404 -0.2404 -0.2404 -0.2485 0.1140 0.1140 0.0593 -0.0781 
I = 14.9000 9.4000 9.4000 9.4000 9.4000 9.4000 9.4000 9.4000 6.0000 6.0000 6.0000 6.0000 6.0000 6.0000 6.0000 2.0000 2.0000 2.0000 2.0000 2.0000 2.0000 2.0000 -2.0000 25.9066 25.9066 10.0000 2.0140 
S1 = 0.0000 0.0000 0.0000 0.0000 0.0000 0.0000 0.0000 0.0000 0.0000 0.0000 0.0000 0.0000 0.0000 0.0000 0.0000 0.0000 0.0000 0.0000 0.0000 0.0000 0.0000 0.0000 0.0000 0.0000 0.0000 0.0000 0.0000 
S2 = 0.0000 0.0000 0.0000 0.0000 0.0000 0.0000 0.0000 0.0000 0.0000 0.0000 0.0000 0.0000 0.0000 0.0000 0.0000 0.0000 0.0000 0.0000 0.0000 0.0000 0.0000 0.0000 0.0000 1.9066 1.9066 0.0000 13.0140 
u = 8.2661 8.1256 8.1256 8.1256 8.1256 8.1256 8.1256 8.1256 8.0618 8.0618 8.0618 8.0618 8.0618 8.0618 8.0618 7.9975 7.9975 7.9975 7.9975 7.9975 7.9975 7.9975 7.9407 10.9933 10.9933 11.6535 9.2220 
v = 34.3036 26.0641 26.0641 26.0641 26.0641 26.0641 26.0641 26.0641 22.9086 22.9086 22.9086 22.9086 22.9086 22.9086 22.9086 19.8773 19.8773 19.8773 19.8773 19.8773 19.8773 19.8773 17.2838 83.4644 83.4644 73.0911 26.5956 
