ExternalI = 5.5000 0.0000 0.0000 0.0000 0.0000 0.0000 0.0000 0.0000 4.0000 4.0000 4.0000 4.0000 4.0000 4.0000 4.0000 0.0000 0.0000 0.0000 0.0000 0.0000 0.0000 0.0000 0.0000 8.0000 8.0000 0.0000 0.0000 
before u = 8.2661 8.1256 8.1256 8.1256 8.1256 8.1256 8.1256 8.1256 8.0618 8.0618 8.0618 8.0618 8.0618 8.0618 8.0618 7.9975 7.9975 7.9975 7.9975 7.9975 7.9975 7.9975 7.9407 10.9933 10.9933 11.6535 9.2220 
before v = 34.3036 26.0641 26.0641 26.0641 26.0641 26.0641 26.0641 26.0641 22.9086 22.9086 22.9086 22.9086 22.9086 22.9086 22.9086 19.8773 19.8773 19.8773 19.8773 19.8773 19.8773 19.8773 17.2838 83.4644 83.4644 73.0911 26.5956 
Ibias = 9.4000 9.4000 9.4000 9.4000 9.4000 9.4000 9.4000 9.4000 2.0000 2.0000 2.0000 2.0000 2.0000 2.0000 2.0000 2.0000 2.0000 2.0000 2.0000 2.0000 2.0000 2.0000 -2.0000 16.0000 16.0000 10.0000 -11.0000 
fa1 = 0.7926 0.2555 0.2555 0.2555 0.2555 0.2555 0.2555 0.2555 0.2045 0.2045 0.2045 0.2045 0.2045 0.2045 0.2045 0.1749 0.1749 0.1749 0.1749 0.1749 0.1749 0.1749 0.1571 103.1685 103.1685 52.7656 1.2722 
fa2 = 0.7925 0.2555 0.2555 0.2555 0.2555 0.2555 0.2555 0.2555 0.2045 0.2045 0.2045 0.2045 0.2045 0.2045 0.2045 0.1748 0.1748 0.1748 0.1748 0.1748 0.1748 0.1748 0.1570 105.0754 105.0754 53.5193 1.2670 
fa3 = 0.7925 0.2555 0.2555 0.2555 0.2555 0.2555 0.2555 0.2555 0.2045 0.2045 0.2045 0.2045 0.2045 0.2045 0.2045 0.1748 0.1748 0.1748 0.1748 0.1748 0.1748 0.1748 0.1570 105.1108 105.1108 53.5301 1.2670 
fa4 = 0.7925 0.2554 0.2554 0.2554 0.2554 0.2554 0.2554 0.2554 0.2044 0.2044 0.2044 0.2044 0.2044 0.2044 0.2044 0.1748 0.1748 0.1748 0.1748 0.1748 0.1748 0.1748 0.1570 107.0766 107.0766 54.3006 1.2619 
fb1 = -0.1934 -0.2208 -0.2208 -0.2208 -0.2208 -0.2208 -0.2208 -0.2208 -0.2308 -0.2308 -0.2308 -0.2308 -0.2308 -0.2308 -0.2308 -0.2404 -0.2404 -0.2404 -0.2404 -0.2404 -0.2404 -0.2404 -0.2485 0.1140 0.1140 0.0593 -0.0781 
fb2 = -0.1934 -0.2207 -0.2207 -0.2207 -0.2207 -0.2207 -0.2207 -0.2207 -0.2308 -0.2308 -0.2308 -0.2308 -0.2308 -0.2308 -0.2308 -0.2403 -0.2403 -0.2403 -0.2403 -0.2403 -0.2403 -0.2403 -0.2484 0.1160 0.1160 0.0603 -0.0780 
fb3 = -0.1934 -0.2207 -0.2207 -0.2207 -0.2207 -0.2207 -0.2207 -0.2207 -0.2308 -0.2308 -0.2308 -0.2308 -0.2308 -0.2308 -0.2308 -0.2403 -0.2403 -0.2403 -0.2403 -0.2403 -0.2403 -0.2403 -0.2484 0.1161 0.1161 0.0604 -0.0780 
fb4 = -0.1933 -0.2207 -0.2207 -0.2207 -0.2207 -0.2207 -0.2207 -0.2207 -0.2307 -0.2307 -0.2307 -0.2307 -0.2307 -0.2307 -0.2307 -0.2403 -0.2403 -0.2403 -0.2403 -0.2403 -0.2403 -0.2403 -0.2484 0.1182 0.1182 0.0614 -0.0780 
I = 14.9000 9.4000 9.4000 9.4000 9.4000 9.4000 9.4000 9.4000 6.0000 6.0000 6.0000 6.0000 6.0000 6.0000 6.0000 2.0000 2.0000 2.0000 2.0000 2.0000 2.0000 2.0000 -2.0000 25.9028 25.9028 10.0000 1.9879 
S1 = 0.0000 0.0000 0.0000 0.0000 0.0000 0.0000 0.0000 0.0000 0.0000 0.0000 0.0000 0.0000 0.0000 0.0000 0.0000 0.0000 0.0000 0.0000 0.0000 0.0000 0.0000 0.0000 0.0000 0.0000 0.0000 0.0000 0.0000 
S2 = 0.0000 0.0000 0.0000 0.0000 0.0000 0.0000 0.0000 0.0000 0.0000 0.0000 0.0000 0.0000 0.0000 0.0000 0.0000 0.0000 0.0000 0.0000 0.0000 0.0000 0.0000 0.0000 0.0000 1.9028 1.9028 0.0000 12.9879 
u = 8.2642 8.1234 8.1234 8.1234 8.1234 8.1234 8.1234 8.1234 8.0595 8.0595 8.0595 8.0595 8.0595 8.0595 8.0595 7.9950 7.9950 7.9950 7.9950 7.9950 7.9950 7.9950 7.9382 10.9945 10.9945 11.6541 9.2212 
v = 34.3115 26.0667 26.0667 26.0667 26.0667 26.0667 26.0667 26.0667 22.9107 22.9107 22.9107 22.9107 22.9107 22.9107 22.9107 19.8791 19.8791 19.8791 19.8791 19.8791 19.8791 19.8791 17.2854 84.5154 84.5154 73.6264 26.6083 
