ExternalI = 5.5000 0.0000 0.0000 0.0000 0.0000 0.0000 0.0000 0.0000 4.0000 4.0000 4.0000 4.0000 4.0000 4.0000 4.0000 0.0000 0.0000 0.0000 0.0000 0.0000 0.0000 0.0000 0.0000 8.0000 8.0000 0.0000 0.0000 
before u = 8.2642 8.1234 8.1234 8.1234 8.1234 8.1234 8.1234 8.1234 8.0595 8.0595 8.0595 8.0595 8.0595 8.0595 8.0595 7.9950 7.9950 7.9950 7.9950 7.9950 7.9950 7.9950 7.9382 10.9945 10.9945 11.6541 9.2212 
before v = 34.3115 26.0667 26.0667 26.0667 26.0667 26.0667 26.0667 26.0667 22.9107 22.9107 22.9107 22.9107 22.9107 22.9107 22.9107 19.8791 19.8791 19.8791 19.8791 19.8791 19.8791 19.8791 17.2854 84.5154 84.5154 73.6264 26.6083 
Ibias = 9.4000 9.4000 9.4000 9.4000 9.4000 9.4000 9.4000 9.4000 2.0000 2.0000 2.0000 2.0000 2.0000 2.0000 2.0000 2.0000 2.0000 2.0000 2.0000 2.0000 2.0000 2.0000 -2.0000 16.0000 16.0000 10.0000 -11.0000 
fa1 = 0.7925 0.2554 0.2554 0.2554 0.2554 0.2554 0.2554 0.2554 0.2044 0.2044 0.2044 0.2044 0.2044 0.2044 0.2044 0.1748 0.1748 0.1748 0.1748 0.1748 0.1748 0.1748 0.1570 107.0725 107.0725 54.3005 1.2359 
fa2 = 0.7924 0.2553 0.2553 0.2553 0.2553 0.2553 0.2553 0.2553 0.2044 0.2044 0.2044 0.2044 0.2044 0.2044 0.2044 0.1748 0.1748 0.1748 0.1748 0.1748 0.1748 0.1748 0.1570 109.0970 109.0970 55.0878 1.2309 
fa3 = 0.7924 0.2553 0.2553 0.2553 0.2553 0.2553 0.2553 0.2553 0.2044 0.2044 0.2044 0.2044 0.2044 0.2044 0.2044 0.1748 0.1748 0.1748 0.1748 0.1748 0.1748 0.1748 0.1570 109.1355 109.1355 55.0993 1.2310 
fa4 = 0.7924 0.2553 0.2553 0.2553 0.2553 0.2553 0.2553 0.2553 0.2044 0.2044 0.2044 0.2044 0.2044 0.2044 0.2044 0.1747 0.1747 0.1747 0.1747 0.1747 0.1747 0.1747 0.1569 111.2238 111.2238 55.9045 1.2260 
fb1 = -0.1933 -0.2207 -0.2207 -0.2207 -0.2207 -0.2207 -0.2207 -0.2207 -0.2307 -0.2307 -0.2307 -0.2307 -0.2307 -0.2307 -0.2307 -0.2403 -0.2403 -0.2403 -0.2403 -0.2403 -0.2403 -0.2403 -0.2484 0.1182 0.1182 0.0614 -0.0780 
fb2 = -0.1933 -0.2206 -0.2206 -0.2206 -0.2206 -0.2206 -0.2206 -0.2206 -0.2307 -0.2307 -0.2307 -0.2307 -0.2307 -0.2307 -0.2307 -0.2402 -0.2402 -0.2402 -0.2402 -0.2402 -0.2402 -0.2402 -0.2483 0.1203 0.1203 0.0625 -0.0780 
fb3 = -0.1933 -0.2206 -0.2206 -0.2206 -0.2206 -0.2206 -0.2206 -0.2206 -0.2307 -0.2307 -0.2307 -0.2307 -0.2307 -0.2307 -0.2307 -0.2402 -0.2402 -0.2402 -0.2402 -0.2402 -0.2402 -0.2402 -0.2483 0.1203 0.1203 0.0625 -0.0780 
fb4 = -0.1932 -0.2206 -0.2206 -0.2206 -0.2206 -0.2206 -0.2206 -0.2206 -0.2306 -0.2306 -0.2306 -0.2306 -0.2306 -0.2306 -0.2306 -0.2402 -0.2402 -0.2402 -0.2402 -0.2402 -0.2402 -0.2402 -0.2483 0.1225 0.1225 0.0636 -0.0779 
I = 14.9000 9.4000 9.4000 9.4000 9.4000 9.4000 9.4000 9.4000 6.0000 6.0000 6.0000 6.0000 6.0000 6.0000 6.0000 2.0000 2.0000 2.0000 2.0000 2.0000 2.0000 2.0000 -2.0000 25.8990 25.8990 10.0000 1.9620 
S1 = 0.0000 0.0000 0.0000 0.0000 0.0000 0.0000 0.0000 0.0000 0.0000 0.0000 0.0000 0.0000 0.0000 0.0000 0.0000 0.0000 0.0000 0.0000 0.0000 0.0000 0.0000 0.0000 0.0000 0.0000 0.0000 0.0000 0.0000 
S2 = 0.0000 0.0000 0.0000 0.0000 0.0000 0.0000 0.0000 0.0000 0.0000 0.0000 0.0000 0.0000 0.0000 0.0000 0.0000 0.0000 0.0000 0.0000 0.0000 0.0000 0.0000 0.0000 0.0000 1.8990 1.8990 0.0000 12.9620 
u = 8.2623 8.1212 8.1212 8.1212 8.1212 8.1212 8.1212 8.1212 8.0572 8.0572 8.0572 8.0572 8.0572 8.0572 8.0572 7.9926 7.9926 7.9926 7.9926 7.9926 7.9926 7.9926 7.9357 10.9957 10.9957 11.6547 9.2204 
v = 34.3194 26.0693 26.0693 26.0693 26.0693 26.0693 26.0693 26.0693 22.9127 22.9127 22.9127 22.9127 22.9127 22.9127 22.9127 19.8808 19.8808 19.8808 19.8808 19.8808 19.8808 19.8808 17.2870 85.6067 85.6067 74.1774 26.6206 
