ExternalI = 5.5000 0.0000 0.0000 0.0000 0.0000 0.0000 0.0000 0.0000 4.0000 4.0000 4.0000 4.0000 4.0000 4.0000 4.0000 0.0000 0.0000 0.0000 0.0000 0.0000 0.0000 0.0000 0.0000 8.0000 8.0000 0.0000 0.0000 
before u = 8.2623 8.1212 8.1212 8.1212 8.1212 8.1212 8.1212 8.1212 8.0572 8.0572 8.0572 8.0572 8.0572 8.0572 8.0572 7.9926 7.9926 7.9926 7.9926 7.9926 7.9926 7.9926 7.9357 10.9957 10.9957 11.6547 9.2204 
before v = 34.3194 26.0693 26.0693 26.0693 26.0693 26.0693 26.0693 26.0693 22.9127 22.9127 22.9127 22.9127 22.9127 22.9127 22.9127 19.8808 19.8808 19.8808 19.8808 19.8808 19.8808 19.8808 17.2870 85.6067 85.6067 74.1774 26.6206 
Ibias = 9.4000 9.4000 9.4000 9.4000 9.4000 9.4000 9.4000 9.4000 2.0000 2.0000 2.0000 2.0000 2.0000 2.0000 2.0000 2.0000 2.0000 2.0000 2.0000 2.0000 2.0000 2.0000 -2.0000 16.0000 16.0000 10.0000 -11.0000 
fa1 = 0.7924 0.2553 0.2553 0.2553 0.2553 0.2553 0.2553 0.2553 0.2044 0.2044 0.2044 0.2044 0.2044 0.2044 0.2044 0.1747 0.1747 0.1747 0.1747 0.1747 0.1747 0.1747 0.1569 111.2196 111.2196 55.9044 1.2001 
fa2 = 0.7924 0.2552 0.2552 0.2552 0.2552 0.2552 0.2552 0.2552 0.2043 0.2043 0.2043 0.2043 0.2043 0.2043 0.2043 0.1747 0.1747 0.1747 0.1747 0.1747 0.1747 0.1747 0.1569 113.3716 113.3716 56.7274 1.1952 
fa3 = 0.7924 0.2552 0.2552 0.2552 0.2552 0.2552 0.2552 0.2552 0.2043 0.2043 0.2043 0.2043 0.2043 0.2043 0.2043 0.1747 0.1747 0.1747 0.1747 0.1747 0.1747 0.1747 0.1569 113.4134 113.4134 56.7395 1.1953 
fa4 = 0.7923 0.2551 0.2551 0.2551 0.2551 0.2551 0.2551 0.2551 0.2043 0.2043 0.2043 0.2043 0.2043 0.2043 0.2043 0.1747 0.1747 0.1747 0.1747 0.1747 0.1747 0.1747 0.1569 115.6346 115.6346 57.5815 1.1905 
fb1 = -0.1932 -0.2206 -0.2206 -0.2206 -0.2206 -0.2206 -0.2206 -0.2206 -0.2306 -0.2306 -0.2306 -0.2306 -0.2306 -0.2306 -0.2306 -0.2402 -0.2402 -0.2402 -0.2402 -0.2402 -0.2402 -0.2402 -0.2483 0.1225 0.1225 0.0636 -0.0779 
fb2 = -0.1932 -0.2205 -0.2205 -0.2205 -0.2205 -0.2205 -0.2205 -0.2205 -0.2306 -0.2306 -0.2306 -0.2306 -0.2306 -0.2306 -0.2306 -0.2401 -0.2401 -0.2401 -0.2401 -0.2401 -0.2401 -0.2401 -0.2482 0.1247 0.1247 0.0647 -0.0779 
fb3 = -0.1932 -0.2205 -0.2205 -0.2205 -0.2205 -0.2205 -0.2205 -0.2205 -0.2306 -0.2306 -0.2306 -0.2306 -0.2306 -0.2306 -0.2306 -0.2401 -0.2401 -0.2401 -0.2401 -0.2401 -0.2401 -0.2401 -0.2482 0.1248 0.1248 0.0647 -0.0779 
fb4 = -0.1931 -0.2205 -0.2205 -0.2205 -0.2205 -0.2205 -0.2205 -0.2205 -0.2305 -0.2305 -0.2305 -0.2305 -0.2305 -0.2305 -0.2305 -0.2401 -0.2401 -0.2401 -0.2401 -0.2401 -0.2401 -0.2401 -0.2482 0.1270 0.1270 0.0659 -0.0779 
I = 14.9000 9.4000 9.4000 9.4000 9.4000 9.4000 9.4000 9.4000 6.0000 6.0000 6.0000 6.0000 6.0000 6.0000 6.0000 2.0000 2.0000 2.0000 2.0000 2.0000 2.0000 2.0000 -2.0000 25.8952 25.8952 10.0000 1.9360 
S1 = 0.0000 0.0000 0.0000 0.0000 0.0000 0.0000 0.0000 0.0000 0.0000 0.0000 0.0000 0.0000 0.0000 0.0000 0.0000 0.0000 0.0000 0.0000 0.0000 0.0000 0.0000 0.0000 0.0000 0.0000 0.0000 0.0000 0.0000 
S2 = 0.0000 0.0000 0.0000 0.0000 0.0000 0.0000 0.0000 0.0000 0.0000 0.0000 0.0000 0.0000 0.0000 0.0000 0.0000 0.0000 0.0000 0.0000 0.0000 0.0000 0.0000 0.0000 0.0000 1.8952 1.8952 0.0000 12.9360 
u = 8.2603 8.1190 8.1190 8.1190 8.1190 8.1190 8.1190 8.1190 8.0549 8.0549 8.0549 8.0549 8.0549 8.0549 8.0549 7.9902 7.9902 7.9902 7.9902 7.9902 7.9902 7.9902 7.9332 10.9969 10.9969 11.6554 9.2196 
v = 34.3273 26.0718 26.0718 26.0718 26.0718 26.0718 26.0718 26.0718 22.9147 22.9147 22.9147 22.9147 22.9147 22.9147 22.9147 19.8826 19.8826 19.8826 19.8826 19.8826 19.8826 19.8826 17.2885 86.7407 86.7407 74.7447 26.6325 
