ExternalI = 5.5000 0.0000 0.0000 0.0000 0.0000 0.0000 0.0000 0.0000 4.0000 4.0000 4.0000 4.0000 4.0000 4.0000 4.0000 0.0000 0.0000 0.0000 0.0000 0.0000 0.0000 0.0000 0.0000 8.0000 8.0000 0.0000 0.0000 
before u = 8.2603 8.1190 8.1190 8.1190 8.1190 8.1190 8.1190 8.1190 8.0549 8.0549 8.0549 8.0549 8.0549 8.0549 8.0549 7.9902 7.9902 7.9902 7.9902 7.9902 7.9902 7.9902 7.9332 10.9969 10.9969 11.6554 9.2196 
before v = 34.3273 26.0718 26.0718 26.0718 26.0718 26.0718 26.0718 26.0718 22.9147 22.9147 22.9147 22.9147 22.9147 22.9147 22.9147 19.8826 19.8826 19.8826 19.8826 19.8826 19.8826 19.8826 17.2885 86.7407 86.7407 74.7447 26.6325 
Ibias = 9.4000 9.4000 9.4000 9.4000 9.4000 9.4000 9.4000 9.4000 2.0000 2.0000 2.0000 2.0000 2.0000 2.0000 2.0000 2.0000 2.0000 2.0000 2.0000 2.0000 2.0000 2.0000 -2.0000 16.0000 16.0000 10.0000 -11.0000 
fa1 = 0.7923 0.2551 0.2551 0.2551 0.2551 0.2551 0.2551 0.2551 0.2043 0.2043 0.2043 0.2043 0.2043 0.2043 0.2043 0.1747 0.1747 0.1747 0.1747 0.1747 0.1747 0.1747 0.1569 115.6304 115.6304 57.5814 1.1646 
fa2 = 0.7923 0.2551 0.2551 0.2551 0.2551 0.2551 0.2551 0.2551 0.2042 0.2042 0.2042 0.2042 0.2042 0.2042 0.2042 0.1747 0.1747 0.1747 0.1747 0.1747 0.1747 0.1747 0.1569 117.9207 117.9207 58.4422 1.1599 
fa3 = 0.7923 0.2551 0.2551 0.2551 0.2551 0.2551 0.2551 0.2551 0.2042 0.2042 0.2042 0.2042 0.2042 0.2042 0.2042 0.1747 0.1747 0.1747 0.1747 0.1747 0.1747 0.1747 0.1569 117.9663 117.9663 58.4551 1.1599 
fa4 = 0.7922 0.2550 0.2550 0.2550 0.2550 0.2550 0.2550 0.2550 0.2042 0.2042 0.2042 0.2042 0.2042 0.2042 0.2042 0.1746 0.1746 0.1746 0.1746 0.1746 0.1746 0.1746 0.1568 120.3318 120.3318 59.3361 1.1553 
fb1 = -0.1931 -0.2205 -0.2205 -0.2205 -0.2205 -0.2205 -0.2205 -0.2205 -0.2305 -0.2305 -0.2305 -0.2305 -0.2305 -0.2305 -0.2305 -0.2401 -0.2401 -0.2401 -0.2401 -0.2401 -0.2401 -0.2401 -0.2482 0.1270 0.1270 0.0659 -0.0779 
fb2 = -0.1930 -0.2204 -0.2204 -0.2204 -0.2204 -0.2204 -0.2204 -0.2204 -0.2305 -0.2305 -0.2305 -0.2305 -0.2305 -0.2305 -0.2305 -0.2400 -0.2400 -0.2400 -0.2400 -0.2400 -0.2400 -0.2400 -0.2481 0.1293 0.1293 0.0670 -0.0778 
fb3 = -0.1930 -0.2204 -0.2204 -0.2204 -0.2204 -0.2204 -0.2204 -0.2204 -0.2305 -0.2305 -0.2305 -0.2305 -0.2305 -0.2305 -0.2305 -0.2400 -0.2400 -0.2400 -0.2400 -0.2400 -0.2400 -0.2400 -0.2481 0.1294 0.1294 0.0670 -0.0778 
fb4 = -0.1930 -0.2204 -0.2204 -0.2204 -0.2204 -0.2204 -0.2204 -0.2204 -0.2304 -0.2304 -0.2304 -0.2304 -0.2304 -0.2304 -0.2304 -0.2400 -0.2400 -0.2400 -0.2400 -0.2400 -0.2400 -0.2400 -0.2481 0.1317 0.1317 0.0682 -0.0778 
I = 14.9000 9.4000 9.4000 9.4000 9.4000 9.4000 9.4000 9.4000 6.0000 6.0000 6.0000 6.0000 6.0000 6.0000 6.0000 2.0000 2.0000 2.0000 2.0000 2.0000 2.0000 2.0000 -2.0000 25.8914 25.8914 10.0000 1.9102 
S1 = 0.0000 0.0000 0.0000 0.0000 0.0000 0.0000 0.0000 0.0000 0.0000 0.0000 0.0000 0.0000 0.0000 0.0000 0.0000 0.0000 0.0000 0.0000 0.0000 0.0000 0.0000 0.0000 0.0000 0.0000 0.0000 0.0000 0.0000 
S2 = 0.0000 0.0000 0.0000 0.0000 0.0000 0.0000 0.0000 0.0000 0.0000 0.0000 0.0000 0.0000 0.0000 0.0000 0.0000 0.0000 0.0000 0.0000 0.0000 0.0000 0.0000 0.0000 0.0000 1.8914 1.8914 0.0000 12.9102 
u = 8.2584 8.1168 8.1168 8.1168 8.1168 8.1168 8.1168 8.1168 8.0526 8.0526 8.0526 8.0526 8.0526 8.0526 8.0526 7.9878 7.9878 7.9878 7.9878 7.9878 7.9878 7.9878 7.9307 10.9982 10.9982 11.6561 9.2189 
v = 34.3352 26.0744 26.0744 26.0744 26.0744 26.0744 26.0744 26.0744 22.9168 22.9168 22.9168 22.9168 22.9168 22.9168 22.9168 19.8843 19.8843 19.8843 19.8843 19.8843 19.8843 19.8843 17.2901 87.9203 87.9203 75.3292 26.6441 
