ExternalI = 5.5000 0.0000 0.0000 0.0000 0.0000 0.0000 0.0000 0.0000 4.0000 4.0000 4.0000 4.0000 4.0000 4.0000 4.0000 0.0000 0.0000 0.0000 0.0000 0.0000 0.0000 0.0000 0.0000 8.0000 8.0000 0.0000 0.0000 
before u = 8.2584 8.1168 8.1168 8.1168 8.1168 8.1168 8.1168 8.1168 8.0526 8.0526 8.0526 8.0526 8.0526 8.0526 8.0526 7.9878 7.9878 7.9878 7.9878 7.9878 7.9878 7.9878 7.9307 10.9982 10.9982 11.6561 9.2189 
before v = 34.3352 26.0744 26.0744 26.0744 26.0744 26.0744 26.0744 26.0744 22.9168 22.9168 22.9168 22.9168 22.9168 22.9168 22.9168 19.8843 19.8843 19.8843 19.8843 19.8843 19.8843 19.8843 17.2901 87.9203 87.9203 75.3292 26.6441 
Ibias = 9.4000 9.4000 9.4000 9.4000 9.4000 9.4000 9.4000 9.4000 2.0000 2.0000 2.0000 2.0000 2.0000 2.0000 2.0000 2.0000 2.0000 2.0000 2.0000 2.0000 2.0000 2.0000 -2.0000 16.0000 16.0000 10.0000 -11.0000 
fa1 = 0.7922 0.2550 0.2550 0.2550 0.2550 0.2550 0.2550 0.2550 0.2042 0.2042 0.2042 0.2042 0.2042 0.2042 0.2042 0.1746 0.1746 0.1746 0.1746 0.1746 0.1746 0.1746 0.1568 120.3276 120.3276 59.3360 1.1295 
fa2 = 0.7922 0.2549 0.2549 0.2549 0.2549 0.2549 0.2549 0.2549 0.2042 0.2042 0.2042 0.2042 0.2042 0.2042 0.2042 0.1746 0.1746 0.1746 0.1746 0.1746 0.1746 0.1746 0.1568 122.7682 122.7682 60.2370 1.1250 
fa3 = 0.7922 0.2549 0.2549 0.2549 0.2549 0.2549 0.2549 0.2549 0.2042 0.2042 0.2042 0.2042 0.2042 0.2042 0.2042 0.1746 0.1746 0.1746 0.1746 0.1746 0.1746 0.1746 0.1568 122.8180 122.8180 60.2508 1.1250 
fa4 = 0.7922 0.2549 0.2549 0.2549 0.2549 0.2549 0.2549 0.2549 0.2041 0.2041 0.2041 0.2041 0.2041 0.2041 0.2041 0.1746 0.1746 0.1746 0.1746 0.1746 0.1746 0.1746 0.1568 125.3406 125.3406 61.1732 1.1205 
fb1 = -0.1930 -0.2204 -0.2204 -0.2204 -0.2204 -0.2204 -0.2204 -0.2204 -0.2304 -0.2304 -0.2304 -0.2304 -0.2304 -0.2304 -0.2304 -0.2400 -0.2400 -0.2400 -0.2400 -0.2400 -0.2400 -0.2400 -0.2481 0.1317 0.1317 0.0682 -0.0778 
fb2 = -0.1929 -0.2203 -0.2203 -0.2203 -0.2203 -0.2203 -0.2203 -0.2203 -0.2304 -0.2304 -0.2304 -0.2304 -0.2304 -0.2304 -0.2304 -0.2399 -0.2399 -0.2399 -0.2399 -0.2399 -0.2399 -0.2399 -0.2480 0.1341 0.1341 0.0694 -0.0778 
fb3 = -0.1929 -0.2203 -0.2203 -0.2203 -0.2203 -0.2203 -0.2203 -0.2203 -0.2304 -0.2304 -0.2304 -0.2304 -0.2304 -0.2304 -0.2304 -0.2399 -0.2399 -0.2399 -0.2399 -0.2399 -0.2399 -0.2399 -0.2480 0.1342 0.1342 0.0694 -0.0778 
fb4 = -0.1929 -0.2203 -0.2203 -0.2203 -0.2203 -0.2203 -0.2203 -0.2203 -0.2303 -0.2303 -0.2303 -0.2303 -0.2303 -0.2303 -0.2303 -0.2399 -0.2399 -0.2399 -0.2399 -0.2399 -0.2399 -0.2399 -0.2480 0.1366 0.1366 0.0706 -0.0777 
I = 14.9000 9.4000 9.4000 9.4000 9.4000 9.4000 9.4000 9.4000 6.0000 6.0000 6.0000 6.0000 6.0000 6.0000 6.0000 2.0000 2.0000 2.0000 2.0000 2.0000 2.0000 2.0000 -2.0000 25.8876 25.8876 10.0000 1.8843 
S1 = 0.0000 0.0000 0.0000 0.0000 0.0000 0.0000 0.0000 0.0000 0.0000 0.0000 0.0000 0.0000 0.0000 0.0000 0.0000 0.0000 0.0000 0.0000 0.0000 0.0000 0.0000 0.0000 0.0000 0.0000 0.0000 0.0000 0.0000 
S2 = 0.0000 0.0000 0.0000 0.0000 0.0000 0.0000 0.0000 0.0000 0.0000 0.0000 0.0000 0.0000 0.0000 0.0000 0.0000 0.0000 0.0000 0.0000 0.0000 0.0000 0.0000 0.0000 0.0000 1.8876 1.8876 0.0000 12.8843 
u = 8.2565 8.1146 8.1146 8.1146 8.1146 8.1146 8.1146 8.1146 8.0503 8.0503 8.0503 8.0503 8.0503 8.0503 8.0503 7.9854 7.9854 7.9854 7.9854 7.9854 7.9854 7.9854 7.9283 10.9996 10.9996 11.6568 9.2181 
v = 34.3432 26.0769 26.0769 26.0769 26.0769 26.0769 26.0769 26.0769 22.9188 22.9188 22.9188 22.9188 22.9188 22.9188 22.9188 19.8861 19.8861 19.8861 19.8861 19.8861 19.8861 19.8861 17.2917 89.1484 89.1484 75.9317 26.6554 
