ExternalI = 5.5000 0.0000 0.0000 0.0000 0.0000 0.0000 0.0000 0.0000 4.0000 4.0000 4.0000 4.0000 4.0000 4.0000 4.0000 0.0000 0.0000 0.0000 0.0000 0.0000 0.0000 0.0000 0.0000 8.0000 8.0000 0.0000 0.0000 
before u = 8.2565 8.1146 8.1146 8.1146 8.1146 8.1146 8.1146 8.1146 8.0503 8.0503 8.0503 8.0503 8.0503 8.0503 8.0503 7.9854 7.9854 7.9854 7.9854 7.9854 7.9854 7.9854 7.9283 10.9996 10.9996 11.6568 9.2181 
before v = 34.3432 26.0769 26.0769 26.0769 26.0769 26.0769 26.0769 26.0769 22.9188 22.9188 22.9188 22.9188 22.9188 22.9188 22.9188 19.8861 19.8861 19.8861 19.8861 19.8861 19.8861 19.8861 17.2917 89.1484 89.1484 75.9317 26.6554 
Ibias = 9.4000 9.4000 9.4000 9.4000 9.4000 9.4000 9.4000 9.4000 2.0000 2.0000 2.0000 2.0000 2.0000 2.0000 2.0000 2.0000 2.0000 2.0000 2.0000 2.0000 2.0000 2.0000 -2.0000 16.0000 16.0000 10.0000 -11.0000 
fa1 = 0.7922 0.2549 0.2549 0.2549 0.2549 0.2549 0.2549 0.2549 0.2041 0.2041 0.2041 0.2041 0.2041 0.2041 0.2041 0.1746 0.1746 0.1746 0.1746 0.1746 0.1746 0.1746 0.1568 125.3364 125.3364 61.1731 1.0947 
fa2 = 0.7921 0.2548 0.2548 0.2548 0.2548 0.2548 0.2548 0.2548 0.2041 0.2041 0.2041 0.2041 0.2041 0.2041 0.2041 0.1745 0.1745 0.1745 0.1745 0.1745 0.1745 0.1745 0.1568 127.9408 127.9408 62.1169 1.0904 
fa3 = 0.7921 0.2548 0.2548 0.2548 0.2548 0.2548 0.2548 0.2548 0.2041 0.2041 0.2041 0.2041 0.2041 0.2041 0.2041 0.1745 0.1745 0.1745 0.1745 0.1745 0.1745 0.1745 0.1568 127.9952 127.9952 62.1315 1.0904 
fa4 = 0.7921 0.2548 0.2548 0.2548 0.2548 0.2548 0.2548 0.2548 0.2040 0.2040 0.2040 0.2040 0.2040 0.2040 0.2040 0.1745 0.1745 0.1745 0.1745 0.1745 0.1745 0.1745 0.1567 130.6891 130.6891 63.0981 1.0860 
fb1 = -0.1929 -0.2203 -0.2203 -0.2203 -0.2203 -0.2203 -0.2203 -0.2203 -0.2303 -0.2303 -0.2303 -0.2303 -0.2303 -0.2303 -0.2303 -0.2399 -0.2399 -0.2399 -0.2399 -0.2399 -0.2399 -0.2399 -0.2480 0.1366 0.1366 0.0706 -0.0777 
fb2 = -0.1928 -0.2202 -0.2202 -0.2202 -0.2202 -0.2202 -0.2202 -0.2202 -0.2303 -0.2303 -0.2303 -0.2303 -0.2303 -0.2303 -0.2303 -0.2398 -0.2398 -0.2398 -0.2398 -0.2398 -0.2398 -0.2398 -0.2479 0.1391 0.1391 0.0718 -0.0777 
fb3 = -0.1928 -0.2202 -0.2202 -0.2202 -0.2202 -0.2202 -0.2202 -0.2202 -0.2303 -0.2303 -0.2303 -0.2303 -0.2303 -0.2303 -0.2303 -0.2398 -0.2398 -0.2398 -0.2398 -0.2398 -0.2398 -0.2398 -0.2479 0.1391 0.1391 0.0718 -0.0777 
fb4 = -0.1928 -0.2202 -0.2202 -0.2202 -0.2202 -0.2202 -0.2202 -0.2202 -0.2302 -0.2302 -0.2302 -0.2302 -0.2302 -0.2302 -0.2302 -0.2398 -0.2398 -0.2398 -0.2398 -0.2398 -0.2398 -0.2398 -0.2479 0.1417 0.1417 0.0731 -0.0777 
I = 14.9000 9.4000 9.4000 9.4000 9.4000 9.4000 9.4000 9.4000 6.0000 6.0000 6.0000 6.0000 6.0000 6.0000 6.0000 2.0000 2.0000 2.0000 2.0000 2.0000 2.0000 2.0000 -2.0000 25.8838 25.8838 10.0000 1.8586 
S1 = 0.0000 0.0000 0.0000 0.0000 0.0000 0.0000 0.0000 0.0000 0.0000 0.0000 0.0000 0.0000 0.0000 0.0000 0.0000 0.0000 0.0000 0.0000 0.0000 0.0000 0.0000 0.0000 0.0000 0.0000 0.0000 0.0000 0.0000 
S2 = 0.0000 0.0000 0.0000 0.0000 0.0000 0.0000 0.0000 0.0000 0.0000 0.0000 0.0000 0.0000 0.0000 0.0000 0.0000 0.0000 0.0000 0.0000 0.0000 0.0000 0.0000 0.0000 0.0000 1.8838 1.8838 0.0000 12.8586 
u = 8.2545 8.1124 8.1124 8.1124 8.1124 8.1124 8.1124 8.1124 8.0480 8.0480 8.0480 8.0480 8.0480 8.0480 8.0480 7.9830 7.9830 7.9830 7.9830 7.9830 7.9830 7.9830 7.9258 11.0010 11.0010 11.6575 9.2173 
v = 34.3511 26.0795 26.0795 26.0795 26.0795 26.0795 26.0795 26.0795 22.9209 22.9209 22.9209 22.9209 22.9209 22.9209 22.9209 19.8878 19.8878 19.8878 19.8878 19.8878 19.8878 19.8878 17.2932 90.4282 90.4282 76.5530 26.6663 
