ExternalI = 5.5000 0.0000 0.0000 0.0000 0.0000 0.0000 0.0000 0.0000 4.0000 4.0000 4.0000 4.0000 4.0000 4.0000 4.0000 0.0000 0.0000 0.0000 0.0000 0.0000 0.0000 0.0000 0.0000 8.0000 8.0000 0.0000 0.0000 
before u = 8.2545 8.1124 8.1124 8.1124 8.1124 8.1124 8.1124 8.1124 8.0480 8.0480 8.0480 8.0480 8.0480 8.0480 8.0480 7.9830 7.9830 7.9830 7.9830 7.9830 7.9830 7.9830 7.9258 11.0010 11.0010 11.6575 9.2173 
before v = 34.3511 26.0795 26.0795 26.0795 26.0795 26.0795 26.0795 26.0795 22.9209 22.9209 22.9209 22.9209 22.9209 22.9209 22.9209 19.8878 19.8878 19.8878 19.8878 19.8878 19.8878 19.8878 17.2932 90.4282 90.4282 76.5530 26.6663 
Ibias = 9.4000 9.4000 9.4000 9.4000 9.4000 9.4000 9.4000 9.4000 2.0000 2.0000 2.0000 2.0000 2.0000 2.0000 2.0000 2.0000 2.0000 2.0000 2.0000 2.0000 2.0000 2.0000 -2.0000 16.0000 16.0000 10.0000 -11.0000 
fa1 = 0.7921 0.2548 0.2548 0.2548 0.2548 0.2548 0.2548 0.2548 0.2040 0.2040 0.2040 0.2040 0.2040 0.2040 0.2040 0.1745 0.1745 0.1745 0.1745 0.1745 0.1745 0.1745 0.1567 130.6848 130.6848 63.0980 1.0603 
fa2 = 0.7921 0.2547 0.2547 0.2547 0.2547 0.2547 0.2547 0.2547 0.2040 0.2040 0.2040 0.2040 0.2040 0.2040 0.2040 0.1745 0.1745 0.1745 0.1745 0.1745 0.1745 0.1745 0.1567 133.4680 133.4680 64.0873 1.0561 
fa3 = 0.7921 0.2547 0.2547 0.2547 0.2547 0.2547 0.2547 0.2547 0.2040 0.2040 0.2040 0.2040 0.2040 0.2040 0.2040 0.1745 0.1745 0.1745 0.1745 0.1745 0.1745 0.1745 0.1567 133.5276 133.5276 64.1028 1.0561 
fa4 = 0.7920 0.2546 0.2546 0.2546 0.2546 0.2546 0.2546 0.2546 0.2040 0.2040 0.2040 0.2040 0.2040 0.2040 0.2040 0.1744 0.1744 0.1744 0.1744 0.1744 0.1744 0.1744 0.1567 136.4086 136.4086 65.1164 1.0519 
fb1 = -0.1928 -0.2202 -0.2202 -0.2202 -0.2202 -0.2202 -0.2202 -0.2202 -0.2302 -0.2302 -0.2302 -0.2302 -0.2302 -0.2302 -0.2302 -0.2398 -0.2398 -0.2398 -0.2398 -0.2398 -0.2398 -0.2398 -0.2479 0.1417 0.1417 0.0731 -0.0777 
fb2 = -0.1927 -0.2201 -0.2201 -0.2201 -0.2201 -0.2201 -0.2201 -0.2201 -0.2302 -0.2302 -0.2302 -0.2302 -0.2302 -0.2302 -0.2302 -0.2397 -0.2397 -0.2397 -0.2397 -0.2397 -0.2397 -0.2397 -0.2478 0.1443 0.1443 0.0743 -0.0777 
fb3 = -0.1927 -0.2201 -0.2201 -0.2201 -0.2201 -0.2201 -0.2201 -0.2201 -0.2302 -0.2302 -0.2302 -0.2302 -0.2302 -0.2302 -0.2302 -0.2397 -0.2397 -0.2397 -0.2397 -0.2397 -0.2397 -0.2397 -0.2478 0.1443 0.1443 0.0743 -0.0777 
fb4 = -0.1927 -0.2201 -0.2201 -0.2201 -0.2201 -0.2201 -0.2201 -0.2201 -0.2301 -0.2301 -0.2301 -0.2301 -0.2301 -0.2301 -0.2301 -0.2397 -0.2397 -0.2397 -0.2397 -0.2397 -0.2397 -0.2397 -0.2478 0.1470 0.1470 0.0756 -0.0776 
I = 14.9000 9.4000 9.4000 9.4000 9.4000 9.4000 9.4000 9.4000 6.0000 6.0000 6.0000 6.0000 6.0000 6.0000 6.0000 2.0000 2.0000 2.0000 2.0000 2.0000 2.0000 2.0000 -2.0000 25.8800 25.8800 10.0000 1.8329 
S1 = 0.0000 0.0000 0.0000 0.0000 0.0000 0.0000 0.0000 0.0000 0.0000 0.0000 0.0000 0.0000 0.0000 0.0000 0.0000 0.0000 0.0000 0.0000 0.0000 0.0000 0.0000 0.0000 0.0000 0.0000 0.0000 0.0000 0.0000 
S2 = 0.0000 0.0000 0.0000 0.0000 0.0000 0.0000 0.0000 0.0000 0.0000 0.0000 0.0000 0.0000 0.0000 0.0000 0.0000 0.0000 0.0000 0.0000 0.0000 0.0000 0.0000 0.0000 0.0000 1.8800 1.8800 0.0000 12.8329 
u = 8.2526 8.1102 8.1102 8.1102 8.1102 8.1102 8.1102 8.1102 8.0457 8.0457 8.0457 8.0457 8.0457 8.0457 8.0457 7.9807 7.9807 7.9807 7.9807 7.9807 7.9807 7.9807 7.9233 11.0024 11.0024 11.6582 9.2165 
v = 34.3590 26.0820 26.0820 26.0820 26.0820 26.0820 26.0820 26.0820 22.9229 22.9229 22.9229 22.9229 22.9229 22.9229 22.9229 19.8896 19.8896 19.8896 19.8896 19.8896 19.8896 19.8896 17.2948 91.7633 91.7633 77.1940 26.6769 
