ExternalI = 5.5000 0.0000 0.0000 0.0000 0.0000 0.0000 0.0000 0.0000 4.0000 4.0000 4.0000 4.0000 4.0000 4.0000 4.0000 0.0000 0.0000 0.0000 0.0000 0.0000 0.0000 0.0000 0.0000 8.0000 8.0000 0.0000 0.0000 
before u = 8.2526 8.1102 8.1102 8.1102 8.1102 8.1102 8.1102 8.1102 8.0457 8.0457 8.0457 8.0457 8.0457 8.0457 8.0457 7.9807 7.9807 7.9807 7.9807 7.9807 7.9807 7.9807 7.9233 11.0024 11.0024 11.6582 9.2165 
before v = 34.3590 26.0820 26.0820 26.0820 26.0820 26.0820 26.0820 26.0820 22.9229 22.9229 22.9229 22.9229 22.9229 22.9229 22.9229 19.8896 19.8896 19.8896 19.8896 19.8896 19.8896 19.8896 17.2948 91.7633 91.7633 77.1940 26.6769 
Ibias = 9.4000 9.4000 9.4000 9.4000 9.4000 9.4000 9.4000 9.4000 2.0000 2.0000 2.0000 2.0000 2.0000 2.0000 2.0000 2.0000 2.0000 2.0000 2.0000 2.0000 2.0000 2.0000 -2.0000 16.0000 16.0000 10.0000 -11.0000 
fa1 = 0.7920 0.2546 0.2546 0.2546 0.2546 0.2546 0.2546 0.2546 0.2040 0.2040 0.2040 0.2040 0.2040 0.2040 0.2040 0.1744 0.1744 0.1744 0.1744 0.1744 0.1744 0.1744 0.1567 136.4042 136.4042 65.1163 1.0263 
fa2 = 0.7920 0.2546 0.2546 0.2546 0.2546 0.2546 0.2546 0.2546 0.2039 0.2039 0.2039 0.2039 0.2039 0.2039 0.2039 0.1744 0.1744 0.1744 0.1744 0.1744 0.1744 0.1744 0.1566 139.3828 139.3828 66.1540 1.0222 
fa3 = 0.7920 0.2546 0.2546 0.2546 0.2546 0.2546 0.2546 0.2546 0.2039 0.2039 0.2039 0.2039 0.2039 0.2039 0.2039 0.1744 0.1744 0.1744 0.1744 0.1744 0.1744 0.1744 0.1566 139.4483 139.4483 66.1706 1.0222 
fa4 = 0.7920 0.2545 0.2545 0.2545 0.2545 0.2545 0.2545 0.2545 0.2039 0.2039 0.2039 0.2039 0.2039 0.2039 0.2039 0.1744 0.1744 0.1744 0.1744 0.1744 0.1744 0.1744 0.1566 142.5341 142.5341 67.2343 1.0182 
fb1 = -0.1927 -0.2201 -0.2201 -0.2201 -0.2201 -0.2201 -0.2201 -0.2201 -0.2301 -0.2301 -0.2301 -0.2301 -0.2301 -0.2301 -0.2301 -0.2397 -0.2397 -0.2397 -0.2397 -0.2397 -0.2397 -0.2397 -0.2478 0.1470 0.1470 0.0756 -0.0776 
fb2 = -0.1926 -0.2200 -0.2200 -0.2200 -0.2200 -0.2200 -0.2200 -0.2200 -0.2301 -0.2301 -0.2301 -0.2301 -0.2301 -0.2301 -0.2301 -0.2396 -0.2396 -0.2396 -0.2396 -0.2396 -0.2396 -0.2396 -0.2477 0.1497 0.1497 0.0769 -0.0776 
fb3 = -0.1926 -0.2200 -0.2200 -0.2200 -0.2200 -0.2200 -0.2200 -0.2200 -0.2301 -0.2301 -0.2301 -0.2301 -0.2301 -0.2301 -0.2301 -0.2396 -0.2396 -0.2396 -0.2396 -0.2396 -0.2396 -0.2396 -0.2477 0.1498 0.1498 0.0769 -0.0776 
fb4 = -0.1926 -0.2200 -0.2200 -0.2200 -0.2200 -0.2200 -0.2200 -0.2200 -0.2300 -0.2300 -0.2300 -0.2300 -0.2300 -0.2300 -0.2300 -0.2396 -0.2396 -0.2396 -0.2396 -0.2396 -0.2396 -0.2396 -0.2476 0.1526 0.1526 0.0782 -0.0776 
I = 14.9000 9.4000 9.4000 9.4000 9.4000 9.4000 9.4000 9.4000 6.0000 6.0000 6.0000 6.0000 6.0000 6.0000 6.0000 2.0000 2.0000 2.0000 2.0000 2.0000 2.0000 2.0000 -2.0000 25.8763 25.8763 10.0000 1.8072 
S1 = 0.0000 0.0000 0.0000 0.0000 0.0000 0.0000 0.0000 0.0000 0.0000 0.0000 0.0000 0.0000 0.0000 0.0000 0.0000 0.0000 0.0000 0.0000 0.0000 0.0000 0.0000 0.0000 0.0000 0.0000 0.0000 0.0000 0.0000 
S2 = 0.0000 0.0000 0.0000 0.0000 0.0000 0.0000 0.0000 0.0000 0.0000 0.0000 0.0000 0.0000 0.0000 0.0000 0.0000 0.0000 0.0000 0.0000 0.0000 0.0000 0.0000 0.0000 0.0000 1.8763 1.8763 0.0000 12.8072 
u = 8.2507 8.1080 8.1080 8.1080 8.1080 8.1080 8.1080 8.1080 8.0434 8.0434 8.0434 8.0434 8.0434 8.0434 8.0434 7.9783 7.9783 7.9783 7.9783 7.9783 7.9783 7.9783 7.9208 11.0039 11.0039 11.6590 9.2158 
v = 34.3669 26.0845 26.0845 26.0845 26.0845 26.0845 26.0845 26.0845 22.9249 22.9249 22.9249 22.9249 22.9249 22.9249 22.9249 19.8913 19.8913 19.8913 19.8913 19.8913 19.8913 19.8913 17.2964 93.1577 93.1577 77.8557 26.6871 
