ExternalI = 5.5000 0.0000 0.0000 0.0000 0.0000 0.0000 0.0000 0.0000 4.0000 4.0000 4.0000 4.0000 4.0000 4.0000 4.0000 0.0000 0.0000 0.0000 0.0000 0.0000 0.0000 0.0000 0.0000 8.0000 8.0000 0.0000 0.0000 
before u = 8.2507 8.1080 8.1080 8.1080 8.1080 8.1080 8.1080 8.1080 8.0434 8.0434 8.0434 8.0434 8.0434 8.0434 8.0434 7.9783 7.9783 7.9783 7.9783 7.9783 7.9783 7.9783 7.9208 11.0039 11.0039 11.6590 9.2158 
before v = 34.3669 26.0845 26.0845 26.0845 26.0845 26.0845 26.0845 26.0845 22.9249 22.9249 22.9249 22.9249 22.9249 22.9249 22.9249 19.8913 19.8913 19.8913 19.8913 19.8913 19.8913 19.8913 17.2964 93.1577 93.1577 77.8557 26.6871 
Ibias = 9.4000 9.4000 9.4000 9.4000 9.4000 9.4000 9.4000 9.4000 2.0000 2.0000 2.0000 2.0000 2.0000 2.0000 2.0000 2.0000 2.0000 2.0000 2.0000 2.0000 2.0000 2.0000 -2.0000 16.0000 16.0000 10.0000 -11.0000 
fa1 = 0.7920 0.2545 0.2545 0.2545 0.2545 0.2545 0.2545 0.2545 0.2039 0.2039 0.2039 0.2039 0.2039 0.2039 0.2039 0.1744 0.1744 0.1744 0.1744 0.1744 0.1744 0.1744 0.1566 142.5297 142.5297 67.2342 0.9926 
fa2 = 0.7919 0.2544 0.2544 0.2544 0.2544 0.2544 0.2544 0.2544 0.2039 0.2039 0.2039 0.2039 0.2039 0.2039 0.2039 0.1744 0.1744 0.1744 0.1744 0.1744 0.1744 0.1744 0.1566 145.7224 145.7224 68.3236 0.9887 
fa3 = 0.7919 0.2544 0.2544 0.2544 0.2544 0.2544 0.2544 0.2544 0.2039 0.2039 0.2039 0.2039 0.2039 0.2039 0.2039 0.1744 0.1744 0.1744 0.1744 0.1744 0.1744 0.1744 0.1566 145.7943 145.7943 68.3413 0.9887 
fa4 = 0.7919 0.2544 0.2544 0.2544 0.2544 0.2544 0.2544 0.2544 0.2038 0.2038 0.2038 0.2038 0.2038 0.2038 0.2038 0.1743 0.1743 0.1743 0.1743 0.1743 0.1743 0.1743 0.1566 149.1048 149.1048 69.4584 0.9848 
fb1 = -0.1926 -0.2200 -0.2200 -0.2200 -0.2200 -0.2200 -0.2200 -0.2200 -0.2300 -0.2300 -0.2300 -0.2300 -0.2300 -0.2300 -0.2300 -0.2396 -0.2396 -0.2396 -0.2396 -0.2396 -0.2396 -0.2396 -0.2476 0.1526 0.1526 0.0782 -0.0776 
fb2 = -0.1925 -0.2199 -0.2199 -0.2199 -0.2199 -0.2199 -0.2199 -0.2199 -0.2300 -0.2300 -0.2300 -0.2300 -0.2300 -0.2300 -0.2300 -0.2395 -0.2395 -0.2395 -0.2395 -0.2395 -0.2395 -0.2395 -0.2476 0.1554 0.1554 0.0796 -0.0775 
fb3 = -0.1925 -0.2199 -0.2199 -0.2199 -0.2199 -0.2199 -0.2199 -0.2199 -0.2300 -0.2300 -0.2300 -0.2300 -0.2300 -0.2300 -0.2300 -0.2395 -0.2395 -0.2395 -0.2395 -0.2395 -0.2395 -0.2395 -0.2476 0.1555 0.1555 0.0796 -0.0775 
fb4 = -0.1925 -0.2199 -0.2199 -0.2199 -0.2199 -0.2199 -0.2199 -0.2199 -0.2299 -0.2299 -0.2299 -0.2299 -0.2299 -0.2299 -0.2299 -0.2395 -0.2395 -0.2395 -0.2395 -0.2395 -0.2395 -0.2395 -0.2475 0.1584 0.1584 0.0810 -0.0775 
I = 14.9000 9.4000 9.4000 9.4000 9.4000 9.4000 9.4000 9.4000 6.0000 6.0000 6.0000 6.0000 6.0000 6.0000 6.0000 2.0000 2.0000 2.0000 2.0000 2.0000 2.0000 2.0000 -2.0000 25.8725 25.8725 10.0000 1.7816 
S1 = 0.0000 0.0000 0.0000 0.0000 0.0000 0.0000 0.0000 0.0000 0.0000 0.0000 0.0000 0.0000 0.0000 0.0000 0.0000 0.0000 0.0000 0.0000 0.0000 0.0000 0.0000 0.0000 0.0000 0.0000 0.0000 0.0000 0.0000 
S2 = 0.0000 0.0000 0.0000 0.0000 0.0000 0.0000 0.0000 0.0000 0.0000 0.0000 0.0000 0.0000 0.0000 0.0000 0.0000 0.0000 0.0000 0.0000 0.0000 0.0000 0.0000 0.0000 0.0000 1.8725 1.8725 0.0000 12.7816 
u = 8.2488 8.1058 8.1058 8.1058 8.1058 8.1058 8.1058 8.1058 8.0411 8.0411 8.0411 8.0411 8.0411 8.0411 8.0411 7.9759 7.9759 7.9759 7.9759 7.9759 7.9759 7.9759 7.9184 11.0055 11.0055 11.6598 9.2150 
v = 34.3749 26.0871 26.0871 26.0871 26.0871 26.0871 26.0871 26.0871 22.9270 22.9270 22.9270 22.9270 22.9270 22.9270 22.9270 19.8931 19.8931 19.8931 19.8931 19.8931 19.8931 19.8931 17.2979 94.6154 94.6154 78.5390 26.6970 
