ExternalI = 5.5000 0.0000 0.0000 0.0000 0.0000 0.0000 0.0000 0.0000 4.0000 4.0000 4.0000 4.0000 4.0000 4.0000 4.0000 0.0000 0.0000 0.0000 0.0000 0.0000 0.0000 0.0000 0.0000 8.0000 8.0000 0.0000 0.0000 
before u = 8.2488 8.1058 8.1058 8.1058 8.1058 8.1058 8.1058 8.1058 8.0411 8.0411 8.0411 8.0411 8.0411 8.0411 8.0411 7.9759 7.9759 7.9759 7.9759 7.9759 7.9759 7.9759 7.9184 11.0055 11.0055 11.6598 9.2150 
before v = 34.3749 26.0871 26.0871 26.0871 26.0871 26.0871 26.0871 26.0871 22.9270 22.9270 22.9270 22.9270 22.9270 22.9270 22.9270 19.8931 19.8931 19.8931 19.8931 19.8931 19.8931 19.8931 17.2979 94.6154 94.6154 78.5390 26.6970 
Ibias = 9.4000 9.4000 9.4000 9.4000 9.4000 9.4000 9.4000 9.4000 2.0000 2.0000 2.0000 2.0000 2.0000 2.0000 2.0000 2.0000 2.0000 2.0000 2.0000 2.0000 2.0000 2.0000 -2.0000 16.0000 16.0000 10.0000 -11.0000 
fa1 = 0.7919 0.2544 0.2544 0.2544 0.2544 0.2544 0.2544 0.2544 0.2038 0.2038 0.2038 0.2038 0.2038 0.2038 0.2038 0.1743 0.1743 0.1743 0.1743 0.1743 0.1743 0.1743 0.1566 149.1003 149.1003 69.4583 0.9593 
fa2 = 0.7919 0.2543 0.2543 0.2543 0.2543 0.2543 0.2543 0.2543 0.2038 0.2038 0.2038 0.2038 0.2038 0.2038 0.2038 0.1743 0.1743 0.1743 0.1743 0.1743 0.1743 0.1743 0.1565 152.5281 152.5281 70.6029 0.9555 
fa3 = 0.7919 0.2543 0.2543 0.2543 0.2543 0.2543 0.2543 0.2543 0.2038 0.2038 0.2038 0.2038 0.2038 0.2038 0.2038 0.1743 0.1743 0.1743 0.1743 0.1743 0.1743 0.1743 0.1565 152.6074 152.6074 70.6218 0.9555 
fa4 = 0.7919 0.2543 0.2543 0.2543 0.2543 0.2543 0.2543 0.2543 0.2037 0.2037 0.2037 0.2037 0.2037 0.2037 0.2037 0.1743 0.1743 0.1743 0.1743 0.1743 0.1743 0.1743 0.1565 156.1648 156.1648 71.7960 0.9518 
fb1 = -0.1925 -0.2199 -0.2199 -0.2199 -0.2199 -0.2199 -0.2199 -0.2199 -0.2299 -0.2299 -0.2299 -0.2299 -0.2299 -0.2299 -0.2299 -0.2395 -0.2395 -0.2395 -0.2395 -0.2395 -0.2395 -0.2395 -0.2475 0.1584 0.1584 0.0810 -0.0775 
fb2 = -0.1924 -0.2198 -0.2198 -0.2198 -0.2198 -0.2198 -0.2198 -0.2198 -0.2299 -0.2299 -0.2299 -0.2299 -0.2299 -0.2299 -0.2299 -0.2394 -0.2394 -0.2394 -0.2394 -0.2394 -0.2394 -0.2394 -0.2475 0.1613 0.1613 0.0823 -0.0775 
fb3 = -0.1924 -0.2198 -0.2198 -0.2198 -0.2198 -0.2198 -0.2198 -0.2198 -0.2299 -0.2299 -0.2299 -0.2299 -0.2299 -0.2299 -0.2299 -0.2394 -0.2394 -0.2394 -0.2394 -0.2394 -0.2394 -0.2394 -0.2475 0.1614 0.1614 0.0824 -0.0775 
fb4 = -0.1923 -0.2198 -0.2198 -0.2198 -0.2198 -0.2198 -0.2198 -0.2198 -0.2298 -0.2298 -0.2298 -0.2298 -0.2298 -0.2298 -0.2298 -0.2394 -0.2394 -0.2394 -0.2394 -0.2394 -0.2394 -0.2394 -0.2474 0.1644 0.1644 0.0838 -0.0775 
I = 14.9000 9.4000 9.4000 9.4000 9.4000 9.4000 9.4000 9.4000 6.0000 6.0000 6.0000 6.0000 6.0000 6.0000 6.0000 2.0000 2.0000 2.0000 2.0000 2.0000 2.0000 2.0000 -2.0000 25.8688 25.8688 10.0000 1.7560 
S1 = 0.0000 0.0000 0.0000 0.0000 0.0000 0.0000 0.0000 0.0000 0.0000 0.0000 0.0000 0.0000 0.0000 0.0000 0.0000 0.0000 0.0000 0.0000 0.0000 0.0000 0.0000 0.0000 0.0000 0.0000 0.0000 0.0000 0.0000 
S2 = 0.0000 0.0000 0.0000 0.0000 0.0000 0.0000 0.0000 0.0000 0.0000 0.0000 0.0000 0.0000 0.0000 0.0000 0.0000 0.0000 0.0000 0.0000 0.0000 0.0000 0.0000 0.0000 0.0000 1.8688 1.8688 0.0000 12.7560 
u = 8.2468 8.1036 8.1036 8.1036 8.1036 8.1036 8.1036 8.1036 8.0388 8.0388 8.0388 8.0388 8.0388 8.0388 8.0388 7.9735 7.9735 7.9735 7.9735 7.9735 7.9735 7.9735 7.9159 11.0071 11.0071 11.6606 9.2142 
v = 34.3828 26.0896 26.0896 26.0896 26.0896 26.0896 26.0896 26.0896 22.9290 22.9290 22.9290 22.9290 22.9290 22.9290 22.9290 19.8948 19.8948 19.8948 19.8948 19.8948 19.8948 19.8948 17.2995 96.1413 96.1413 79.2452 26.7065 
