ExternalI = 5.5000 0.0000 0.0000 0.0000 0.0000 0.0000 0.0000 0.0000 4.0000 4.0000 4.0000 4.0000 4.0000 4.0000 4.0000 0.0000 0.0000 0.0000 0.0000 0.0000 0.0000 0.0000 0.0000 8.0000 8.0000 0.0000 0.0000 
before u = 8.2468 8.1036 8.1036 8.1036 8.1036 8.1036 8.1036 8.1036 8.0388 8.0388 8.0388 8.0388 8.0388 8.0388 8.0388 7.9735 7.9735 7.9735 7.9735 7.9735 7.9735 7.9735 7.9159 11.0071 11.0071 11.6606 9.2142 
before v = 34.3828 26.0896 26.0896 26.0896 26.0896 26.0896 26.0896 26.0896 22.9290 22.9290 22.9290 22.9290 22.9290 22.9290 22.9290 19.8948 19.8948 19.8948 19.8948 19.8948 19.8948 19.8948 17.2995 96.1413 96.1413 79.2452 26.7065 
Ibias = 9.4000 9.4000 9.4000 9.4000 9.4000 9.4000 9.4000 9.4000 2.0000 2.0000 2.0000 2.0000 2.0000 2.0000 2.0000 2.0000 2.0000 2.0000 2.0000 2.0000 2.0000 2.0000 -2.0000 16.0000 16.0000 10.0000 -11.0000 
fa1 = 0.7919 0.2543 0.2543 0.2543 0.2543 0.2543 0.2543 0.2543 0.2037 0.2037 0.2037 0.2037 0.2037 0.2037 0.2037 0.1743 0.1743 0.1743 0.1743 0.1743 0.1743 0.1743 0.1565 156.1602 156.1602 71.7958 0.9263 
fa2 = 0.7918 0.2542 0.2542 0.2542 0.2542 0.2542 0.2542 0.2542 0.2037 0.2037 0.2037 0.2037 0.2037 0.2037 0.2037 0.1742 0.1742 0.1742 0.1742 0.1742 0.1742 0.1742 0.1565 159.8468 159.8468 72.9994 0.9227 
fa3 = 0.7918 0.2542 0.2542 0.2542 0.2542 0.2542 0.2542 0.2542 0.2037 0.2037 0.2037 0.2037 0.2037 0.2037 0.2037 0.1742 0.1742 0.1742 0.1742 0.1742 0.1742 0.1742 0.1565 159.9344 159.9344 73.0197 0.9227 
fa4 = 0.7918 0.2541 0.2541 0.2541 0.2541 0.2541 0.2541 0.2541 0.2037 0.2037 0.2037 0.2037 0.2037 0.2037 0.2037 0.1742 0.1742 0.1742 0.1742 0.1742 0.1742 0.1742 0.1565 163.7639 163.7639 74.2549 0.9191 
fb1 = -0.1923 -0.2198 -0.2198 -0.2198 -0.2198 -0.2198 -0.2198 -0.2198 -0.2298 -0.2298 -0.2298 -0.2298 -0.2298 -0.2298 -0.2298 -0.2394 -0.2394 -0.2394 -0.2394 -0.2394 -0.2394 -0.2394 -0.2474 0.1644 0.1644 0.0838 -0.0775 
fb2 = -0.1923 -0.2197 -0.2197 -0.2197 -0.2197 -0.2197 -0.2197 -0.2197 -0.2298 -0.2298 -0.2298 -0.2298 -0.2298 -0.2298 -0.2298 -0.2393 -0.2393 -0.2393 -0.2393 -0.2393 -0.2393 -0.2393 -0.2474 0.1675 0.1675 0.0852 -0.0774 
fb3 = -0.1923 -0.2197 -0.2197 -0.2197 -0.2197 -0.2197 -0.2197 -0.2197 -0.2298 -0.2298 -0.2298 -0.2298 -0.2298 -0.2298 -0.2298 -0.2393 -0.2393 -0.2393 -0.2393 -0.2393 -0.2393 -0.2393 -0.2474 0.1676 0.1676 0.0852 -0.0774 
fb4 = -0.1922 -0.2197 -0.2197 -0.2197 -0.2197 -0.2197 -0.2197 -0.2197 -0.2297 -0.2297 -0.2297 -0.2297 -0.2297 -0.2297 -0.2297 -0.2393 -0.2393 -0.2393 -0.2393 -0.2393 -0.2393 -0.2393 -0.2473 0.1708 0.1708 0.0867 -0.0774 
I = 14.9000 9.4000 9.4000 9.4000 9.4000 9.4000 9.4000 9.4000 6.0000 6.0000 6.0000 6.0000 6.0000 6.0000 6.0000 2.0000 2.0000 2.0000 2.0000 2.0000 2.0000 2.0000 -2.0000 25.8651 25.8651 10.0000 1.7305 
S1 = 0.0000 0.0000 0.0000 0.0000 0.0000 0.0000 0.0000 0.0000 0.0000 0.0000 0.0000 0.0000 0.0000 0.0000 0.0000 0.0000 0.0000 0.0000 0.0000 0.0000 0.0000 0.0000 0.0000 0.0000 0.0000 0.0000 0.0000 
S2 = 0.0000 0.0000 0.0000 0.0000 0.0000 0.0000 0.0000 0.0000 0.0000 0.0000 0.0000 0.0000 0.0000 0.0000 0.0000 0.0000 0.0000 0.0000 0.0000 0.0000 0.0000 0.0000 0.0000 1.8651 1.8651 0.0000 12.7305 
u = 8.2449 8.1014 8.1014 8.1014 8.1014 8.1014 8.1014 8.1014 8.0365 8.0365 8.0365 8.0365 8.0365 8.0365 8.0365 7.9711 7.9711 7.9711 7.9711 7.9711 7.9711 7.9711 7.9134 11.0088 11.0088 11.6615 9.2134 
v = 34.3907 26.0922 26.0922 26.0922 26.0922 26.0922 26.0922 26.0922 22.9311 22.9311 22.9311 22.9311 22.9311 22.9311 22.9311 19.8965 19.8965 19.8965 19.8965 19.8965 19.8965 19.8965 17.3011 97.7405 97.7405 79.9753 26.7157 
