ExternalI = 5.5000 0.0000 0.0000 0.0000 0.0000 0.0000 0.0000 0.0000 4.0000 4.0000 4.0000 4.0000 4.0000 4.0000 4.0000 0.0000 0.0000 0.0000 0.0000 0.0000 0.0000 0.0000 0.0000 8.0000 8.0000 0.0000 0.0000 
before u = 8.2449 8.1014 8.1014 8.1014 8.1014 8.1014 8.1014 8.1014 8.0365 8.0365 8.0365 8.0365 8.0365 8.0365 8.0365 7.9711 7.9711 7.9711 7.9711 7.9711 7.9711 7.9711 7.9134 11.0088 11.0088 11.6615 9.2134 
before v = 34.3907 26.0922 26.0922 26.0922 26.0922 26.0922 26.0922 26.0922 22.9311 22.9311 22.9311 22.9311 22.9311 22.9311 22.9311 19.8965 19.8965 19.8965 19.8965 19.8965 19.8965 19.8965 17.3011 97.7405 97.7405 79.9753 26.7157 
Ibias = 9.4000 9.4000 9.4000 9.4000 9.4000 9.4000 9.4000 9.4000 2.0000 2.0000 2.0000 2.0000 2.0000 2.0000 2.0000 2.0000 2.0000 2.0000 2.0000 2.0000 2.0000 2.0000 -2.0000 16.0000 16.0000 10.0000 -11.0000 
fa1 = 0.7918 0.2541 0.2541 0.2541 0.2541 0.2541 0.2541 0.2541 0.2037 0.2037 0.2037 0.2037 0.2037 0.2037 0.2037 0.1742 0.1742 0.1742 0.1742 0.1742 0.1742 0.1742 0.1565 163.7592 163.7592 74.2547 0.8936 
fa2 = 0.7918 0.2541 0.2541 0.2541 0.2541 0.2541 0.2541 0.2541 0.2036 0.2036 0.2036 0.2036 0.2036 0.2036 0.2036 0.1742 0.1742 0.1742 0.1742 0.1742 0.1742 0.1742 0.1564 167.7311 167.7311 75.5214 0.8901 
fa3 = 0.7918 0.2541 0.2541 0.2541 0.2541 0.2541 0.2541 0.2541 0.2036 0.2036 0.2036 0.2036 0.2036 0.2036 0.2036 0.1742 0.1742 0.1742 0.1742 0.1742 0.1742 0.1742 0.1564 167.8282 167.8282 75.5431 0.8902 
fa4 = 0.7918 0.2540 0.2540 0.2540 0.2540 0.2540 0.2540 0.2540 0.2036 0.2036 0.2036 0.2036 0.2036 0.2036 0.2036 0.1741 0.1741 0.1741 0.1741 0.1741 0.1741 0.1741 0.1564 171.9582 171.9582 76.8437 0.8867 
fb1 = -0.1922 -0.2197 -0.2197 -0.2197 -0.2197 -0.2197 -0.2197 -0.2197 -0.2297 -0.2297 -0.2297 -0.2297 -0.2297 -0.2297 -0.2297 -0.2393 -0.2393 -0.2393 -0.2393 -0.2393 -0.2393 -0.2393 -0.2473 0.1708 0.1708 0.0867 -0.0774 
fb2 = -0.1922 -0.2196 -0.2196 -0.2196 -0.2196 -0.2196 -0.2196 -0.2196 -0.2297 -0.2297 -0.2297 -0.2297 -0.2297 -0.2297 -0.2297 -0.2392 -0.2392 -0.2392 -0.2392 -0.2392 -0.2392 -0.2392 -0.2473 0.1740 0.1740 0.0881 -0.0774 
fb3 = -0.1922 -0.2196 -0.2196 -0.2196 -0.2196 -0.2196 -0.2196 -0.2196 -0.2297 -0.2297 -0.2297 -0.2297 -0.2297 -0.2297 -0.2297 -0.2392 -0.2392 -0.2392 -0.2392 -0.2392 -0.2392 -0.2392 -0.2473 0.1741 0.1741 0.0882 -0.0774 
fb4 = -0.1921 -0.2196 -0.2196 -0.2196 -0.2196 -0.2196 -0.2196 -0.2196 -0.2296 -0.2296 -0.2296 -0.2296 -0.2296 -0.2296 -0.2296 -0.2392 -0.2392 -0.2392 -0.2392 -0.2392 -0.2392 -0.2392 -0.2472 0.1775 0.1775 0.0897 -0.0774 
I = 14.9000 9.4000 9.4000 9.4000 9.4000 9.4000 9.4000 9.4000 6.0000 6.0000 6.0000 6.0000 6.0000 6.0000 6.0000 2.0000 2.0000 2.0000 2.0000 2.0000 2.0000 2.0000 -2.0000 25.8613 25.8613 10.0000 1.7050 
S1 = 0.0000 0.0000 0.0000 0.0000 0.0000 0.0000 0.0000 0.0000 0.0000 0.0000 0.0000 0.0000 0.0000 0.0000 0.0000 0.0000 0.0000 0.0000 0.0000 0.0000 0.0000 0.0000 0.0000 0.0000 0.0000 0.0000 0.0000 
S2 = 0.0000 0.0000 0.0000 0.0000 0.0000 0.0000 0.0000 0.0000 0.0000 0.0000 0.0000 0.0000 0.0000 0.0000 0.0000 0.0000 0.0000 0.0000 0.0000 0.0000 0.0000 0.0000 0.0000 1.8613 1.8613 0.0000 12.7050 
u = 8.2430 8.0992 8.0992 8.0992 8.0992 8.0992 8.0992 8.0992 8.0342 8.0342 8.0342 8.0342 8.0342 8.0342 8.0342 7.9687 7.9687 7.9687 7.9687 7.9687 7.9687 7.9687 7.9109 11.0105 11.0105 11.6623 9.2127 
v = 34.3986 26.0947 26.0947 26.0947 26.0947 26.0947 26.0947 26.0947 22.9331 22.9331 22.9331 22.9331 22.9331 22.9331 22.9331 19.8983 19.8983 19.8983 19.8983 19.8983 19.8983 19.8983 17.3026 99.4185 99.4185 80.7307 26.7246 
