ExternalI = 5.5000 0.0000 0.0000 0.0000 0.0000 0.0000 0.0000 0.0000 4.0000 4.0000 4.0000 4.0000 4.0000 4.0000 4.0000 0.0000 0.0000 0.0000 0.0000 0.0000 0.0000 0.0000 0.0000 8.0000 8.0000 0.0000 0.0000 
before u = 8.2430 8.0992 8.0992 8.0992 8.0992 8.0992 8.0992 8.0992 8.0342 8.0342 8.0342 8.0342 8.0342 8.0342 8.0342 7.9687 7.9687 7.9687 7.9687 7.9687 7.9687 7.9687 7.9109 11.0105 11.0105 11.6623 9.2127 
before v = 34.3986 26.0947 26.0947 26.0947 26.0947 26.0947 26.0947 26.0947 22.9331 22.9331 22.9331 22.9331 22.9331 22.9331 22.9331 19.8983 19.8983 19.8983 19.8983 19.8983 19.8983 19.8983 17.3026 99.4185 99.4185 80.7307 26.7246 
Ibias = 9.4000 9.4000 9.4000 9.4000 9.4000 9.4000 9.4000 9.4000 2.0000 2.0000 2.0000 2.0000 2.0000 2.0000 2.0000 2.0000 2.0000 2.0000 2.0000 2.0000 2.0000 2.0000 -2.0000 16.0000 16.0000 10.0000 -11.0000 
fa1 = 0.7918 0.2540 0.2540 0.2540 0.2540 0.2540 0.2540 0.2540 0.2036 0.2036 0.2036 0.2036 0.2036 0.2036 0.2036 0.1741 0.1741 0.1741 0.1741 0.1741 0.1741 0.1741 0.1564 171.9534 171.9534 76.8435 0.8613 
fa2 = 0.7917 0.2539 0.2539 0.2539 0.2539 0.2539 0.2539 0.2539 0.2035 0.2035 0.2035 0.2035 0.2035 0.2035 0.2035 0.1741 0.1741 0.1741 0.1741 0.1741 0.1741 0.1741 0.1564 176.2409 176.2409 78.1777 0.8580 
fa3 = 0.7917 0.2539 0.2539 0.2539 0.2539 0.2539 0.2539 0.2539 0.2035 0.2035 0.2035 0.2035 0.2035 0.2035 0.2035 0.1741 0.1741 0.1741 0.1741 0.1741 0.1741 0.1741 0.1564 176.3485 176.3485 78.2010 0.8580 
fa4 = 0.7917 0.2539 0.2539 0.2539 0.2539 0.2539 0.2539 0.2539 0.2035 0.2035 0.2035 0.2035 0.2035 0.2035 0.2035 0.1741 0.1741 0.1741 0.1741 0.1741 0.1741 0.1741 0.1563 180.8113 180.8113 79.5716 0.8547 
fb1 = -0.1921 -0.2196 -0.2196 -0.2196 -0.2196 -0.2196 -0.2196 -0.2196 -0.2296 -0.2296 -0.2296 -0.2296 -0.2296 -0.2296 -0.2296 -0.2392 -0.2392 -0.2392 -0.2392 -0.2392 -0.2392 -0.2392 -0.2472 0.1775 0.1775 0.0897 -0.0774 
fb2 = -0.1921 -0.2195 -0.2195 -0.2195 -0.2195 -0.2195 -0.2195 -0.2195 -0.2296 -0.2296 -0.2296 -0.2296 -0.2296 -0.2296 -0.2296 -0.2391 -0.2391 -0.2391 -0.2391 -0.2391 -0.2391 -0.2391 -0.2472 0.1809 0.1809 0.0912 -0.0773 
fb3 = -0.1921 -0.2195 -0.2195 -0.2195 -0.2195 -0.2195 -0.2195 -0.2195 -0.2296 -0.2296 -0.2296 -0.2296 -0.2296 -0.2296 -0.2296 -0.2391 -0.2391 -0.2391 -0.2391 -0.2391 -0.2391 -0.2391 -0.2472 0.1810 0.1810 0.0912 -0.0773 
fb4 = -0.1920 -0.2195 -0.2195 -0.2195 -0.2195 -0.2195 -0.2195 -0.2195 -0.2295 -0.2295 -0.2295 -0.2295 -0.2295 -0.2295 -0.2295 -0.2391 -0.2391 -0.2391 -0.2391 -0.2391 -0.2391 -0.2391 -0.2471 0.1845 0.1845 0.0928 -0.0773 
I = 14.9000 9.4000 9.4000 9.4000 9.4000 9.4000 9.4000 9.4000 6.0000 6.0000 6.0000 6.0000 6.0000 6.0000 6.0000 2.0000 2.0000 2.0000 2.0000 2.0000 2.0000 2.0000 -2.0000 25.8576 25.8576 10.0000 1.6796 
S1 = 0.0000 0.0000 0.0000 0.0000 0.0000 0.0000 0.0000 0.0000 0.0000 0.0000 0.0000 0.0000 0.0000 0.0000 0.0000 0.0000 0.0000 0.0000 0.0000 0.0000 0.0000 0.0000 0.0000 0.0000 0.0000 0.0000 0.0000 
S2 = 0.0000 0.0000 0.0000 0.0000 0.0000 0.0000 0.0000 0.0000 0.0000 0.0000 0.0000 0.0000 0.0000 0.0000 0.0000 0.0000 0.0000 0.0000 0.0000 0.0000 0.0000 0.0000 0.0000 1.8576 1.8576 0.0000 12.6796 
u = 8.2411 8.0970 8.0970 8.0970 8.0970 8.0970 8.0970 8.0970 8.0319 8.0319 8.0319 8.0319 8.0319 8.0319 8.0319 7.9663 7.9663 7.9663 7.9663 7.9663 7.9663 7.9663 7.9085 11.0123 11.0123 11.6633 9.2119 
v = 34.4065 26.0973 26.0973 26.0973 26.0973 26.0973 26.0973 26.0973 22.9351 22.9351 22.9351 22.9351 22.9351 22.9351 22.9351 19.9000 19.9000 19.9000 19.9000 19.9000 19.9000 19.9000 17.3042 101.1818 101.1818 81.5127 26.7332 
