ExternalI = 5.5000 0.0000 0.0000 0.0000 0.0000 0.0000 0.0000 0.0000 4.0000 4.0000 4.0000 4.0000 4.0000 4.0000 4.0000 0.0000 0.0000 0.0000 0.0000 0.0000 0.0000 0.0000 0.0000 8.0000 8.0000 0.0000 0.0000 
before u = 8.2411 8.0970 8.0970 8.0970 8.0970 8.0970 8.0970 8.0970 8.0319 8.0319 8.0319 8.0319 8.0319 8.0319 8.0319 7.9663 7.9663 7.9663 7.9663 7.9663 7.9663 7.9663 7.9085 11.0123 11.0123 11.6633 9.2119 
before v = 34.4065 26.0973 26.0973 26.0973 26.0973 26.0973 26.0973 26.0973 22.9351 22.9351 22.9351 22.9351 22.9351 22.9351 22.9351 19.9000 19.9000 19.9000 19.9000 19.9000 19.9000 19.9000 17.3042 101.1818 101.1818 81.5127 26.7332 
Ibias = 9.4000 9.4000 9.4000 9.4000 9.4000 9.4000 9.4000 9.4000 2.0000 2.0000 2.0000 2.0000 2.0000 2.0000 2.0000 2.0000 2.0000 2.0000 2.0000 2.0000 2.0000 2.0000 -2.0000 16.0000 16.0000 10.0000 -11.0000 
fa1 = 0.7917 0.2539 0.2539 0.2539 0.2539 0.2539 0.2539 0.2539 0.2035 0.2035 0.2035 0.2035 0.2035 0.2035 0.2035 0.1741 0.1741 0.1741 0.1741 0.1741 0.1741 0.1741 0.1563 180.8064 180.8064 79.5714 0.8293 
fa2 = 0.7917 0.2538 0.2538 0.2538 0.2538 0.2538 0.2538 0.2538 0.2035 0.2035 0.2035 0.2035 0.2035 0.2035 0.2035 0.1740 0.1740 0.1740 0.1740 0.1740 0.1740 0.1740 0.1563 185.4438 185.4438 80.9781 0.8261 
fa3 = 0.7917 0.2538 0.2538 0.2538 0.2538 0.2538 0.2538 0.2538 0.2035 0.2035 0.2035 0.2035 0.2035 0.2035 0.2035 0.1740 0.1740 0.1740 0.1740 0.1740 0.1740 0.1740 0.1563 185.5636 185.5636 81.0031 0.8262 
fa4 = 0.7917 0.2538 0.2538 0.2538 0.2538 0.2538 0.2538 0.2538 0.2034 0.2034 0.2034 0.2034 0.2034 0.2034 0.2034 0.1740 0.1740 0.1740 0.1740 0.1740 0.1740 0.1740 0.1563 190.3958 190.3958 82.4488 0.8230 
fb1 = -0.1920 -0.2195 -0.2195 -0.2195 -0.2195 -0.2195 -0.2195 -0.2195 -0.2295 -0.2295 -0.2295 -0.2295 -0.2295 -0.2295 -0.2295 -0.2391 -0.2391 -0.2391 -0.2391 -0.2391 -0.2391 -0.2391 -0.2471 0.1845 0.1845 0.0928 -0.0773 
fb2 = -0.1920 -0.2194 -0.2194 -0.2194 -0.2194 -0.2194 -0.2194 -0.2194 -0.2295 -0.2295 -0.2295 -0.2295 -0.2295 -0.2295 -0.2295 -0.2390 -0.2390 -0.2390 -0.2390 -0.2390 -0.2390 -0.2390 -0.2471 0.1881 0.1881 0.0944 -0.0773 
fb3 = -0.1920 -0.2194 -0.2194 -0.2194 -0.2194 -0.2194 -0.2194 -0.2194 -0.2295 -0.2295 -0.2295 -0.2295 -0.2295 -0.2295 -0.2295 -0.2390 -0.2390 -0.2390 -0.2390 -0.2390 -0.2390 -0.2390 -0.2471 0.1882 0.1882 0.0944 -0.0773 
fb4 = -0.1919 -0.2194 -0.2194 -0.2194 -0.2194 -0.2194 -0.2194 -0.2194 -0.2294 -0.2294 -0.2294 -0.2294 -0.2294 -0.2294 -0.2294 -0.2389 -0.2389 -0.2389 -0.2389 -0.2389 -0.2389 -0.2389 -0.2470 0.1919 0.1919 0.0960 -0.0773 
I = 14.9000 9.4000 9.4000 9.4000 9.4000 9.4000 9.4000 9.4000 6.0000 6.0000 6.0000 6.0000 6.0000 6.0000 6.0000 2.0000 2.0000 2.0000 2.0000 2.0000 2.0000 2.0000 -2.0000 25.8539 25.8539 10.0000 1.6543 
S1 = 0.0000 0.0000 0.0000 0.0000 0.0000 0.0000 0.0000 0.0000 0.0000 0.0000 0.0000 0.0000 0.0000 0.0000 0.0000 0.0000 0.0000 0.0000 0.0000 0.0000 0.0000 0.0000 0.0000 0.0000 0.0000 0.0000 0.0000 
S2 = 0.0000 0.0000 0.0000 0.0000 0.0000 0.0000 0.0000 0.0000 0.0000 0.0000 0.0000 0.0000 0.0000 0.0000 0.0000 0.0000 0.0000 0.0000 0.0000 0.0000 0.0000 0.0000 0.0000 1.8539 1.8539 0.0000 12.6543 
u = 8.2391 8.0948 8.0948 8.0948 8.0948 8.0948 8.0948 8.0948 8.0296 8.0296 8.0296 8.0296 8.0296 8.0296 8.0296 7.9639 7.9639 7.9639 7.9639 7.9639 7.9639 7.9639 7.9060 11.0142 11.0142 11.6642 9.2111 
v = 34.4144 26.0998 26.0998 26.0998 26.0998 26.0998 26.0998 26.0998 22.9372 22.9372 22.9372 22.9372 22.9372 22.9372 22.9372 19.9018 19.9018 19.9018 19.9018 19.9018 19.9018 19.9018 17.3058 103.0371 103.0371 82.3226 26.7415 
