ExternalI = 5.5000 0.0000 0.0000 0.0000 0.0000 0.0000 0.0000 0.0000 4.0000 4.0000 4.0000 4.0000 4.0000 4.0000 4.0000 0.0000 0.0000 0.0000 0.0000 0.0000 0.0000 0.0000 0.0000 8.0000 8.0000 0.0000 0.0000 
before u = 8.2391 8.0948 8.0948 8.0948 8.0948 8.0948 8.0948 8.0948 8.0296 8.0296 8.0296 8.0296 8.0296 8.0296 8.0296 7.9639 7.9639 7.9639 7.9639 7.9639 7.9639 7.9639 7.9060 11.0142 11.0142 11.6642 9.2111 
before v = 34.4144 26.0998 26.0998 26.0998 26.0998 26.0998 26.0998 26.0998 22.9372 22.9372 22.9372 22.9372 22.9372 22.9372 22.9372 19.9018 19.9018 19.9018 19.9018 19.9018 19.9018 19.9018 17.3058 103.0371 103.0371 82.3226 26.7415 
Ibias = 9.4000 9.4000 9.4000 9.4000 9.4000 9.4000 9.4000 9.4000 2.0000 2.0000 2.0000 2.0000 2.0000 2.0000 2.0000 2.0000 2.0000 2.0000 2.0000 2.0000 2.0000 2.0000 -2.0000 16.0000 16.0000 10.0000 -11.0000 
fa1 = 0.7917 0.2538 0.2538 0.2538 0.2538 0.2538 0.2538 0.2538 0.2034 0.2034 0.2034 0.2034 0.2034 0.2034 0.2034 0.1740 0.1740 0.1740 0.1740 0.1740 0.1740 0.1740 0.1563 190.3907 190.3907 82.4486 0.7977 
fa2 = 0.7917 0.2537 0.2537 0.2537 0.2537 0.2537 0.2537 0.2537 0.2034 0.2034 0.2034 0.2034 0.2034 0.2034 0.2034 0.1740 0.1740 0.1740 0.1740 0.1740 0.1740 0.1740 0.1563 195.4170 195.4170 83.9331 0.7946 
fa3 = 0.7917 0.2537 0.2537 0.2537 0.2537 0.2537 0.2537 0.2537 0.2034 0.2034 0.2034 0.2034 0.2034 0.2034 0.2034 0.1740 0.1740 0.1740 0.1740 0.1740 0.1740 0.1740 0.1563 195.5507 195.5507 83.9600 0.7946 
fa4 = 0.7916 0.2536 0.2536 0.2536 0.2536 0.2536 0.2536 0.2536 0.2034 0.2034 0.2034 0.2034 0.2034 0.2034 0.2034 0.1740 0.1740 0.1740 0.1740 0.1740 0.1740 0.1740 0.1562 200.7944 200.7944 85.4865 0.7916 
fb1 = -0.1919 -0.2194 -0.2194 -0.2194 -0.2194 -0.2194 -0.2194 -0.2194 -0.2294 -0.2294 -0.2294 -0.2294 -0.2294 -0.2294 -0.2294 -0.2389 -0.2389 -0.2389 -0.2389 -0.2389 -0.2389 -0.2389 -0.2470 0.1919 0.1919 0.0960 -0.0773 
fb2 = -0.1919 -0.2193 -0.2193 -0.2193 -0.2193 -0.2193 -0.2193 -0.2193 -0.2294 -0.2294 -0.2294 -0.2294 -0.2294 -0.2294 -0.2294 -0.2389 -0.2389 -0.2389 -0.2389 -0.2389 -0.2389 -0.2389 -0.2470 0.1957 0.1957 0.0976 -0.0772 
fb3 = -0.1919 -0.2193 -0.2193 -0.2193 -0.2193 -0.2193 -0.2193 -0.2193 -0.2294 -0.2294 -0.2294 -0.2294 -0.2294 -0.2294 -0.2294 -0.2389 -0.2389 -0.2389 -0.2389 -0.2389 -0.2389 -0.2389 -0.2470 0.1958 0.1958 0.0977 -0.0772 
fb4 = -0.1918 -0.2193 -0.2193 -0.2193 -0.2193 -0.2193 -0.2193 -0.2193 -0.2293 -0.2293 -0.2293 -0.2293 -0.2293 -0.2293 -0.2293 -0.2388 -0.2388 -0.2388 -0.2388 -0.2388 -0.2388 -0.2388 -0.2469 0.1996 0.1996 0.0993 -0.0772 
I = 14.9000 9.4000 9.4000 9.4000 9.4000 9.4000 9.4000 9.4000 6.0000 6.0000 6.0000 6.0000 6.0000 6.0000 6.0000 2.0000 2.0000 2.0000 2.0000 2.0000 2.0000 2.0000 -2.0000 25.8502 25.8502 10.0000 1.6290 
S1 = 0.0000 0.0000 0.0000 0.0000 0.0000 0.0000 0.0000 0.0000 0.0000 0.0000 0.0000 0.0000 0.0000 0.0000 0.0000 0.0000 0.0000 0.0000 0.0000 0.0000 0.0000 0.0000 0.0000 0.0000 0.0000 0.0000 0.0000 
S2 = 0.0000 0.0000 0.0000 0.0000 0.0000 0.0000 0.0000 0.0000 0.0000 0.0000 0.0000 0.0000 0.0000 0.0000 0.0000 0.0000 0.0000 0.0000 0.0000 0.0000 0.0000 0.0000 0.0000 1.8502 1.8502 0.0000 12.6290 
u = 8.2372 8.0926 8.0926 8.0926 8.0926 8.0926 8.0926 8.0926 8.0273 8.0273 8.0273 8.0273 8.0273 8.0273 8.0273 7.9615 7.9615 7.9615 7.9615 7.9615 7.9615 7.9615 7.9035 11.0161 11.0161 11.6652 9.2103 
v = 34.4224 26.1023 26.1023 26.1023 26.1023 26.1023 26.1023 26.1023 22.9392 22.9392 22.9392 22.9392 22.9392 22.9392 22.9392 19.9035 19.9035 19.9035 19.9035 19.9035 19.9035 19.9035 17.3073 104.9923 104.9923 83.1622 26.7494 
