ExternalI = 5.5000 0.0000 0.0000 0.0000 0.0000 0.0000 0.0000 0.0000 4.0000 4.0000 4.0000 4.0000 4.0000 4.0000 4.0000 0.0000 0.0000 0.0000 0.0000 0.0000 0.0000 0.0000 0.0000 8.0000 8.0000 0.0000 0.0000 
before u = 8.2372 8.0926 8.0926 8.0926 8.0926 8.0926 8.0926 8.0926 8.0273 8.0273 8.0273 8.0273 8.0273 8.0273 8.0273 7.9615 7.9615 7.9615 7.9615 7.9615 7.9615 7.9615 7.9035 11.0161 11.0161 11.6652 9.2103 
before v = 34.4224 26.1023 26.1023 26.1023 26.1023 26.1023 26.1023 26.1023 22.9392 22.9392 22.9392 22.9392 22.9392 22.9392 22.9392 19.9035 19.9035 19.9035 19.9035 19.9035 19.9035 19.9035 17.3073 104.9923 104.9923 83.1622 26.7494 
Ibias = 9.4000 9.4000 9.4000 9.4000 9.4000 9.4000 9.4000 9.4000 2.0000 2.0000 2.0000 2.0000 2.0000 2.0000 2.0000 2.0000 2.0000 2.0000 2.0000 2.0000 2.0000 2.0000 -2.0000 16.0000 16.0000 10.0000 -11.0000 
fa1 = 0.7916 0.2536 0.2536 0.2536 0.2536 0.2536 0.2536 0.2536 0.2034 0.2034 0.2034 0.2034 0.2034 0.2034 0.2034 0.1740 0.1740 0.1740 0.1740 0.1740 0.1740 0.1740 0.1562 200.7890 200.7890 85.4862 0.7664 
fa2 = 0.7916 0.2536 0.2536 0.2536 0.2536 0.2536 0.2536 0.2536 0.2033 0.2033 0.2033 0.2033 0.2033 0.2033 0.2033 0.1739 0.1739 0.1739 0.1739 0.1739 0.1739 0.1739 0.1562 206.2490 206.2490 87.0544 0.7634 
fa3 = 0.7916 0.2536 0.2536 0.2536 0.2536 0.2536 0.2536 0.2536 0.2033 0.2033 0.2033 0.2033 0.2033 0.2033 0.2033 0.1739 0.1739 0.1739 0.1739 0.1739 0.1739 0.1739 0.1562 206.3986 206.3986 87.0833 0.7635 
fa4 = 0.7916 0.2535 0.2535 0.2535 0.2535 0.2535 0.2535 0.2535 0.2033 0.2033 0.2033 0.2033 0.2033 0.2033 0.2033 0.1739 0.1739 0.1739 0.1739 0.1739 0.1739 0.1739 0.1562 212.1016 212.1016 88.6967 0.7606 
fb1 = -0.1918 -0.2193 -0.2193 -0.2193 -0.2193 -0.2193 -0.2193 -0.2193 -0.2293 -0.2293 -0.2293 -0.2293 -0.2293 -0.2293 -0.2293 -0.2388 -0.2388 -0.2388 -0.2388 -0.2388 -0.2388 -0.2388 -0.2469 0.1996 0.1996 0.0993 -0.0772 
fb2 = -0.1917 -0.2192 -0.2192 -0.2192 -0.2192 -0.2192 -0.2192 -0.2192 -0.2293 -0.2293 -0.2293 -0.2293 -0.2293 -0.2293 -0.2293 -0.2388 -0.2388 -0.2388 -0.2388 -0.2388 -0.2388 -0.2388 -0.2469 0.2036 0.2036 0.1010 -0.0772 
fb3 = -0.1917 -0.2192 -0.2192 -0.2192 -0.2192 -0.2192 -0.2192 -0.2192 -0.2293 -0.2293 -0.2293 -0.2293 -0.2293 -0.2293 -0.2293 -0.2388 -0.2388 -0.2388 -0.2388 -0.2388 -0.2388 -0.2388 -0.2469 0.2038 0.2038 0.1011 -0.0772 
fb4 = -0.1917 -0.2192 -0.2192 -0.2192 -0.2192 -0.2192 -0.2192 -0.2192 -0.2292 -0.2292 -0.2292 -0.2292 -0.2292 -0.2292 -0.2292 -0.2387 -0.2387 -0.2387 -0.2387 -0.2387 -0.2387 -0.2387 -0.2468 0.2079 0.2079 0.1028 -0.0772 
I = 14.9000 9.4000 9.4000 9.4000 9.4000 9.4000 9.4000 9.4000 6.0000 6.0000 6.0000 6.0000 6.0000 6.0000 6.0000 2.0000 2.0000 2.0000 2.0000 2.0000 2.0000 2.0000 -2.0000 25.8465 25.8465 10.0000 1.6037 
S1 = 0.0000 0.0000 0.0000 0.0000 0.0000 0.0000 0.0000 0.0000 0.0000 0.0000 0.0000 0.0000 0.0000 0.0000 0.0000 0.0000 0.0000 0.0000 0.0000 0.0000 0.0000 0.0000 0.0000 0.0000 0.0000 0.0000 0.0000 
S2 = 0.0000 0.0000 0.0000 0.0000 0.0000 0.0000 0.0000 0.0000 0.0000 0.0000 0.0000 0.0000 0.0000 0.0000 0.0000 0.0000 0.0000 0.0000 0.0000 0.0000 0.0000 0.0000 0.0000 1.8465 1.8465 0.0000 12.6037 
u = 8.2353 8.0904 8.0904 8.0904 8.0904 8.0904 8.0904 8.0904 8.0250 8.0250 8.0250 8.0250 8.0250 8.0250 8.0250 7.9591 7.9591 7.9591 7.9591 7.9591 7.9591 7.9591 7.9010 11.0182 11.0182 11.6662 9.2096 
v = 34.4303 26.1049 26.1049 26.1049 26.1049 26.1049 26.1049 26.1049 22.9412 22.9412 22.9412 22.9412 22.9412 22.9412 22.9412 19.9052 19.9052 19.9052 19.9052 19.9052 19.9052 19.9052 17.3089 107.0560 107.0560 84.0329 26.7571 
