ExternalI = 5.5000 0.0000 0.0000 0.0000 0.0000 0.0000 0.0000 0.0000 4.0000 4.0000 4.0000 4.0000 4.0000 4.0000 4.0000 0.0000 0.0000 0.0000 0.0000 0.0000 0.0000 0.0000 0.0000 8.0000 8.0000 0.0000 0.0000 
before u = 8.2353 8.0904 8.0904 8.0904 8.0904 8.0904 8.0904 8.0904 8.0250 8.0250 8.0250 8.0250 8.0250 8.0250 8.0250 7.9591 7.9591 7.9591 7.9591 7.9591 7.9591 7.9591 7.9010 11.0182 11.0182 11.6662 9.2096 
before v = 34.4303 26.1049 26.1049 26.1049 26.1049 26.1049 26.1049 26.1049 22.9412 22.9412 22.9412 22.9412 22.9412 22.9412 22.9412 19.9052 19.9052 19.9052 19.9052 19.9052 19.9052 19.9052 17.3089 107.0560 107.0560 84.0329 26.7571 
Ibias = 9.4000 9.4000 9.4000 9.4000 9.4000 9.4000 9.4000 9.4000 2.0000 2.0000 2.0000 2.0000 2.0000 2.0000 2.0000 2.0000 2.0000 2.0000 2.0000 2.0000 2.0000 2.0000 -2.0000 16.0000 16.0000 10.0000 -11.0000 
fa1 = 0.7916 0.2535 0.2535 0.2535 0.2535 0.2535 0.2535 0.2535 0.2033 0.2033 0.2033 0.2033 0.2033 0.2033 0.2033 0.1739 0.1739 0.1739 0.1739 0.1739 0.1739 0.1739 0.1562 212.0960 212.0960 88.6964 0.7354 
fa2 = 0.7916 0.2535 0.2535 0.2535 0.2535 0.2535 0.2535 0.2535 0.2032 0.2032 0.2032 0.2032 0.2032 0.2032 0.2032 0.1739 0.1739 0.1739 0.1739 0.1739 0.1739 0.1739 0.1562 218.0410 218.0410 90.3547 0.7326 
fa3 = 0.7916 0.2535 0.2535 0.2535 0.2535 0.2535 0.2535 0.2535 0.2032 0.2032 0.2032 0.2032 0.2032 0.2032 0.2032 0.1739 0.1739 0.1739 0.1739 0.1739 0.1739 0.1739 0.1562 218.2089 218.2089 90.3859 0.7326 
fa4 = 0.7916 0.2534 0.2534 0.2534 0.2534 0.2534 0.2534 0.2534 0.2032 0.2032 0.2032 0.2032 0.2032 0.2032 0.2032 0.1738 0.1738 0.1738 0.1738 0.1738 0.1738 0.1738 0.1561 224.4266 224.4266 92.0928 0.7298 
fb1 = -0.1917 -0.2192 -0.2192 -0.2192 -0.2192 -0.2192 -0.2192 -0.2192 -0.2292 -0.2292 -0.2292 -0.2292 -0.2292 -0.2292 -0.2292 -0.2387 -0.2387 -0.2387 -0.2387 -0.2387 -0.2387 -0.2387 -0.2468 0.2079 0.2079 0.1028 -0.0772 
fb2 = -0.1916 -0.2191 -0.2191 -0.2191 -0.2191 -0.2191 -0.2191 -0.2191 -0.2292 -0.2292 -0.2292 -0.2292 -0.2292 -0.2292 -0.2292 -0.2387 -0.2387 -0.2387 -0.2387 -0.2387 -0.2387 -0.2387 -0.2468 0.2121 0.2121 0.1046 -0.0771 
fb3 = -0.1916 -0.2191 -0.2191 -0.2191 -0.2191 -0.2191 -0.2191 -0.2191 -0.2292 -0.2292 -0.2292 -0.2292 -0.2292 -0.2292 -0.2292 -0.2387 -0.2387 -0.2387 -0.2387 -0.2387 -0.2387 -0.2387 -0.2468 0.2122 0.2122 0.1046 -0.0771 
fb4 = -0.1916 -0.2191 -0.2191 -0.2191 -0.2191 -0.2191 -0.2191 -0.2191 -0.2291 -0.2291 -0.2291 -0.2291 -0.2291 -0.2291 -0.2291 -0.2386 -0.2386 -0.2386 -0.2386 -0.2386 -0.2386 -0.2386 -0.2467 0.2165 0.2165 0.1064 -0.0771 
I = 14.9000 9.4000 9.4000 9.4000 9.4000 9.4000 9.4000 9.4000 6.0000 6.0000 6.0000 6.0000 6.0000 6.0000 6.0000 2.0000 2.0000 2.0000 2.0000 2.0000 2.0000 2.0000 -2.0000 25.8428 25.8428 10.0000 1.5785 
S1 = 0.0000 0.0000 0.0000 0.0000 0.0000 0.0000 0.0000 0.0000 0.0000 0.0000 0.0000 0.0000 0.0000 0.0000 0.0000 0.0000 0.0000 0.0000 0.0000 0.0000 0.0000 0.0000 0.0000 0.0000 0.0000 0.0000 0.0000 
S2 = 0.0000 0.0000 0.0000 0.0000 0.0000 0.0000 0.0000 0.0000 0.0000 0.0000 0.0000 0.0000 0.0000 0.0000 0.0000 0.0000 0.0000 0.0000 0.0000 0.0000 0.0000 0.0000 0.0000 1.8428 1.8428 0.0000 12.5785 
u = 8.2334 8.0882 8.0882 8.0882 8.0882 8.0882 8.0882 8.0882 8.0227 8.0227 8.0227 8.0227 8.0227 8.0227 8.0227 7.9567 7.9567 7.9567 7.9567 7.9567 7.9567 7.9567 7.8986 11.0203 11.0203 11.6672 9.2088 
v = 34.4382 26.1074 26.1074 26.1074 26.1074 26.1074 26.1074 26.1074 22.9433 22.9433 22.9433 22.9433 22.9433 22.9433 22.9433 19.9070 19.9070 19.9070 19.9070 19.9070 19.9070 19.9070 17.3105 109.2377 109.2377 84.9367 26.7644 
