ExternalI = 5.5000 0.0000 0.0000 0.0000 0.0000 0.0000 0.0000 0.0000 4.0000 4.0000 4.0000 4.0000 4.0000 4.0000 4.0000 0.0000 0.0000 0.0000 0.0000 0.0000 0.0000 0.0000 0.0000 8.0000 8.0000 0.0000 0.0000 
before u = 8.2334 8.0882 8.0882 8.0882 8.0882 8.0882 8.0882 8.0882 8.0227 8.0227 8.0227 8.0227 8.0227 8.0227 8.0227 7.9567 7.9567 7.9567 7.9567 7.9567 7.9567 7.9567 7.8986 11.0203 11.0203 11.6672 9.2088 
before v = 34.4382 26.1074 26.1074 26.1074 26.1074 26.1074 26.1074 26.1074 22.9433 22.9433 22.9433 22.9433 22.9433 22.9433 22.9433 19.9070 19.9070 19.9070 19.9070 19.9070 19.9070 19.9070 17.3105 109.2377 109.2377 84.9367 26.7644 
Ibias = 9.4000 9.4000 9.4000 9.4000 9.4000 9.4000 9.4000 9.4000 2.0000 2.0000 2.0000 2.0000 2.0000 2.0000 2.0000 2.0000 2.0000 2.0000 2.0000 2.0000 2.0000 2.0000 -2.0000 16.0000 16.0000 10.0000 -11.0000 
fa1 = 0.7916 0.2534 0.2534 0.2534 0.2534 0.2534 0.2534 0.2534 0.2032 0.2032 0.2032 0.2032 0.2032 0.2032 0.2032 0.1738 0.1738 0.1738 0.1738 0.1738 0.1738 0.1738 0.1561 224.4207 224.4207 92.0925 0.7047 
fa2 = 0.7916 0.2533 0.2533 0.2533 0.2533 0.2533 0.2533 0.2533 0.2032 0.2032 0.2032 0.2032 0.2032 0.2032 0.2032 0.1738 0.1738 0.1738 0.1738 0.1738 0.1738 0.1738 0.1561 230.9097 230.9097 93.8479 0.7020 
fa3 = 0.7916 0.2533 0.2533 0.2533 0.2533 0.2533 0.2533 0.2533 0.2032 0.2032 0.2032 0.2032 0.2032 0.2032 0.2032 0.1738 0.1738 0.1738 0.1738 0.1738 0.1738 0.1738 0.1561 231.0989 231.0989 93.8815 0.7020 
fa4 = 0.7916 0.2533 0.2533 0.2533 0.2533 0.2533 0.2533 0.2533 0.2031 0.2031 0.2031 0.2031 0.2031 0.2031 0.2031 0.1738 0.1738 0.1738 0.1738 0.1738 0.1738 0.1738 0.1561 237.8949 237.8949 95.6894 0.6994 
fb1 = -0.1916 -0.2191 -0.2191 -0.2191 -0.2191 -0.2191 -0.2191 -0.2191 -0.2291 -0.2291 -0.2291 -0.2291 -0.2291 -0.2291 -0.2291 -0.2386 -0.2386 -0.2386 -0.2386 -0.2386 -0.2386 -0.2386 -0.2467 0.2165 0.2165 0.1064 -0.0771 
fb2 = -0.1915 -0.2191 -0.2191 -0.2191 -0.2191 -0.2191 -0.2191 -0.2191 -0.2291 -0.2291 -0.2291 -0.2291 -0.2291 -0.2291 -0.2291 -0.2386 -0.2386 -0.2386 -0.2386 -0.2386 -0.2386 -0.2386 -0.2466 0.2210 0.2210 0.1082 -0.0771 
fb3 = -0.1915 -0.2191 -0.2191 -0.2191 -0.2191 -0.2191 -0.2191 -0.2191 -0.2291 -0.2291 -0.2291 -0.2291 -0.2291 -0.2291 -0.2291 -0.2386 -0.2386 -0.2386 -0.2386 -0.2386 -0.2386 -0.2386 -0.2466 0.2211 0.2211 0.1083 -0.0771 
fb4 = -0.1915 -0.2190 -0.2190 -0.2190 -0.2190 -0.2190 -0.2190 -0.2190 -0.2290 -0.2290 -0.2290 -0.2290 -0.2290 -0.2290 -0.2290 -0.2385 -0.2385 -0.2385 -0.2385 -0.2385 -0.2385 -0.2385 -0.2466 0.2257 0.2257 0.1101 -0.0771 
I = 14.9000 9.4000 9.4000 9.4000 9.4000 9.4000 9.4000 9.4000 6.0000 6.0000 6.0000 6.0000 6.0000 6.0000 6.0000 2.0000 2.0000 2.0000 2.0000 2.0000 2.0000 2.0000 -2.0000 25.8391 25.8391 10.0000 1.5533 
S1 = 0.0000 0.0000 0.0000 0.0000 0.0000 0.0000 0.0000 0.0000 0.0000 0.0000 0.0000 0.0000 0.0000 0.0000 0.0000 0.0000 0.0000 0.0000 0.0000 0.0000 0.0000 0.0000 0.0000 0.0000 0.0000 0.0000 0.0000 
S2 = 0.0000 0.0000 0.0000 0.0000 0.0000 0.0000 0.0000 0.0000 0.0000 0.0000 0.0000 0.0000 0.0000 0.0000 0.0000 0.0000 0.0000 0.0000 0.0000 0.0000 0.0000 0.0000 0.0000 1.8391 1.8391 0.0000 12.5533 
u = 8.2315 8.0861 8.0861 8.0861 8.0861 8.0861 8.0861 8.0861 8.0204 8.0204 8.0204 8.0204 8.0204 8.0204 8.0204 7.9543 7.9543 7.9543 7.9543 7.9543 7.9543 7.9543 7.8961 11.0225 11.0225 11.6683 9.2080 
v = 34.4461 26.1099 26.1099 26.1099 26.1099 26.1099 26.1099 26.1099 22.9453 22.9453 22.9453 22.9453 22.9453 22.9453 22.9453 19.9087 19.9087 19.9087 19.9087 19.9087 19.9087 19.9087 17.3120 111.5482 111.5482 85.8755 26.7714 
