ExternalI = 5.5000 0.0000 0.0000 0.0000 0.0000 0.0000 0.0000 0.0000 4.0000 4.0000 4.0000 4.0000 4.0000 4.0000 4.0000 0.0000 0.0000 0.0000 0.0000 0.0000 0.0000 0.0000 0.0000 8.0000 8.0000 0.0000 0.0000 
before u = 8.2315 8.0861 8.0861 8.0861 8.0861 8.0861 8.0861 8.0861 8.0204 8.0204 8.0204 8.0204 8.0204 8.0204 8.0204 7.9543 7.9543 7.9543 7.9543 7.9543 7.9543 7.9543 7.8961 11.0225 11.0225 11.6683 9.2080 
before v = 34.4461 26.1099 26.1099 26.1099 26.1099 26.1099 26.1099 26.1099 22.9453 22.9453 22.9453 22.9453 22.9453 22.9453 22.9453 19.9087 19.9087 19.9087 19.9087 19.9087 19.9087 19.9087 17.3120 111.5482 111.5482 85.8755 26.7714 
Ibias = 9.4000 9.4000 9.4000 9.4000 9.4000 9.4000 9.4000 9.4000 2.0000 2.0000 2.0000 2.0000 2.0000 2.0000 2.0000 2.0000 2.0000 2.0000 2.0000 2.0000 2.0000 2.0000 -2.0000 16.0000 16.0000 10.0000 -11.0000 
fa1 = 0.7916 0.2533 0.2533 0.2533 0.2533 0.2533 0.2533 0.2533 0.2031 0.2031 0.2031 0.2031 0.2031 0.2031 0.2031 0.1738 0.1738 0.1738 0.1738 0.1738 0.1738 0.1738 0.1561 237.8886 237.8886 95.6891 0.6743 
fa2 = 0.7916 0.2532 0.2532 0.2532 0.2532 0.2532 0.2532 0.2532 0.2031 0.2031 0.2031 0.2031 0.2031 0.2031 0.2031 0.1737 0.1737 0.1737 0.1737 0.1737 0.1737 0.1737 0.1560 244.9902 244.9902 97.5493 0.6718 
fa3 = 0.7916 0.2532 0.2532 0.2532 0.2532 0.2532 0.2532 0.2532 0.2031 0.2031 0.2031 0.2031 0.2031 0.2031 0.2031 0.1737 0.1737 0.1737 0.1737 0.1737 0.1737 0.1737 0.1560 245.2039 245.2039 97.5857 0.6718 
fa4 = 0.7916 0.2532 0.2532 0.2532 0.2532 0.2532 0.2532 0.2532 0.2031 0.2031 0.2031 0.2031 0.2031 0.2031 0.2031 0.1737 0.1737 0.1737 0.1737 0.1737 0.1737 0.1737 0.1560 252.6524 252.6524 99.5027 0.6693 
fb1 = -0.1915 -0.2190 -0.2190 -0.2190 -0.2190 -0.2190 -0.2190 -0.2190 -0.2290 -0.2290 -0.2290 -0.2290 -0.2290 -0.2290 -0.2290 -0.2385 -0.2385 -0.2385 -0.2385 -0.2385 -0.2385 -0.2385 -0.2466 0.2257 0.2257 0.1101 -0.0771 
fb2 = -0.1914 -0.2190 -0.2190 -0.2190 -0.2190 -0.2190 -0.2190 -0.2190 -0.2290 -0.2290 -0.2290 -0.2290 -0.2290 -0.2290 -0.2290 -0.2385 -0.2385 -0.2385 -0.2385 -0.2385 -0.2385 -0.2385 -0.2465 0.2305 0.2305 0.1120 -0.0771 
fb3 = -0.1914 -0.2190 -0.2190 -0.2190 -0.2190 -0.2190 -0.2190 -0.2190 -0.2290 -0.2290 -0.2290 -0.2290 -0.2290 -0.2290 -0.2290 -0.2385 -0.2385 -0.2385 -0.2385 -0.2385 -0.2385 -0.2385 -0.2465 0.2306 0.2306 0.1121 -0.0771 
fb4 = -0.1914 -0.2189 -0.2189 -0.2189 -0.2189 -0.2189 -0.2189 -0.2189 -0.2289 -0.2289 -0.2289 -0.2289 -0.2289 -0.2289 -0.2289 -0.2384 -0.2384 -0.2384 -0.2384 -0.2384 -0.2384 -0.2384 -0.2465 0.2355 0.2355 0.1140 -0.0770 
I = 14.9000 9.4000 9.4000 9.4000 9.4000 9.4000 9.4000 9.4000 6.0000 6.0000 6.0000 6.0000 6.0000 6.0000 6.0000 2.0000 2.0000 2.0000 2.0000 2.0000 2.0000 2.0000 -2.0000 25.8354 25.8354 10.0000 1.5282 
S1 = 0.0000 0.0000 0.0000 0.0000 0.0000 0.0000 0.0000 0.0000 0.0000 0.0000 0.0000 0.0000 0.0000 0.0000 0.0000 0.0000 0.0000 0.0000 0.0000 0.0000 0.0000 0.0000 0.0000 0.0000 0.0000 0.0000 0.0000 
S2 = 0.0000 0.0000 0.0000 0.0000 0.0000 0.0000 0.0000 0.0000 0.0000 0.0000 0.0000 0.0000 0.0000 0.0000 0.0000 0.0000 0.0000 0.0000 0.0000 0.0000 0.0000 0.0000 0.0000 1.8354 1.8354 0.0000 12.5282 
u = 8.2296 8.0839 8.0839 8.0839 8.0839 8.0839 8.0839 8.0839 8.0181 8.0181 8.0181 8.0181 8.0181 8.0181 8.0181 7.9520 7.9520 7.9520 7.9520 7.9520 7.9520 7.9520 7.8937 11.0248 11.0248 11.6694 9.2073 
v = 34.4540 26.1125 26.1125 26.1125 26.1125 26.1125 26.1125 26.1125 22.9473 22.9473 22.9473 22.9473 22.9473 22.9473 22.9473 19.9105 19.9105 19.9105 19.9105 19.9105 19.9105 19.9105 17.3136 113.9998 113.9998 86.8512 26.7781 
