ExternalI = 5.5000 0.0000 0.0000 0.0000 0.0000 0.0000 0.0000 0.0000 4.0000 4.0000 4.0000 4.0000 4.0000 4.0000 4.0000 0.0000 0.0000 0.0000 0.0000 0.0000 0.0000 0.0000 0.0000 8.0000 8.0000 0.0000 0.0000 
before u = 8.2296 8.0839 8.0839 8.0839 8.0839 8.0839 8.0839 8.0839 8.0181 8.0181 8.0181 8.0181 8.0181 8.0181 8.0181 7.9520 7.9520 7.9520 7.9520 7.9520 7.9520 7.9520 7.8937 11.0248 11.0248 11.6694 9.2073 
before v = 34.4540 26.1125 26.1125 26.1125 26.1125 26.1125 26.1125 26.1125 22.9473 22.9473 22.9473 22.9473 22.9473 22.9473 22.9473 19.9105 19.9105 19.9105 19.9105 19.9105 19.9105 19.9105 17.3136 113.9998 113.9998 86.8512 26.7781 
Ibias = 9.4000 9.4000 9.4000 9.4000 9.4000 9.4000 9.4000 9.4000 2.0000 2.0000 2.0000 2.0000 2.0000 2.0000 2.0000 2.0000 2.0000 2.0000 2.0000 2.0000 2.0000 2.0000 -2.0000 16.0000 16.0000 10.0000 -11.0000 
fa1 = 0.7916 0.2532 0.2532 0.2532 0.2532 0.2532 0.2532 0.2532 0.2031 0.2031 0.2031 0.2031 0.2031 0.2031 0.2031 0.1737 0.1737 0.1737 0.1737 0.1737 0.1737 0.1737 0.1560 252.6457 252.6457 99.5023 0.6443 
fa2 = 0.7915 0.2531 0.2531 0.2531 0.2531 0.2531 0.2531 0.2531 0.2030 0.2030 0.2030 0.2030 0.2030 0.2030 0.2030 0.1737 0.1737 0.1737 0.1737 0.1737 0.1737 0.1737 0.1560 260.4393 260.4393 101.4759 0.6419 
fa3 = 0.7915 0.2531 0.2531 0.2531 0.2531 0.2531 0.2531 0.2531 0.2030 0.2030 0.2030 0.2030 0.2030 0.2030 0.2030 0.1737 0.1737 0.1737 0.1737 0.1737 0.1737 0.1737 0.1560 260.6817 260.6817 101.5152 0.6419 
fa4 = 0.7915 0.2531 0.2531 0.2531 0.2531 0.2531 0.2531 0.2531 0.2030 0.2030 0.2030 0.2030 0.2030 0.2030 0.2030 0.1737 0.1737 0.1737 0.1737 0.1737 0.1737 0.1737 0.1560 268.8688 268.8688 103.5503 0.6395 
fb1 = -0.1914 -0.2189 -0.2189 -0.2189 -0.2189 -0.2189 -0.2189 -0.2189 -0.2289 -0.2289 -0.2289 -0.2289 -0.2289 -0.2289 -0.2289 -0.2384 -0.2384 -0.2384 -0.2384 -0.2384 -0.2384 -0.2384 -0.2465 0.2355 0.2355 0.1140 -0.0770 
fb2 = -0.1913 -0.2189 -0.2189 -0.2189 -0.2189 -0.2189 -0.2189 -0.2189 -0.2289 -0.2289 -0.2289 -0.2289 -0.2289 -0.2289 -0.2289 -0.2384 -0.2384 -0.2384 -0.2384 -0.2384 -0.2384 -0.2384 -0.2464 0.2405 0.2405 0.1160 -0.0770 
fb3 = -0.1913 -0.2189 -0.2189 -0.2189 -0.2189 -0.2189 -0.2189 -0.2189 -0.2289 -0.2289 -0.2289 -0.2289 -0.2289 -0.2289 -0.2289 -0.2384 -0.2384 -0.2384 -0.2384 -0.2384 -0.2384 -0.2384 -0.2464 0.2407 0.2407 0.1160 -0.0770 
fb4 = -0.1913 -0.2188 -0.2188 -0.2188 -0.2188 -0.2188 -0.2188 -0.2188 -0.2288 -0.2288 -0.2288 -0.2288 -0.2288 -0.2288 -0.2288 -0.2383 -0.2383 -0.2383 -0.2383 -0.2383 -0.2383 -0.2383 -0.2464 0.2459 0.2459 0.1181 -0.0770 
I = 14.9000 9.4000 9.4000 9.4000 9.4000 9.4000 9.4000 9.4000 6.0000 6.0000 6.0000 6.0000 6.0000 6.0000 6.0000 2.0000 2.0000 2.0000 2.0000 2.0000 2.0000 2.0000 -2.0000 25.8317 25.8317 10.0000 1.5032 
S1 = 0.0000 0.0000 0.0000 0.0000 0.0000 0.0000 0.0000 0.0000 0.0000 0.0000 0.0000 0.0000 0.0000 0.0000 0.0000 0.0000 0.0000 0.0000 0.0000 0.0000 0.0000 0.0000 0.0000 0.0000 0.0000 0.0000 0.0000 
S2 = 0.0000 0.0000 0.0000 0.0000 0.0000 0.0000 0.0000 0.0000 0.0000 0.0000 0.0000 0.0000 0.0000 0.0000 0.0000 0.0000 0.0000 0.0000 0.0000 0.0000 0.0000 0.0000 0.0000 1.8317 1.8317 0.0000 12.5032 
u = 8.2277 8.0817 8.0817 8.0817 8.0817 8.0817 8.0817 8.0817 8.0159 8.0159 8.0159 8.0159 8.0159 8.0159 8.0159 7.9496 7.9496 7.9496 7.9496 7.9496 7.9496 7.9496 7.8912 11.0272 11.0272 11.6706 9.2065 
v = 34.4619 26.1150 26.1150 26.1150 26.1150 26.1150 26.1150 26.1150 22.9494 22.9494 22.9494 22.9494 22.9494 22.9494 22.9494 19.9122 19.9122 19.9122 19.9122 19.9122 19.9122 19.9122 17.3151 116.6061 116.6061 87.8663 26.7846 
