ExternalI = 5.5000 0.0000 0.0000 0.0000 0.0000 0.0000 0.0000 0.0000 4.0000 4.0000 4.0000 4.0000 4.0000 4.0000 4.0000 0.0000 0.0000 0.0000 0.0000 0.0000 0.0000 0.0000 0.0000 8.0000 8.0000 0.0000 0.0000 
before u = 8.2277 8.0817 8.0817 8.0817 8.0817 8.0817 8.0817 8.0817 8.0159 8.0159 8.0159 8.0159 8.0159 8.0159 8.0159 7.9496 7.9496 7.9496 7.9496 7.9496 7.9496 7.9496 7.8912 11.0272 11.0272 11.6706 9.2065 
before v = 34.4619 26.1150 26.1150 26.1150 26.1150 26.1150 26.1150 26.1150 22.9494 22.9494 22.9494 22.9494 22.9494 22.9494 22.9494 19.9122 19.9122 19.9122 19.9122 19.9122 19.9122 19.9122 17.3151 116.6061 116.6061 87.8663 26.7846 
Ibias = 9.4000 9.4000 9.4000 9.4000 9.4000 9.4000 9.4000 9.4000 2.0000 2.0000 2.0000 2.0000 2.0000 2.0000 2.0000 2.0000 2.0000 2.0000 2.0000 2.0000 2.0000 2.0000 -2.0000 16.0000 16.0000 10.0000 -11.0000 
fa1 = 0.7915 0.2531 0.2531 0.2531 0.2531 0.2531 0.2531 0.2531 0.2030 0.2030 0.2030 0.2030 0.2030 0.2030 0.2030 0.1737 0.1737 0.1737 0.1737 0.1737 0.1737 0.1737 0.1560 268.8616 268.8616 103.5499 0.6145 
fa2 = 0.7915 0.2530 0.2530 0.2530 0.2530 0.2530 0.2530 0.2530 0.2029 0.2029 0.2029 0.2029 0.2029 0.2029 0.2029 0.1736 0.1736 0.1736 0.1736 0.1736 0.1736 0.1736 0.1559 277.4401 277.4401 105.6463 0.6123 
fa3 = 0.7915 0.2530 0.2530 0.2530 0.2530 0.2530 0.2530 0.2530 0.2029 0.2029 0.2029 0.2029 0.2029 0.2029 0.2029 0.1736 0.1736 0.1736 0.1736 0.1736 0.1736 0.1736 0.1559 277.7162 277.7162 105.6889 0.6123 
fa4 = 0.7915 0.2529 0.2529 0.2529 0.2529 0.2529 0.2529 0.2529 0.2029 0.2029 0.2029 0.2029 0.2029 0.2029 0.2029 0.1736 0.1736 0.1736 0.1736 0.1736 0.1736 0.1736 0.1559 286.7428 286.7428 107.8520 0.6100 
fb1 = -0.1913 -0.2188 -0.2188 -0.2188 -0.2188 -0.2188 -0.2188 -0.2188 -0.2288 -0.2288 -0.2288 -0.2288 -0.2288 -0.2288 -0.2288 -0.2383 -0.2383 -0.2383 -0.2383 -0.2383 -0.2383 -0.2383 -0.2464 0.2459 0.2459 0.1181 -0.0770 
fb2 = -0.1912 -0.2188 -0.2188 -0.2188 -0.2188 -0.2188 -0.2188 -0.2188 -0.2288 -0.2288 -0.2288 -0.2288 -0.2288 -0.2288 -0.2288 -0.2383 -0.2383 -0.2383 -0.2383 -0.2383 -0.2383 -0.2383 -0.2463 0.2512 0.2512 0.1201 -0.0770 
fb3 = -0.1912 -0.2188 -0.2188 -0.2188 -0.2188 -0.2188 -0.2188 -0.2188 -0.2288 -0.2288 -0.2288 -0.2288 -0.2288 -0.2288 -0.2288 -0.2383 -0.2383 -0.2383 -0.2383 -0.2383 -0.2383 -0.2383 -0.2463 0.2514 0.2514 0.1202 -0.0770 
fb4 = -0.1912 -0.2187 -0.2187 -0.2187 -0.2187 -0.2187 -0.2187 -0.2187 -0.2287 -0.2287 -0.2287 -0.2287 -0.2287 -0.2287 -0.2287 -0.2382 -0.2382 -0.2382 -0.2382 -0.2382 -0.2382 -0.2382 -0.2463 0.2569 0.2569 0.1223 -0.0770 
I = 14.9000 9.4000 9.4000 9.4000 9.4000 9.4000 9.4000 9.4000 6.0000 6.0000 6.0000 6.0000 6.0000 6.0000 6.0000 2.0000 2.0000 2.0000 2.0000 2.0000 2.0000 2.0000 -2.0000 25.8281 25.8281 10.0000 1.4782 
S1 = 0.0000 0.0000 0.0000 0.0000 0.0000 0.0000 0.0000 0.0000 0.0000 0.0000 0.0000 0.0000 0.0000 0.0000 0.0000 0.0000 0.0000 0.0000 0.0000 0.0000 0.0000 0.0000 0.0000 0.0000 0.0000 0.0000 0.0000 
S2 = 0.0000 0.0000 0.0000 0.0000 0.0000 0.0000 0.0000 0.0000 0.0000 0.0000 0.0000 0.0000 0.0000 0.0000 0.0000 0.0000 0.0000 0.0000 0.0000 0.0000 0.0000 0.0000 0.0000 1.8281 1.8281 0.0000 12.4782 
u = 8.2257 8.0795 8.0795 8.0795 8.0795 8.0795 8.0795 8.0795 8.0136 8.0136 8.0136 8.0136 8.0136 8.0136 8.0136 7.9472 7.9472 7.9472 7.9472 7.9472 7.9472 7.9472 7.8887 11.0297 11.0297 11.6718 9.2057 
v = 34.4699 26.1175 26.1175 26.1175 26.1175 26.1175 26.1175 26.1175 22.9514 22.9514 22.9514 22.9514 22.9514 22.9514 22.9514 19.9139 19.9139 19.9139 19.9139 19.9139 19.9139 19.9139 17.3167 119.3826 119.3826 88.9231 26.7907 
