ExternalI = 5.5000 0.0000 0.0000 0.0000 0.0000 0.0000 0.0000 0.0000 4.0000 4.0000 4.0000 4.0000 4.0000 4.0000 4.0000 0.0000 0.0000 0.0000 0.0000 0.0000 0.0000 0.0000 0.0000 8.0000 8.0000 0.0000 0.0000 
before u = 8.2257 8.0795 8.0795 8.0795 8.0795 8.0795 8.0795 8.0795 8.0136 8.0136 8.0136 8.0136 8.0136 8.0136 8.0136 7.9472 7.9472 7.9472 7.9472 7.9472 7.9472 7.9472 7.8887 11.0297 11.0297 11.6718 9.2057 
before v = 34.4699 26.1175 26.1175 26.1175 26.1175 26.1175 26.1175 26.1175 22.9514 22.9514 22.9514 22.9514 22.9514 22.9514 22.9514 19.9139 19.9139 19.9139 19.9139 19.9139 19.9139 19.9139 17.3167 119.3826 119.3826 88.9231 26.7907 
Ibias = 9.4000 9.4000 9.4000 9.4000 9.4000 9.4000 9.4000 9.4000 2.0000 2.0000 2.0000 2.0000 2.0000 2.0000 2.0000 2.0000 2.0000 2.0000 2.0000 2.0000 2.0000 2.0000 -2.0000 16.0000 16.0000 10.0000 -11.0000 
fa1 = 0.7915 0.2529 0.2529 0.2529 0.2529 0.2529 0.2529 0.2529 0.2029 0.2029 0.2029 0.2029 0.2029 0.2029 0.2029 0.1736 0.1736 0.1736 0.1736 0.1736 0.1736 0.1736 0.1559 286.7350 286.7350 107.8515 0.5851 
fa2 = 0.7915 0.2529 0.2529 0.2529 0.2529 0.2529 0.2529 0.2529 0.2029 0.2029 0.2029 0.2029 0.2029 0.2029 0.2029 0.1736 0.1736 0.1736 0.1736 0.1736 0.1736 0.1736 0.1559 296.2074 296.2074 110.0810 0.5830 
fa3 = 0.7915 0.2529 0.2529 0.2529 0.2529 0.2529 0.2529 0.2529 0.2029 0.2029 0.2029 0.2029 0.2029 0.2029 0.2029 0.1736 0.1736 0.1736 0.1736 0.1736 0.1736 0.1736 0.1559 296.5231 296.5231 110.1273 0.5830 
fa4 = 0.7915 0.2528 0.2528 0.2528 0.2528 0.2528 0.2528 0.2528 0.2028 0.2028 0.2028 0.2028 0.2028 0.2028 0.2028 0.1735 0.1735 0.1735 0.1735 0.1735 0.1735 0.1735 0.1559 306.5082 306.5082 112.4293 0.5809 
fb1 = -0.1912 -0.2187 -0.2187 -0.2187 -0.2187 -0.2187 -0.2187 -0.2187 -0.2287 -0.2287 -0.2287 -0.2287 -0.2287 -0.2287 -0.2287 -0.2382 -0.2382 -0.2382 -0.2382 -0.2382 -0.2382 -0.2382 -0.2463 0.2569 0.2569 0.1223 -0.0770 
fb2 = -0.1911 -0.2187 -0.2187 -0.2187 -0.2187 -0.2187 -0.2187 -0.2187 -0.2287 -0.2287 -0.2287 -0.2287 -0.2287 -0.2287 -0.2287 -0.2382 -0.2382 -0.2382 -0.2382 -0.2382 -0.2382 -0.2382 -0.2462 0.2626 0.2626 0.1244 -0.0769 
fb3 = -0.1911 -0.2187 -0.2187 -0.2187 -0.2187 -0.2187 -0.2187 -0.2187 -0.2287 -0.2287 -0.2287 -0.2287 -0.2287 -0.2287 -0.2287 -0.2382 -0.2382 -0.2382 -0.2382 -0.2382 -0.2382 -0.2382 -0.2462 0.2628 0.2628 0.1244 -0.0769 
fb4 = -0.1910 -0.2186 -0.2186 -0.2186 -0.2186 -0.2186 -0.2186 -0.2186 -0.2286 -0.2286 -0.2286 -0.2286 -0.2286 -0.2286 -0.2286 -0.2381 -0.2381 -0.2381 -0.2381 -0.2381 -0.2381 -0.2381 -0.2462 0.2687 0.2687 0.1266 -0.0769 
I = 14.9000 9.4000 9.4000 9.4000 9.4000 9.4000 9.4000 9.4000 6.0000 6.0000 6.0000 6.0000 6.0000 6.0000 6.0000 2.0000 2.0000 2.0000 2.0000 2.0000 2.0000 2.0000 -2.0000 25.8244 25.8244 10.0000 1.4532 
S1 = 0.0000 0.0000 0.0000 0.0000 0.0000 0.0000 0.0000 0.0000 0.0000 0.0000 0.0000 0.0000 0.0000 0.0000 0.0000 0.0000 0.0000 0.0000 0.0000 0.0000 0.0000 0.0000 0.0000 0.0000 0.0000 0.0000 0.0000 
S2 = 0.0000 0.0000 0.0000 0.0000 0.0000 0.0000 0.0000 0.0000 0.0000 0.0000 0.0000 0.0000 0.0000 0.0000 0.0000 0.0000 0.0000 0.0000 0.0000 0.0000 0.0000 0.0000 0.0000 1.8244 1.8244 0.0000 12.4532 
u = 8.2238 8.0773 8.0773 8.0773 8.0773 8.0773 8.0773 8.0773 8.0113 8.0113 8.0113 8.0113 8.0113 8.0113 8.0113 7.9448 7.9448 7.9448 7.9448 7.9448 7.9448 7.9448 7.8863 11.0324 11.0324 11.6730 9.2050 
v = 34.4778 26.1201 26.1201 26.1201 26.1201 26.1201 26.1201 26.1201 22.9534 22.9534 22.9534 22.9534 22.9534 22.9534 22.9534 19.9157 19.9157 19.9157 19.9157 19.9157 19.9157 19.9157 17.3183 122.3471 122.3471 90.0242 26.7965 
