ExternalI = 5.5000 0.0000 0.0000 0.0000 0.0000 0.0000 0.0000 0.0000 4.0000 4.0000 4.0000 4.0000 4.0000 4.0000 4.0000 0.0000 0.0000 0.0000 0.0000 0.0000 0.0000 0.0000 0.0000 8.0000 8.0000 0.0000 0.0000 
before u = 8.2238 8.0773 8.0773 8.0773 8.0773 8.0773 8.0773 8.0773 8.0113 8.0113 8.0113 8.0113 8.0113 8.0113 8.0113 7.9448 7.9448 7.9448 7.9448 7.9448 7.9448 7.9448 7.8863 11.0324 11.0324 11.6730 9.2050 
before v = 34.4778 26.1201 26.1201 26.1201 26.1201 26.1201 26.1201 26.1201 22.9534 22.9534 22.9534 22.9534 22.9534 22.9534 22.9534 19.9157 19.9157 19.9157 19.9157 19.9157 19.9157 19.9157 17.3183 122.3471 122.3471 90.0242 26.7965 
Ibias = 9.4000 9.4000 9.4000 9.4000 9.4000 9.4000 9.4000 9.4000 2.0000 2.0000 2.0000 2.0000 2.0000 2.0000 2.0000 2.0000 2.0000 2.0000 2.0000 2.0000 2.0000 2.0000 -2.0000 16.0000 16.0000 10.0000 -11.0000 
fa1 = 0.7915 0.2528 0.2528 0.2528 0.2528 0.2528 0.2528 0.2528 0.2028 0.2028 0.2028 0.2028 0.2028 0.2028 0.2028 0.1735 0.1735 0.1735 0.1735 0.1735 0.1735 0.1735 0.1559 306.4996 306.4996 112.4288 0.5560 
fa2 = 0.7915 0.2528 0.2528 0.2528 0.2528 0.2528 0.2528 0.2528 0.2028 0.2028 0.2028 0.2028 0.2028 0.2028 0.2028 0.1735 0.1735 0.1735 0.1735 0.1735 0.1735 0.1735 0.1558 316.9944 316.9944 114.8029 0.5540 
fa3 = 0.7915 0.2528 0.2528 0.2528 0.2528 0.2528 0.2528 0.2528 0.2028 0.2028 0.2028 0.2028 0.2028 0.2028 0.2028 0.1735 0.1735 0.1735 0.1735 0.1735 0.1735 0.1735 0.1558 317.3571 317.3571 114.8533 0.5540 
fa4 = 0.7915 0.2527 0.2527 0.2527 0.2527 0.2527 0.2527 0.2527 0.2028 0.2028 0.2028 0.2028 0.2028 0.2028 0.2028 0.1735 0.1735 0.1735 0.1735 0.1735 0.1735 0.1735 0.1558 328.4412 328.4412 117.3063 0.5520 
fb1 = -0.1910 -0.2186 -0.2186 -0.2186 -0.2186 -0.2186 -0.2186 -0.2186 -0.2286 -0.2286 -0.2286 -0.2286 -0.2286 -0.2286 -0.2286 -0.2381 -0.2381 -0.2381 -0.2381 -0.2381 -0.2381 -0.2381 -0.2462 0.2687 0.2687 0.1266 -0.0769 
fb2 = -0.1910 -0.2186 -0.2186 -0.2186 -0.2186 -0.2186 -0.2186 -0.2186 -0.2286 -0.2286 -0.2286 -0.2286 -0.2286 -0.2286 -0.2286 -0.2381 -0.2381 -0.2381 -0.2381 -0.2381 -0.2381 -0.2381 -0.2461 0.2748 0.2748 0.1289 -0.0769 
fb3 = -0.1910 -0.2186 -0.2186 -0.2186 -0.2186 -0.2186 -0.2186 -0.2186 -0.2286 -0.2286 -0.2286 -0.2286 -0.2286 -0.2286 -0.2286 -0.2381 -0.2381 -0.2381 -0.2381 -0.2381 -0.2381 -0.2381 -0.2461 0.2751 0.2751 0.1289 -0.0769 
fb4 = -0.1909 -0.2185 -0.2185 -0.2185 -0.2185 -0.2185 -0.2185 -0.2185 -0.2285 -0.2285 -0.2285 -0.2285 -0.2285 -0.2285 -0.2285 -0.2380 -0.2380 -0.2380 -0.2380 -0.2380 -0.2380 -0.2380 -0.2461 0.2814 0.2814 0.1312 -0.0769 
I = 14.9000 9.4000 9.4000 9.4000 9.4000 9.4000 9.4000 9.4000 6.0000 6.0000 6.0000 6.0000 6.0000 6.0000 6.0000 2.0000 2.0000 2.0000 2.0000 2.0000 2.0000 2.0000 -2.0000 25.8208 25.8208 10.0000 1.4283 
S1 = 0.0000 0.0000 0.0000 0.0000 0.0000 0.0000 0.0000 0.0000 0.0000 0.0000 0.0000 0.0000 0.0000 0.0000 0.0000 0.0000 0.0000 0.0000 0.0000 0.0000 0.0000 0.0000 0.0000 0.0000 0.0000 0.0000 0.0000 
S2 = 0.0000 0.0000 0.0000 0.0000 0.0000 0.0000 0.0000 0.0000 0.0000 0.0000 0.0000 0.0000 0.0000 0.0000 0.0000 0.0000 0.0000 0.0000 0.0000 0.0000 0.0000 0.0000 0.0000 1.8208 1.8208 0.0000 12.4283 
u = 8.2219 8.0751 8.0751 8.0751 8.0751 8.0751 8.0751 8.0751 8.0090 8.0090 8.0090 8.0090 8.0090 8.0090 8.0090 7.9424 7.9424 7.9424 7.9424 7.9424 7.9424 7.9424 7.8838 11.0351 11.0351 11.6743 9.2042 
v = 34.4857 26.1226 26.1226 26.1226 26.1226 26.1226 26.1226 26.1226 22.9554 22.9554 22.9554 22.9554 22.9554 22.9554 22.9554 19.9174 19.9174 19.9174 19.9174 19.9174 19.9174 19.9174 17.3198 125.5198 125.5198 91.1727 26.8020 
