ExternalI = 5.5000 0.0000 0.0000 0.0000 0.0000 0.0000 0.0000 0.0000 4.0000 4.0000 4.0000 4.0000 4.0000 4.0000 4.0000 0.0000 0.0000 0.0000 0.0000 0.0000 0.0000 0.0000 0.0000 8.0000 8.0000 0.0000 0.0000 
before u = 9.7642 9.7603 9.7603 9.7603 9.7603 9.7603 9.7603 9.7603 9.7579 9.7579 9.7579 9.7579 9.7579 9.7579 9.7579 9.7552 9.7552 9.7552 9.7552 9.7552 9.7552 9.7552 9.7525 9.9198 9.9198 10.1898 9.8944 
before v = 21.6151 19.2243 19.2243 19.2243 19.2243 19.2243 19.2243 19.2243 17.7958 17.7958 17.7958 17.7958 17.7958 17.7958 17.7958 16.1606 16.1606 16.1606 16.1606 16.1606 16.1606 16.1606 14.5717 30.7683 30.7683 68.1432 15.2150 
Ibias = 9.4000 9.4000 9.4000 9.4000 9.4000 9.4000 9.4000 9.4000 2.0000 2.0000 2.0000 2.0000 2.0000 2.0000 2.0000 2.0000 2.0000 2.0000 2.0000 2.0000 2.0000 2.0000 -2.0000 16.0000 16.0000 10.0000 -11.0000 
fa1 = 8.9789 6.7497 6.7497 6.7497 6.7497 6.7497 6.7497 6.7497 5.5223 5.5223 5.5223 5.5223 5.5223 5.5223 5.5223 4.2097 4.2097 4.2097 4.2097 4.2097 4.2097 4.2097 3.0259 19.6428 19.6428 41.1205 4.1501 
fa2 = 8.9235 6.7020 6.7020 6.7020 6.7020 6.7020 6.7020 6.7020 5.4804 5.4804 5.4804 5.4804 5.4804 5.4804 5.4804 4.1754 4.1754 4.1754 4.1754 4.1754 4.1754 4.1754 2.9998 19.5907 19.5907 41.6258 4.1138 
fa3 = 8.9238 6.7023 6.7023 6.7023 6.7023 6.7023 6.7023 6.7023 5.4807 5.4807 5.4807 5.4807 5.4807 5.4807 5.4807 4.1757 4.1757 4.1757 4.1757 4.1757 4.1757 4.1757 3.0000 19.5908 19.5908 41.6321 4.1141 
fa4 = 8.8689 6.6550 6.6550 6.6550 6.6550 6.6550 6.6550 6.6550 5.4392 5.4392 5.4392 5.4392 5.4392 5.4392 5.4392 4.1417 4.1417 4.1417 4.1417 4.1417 4.1417 4.1417 2.9742 19.5396 19.5396 42.1473 4.0782 
fb1 = -0.3041 -0.3135 -0.3135 -0.3135 -0.3135 -0.3135 -0.3135 -0.3135 -0.3191 -0.3191 -0.3191 -0.3191 -0.3191 -0.3191 -0.3191 -0.3256 -0.3256 -0.3256 -0.3256 -0.3256 -0.3256 -0.3256 -0.3318 -0.0753 -0.0753 0.0688 -0.1370 
fb2 = -0.3039 -0.3133 -0.3133 -0.3133 -0.3133 -0.3133 -0.3133 -0.3133 -0.3190 -0.3190 -0.3190 -0.3190 -0.3190 -0.3190 -0.3190 -0.3254 -0.3254 -0.3254 -0.3254 -0.3254 -0.3254 -0.3254 -0.3317 -0.0749 -0.0749 0.0696 -0.1369 
fb3 = -0.3039 -0.3133 -0.3133 -0.3133 -0.3133 -0.3133 -0.3133 -0.3133 -0.3190 -0.3190 -0.3190 -0.3190 -0.3190 -0.3190 -0.3190 -0.3254 -0.3254 -0.3254 -0.3254 -0.3254 -0.3254 -0.3254 -0.3317 -0.0749 -0.0749 0.0696 -0.1369 
fb4 = -0.3036 -0.3131 -0.3131 -0.3131 -0.3131 -0.3131 -0.3131 -0.3131 -0.3188 -0.3188 -0.3188 -0.3188 -0.3188 -0.3188 -0.3188 -0.3253 -0.3253 -0.3253 -0.3253 -0.3253 -0.3253 -0.3253 -0.3316 -0.0745 -0.0745 0.0704 -0.1368 
I = 14.9000 9.4000 9.4000 9.4000 9.4000 9.4000 9.4000 9.4000 6.0000 6.0000 6.0000 6.0000 6.0000 6.0000 6.0000 2.0000 2.0000 2.0000 2.0000 2.0000 2.0000 2.0000 -2.0000 24.0000 24.0000 10.0000 -9.5704 
S1 = 0.0000 0.0000 0.0000 0.0000 0.0000 0.0000 0.0000 0.0000 0.0000 0.0000 0.0000 0.0000 0.0000 0.0000 0.0000 0.0000 0.0000 0.0000 0.0000 0.0000 0.0000 0.0000 0.0000 0.0000 0.0000 0.0000 0.0000 
S2 = 0.0000 0.0000 0.0000 0.0000 0.0000 0.0000 0.0000 0.0000 0.0000 0.0000 0.0000 0.0000 0.0000 0.0000 0.0000 0.0000 0.0000 0.0000 0.0000 0.0000 0.0000 0.0000 0.0000 0.0000 0.0000 0.0000 1.4296 
u = 9.7612 9.7572 9.7572 9.7572 9.7572 9.7572 9.7572 9.7572 9.7548 9.7548 9.7548 9.7548 9.7548 9.7548 9.7548 9.7519 9.7519 9.7519 9.7519 9.7519 9.7519 9.7519 9.7492 9.9191 9.9191 10.1905 9.8931 
v = 21.7044 19.2913 19.2913 19.2913 19.2913 19.2913 19.2913 19.2913 17.8506 17.8506 17.8506 17.8506 17.8506 17.8506 17.8506 16.2023 16.2023 16.2023 16.2023 16.2023 16.2023 16.2023 14.6017 30.9642 30.9642 68.5595 15.2561 
