ExternalI = 5.5000 0.0000 0.0000 0.0000 0.0000 0.0000 0.0000 0.0000 4.0000 4.0000 4.0000 4.0000 4.0000 4.0000 4.0000 0.0000 0.0000 0.0000 0.0000 0.0000 0.0000 0.0000 0.0000 8.0000 8.0000 0.0000 0.0000 
before u = 8.2219 8.0751 8.0751 8.0751 8.0751 8.0751 8.0751 8.0751 8.0090 8.0090 8.0090 8.0090 8.0090 8.0090 8.0090 7.9424 7.9424 7.9424 7.9424 7.9424 7.9424 7.9424 7.8838 11.0351 11.0351 11.6743 9.2042 
before v = 34.4857 26.1226 26.1226 26.1226 26.1226 26.1226 26.1226 26.1226 22.9554 22.9554 22.9554 22.9554 22.9554 22.9554 22.9554 19.9174 19.9174 19.9174 19.9174 19.9174 19.9174 19.9174 17.3198 125.5198 125.5198 91.1727 26.8020 
Ibias = 9.4000 9.4000 9.4000 9.4000 9.4000 9.4000 9.4000 9.4000 2.0000 2.0000 2.0000 2.0000 2.0000 2.0000 2.0000 2.0000 2.0000 2.0000 2.0000 2.0000 2.0000 2.0000 -2.0000 16.0000 16.0000 10.0000 -11.0000 
fa1 = 0.7915 0.2527 0.2527 0.2527 0.2527 0.2527 0.2527 0.2527 0.2028 0.2028 0.2028 0.2028 0.2028 0.2028 0.2028 0.1735 0.1735 0.1735 0.1735 0.1735 0.1735 0.1735 0.1558 328.4317 328.4317 117.3058 0.5271 
fa2 = 0.7915 0.2527 0.2527 0.2527 0.2527 0.2527 0.2527 0.2527 0.2027 0.2027 0.2027 0.2027 0.2027 0.2027 0.2027 0.1734 0.1734 0.1734 0.1734 0.1734 0.1734 0.1734 0.1558 340.1015 340.1015 119.8374 0.5253 
fa3 = 0.7915 0.2527 0.2527 0.2527 0.2527 0.2527 0.2527 0.2527 0.2027 0.2027 0.2027 0.2027 0.2027 0.2027 0.2027 0.1734 0.1734 0.1734 0.1734 0.1734 0.1734 0.1734 0.1558 340.5202 340.5202 119.8923 0.5253 
fa4 = 0.7915 0.2526 0.2526 0.2526 0.2526 0.2526 0.2526 0.2526 0.2027 0.2027 0.2027 0.2027 0.2027 0.2027 0.2027 0.1734 0.1734 0.1734 0.1734 0.1734 0.1734 0.1734 0.1557 352.8706 352.8706 122.5099 0.5234 
fb1 = -0.1909 -0.2185 -0.2185 -0.2185 -0.2185 -0.2185 -0.2185 -0.2185 -0.2285 -0.2285 -0.2285 -0.2285 -0.2285 -0.2285 -0.2285 -0.2380 -0.2380 -0.2380 -0.2380 -0.2380 -0.2380 -0.2380 -0.2461 0.2814 0.2814 0.1312 -0.0769 
fb2 = -0.1909 -0.2185 -0.2185 -0.2185 -0.2185 -0.2185 -0.2185 -0.2185 -0.2285 -0.2285 -0.2285 -0.2285 -0.2285 -0.2285 -0.2285 -0.2380 -0.2380 -0.2380 -0.2380 -0.2380 -0.2380 -0.2380 -0.2460 0.2879 0.2879 0.1335 -0.0769 
fb3 = -0.1909 -0.2185 -0.2185 -0.2185 -0.2185 -0.2185 -0.2185 -0.2185 -0.2285 -0.2285 -0.2285 -0.2285 -0.2285 -0.2285 -0.2285 -0.2380 -0.2380 -0.2380 -0.2380 -0.2380 -0.2380 -0.2380 -0.2460 0.2882 0.2882 0.1336 -0.0769 
fb4 = -0.1908 -0.2184 -0.2184 -0.2184 -0.2184 -0.2184 -0.2184 -0.2184 -0.2284 -0.2284 -0.2284 -0.2284 -0.2284 -0.2284 -0.2284 -0.2379 -0.2379 -0.2379 -0.2379 -0.2379 -0.2379 -0.2379 -0.2460 0.2949 0.2949 0.1360 -0.0768 
I = 14.9000 9.4000 9.4000 9.4000 9.4000 9.4000 9.4000 9.4000 6.0000 6.0000 6.0000 6.0000 6.0000 6.0000 6.0000 2.0000 2.0000 2.0000 2.0000 2.0000 2.0000 2.0000 -2.0000 25.8171 25.8171 10.0000 1.4035 
S1 = 0.0000 0.0000 0.0000 0.0000 0.0000 0.0000 0.0000 0.0000 0.0000 0.0000 0.0000 0.0000 0.0000 0.0000 0.0000 0.0000 0.0000 0.0000 0.0000 0.0000 0.0000 0.0000 0.0000 0.0000 0.0000 0.0000 0.0000 
S2 = 0.0000 0.0000 0.0000 0.0000 0.0000 0.0000 0.0000 0.0000 0.0000 0.0000 0.0000 0.0000 0.0000 0.0000 0.0000 0.0000 0.0000 0.0000 0.0000 0.0000 0.0000 0.0000 0.0000 1.8171 1.8171 0.0000 12.4035 
u = 8.2200 8.0729 8.0729 8.0729 8.0729 8.0729 8.0729 8.0729 8.0067 8.0067 8.0067 8.0067 8.0067 8.0067 8.0067 7.9401 7.9401 7.9401 7.9401 7.9401 7.9401 7.9401 7.8813 11.0380 11.0380 11.6757 9.2034 
v = 34.4936 26.1251 26.1251 26.1251 26.1251 26.1251 26.1251 26.1251 22.9575 22.9575 22.9575 22.9575 22.9575 22.9575 22.9575 19.9191 19.9191 19.9191 19.9191 19.9191 19.9191 19.9191 17.3214 128.9241 128.9241 92.3714 26.8073 
