ExternalI = 5.5000 0.0000 0.0000 0.0000 0.0000 0.0000 0.0000 0.0000 4.0000 4.0000 4.0000 4.0000 4.0000 4.0000 4.0000 0.0000 0.0000 0.0000 0.0000 0.0000 0.0000 0.0000 0.0000 8.0000 8.0000 0.0000 0.0000 
before u = 8.2200 8.0729 8.0729 8.0729 8.0729 8.0729 8.0729 8.0729 8.0067 8.0067 8.0067 8.0067 8.0067 8.0067 8.0067 7.9401 7.9401 7.9401 7.9401 7.9401 7.9401 7.9401 7.8813 11.0380 11.0380 11.6757 9.2034 
before v = 34.4936 26.1251 26.1251 26.1251 26.1251 26.1251 26.1251 26.1251 22.9575 22.9575 22.9575 22.9575 22.9575 22.9575 22.9575 19.9191 19.9191 19.9191 19.9191 19.9191 19.9191 19.9191 17.3214 128.9241 128.9241 92.3714 26.8073 
Ibias = 9.4000 9.4000 9.4000 9.4000 9.4000 9.4000 9.4000 9.4000 2.0000 2.0000 2.0000 2.0000 2.0000 2.0000 2.0000 2.0000 2.0000 2.0000 2.0000 2.0000 2.0000 2.0000 -2.0000 16.0000 16.0000 10.0000 -11.0000 
fa1 = 0.7915 0.2526 0.2526 0.2526 0.2526 0.2526 0.2526 0.2526 0.2027 0.2027 0.2027 0.2027 0.2027 0.2027 0.2027 0.1734 0.1734 0.1734 0.1734 0.1734 0.1734 0.1734 0.1557 352.8600 352.8600 122.5094 0.4986 
fa2 = 0.7915 0.2525 0.2525 0.2525 0.2525 0.2525 0.2525 0.2525 0.2027 0.2027 0.2027 0.2027 0.2027 0.2027 0.2027 0.1734 0.1734 0.1734 0.1734 0.1734 0.1734 0.1734 0.1557 365.8870 365.8870 125.2126 0.4968 
fa3 = 0.7915 0.2525 0.2525 0.2525 0.2525 0.2525 0.2525 0.2525 0.2027 0.2027 0.2027 0.2027 0.2027 0.2027 0.2027 0.1734 0.1734 0.1734 0.1734 0.1734 0.1734 0.1734 0.1557 366.3727 366.3727 125.2726 0.4969 
fa4 = 0.7915 0.2525 0.2525 0.2525 0.2525 0.2525 0.2525 0.2525 0.2026 0.2026 0.2026 0.2026 0.2026 0.2026 0.2026 0.1734 0.1734 0.1734 0.1734 0.1734 0.1734 0.1734 0.1557 380.1901 380.1901 128.0699 0.4951 
fb1 = -0.1908 -0.2184 -0.2184 -0.2184 -0.2184 -0.2184 -0.2184 -0.2184 -0.2284 -0.2284 -0.2284 -0.2284 -0.2284 -0.2284 -0.2284 -0.2379 -0.2379 -0.2379 -0.2379 -0.2379 -0.2379 -0.2379 -0.2460 0.2949 0.2949 0.1360 -0.0768 
fb2 = -0.1908 -0.2184 -0.2184 -0.2184 -0.2184 -0.2184 -0.2184 -0.2184 -0.2284 -0.2284 -0.2284 -0.2284 -0.2284 -0.2284 -0.2284 -0.2379 -0.2379 -0.2379 -0.2379 -0.2379 -0.2379 -0.2379 -0.2459 0.3020 0.3020 0.1384 -0.0768 
fb3 = -0.1908 -0.2184 -0.2184 -0.2184 -0.2184 -0.2184 -0.2184 -0.2184 -0.2284 -0.2284 -0.2284 -0.2284 -0.2284 -0.2284 -0.2284 -0.2379 -0.2379 -0.2379 -0.2379 -0.2379 -0.2379 -0.2379 -0.2459 0.3022 0.3022 0.1385 -0.0768 
fb4 = -0.1907 -0.2183 -0.2183 -0.2183 -0.2183 -0.2183 -0.2183 -0.2183 -0.2283 -0.2283 -0.2283 -0.2283 -0.2283 -0.2283 -0.2283 -0.2378 -0.2378 -0.2378 -0.2378 -0.2378 -0.2378 -0.2378 -0.2459 0.3095 0.3095 0.1410 -0.0768 
I = 14.9000 9.4000 9.4000 9.4000 9.4000 9.4000 9.4000 9.4000 6.0000 6.0000 6.0000 6.0000 6.0000 6.0000 6.0000 2.0000 2.0000 2.0000 2.0000 2.0000 2.0000 2.0000 -2.0000 25.8135 25.8135 10.0000 1.3786 
S1 = 0.0000 0.0000 0.0000 0.0000 0.0000 0.0000 0.0000 0.0000 0.0000 0.0000 0.0000 0.0000 0.0000 0.0000 0.0000 0.0000 0.0000 0.0000 0.0000 0.0000 0.0000 0.0000 0.0000 0.0000 0.0000 0.0000 0.0000 
S2 = 0.0000 0.0000 0.0000 0.0000 0.0000 0.0000 0.0000 0.0000 0.0000 0.0000 0.0000 0.0000 0.0000 0.0000 0.0000 0.0000 0.0000 0.0000 0.0000 0.0000 0.0000 0.0000 0.0000 1.8135 1.8135 0.0000 12.3786 
u = 8.2181 8.0707 8.0707 8.0707 8.0707 8.0707 8.0707 8.0707 8.0044 8.0044 8.0044 8.0044 8.0044 8.0044 8.0044 7.9377 7.9377 7.9377 7.9377 7.9377 7.9377 7.9377 7.8789 11.0410 11.0410 11.6770 9.2026 
v = 34.5015 26.1276 26.1276 26.1276 26.1276 26.1276 26.1276 26.1276 22.9595 22.9595 22.9595 22.9595 22.9595 22.9595 22.9595 19.9209 19.9209 19.9209 19.9209 19.9209 19.9209 19.9209 17.3229 132.5867 132.5867 93.6240 26.8123 
