ExternalI = 5.5000 0.0000 0.0000 0.0000 0.0000 0.0000 0.0000 0.0000 4.0000 4.0000 4.0000 4.0000 4.0000 4.0000 4.0000 0.0000 0.0000 0.0000 0.0000 0.0000 0.0000 0.0000 0.0000 8.0000 8.0000 0.0000 0.0000 
before u = 8.2181 8.0707 8.0707 8.0707 8.0707 8.0707 8.0707 8.0707 8.0044 8.0044 8.0044 8.0044 8.0044 8.0044 8.0044 7.9377 7.9377 7.9377 7.9377 7.9377 7.9377 7.9377 7.8789 11.1410 11.1410 11.6770 9.2026 
before v = 34.5015 26.1276 26.1276 26.1276 26.1276 26.1276 26.1276 26.1276 22.9595 22.9595 22.9595 22.9595 22.9595 22.9595 22.9595 19.9209 19.9209 19.9209 19.9209 19.9209 19.9209 19.9209 17.3229 55.0000 55.0000 93.6240 26.8123 
Ibias = 9.4000 9.4000 9.4000 9.4000 9.4000 9.4000 9.4000 9.4000 2.0000 2.0000 2.0000 2.0000 2.0000 2.0000 2.0000 2.0000 2.0000 2.0000 2.0000 2.0000 2.0000 2.0000 -2.0000 16.0000 16.0000 10.0000 -11.0000 
fa1 = 0.7915 0.2525 0.2525 0.2525 0.2525 0.2525 0.2525 0.2525 0.2026 0.2026 0.2026 0.2026 0.2026 0.2026 0.2026 0.1734 0.1734 0.1734 0.1734 0.1734 0.1734 0.1734 0.1557 31.1689 31.1689 128.0692 1.9704 
fa2 = 0.7915 0.2524 0.2524 0.2524 0.2524 0.2524 0.2524 0.2524 0.2026 0.2026 0.2026 0.2026 0.2026 0.2026 0.2026 0.1733 0.1733 0.1733 0.1733 0.1733 0.1733 0.1733 0.1557 31.3880 31.3880 130.9600 1.9623 
fa3 = 0.7915 0.2524 0.2524 0.2524 0.2524 0.2524 0.2524 0.2524 0.2026 0.2026 0.2026 0.2026 0.2026 0.2026 0.2026 0.1733 0.1733 0.1733 0.1733 0.1733 0.1733 0.1733 0.1557 31.3896 31.3896 131.0257 1.9624 
fa4 = 0.7915 0.2524 0.2524 0.2524 0.2524 0.2524 0.2524 0.2524 0.2025 0.2025 0.2025 0.2025 0.2025 0.2025 0.2025 0.1733 0.1733 0.1733 0.1733 0.1733 0.1733 0.1733 0.1556 31.6123 31.6123 134.0194 1.9544 
fb1 = -0.1907 -0.2183 -0.2183 -0.2183 -0.2183 -0.2183 -0.2183 -0.2183 -0.2283 -0.2283 -0.2283 -0.2283 -0.2283 -0.2283 -0.2283 -0.2378 -0.2378 -0.2378 -0.2378 -0.2378 -0.2378 -0.2378 -0.2459 -0.0028 -0.0028 0.1410 -0.0768 
fb2 = -0.1907 -0.2183 -0.2183 -0.2183 -0.2183 -0.2183 -0.2183 -0.2183 -0.2283 -0.2283 -0.2283 -0.2283 -0.2283 -0.2283 -0.2283 -0.2378 -0.2378 -0.2378 -0.2378 -0.2378 -0.2378 -0.2378 -0.2458 -0.0022 -0.0022 0.1435 -0.0768 
fb3 = -0.1907 -0.2183 -0.2183 -0.2183 -0.2183 -0.2183 -0.2183 -0.2183 -0.2283 -0.2283 -0.2283 -0.2283 -0.2283 -0.2283 -0.2283 -0.2378 -0.2378 -0.2378 -0.2378 -0.2378 -0.2378 -0.2378 -0.2458 -0.0022 -0.0022 0.1436 -0.0768 
fb4 = -0.1906 -0.2182 -0.2182 -0.2182 -0.2182 -0.2182 -0.2182 -0.2182 -0.2282 -0.2282 -0.2282 -0.2282 -0.2282 -0.2282 -0.2282 -0.2377 -0.2377 -0.2377 -0.2377 -0.2377 -0.2377 -0.2377 -0.2458 -0.0016 -0.0016 0.1462 -0.0767 
I = 14.9000 9.4000 9.4000 9.4000 9.4000 9.4000 9.4000 9.4000 6.0000 6.0000 6.0000 6.0000 6.0000 6.0000 6.0000 2.0000 2.0000 2.0000 2.0000 2.0000 2.0000 2.0000 -2.0000 26.3099 26.3099 10.0000 2.8539 
S1 = 0.0000 0.0000 0.0000 0.0000 0.0000 0.0000 0.0000 0.0000 0.0000 0.0000 0.0000 0.0000 0.0000 0.0000 0.0000 0.0000 0.0000 0.0000 0.0000 0.0000 0.0000 0.0000 0.0000 0.0000 0.0000 0.0000 0.0000 
S2 = 0.0000 0.0000 0.0000 0.0000 0.0000 0.0000 0.0000 0.0000 0.0000 0.0000 0.0000 0.0000 0.0000 0.0000 0.0000 0.0000 0.0000 0.0000 0.0000 0.0000 0.0000 0.0000 0.0000 2.3099 2.3099 0.0000 13.8539 
u = 8.2162 8.0686 8.0686 8.0686 8.0686 8.0686 8.0686 8.0686 8.0021 8.0021 8.0021 8.0021 8.0021 8.0021 8.0021 7.9353 7.9353 7.9353 7.9353 7.9353 7.9353 7.9353 7.8764 11.1410 11.1410 11.6785 9.2019 
v = 34.5094 26.1302 26.1302 26.1302 26.1302 26.1302 26.1302 26.1302 22.9615 22.9615 22.9615 22.9615 22.9615 22.9615 22.9615 19.9226 19.9226 19.9226 19.9226 19.9226 19.9226 19.9226 17.3245 55.3139 55.3139 94.9341 26.8319 
