ExternalI = 5.5000 0.0000 0.0000 0.0000 0.0000 0.0000 0.0000 0.0000 4.0000 4.0000 4.0000 4.0000 4.0000 4.0000 4.0000 0.0000 0.0000 0.0000 0.0000 0.0000 0.0000 0.0000 0.0000 8.0000 8.0000 0.0000 0.0000 
before u = 8.2162 8.0686 8.0686 8.0686 8.0686 8.0686 8.0686 8.0686 8.0021 8.0021 8.0021 8.0021 8.0021 8.0021 8.0021 7.9353 7.9353 7.9353 7.9353 7.9353 7.9353 7.9353 7.8764 11.1410 11.1410 11.6785 9.2019 
before v = 34.5094 26.1302 26.1302 26.1302 26.1302 26.1302 26.1302 26.1302 22.9615 22.9615 22.9615 22.9615 22.9615 22.9615 22.9615 19.9226 19.9226 19.9226 19.9226 19.9226 19.9226 19.9226 17.3245 55.3139 55.3139 94.9341 26.8319 
Ibias = 9.4000 9.4000 9.4000 9.4000 9.4000 9.4000 9.4000 9.4000 2.0000 2.0000 2.0000 2.0000 2.0000 2.0000 2.0000 2.0000 2.0000 2.0000 2.0000 2.0000 2.0000 2.0000 -2.0000 16.0000 16.0000 10.0000 -11.0000 
fa1 = 0.7915 0.2524 0.2524 0.2524 0.2524 0.2524 0.2524 0.2524 0.2025 0.2025 0.2025 0.2025 0.2025 0.2025 0.2025 0.1733 0.1733 0.1733 0.1733 0.1733 0.1733 0.1733 0.1556 31.6077 31.6077 134.0187 1.9266 
fa2 = 0.7916 0.2523 0.2523 0.2523 0.2523 0.2523 0.2523 0.2523 0.2025 0.2025 0.2025 0.2025 0.2025 0.2025 0.2025 0.1733 0.1733 0.1733 0.1733 0.1733 0.1733 0.1733 0.1556 31.8339 31.8339 137.1148 1.9188 
fa3 = 0.7916 0.2523 0.2523 0.2523 0.2523 0.2523 0.2523 0.2523 0.2025 0.2025 0.2025 0.2025 0.2025 0.2025 0.2025 0.1733 0.1733 0.1733 0.1733 0.1733 0.1733 0.1733 0.1556 31.8355 31.8355 137.1868 1.9188 
fa4 = 0.7916 0.2523 0.2523 0.2523 0.2523 0.2523 0.2523 0.2523 0.2025 0.2025 0.2025 0.2025 0.2025 0.2025 0.2025 0.1732 0.1732 0.1732 0.1732 0.1732 0.1732 0.1732 0.1556 32.0654 32.0654 140.3958 1.9111 
fb1 = -0.1906 -0.2182 -0.2182 -0.2182 -0.2182 -0.2182 -0.2182 -0.2182 -0.2282 -0.2282 -0.2282 -0.2282 -0.2282 -0.2282 -0.2282 -0.2377 -0.2377 -0.2377 -0.2377 -0.2377 -0.2377 -0.2377 -0.2458 -0.0016 -0.0016 0.1462 -0.0767 
fb2 = -0.1906 -0.2182 -0.2182 -0.2182 -0.2182 -0.2182 -0.2182 -0.2182 -0.2282 -0.2282 -0.2282 -0.2282 -0.2282 -0.2282 -0.2282 -0.2377 -0.2377 -0.2377 -0.2377 -0.2377 -0.2377 -0.2377 -0.2457 -0.0009 -0.0009 0.1488 -0.0767 
fb3 = -0.1906 -0.2182 -0.2182 -0.2182 -0.2182 -0.2182 -0.2182 -0.2182 -0.2282 -0.2282 -0.2282 -0.2282 -0.2282 -0.2282 -0.2282 -0.2377 -0.2377 -0.2377 -0.2377 -0.2377 -0.2377 -0.2377 -0.2457 -0.0009 -0.0009 0.1489 -0.0767 
fb4 = -0.1905 -0.2181 -0.2181 -0.2181 -0.2181 -0.2181 -0.2181 -0.2181 -0.2281 -0.2281 -0.2281 -0.2281 -0.2281 -0.2281 -0.2281 -0.2376 -0.2376 -0.2376 -0.2376 -0.2376 -0.2376 -0.2376 -0.2457 -0.0003 -0.0003 0.1516 -0.0766 
I = 14.9000 9.4000 9.4000 9.4000 9.4000 9.4000 9.4000 9.4000 6.0000 6.0000 6.0000 6.0000 6.0000 6.0000 6.0000 2.0000 2.0000 2.0000 2.0000 2.0000 2.0000 2.0000 -2.0000 26.3053 26.3053 10.0000 2.8262 
S1 = 0.0000 0.0000 0.0000 0.0000 0.0000 0.0000 0.0000 0.0000 0.0000 0.0000 0.0000 0.0000 0.0000 0.0000 0.0000 0.0000 0.0000 0.0000 0.0000 0.0000 0.0000 0.0000 0.0000 0.0000 0.0000 0.0000 0.0000 
S2 = 0.0000 0.0000 0.0000 0.0000 0.0000 0.0000 0.0000 0.0000 0.0000 0.0000 0.0000 0.0000 0.0000 0.0000 0.0000 0.0000 0.0000 0.0000 0.0000 0.0000 0.0000 0.0000 0.0000 2.3053 2.3053 0.0000 13.8262 
u = 8.2143 8.0664 8.0664 8.0664 8.0664 8.0664 8.0664 8.0664 7.9999 7.9999 7.9999 7.9999 7.9999 7.9999 7.9999 7.9329 7.9329 7.9329 7.9329 7.9329 7.9329 7.9329 7.8740 11.1410 11.1410 11.6800 9.2011 
v = 34.5173 26.1327 26.1327 26.1327 26.1327 26.1327 26.1327 26.1327 22.9636 22.9636 22.9636 22.9636 22.9636 22.9636 22.9636 19.9243 19.9243 19.9243 19.9243 19.9243 19.9243 19.9243 17.3260 55.6322 55.6322 96.3058 26.8511 
