ExternalI = 5.5000 0.0000 0.0000 0.0000 0.0000 0.0000 0.0000 0.0000 4.0000 4.0000 4.0000 4.0000 4.0000 4.0000 4.0000 0.0000 0.0000 0.0000 0.0000 0.0000 0.0000 0.0000 0.0000 8.0000 8.0000 0.0000 0.0000 
before u = 8.2143 8.0664 8.0664 8.0664 8.0664 8.0664 8.0664 8.0664 7.9999 7.9999 7.9999 7.9999 7.9999 7.9999 7.9999 7.9329 7.9329 7.9329 7.9329 7.9329 7.9329 7.9329 7.8740 11.1410 11.1410 11.6800 9.2011 
before v = 34.5173 26.1327 26.1327 26.1327 26.1327 26.1327 26.1327 26.1327 22.9636 22.9636 22.9636 22.9636 22.9636 22.9636 22.9636 19.9243 19.9243 19.9243 19.9243 19.9243 19.9243 19.9243 17.3260 55.6322 55.6322 96.3058 26.8511 
Ibias = 9.4000 9.4000 9.4000 9.4000 9.4000 9.4000 9.4000 9.4000 2.0000 2.0000 2.0000 2.0000 2.0000 2.0000 2.0000 2.0000 2.0000 2.0000 2.0000 2.0000 2.0000 2.0000 -2.0000 16.0000 16.0000 10.0000 -11.0000 
fa1 = 0.7916 0.2523 0.2523 0.2523 0.2523 0.2523 0.2523 0.2523 0.2025 0.2025 0.2025 0.2025 0.2025 0.2025 0.2025 0.1732 0.1732 0.1732 0.1732 0.1732 0.1732 0.1732 0.1556 32.0608 32.0608 140.3950 1.8834 
fa2 = 0.7916 0.2522 0.2522 0.2522 0.2522 0.2522 0.2522 0.2522 0.2024 0.2024 0.2024 0.2024 0.2024 0.2024 0.2024 0.1732 0.1732 0.1732 0.1732 0.1732 0.1732 0.1732 0.1556 32.2944 32.2944 143.7164 1.8758 
fa3 = 0.7916 0.2522 0.2522 0.2522 0.2522 0.2522 0.2522 0.2522 0.2024 0.2024 0.2024 0.2024 0.2024 0.2024 0.2024 0.1732 0.1732 0.1732 0.1732 0.1732 0.1732 0.1732 0.1556 32.2961 32.2961 143.7955 1.8758 
fa4 = 0.7916 0.2521 0.2521 0.2521 0.2521 0.2521 0.2521 0.2521 0.2024 0.2024 0.2024 0.2024 0.2024 0.2024 0.2024 0.1732 0.1732 0.1732 0.1732 0.1732 0.1732 0.1732 0.1555 32.5334 32.5334 147.2410 1.8682 
fb1 = -0.1905 -0.2181 -0.2181 -0.2181 -0.2181 -0.2181 -0.2181 -0.2181 -0.2281 -0.2281 -0.2281 -0.2281 -0.2281 -0.2281 -0.2281 -0.2376 -0.2376 -0.2376 -0.2376 -0.2376 -0.2376 -0.2376 -0.2457 -0.0003 -0.0003 0.1516 -0.0766 
fb2 = -0.1904 -0.2181 -0.2181 -0.2181 -0.2181 -0.2181 -0.2181 -0.2181 -0.2281 -0.2281 -0.2281 -0.2281 -0.2281 -0.2281 -0.2281 -0.2376 -0.2376 -0.2376 -0.2376 -0.2376 -0.2376 -0.2376 -0.2456 0.0004 0.0004 0.1544 -0.0766 
fb3 = -0.1904 -0.2181 -0.2181 -0.2181 -0.2181 -0.2181 -0.2181 -0.2181 -0.2281 -0.2281 -0.2281 -0.2281 -0.2281 -0.2281 -0.2281 -0.2376 -0.2376 -0.2376 -0.2376 -0.2376 -0.2376 -0.2376 -0.2456 0.0004 0.0004 0.1545 -0.0766 
fb4 = -0.1904 -0.2180 -0.2180 -0.2180 -0.2180 -0.2180 -0.2180 -0.2180 -0.2280 -0.2280 -0.2280 -0.2280 -0.2280 -0.2280 -0.2280 -0.2375 -0.2375 -0.2375 -0.2375 -0.2375 -0.2375 -0.2375 -0.2455 0.0010 0.0010 0.1573 -0.0765 
I = 14.9000 9.4000 9.4000 9.4000 9.4000 9.4000 9.4000 9.4000 6.0000 6.0000 6.0000 6.0000 6.0000 6.0000 6.0000 2.0000 2.0000 2.0000 2.0000 2.0000 2.0000 2.0000 -2.0000 26.3006 26.3006 10.0000 2.7985 
S1 = 0.0000 0.0000 0.0000 0.0000 0.0000 0.0000 0.0000 0.0000 0.0000 0.0000 0.0000 0.0000 0.0000 0.0000 0.0000 0.0000 0.0000 0.0000 0.0000 0.0000 0.0000 0.0000 0.0000 0.0000 0.0000 0.0000 0.0000 
S2 = 0.0000 0.0000 0.0000 0.0000 0.0000 0.0000 0.0000 0.0000 0.0000 0.0000 0.0000 0.0000 0.0000 0.0000 0.0000 0.0000 0.0000 0.0000 0.0000 0.0000 0.0000 0.0000 0.0000 2.3006 2.3006 0.0000 13.7985 
u = 8.2124 8.0642 8.0642 8.0642 8.0642 8.0642 8.0642 8.0642 7.9976 7.9976 7.9976 7.9976 7.9976 7.9976 7.9976 7.9305 7.9305 7.9305 7.9305 7.9305 7.9305 7.9305 7.8715 11.1410 11.1410 11.6815 9.2003 
v = 34.5253 26.1352 26.1352 26.1352 26.1352 26.1352 26.1352 26.1352 22.9656 22.9656 22.9656 22.9656 22.9656 22.9656 22.9656 19.9261 19.9261 19.9261 19.9261 19.9261 19.9261 19.9261 17.3276 55.9552 55.9552 97.7436 26.8698 
