ExternalI = 5.5000 0.0000 0.0000 0.0000 0.0000 0.0000 0.0000 0.0000 4.0000 4.0000 4.0000 4.0000 4.0000 4.0000 4.0000 0.0000 0.0000 0.0000 0.0000 0.0000 0.0000 0.0000 0.0000 8.0000 8.0000 0.0000 0.0000 
before u = 8.2124 8.0642 8.0642 8.0642 8.0642 8.0642 8.0642 8.0642 7.9976 7.9976 7.9976 7.9976 7.9976 7.9976 7.9976 7.9305 7.9305 7.9305 7.9305 7.9305 7.9305 7.9305 7.8715 11.1410 11.1410 11.6815 9.2003 
before v = 34.5253 26.1352 26.1352 26.1352 26.1352 26.1352 26.1352 26.1352 22.9656 22.9656 22.9656 22.9656 22.9656 22.9656 22.9656 19.9261 19.9261 19.9261 19.9261 19.9261 19.9261 19.9261 17.3276 55.9552 55.9552 97.7436 26.8698 
Ibias = 9.4000 9.4000 9.4000 9.4000 9.4000 9.4000 9.4000 9.4000 2.0000 2.0000 2.0000 2.0000 2.0000 2.0000 2.0000 2.0000 2.0000 2.0000 2.0000 2.0000 2.0000 2.0000 -2.0000 16.0000 16.0000 10.0000 -11.0000 
fa1 = 0.7916 0.2521 0.2521 0.2521 0.2521 0.2521 0.2521 0.2521 0.2024 0.2024 0.2024 0.2024 0.2024 0.2024 0.2024 0.1732 0.1732 0.1732 0.1732 0.1732 0.1732 0.1732 0.1555 32.5288 32.5288 147.2401 1.8406 
fa2 = 0.7916 0.2521 0.2521 0.2521 0.2521 0.2521 0.2521 0.2521 0.2024 0.2024 0.2024 0.2024 0.2024 0.2024 0.2024 0.1731 0.1731 0.1731 0.1731 0.1731 0.1731 0.1731 0.1555 32.7700 32.7700 150.8091 1.8332 
fa3 = 0.7916 0.2521 0.2521 0.2521 0.2521 0.2521 0.2521 0.2521 0.2024 0.2024 0.2024 0.2024 0.2024 0.2024 0.2024 0.1731 0.1731 0.1731 0.1731 0.1731 0.1731 0.1731 0.1555 32.7718 32.7718 150.8962 1.8332 
fa4 = 0.7916 0.2520 0.2520 0.2520 0.2520 0.2520 0.2520 0.2520 0.2023 0.2023 0.2023 0.2023 0.2023 0.2023 0.2023 0.1731 0.1731 0.1731 0.1731 0.1731 0.1731 0.1731 0.1555 33.0170 33.0170 154.6020 1.8258 
fb1 = -0.1904 -0.2180 -0.2180 -0.2180 -0.2180 -0.2180 -0.2180 -0.2180 -0.2280 -0.2280 -0.2280 -0.2280 -0.2280 -0.2280 -0.2280 -0.2375 -0.2375 -0.2375 -0.2375 -0.2375 -0.2375 -0.2375 -0.2455 0.0010 0.0010 0.1573 -0.0765 
fb2 = -0.1903 -0.2180 -0.2180 -0.2180 -0.2180 -0.2180 -0.2180 -0.2180 -0.2280 -0.2280 -0.2280 -0.2280 -0.2280 -0.2280 -0.2280 -0.2375 -0.2375 -0.2375 -0.2375 -0.2375 -0.2375 -0.2375 -0.2455 0.0017 0.0017 0.1603 -0.0765 
fb3 = -0.1903 -0.2180 -0.2180 -0.2180 -0.2180 -0.2180 -0.2180 -0.2180 -0.2280 -0.2280 -0.2280 -0.2280 -0.2280 -0.2280 -0.2280 -0.2375 -0.2375 -0.2375 -0.2375 -0.2375 -0.2375 -0.2375 -0.2455 0.0017 0.0017 0.1603 -0.0765 
fb4 = -0.1903 -0.2179 -0.2179 -0.2179 -0.2179 -0.2179 -0.2179 -0.2179 -0.2279 -0.2279 -0.2279 -0.2279 -0.2279 -0.2279 -0.2279 -0.2374 -0.2374 -0.2374 -0.2374 -0.2374 -0.2374 -0.2374 -0.2454 0.0023 0.0023 0.1633 -0.0764 
I = 14.9000 9.4000 9.4000 9.4000 9.4000 9.4000 9.4000 9.4000 6.0000 6.0000 6.0000 6.0000 6.0000 6.0000 6.0000 2.0000 2.0000 2.0000 2.0000 2.0000 2.0000 2.0000 -2.0000 26.2960 26.2960 10.0000 2.7709 
S1 = 0.0000 0.0000 0.0000 0.0000 0.0000 0.0000 0.0000 0.0000 0.0000 0.0000 0.0000 0.0000 0.0000 0.0000 0.0000 0.0000 0.0000 0.0000 0.0000 0.0000 0.0000 0.0000 0.0000 0.0000 0.0000 0.0000 0.0000 
S2 = 0.0000 0.0000 0.0000 0.0000 0.0000 0.0000 0.0000 0.0000 0.0000 0.0000 0.0000 0.0000 0.0000 0.0000 0.0000 0.0000 0.0000 0.0000 0.0000 0.0000 0.0000 0.0000 0.0000 2.2960 2.2960 0.0000 13.7709 
u = 8.2105 8.0620 8.0620 8.0620 8.0620 8.0620 8.0620 8.0620 7.9953 7.9953 7.9953 7.9953 7.9953 7.9953 7.9953 7.9282 7.9282 7.9282 7.9282 7.9282 7.9282 7.9282 7.8691 11.1410 11.1410 11.6831 9.1996 
v = 34.5332 26.1377 26.1377 26.1377 26.1377 26.1377 26.1377 26.1377 22.9676 22.9676 22.9676 22.9676 22.9676 22.9676 22.9676 19.9278 19.9278 19.9278 19.9278 19.9278 19.9278 19.9278 17.3292 56.2829 56.2829 99.2523 26.8882 
