ExternalI = 5.5000 0.0000 0.0000 0.0000 0.0000 0.0000 0.0000 0.0000 4.0000 4.0000 4.0000 4.0000 4.0000 4.0000 4.0000 0.0000 0.0000 0.0000 0.0000 0.0000 0.0000 0.0000 0.0000 8.0000 8.0000 0.0000 0.0000 
before u = 8.2105 8.0620 8.0620 8.0620 8.0620 8.0620 8.0620 8.0620 7.9953 7.9953 7.9953 7.9953 7.9953 7.9953 7.9953 7.9282 7.9282 7.9282 7.9282 7.9282 7.9282 7.9282 7.8691 11.1410 11.1410 11.6831 9.1996 
before v = 34.5332 26.1377 26.1377 26.1377 26.1377 26.1377 26.1377 26.1377 22.9676 22.9676 22.9676 22.9676 22.9676 22.9676 22.9676 19.9278 19.9278 19.9278 19.9278 19.9278 19.9278 19.9278 17.3292 56.2829 56.2829 99.2523 26.8882 
Ibias = 9.4000 9.4000 9.4000 9.4000 9.4000 9.4000 9.4000 9.4000 2.0000 2.0000 2.0000 2.0000 2.0000 2.0000 2.0000 2.0000 2.0000 2.0000 2.0000 2.0000 2.0000 2.0000 -2.0000 16.0000 16.0000 10.0000 -11.0000 
fa1 = 0.7916 0.2520 0.2520 0.2520 0.2520 0.2520 0.2520 0.2520 0.2023 0.2023 0.2023 0.2023 0.2023 0.2023 0.2023 0.1731 0.1731 0.1731 0.1731 0.1731 0.1731 0.1731 0.1555 33.0124 33.0124 154.6010 1.7983 
fa2 = 0.7916 0.2520 0.2520 0.2520 0.2520 0.2520 0.2520 0.2520 0.2023 0.2023 0.2023 0.2023 0.2023 0.2023 0.2023 0.1731 0.1731 0.1731 0.1731 0.1731 0.1731 0.1731 0.1554 33.2615 33.2615 158.4429 1.7910 
fa3 = 0.7916 0.2520 0.2520 0.2520 0.2520 0.2520 0.2520 0.2520 0.2023 0.2023 0.2023 0.2023 0.2023 0.2023 0.2023 0.1731 0.1731 0.1731 0.1731 0.1731 0.1731 0.1731 0.1554 33.2634 33.2634 158.5389 1.7910 
fa4 = 0.7916 0.2519 0.2519 0.2519 0.2519 0.2519 0.2519 0.2519 0.2022 0.2022 0.2022 0.2022 0.2022 0.2022 0.2022 0.1731 0.1731 0.1731 0.1731 0.1731 0.1731 0.1731 0.1554 33.5166 33.5166 162.5320 1.7838 
fb1 = -0.1903 -0.2179 -0.2179 -0.2179 -0.2179 -0.2179 -0.2179 -0.2179 -0.2279 -0.2279 -0.2279 -0.2279 -0.2279 -0.2279 -0.2279 -0.2374 -0.2374 -0.2374 -0.2374 -0.2374 -0.2374 -0.2374 -0.2454 0.0023 0.0023 0.1633 -0.0764 
fb2 = -0.1902 -0.2179 -0.2179 -0.2179 -0.2179 -0.2179 -0.2179 -0.2179 -0.2279 -0.2279 -0.2279 -0.2279 -0.2279 -0.2279 -0.2279 -0.2374 -0.2374 -0.2374 -0.2374 -0.2374 -0.2374 -0.2374 -0.2454 0.0030 0.0030 0.1664 -0.0764 
fb3 = -0.1902 -0.2179 -0.2179 -0.2179 -0.2179 -0.2179 -0.2179 -0.2179 -0.2279 -0.2279 -0.2279 -0.2279 -0.2279 -0.2279 -0.2279 -0.2374 -0.2374 -0.2374 -0.2374 -0.2374 -0.2374 -0.2374 -0.2454 0.0030 0.0030 0.1665 -0.0764 
fb4 = -0.1902 -0.2178 -0.2178 -0.2178 -0.2178 -0.2178 -0.2178 -0.2178 -0.2278 -0.2278 -0.2278 -0.2278 -0.2278 -0.2278 -0.2278 -0.2373 -0.2373 -0.2373 -0.2373 -0.2373 -0.2373 -0.2373 -0.2453 0.0036 0.0036 0.1697 -0.0764 
I = 14.9000 9.4000 9.4000 9.4000 9.4000 9.4000 9.4000 9.4000 6.0000 6.0000 6.0000 6.0000 6.0000 6.0000 6.0000 2.0000 2.0000 2.0000 2.0000 2.0000 2.0000 2.0000 -2.0000 26.2915 26.2915 10.0000 2.7434 
S1 = 0.0000 0.0000 0.0000 0.0000 0.0000 0.0000 0.0000 0.0000 0.0000 0.0000 0.0000 0.0000 0.0000 0.0000 0.0000 0.0000 0.0000 0.0000 0.0000 0.0000 0.0000 0.0000 0.0000 0.0000 0.0000 0.0000 0.0000 
S2 = 0.0000 0.0000 0.0000 0.0000 0.0000 0.0000 0.0000 0.0000 0.0000 0.0000 0.0000 0.0000 0.0000 0.0000 0.0000 0.0000 0.0000 0.0000 0.0000 0.0000 0.0000 0.0000 0.0000 2.2915 2.2915 0.0000 13.7434 
u = 8.2086 8.0598 8.0598 8.0598 8.0598 8.0598 8.0598 8.0598 7.9930 7.9930 7.9930 7.9930 7.9930 7.9930 7.9930 7.9258 7.9258 7.9258 7.9258 7.9258 7.9258 7.9258 7.8666 11.1410 11.1410 11.6848 9.1988 
v = 34.5411 26.1403 26.1403 26.1403 26.1403 26.1403 26.1403 26.1403 22.9696 22.9696 22.9696 22.9696 22.9696 22.9696 22.9696 19.9295 19.9295 19.9295 19.9295 19.9295 19.9295 19.9295 17.3307 56.6156 56.6156 100.8375 26.9061 
