ExternalI = 5.5000 0.0000 0.0000 0.0000 0.0000 0.0000 0.0000 0.0000 4.0000 4.0000 4.0000 4.0000 4.0000 4.0000 4.0000 0.0000 0.0000 0.0000 0.0000 0.0000 0.0000 0.0000 0.0000 8.0000 8.0000 0.0000 0.0000 
before u = 8.2086 8.0598 8.0598 8.0598 8.0598 8.0598 8.0598 8.0598 7.9930 7.9930 7.9930 7.9930 7.9930 7.9930 7.9930 7.9258 7.9258 7.9258 7.9258 7.9258 7.9258 7.9258 7.8666 11.1410 11.1410 11.6848 9.1988 
before v = 34.5411 26.1403 26.1403 26.1403 26.1403 26.1403 26.1403 26.1403 22.9696 22.9696 22.9696 22.9696 22.9696 22.9696 22.9696 19.9295 19.9295 19.9295 19.9295 19.9295 19.9295 19.9295 17.3307 56.6156 56.6156 100.8375 26.9061 
Ibias = 9.4000 9.4000 9.4000 9.4000 9.4000 9.4000 9.4000 9.4000 2.0000 2.0000 2.0000 2.0000 2.0000 2.0000 2.0000 2.0000 2.0000 2.0000 2.0000 2.0000 2.0000 2.0000 -2.0000 16.0000 16.0000 10.0000 -11.0000 
fa1 = 0.7916 0.2519 0.2519 0.2519 0.2519 0.2519 0.2519 0.2519 0.2022 0.2022 0.2022 0.2022 0.2022 0.2022 0.2022 0.1731 0.1731 0.1731 0.1731 0.1731 0.1731 0.1731 0.1554 33.5120 33.5120 162.5308 1.7563 
fa2 = 0.7916 0.2519 0.2519 0.2519 0.2519 0.2519 0.2519 0.2519 0.2022 0.2022 0.2022 0.2022 0.2022 0.2022 0.2022 0.1730 0.1730 0.1730 0.1730 0.1730 0.1730 0.1730 0.1554 33.7694 33.7694 166.6741 1.7493 
fa3 = 0.7916 0.2519 0.2519 0.2519 0.2519 0.2519 0.2519 0.2519 0.2022 0.2022 0.2022 0.2022 0.2022 0.2022 0.2022 0.1730 0.1730 0.1730 0.1730 0.1730 0.1730 0.1730 0.1554 33.7713 33.7713 166.7804 1.7493 
fa4 = 0.7917 0.2518 0.2518 0.2518 0.2518 0.2518 0.2518 0.2518 0.2022 0.2022 0.2022 0.2022 0.2022 0.2022 0.2022 0.1730 0.1730 0.1730 0.1730 0.1730 0.1730 0.1730 0.1554 34.0330 34.0330 171.0911 1.7423 
fb1 = -0.1902 -0.2178 -0.2178 -0.2178 -0.2178 -0.2178 -0.2178 -0.2178 -0.2278 -0.2278 -0.2278 -0.2278 -0.2278 -0.2278 -0.2278 -0.2373 -0.2373 -0.2373 -0.2373 -0.2373 -0.2373 -0.2373 -0.2453 0.0036 0.0036 0.1697 -0.0764 
fb2 = -0.1901 -0.2178 -0.2178 -0.2178 -0.2178 -0.2178 -0.2178 -0.2178 -0.2278 -0.2278 -0.2278 -0.2278 -0.2278 -0.2278 -0.2278 -0.2373 -0.2373 -0.2373 -0.2373 -0.2373 -0.2373 -0.2373 -0.2453 0.0043 0.0043 0.1729 -0.0763 
fb3 = -0.1901 -0.2178 -0.2178 -0.2178 -0.2178 -0.2178 -0.2178 -0.2178 -0.2278 -0.2278 -0.2278 -0.2278 -0.2278 -0.2278 -0.2278 -0.2373 -0.2373 -0.2373 -0.2373 -0.2373 -0.2373 -0.2373 -0.2453 0.0043 0.0043 0.1730 -0.0763 
fb4 = -0.1901 -0.2177 -0.2177 -0.2177 -0.2177 -0.2177 -0.2177 -0.2177 -0.2277 -0.2277 -0.2277 -0.2277 -0.2277 -0.2277 -0.2277 -0.2372 -0.2372 -0.2372 -0.2372 -0.2372 -0.2372 -0.2372 -0.2452 0.0050 0.0050 0.1763 -0.0763 
I = 14.9000 9.4000 9.4000 9.4000 9.4000 9.4000 9.4000 9.4000 6.0000 6.0000 6.0000 6.0000 6.0000 6.0000 6.0000 2.0000 2.0000 2.0000 2.0000 2.0000 2.0000 2.0000 -2.0000 26.2869 26.2869 10.0000 2.7159 
S1 = 0.0000 0.0000 0.0000 0.0000 0.0000 0.0000 0.0000 0.0000 0.0000 0.0000 0.0000 0.0000 0.0000 0.0000 0.0000 0.0000 0.0000 0.0000 0.0000 0.0000 0.0000 0.0000 0.0000 0.0000 0.0000 0.0000 0.0000 
S2 = 0.0000 0.0000 0.0000 0.0000 0.0000 0.0000 0.0000 0.0000 0.0000 0.0000 0.0000 0.0000 0.0000 0.0000 0.0000 0.0000 0.0000 0.0000 0.0000 0.0000 0.0000 0.0000 0.0000 2.2869 2.2869 0.0000 13.7159 
u = 8.2067 8.0577 8.0577 8.0577 8.0577 8.0577 8.0577 8.0577 7.9907 7.9907 7.9907 7.9907 7.9907 7.9907 7.9907 7.9234 7.9234 7.9234 7.9234 7.9234 7.9234 7.9234 7.8641 11.1411 11.1411 11.6865 9.1981 
v = 34.5490 26.1428 26.1428 26.1428 26.1428 26.1428 26.1428 26.1428 22.9716 22.9716 22.9716 22.9716 22.9716 22.9716 22.9716 19.9313 19.9313 19.9313 19.9313 19.9313 19.9313 19.9313 17.3323 56.9533 56.9533 102.5051 26.9236 
