ExternalI = 5.5000 0.0000 0.0000 0.0000 0.0000 0.0000 0.0000 0.0000 4.0000 4.0000 4.0000 4.0000 4.0000 4.0000 4.0000 0.0000 0.0000 0.0000 0.0000 0.0000 0.0000 0.0000 0.0000 8.0000 8.0000 0.0000 0.0000 
before u = 8.2067 8.0577 8.0577 8.0577 8.0577 8.0577 8.0577 8.0577 7.9907 7.9907 7.9907 7.9907 7.9907 7.9907 7.9907 7.9234 7.9234 7.9234 7.9234 7.9234 7.9234 7.9234 7.8641 11.1411 11.1411 11.6865 9.1981 
before v = 34.5490 26.1428 26.1428 26.1428 26.1428 26.1428 26.1428 26.1428 22.9716 22.9716 22.9716 22.9716 22.9716 22.9716 22.9716 19.9313 19.9313 19.9313 19.9313 19.9313 19.9313 19.9313 17.3323 56.9533 56.9533 102.5051 26.9236 
Ibias = 9.4000 9.4000 9.4000 9.4000 9.4000 9.4000 9.4000 9.4000 2.0000 2.0000 2.0000 2.0000 2.0000 2.0000 2.0000 2.0000 2.0000 2.0000 2.0000 2.0000 2.0000 2.0000 -2.0000 16.0000 16.0000 10.0000 -11.0000 
fa1 = 0.7917 0.2518 0.2518 0.2518 0.2518 0.2518 0.2518 0.2518 0.2022 0.2022 0.2022 0.2022 0.2022 0.2022 0.2022 0.1730 0.1730 0.1730 0.1730 0.1730 0.1730 0.1730 0.1554 34.0284 34.0284 171.0898 1.7149 
fa2 = 0.7917 0.2518 0.2518 0.2518 0.2518 0.2518 0.2518 0.2518 0.2021 0.2021 0.2021 0.2021 0.2021 0.2021 0.2021 0.1730 0.1730 0.1730 0.1730 0.1730 0.1730 0.1730 0.1553 34.2943 34.2943 175.5669 1.7080 
fa3 = 0.7917 0.2518 0.2518 0.2518 0.2518 0.2518 0.2518 0.2518 0.2021 0.2021 0.2021 0.2021 0.2021 0.2021 0.2021 0.1730 0.1730 0.1730 0.1730 0.1730 0.1730 0.1730 0.1553 34.2964 34.2964 175.6848 1.7080 
fa4 = 0.7917 0.2517 0.2517 0.2517 0.2517 0.2517 0.2517 0.2517 0.2021 0.2021 0.2021 0.2021 0.2021 0.2021 0.2021 0.1729 0.1729 0.1729 0.1729 0.1729 0.1729 0.1729 0.1553 34.5668 34.5668 180.3478 1.7012 
fb1 = -0.1901 -0.2177 -0.2177 -0.2177 -0.2177 -0.2177 -0.2177 -0.2177 -0.2277 -0.2277 -0.2277 -0.2277 -0.2277 -0.2277 -0.2277 -0.2372 -0.2372 -0.2372 -0.2372 -0.2372 -0.2372 -0.2372 -0.2452 0.0050 0.0050 0.1763 -0.0763 
fb2 = -0.1900 -0.2177 -0.2177 -0.2177 -0.2177 -0.2177 -0.2177 -0.2177 -0.2277 -0.2277 -0.2277 -0.2277 -0.2277 -0.2277 -0.2277 -0.2372 -0.2372 -0.2372 -0.2372 -0.2372 -0.2372 -0.2372 -0.2452 0.0057 0.0057 0.1797 -0.0762 
fb3 = -0.1900 -0.2177 -0.2177 -0.2177 -0.2177 -0.2177 -0.2177 -0.2177 -0.2277 -0.2277 -0.2277 -0.2277 -0.2277 -0.2277 -0.2277 -0.2372 -0.2372 -0.2372 -0.2372 -0.2372 -0.2372 -0.2372 -0.2452 0.0057 0.0057 0.1798 -0.0762 
fb4 = -0.1900 -0.2176 -0.2176 -0.2176 -0.2176 -0.2176 -0.2176 -0.2176 -0.2276 -0.2276 -0.2276 -0.2276 -0.2276 -0.2276 -0.2276 -0.2371 -0.2371 -0.2371 -0.2371 -0.2371 -0.2371 -0.2371 -0.2451 0.0064 0.0064 0.1833 -0.0762 
I = 14.9000 9.4000 9.4000 9.4000 9.4000 9.4000 9.4000 9.4000 6.0000 6.0000 6.0000 6.0000 6.0000 6.0000 6.0000 2.0000 2.0000 2.0000 2.0000 2.0000 2.0000 2.0000 -2.0000 26.2823 26.2823 10.0000 2.6885 
S1 = 0.0000 0.0000 0.0000 0.0000 0.0000 0.0000 0.0000 0.0000 0.0000 0.0000 0.0000 0.0000 0.0000 0.0000 0.0000 0.0000 0.0000 0.0000 0.0000 0.0000 0.0000 0.0000 0.0000 0.0000 0.0000 0.0000 0.0000 
S2 = 0.0000 0.0000 0.0000 0.0000 0.0000 0.0000 0.0000 0.0000 0.0000 0.0000 0.0000 0.0000 0.0000 0.0000 0.0000 0.0000 0.0000 0.0000 0.0000 0.0000 0.0000 0.0000 0.0000 2.2823 2.2823 0.0000 13.6885 
u = 8.2048 8.0555 8.0555 8.0555 8.0555 8.0555 8.0555 8.0555 7.9885 7.9885 7.9885 7.9885 7.9885 7.9885 7.9885 7.9211 7.9211 7.9211 7.9211 7.9211 7.9211 7.9211 7.8617 11.1411 11.1411 11.6883 9.1973 
v = 34.5569 26.1453 26.1453 26.1453 26.1453 26.1453 26.1453 26.1453 22.9737 22.9737 22.9737 22.9737 22.9737 22.9737 22.9737 19.9330 19.9330 19.9330 19.9330 19.9330 19.9330 19.9330 17.3338 57.2962 57.2962 104.2616 26.9406 
