ExternalI = 5.5000 0.0000 0.0000 0.0000 0.0000 0.0000 0.0000 0.0000 4.0000 4.0000 4.0000 4.0000 4.0000 4.0000 4.0000 0.0000 0.0000 0.0000 0.0000 0.0000 0.0000 0.0000 0.0000 8.0000 8.0000 0.0000 0.0000 
before u = 8.2048 8.0555 8.0555 8.0555 8.0555 8.0555 8.0555 8.0555 7.9885 7.9885 7.9885 7.9885 7.9885 7.9885 7.9885 7.9211 7.9211 7.9211 7.9211 7.9211 7.9211 7.9211 7.8617 11.1411 11.1411 11.6883 9.1973 
before v = 34.5569 26.1453 26.1453 26.1453 26.1453 26.1453 26.1453 26.1453 22.9737 22.9737 22.9737 22.9737 22.9737 22.9737 22.9737 19.9330 19.9330 19.9330 19.9330 19.9330 19.9330 19.9330 17.3338 57.2962 57.2962 104.2616 26.9406 
Ibias = 9.4000 9.4000 9.4000 9.4000 9.4000 9.4000 9.4000 9.4000 2.0000 2.0000 2.0000 2.0000 2.0000 2.0000 2.0000 2.0000 2.0000 2.0000 2.0000 2.0000 2.0000 2.0000 -2.0000 16.0000 16.0000 10.0000 -11.0000 
fa1 = 0.7917 0.2517 0.2517 0.2517 0.2517 0.2517 0.2517 0.2517 0.2021 0.2021 0.2021 0.2021 0.2021 0.2021 0.2021 0.1729 0.1729 0.1729 0.1729 0.1729 0.1729 0.1729 0.1553 34.5622 34.5622 180.3463 1.6738 
fa2 = 0.7917 0.2516 0.2516 0.2516 0.2516 0.2516 0.2516 0.2516 0.2021 0.2021 0.2021 0.2021 0.2021 0.2021 0.2021 0.1729 0.1729 0.1729 0.1729 0.1729 0.1729 0.1729 0.1553 34.8371 34.8371 185.1940 1.6671 
fa3 = 0.7917 0.2516 0.2516 0.2516 0.2516 0.2516 0.2516 0.2516 0.2021 0.2021 0.2021 0.2021 0.2021 0.2021 0.2021 0.1729 0.1729 0.1729 0.1729 0.1729 0.1729 0.1729 0.1553 34.8392 34.8392 185.3252 1.6671 
fa4 = 0.7917 0.2516 0.2516 0.2516 0.2516 0.2516 0.2516 0.2516 0.2020 0.2020 0.2020 0.2020 0.2020 0.2020 0.2020 0.1729 0.1729 0.1729 0.1729 0.1729 0.1729 0.1729 0.1553 35.1187 35.1187 190.3799 1.6605 
fb1 = -0.1900 -0.2176 -0.2176 -0.2176 -0.2176 -0.2176 -0.2176 -0.2176 -0.2276 -0.2276 -0.2276 -0.2276 -0.2276 -0.2276 -0.2276 -0.2371 -0.2371 -0.2371 -0.2371 -0.2371 -0.2371 -0.2371 -0.2451 0.0064 0.0064 0.1833 -0.0762 
fb2 = -0.1899 -0.2176 -0.2176 -0.2176 -0.2176 -0.2176 -0.2176 -0.2176 -0.2276 -0.2276 -0.2276 -0.2276 -0.2276 -0.2276 -0.2276 -0.2371 -0.2371 -0.2371 -0.2371 -0.2371 -0.2371 -0.2371 -0.2451 0.0071 0.0071 0.1869 -0.0761 
fb3 = -0.1899 -0.2176 -0.2176 -0.2176 -0.2176 -0.2176 -0.2176 -0.2176 -0.2276 -0.2276 -0.2276 -0.2276 -0.2276 -0.2276 -0.2276 -0.2371 -0.2371 -0.2371 -0.2371 -0.2371 -0.2371 -0.2371 -0.2451 0.0071 0.0071 0.1870 -0.0761 
fb4 = -0.1899 -0.2175 -0.2175 -0.2175 -0.2175 -0.2175 -0.2175 -0.2175 -0.2275 -0.2275 -0.2275 -0.2275 -0.2275 -0.2275 -0.2275 -0.2370 -0.2370 -0.2370 -0.2370 -0.2370 -0.2370 -0.2370 -0.2450 0.0078 0.0078 0.1907 -0.0761 
I = 14.9000 9.4000 9.4000 9.4000 9.4000 9.4000 9.4000 9.4000 6.0000 6.0000 6.0000 6.0000 6.0000 6.0000 6.0000 2.0000 2.0000 2.0000 2.0000 2.0000 2.0000 2.0000 -2.0000 26.2777 26.2777 10.0000 2.6611 
S1 = 0.0000 0.0000 0.0000 0.0000 0.0000 0.0000 0.0000 0.0000 0.0000 0.0000 0.0000 0.0000 0.0000 0.0000 0.0000 0.0000 0.0000 0.0000 0.0000 0.0000 0.0000 0.0000 0.0000 0.0000 0.0000 0.0000 0.0000 
S2 = 0.0000 0.0000 0.0000 0.0000 0.0000 0.0000 0.0000 0.0000 0.0000 0.0000 0.0000 0.0000 0.0000 0.0000 0.0000 0.0000 0.0000 0.0000 0.0000 0.0000 0.0000 0.0000 0.0000 2.2777 2.2777 0.0000 13.6611 
u = 8.2029 8.0533 8.0533 8.0533 8.0533 8.0533 8.0533 8.0533 7.9862 7.9862 7.9862 7.9862 7.9862 7.9862 7.9862 7.9187 7.9187 7.9187 7.9187 7.9187 7.9187 7.9187 7.8592 11.1412 11.1412 11.6902 9.1965 
v = 34.5648 26.1478 26.1478 26.1478 26.1478 26.1478 26.1478 26.1478 22.9757 22.9757 22.9757 22.9757 22.9757 22.9757 22.9757 19.9347 19.9347 19.9347 19.9347 19.9347 19.9347 19.9347 17.3354 57.6446 57.6446 106.1146 26.9573 
