ExternalI = 5.5000 0.0000 0.0000 0.0000 0.0000 0.0000 0.0000 0.0000 4.0000 4.0000 4.0000 4.0000 4.0000 4.0000 4.0000 0.0000 0.0000 0.0000 0.0000 0.0000 0.0000 0.0000 0.0000 8.0000 8.0000 0.0000 0.0000 
before u = 9.7612 9.7572 9.7572 9.7572 9.7572 9.7572 9.7572 9.7572 9.7548 9.7548 9.7548 9.7548 9.7548 9.7548 9.7548 9.7519 9.7519 9.7519 9.7519 9.7519 9.7519 9.7519 9.7492 9.9191 9.9191 10.1905 9.8931 
before v = 21.7044 19.2913 19.2913 19.2913 19.2913 19.2913 19.2913 19.2913 17.8506 17.8506 17.8506 17.8506 17.8506 17.8506 17.8506 16.2023 16.2023 16.2023 16.2023 16.2023 16.2023 16.2023 14.6017 30.9642 30.9642 68.5595 15.2561 
Ibias = 9.4000 9.4000 9.4000 9.4000 9.4000 9.4000 9.4000 9.4000 2.0000 2.0000 2.0000 2.0000 2.0000 2.0000 2.0000 2.0000 2.0000 2.0000 2.0000 2.0000 2.0000 2.0000 -2.0000 16.0000 16.0000 10.0000 -11.0000 
fa1 = 8.8689 6.6550 6.6550 6.6550 6.6550 6.6550 6.6550 6.6550 5.4392 5.4392 5.4392 5.4392 5.4392 5.4392 5.4392 4.1417 4.1417 4.1417 4.1417 4.1417 4.1417 4.1417 2.9742 19.5396 19.5396 42.1473 4.0753 
fa2 = 8.8144 6.6082 6.6082 6.6082 6.6082 6.6082 6.6082 6.6082 5.3981 5.3981 5.3981 5.3981 5.3981 5.3981 5.3981 4.1081 4.1081 4.1081 4.1081 4.1081 4.1081 4.1081 2.9486 19.4892 19.4892 42.6723 4.0397 
fa3 = 8.8148 6.6085 6.6085 6.6085 6.6085 6.6085 6.6085 6.6085 5.3984 5.3984 5.3984 5.3984 5.3984 5.3984 5.3984 4.1084 4.1084 4.1084 4.1084 4.1084 4.1084 4.1084 2.9489 19.4894 19.4894 42.6789 4.0401 
fa4 = 8.7608 6.5621 6.5621 6.5621 6.5621 6.5621 6.5621 6.5621 5.3576 5.3576 5.3576 5.3576 5.3576 5.3576 5.3576 4.0750 4.0750 4.0750 4.0750 4.0750 4.0750 4.0750 2.9235 19.4399 19.4399 43.2143 4.0048 
fb1 = -0.3036 -0.3131 -0.3131 -0.3131 -0.3131 -0.3131 -0.3131 -0.3131 -0.3188 -0.3188 -0.3188 -0.3188 -0.3188 -0.3188 -0.3188 -0.3253 -0.3253 -0.3253 -0.3253 -0.3253 -0.3253 -0.3253 -0.3316 -0.0745 -0.0745 0.0704 -0.1368 
fb2 = -0.3034 -0.3129 -0.3129 -0.3129 -0.3129 -0.3129 -0.3129 -0.3129 -0.3186 -0.3186 -0.3186 -0.3186 -0.3186 -0.3186 -0.3186 -0.3251 -0.3251 -0.3251 -0.3251 -0.3251 -0.3251 -0.3251 -0.3314 -0.0741 -0.0741 0.0713 -0.1367 
fb3 = -0.3034 -0.3129 -0.3129 -0.3129 -0.3129 -0.3129 -0.3129 -0.3129 -0.3186 -0.3186 -0.3186 -0.3186 -0.3186 -0.3186 -0.3186 -0.3251 -0.3251 -0.3251 -0.3251 -0.3251 -0.3251 -0.3251 -0.3314 -0.0741 -0.0741 0.0713 -0.1367 
fb4 = -0.3032 -0.3127 -0.3127 -0.3127 -0.3127 -0.3127 -0.3127 -0.3127 -0.3184 -0.3184 -0.3184 -0.3184 -0.3184 -0.3184 -0.3184 -0.3250 -0.3250 -0.3250 -0.3250 -0.3250 -0.3250 -0.3250 -0.3313 -0.0737 -0.0737 0.0721 -0.1366 
I = 14.9000 9.4000 9.4000 9.4000 9.4000 9.4000 9.4000 9.4000 6.0000 6.0000 6.0000 6.0000 6.0000 6.0000 6.0000 2.0000 2.0000 2.0000 2.0000 2.0000 2.0000 2.0000 -2.0000 24.0000 24.0000 10.0000 -9.5732 
S1 = 0.0000 0.0000 0.0000 0.0000 0.0000 0.0000 0.0000 0.0000 0.0000 0.0000 0.0000 0.0000 0.0000 0.0000 0.0000 0.0000 0.0000 0.0000 0.0000 0.0000 0.0000 0.0000 0.0000 0.0000 0.0000 0.0000 0.0000 
S2 = 0.0000 0.0000 0.0000 0.0000 0.0000 0.0000 0.0000 0.0000 0.0000 0.0000 0.0000 0.0000 0.0000 0.0000 0.0000 0.0000 0.0000 0.0000 0.0000 0.0000 0.0000 0.0000 0.0000 0.0000 0.0000 0.0000 1.4268 
u = 9.7582 9.7541 9.7541 9.7541 9.7541 9.7541 9.7541 9.7541 9.7516 9.7516 9.7516 9.7516 9.7516 9.7516 9.7516 9.7487 9.7487 9.7487 9.7487 9.7487 9.7487 9.7487 9.7458 9.9183 9.9183 10.1912 9.8917 
v = 21.7925 19.3574 19.3574 19.3574 19.3574 19.3574 19.3574 19.3574 17.9046 17.9046 17.9046 17.9046 17.9046 17.9046 17.9046 16.2434 16.2434 16.2434 16.2434 16.2434 16.2434 16.2434 14.6312 31.1591 31.1591 68.9863 15.2965 
