ExternalI = 5.5000 0.0000 0.0000 0.0000 0.0000 0.0000 0.0000 0.0000 4.0000 4.0000 4.0000 4.0000 4.0000 4.0000 4.0000 0.0000 0.0000 0.0000 0.0000 0.0000 0.0000 0.0000 0.0000 8.0000 8.0000 0.0000 0.0000 
before u = 8.2029 8.0533 8.0533 8.0533 8.0533 8.0533 8.0533 8.0533 7.9862 7.9862 7.9862 7.9862 7.9862 7.9862 7.9862 7.9187 7.9187 7.9187 7.9187 7.9187 7.9187 7.9187 7.8592 11.1412 11.1412 11.6902 9.1965 
before v = 34.5648 26.1478 26.1478 26.1478 26.1478 26.1478 26.1478 26.1478 22.9757 22.9757 22.9757 22.9757 22.9757 22.9757 22.9757 19.9347 19.9347 19.9347 19.9347 19.9347 19.9347 19.9347 17.3354 57.6446 57.6446 106.1146 26.9573 
Ibias = 9.4000 9.4000 9.4000 9.4000 9.4000 9.4000 9.4000 9.4000 2.0000 2.0000 2.0000 2.0000 2.0000 2.0000 2.0000 2.0000 2.0000 2.0000 2.0000 2.0000 2.0000 2.0000 -2.0000 16.0000 16.0000 10.0000 -11.0000 
fa1 = 0.7917 0.2516 0.2516 0.2516 0.2516 0.2516 0.2516 0.2516 0.2020 0.2020 0.2020 0.2020 0.2020 0.2020 0.2020 0.1729 0.1729 0.1729 0.1729 0.1729 0.1729 0.1729 0.1553 35.1142 35.1142 190.3782 1.6332 
fa2 = 0.7917 0.2515 0.2515 0.2515 0.2515 0.2515 0.2515 0.2515 0.2020 0.2020 0.2020 0.2020 0.2020 0.2020 0.2020 0.1729 0.1729 0.1729 0.1729 0.1729 0.1729 0.1729 0.1552 35.3983 35.3983 195.6386 1.6267 
fa3 = 0.7917 0.2515 0.2515 0.2515 0.2515 0.2515 0.2515 0.2515 0.2020 0.2020 0.2020 0.2020 0.2020 0.2020 0.2020 0.1729 0.1729 0.1729 0.1729 0.1729 0.1729 0.1729 0.1552 35.4006 35.4006 195.7849 1.6267 
fa4 = 0.7918 0.2515 0.2515 0.2515 0.2515 0.2515 0.2515 0.2515 0.2020 0.2020 0.2020 0.2020 0.2020 0.2020 0.2020 0.1728 0.1728 0.1728 0.1728 0.1728 0.1728 0.1728 0.1552 35.6896 35.6896 201.2765 1.6202 
fb1 = -0.1899 -0.2175 -0.2175 -0.2175 -0.2175 -0.2175 -0.2175 -0.2175 -0.2275 -0.2275 -0.2275 -0.2275 -0.2275 -0.2275 -0.2275 -0.2370 -0.2370 -0.2370 -0.2370 -0.2370 -0.2370 -0.2370 -0.2450 0.0078 0.0078 0.1907 -0.0761 
fb2 = -0.1898 -0.2175 -0.2175 -0.2175 -0.2175 -0.2175 -0.2175 -0.2175 -0.2275 -0.2275 -0.2275 -0.2275 -0.2275 -0.2275 -0.2275 -0.2370 -0.2370 -0.2370 -0.2370 -0.2370 -0.2370 -0.2370 -0.2450 0.0085 0.0085 0.1944 -0.0761 
fb3 = -0.1898 -0.2175 -0.2175 -0.2175 -0.2175 -0.2175 -0.2175 -0.2175 -0.2275 -0.2275 -0.2275 -0.2275 -0.2275 -0.2275 -0.2275 -0.2370 -0.2370 -0.2370 -0.2370 -0.2370 -0.2370 -0.2370 -0.2450 0.0085 0.0085 0.1945 -0.0761 
fb4 = -0.1897 -0.2174 -0.2174 -0.2174 -0.2174 -0.2174 -0.2174 -0.2174 -0.2274 -0.2274 -0.2274 -0.2274 -0.2274 -0.2274 -0.2274 -0.2369 -0.2369 -0.2369 -0.2369 -0.2369 -0.2369 -0.2369 -0.2449 0.0092 0.0092 0.1984 -0.0760 
I = 14.9000 9.4000 9.4000 9.4000 9.4000 9.4000 9.4000 9.4000 6.0000 6.0000 6.0000 6.0000 6.0000 6.0000 6.0000 2.0000 2.0000 2.0000 2.0000 2.0000 2.0000 2.0000 -2.0000 26.2732 26.2732 10.0000 2.6338 
S1 = 0.0000 0.0000 0.0000 0.0000 0.0000 0.0000 0.0000 0.0000 0.0000 0.0000 0.0000 0.0000 0.0000 0.0000 0.0000 0.0000 0.0000 0.0000 0.0000 0.0000 0.0000 0.0000 0.0000 0.0000 0.0000 0.0000 0.0000 
S2 = 0.0000 0.0000 0.0000 0.0000 0.0000 0.0000 0.0000 0.0000 0.0000 0.0000 0.0000 0.0000 0.0000 0.0000 0.0000 0.0000 0.0000 0.0000 0.0000 0.0000 0.0000 0.0000 0.0000 2.2732 2.2732 0.0000 13.6338 
u = 8.2010 8.0511 8.0511 8.0511 8.0511 8.0511 8.0511 8.0511 7.9839 7.9839 7.9839 7.9839 7.9839 7.9839 7.9839 7.9163 7.9163 7.9163 7.9163 7.9163 7.9163 7.9163 7.8568 11.1413 11.1413 11.6921 9.1958 
v = 34.5728 26.1503 26.1503 26.1503 26.1503 26.1503 26.1503 26.1503 22.9777 22.9777 22.9777 22.9777 22.9777 22.9777 22.9777 19.9364 19.9364 19.9364 19.9364 19.9364 19.9364 19.9364 17.3369 57.9986 57.9986 108.0721 26.9736 
