ExternalI = 5.5000 0.0000 0.0000 0.0000 0.0000 0.0000 0.0000 0.0000 4.0000 4.0000 4.0000 4.0000 4.0000 4.0000 4.0000 0.0000 0.0000 0.0000 0.0000 0.0000 0.0000 0.0000 0.0000 8.0000 8.0000 0.0000 0.0000 
before u = 8.2010 8.0511 8.0511 8.0511 8.0511 8.0511 8.0511 8.0511 7.9839 7.9839 7.9839 7.9839 7.9839 7.9839 7.9839 7.9163 7.9163 7.9163 7.9163 7.9163 7.9163 7.9163 7.8568 11.1413 11.1413 11.6921 9.1958 
before v = 34.5728 26.1503 26.1503 26.1503 26.1503 26.1503 26.1503 26.1503 22.9777 22.9777 22.9777 22.9777 22.9777 22.9777 22.9777 19.9364 19.9364 19.9364 19.9364 19.9364 19.9364 19.9364 17.3369 57.9986 57.9986 108.0721 26.9736 
Ibias = 9.4000 9.4000 9.4000 9.4000 9.4000 9.4000 9.4000 9.4000 2.0000 2.0000 2.0000 2.0000 2.0000 2.0000 2.0000 2.0000 2.0000 2.0000 2.0000 2.0000 2.0000 2.0000 -2.0000 16.0000 16.0000 10.0000 -11.0000 
fa1 = 0.7918 0.2515 0.2515 0.2515 0.2515 0.2515 0.2515 0.2515 0.2020 0.2020 0.2020 0.2020 0.2020 0.2020 0.2020 0.1728 0.1728 0.1728 0.1728 0.1728 0.1728 0.1728 0.1552 35.6851 35.6851 201.2746 1.5930 
fa2 = 0.7918 0.2514 0.2514 0.2514 0.2514 0.2514 0.2514 0.2514 0.2019 0.2019 0.2019 0.2019 0.2019 0.2019 0.2019 0.1728 0.1728 0.1728 0.1728 0.1728 0.1728 0.1728 0.1552 35.9789 35.9789 206.9958 1.5866 
fa3 = 0.7918 0.2514 0.2514 0.2514 0.2514 0.2514 0.2514 0.2514 0.2019 0.2019 0.2019 0.2019 0.2019 0.2019 0.2019 0.1728 0.1728 0.1728 0.1728 0.1728 0.1728 0.1728 0.1552 35.9813 35.9813 207.1597 1.5867 
fa4 = 0.7918 0.2514 0.2514 0.2514 0.2514 0.2514 0.2514 0.2514 0.2019 0.2019 0.2019 0.2019 0.2019 0.2019 0.2019 0.1728 0.1728 0.1728 0.1728 0.1728 0.1728 0.1728 0.1551 36.2802 36.2802 213.1400 1.5804 
fb1 = -0.1897 -0.2174 -0.2174 -0.2174 -0.2174 -0.2174 -0.2174 -0.2174 -0.2274 -0.2274 -0.2274 -0.2274 -0.2274 -0.2274 -0.2274 -0.2369 -0.2369 -0.2369 -0.2369 -0.2369 -0.2369 -0.2369 -0.2449 0.0092 0.0092 0.1984 -0.0760 
fb2 = -0.1897 -0.2174 -0.2174 -0.2174 -0.2174 -0.2174 -0.2174 -0.2174 -0.2274 -0.2274 -0.2274 -0.2274 -0.2274 -0.2274 -0.2274 -0.2369 -0.2369 -0.2369 -0.2369 -0.2369 -0.2369 -0.2369 -0.2449 0.0099 0.0099 0.2025 -0.0760 
fb3 = -0.1897 -0.2174 -0.2174 -0.2174 -0.2174 -0.2174 -0.2174 -0.2174 -0.2274 -0.2274 -0.2274 -0.2274 -0.2274 -0.2274 -0.2274 -0.2369 -0.2369 -0.2369 -0.2369 -0.2369 -0.2369 -0.2369 -0.2449 0.0099 0.0099 0.2026 -0.0760 
fb4 = -0.1896 -0.2173 -0.2173 -0.2173 -0.2173 -0.2173 -0.2173 -0.2173 -0.2273 -0.2273 -0.2273 -0.2273 -0.2273 -0.2273 -0.2273 -0.2368 -0.2368 -0.2368 -0.2368 -0.2368 -0.2368 -0.2368 -0.2448 0.0106 0.0106 0.2067 -0.0759 
I = 14.9000 9.4000 9.4000 9.4000 9.4000 9.4000 9.4000 9.4000 6.0000 6.0000 6.0000 6.0000 6.0000 6.0000 6.0000 2.0000 2.0000 2.0000 2.0000 2.0000 2.0000 2.0000 -2.0000 26.2686 26.2686 10.0000 2.6065 
S1 = 0.0000 0.0000 0.0000 0.0000 0.0000 0.0000 0.0000 0.0000 0.0000 0.0000 0.0000 0.0000 0.0000 0.0000 0.0000 0.0000 0.0000 0.0000 0.0000 0.0000 0.0000 0.0000 0.0000 0.0000 0.0000 0.0000 0.0000 
S2 = 0.0000 0.0000 0.0000 0.0000 0.0000 0.0000 0.0000 0.0000 0.0000 0.0000 0.0000 0.0000 0.0000 0.0000 0.0000 0.0000 0.0000 0.0000 0.0000 0.0000 0.0000 0.0000 0.0000 2.2686 2.2686 0.0000 13.6065 
u = 8.1991 8.0490 8.0490 8.0490 8.0490 8.0490 8.0490 8.0490 7.9816 7.9816 7.9816 7.9816 7.9816 7.9816 7.9816 7.9139 7.9139 7.9139 7.9139 7.9139 7.9139 7.9139 7.8543 11.1414 11.1414 11.6942 9.1950 
v = 34.5807 26.1528 26.1528 26.1528 26.1528 26.1528 26.1528 26.1528 22.9797 22.9797 22.9797 22.9797 22.9797 22.9797 22.9797 19.9382 19.9382 19.9382 19.9382 19.9382 19.9382 19.9382 17.3385 58.3584 58.3584 110.1433 26.9895 
