ExternalI = 5.5000 0.0000 0.0000 0.0000 0.0000 0.0000 0.0000 0.0000 4.0000 4.0000 4.0000 4.0000 4.0000 4.0000 4.0000 0.0000 0.0000 0.0000 0.0000 0.0000 0.0000 0.0000 0.0000 8.0000 8.0000 0.0000 0.0000 
before u = 8.1991 8.0490 8.0490 8.0490 8.0490 8.0490 8.0490 8.0490 7.9816 7.9816 7.9816 7.9816 7.9816 7.9816 7.9816 7.9139 7.9139 7.9139 7.9139 7.9139 7.9139 7.9139 7.8543 11.1414 11.1414 11.6942 9.1950 
before v = 34.5807 26.1528 26.1528 26.1528 26.1528 26.1528 26.1528 26.1528 22.9797 22.9797 22.9797 22.9797 22.9797 22.9797 22.9797 19.9382 19.9382 19.9382 19.9382 19.9382 19.9382 19.9382 17.3385 58.3584 58.3584 110.1433 26.9895 
Ibias = 9.4000 9.4000 9.4000 9.4000 9.4000 9.4000 9.4000 9.4000 2.0000 2.0000 2.0000 2.0000 2.0000 2.0000 2.0000 2.0000 2.0000 2.0000 2.0000 2.0000 2.0000 2.0000 -2.0000 16.0000 16.0000 10.0000 -11.0000 
fa1 = 0.7918 0.2514 0.2514 0.2514 0.2514 0.2514 0.2514 0.2514 0.2019 0.2019 0.2019 0.2019 0.2019 0.2019 0.2019 0.1728 0.1728 0.1728 0.1728 0.1728 0.1728 0.1728 0.1551 36.2757 36.2757 213.1377 1.5531 
fa2 = 0.7918 0.2513 0.2513 0.2513 0.2513 0.2513 0.2513 0.2513 0.2019 0.2019 0.2019 0.2019 0.2019 0.2019 0.2019 0.1727 0.1727 0.1727 0.1727 0.1727 0.1727 0.1727 0.1551 36.5796 36.5796 219.3753 1.5470 
fa3 = 0.7918 0.2513 0.2513 0.2513 0.2513 0.2513 0.2513 0.2513 0.2019 0.2019 0.2019 0.2019 0.2019 0.2019 0.2019 0.1727 0.1727 0.1727 0.1727 0.1727 0.1727 0.1727 0.1551 36.5821 36.5821 219.5592 1.5470 
fa4 = 0.7919 0.2513 0.2513 0.2513 0.2513 0.2513 0.2513 0.2513 0.2018 0.2018 0.2018 0.2018 0.2018 0.2018 0.2018 0.1727 0.1727 0.1727 0.1727 0.1727 0.1727 0.1727 0.1551 36.8913 36.8913 226.0880 1.5409 
fb1 = -0.1896 -0.2173 -0.2173 -0.2173 -0.2173 -0.2173 -0.2173 -0.2173 -0.2273 -0.2273 -0.2273 -0.2273 -0.2273 -0.2273 -0.2273 -0.2368 -0.2368 -0.2368 -0.2368 -0.2368 -0.2368 -0.2368 -0.2448 0.0106 0.0106 0.2067 -0.0759 
fb2 = -0.1896 -0.2173 -0.2173 -0.2173 -0.2173 -0.2173 -0.2173 -0.2173 -0.2273 -0.2273 -0.2273 -0.2273 -0.2273 -0.2273 -0.2273 -0.2368 -0.2368 -0.2368 -0.2368 -0.2368 -0.2368 -0.2368 -0.2448 0.0113 0.0113 0.2109 -0.0759 
fb3 = -0.1896 -0.2173 -0.2173 -0.2173 -0.2173 -0.2173 -0.2173 -0.2173 -0.2273 -0.2273 -0.2273 -0.2273 -0.2273 -0.2273 -0.2273 -0.2368 -0.2368 -0.2368 -0.2368 -0.2368 -0.2368 -0.2368 -0.2448 0.0113 0.0113 0.2111 -0.0759 
fb4 = -0.1895 -0.2173 -0.2173 -0.2173 -0.2173 -0.2173 -0.2173 -0.2173 -0.2272 -0.2272 -0.2272 -0.2272 -0.2272 -0.2272 -0.2272 -0.2367 -0.2367 -0.2367 -0.2367 -0.2367 -0.2367 -0.2367 -0.2447 0.0121 0.0121 0.2154 -0.0759 
I = 14.9000 9.4000 9.4000 9.4000 9.4000 9.4000 9.4000 9.4000 6.0000 6.0000 6.0000 6.0000 6.0000 6.0000 6.0000 2.0000 2.0000 2.0000 2.0000 2.0000 2.0000 2.0000 -2.0000 26.2641 26.2641 10.0000 2.5793 
S1 = 0.0000 0.0000 0.0000 0.0000 0.0000 0.0000 0.0000 0.0000 0.0000 0.0000 0.0000 0.0000 0.0000 0.0000 0.0000 0.0000 0.0000 0.0000 0.0000 0.0000 0.0000 0.0000 0.0000 0.0000 0.0000 0.0000 0.0000 
S2 = 0.0000 0.0000 0.0000 0.0000 0.0000 0.0000 0.0000 0.0000 0.0000 0.0000 0.0000 0.0000 0.0000 0.0000 0.0000 0.0000 0.0000 0.0000 0.0000 0.0000 0.0000 0.0000 0.0000 2.2641 2.2641 0.0000 13.5793 
u = 8.1972 8.0468 8.0468 8.0468 8.0468 8.0468 8.0468 8.0468 7.9794 7.9794 7.9794 7.9794 7.9794 7.9794 7.9794 7.9116 7.9116 7.9116 7.9116 7.9116 7.9116 7.9116 7.8519 11.1415 11.1415 11.6963 9.1943 
v = 34.5886 26.1553 26.1553 26.1553 26.1553 26.1553 26.1553 26.1553 22.9817 22.9817 22.9817 22.9817 22.9817 22.9817 22.9817 19.9399 19.9399 19.9399 19.9399 19.9399 19.9399 19.9399 17.3400 58.7242 58.7242 112.3384 27.0049 
