ExternalI = 5.5000 0.0000 0.0000 0.0000 0.0000 0.0000 0.0000 0.0000 4.0000 4.0000 4.0000 4.0000 4.0000 4.0000 4.0000 0.0000 0.0000 0.0000 0.0000 0.0000 0.0000 0.0000 0.0000 8.0000 8.0000 0.0000 0.0000 
before u = 8.1972 8.0468 8.0468 8.0468 8.0468 8.0468 8.0468 8.0468 7.9794 7.9794 7.9794 7.9794 7.9794 7.9794 7.9794 7.9116 7.9116 7.9116 7.9116 7.9116 7.9116 7.9116 7.8519 11.1415 11.1415 11.6963 9.1943 
before v = 34.5886 26.1553 26.1553 26.1553 26.1553 26.1553 26.1553 26.1553 22.9817 22.9817 22.9817 22.9817 22.9817 22.9817 22.9817 19.9399 19.9399 19.9399 19.9399 19.9399 19.9399 19.9399 17.3400 58.7242 58.7242 112.3384 27.0049 
Ibias = 9.4000 9.4000 9.4000 9.4000 9.4000 9.4000 9.4000 9.4000 2.0000 2.0000 2.0000 2.0000 2.0000 2.0000 2.0000 2.0000 2.0000 2.0000 2.0000 2.0000 2.0000 2.0000 -2.0000 16.0000 16.0000 10.0000 -11.0000 
fa1 = 0.7919 0.2513 0.2513 0.2513 0.2513 0.2513 0.2513 0.2513 0.2018 0.2018 0.2018 0.2018 0.2018 0.2018 0.2018 0.1727 0.1727 0.1727 0.1727 0.1727 0.1727 0.1727 0.1551 36.8868 36.8868 226.0854 1.5137 
fa2 = 0.7919 0.2512 0.2512 0.2512 0.2512 0.2512 0.2512 0.2512 0.2018 0.2018 0.2018 0.2018 0.2018 0.2018 0.2018 0.1727 0.1727 0.1727 0.1727 0.1727 0.1727 0.1727 0.1551 37.2013 37.2013 232.9034 1.5078 
fa3 = 0.7919 0.2512 0.2512 0.2512 0.2512 0.2512 0.2512 0.2512 0.2018 0.2018 0.2018 0.2018 0.2018 0.2018 0.2018 0.1727 0.1727 0.1727 0.1727 0.1727 0.1727 0.1727 0.1551 37.2039 37.2039 233.1106 1.5078 
fa4 = 0.7919 0.2512 0.2512 0.2512 0.2512 0.2512 0.2512 0.2512 0.2017 0.2017 0.2017 0.2017 0.2017 0.2017 0.2017 0.1726 0.1726 0.1726 0.1726 0.1726 0.1726 0.1726 0.1550 37.5239 37.5239 240.2571 1.5019 
fb1 = -0.1895 -0.2173 -0.2173 -0.2173 -0.2173 -0.2173 -0.2173 -0.2173 -0.2272 -0.2272 -0.2272 -0.2272 -0.2272 -0.2272 -0.2272 -0.2367 -0.2367 -0.2367 -0.2367 -0.2367 -0.2367 -0.2367 -0.2447 0.0121 0.0121 0.2154 -0.0759 
fb2 = -0.1895 -0.2172 -0.2172 -0.2172 -0.2172 -0.2172 -0.2172 -0.2172 -0.2272 -0.2272 -0.2272 -0.2272 -0.2272 -0.2272 -0.2272 -0.2367 -0.2367 -0.2367 -0.2367 -0.2367 -0.2367 -0.2367 -0.2447 0.0128 0.0128 0.2199 -0.0758 
fb3 = -0.1895 -0.2172 -0.2172 -0.2172 -0.2172 -0.2172 -0.2172 -0.2172 -0.2272 -0.2272 -0.2272 -0.2272 -0.2272 -0.2272 -0.2272 -0.2367 -0.2367 -0.2367 -0.2367 -0.2367 -0.2367 -0.2367 -0.2447 0.0128 0.0128 0.2201 -0.0758 
fb4 = -0.1894 -0.2172 -0.2172 -0.2172 -0.2172 -0.2172 -0.2172 -0.2172 -0.2271 -0.2271 -0.2271 -0.2271 -0.2271 -0.2271 -0.2271 -0.2366 -0.2366 -0.2366 -0.2366 -0.2366 -0.2366 -0.2366 -0.2446 0.0136 0.0136 0.2247 -0.0758 
I = 14.9000 9.4000 9.4000 9.4000 9.4000 9.4000 9.4000 9.4000 6.0000 6.0000 6.0000 6.0000 6.0000 6.0000 6.0000 2.0000 2.0000 2.0000 2.0000 2.0000 2.0000 2.0000 -2.0000 26.2596 26.2596 10.0000 2.5521 
S1 = 0.0000 0.0000 0.0000 0.0000 0.0000 0.0000 0.0000 0.0000 0.0000 0.0000 0.0000 0.0000 0.0000 0.0000 0.0000 0.0000 0.0000 0.0000 0.0000 0.0000 0.0000 0.0000 0.0000 0.0000 0.0000 0.0000 0.0000 
S2 = 0.0000 0.0000 0.0000 0.0000 0.0000 0.0000 0.0000 0.0000 0.0000 0.0000 0.0000 0.0000 0.0000 0.0000 0.0000 0.0000 0.0000 0.0000 0.0000 0.0000 0.0000 0.0000 0.0000 2.2596 2.2596 0.0000 13.5521 
u = 8.1953 8.0446 8.0446 8.0446 8.0446 8.0446 8.0446 8.0446 7.9771 7.9771 7.9771 7.9771 7.9771 7.9771 7.9771 7.9092 7.9092 7.9092 7.9092 7.9092 7.9092 7.9092 7.8495 11.1416 11.1416 11.6985 9.1935 
v = 34.5965 26.1579 26.1579 26.1579 26.1579 26.1579 26.1579 26.1579 22.9838 22.9838 22.9838 22.9838 22.9838 22.9838 22.9838 19.9416 19.9416 19.9416 19.9416 19.9416 19.9416 19.9416 17.3416 59.0963 59.0963 114.6691 27.0200 
