ExternalI = 5.5000 0.0000 0.0000 0.0000 0.0000 0.0000 0.0000 0.0000 4.0000 4.0000 4.0000 4.0000 4.0000 4.0000 4.0000 0.0000 0.0000 0.0000 0.0000 0.0000 0.0000 0.0000 0.0000 8.0000 8.0000 0.0000 0.0000 
before u = 8.1953 8.0446 8.0446 8.0446 8.0446 8.0446 8.0446 8.0446 7.9771 7.9771 7.9771 7.9771 7.9771 7.9771 7.9771 7.9092 7.9092 7.9092 7.9092 7.9092 7.9092 7.9092 7.8495 11.1416 11.1416 11.6985 9.1935 
before v = 34.5965 26.1579 26.1579 26.1579 26.1579 26.1579 26.1579 26.1579 22.9838 22.9838 22.9838 22.9838 22.9838 22.9838 22.9838 19.9416 19.9416 19.9416 19.9416 19.9416 19.9416 19.9416 17.3416 59.0963 59.0963 114.6691 27.0200 
Ibias = 9.4000 9.4000 9.4000 9.4000 9.4000 9.4000 9.4000 9.4000 2.0000 2.0000 2.0000 2.0000 2.0000 2.0000 2.0000 2.0000 2.0000 2.0000 2.0000 2.0000 2.0000 2.0000 -2.0000 16.0000 16.0000 10.0000 -11.0000 
fa1 = 0.7919 0.2512 0.2512 0.2512 0.2512 0.2512 0.2512 0.2512 0.2017 0.2017 0.2017 0.2017 0.2017 0.2017 0.2017 0.1726 0.1726 0.1726 0.1726 0.1726 0.1726 0.1726 0.1550 37.5194 37.5194 240.2541 1.4748 
fa2 = 0.7919 0.2511 0.2511 0.2511 0.2511 0.2511 0.2511 0.2511 0.2017 0.2017 0.2017 0.2017 0.2017 0.2017 0.2017 0.1726 0.1726 0.1726 0.1726 0.1726 0.1726 0.1726 0.1550 37.8448 37.8448 247.7267 1.4690 
fa3 = 0.7919 0.2511 0.2511 0.2511 0.2511 0.2511 0.2511 0.2511 0.2017 0.2017 0.2017 0.2017 0.2017 0.2017 0.2017 0.1726 0.1726 0.1726 0.1726 0.1726 0.1726 0.1726 0.1550 37.8477 37.8477 247.9610 1.4690 
fa4 = 0.7920 0.2510 0.2510 0.2510 0.2510 0.2510 0.2510 0.2510 0.2017 0.2017 0.2017 0.2017 0.2017 0.2017 0.2017 0.1726 0.1726 0.1726 0.1726 0.1726 0.1726 0.1726 0.1550 38.1789 38.1789 255.8056 1.4632 
fb1 = -0.1894 -0.2172 -0.2172 -0.2172 -0.2172 -0.2172 -0.2172 -0.2172 -0.2271 -0.2271 -0.2271 -0.2271 -0.2271 -0.2271 -0.2271 -0.2366 -0.2366 -0.2366 -0.2366 -0.2366 -0.2366 -0.2366 -0.2446 0.0136 0.0136 0.2247 -0.0758 
fb2 = -0.1894 -0.2171 -0.2171 -0.2171 -0.2171 -0.2171 -0.2171 -0.2171 -0.2271 -0.2271 -0.2271 -0.2271 -0.2271 -0.2271 -0.2271 -0.2366 -0.2366 -0.2366 -0.2366 -0.2366 -0.2366 -0.2366 -0.2446 0.0143 0.0143 0.2295 -0.0758 
fb3 = -0.1894 -0.2171 -0.2171 -0.2171 -0.2171 -0.2171 -0.2171 -0.2171 -0.2271 -0.2271 -0.2271 -0.2271 -0.2271 -0.2271 -0.2271 -0.2366 -0.2366 -0.2366 -0.2366 -0.2366 -0.2366 -0.2366 -0.2446 0.0143 0.0143 0.2296 -0.0758 
fb4 = -0.1893 -0.2171 -0.2171 -0.2171 -0.2171 -0.2171 -0.2171 -0.2171 -0.2271 -0.2271 -0.2271 -0.2271 -0.2271 -0.2271 -0.2271 -0.2365 -0.2365 -0.2365 -0.2365 -0.2365 -0.2365 -0.2365 -0.2445 0.0151 0.0151 0.2346 -0.0757 
I = 14.9000 9.4000 9.4000 9.4000 9.4000 9.4000 9.4000 9.4000 6.0000 6.0000 6.0000 6.0000 6.0000 6.0000 6.0000 2.0000 2.0000 2.0000 2.0000 2.0000 2.0000 2.0000 -2.0000 26.2550 26.2550 10.0000 2.5250 
S1 = 0.0000 0.0000 0.0000 0.0000 0.0000 0.0000 0.0000 0.0000 0.0000 0.0000 0.0000 0.0000 0.0000 0.0000 0.0000 0.0000 0.0000 0.0000 0.0000 0.0000 0.0000 0.0000 0.0000 0.0000 0.0000 0.0000 0.0000 
S2 = 0.0000 0.0000 0.0000 0.0000 0.0000 0.0000 0.0000 0.0000 0.0000 0.0000 0.0000 0.0000 0.0000 0.0000 0.0000 0.0000 0.0000 0.0000 0.0000 0.0000 0.0000 0.0000 0.0000 2.2550 2.2550 0.0000 13.5250 
u = 8.1934 8.0424 8.0424 8.0424 8.0424 8.0424 8.0424 8.0424 7.9748 7.9748 7.9748 7.9748 7.9748 7.9748 7.9748 7.9068 7.9068 7.9068 7.9068 7.9068 7.9068 7.9068 7.8470 11.1418 11.1418 11.7008 9.1927 
v = 34.6044 26.1604 26.1604 26.1604 26.1604 26.1604 26.1604 26.1604 22.9858 22.9858 22.9858 22.9858 22.9858 22.9858 22.9858 19.9434 19.9434 19.9434 19.9434 19.9434 19.9434 19.9434 17.3431 59.4748 59.4748 117.1481 27.0347 
