ExternalI = 5.5000 0.0000 0.0000 0.0000 0.0000 0.0000 0.0000 0.0000 4.0000 4.0000 4.0000 4.0000 4.0000 4.0000 4.0000 0.0000 0.0000 0.0000 0.0000 0.0000 0.0000 0.0000 0.0000 8.0000 8.0000 0.0000 0.0000 
before u = 8.1934 8.0424 8.0424 8.0424 8.0424 8.0424 8.0424 8.0424 7.9748 7.9748 7.9748 7.9748 7.9748 7.9748 7.9748 7.9068 7.9068 7.9068 7.9068 7.9068 7.9068 7.9068 7.8470 11.1418 11.1418 11.7008 9.1927 
before v = 34.6044 26.1604 26.1604 26.1604 26.1604 26.1604 26.1604 26.1604 22.9858 22.9858 22.9858 22.9858 22.9858 22.9858 22.9858 19.9434 19.9434 19.9434 19.9434 19.9434 19.9434 19.9434 17.3431 59.4748 59.4748 117.1481 27.0347 
Ibias = 9.4000 9.4000 9.4000 9.4000 9.4000 9.4000 9.4000 9.4000 2.0000 2.0000 2.0000 2.0000 2.0000 2.0000 2.0000 2.0000 2.0000 2.0000 2.0000 2.0000 2.0000 2.0000 -2.0000 16.0000 16.0000 10.0000 -11.0000 
fa1 = 0.7920 0.2510 0.2510 0.2510 0.2510 0.2510 0.2510 0.2510 0.2017 0.2017 0.2017 0.2017 0.2017 0.2017 0.2017 0.1726 0.1726 0.1726 0.1726 0.1726 0.1726 0.1726 0.1550 38.1743 38.1743 255.8021 1.4362 
fa2 = 0.7920 0.2510 0.2510 0.2510 0.2510 0.2510 0.2510 0.2510 0.2016 0.2016 0.2016 0.2016 0.2016 0.2016 0.2016 0.1726 0.1726 0.1726 0.1726 0.1726 0.1726 0.1726 0.1550 38.5113 38.5113 264.0161 1.4305 
fa3 = 0.7920 0.2510 0.2510 0.2510 0.2510 0.2510 0.2510 0.2510 0.2016 0.2016 0.2016 0.2016 0.2016 0.2016 0.2016 0.1726 0.1726 0.1726 0.1726 0.1726 0.1726 0.1726 0.1550 38.5143 38.5143 264.2820 1.4305 
fa4 = 0.7920 0.2509 0.2509 0.2509 0.2509 0.2509 0.2509 0.2509 0.2016 0.2016 0.2016 0.2016 0.2016 0.2016 0.2016 0.1725 0.1725 0.1725 0.1725 0.1725 0.1725 0.1725 0.1549 38.8572 38.8572 272.9188 1.4249 
fb1 = -0.1893 -0.2171 -0.2171 -0.2171 -0.2171 -0.2171 -0.2171 -0.2171 -0.2271 -0.2271 -0.2271 -0.2271 -0.2271 -0.2271 -0.2271 -0.2365 -0.2365 -0.2365 -0.2365 -0.2365 -0.2365 -0.2365 -0.2445 0.0151 0.0151 0.2346 -0.0757 
fb2 = -0.1893 -0.2170 -0.2170 -0.2170 -0.2170 -0.2170 -0.2170 -0.2170 -0.2270 -0.2270 -0.2270 -0.2270 -0.2270 -0.2270 -0.2270 -0.2364 -0.2364 -0.2364 -0.2364 -0.2364 -0.2364 -0.2364 -0.2445 0.0158 0.0158 0.2397 -0.0757 
fb3 = -0.1893 -0.2170 -0.2170 -0.2170 -0.2170 -0.2170 -0.2170 -0.2170 -0.2270 -0.2270 -0.2270 -0.2270 -0.2270 -0.2270 -0.2270 -0.2364 -0.2364 -0.2364 -0.2364 -0.2364 -0.2364 -0.2364 -0.2445 0.0158 0.0158 0.2398 -0.0757 
fb4 = -0.1892 -0.2170 -0.2170 -0.2170 -0.2170 -0.2170 -0.2170 -0.2170 -0.2270 -0.2270 -0.2270 -0.2270 -0.2270 -0.2270 -0.2270 -0.2364 -0.2364 -0.2364 -0.2364 -0.2364 -0.2364 -0.2364 -0.2444 0.0166 0.0166 0.2451 -0.0756 
I = 14.9000 9.4000 9.4000 9.4000 9.4000 9.4000 9.4000 9.4000 6.0000 6.0000 6.0000 6.0000 6.0000 6.0000 6.0000 2.0000 2.0000 2.0000 2.0000 2.0000 2.0000 2.0000 -2.0000 26.2505 26.2505 10.0000 2.4980 
S1 = 0.0000 0.0000 0.0000 0.0000 0.0000 0.0000 0.0000 0.0000 0.0000 0.0000 0.0000 0.0000 0.0000 0.0000 0.0000 0.0000 0.0000 0.0000 0.0000 0.0000 0.0000 0.0000 0.0000 0.0000 0.0000 0.0000 0.0000 
S2 = 0.0000 0.0000 0.0000 0.0000 0.0000 0.0000 0.0000 0.0000 0.0000 0.0000 0.0000 0.0000 0.0000 0.0000 0.0000 0.0000 0.0000 0.0000 0.0000 0.0000 0.0000 0.0000 0.0000 2.2505 2.2505 0.0000 13.4980 
u = 8.1915 8.0403 8.0403 8.0403 8.0403 8.0403 8.0403 8.0403 7.9726 7.9726 7.9726 7.9726 7.9726 7.9726 7.9726 7.9045 7.9045 7.9045 7.9045 7.9045 7.9045 7.9045 7.8446 11.1419 11.1419 11.7032 9.1920 
v = 34.6124 26.1629 26.1629 26.1629 26.1629 26.1629 26.1629 26.1629 22.9878 22.9878 22.9878 22.9878 22.9878 22.9878 22.9878 19.9451 19.9451 19.9451 19.9451 19.9451 19.9451 19.9451 17.3447 59.8599 59.8599 119.7903 27.0490 
