ExternalI = 5.5000 0.0000 0.0000 0.0000 0.0000 0.0000 0.0000 0.0000 4.0000 4.0000 4.0000 4.0000 4.0000 4.0000 4.0000 0.0000 0.0000 0.0000 0.0000 0.0000 0.0000 0.0000 0.0000 8.0000 8.0000 0.0000 0.0000 
before u = 8.1915 8.0403 8.0403 8.0403 8.0403 8.0403 8.0403 8.0403 7.9726 7.9726 7.9726 7.9726 7.9726 7.9726 7.9726 7.9045 7.9045 7.9045 7.9045 7.9045 7.9045 7.9045 7.8446 11.1419 11.1419 11.7032 9.1920 
before v = 34.6124 26.1629 26.1629 26.1629 26.1629 26.1629 26.1629 26.1629 22.9878 22.9878 22.9878 22.9878 22.9878 22.9878 22.9878 19.9451 19.9451 19.9451 19.9451 19.9451 19.9451 19.9451 17.3447 59.8599 59.8599 119.7903 27.0490 
Ibias = 9.4000 9.4000 9.4000 9.4000 9.4000 9.4000 9.4000 9.4000 2.0000 2.0000 2.0000 2.0000 2.0000 2.0000 2.0000 2.0000 2.0000 2.0000 2.0000 2.0000 2.0000 2.0000 -2.0000 16.0000 16.0000 10.0000 -11.0000 
fa1 = 0.7920 0.2509 0.2509 0.2509 0.2509 0.2509 0.2509 0.2509 0.2016 0.2016 0.2016 0.2016 0.2016 0.2016 0.2016 0.1725 0.1725 0.1725 0.1725 0.1725 0.1725 0.1725 0.1549 38.8527 38.8527 272.9147 1.3979 
fa2 = 0.7921 0.2509 0.2509 0.2509 0.2509 0.2509 0.2509 0.2509 0.2016 0.2016 0.2016 0.2016 0.2016 0.2016 0.2016 0.1725 0.1725 0.1725 0.1725 0.1725 0.1725 0.1725 0.1549 39.2016 39.2016 281.9712 1.3925 
fa3 = 0.7921 0.2509 0.2509 0.2509 0.2509 0.2509 0.2509 0.2509 0.2016 0.2016 0.2016 0.2016 0.2016 0.2016 0.2016 0.1725 0.1725 0.1725 0.1725 0.1725 0.1725 0.1725 0.1549 39.2048 39.2048 282.2743 1.3925 
fa4 = 0.7921 0.2508 0.2508 0.2508 0.2508 0.2508 0.2508 0.2508 0.2015 0.2015 0.2015 0.2015 0.2015 0.2015 0.2015 0.1725 0.1725 0.1725 0.1725 0.1725 0.1725 0.1725 0.1549 39.5599 39.5599 291.8136 1.3871 
fb1 = -0.1892 -0.2170 -0.2170 -0.2170 -0.2170 -0.2170 -0.2170 -0.2170 -0.2270 -0.2270 -0.2270 -0.2270 -0.2270 -0.2270 -0.2270 -0.2364 -0.2364 -0.2364 -0.2364 -0.2364 -0.2364 -0.2364 -0.2444 0.0166 0.0166 0.2451 -0.0756 
fb2 = -0.1892 -0.2169 -0.2169 -0.2169 -0.2169 -0.2169 -0.2169 -0.2169 -0.2269 -0.2269 -0.2269 -0.2269 -0.2269 -0.2269 -0.2269 -0.2363 -0.2363 -0.2363 -0.2363 -0.2363 -0.2363 -0.2363 -0.2444 0.0174 0.0174 0.2505 -0.0756 
fb3 = -0.1892 -0.2169 -0.2169 -0.2169 -0.2169 -0.2169 -0.2169 -0.2169 -0.2269 -0.2269 -0.2269 -0.2269 -0.2269 -0.2269 -0.2269 -0.2363 -0.2363 -0.2363 -0.2363 -0.2363 -0.2363 -0.2363 -0.2444 0.0174 0.0174 0.2507 -0.0756 
fb4 = -0.1891 -0.2169 -0.2169 -0.2169 -0.2169 -0.2169 -0.2169 -0.2169 -0.2269 -0.2269 -0.2269 -0.2269 -0.2269 -0.2269 -0.2269 -0.2363 -0.2363 -0.2363 -0.2363 -0.2363 -0.2363 -0.2363 -0.2443 0.0182 0.0182 0.2563 -0.0756 
I = 14.9000 9.4000 9.4000 9.4000 9.4000 9.4000 9.4000 9.4000 6.0000 6.0000 6.0000 6.0000 6.0000 6.0000 6.0000 2.0000 2.0000 2.0000 2.0000 2.0000 2.0000 2.0000 -2.0000 26.2460 26.2460 10.0000 2.4710 
S1 = 0.0000 0.0000 0.0000 0.0000 0.0000 0.0000 0.0000 0.0000 0.0000 0.0000 0.0000 0.0000 0.0000 0.0000 0.0000 0.0000 0.0000 0.0000 0.0000 0.0000 0.0000 0.0000 0.0000 0.0000 0.0000 0.0000 0.0000 
S2 = 0.0000 0.0000 0.0000 0.0000 0.0000 0.0000 0.0000 0.0000 0.0000 0.0000 0.0000 0.0000 0.0000 0.0000 0.0000 0.0000 0.0000 0.0000 0.0000 0.0000 0.0000 0.0000 0.0000 2.2460 2.2460 0.0000 13.4710 
u = 8.1896 8.0381 8.0381 8.0381 8.0381 8.0381 8.0381 8.0381 7.9703 7.9703 7.9703 7.9703 7.9703 7.9703 7.9703 7.9021 7.9021 7.9021 7.9021 7.9021 7.9021 7.9021 7.8421 11.1421 11.1421 11.7057 9.1912 
v = 34.6203 26.1654 26.1654 26.1654 26.1654 26.1654 26.1654 26.1654 22.9898 22.9898 22.9898 22.9898 22.9898 22.9898 22.9898 19.9468 19.9468 19.9468 19.9468 19.9468 19.9468 19.9468 17.3462 60.2519 60.2519 122.6123 27.0629 
