ExternalI = 5.5000 0.0000 0.0000 0.0000 0.0000 0.0000 0.0000 0.0000 4.0000 4.0000 4.0000 4.0000 4.0000 4.0000 4.0000 0.0000 0.0000 0.0000 0.0000 0.0000 0.0000 0.0000 0.0000 8.0000 8.0000 0.0000 0.0000 
before u = 8.1896 8.0381 8.0381 8.0381 8.0381 8.0381 8.0381 8.0381 7.9703 7.9703 7.9703 7.9703 7.9703 7.9703 7.9703 7.9021 7.9021 7.9021 7.9021 7.9021 7.9021 7.9021 7.8421 11.1421 11.1421 11.7057 9.1912 
before v = 34.6203 26.1654 26.1654 26.1654 26.1654 26.1654 26.1654 26.1654 22.9898 22.9898 22.9898 22.9898 22.9898 22.9898 22.9898 19.9468 19.9468 19.9468 19.9468 19.9468 19.9468 19.9468 17.3462 60.2519 60.2519 122.6123 27.0629 
Ibias = 9.4000 9.4000 9.4000 9.4000 9.4000 9.4000 9.4000 9.4000 2.0000 2.0000 2.0000 2.0000 2.0000 2.0000 2.0000 2.0000 2.0000 2.0000 2.0000 2.0000 2.0000 2.0000 -2.0000 16.0000 16.0000 10.0000 -11.0000 
fa1 = 0.7921 0.2508 0.2508 0.2508 0.2508 0.2508 0.2508 0.2508 0.2015 0.2015 0.2015 0.2015 0.2015 0.2015 0.2015 0.1725 0.1725 0.1725 0.1725 0.1725 0.1725 0.1725 0.1549 39.5554 39.5554 291.8088 1.3601 
fa2 = 0.7921 0.2508 0.2508 0.2508 0.2508 0.2508 0.2508 0.2508 0.2015 0.2015 0.2015 0.2015 0.2015 0.2015 0.2015 0.1724 0.1724 0.1724 0.1724 0.1724 0.1724 0.1724 0.1548 39.9169 39.9169 301.8273 1.3548 
fa3 = 0.7921 0.2508 0.2508 0.2508 0.2508 0.2508 0.2508 0.2508 0.2015 0.2015 0.2015 0.2015 0.2015 0.2015 0.2015 0.1724 0.1724 0.1724 0.1724 0.1724 0.1724 0.1724 0.1548 39.9202 39.9202 302.1743 1.3548 
fa4 = 0.7922 0.2507 0.2507 0.2507 0.2507 0.2507 0.2507 0.2507 0.2015 0.2015 0.2015 0.2015 0.2015 0.2015 0.2015 0.1724 0.1724 0.1724 0.1724 0.1724 0.1724 0.1724 0.1548 40.2882 40.2882 312.7464 1.3496 
fb1 = -0.1891 -0.2169 -0.2169 -0.2169 -0.2169 -0.2169 -0.2169 -0.2169 -0.2269 -0.2269 -0.2269 -0.2269 -0.2269 -0.2269 -0.2269 -0.2363 -0.2363 -0.2363 -0.2363 -0.2363 -0.2363 -0.2363 -0.2443 0.0182 0.0182 0.2563 -0.0756 
fb2 = -0.1890 -0.2168 -0.2168 -0.2168 -0.2168 -0.2168 -0.2168 -0.2168 -0.2268 -0.2268 -0.2268 -0.2268 -0.2268 -0.2268 -0.2268 -0.2362 -0.2362 -0.2362 -0.2362 -0.2362 -0.2362 -0.2362 -0.2442 0.0190 0.0190 0.2621 -0.0755 
fb3 = -0.1890 -0.2168 -0.2168 -0.2168 -0.2168 -0.2168 -0.2168 -0.2168 -0.2268 -0.2268 -0.2268 -0.2268 -0.2268 -0.2268 -0.2268 -0.2362 -0.2362 -0.2362 -0.2362 -0.2362 -0.2362 -0.2362 -0.2442 0.0190 0.0190 0.2623 -0.0755 
fb4 = -0.1890 -0.2168 -0.2168 -0.2168 -0.2168 -0.2168 -0.2168 -0.2168 -0.2268 -0.2268 -0.2268 -0.2268 -0.2268 -0.2268 -0.2268 -0.2362 -0.2362 -0.2362 -0.2362 -0.2362 -0.2362 -0.2362 -0.2442 0.0198 0.0198 0.2684 -0.0755 
I = 14.9000 9.4000 9.4000 9.4000 9.4000 9.4000 9.4000 9.4000 6.0000 6.0000 6.0000 6.0000 6.0000 6.0000 6.0000 2.0000 2.0000 2.0000 2.0000 2.0000 2.0000 2.0000 -2.0000 26.2415 26.2415 10.0000 2.4440 
S1 = 0.0000 0.0000 0.0000 0.0000 0.0000 0.0000 0.0000 0.0000 0.0000 0.0000 0.0000 0.0000 0.0000 0.0000 0.0000 0.0000 0.0000 0.0000 0.0000 0.0000 0.0000 0.0000 0.0000 0.0000 0.0000 0.0000 0.0000 
S2 = 0.0000 0.0000 0.0000 0.0000 0.0000 0.0000 0.0000 0.0000 0.0000 0.0000 0.0000 0.0000 0.0000 0.0000 0.0000 0.0000 0.0000 0.0000 0.0000 0.0000 0.0000 0.0000 0.0000 2.2415 2.2415 0.0000 13.4440 
u = 8.1877 8.0359 8.0359 8.0359 8.0359 8.0359 8.0359 8.0359 7.9680 7.9680 7.9680 7.9680 7.9680 7.9680 7.9680 7.8998 7.8998 7.8998 7.8998 7.8998 7.8998 7.8998 7.8397 11.1423 11.1423 11.7083 9.1905 
v = 34.6282 26.1679 26.1679 26.1679 26.1679 26.1679 26.1679 26.1679 22.9918 22.9918 22.9918 22.9918 22.9918 22.9918 22.9918 19.9485 19.9485 19.9485 19.9485 19.9485 19.9485 19.9485 17.3478 60.6511 60.6511 125.6333 27.0765 
