ExternalI = 5.5000 0.0000 0.0000 0.0000 0.0000 0.0000 0.0000 0.0000 4.0000 4.0000 4.0000 4.0000 4.0000 4.0000 4.0000 0.0000 0.0000 0.0000 0.0000 0.0000 0.0000 0.0000 0.0000 8.0000 8.0000 0.0000 0.0000 
before u = 8.1877 8.0359 8.0359 8.0359 8.0359 8.0359 8.0359 8.0359 7.9680 7.9680 7.9680 7.9680 7.9680 7.9680 7.9680 7.8998 7.8998 7.8998 7.8998 7.8998 7.8998 7.8998 7.8397 11.1423 11.1423 11.7083 9.1905 
before v = 34.6282 26.1679 26.1679 26.1679 26.1679 26.1679 26.1679 26.1679 22.9918 22.9918 22.9918 22.9918 22.9918 22.9918 22.9918 19.9485 19.9485 19.9485 19.9485 19.9485 19.9485 19.9485 17.3478 60.6511 60.6511 125.6333 27.0765 
Ibias = 9.4000 9.4000 9.4000 9.4000 9.4000 9.4000 9.4000 9.4000 2.0000 2.0000 2.0000 2.0000 2.0000 2.0000 2.0000 2.0000 2.0000 2.0000 2.0000 2.0000 2.0000 2.0000 -2.0000 16.0000 16.0000 10.0000 -11.0000 
fa1 = 0.7922 0.2507 0.2507 0.2507 0.2507 0.2507 0.2507 0.2507 0.2015 0.2015 0.2015 0.2015 0.2015 0.2015 0.2015 0.1724 0.1724 0.1724 0.1724 0.1724 0.1724 0.1724 0.1548 40.2837 40.2837 312.7407 1.3227 
fa2 = 0.7922 0.2507 0.2507 0.2507 0.2507 0.2507 0.2507 0.2507 0.2014 0.2014 0.2014 0.2014 0.2014 0.2014 0.2014 0.1724 0.1724 0.1724 0.1724 0.1724 0.1724 0.1724 0.1548 40.6583 40.6583 323.8623 1.3176 
fa3 = 0.7922 0.2507 0.2507 0.2507 0.2507 0.2507 0.2507 0.2507 0.2014 0.2014 0.2014 0.2014 0.2014 0.2014 0.2014 0.1724 0.1724 0.1724 0.1724 0.1724 0.1724 0.1724 0.1548 40.6618 40.6618 324.2614 1.3176 
fa4 = 0.7922 0.2506 0.2506 0.2506 0.2506 0.2506 0.2506 0.2506 0.2014 0.2014 0.2014 0.2014 0.2014 0.2014 0.2014 0.1723 0.1723 0.1723 0.1723 0.1723 0.1723 0.1723 0.1548 41.0432 41.0432 336.0211 1.3125 
fb1 = -0.1890 -0.2168 -0.2168 -0.2168 -0.2168 -0.2168 -0.2168 -0.2168 -0.2268 -0.2268 -0.2268 -0.2268 -0.2268 -0.2268 -0.2268 -0.2362 -0.2362 -0.2362 -0.2362 -0.2362 -0.2362 -0.2362 -0.2442 0.0198 0.0198 0.2684 -0.0755 
fb2 = -0.1889 -0.2167 -0.2167 -0.2167 -0.2167 -0.2167 -0.2167 -0.2167 -0.2267 -0.2267 -0.2267 -0.2267 -0.2267 -0.2267 -0.2267 -0.2361 -0.2361 -0.2361 -0.2361 -0.2361 -0.2361 -0.2361 -0.2441 0.0206 0.0206 0.2746 -0.0755 
fb3 = -0.1889 -0.2167 -0.2167 -0.2167 -0.2167 -0.2167 -0.2167 -0.2167 -0.2267 -0.2267 -0.2267 -0.2267 -0.2267 -0.2267 -0.2267 -0.2361 -0.2361 -0.2361 -0.2361 -0.2361 -0.2361 -0.2361 -0.2441 0.0206 0.0206 0.2748 -0.0755 
fb4 = -0.1889 -0.2167 -0.2167 -0.2167 -0.2167 -0.2167 -0.2167 -0.2167 -0.2267 -0.2267 -0.2267 -0.2267 -0.2267 -0.2267 -0.2267 -0.2361 -0.2361 -0.2361 -0.2361 -0.2361 -0.2361 -0.2361 -0.2441 0.0214 0.0214 0.2813 -0.0754 
I = 14.9000 9.4000 9.4000 9.4000 9.4000 9.4000 9.4000 9.4000 6.0000 6.0000 6.0000 6.0000 6.0000 6.0000 6.0000 2.0000 2.0000 2.0000 2.0000 2.0000 2.0000 2.0000 -2.0000 26.2371 26.2371 10.0000 2.4172 
S1 = 0.0000 0.0000 0.0000 0.0000 0.0000 0.0000 0.0000 0.0000 0.0000 0.0000 0.0000 0.0000 0.0000 0.0000 0.0000 0.0000 0.0000 0.0000 0.0000 0.0000 0.0000 0.0000 0.0000 0.0000 0.0000 0.0000 0.0000 
S2 = 0.0000 0.0000 0.0000 0.0000 0.0000 0.0000 0.0000 0.0000 0.0000 0.0000 0.0000 0.0000 0.0000 0.0000 0.0000 0.0000 0.0000 0.0000 0.0000 0.0000 0.0000 0.0000 0.0000 2.2371 2.2371 0.0000 13.4172 
u = 8.1858 8.0338 8.0338 8.0338 8.0338 8.0338 8.0338 8.0338 7.9658 7.9658 7.9658 7.9658 7.9658 7.9658 7.9658 7.8974 7.8974 7.8974 7.8974 7.8974 7.8974 7.8974 7.8372 11.1425 11.1425 11.7110 9.1897 
v = 34.6361 26.1704 26.1704 26.1704 26.1704 26.1704 26.1704 26.1704 22.9938 22.9938 22.9938 22.9938 22.9938 22.9938 22.9938 19.9503 19.9503 19.9503 19.9503 19.9503 19.9503 19.9503 17.3493 61.0577 61.0577 128.8750 27.0896 
