ExternalI = 5.5000 0.0000 0.0000 0.0000 0.0000 0.0000 0.0000 0.0000 4.0000 4.0000 4.0000 4.0000 4.0000 4.0000 4.0000 0.0000 0.0000 0.0000 0.0000 0.0000 0.0000 0.0000 0.0000 8.0000 8.0000 0.0000 0.0000 
before u = 8.1858 8.0338 8.0338 8.0338 8.0338 8.0338 8.0338 8.0338 7.9658 7.9658 7.9658 7.9658 7.9658 7.9658 7.9658 7.8974 7.8974 7.8974 7.8974 7.8974 7.8974 7.8974 7.8372 11.1425 11.1425 11.7110 9.1897 
before v = 34.6361 26.1704 26.1704 26.1704 26.1704 26.1704 26.1704 26.1704 22.9938 22.9938 22.9938 22.9938 22.9938 22.9938 22.9938 19.9503 19.9503 19.9503 19.9503 19.9503 19.9503 19.9503 17.3493 61.0577 61.0577 128.8750 27.0896 
Ibias = 9.4000 9.4000 9.4000 9.4000 9.4000 9.4000 9.4000 9.4000 2.0000 2.0000 2.0000 2.0000 2.0000 2.0000 2.0000 2.0000 2.0000 2.0000 2.0000 2.0000 2.0000 2.0000 -2.0000 16.0000 16.0000 10.0000 -11.0000 
fa1 = 0.7922 0.2506 0.2506 0.2506 0.2506 0.2506 0.2506 0.2506 0.2014 0.2014 0.2014 0.2014 0.2014 0.2014 0.2014 0.1723 0.1723 0.1723 0.1723 0.1723 0.1723 0.1723 0.1548 41.0388 41.0388 336.0143 1.2856 
fa2 = 0.7923 0.2506 0.2506 0.2506 0.2506 0.2506 0.2506 0.2506 0.2014 0.2014 0.2014 0.2014 0.2014 0.2014 0.2014 0.1723 0.1723 0.1723 0.1723 0.1723 0.1723 0.1723 0.1547 41.4271 41.4271 348.4071 1.2807 
fa3 = 0.7923 0.2506 0.2506 0.2506 0.2506 0.2506 0.2506 0.2506 0.2014 0.2014 0.2014 0.2014 0.2014 0.2014 0.2014 0.1723 0.1723 0.1723 0.1723 0.1723 0.1723 0.1723 0.1547 41.4307 41.4307 348.8685 1.2807 
fa4 = 0.7923 0.2505 0.2505 0.2505 0.2505 0.2505 0.2505 0.2505 0.2013 0.2013 0.2013 0.2013 0.2013 0.2013 0.2013 0.1723 0.1723 0.1723 0.1723 0.1723 0.1723 0.1723 0.1547 41.8262 41.8262 362.0005 1.2757 
fb1 = -0.1889 -0.2167 -0.2167 -0.2167 -0.2167 -0.2167 -0.2167 -0.2167 -0.2267 -0.2267 -0.2267 -0.2267 -0.2267 -0.2267 -0.2267 -0.2361 -0.2361 -0.2361 -0.2361 -0.2361 -0.2361 -0.2361 -0.2441 0.0214 0.0214 0.2813 -0.0754 
fb2 = -0.1888 -0.2166 -0.2166 -0.2166 -0.2166 -0.2166 -0.2166 -0.2166 -0.2266 -0.2266 -0.2266 -0.2266 -0.2266 -0.2266 -0.2266 -0.2360 -0.2360 -0.2360 -0.2360 -0.2360 -0.2360 -0.2360 -0.2440 0.0222 0.0222 0.2880 -0.0754 
fb3 = -0.1888 -0.2166 -0.2166 -0.2166 -0.2166 -0.2166 -0.2166 -0.2166 -0.2266 -0.2266 -0.2266 -0.2266 -0.2266 -0.2266 -0.2266 -0.2360 -0.2360 -0.2360 -0.2360 -0.2360 -0.2360 -0.2360 -0.2440 0.0222 0.0222 0.2882 -0.0754 
fb4 = -0.1888 -0.2166 -0.2166 -0.2166 -0.2166 -0.2166 -0.2166 -0.2166 -0.2266 -0.2266 -0.2266 -0.2266 -0.2266 -0.2266 -0.2266 -0.2360 -0.2360 -0.2360 -0.2360 -0.2360 -0.2360 -0.2360 -0.2440 0.0230 0.0230 0.2952 -0.0754 
I = 14.9000 9.4000 9.4000 9.4000 9.4000 9.4000 9.4000 9.4000 6.0000 6.0000 6.0000 6.0000 6.0000 6.0000 6.0000 2.0000 2.0000 2.0000 2.0000 2.0000 2.0000 2.0000 -2.0000 26.2326 26.2326 10.0000 2.3903 
S1 = 0.0000 0.0000 0.0000 0.0000 0.0000 0.0000 0.0000 0.0000 0.0000 0.0000 0.0000 0.0000 0.0000 0.0000 0.0000 0.0000 0.0000 0.0000 0.0000 0.0000 0.0000 0.0000 0.0000 0.0000 0.0000 0.0000 0.0000 
S2 = 0.0000 0.0000 0.0000 0.0000 0.0000 0.0000 0.0000 0.0000 0.0000 0.0000 0.0000 0.0000 0.0000 0.0000 0.0000 0.0000 0.0000 0.0000 0.0000 0.0000 0.0000 0.0000 0.0000 2.2326 2.2326 0.0000 13.3903 
u = 8.1839 8.0316 8.0316 8.0316 8.0316 8.0316 8.0316 8.0316 7.9635 7.9635 7.9635 7.9635 7.9635 7.9635 7.9635 7.8950 7.8950 7.8950 7.8950 7.8950 7.8950 7.8950 7.8348 11.1427 11.1427 11.7139 9.1890 
v = 34.6440 26.1729 26.1729 26.1729 26.1729 26.1729 26.1729 26.1729 22.9959 22.9959 22.9959 22.9959 22.9959 22.9959 22.9959 19.9520 19.9520 19.9520 19.9520 19.9520 19.9520 19.9520 17.3509 61.4720 61.4720 132.3626 27.1025 
