ExternalI = 5.5000 0.0000 0.0000 0.0000 0.0000 0.0000 0.0000 0.0000 4.0000 4.0000 4.0000 4.0000 4.0000 4.0000 4.0000 0.0000 0.0000 0.0000 0.0000 0.0000 0.0000 0.0000 0.0000 8.0000 8.0000 0.0000 0.0000 
before u = 9.7582 9.7541 9.7541 9.7541 9.7541 9.7541 9.7541 9.7541 9.7516 9.7516 9.7516 9.7516 9.7516 9.7516 9.7516 9.7487 9.7487 9.7487 9.7487 9.7487 9.7487 9.7487 9.7458 9.9183 9.9183 10.1912 9.8917 
before v = 21.7925 19.3574 19.3574 19.3574 19.3574 19.3574 19.3574 19.3574 17.9046 17.9046 17.9046 17.9046 17.9046 17.9046 17.9046 16.2434 16.2434 16.2434 16.2434 16.2434 16.2434 16.2434 14.6312 31.1591 31.1591 68.9863 15.2965 
Ibias = 9.4000 9.4000 9.4000 9.4000 9.4000 9.4000 9.4000 9.4000 2.0000 2.0000 2.0000 2.0000 2.0000 2.0000 2.0000 2.0000 2.0000 2.0000 2.0000 2.0000 2.0000 2.0000 -2.0000 16.0000 16.0000 10.0000 -11.0000 
fa1 = 8.7608 6.5621 6.5621 6.5621 6.5621 6.5621 6.5621 6.5621 5.3576 5.3576 5.3576 5.3576 5.3576 5.3576 5.3576 4.0750 4.0750 4.0750 4.0750 4.0750 4.0750 4.0750 2.9235 19.4399 19.4399 43.2143 4.0020 
fa2 = 8.7074 6.5161 6.5161 6.5161 6.5161 6.5161 6.5161 6.5161 5.3173 5.3173 5.3173 5.3173 5.3173 5.3173 5.3173 4.0420 4.0420 4.0420 4.0420 4.0420 4.0420 4.0420 2.8984 19.3914 19.3914 43.7600 3.9672 
fa3 = 8.7077 6.5164 6.5164 6.5164 6.5164 6.5164 6.5164 6.5164 5.3176 5.3176 5.3176 5.3176 5.3176 5.3176 5.3176 4.0423 4.0423 4.0423 4.0423 4.0423 4.0423 4.0423 2.8987 19.3915 19.3915 43.7670 3.9675 
fa4 = 8.6548 6.4708 6.4708 6.4708 6.4708 6.4708 6.4708 6.4708 5.2776 5.2776 5.2776 5.2776 5.2776 5.2776 5.2776 4.0096 4.0096 4.0096 4.0096 4.0096 4.0096 4.0096 2.8738 19.3438 19.3438 44.3236 3.9329 
fb1 = -0.3032 -0.3127 -0.3127 -0.3127 -0.3127 -0.3127 -0.3127 -0.3127 -0.3184 -0.3184 -0.3184 -0.3184 -0.3184 -0.3184 -0.3184 -0.3250 -0.3250 -0.3250 -0.3250 -0.3250 -0.3250 -0.3250 -0.3313 -0.0737 -0.0737 0.0721 -0.1366 
fb2 = -0.3029 -0.3125 -0.3125 -0.3125 -0.3125 -0.3125 -0.3125 -0.3125 -0.3183 -0.3183 -0.3183 -0.3183 -0.3183 -0.3183 -0.3183 -0.3248 -0.3248 -0.3248 -0.3248 -0.3248 -0.3248 -0.3248 -0.3312 -0.0733 -0.0733 0.0730 -0.1366 
fb3 = -0.3029 -0.3125 -0.3125 -0.3125 -0.3125 -0.3125 -0.3125 -0.3125 -0.3183 -0.3183 -0.3183 -0.3183 -0.3183 -0.3183 -0.3183 -0.3248 -0.3248 -0.3248 -0.3248 -0.3248 -0.3248 -0.3248 -0.3312 -0.0733 -0.0733 0.0730 -0.1366 
fb4 = -0.3027 -0.3123 -0.3123 -0.3123 -0.3123 -0.3123 -0.3123 -0.3123 -0.3181 -0.3181 -0.3181 -0.3181 -0.3181 -0.3181 -0.3181 -0.3247 -0.3247 -0.3247 -0.3247 -0.3247 -0.3247 -0.3247 -0.3311 -0.0729 -0.0729 0.0739 -0.1365 
I = 14.9000 9.4000 9.4000 9.4000 9.4000 9.4000 9.4000 9.4000 6.0000 6.0000 6.0000 6.0000 6.0000 6.0000 6.0000 2.0000 2.0000 2.0000 2.0000 2.0000 2.0000 2.0000 -2.0000 24.0000 24.0000 10.0000 -9.5761 
S1 = 0.0000 0.0000 0.0000 0.0000 0.0000 0.0000 0.0000 0.0000 0.0000 0.0000 0.0000 0.0000 0.0000 0.0000 0.0000 0.0000 0.0000 0.0000 0.0000 0.0000 0.0000 0.0000 0.0000 0.0000 0.0000 0.0000 0.0000 
S2 = 0.0000 0.0000 0.0000 0.0000 0.0000 0.0000 0.0000 0.0000 0.0000 0.0000 0.0000 0.0000 0.0000 0.0000 0.0000 0.0000 0.0000 0.0000 0.0000 0.0000 0.0000 0.0000 0.0000 0.0000 0.0000 0.0000 1.4239 
u = 9.7551 9.7509 9.7509 9.7509 9.7509 9.7509 9.7509 9.7509 9.7484 9.7484 9.7484 9.7484 9.7484 9.7484 9.7484 9.7454 9.7454 9.7454 9.7454 9.7454 9.7454 9.7454 9.7425 9.9176 9.9176 10.1919 9.8903 
v = 21.8796 19.4226 19.4226 19.4226 19.4226 19.4226 19.4226 19.4226 17.9578 17.9578 17.9578 17.9578 17.9578 17.9578 17.9578 16.2838 16.2838 16.2838 16.2838 16.2838 16.2838 16.2838 14.6601 31.3531 31.3531 69.4239 15.3362 
