ExternalI = 5.5000 0.0000 0.0000 0.0000 0.0000 0.0000 0.0000 0.0000 4.0000 4.0000 4.0000 4.0000 4.0000 4.0000 4.0000 0.0000 0.0000 0.0000 0.0000 0.0000 0.0000 0.0000 0.0000 8.0000 8.0000 0.0000 0.0000 
before u = 8.1839 8.0316 8.0316 8.0316 8.0316 8.0316 8.0316 8.0316 7.9635 7.9635 7.9635 7.9635 7.9635 7.9635 7.9635 7.8950 7.8950 7.8950 7.8950 7.8950 7.8950 7.8950 7.8348 11.1427 11.1427 11.8139 9.1890 
before v = 34.6440 26.1729 26.1729 26.1729 26.1729 26.1729 26.1729 26.1729 22.9959 22.9959 22.9959 22.9959 22.9959 22.9959 22.9959 19.9520 19.9520 19.9520 19.9520 19.9520 19.9520 19.9520 17.3509 61.4720 61.4720 60.5000 27.1025 
Ibias = 9.4000 9.4000 9.4000 9.4000 9.4000 9.4000 9.4000 9.4000 2.0000 2.0000 2.0000 2.0000 2.0000 2.0000 2.0000 2.0000 2.0000 2.0000 2.0000 2.0000 2.0000 2.0000 -2.0000 16.0000 16.0000 10.0000 -11.0000 
fa1 = 0.7923 0.2505 0.2505 0.2505 0.2505 0.2505 0.2505 0.2505 0.2013 0.2013 0.2013 0.2013 0.2013 0.2013 0.2013 0.1723 0.1723 0.1723 0.1723 0.1723 0.1723 0.1723 0.1547 41.8217 41.8217 23.0961 2.7489 
fa2 = 0.7924 0.2505 0.2505 0.2505 0.2505 0.2505 0.2505 0.2505 0.2013 0.2013 0.2013 0.2013 0.2013 0.2013 0.2013 0.1723 0.1723 0.1723 0.1723 0.1723 0.1723 0.1723 0.1547 42.2244 42.2244 23.3091 2.7379 
fa3 = 0.7924 0.2505 0.2505 0.2505 0.2505 0.2505 0.2505 0.2505 0.2013 0.2013 0.2013 0.2013 0.2013 0.2013 0.2013 0.1723 0.1723 0.1723 0.1723 0.1723 0.1723 0.1723 0.1547 42.2283 42.2283 23.3110 2.7379 
fa4 = 0.7924 0.2504 0.2504 0.2504 0.2504 0.2504 0.2504 0.2504 0.2012 0.2012 0.2012 0.2012 0.2012 0.2012 0.2012 0.1722 0.1722 0.1722 0.1722 0.1722 0.1722 0.1722 0.1547 42.6385 42.6385 23.5271 2.7269 
fb1 = -0.1888 -0.2166 -0.2166 -0.2166 -0.2166 -0.2166 -0.2166 -0.2166 -0.2266 -0.2266 -0.2266 -0.2266 -0.2266 -0.2266 -0.2266 -0.2360 -0.2360 -0.2360 -0.2360 -0.2360 -0.2360 -0.2360 -0.2440 0.0230 0.0230 0.0057 -0.0754 
fb2 = -0.1887 -0.2165 -0.2165 -0.2165 -0.2165 -0.2165 -0.2165 -0.2165 -0.2265 -0.2265 -0.2265 -0.2265 -0.2265 -0.2265 -0.2265 -0.2359 -0.2359 -0.2359 -0.2359 -0.2359 -0.2359 -0.2359 -0.2439 0.0239 0.0239 0.0062 -0.0753 
fb3 = -0.1887 -0.2165 -0.2165 -0.2165 -0.2165 -0.2165 -0.2165 -0.2165 -0.2265 -0.2265 -0.2265 -0.2265 -0.2265 -0.2265 -0.2265 -0.2359 -0.2359 -0.2359 -0.2359 -0.2359 -0.2359 -0.2359 -0.2439 0.0239 0.0239 0.0062 -0.0753 
fb4 = -0.1887 -0.2165 -0.2165 -0.2165 -0.2165 -0.2165 -0.2165 -0.2165 -0.2265 -0.2265 -0.2265 -0.2265 -0.2265 -0.2265 -0.2265 -0.2359 -0.2359 -0.2359 -0.2359 -0.2359 -0.2359 -0.2359 -0.2439 0.0247 0.0247 0.0067 -0.0752 
I = 14.9000 9.4000 9.4000 9.4000 9.4000 9.4000 9.4000 9.4000 6.0000 6.0000 6.0000 6.0000 6.0000 6.0000 6.0000 2.0000 2.0000 2.0000 2.0000 2.0000 2.0000 2.0000 -2.0000 26.2281 26.2281 10.0000 3.8635 
S1 = 0.0000 0.0000 0.0000 0.0000 0.0000 0.0000 0.0000 0.0000 0.0000 0.0000 0.0000 0.0000 0.0000 0.0000 0.0000 0.0000 0.0000 0.0000 0.0000 0.0000 0.0000 0.0000 0.0000 0.0000 0.0000 0.0000 0.0000 
S2 = 0.0000 0.0000 0.0000 0.0000 0.0000 0.0000 0.0000 0.0000 0.0000 0.0000 0.0000 0.0000 0.0000 0.0000 0.0000 0.0000 0.0000 0.0000 0.0000 0.0000 0.0000 0.0000 0.0000 2.2281 2.2281 0.0000 14.8635 
u = 8.1821 8.0294 8.0294 8.0294 8.0294 8.0294 8.0294 8.0294 7.9612 7.9612 7.9612 7.9612 7.9612 7.9612 7.9612 7.8927 7.8927 7.8927 7.8927 7.8927 7.8927 7.8927 7.8324 11.1430 11.1430 11.8140 9.1882 
v = 34.6520 26.1754 26.1754 26.1754 26.1754 26.1754 26.1754 26.1754 22.9979 22.9979 22.9979 22.9979 22.9979 22.9979 22.9979 19.9537 19.9537 19.9537 19.9537 19.9537 19.9537 19.9537 17.3524 61.8943 61.8943 60.7331 27.1298 
