ExternalI = 5.5000 0.0000 0.0000 0.0000 0.0000 0.0000 0.0000 0.0000 4.0000 4.0000 4.0000 4.0000 4.0000 4.0000 4.0000 0.0000 0.0000 0.0000 0.0000 0.0000 0.0000 0.0000 0.0000 8.0000 8.0000 0.0000 0.0000 
before u = 8.1821 8.0294 8.0294 8.0294 8.0294 8.0294 8.0294 8.0294 7.9612 7.9612 7.9612 7.9612 7.9612 7.9612 7.9612 7.8927 7.8927 7.8927 7.8927 7.8927 7.8927 7.8927 7.8324 11.1430 11.1430 11.8140 9.1882 
before v = 34.6520 26.1754 26.1754 26.1754 26.1754 26.1754 26.1754 26.1754 22.9979 22.9979 22.9979 22.9979 22.9979 22.9979 22.9979 19.9537 19.9537 19.9537 19.9537 19.9537 19.9537 19.9537 17.3524 61.8943 61.8943 60.7331 27.1298 
Ibias = 9.4000 9.4000 9.4000 9.4000 9.4000 9.4000 9.4000 9.4000 2.0000 2.0000 2.0000 2.0000 2.0000 2.0000 2.0000 2.0000 2.0000 2.0000 2.0000 2.0000 2.0000 2.0000 -2.0000 16.0000 16.0000 10.0000 -11.0000 
fa1 = 0.7924 0.2504 0.2504 0.2504 0.2504 0.2504 0.2504 0.2504 0.2012 0.2012 0.2012 0.2012 0.2012 0.2012 0.2012 0.1722 0.1722 0.1722 0.1722 0.1722 0.1722 0.1722 0.1547 42.6340 42.6340 23.5271 2.6972 
fa2 = 0.7924 0.2504 0.2504 0.2504 0.2504 0.2504 0.2504 0.2504 0.2012 0.2012 0.2012 0.2012 0.2012 0.2012 0.2012 0.1722 0.1722 0.1722 0.1722 0.1722 0.1722 0.1722 0.1546 43.0517 43.0517 23.7463 2.6864 
fa3 = 0.7924 0.2504 0.2504 0.2504 0.2504 0.2504 0.2504 0.2504 0.2012 0.2012 0.2012 0.2012 0.2012 0.2012 0.2012 0.1722 0.1722 0.1722 0.1722 0.1722 0.1722 0.1722 0.1546 43.0558 43.0558 23.7483 2.6865 
fa4 = 0.7925 0.2503 0.2503 0.2503 0.2503 0.2503 0.2503 0.2503 0.2012 0.2012 0.2012 0.2012 0.2012 0.2012 0.2012 0.1722 0.1722 0.1722 0.1722 0.1722 0.1722 0.1722 0.1546 43.4814 43.4814 23.9707 2.6757 
fb1 = -0.1887 -0.2165 -0.2165 -0.2165 -0.2165 -0.2165 -0.2165 -0.2165 -0.2265 -0.2265 -0.2265 -0.2265 -0.2265 -0.2265 -0.2265 -0.2359 -0.2359 -0.2359 -0.2359 -0.2359 -0.2359 -0.2359 -0.2439 0.0247 0.0247 0.0067 -0.0752 
fb2 = -0.1886 -0.2164 -0.2164 -0.2164 -0.2164 -0.2164 -0.2164 -0.2164 -0.2264 -0.2264 -0.2264 -0.2264 -0.2264 -0.2264 -0.2264 -0.2358 -0.2358 -0.2358 -0.2358 -0.2358 -0.2358 -0.2358 -0.2438 0.0256 0.0256 0.0071 -0.0752 
fb3 = -0.1886 -0.2164 -0.2164 -0.2164 -0.2164 -0.2164 -0.2164 -0.2164 -0.2264 -0.2264 -0.2264 -0.2264 -0.2264 -0.2264 -0.2264 -0.2358 -0.2358 -0.2358 -0.2358 -0.2358 -0.2358 -0.2358 -0.2438 0.0256 0.0256 0.0071 -0.0752 
fb4 = -0.1886 -0.2164 -0.2164 -0.2164 -0.2164 -0.2164 -0.2164 -0.2164 -0.2264 -0.2264 -0.2264 -0.2264 -0.2264 -0.2264 -0.2264 -0.2358 -0.2358 -0.2358 -0.2358 -0.2358 -0.2358 -0.2358 -0.2438 0.0264 0.0264 0.0076 -0.0751 
I = 14.9000 9.4000 9.4000 9.4000 9.4000 9.4000 9.4000 9.4000 6.0000 6.0000 6.0000 6.0000 6.0000 6.0000 6.0000 2.0000 2.0000 2.0000 2.0000 2.0000 2.0000 2.0000 -2.0000 26.2237 26.2237 10.0000 3.8338 
S1 = 0.0000 0.0000 0.0000 0.0000 0.0000 0.0000 0.0000 0.0000 0.0000 0.0000 0.0000 0.0000 0.0000 0.0000 0.0000 0.0000 0.0000 0.0000 0.0000 0.0000 0.0000 0.0000 0.0000 0.0000 0.0000 0.0000 0.0000 
S2 = 0.0000 0.0000 0.0000 0.0000 0.0000 0.0000 0.0000 0.0000 0.0000 0.0000 0.0000 0.0000 0.0000 0.0000 0.0000 0.0000 0.0000 0.0000 0.0000 0.0000 0.0000 0.0000 0.0000 2.2237 2.2237 0.0000 14.8338 
u = 8.1802 8.0273 8.0273 8.0273 8.0273 8.0273 8.0273 8.0273 7.9590 7.9590 7.9590 7.9590 7.9590 7.9590 7.9590 7.8903 7.8903 7.8903 7.8903 7.8903 7.8903 7.8903 7.8299 11.1432 11.1432 11.8140 9.1875 
v = 34.6599 26.1779 26.1779 26.1779 26.1779 26.1779 26.1779 26.1779 22.9999 22.9999 22.9999 22.9999 22.9999 22.9999 22.9999 19.9554 19.9554 19.9554 19.9554 19.9554 19.9554 19.9554 17.3540 62.3249 62.3249 60.9706 27.1567 
