ExternalI = 5.5000 0.0000 0.0000 0.0000 0.0000 0.0000 0.0000 0.0000 4.0000 4.0000 4.0000 4.0000 4.0000 4.0000 4.0000 0.0000 0.0000 0.0000 0.0000 0.0000 0.0000 0.0000 0.0000 8.0000 8.0000 0.0000 0.0000 
before u = 8.1802 8.0273 8.0273 8.0273 8.0273 8.0273 8.0273 8.0273 7.9590 7.9590 7.9590 7.9590 7.9590 7.9590 7.9590 7.8903 7.8903 7.8903 7.8903 7.8903 7.8903 7.8903 7.8299 11.1432 11.1432 11.8140 9.1875 
before v = 34.6599 26.1779 26.1779 26.1779 26.1779 26.1779 26.1779 26.1779 22.9999 22.9999 22.9999 22.9999 22.9999 22.9999 22.9999 19.9554 19.9554 19.9554 19.9554 19.9554 19.9554 19.9554 17.3540 62.3249 62.3249 60.9706 27.1567 
Ibias = 9.4000 9.4000 9.4000 9.4000 9.4000 9.4000 9.4000 9.4000 2.0000 2.0000 2.0000 2.0000 2.0000 2.0000 2.0000 2.0000 2.0000 2.0000 2.0000 2.0000 2.0000 2.0000 -2.0000 16.0000 16.0000 10.0000 -11.0000 
fa1 = 0.7925 0.2503 0.2503 0.2503 0.2503 0.2503 0.2503 0.2503 0.2012 0.2012 0.2012 0.2012 0.2012 0.2012 0.2012 0.1722 0.1722 0.1722 0.1722 0.1722 0.1722 0.1722 0.1546 43.4770 43.4770 23.9707 2.6460 
fa2 = 0.7925 0.2503 0.2503 0.2503 0.2503 0.2503 0.2503 0.2503 0.2011 0.2011 0.2011 0.2011 0.2011 0.2011 0.2011 0.1721 0.1721 0.1721 0.1721 0.1721 0.1721 0.1721 0.1546 43.9104 43.9104 24.1963 2.6355 
fa3 = 0.7925 0.2503 0.2503 0.2503 0.2503 0.2503 0.2503 0.2503 0.2011 0.2011 0.2011 0.2011 0.2011 0.2011 0.2011 0.1721 0.1721 0.1721 0.1721 0.1721 0.1721 0.1721 0.1546 43.9148 43.9148 24.1984 2.6355 
fa4 = 0.7926 0.2502 0.2502 0.2502 0.2502 0.2502 0.2502 0.2502 0.2011 0.2011 0.2011 0.2011 0.2011 0.2011 0.2011 0.1721 0.1721 0.1721 0.1721 0.1721 0.1721 0.1721 0.1546 44.3565 44.3565 24.4273 2.6250 
fb1 = -0.1886 -0.2164 -0.2164 -0.2164 -0.2164 -0.2164 -0.2164 -0.2164 -0.2264 -0.2264 -0.2264 -0.2264 -0.2264 -0.2264 -0.2264 -0.2358 -0.2358 -0.2358 -0.2358 -0.2358 -0.2358 -0.2358 -0.2438 0.0264 0.0264 0.0076 -0.0751 
fb2 = -0.1885 -0.2163 -0.2163 -0.2163 -0.2163 -0.2163 -0.2163 -0.2163 -0.2263 -0.2263 -0.2263 -0.2263 -0.2263 -0.2263 -0.2263 -0.2357 -0.2357 -0.2357 -0.2357 -0.2357 -0.2357 -0.2357 -0.2437 0.0273 0.0273 0.0081 -0.0751 
fb3 = -0.1885 -0.2163 -0.2163 -0.2163 -0.2163 -0.2163 -0.2163 -0.2163 -0.2263 -0.2263 -0.2263 -0.2263 -0.2263 -0.2263 -0.2263 -0.2357 -0.2357 -0.2357 -0.2357 -0.2357 -0.2357 -0.2357 -0.2437 0.0273 0.0273 0.0081 -0.0751 
fb4 = -0.1885 -0.2163 -0.2163 -0.2163 -0.2163 -0.2163 -0.2163 -0.2163 -0.2263 -0.2263 -0.2263 -0.2263 -0.2263 -0.2263 -0.2263 -0.2357 -0.2357 -0.2357 -0.2357 -0.2357 -0.2357 -0.2357 -0.2437 0.0282 0.0282 0.0086 -0.0750 
I = 14.9000 9.4000 9.4000 9.4000 9.4000 9.4000 9.4000 9.4000 6.0000 6.0000 6.0000 6.0000 6.0000 6.0000 6.0000 2.0000 2.0000 2.0000 2.0000 2.0000 2.0000 2.0000 -2.0000 26.2192 26.2192 10.0000 3.8041 
S1 = 0.0000 0.0000 0.0000 0.0000 0.0000 0.0000 0.0000 0.0000 0.0000 0.0000 0.0000 0.0000 0.0000 0.0000 0.0000 0.0000 0.0000 0.0000 0.0000 0.0000 0.0000 0.0000 0.0000 0.0000 0.0000 0.0000 0.0000 
S2 = 0.0000 0.0000 0.0000 0.0000 0.0000 0.0000 0.0000 0.0000 0.0000 0.0000 0.0000 0.0000 0.0000 0.0000 0.0000 0.0000 0.0000 0.0000 0.0000 0.0000 0.0000 0.0000 0.0000 2.2192 2.2192 0.0000 14.8041 
u = 8.1783 8.0251 8.0251 8.0251 8.0251 8.0251 8.0251 8.0251 7.9567 7.9567 7.9567 7.9567 7.9567 7.9567 7.9567 7.8880 7.8880 7.8880 7.8880 7.8880 7.8880 7.8880 7.8275 11.1435 11.1435 11.8141 9.1867 
v = 34.6678 26.1804 26.1804 26.1804 26.1804 26.1804 26.1804 26.1804 23.0019 23.0019 23.0019 23.0019 23.0019 23.0019 23.0019 19.9571 19.9571 19.9571 19.9571 19.9571 19.9571 19.9571 17.3555 62.7640 62.7640 61.2126 27.1831 
