ExternalI = 5.5000 0.0000 0.0000 0.0000 0.0000 0.0000 0.0000 0.0000 4.0000 4.0000 4.0000 4.0000 4.0000 4.0000 4.0000 0.0000 0.0000 0.0000 0.0000 0.0000 0.0000 0.0000 0.0000 8.0000 8.0000 0.0000 0.0000 
before u = 8.1783 8.0251 8.0251 8.0251 8.0251 8.0251 8.0251 8.0251 7.9567 7.9567 7.9567 7.9567 7.9567 7.9567 7.9567 7.8880 7.8880 7.8880 7.8880 7.8880 7.8880 7.8880 7.8275 11.1435 11.1435 11.8141 9.1867 
before v = 34.6678 26.1804 26.1804 26.1804 26.1804 26.1804 26.1804 26.1804 23.0019 23.0019 23.0019 23.0019 23.0019 23.0019 23.0019 19.9571 19.9571 19.9571 19.9571 19.9571 19.9571 19.9571 17.3555 62.7640 62.7640 61.2126 27.1831 
Ibias = 9.4000 9.4000 9.4000 9.4000 9.4000 9.4000 9.4000 9.4000 2.0000 2.0000 2.0000 2.0000 2.0000 2.0000 2.0000 2.0000 2.0000 2.0000 2.0000 2.0000 2.0000 2.0000 -2.0000 16.0000 16.0000 10.0000 -11.0000 
fa1 = 0.7926 0.2502 0.2502 0.2502 0.2502 0.2502 0.2502 0.2502 0.2011 0.2011 0.2011 0.2011 0.2011 0.2011 0.2011 0.1721 0.1721 0.1721 0.1721 0.1721 0.1721 0.1721 0.1546 44.3521 44.3521 24.4273 2.5954 
fa2 = 0.7926 0.2502 0.2502 0.2502 0.2502 0.2502 0.2502 0.2502 0.2011 0.2011 0.2011 0.2011 0.2011 0.2011 0.2011 0.1721 0.1721 0.1721 0.1721 0.1721 0.1721 0.1721 0.1545 44.8021 44.8021 24.6595 2.5851 
fa3 = 0.7926 0.2502 0.2502 0.2502 0.2502 0.2502 0.2502 0.2502 0.2011 0.2011 0.2011 0.2011 0.2011 0.2011 0.2011 0.1721 0.1721 0.1721 0.1721 0.1721 0.1721 0.1721 0.1545 44.8067 44.8067 24.6618 2.5851 
fa4 = 0.7927 0.2501 0.2501 0.2501 0.2501 0.2501 0.2501 0.2501 0.2010 0.2010 0.2010 0.2010 0.2010 0.2010 0.2010 0.1721 0.1721 0.1721 0.1721 0.1721 0.1721 0.1721 0.1545 45.2654 45.2654 24.8975 2.5749 
fb1 = -0.1885 -0.2163 -0.2163 -0.2163 -0.2163 -0.2163 -0.2163 -0.2163 -0.2263 -0.2263 -0.2263 -0.2263 -0.2263 -0.2263 -0.2263 -0.2357 -0.2357 -0.2357 -0.2357 -0.2357 -0.2357 -0.2357 -0.2437 0.0282 0.0282 0.0086 -0.0750 
fb2 = -0.1884 -0.2162 -0.2162 -0.2162 -0.2162 -0.2162 -0.2162 -0.2162 -0.2262 -0.2262 -0.2262 -0.2262 -0.2262 -0.2262 -0.2262 -0.2356 -0.2356 -0.2356 -0.2356 -0.2356 -0.2356 -0.2356 -0.2436 0.0291 0.0291 0.0091 -0.0749 
fb3 = -0.1884 -0.2162 -0.2162 -0.2162 -0.2162 -0.2162 -0.2162 -0.2162 -0.2262 -0.2262 -0.2262 -0.2262 -0.2262 -0.2262 -0.2262 -0.2356 -0.2356 -0.2356 -0.2356 -0.2356 -0.2356 -0.2356 -0.2436 0.0291 0.0291 0.0091 -0.0749 
fb4 = -0.1884 -0.2162 -0.2162 -0.2162 -0.2162 -0.2162 -0.2162 -0.2162 -0.2262 -0.2262 -0.2262 -0.2262 -0.2262 -0.2262 -0.2262 -0.2356 -0.2356 -0.2356 -0.2356 -0.2356 -0.2356 -0.2356 -0.2436 0.0300 0.0300 0.0096 -0.0749 
I = 14.9000 9.4000 9.4000 9.4000 9.4000 9.4000 9.4000 9.4000 6.0000 6.0000 6.0000 6.0000 6.0000 6.0000 6.0000 2.0000 2.0000 2.0000 2.0000 2.0000 2.0000 2.0000 -2.0000 26.2148 26.2148 10.0000 3.7745 
S1 = 0.0000 0.0000 0.0000 0.0000 0.0000 0.0000 0.0000 0.0000 0.0000 0.0000 0.0000 0.0000 0.0000 0.0000 0.0000 0.0000 0.0000 0.0000 0.0000 0.0000 0.0000 0.0000 0.0000 0.0000 0.0000 0.0000 0.0000 
S2 = 0.0000 0.0000 0.0000 0.0000 0.0000 0.0000 0.0000 0.0000 0.0000 0.0000 0.0000 0.0000 0.0000 0.0000 0.0000 0.0000 0.0000 0.0000 0.0000 0.0000 0.0000 0.0000 0.0000 2.2148 2.2148 0.0000 14.7745 
u = 8.1764 8.0229 8.0229 8.0229 8.0229 8.0229 8.0229 8.0229 7.9544 7.9544 7.9544 7.9544 7.9544 7.9544 7.9544 7.8856 7.8856 7.8856 7.8856 7.8856 7.8856 7.8856 7.8250 11.1438 11.1438 11.8142 9.1860 
v = 34.6757 26.1829 26.1829 26.1829 26.1829 26.1829 26.1829 26.1829 23.0039 23.0039 23.0039 23.0039 23.0039 23.0039 23.0039 19.9589 19.9589 19.9589 19.9589 19.9589 19.9589 19.9589 17.3570 63.2121 63.2121 61.4592 27.2089 
