ExternalI = 5.5000 0.0000 0.0000 0.0000 0.0000 0.0000 0.0000 0.0000 4.0000 4.0000 4.0000 4.0000 4.0000 4.0000 4.0000 0.0000 0.0000 0.0000 0.0000 0.0000 0.0000 0.0000 0.0000 8.0000 8.0000 0.0000 0.0000 
before u = 8.1764 8.0229 8.0229 8.0229 8.0229 8.0229 8.0229 8.0229 7.9544 7.9544 7.9544 7.9544 7.9544 7.9544 7.9544 7.8856 7.8856 7.8856 7.8856 7.8856 7.8856 7.8856 7.8250 11.1438 11.1438 11.8142 9.1860 
before v = 34.6757 26.1829 26.1829 26.1829 26.1829 26.1829 26.1829 26.1829 23.0039 23.0039 23.0039 23.0039 23.0039 23.0039 23.0039 19.9589 19.9589 19.9589 19.9589 19.9589 19.9589 19.9589 17.3570 63.2121 63.2121 61.4592 27.2089 
Ibias = 9.4000 9.4000 9.4000 9.4000 9.4000 9.4000 9.4000 9.4000 2.0000 2.0000 2.0000 2.0000 2.0000 2.0000 2.0000 2.0000 2.0000 2.0000 2.0000 2.0000 2.0000 2.0000 -2.0000 16.0000 16.0000 10.0000 -11.0000 
fa1 = 0.7927 0.2501 0.2501 0.2501 0.2501 0.2501 0.2501 0.2501 0.2010 0.2010 0.2010 0.2010 0.2010 0.2010 0.2010 0.1721 0.1721 0.1721 0.1721 0.1721 0.1721 0.1721 0.1545 45.2610 45.2610 24.8975 2.5453 
fa2 = 0.7927 0.2501 0.2501 0.2501 0.2501 0.2501 0.2501 0.2501 0.2010 0.2010 0.2010 0.2010 0.2010 0.2010 0.2010 0.1720 0.1720 0.1720 0.1720 0.1720 0.1720 0.1720 0.1545 45.7284 45.7284 25.1366 2.5352 
fa3 = 0.7927 0.2501 0.2501 0.2501 0.2501 0.2501 0.2501 0.2501 0.2010 0.2010 0.2010 0.2010 0.2010 0.2010 0.2010 0.1720 0.1720 0.1720 0.1720 0.1720 0.1720 0.1720 0.1545 45.7332 45.7332 25.1389 2.5352 
fa4 = 0.7927 0.2500 0.2500 0.2500 0.2500 0.2500 0.2500 0.2500 0.2010 0.2010 0.2010 0.2010 0.2010 0.2010 0.2010 0.1720 0.1720 0.1720 0.1720 0.1720 0.1720 0.1720 0.1544 46.2097 46.2097 25.3817 2.5252 
fb1 = -0.1884 -0.2162 -0.2162 -0.2162 -0.2162 -0.2162 -0.2162 -0.2162 -0.2262 -0.2262 -0.2262 -0.2262 -0.2262 -0.2262 -0.2262 -0.2356 -0.2356 -0.2356 -0.2356 -0.2356 -0.2356 -0.2356 -0.2436 0.0300 0.0300 0.0096 -0.0749 
fb2 = -0.1883 -0.2161 -0.2161 -0.2161 -0.2161 -0.2161 -0.2161 -0.2161 -0.2261 -0.2261 -0.2261 -0.2261 -0.2261 -0.2261 -0.2261 -0.2355 -0.2355 -0.2355 -0.2355 -0.2355 -0.2355 -0.2355 -0.2435 0.0309 0.0309 0.0100 -0.0748 
fb3 = -0.1883 -0.2161 -0.2161 -0.2161 -0.2161 -0.2161 -0.2161 -0.2161 -0.2261 -0.2261 -0.2261 -0.2261 -0.2261 -0.2261 -0.2261 -0.2355 -0.2355 -0.2355 -0.2355 -0.2355 -0.2355 -0.2355 -0.2435 0.0309 0.0309 0.0101 -0.0748 
fb4 = -0.1882 -0.2161 -0.2161 -0.2161 -0.2161 -0.2161 -0.2161 -0.2161 -0.2261 -0.2261 -0.2261 -0.2261 -0.2261 -0.2261 -0.2261 -0.2355 -0.2355 -0.2355 -0.2355 -0.2355 -0.2355 -0.2355 -0.2435 0.0318 0.0318 0.0106 -0.0748 
I = 14.9000 9.4000 9.4000 9.4000 9.4000 9.4000 9.4000 9.4000 6.0000 6.0000 6.0000 6.0000 6.0000 6.0000 6.0000 2.0000 2.0000 2.0000 2.0000 2.0000 2.0000 2.0000 -2.0000 26.2103 26.2103 10.0000 3.7450 
S1 = 0.0000 0.0000 0.0000 0.0000 0.0000 0.0000 0.0000 0.0000 0.0000 0.0000 0.0000 0.0000 0.0000 0.0000 0.0000 0.0000 0.0000 0.0000 0.0000 0.0000 0.0000 0.0000 0.0000 0.0000 0.0000 0.0000 0.0000 
S2 = 0.0000 0.0000 0.0000 0.0000 0.0000 0.0000 0.0000 0.0000 0.0000 0.0000 0.0000 0.0000 0.0000 0.0000 0.0000 0.0000 0.0000 0.0000 0.0000 0.0000 0.0000 0.0000 0.0000 2.2103 2.2103 0.0000 14.7450 
u = 8.1745 8.0208 8.0208 8.0208 8.0208 8.0208 8.0208 8.0208 7.9522 7.9522 7.9522 7.9522 7.9522 7.9522 7.9522 7.8832 7.8832 7.8832 7.8832 7.8832 7.8832 7.8832 7.8226 11.1441 11.1441 11.8143 9.1852 
v = 34.6837 26.1854 26.1854 26.1854 26.1854 26.1854 26.1854 26.1854 23.0059 23.0059 23.0059 23.0059 23.0059 23.0059 23.0059 19.9606 19.9606 19.9606 19.9606 19.9606 19.9606 19.9606 17.3586 63.6694 63.6694 61.7106 27.2343 
