ExternalI = 5.5000 0.0000 0.0000 0.0000 0.0000 0.0000 0.0000 0.0000 4.0000 4.0000 4.0000 4.0000 4.0000 4.0000 4.0000 0.0000 0.0000 0.0000 0.0000 0.0000 0.0000 0.0000 0.0000 8.0000 8.0000 0.0000 0.0000 
before u = 8.1745 8.0208 8.0208 8.0208 8.0208 8.0208 8.0208 8.0208 7.9522 7.9522 7.9522 7.9522 7.9522 7.9522 7.9522 7.8832 7.8832 7.8832 7.8832 7.8832 7.8832 7.8832 7.8226 11.1441 11.1441 11.8143 9.1852 
before v = 34.6837 26.1854 26.1854 26.1854 26.1854 26.1854 26.1854 26.1854 23.0059 23.0059 23.0059 23.0059 23.0059 23.0059 23.0059 19.9606 19.9606 19.9606 19.9606 19.9606 19.9606 19.9606 17.3586 63.6694 63.6694 61.7106 27.2343 
Ibias = 9.4000 9.4000 9.4000 9.4000 9.4000 9.4000 9.4000 9.4000 2.0000 2.0000 2.0000 2.0000 2.0000 2.0000 2.0000 2.0000 2.0000 2.0000 2.0000 2.0000 2.0000 2.0000 -2.0000 16.0000 16.0000 10.0000 -11.0000 
fa1 = 0.7927 0.2500 0.2500 0.2500 0.2500 0.2500 0.2500 0.2500 0.2010 0.2010 0.2010 0.2010 0.2010 0.2010 0.2010 0.1720 0.1720 0.1720 0.1720 0.1720 0.1720 0.1720 0.1544 46.2053 46.2053 25.3817 2.4957 
fa2 = 0.7928 0.2500 0.2500 0.2500 0.2500 0.2500 0.2500 0.2500 0.2009 0.2009 0.2009 0.2009 0.2009 0.2009 0.2009 0.1720 0.1720 0.1720 0.1720 0.1720 0.1720 0.1720 0.1544 46.6910 46.6910 25.6281 2.4858 
fa3 = 0.7928 0.2500 0.2500 0.2500 0.2500 0.2500 0.2500 0.2500 0.2009 0.2009 0.2009 0.2009 0.2009 0.2009 0.2009 0.1720 0.1720 0.1720 0.1720 0.1720 0.1720 0.1720 0.1544 46.6961 46.6961 25.6305 2.4859 
fa4 = 0.7928 0.2499 0.2499 0.2499 0.2499 0.2499 0.2499 0.2499 0.2009 0.2009 0.2009 0.2009 0.2009 0.2009 0.2009 0.1719 0.1719 0.1719 0.1719 0.1719 0.1719 0.1719 0.1544 47.1913 47.1913 25.8807 2.4761 
fb1 = -0.1882 -0.2161 -0.2161 -0.2161 -0.2161 -0.2161 -0.2161 -0.2161 -0.2261 -0.2261 -0.2261 -0.2261 -0.2261 -0.2261 -0.2261 -0.2355 -0.2355 -0.2355 -0.2355 -0.2355 -0.2355 -0.2355 -0.2435 0.0318 0.0318 0.0106 -0.0748 
fb2 = -0.1882 -0.2160 -0.2160 -0.2160 -0.2160 -0.2160 -0.2160 -0.2160 -0.2260 -0.2260 -0.2260 -0.2260 -0.2260 -0.2260 -0.2260 -0.2354 -0.2354 -0.2354 -0.2354 -0.2354 -0.2354 -0.2354 -0.2434 0.0327 0.0327 0.0111 -0.0747 
fb3 = -0.1882 -0.2160 -0.2160 -0.2160 -0.2160 -0.2160 -0.2160 -0.2160 -0.2260 -0.2260 -0.2260 -0.2260 -0.2260 -0.2260 -0.2260 -0.2354 -0.2354 -0.2354 -0.2354 -0.2354 -0.2354 -0.2354 -0.2434 0.0327 0.0327 0.0111 -0.0747 
fb4 = -0.1881 -0.2160 -0.2160 -0.2160 -0.2160 -0.2160 -0.2160 -0.2160 -0.2260 -0.2260 -0.2260 -0.2260 -0.2260 -0.2260 -0.2260 -0.2354 -0.2354 -0.2354 -0.2354 -0.2354 -0.2354 -0.2354 -0.2434 0.0337 0.0337 0.0116 -0.0747 
I = 14.9000 9.4000 9.4000 9.4000 9.4000 9.4000 9.4000 9.4000 6.0000 6.0000 6.0000 6.0000 6.0000 6.0000 6.0000 2.0000 2.0000 2.0000 2.0000 2.0000 2.0000 2.0000 -2.0000 26.2059 26.2059 10.0000 3.7155 
S1 = 0.0000 0.0000 0.0000 0.0000 0.0000 0.0000 0.0000 0.0000 0.0000 0.0000 0.0000 0.0000 0.0000 0.0000 0.0000 0.0000 0.0000 0.0000 0.0000 0.0000 0.0000 0.0000 0.0000 0.0000 0.0000 0.0000 0.0000 
S2 = 0.0000 0.0000 0.0000 0.0000 0.0000 0.0000 0.0000 0.0000 0.0000 0.0000 0.0000 0.0000 0.0000 0.0000 0.0000 0.0000 0.0000 0.0000 0.0000 0.0000 0.0000 0.0000 0.0000 2.2059 2.2059 0.0000 14.7155 
u = 8.1726 8.0186 8.0186 8.0186 8.0186 8.0186 8.0186 8.0186 7.9499 7.9499 7.9499 7.9499 7.9499 7.9499 7.9499 7.8809 7.8809 7.8809 7.8809 7.8809 7.8809 7.8809 7.8202 11.1444 11.1444 11.8144 9.1845 
v = 34.6916 26.1879 26.1879 26.1879 26.1879 26.1879 26.1879 26.1879 23.0079 23.0079 23.0079 23.0079 23.0079 23.0079 23.0079 19.9623 19.9623 19.9623 19.9623 19.9623 19.9623 19.9623 17.3601 64.1363 64.1363 61.9669 27.2591 
