ExternalI = 5.5000 0.0000 0.0000 0.0000 0.0000 0.0000 0.0000 0.0000 4.0000 4.0000 4.0000 4.0000 4.0000 4.0000 4.0000 0.0000 0.0000 0.0000 0.0000 0.0000 0.0000 0.0000 0.0000 8.0000 8.0000 0.0000 0.0000 
before u = 8.1726 8.0186 8.0186 8.0186 8.0186 8.0186 8.0186 8.0186 7.9499 7.9499 7.9499 7.9499 7.9499 7.9499 7.9499 7.8809 7.8809 7.8809 7.8809 7.8809 7.8809 7.8809 7.8202 11.1444 11.1444 11.8144 9.1845 
before v = 34.6916 26.1879 26.1879 26.1879 26.1879 26.1879 26.1879 26.1879 23.0079 23.0079 23.0079 23.0079 23.0079 23.0079 23.0079 19.9623 19.9623 19.9623 19.9623 19.9623 19.9623 19.9623 17.3601 64.1363 64.1363 61.9669 27.2591 
Ibias = 9.4000 9.4000 9.4000 9.4000 9.4000 9.4000 9.4000 9.4000 2.0000 2.0000 2.0000 2.0000 2.0000 2.0000 2.0000 2.0000 2.0000 2.0000 2.0000 2.0000 2.0000 2.0000 -2.0000 16.0000 16.0000 10.0000 -11.0000 
fa1 = 0.7928 0.2499 0.2499 0.2499 0.2499 0.2499 0.2499 0.2499 0.2009 0.2009 0.2009 0.2009 0.2009 0.2009 0.2009 0.1719 0.1719 0.1719 0.1719 0.1719 0.1719 0.1719 0.1544 47.1869 47.1869 25.8807 2.4466 
fa2 = 0.7929 0.2498 0.2498 0.2498 0.2498 0.2498 0.2498 0.2498 0.2009 0.2009 0.2009 0.2009 0.2009 0.2009 0.2009 0.1719 0.1719 0.1719 0.1719 0.1719 0.1719 0.1719 0.1544 47.6917 47.6917 26.1346 2.4370 
fa3 = 0.7929 0.2498 0.2498 0.2498 0.2498 0.2498 0.2498 0.2498 0.2009 0.2009 0.2009 0.2009 0.2009 0.2009 0.2009 0.1719 0.1719 0.1719 0.1719 0.1719 0.1719 0.1719 0.1544 47.6971 47.6971 26.1371 2.4370 
fa4 = 0.7929 0.2498 0.2498 0.2498 0.2498 0.2498 0.2498 0.2498 0.2008 0.2008 0.2008 0.2008 0.2008 0.2008 0.2008 0.1719 0.1719 0.1719 0.1719 0.1719 0.1719 0.1719 0.1543 48.2120 48.2120 26.3949 2.4274 
fb1 = -0.1881 -0.2160 -0.2160 -0.2160 -0.2160 -0.2160 -0.2160 -0.2160 -0.2260 -0.2260 -0.2260 -0.2260 -0.2260 -0.2260 -0.2260 -0.2354 -0.2354 -0.2354 -0.2354 -0.2354 -0.2354 -0.2354 -0.2434 0.0337 0.0337 0.0116 -0.0747 
fb2 = -0.1881 -0.2159 -0.2159 -0.2159 -0.2159 -0.2159 -0.2159 -0.2159 -0.2259 -0.2259 -0.2259 -0.2259 -0.2259 -0.2259 -0.2259 -0.2353 -0.2353 -0.2353 -0.2353 -0.2353 -0.2353 -0.2353 -0.2433 0.0346 0.0346 0.0121 -0.0746 
fb3 = -0.1881 -0.2159 -0.2159 -0.2159 -0.2159 -0.2159 -0.2159 -0.2159 -0.2259 -0.2259 -0.2259 -0.2259 -0.2259 -0.2259 -0.2259 -0.2353 -0.2353 -0.2353 -0.2353 -0.2353 -0.2353 -0.2353 -0.2433 0.0346 0.0346 0.0121 -0.0746 
fb4 = -0.1880 -0.2159 -0.2159 -0.2159 -0.2159 -0.2159 -0.2159 -0.2159 -0.2259 -0.2259 -0.2259 -0.2259 -0.2259 -0.2259 -0.2259 -0.2353 -0.2353 -0.2353 -0.2353 -0.2353 -0.2353 -0.2353 -0.2433 0.0356 0.0356 0.0126 -0.0745 
I = 14.9000 9.4000 9.4000 9.4000 9.4000 9.4000 9.4000 9.4000 6.0000 6.0000 6.0000 6.0000 6.0000 6.0000 6.0000 2.0000 2.0000 2.0000 2.0000 2.0000 2.0000 2.0000 -2.0000 26.2015 26.2015 10.0000 3.6861 
S1 = 0.0000 0.0000 0.0000 0.0000 0.0000 0.0000 0.0000 0.0000 0.0000 0.0000 0.0000 0.0000 0.0000 0.0000 0.0000 0.0000 0.0000 0.0000 0.0000 0.0000 0.0000 0.0000 0.0000 0.0000 0.0000 0.0000 0.0000 
S2 = 0.0000 0.0000 0.0000 0.0000 0.0000 0.0000 0.0000 0.0000 0.0000 0.0000 0.0000 0.0000 0.0000 0.0000 0.0000 0.0000 0.0000 0.0000 0.0000 0.0000 0.0000 0.0000 0.0000 2.2015 2.2015 0.0000 14.6861 
u = 8.1708 8.0165 8.0165 8.0165 8.0165 8.0165 8.0165 8.0165 7.9477 7.9477 7.9477 7.9477 7.9477 7.9477 7.9477 7.8785 7.8785 7.8785 7.8785 7.8785 7.8785 7.8785 7.8177 11.1448 11.1448 11.8146 9.1837 
v = 34.6995 26.1904 26.1904 26.1904 26.1904 26.1904 26.1904 26.1904 23.0099 23.0099 23.0099 23.0099 23.0099 23.0099 23.0099 19.9640 19.9640 19.9640 19.9640 19.9640 19.9640 19.9640 17.3617 64.6133 64.6133 62.2282 27.2835 
