ExternalI = 5.5000 0.0000 0.0000 0.0000 0.0000 0.0000 0.0000 0.0000 4.0000 4.0000 4.0000 4.0000 4.0000 4.0000 4.0000 0.0000 0.0000 0.0000 0.0000 0.0000 0.0000 0.0000 0.0000 8.0000 8.0000 0.0000 0.0000 
before u = 8.1708 8.0165 8.0165 8.0165 8.0165 8.0165 8.0165 8.0165 7.9477 7.9477 7.9477 7.9477 7.9477 7.9477 7.9477 7.8785 7.8785 7.8785 7.8785 7.8785 7.8785 7.8785 7.8177 11.1448 11.1448 11.8146 9.1837 
before v = 34.6995 26.1904 26.1904 26.1904 26.1904 26.1904 26.1904 26.1904 23.0099 23.0099 23.0099 23.0099 23.0099 23.0099 23.0099 19.9640 19.9640 19.9640 19.9640 19.9640 19.9640 19.9640 17.3617 64.6133 64.6133 62.2282 27.2835 
Ibias = 9.4000 9.4000 9.4000 9.4000 9.4000 9.4000 9.4000 9.4000 2.0000 2.0000 2.0000 2.0000 2.0000 2.0000 2.0000 2.0000 2.0000 2.0000 2.0000 2.0000 2.0000 2.0000 -2.0000 16.0000 16.0000 10.0000 -11.0000 
fa1 = 0.7929 0.2498 0.2498 0.2498 0.2498 0.2498 0.2498 0.2498 0.2008 0.2008 0.2008 0.2008 0.2008 0.2008 0.2008 0.1719 0.1719 0.1719 0.1719 0.1719 0.1719 0.1719 0.1543 48.2076 48.2076 26.3948 2.3981 
fa2 = 0.7930 0.2497 0.2497 0.2497 0.2497 0.2497 0.2497 0.2497 0.2008 0.2008 0.2008 0.2008 0.2008 0.2008 0.2008 0.1719 0.1719 0.1719 0.1719 0.1719 0.1719 0.1719 0.1543 48.7326 48.7326 26.6566 2.3886 
fa3 = 0.7930 0.2497 0.2497 0.2497 0.2497 0.2497 0.2497 0.2497 0.2008 0.2008 0.2008 0.2008 0.2008 0.2008 0.2008 0.1719 0.1719 0.1719 0.1719 0.1719 0.1719 0.1719 0.1543 48.7383 48.7383 26.6592 2.3887 
fa4 = 0.7931 0.2497 0.2497 0.2497 0.2497 0.2497 0.2497 0.2497 0.2008 0.2008 0.2008 0.2008 0.2008 0.2008 0.2008 0.1718 0.1718 0.1718 0.1718 0.1718 0.1718 0.1718 0.1543 49.2739 49.2739 26.9249 2.3793 
fb1 = -0.1880 -0.2159 -0.2159 -0.2159 -0.2159 -0.2159 -0.2159 -0.2159 -0.2259 -0.2259 -0.2259 -0.2259 -0.2259 -0.2259 -0.2259 -0.2353 -0.2353 -0.2353 -0.2353 -0.2353 -0.2353 -0.2353 -0.2433 0.0356 0.0356 0.0126 -0.0745 
fb2 = -0.1880 -0.2158 -0.2158 -0.2158 -0.2158 -0.2158 -0.2158 -0.2158 -0.2258 -0.2258 -0.2258 -0.2258 -0.2258 -0.2258 -0.2258 -0.2352 -0.2352 -0.2352 -0.2352 -0.2352 -0.2352 -0.2352 -0.2432 0.0365 0.0365 0.0131 -0.0745 
fb3 = -0.1880 -0.2158 -0.2158 -0.2158 -0.2158 -0.2158 -0.2158 -0.2158 -0.2258 -0.2258 -0.2258 -0.2258 -0.2258 -0.2258 -0.2258 -0.2352 -0.2352 -0.2352 -0.2352 -0.2352 -0.2352 -0.2352 -0.2432 0.0365 0.0365 0.0132 -0.0745 
fb4 = -0.1879 -0.2158 -0.2158 -0.2158 -0.2158 -0.2158 -0.2158 -0.2158 -0.2258 -0.2258 -0.2258 -0.2258 -0.2258 -0.2258 -0.2258 -0.2352 -0.2352 -0.2352 -0.2352 -0.2352 -0.2352 -0.2352 -0.2432 0.0375 0.0375 0.0137 -0.0744 
I = 14.9000 9.4000 9.4000 9.4000 9.4000 9.4000 9.4000 9.4000 6.0000 6.0000 6.0000 6.0000 6.0000 6.0000 6.0000 2.0000 2.0000 2.0000 2.0000 2.0000 2.0000 2.0000 -2.0000 26.1971 26.1971 10.0000 3.6567 
S1 = 0.0000 0.0000 0.0000 0.0000 0.0000 0.0000 0.0000 0.0000 0.0000 0.0000 0.0000 0.0000 0.0000 0.0000 0.0000 0.0000 0.0000 0.0000 0.0000 0.0000 0.0000 0.0000 0.0000 0.0000 0.0000 0.0000 0.0000 
S2 = 0.0000 0.0000 0.0000 0.0000 0.0000 0.0000 0.0000 0.0000 0.0000 0.0000 0.0000 0.0000 0.0000 0.0000 0.0000 0.0000 0.0000 0.0000 0.0000 0.0000 0.0000 0.0000 0.0000 2.1971 2.1971 0.0000 14.6567 
u = 8.1689 8.0143 8.0143 8.0143 8.0143 8.0143 8.0143 8.0143 7.9454 7.9454 7.9454 7.9454 7.9454 7.9454 7.9454 7.8762 7.8762 7.8762 7.8762 7.8762 7.8762 7.8762 7.8153 11.1451 11.1451 11.8147 9.1830 
v = 34.7075 26.1929 26.1929 26.1929 26.1929 26.1929 26.1929 26.1929 23.0119 23.0119 23.0119 23.0119 23.0119 23.0119 23.0119 19.9657 19.9657 19.9657 19.9657 19.9657 19.9657 19.9657 17.3632 65.1007 65.1007 62.4948 27.3074 
