ExternalI = 5.5000 0.0000 0.0000 0.0000 0.0000 0.0000 0.0000 0.0000 4.0000 4.0000 4.0000 4.0000 4.0000 4.0000 4.0000 0.0000 0.0000 0.0000 0.0000 0.0000 0.0000 0.0000 0.0000 8.0000 8.0000 0.0000 0.0000 
before u = 8.1689 8.0143 8.0143 8.0143 8.0143 8.0143 8.0143 8.0143 7.9454 7.9454 7.9454 7.9454 7.9454 7.9454 7.9454 7.8762 7.8762 7.8762 7.8762 7.8762 7.8762 7.8762 7.8153 11.1451 11.1451 11.8147 9.1830 
before v = 34.7075 26.1929 26.1929 26.1929 26.1929 26.1929 26.1929 26.1929 23.0119 23.0119 23.0119 23.0119 23.0119 23.0119 23.0119 19.9657 19.9657 19.9657 19.9657 19.9657 19.9657 19.9657 17.3632 65.1007 65.1007 62.4948 27.3074 
Ibias = 9.4000 9.4000 9.4000 9.4000 9.4000 9.4000 9.4000 9.4000 2.0000 2.0000 2.0000 2.0000 2.0000 2.0000 2.0000 2.0000 2.0000 2.0000 2.0000 2.0000 2.0000 2.0000 -2.0000 16.0000 16.0000 10.0000 -11.0000 
fa1 = 0.7931 0.2497 0.2497 0.2497 0.2497 0.2497 0.2497 0.2497 0.2008 0.2008 0.2008 0.2008 0.2008 0.2008 0.2008 0.1718 0.1718 0.1718 0.1718 0.1718 0.1718 0.1718 0.1543 49.2695 49.2695 26.9249 2.3500 
fa2 = 0.7931 0.2496 0.2496 0.2496 0.2496 0.2496 0.2496 0.2496 0.2007 0.2007 0.2007 0.2007 0.2007 0.2007 0.2007 0.1718 0.1718 0.1718 0.1718 0.1718 0.1718 0.1718 0.1543 49.8157 49.8157 27.1948 2.3408 
fa3 = 0.7931 0.2496 0.2496 0.2496 0.2496 0.2496 0.2496 0.2496 0.2007 0.2007 0.2007 0.2007 0.2007 0.2007 0.2007 0.1718 0.1718 0.1718 0.1718 0.1718 0.1718 0.1718 0.1543 49.8217 49.8217 27.1975 2.3408 
fa4 = 0.7932 0.2496 0.2496 0.2496 0.2496 0.2496 0.2496 0.2496 0.2007 0.2007 0.2007 0.2007 0.2007 0.2007 0.2007 0.1718 0.1718 0.1718 0.1718 0.1718 0.1718 0.1718 0.1542 50.3791 50.3791 27.4716 2.3317 
fb1 = -0.1879 -0.2158 -0.2158 -0.2158 -0.2158 -0.2158 -0.2158 -0.2158 -0.2258 -0.2258 -0.2258 -0.2258 -0.2258 -0.2258 -0.2258 -0.2352 -0.2352 -0.2352 -0.2352 -0.2352 -0.2352 -0.2352 -0.2432 0.0375 0.0375 0.0137 -0.0744 
fb2 = -0.1879 -0.2158 -0.2158 -0.2158 -0.2158 -0.2158 -0.2158 -0.2158 -0.2257 -0.2257 -0.2257 -0.2257 -0.2257 -0.2257 -0.2257 -0.2351 -0.2351 -0.2351 -0.2351 -0.2351 -0.2351 -0.2351 -0.2431 0.0385 0.0385 0.0142 -0.0744 
fb3 = -0.1879 -0.2158 -0.2158 -0.2158 -0.2158 -0.2158 -0.2158 -0.2158 -0.2257 -0.2257 -0.2257 -0.2257 -0.2257 -0.2257 -0.2257 -0.2351 -0.2351 -0.2351 -0.2351 -0.2351 -0.2351 -0.2351 -0.2431 0.0385 0.0385 0.0142 -0.0744 
fb4 = -0.1878 -0.2157 -0.2157 -0.2157 -0.2157 -0.2157 -0.2157 -0.2157 -0.2257 -0.2257 -0.2257 -0.2257 -0.2257 -0.2257 -0.2257 -0.2351 -0.2351 -0.2351 -0.2351 -0.2351 -0.2351 -0.2351 -0.2431 0.0395 0.0395 0.0148 -0.0743 
I = 14.9000 9.4000 9.4000 9.4000 9.4000 9.4000 9.4000 9.4000 6.0000 6.0000 6.0000 6.0000 6.0000 6.0000 6.0000 2.0000 2.0000 2.0000 2.0000 2.0000 2.0000 2.0000 -2.0000 26.1927 26.1927 10.0000 3.6274 
S1 = 0.0000 0.0000 0.0000 0.0000 0.0000 0.0000 0.0000 0.0000 0.0000 0.0000 0.0000 0.0000 0.0000 0.0000 0.0000 0.0000 0.0000 0.0000 0.0000 0.0000 0.0000 0.0000 0.0000 0.0000 0.0000 0.0000 0.0000 
S2 = 0.0000 0.0000 0.0000 0.0000 0.0000 0.0000 0.0000 0.0000 0.0000 0.0000 0.0000 0.0000 0.0000 0.0000 0.0000 0.0000 0.0000 0.0000 0.0000 0.0000 0.0000 0.0000 0.0000 2.1927 2.1927 0.0000 14.6274 
u = 8.1670 8.0122 8.0122 8.0122 8.0122 8.0122 8.0122 8.0122 7.9431 7.9431 7.9431 7.9431 7.9431 7.9431 7.9431 7.8738 7.8738 7.8738 7.8738 7.8738 7.8738 7.8738 7.8129 11.1455 11.1455 11.8148 9.1822 
v = 34.7154 26.1954 26.1954 26.1954 26.1954 26.1954 26.1954 26.1954 23.0139 23.0139 23.0139 23.0139 23.0139 23.0139 23.0139 19.9675 19.9675 19.9675 19.9675 19.9675 19.9675 19.9675 17.3648 65.5989 65.5989 62.7668 27.3308 
