ExternalI = 5.5000 0.0000 0.0000 0.0000 0.0000 0.0000 0.0000 0.0000 4.0000 4.0000 4.0000 4.0000 4.0000 4.0000 4.0000 0.0000 0.0000 0.0000 0.0000 0.0000 0.0000 0.0000 0.0000 8.0000 8.0000 0.0000 0.0000 
before u = 8.1670 8.0122 8.0122 8.0122 8.0122 8.0122 8.0122 8.0122 7.9431 7.9431 7.9431 7.9431 7.9431 7.9431 7.9431 7.8738 7.8738 7.8738 7.8738 7.8738 7.8738 7.8738 7.8129 11.1455 11.1455 11.8148 9.1822 
before v = 34.7154 26.1954 26.1954 26.1954 26.1954 26.1954 26.1954 26.1954 23.0139 23.0139 23.0139 23.0139 23.0139 23.0139 23.0139 19.9675 19.9675 19.9675 19.9675 19.9675 19.9675 19.9675 17.3648 65.5989 65.5989 62.7668 27.3308 
Ibias = 9.4000 9.4000 9.4000 9.4000 9.4000 9.4000 9.4000 9.4000 2.0000 2.0000 2.0000 2.0000 2.0000 2.0000 2.0000 2.0000 2.0000 2.0000 2.0000 2.0000 2.0000 2.0000 -2.0000 16.0000 16.0000 10.0000 -11.0000 
fa1 = 0.7932 0.2496 0.2496 0.2496 0.2496 0.2496 0.2496 0.2496 0.2007 0.2007 0.2007 0.2007 0.2007 0.2007 0.2007 0.1718 0.1718 0.1718 0.1718 0.1718 0.1718 0.1718 0.1542 50.3747 50.3747 27.4716 2.3024 
fa2 = 0.7932 0.2495 0.2495 0.2495 0.2495 0.2495 0.2495 0.2495 0.2007 0.2007 0.2007 0.2007 0.2007 0.2007 0.2007 0.1717 0.1717 0.1717 0.1717 0.1717 0.1717 0.1717 0.1542 50.9432 50.9432 27.7499 2.2934 
fa3 = 0.7932 0.2495 0.2495 0.2495 0.2495 0.2495 0.2495 0.2495 0.2007 0.2007 0.2007 0.2007 0.2007 0.2007 0.2007 0.1717 0.1717 0.1717 0.1717 0.1717 0.1717 0.1717 0.1542 50.9497 50.9497 27.7527 2.2935 
fa4 = 0.7933 0.2495 0.2495 0.2495 0.2495 0.2495 0.2495 0.2495 0.2006 0.2006 0.2006 0.2006 0.2006 0.2006 0.2006 0.1717 0.1717 0.1717 0.1717 0.1717 0.1717 0.1717 0.1542 51.5300 51.5300 28.0355 2.2845 
fb1 = -0.1878 -0.2157 -0.2157 -0.2157 -0.2157 -0.2157 -0.2157 -0.2157 -0.2257 -0.2257 -0.2257 -0.2257 -0.2257 -0.2257 -0.2257 -0.2351 -0.2351 -0.2351 -0.2351 -0.2351 -0.2351 -0.2351 -0.2431 0.0395 0.0395 0.0148 -0.0743 
fb2 = -0.1878 -0.2157 -0.2157 -0.2157 -0.2157 -0.2157 -0.2157 -0.2157 -0.2256 -0.2256 -0.2256 -0.2256 -0.2256 -0.2256 -0.2256 -0.2350 -0.2350 -0.2350 -0.2350 -0.2350 -0.2350 -0.2350 -0.2430 0.0405 0.0405 0.0153 -0.0743 
fb3 = -0.1878 -0.2157 -0.2157 -0.2157 -0.2157 -0.2157 -0.2157 -0.2157 -0.2256 -0.2256 -0.2256 -0.2256 -0.2256 -0.2256 -0.2256 -0.2350 -0.2350 -0.2350 -0.2350 -0.2350 -0.2350 -0.2350 -0.2430 0.0405 0.0405 0.0153 -0.0743 
fb4 = -0.1877 -0.2156 -0.2156 -0.2156 -0.2156 -0.2156 -0.2156 -0.2156 -0.2256 -0.2256 -0.2256 -0.2256 -0.2256 -0.2256 -0.2256 -0.2350 -0.2350 -0.2350 -0.2350 -0.2350 -0.2350 -0.2350 -0.2430 0.0415 0.0415 0.0159 -0.0742 
I = 14.9000 9.4000 9.4000 9.4000 9.4000 9.4000 9.4000 9.4000 6.0000 6.0000 6.0000 6.0000 6.0000 6.0000 6.0000 2.0000 2.0000 2.0000 2.0000 2.0000 2.0000 2.0000 -2.0000 26.1883 26.1883 10.0000 3.5981 
S1 = 0.0000 0.0000 0.0000 0.0000 0.0000 0.0000 0.0000 0.0000 0.0000 0.0000 0.0000 0.0000 0.0000 0.0000 0.0000 0.0000 0.0000 0.0000 0.0000 0.0000 0.0000 0.0000 0.0000 0.0000 0.0000 0.0000 0.0000 
S2 = 0.0000 0.0000 0.0000 0.0000 0.0000 0.0000 0.0000 0.0000 0.0000 0.0000 0.0000 0.0000 0.0000 0.0000 0.0000 0.0000 0.0000 0.0000 0.0000 0.0000 0.0000 0.0000 0.0000 2.1883 2.1883 0.0000 14.5981 
u = 8.1651 8.0100 8.0100 8.0100 8.0100 8.0100 8.0100 8.0100 7.9409 7.9409 7.9409 7.9409 7.9409 7.9409 7.9409 7.8715 7.8715 7.8715 7.8715 7.8715 7.8715 7.8715 7.8104 11.1459 11.1459 11.8150 9.1815 
v = 34.7233 26.1979 26.1979 26.1979 26.1979 26.1979 26.1979 26.1979 23.0160 23.0160 23.0160 23.0160 23.0160 23.0160 23.0160 19.9692 19.9692 19.9692 19.9692 19.9692 19.9692 19.9692 17.3663 66.1084 66.1084 63.0443 27.3537 
