ExternalI = 5.5000 0.0000 0.0000 0.0000 0.0000 0.0000 0.0000 0.0000 4.0000 4.0000 4.0000 4.0000 4.0000 4.0000 4.0000 0.0000 0.0000 0.0000 0.0000 0.0000 0.0000 0.0000 0.0000 8.0000 8.0000 0.0000 0.0000 
before u = 9.7551 9.7509 9.7509 9.7509 9.7509 9.7509 9.7509 9.7509 9.7484 9.7484 9.7484 9.7484 9.7484 9.7484 9.7484 9.7454 9.7454 9.7454 9.7454 9.7454 9.7454 9.7454 9.7425 9.9176 9.9176 10.1919 9.8903 
before v = 21.8796 19.4226 19.4226 19.4226 19.4226 19.4226 19.4226 19.4226 17.9578 17.9578 17.9578 17.9578 17.9578 17.9578 17.9578 16.2838 16.2838 16.2838 16.2838 16.2838 16.2838 16.2838 14.6601 31.3531 31.3531 69.4239 15.3362 
Ibias = 9.4000 9.4000 9.4000 9.4000 9.4000 9.4000 9.4000 9.4000 2.0000 2.0000 2.0000 2.0000 2.0000 2.0000 2.0000 2.0000 2.0000 2.0000 2.0000 2.0000 2.0000 2.0000 -2.0000 16.0000 16.0000 10.0000 -11.0000 
fa1 = 8.6548 6.4708 6.4708 6.4708 6.4708 6.4708 6.4708 6.4708 5.2776 5.2776 5.2776 5.2776 5.2776 5.2776 5.2776 4.0096 4.0096 4.0096 4.0096 4.0096 4.0096 4.0096 2.8738 19.3438 19.3438 44.3236 3.9301 
fa2 = 8.6023 6.4256 6.4256 6.4256 6.4256 6.4256 6.4256 6.4256 5.2379 5.2379 5.2379 5.2379 5.2379 5.2379 5.2379 3.9772 3.9772 3.9772 3.9772 3.9772 3.9772 3.9772 2.8493 19.2970 19.2970 44.8912 3.8960 
fa3 = 8.6026 6.4259 6.4259 6.4259 6.4259 6.4259 6.4259 6.4259 5.2382 5.2382 5.2382 5.2382 5.2382 5.2382 5.2382 3.9775 3.9775 3.9775 3.9775 3.9775 3.9775 3.9775 2.8495 19.2971 19.2971 44.8985 3.8963 
fa4 = 8.5506 6.3812 6.3812 6.3812 6.3812 6.3812 6.3812 6.3812 5.1990 5.1990 5.1990 5.1990 5.1990 5.1990 5.1990 3.9454 3.9454 3.9454 3.9454 3.9454 3.9454 3.9454 2.8251 19.2511 19.2511 45.4776 3.8624 
fb1 = -0.3027 -0.3123 -0.3123 -0.3123 -0.3123 -0.3123 -0.3123 -0.3123 -0.3181 -0.3181 -0.3181 -0.3181 -0.3181 -0.3181 -0.3181 -0.3247 -0.3247 -0.3247 -0.3247 -0.3247 -0.3247 -0.3247 -0.3311 -0.0729 -0.0729 0.0739 -0.1365 
fb2 = -0.3025 -0.3122 -0.3122 -0.3122 -0.3122 -0.3122 -0.3122 -0.3122 -0.3179 -0.3179 -0.3179 -0.3179 -0.3179 -0.3179 -0.3179 -0.3245 -0.3245 -0.3245 -0.3245 -0.3245 -0.3245 -0.3245 -0.3309 -0.0725 -0.0725 0.0747 -0.1364 
fb3 = -0.3025 -0.3122 -0.3122 -0.3122 -0.3122 -0.3122 -0.3122 -0.3122 -0.3179 -0.3179 -0.3179 -0.3179 -0.3179 -0.3179 -0.3179 -0.3245 -0.3245 -0.3245 -0.3245 -0.3245 -0.3245 -0.3245 -0.3309 -0.0725 -0.0725 0.0747 -0.1364 
fb4 = -0.3022 -0.3120 -0.3120 -0.3120 -0.3120 -0.3120 -0.3120 -0.3120 -0.3178 -0.3178 -0.3178 -0.3178 -0.3178 -0.3178 -0.3178 -0.3244 -0.3244 -0.3244 -0.3244 -0.3244 -0.3244 -0.3244 -0.3308 -0.0722 -0.0722 0.0756 -0.1363 
I = 14.9000 9.4000 9.4000 9.4000 9.4000 9.4000 9.4000 9.4000 6.0000 6.0000 6.0000 6.0000 6.0000 6.0000 6.0000 2.0000 2.0000 2.0000 2.0000 2.0000 2.0000 2.0000 -2.0000 24.0000 24.0000 10.0000 -9.5789 
S1 = 0.0000 0.0000 0.0000 0.0000 0.0000 0.0000 0.0000 0.0000 0.0000 0.0000 0.0000 0.0000 0.0000 0.0000 0.0000 0.0000 0.0000 0.0000 0.0000 0.0000 0.0000 0.0000 0.0000 0.0000 0.0000 0.0000 0.0000 
S2 = 0.0000 0.0000 0.0000 0.0000 0.0000 0.0000 0.0000 0.0000 0.0000 0.0000 0.0000 0.0000 0.0000 0.0000 0.0000 0.0000 0.0000 0.0000 0.0000 0.0000 0.0000 0.0000 0.0000 0.0000 0.0000 0.0000 1.4211 
u = 9.7521 9.7478 9.7478 9.7478 9.7478 9.7478 9.7478 9.7478 9.7452 9.7452 9.7452 9.7452 9.7452 9.7452 9.7452 9.7422 9.7422 9.7422 9.7422 9.7422 9.7422 9.7422 9.7392 9.9169 9.9169 10.1927 9.8890 
v = 21.9656 19.4868 19.4868 19.4868 19.4868 19.4868 19.4868 19.4868 18.0102 18.0102 18.0102 18.0102 18.0102 18.0102 18.0102 16.3236 16.3236 16.3236 16.3236 16.3236 16.3236 16.3236 14.6886 31.5460 31.5460 69.8729 15.3752 
