ExternalI = 5.5000 0.0000 0.0000 0.0000 0.0000 0.0000 0.0000 0.0000 4.0000 4.0000 4.0000 4.0000 4.0000 4.0000 4.0000 0.0000 0.0000 0.0000 0.0000 0.0000 0.0000 0.0000 0.0000 8.0000 8.0000 0.0000 0.0000 
before u = 8.1651 8.0100 8.0100 8.0100 8.0100 8.0100 8.0100 8.0100 7.9409 7.9409 7.9409 7.9409 7.9409 7.9409 7.9409 7.8715 7.8715 7.8715 7.8715 7.8715 7.8715 7.8715 7.8104 11.1459 11.1459 11.8150 9.1815 
before v = 34.7233 26.1979 26.1979 26.1979 26.1979 26.1979 26.1979 26.1979 23.0160 23.0160 23.0160 23.0160 23.0160 23.0160 23.0160 19.9692 19.9692 19.9692 19.9692 19.9692 19.9692 19.9692 17.3663 66.1084 66.1084 63.0443 27.3537 
Ibias = 9.4000 9.4000 9.4000 9.4000 9.4000 9.4000 9.4000 9.4000 2.0000 2.0000 2.0000 2.0000 2.0000 2.0000 2.0000 2.0000 2.0000 2.0000 2.0000 2.0000 2.0000 2.0000 -2.0000 16.0000 16.0000 10.0000 -11.0000 
fa1 = 0.7933 0.2495 0.2495 0.2495 0.2495 0.2495 0.2495 0.2495 0.2006 0.2006 0.2006 0.2006 0.2006 0.2006 0.2006 0.1717 0.1717 0.1717 0.1717 0.1717 0.1717 0.1717 0.1542 51.5256 51.5256 28.0355 2.2553 
fa2 = 0.7933 0.2494 0.2494 0.2494 0.2494 0.2494 0.2494 0.2494 0.2006 0.2006 0.2006 0.2006 0.2006 0.2006 0.2006 0.1717 0.1717 0.1717 0.1717 0.1717 0.1717 0.1717 0.1541 52.1176 52.1176 28.3226 2.2466 
fa3 = 0.7933 0.2494 0.2494 0.2494 0.2494 0.2494 0.2494 0.2494 0.2006 0.2006 0.2006 0.2006 0.2006 0.2006 0.2006 0.1717 0.1717 0.1717 0.1717 0.1717 0.1717 0.1717 0.1541 52.1245 52.1245 28.3256 2.2466 
fa4 = 0.7934 0.2494 0.2494 0.2494 0.2494 0.2494 0.2494 0.2494 0.2006 0.2006 0.2006 0.2006 0.2006 0.2006 0.2006 0.1716 0.1716 0.1716 0.1716 0.1716 0.1716 0.1716 0.1541 52.7290 52.7290 28.6174 2.2379 
fb1 = -0.1877 -0.2156 -0.2156 -0.2156 -0.2156 -0.2156 -0.2156 -0.2156 -0.2256 -0.2256 -0.2256 -0.2256 -0.2256 -0.2256 -0.2256 -0.2350 -0.2350 -0.2350 -0.2350 -0.2350 -0.2350 -0.2350 -0.2430 0.0415 0.0415 0.0159 -0.0742 
fb2 = -0.1877 -0.2156 -0.2156 -0.2156 -0.2156 -0.2156 -0.2156 -0.2156 -0.2255 -0.2255 -0.2255 -0.2255 -0.2255 -0.2255 -0.2255 -0.2349 -0.2349 -0.2349 -0.2349 -0.2349 -0.2349 -0.2349 -0.2429 0.0425 0.0425 0.0164 -0.0742 
fb3 = -0.1877 -0.2156 -0.2156 -0.2156 -0.2156 -0.2156 -0.2156 -0.2156 -0.2255 -0.2255 -0.2255 -0.2255 -0.2255 -0.2255 -0.2255 -0.2349 -0.2349 -0.2349 -0.2349 -0.2349 -0.2349 -0.2349 -0.2429 0.0426 0.0426 0.0164 -0.0742 
fb4 = -0.1876 -0.2155 -0.2155 -0.2155 -0.2155 -0.2155 -0.2155 -0.2155 -0.2255 -0.2255 -0.2255 -0.2255 -0.2255 -0.2255 -0.2255 -0.2349 -0.2349 -0.2349 -0.2349 -0.2349 -0.2349 -0.2349 -0.2428 0.0436 0.0436 0.0170 -0.0741 
I = 14.9000 9.4000 9.4000 9.4000 9.4000 9.4000 9.4000 9.4000 6.0000 6.0000 6.0000 6.0000 6.0000 6.0000 6.0000 2.0000 2.0000 2.0000 2.0000 2.0000 2.0000 2.0000 -2.0000 26.1840 26.1840 10.0000 3.5689 
S1 = 0.0000 0.0000 0.0000 0.0000 0.0000 0.0000 0.0000 0.0000 0.0000 0.0000 0.0000 0.0000 0.0000 0.0000 0.0000 0.0000 0.0000 0.0000 0.0000 0.0000 0.0000 0.0000 0.0000 0.0000 0.0000 0.0000 0.0000 
S2 = 0.0000 0.0000 0.0000 0.0000 0.0000 0.0000 0.0000 0.0000 0.0000 0.0000 0.0000 0.0000 0.0000 0.0000 0.0000 0.0000 0.0000 0.0000 0.0000 0.0000 0.0000 0.0000 0.0000 2.1840 2.1840 0.0000 14.5689 
u = 8.1632 8.0078 8.0078 8.0078 8.0078 8.0078 8.0078 8.0078 7.9386 7.9386 7.9386 7.9386 7.9386 7.9386 7.9386 7.8691 7.8691 7.8691 7.8691 7.8691 7.8691 7.8691 7.8080 11.1463 11.1463 11.8151 9.1807 
v = 34.7313 26.2004 26.2004 26.2004 26.2004 26.2004 26.2004 26.2004 23.0180 23.0180 23.0180 23.0180 23.0180 23.0180 23.0180 19.9709 19.9709 19.9709 19.9709 19.9709 19.9709 19.9709 17.3679 66.6296 66.6296 63.3275 27.3762 
