ExternalI = 5.5000 0.0000 0.0000 0.0000 0.0000 0.0000 0.0000 0.0000 4.0000 4.0000 4.0000 4.0000 4.0000 4.0000 4.0000 0.0000 0.0000 0.0000 0.0000 0.0000 0.0000 0.0000 0.0000 8.0000 8.0000 0.0000 0.0000 
before u = 8.1632 8.0078 8.0078 8.0078 8.0078 8.0078 8.0078 8.0078 7.9386 7.9386 7.9386 7.9386 7.9386 7.9386 7.9386 7.8691 7.8691 7.8691 7.8691 7.8691 7.8691 7.8691 7.8080 11.1463 11.1463 11.8151 9.1807 
before v = 34.7313 26.2004 26.2004 26.2004 26.2004 26.2004 26.2004 26.2004 23.0180 23.0180 23.0180 23.0180 23.0180 23.0180 23.0180 19.9709 19.9709 19.9709 19.9709 19.9709 19.9709 19.9709 17.3679 66.6296 66.6296 63.3275 27.3762 
Ibias = 9.4000 9.4000 9.4000 9.4000 9.4000 9.4000 9.4000 9.4000 2.0000 2.0000 2.0000 2.0000 2.0000 2.0000 2.0000 2.0000 2.0000 2.0000 2.0000 2.0000 2.0000 2.0000 -2.0000 16.0000 16.0000 10.0000 -11.0000 
fa1 = 0.7934 0.2494 0.2494 0.2494 0.2494 0.2494 0.2494 0.2494 0.2006 0.2006 0.2006 0.2006 0.2006 0.2006 0.2006 0.1716 0.1716 0.1716 0.1716 0.1716 0.1716 0.1716 0.1541 52.7246 52.7246 28.6173 2.2087 
fa2 = 0.7935 0.2493 0.2493 0.2493 0.2493 0.2493 0.2493 0.2493 0.2005 0.2005 0.2005 0.2005 0.2005 0.2005 0.2005 0.1716 0.1716 0.1716 0.1716 0.1716 0.1716 0.1716 0.1541 53.3415 53.3415 28.9137 2.2002 
fa3 = 0.7935 0.2493 0.2493 0.2493 0.2493 0.2493 0.2493 0.2493 0.2005 0.2005 0.2005 0.2005 0.2005 0.2005 0.2005 0.1716 0.1716 0.1716 0.1716 0.1716 0.1716 0.1716 0.1541 53.3487 53.3487 28.9168 2.2002 
fa4 = 0.7935 0.2493 0.2493 0.2493 0.2493 0.2493 0.2493 0.2493 0.2005 0.2005 0.2005 0.2005 0.2005 0.2005 0.2005 0.1716 0.1716 0.1716 0.1716 0.1716 0.1716 0.1716 0.1541 53.9787 53.9787 29.2180 2.1917 
fb1 = -0.1876 -0.2155 -0.2155 -0.2155 -0.2155 -0.2155 -0.2155 -0.2155 -0.2255 -0.2255 -0.2255 -0.2255 -0.2255 -0.2255 -0.2255 -0.2349 -0.2349 -0.2349 -0.2349 -0.2349 -0.2349 -0.2349 -0.2428 0.0436 0.0436 0.0170 -0.0741 
fb2 = -0.1876 -0.2155 -0.2155 -0.2155 -0.2155 -0.2155 -0.2155 -0.2155 -0.2254 -0.2254 -0.2254 -0.2254 -0.2254 -0.2254 -0.2254 -0.2348 -0.2348 -0.2348 -0.2348 -0.2348 -0.2348 -0.2348 -0.2428 0.0446 0.0446 0.0176 -0.0741 
fb3 = -0.1876 -0.2155 -0.2155 -0.2155 -0.2155 -0.2155 -0.2155 -0.2155 -0.2254 -0.2254 -0.2254 -0.2254 -0.2254 -0.2254 -0.2254 -0.2348 -0.2348 -0.2348 -0.2348 -0.2348 -0.2348 -0.2348 -0.2428 0.0447 0.0447 0.0176 -0.0741 
fb4 = -0.1875 -0.2154 -0.2154 -0.2154 -0.2154 -0.2154 -0.2154 -0.2154 -0.2254 -0.2254 -0.2254 -0.2254 -0.2254 -0.2254 -0.2254 -0.2348 -0.2348 -0.2348 -0.2348 -0.2348 -0.2348 -0.2348 -0.2427 0.0457 0.0457 0.0182 -0.0740 
I = 14.9000 9.4000 9.4000 9.4000 9.4000 9.4000 9.4000 9.4000 6.0000 6.0000 6.0000 6.0000 6.0000 6.0000 6.0000 2.0000 2.0000 2.0000 2.0000 2.0000 2.0000 2.0000 -2.0000 26.1796 26.1796 10.0000 3.5398 
S1 = 0.0000 0.0000 0.0000 0.0000 0.0000 0.0000 0.0000 0.0000 0.0000 0.0000 0.0000 0.0000 0.0000 0.0000 0.0000 0.0000 0.0000 0.0000 0.0000 0.0000 0.0000 0.0000 0.0000 0.0000 0.0000 0.0000 0.0000 
S2 = 0.0000 0.0000 0.0000 0.0000 0.0000 0.0000 0.0000 0.0000 0.0000 0.0000 0.0000 0.0000 0.0000 0.0000 0.0000 0.0000 0.0000 0.0000 0.0000 0.0000 0.0000 0.0000 0.0000 2.1796 2.1796 0.0000 14.5398 
u = 8.1614 8.0057 8.0057 8.0057 8.0057 8.0057 8.0057 8.0057 7.9364 7.9364 7.9364 7.9364 7.9364 7.9364 7.9364 7.8668 7.8668 7.8668 7.8668 7.8668 7.8668 7.8668 7.8056 11.1468 11.1468 11.8153 9.1800 
v = 34.7392 26.2029 26.2029 26.2029 26.2029 26.2029 26.2029 26.2029 23.0200 23.0200 23.0200 23.0200 23.0200 23.0200 23.0200 19.9726 19.9726 19.9726 19.9726 19.9726 19.9726 19.9726 17.3694 67.1631 67.1631 63.6167 27.3982 
