ExternalI = 5.5000 0.0000 0.0000 0.0000 0.0000 0.0000 0.0000 0.0000 4.0000 4.0000 4.0000 4.0000 4.0000 4.0000 4.0000 0.0000 0.0000 0.0000 0.0000 0.0000 0.0000 0.0000 0.0000 8.0000 8.0000 0.0000 0.0000 
before u = 8.1614 8.0057 8.0057 8.0057 8.0057 8.0057 8.0057 8.0057 7.9364 7.9364 7.9364 7.9364 7.9364 7.9364 7.9364 7.8668 7.8668 7.8668 7.8668 7.8668 7.8668 7.8668 7.8056 11.1468 11.1468 11.8153 9.1800 
before v = 34.7392 26.2029 26.2029 26.2029 26.2029 26.2029 26.2029 26.2029 23.0200 23.0200 23.0200 23.0200 23.0200 23.0200 23.0200 19.9726 19.9726 19.9726 19.9726 19.9726 19.9726 19.9726 17.3694 67.1631 67.1631 63.6167 27.3982 
Ibias = 9.4000 9.4000 9.4000 9.4000 9.4000 9.4000 9.4000 9.4000 2.0000 2.0000 2.0000 2.0000 2.0000 2.0000 2.0000 2.0000 2.0000 2.0000 2.0000 2.0000 2.0000 2.0000 -2.0000 16.0000 16.0000 10.0000 -11.0000 
fa1 = 0.7935 0.2493 0.2493 0.2493 0.2493 0.2493 0.2493 0.2493 0.2005 0.2005 0.2005 0.2005 0.2005 0.2005 0.2005 0.1716 0.1716 0.1716 0.1716 0.1716 0.1716 0.1716 0.1541 53.9743 53.9743 29.2180 2.1626 
fa2 = 0.7936 0.2492 0.2492 0.2492 0.2492 0.2492 0.2492 0.2492 0.2005 0.2005 0.2005 0.2005 0.2005 0.2005 0.2005 0.1716 0.1716 0.1716 0.1716 0.1716 0.1716 0.1716 0.1540 54.6174 54.6174 29.5240 2.1542 
fa3 = 0.7936 0.2492 0.2492 0.2492 0.2492 0.2492 0.2492 0.2492 0.2005 0.2005 0.2005 0.2005 0.2005 0.2005 0.2005 0.1716 0.1716 0.1716 0.1716 0.1716 0.1716 0.1716 0.1540 54.6251 54.6251 29.5272 2.1543 
fa4 = 0.7936 0.2492 0.2492 0.2492 0.2492 0.2492 0.2492 0.2492 0.2004 0.2004 0.2004 0.2004 0.2004 0.2004 0.2004 0.1715 0.1715 0.1715 0.1715 0.1715 0.1715 0.1715 0.1540 55.2821 55.2821 29.8382 2.1459 
fb1 = -0.1875 -0.2154 -0.2154 -0.2154 -0.2154 -0.2154 -0.2154 -0.2154 -0.2254 -0.2254 -0.2254 -0.2254 -0.2254 -0.2254 -0.2254 -0.2348 -0.2348 -0.2348 -0.2348 -0.2348 -0.2348 -0.2348 -0.2427 0.0457 0.0457 0.0182 -0.0740 
fb2 = -0.1874 -0.2154 -0.2154 -0.2154 -0.2154 -0.2154 -0.2154 -0.2154 -0.2253 -0.2253 -0.2253 -0.2253 -0.2253 -0.2253 -0.2253 -0.2347 -0.2347 -0.2347 -0.2347 -0.2347 -0.2347 -0.2347 -0.2427 0.0468 0.0468 0.0187 -0.0740 
fb3 = -0.1874 -0.2154 -0.2154 -0.2154 -0.2154 -0.2154 -0.2154 -0.2154 -0.2253 -0.2253 -0.2253 -0.2253 -0.2253 -0.2253 -0.2253 -0.2347 -0.2347 -0.2347 -0.2347 -0.2347 -0.2347 -0.2347 -0.2427 0.0468 0.0468 0.0187 -0.0740 
fb4 = -0.1874 -0.2153 -0.2153 -0.2153 -0.2153 -0.2153 -0.2153 -0.2153 -0.2253 -0.2253 -0.2253 -0.2253 -0.2253 -0.2253 -0.2253 -0.2347 -0.2347 -0.2347 -0.2347 -0.2347 -0.2347 -0.2347 -0.2426 0.0479 0.0479 0.0193 -0.0739 
I = 14.9000 9.4000 9.4000 9.4000 9.4000 9.4000 9.4000 9.4000 6.0000 6.0000 6.0000 6.0000 6.0000 6.0000 6.0000 2.0000 2.0000 2.0000 2.0000 2.0000 2.0000 2.0000 -2.0000 26.1752 26.1752 10.0000 3.5107 
S1 = 0.0000 0.0000 0.0000 0.0000 0.0000 0.0000 0.0000 0.0000 0.0000 0.0000 0.0000 0.0000 0.0000 0.0000 0.0000 0.0000 0.0000 0.0000 0.0000 0.0000 0.0000 0.0000 0.0000 0.0000 0.0000 0.0000 0.0000 
S2 = 0.0000 0.0000 0.0000 0.0000 0.0000 0.0000 0.0000 0.0000 0.0000 0.0000 0.0000 0.0000 0.0000 0.0000 0.0000 0.0000 0.0000 0.0000 0.0000 0.0000 0.0000 0.0000 0.0000 2.1752 2.1752 0.0000 14.5107 
u = 8.1595 8.0035 8.0035 8.0035 8.0035 8.0035 8.0035 8.0035 7.9341 7.9341 7.9341 7.9341 7.9341 7.9341 7.9341 7.8644 7.8644 7.8644 7.8644 7.8644 7.8644 7.8644 7.8032 11.1473 11.1473 11.8155 9.1793 
v = 34.7471 26.2054 26.2054 26.2054 26.2054 26.2054 26.2054 26.2054 23.0220 23.0220 23.0220 23.0220 23.0220 23.0220 23.0220 19.9743 19.9743 19.9743 19.9743 19.9743 19.9743 19.9743 17.3709 67.7093 67.7093 63.9120 27.4197 
