ExternalI = 5.5000 0.0000 0.0000 0.0000 0.0000 0.0000 0.0000 0.0000 4.0000 4.0000 4.0000 4.0000 4.0000 4.0000 4.0000 0.0000 0.0000 0.0000 0.0000 0.0000 0.0000 0.0000 0.0000 8.0000 8.0000 0.0000 0.0000 
before u = 8.1595 8.0035 8.0035 8.0035 8.0035 8.0035 8.0035 8.0035 7.9341 7.9341 7.9341 7.9341 7.9341 7.9341 7.9341 7.8644 7.8644 7.8644 7.8644 7.8644 7.8644 7.8644 7.8032 11.1473 11.1473 11.8155 9.1793 
before v = 34.7471 26.2054 26.2054 26.2054 26.2054 26.2054 26.2054 26.2054 23.0220 23.0220 23.0220 23.0220 23.0220 23.0220 23.0220 19.9743 19.9743 19.9743 19.9743 19.9743 19.9743 19.9743 17.3709 67.7093 67.7093 63.9120 27.4197 
Ibias = 9.4000 9.4000 9.4000 9.4000 9.4000 9.4000 9.4000 9.4000 2.0000 2.0000 2.0000 2.0000 2.0000 2.0000 2.0000 2.0000 2.0000 2.0000 2.0000 2.0000 2.0000 2.0000 -2.0000 16.0000 16.0000 10.0000 -11.0000 
fa1 = 0.7936 0.2492 0.2492 0.2492 0.2492 0.2492 0.2492 0.2492 0.2004 0.2004 0.2004 0.2004 0.2004 0.2004 0.2004 0.1715 0.1715 0.1715 0.1715 0.1715 0.1715 0.1715 0.1540 55.2777 55.2777 29.8382 2.1169 
fa2 = 0.7937 0.2492 0.2492 0.2492 0.2492 0.2492 0.2492 0.2492 0.2004 0.2004 0.2004 0.2004 0.2004 0.2004 0.2004 0.1715 0.1715 0.1715 0.1715 0.1715 0.1715 0.1715 0.1540 55.9485 55.9485 30.1542 2.1087 
fa3 = 0.7937 0.2492 0.2492 0.2492 0.2492 0.2492 0.2492 0.2492 0.2004 0.2004 0.2004 0.2004 0.2004 0.2004 0.2004 0.1715 0.1715 0.1715 0.1715 0.1715 0.1715 0.1715 0.1540 55.9566 55.9566 30.1576 2.1088 
fa4 = 0.7938 0.2491 0.2491 0.2491 0.2491 0.2491 0.2491 0.2491 0.2003 0.2003 0.2003 0.2003 0.2003 0.2003 0.2003 0.1715 0.1715 0.1715 0.1715 0.1715 0.1715 0.1715 0.1540 56.6421 56.6421 30.4788 2.1007 
fb1 = -0.1874 -0.2153 -0.2153 -0.2153 -0.2153 -0.2153 -0.2153 -0.2153 -0.2253 -0.2253 -0.2253 -0.2253 -0.2253 -0.2253 -0.2253 -0.2347 -0.2347 -0.2347 -0.2347 -0.2347 -0.2347 -0.2347 -0.2426 0.0479 0.0479 0.0193 -0.0739 
fb2 = -0.1873 -0.2153 -0.2153 -0.2153 -0.2153 -0.2153 -0.2153 -0.2153 -0.2252 -0.2252 -0.2252 -0.2252 -0.2252 -0.2252 -0.2252 -0.2346 -0.2346 -0.2346 -0.2346 -0.2346 -0.2346 -0.2346 -0.2426 0.0490 0.0490 0.0199 -0.0739 
fb3 = -0.1873 -0.2153 -0.2153 -0.2153 -0.2153 -0.2153 -0.2153 -0.2153 -0.2252 -0.2252 -0.2252 -0.2252 -0.2252 -0.2252 -0.2252 -0.2346 -0.2346 -0.2346 -0.2346 -0.2346 -0.2346 -0.2346 -0.2426 0.0490 0.0490 0.0199 -0.0739 
fb4 = -0.1873 -0.2152 -0.2152 -0.2152 -0.2152 -0.2152 -0.2152 -0.2152 -0.2252 -0.2252 -0.2252 -0.2252 -0.2252 -0.2252 -0.2252 -0.2346 -0.2346 -0.2346 -0.2346 -0.2346 -0.2346 -0.2346 -0.2425 0.0501 0.0501 0.0205 -0.0738 
I = 14.9000 9.4000 9.4000 9.4000 9.4000 9.4000 9.4000 9.4000 6.0000 6.0000 6.0000 6.0000 6.0000 6.0000 6.0000 2.0000 2.0000 2.0000 2.0000 2.0000 2.0000 2.0000 -2.0000 26.1709 26.1709 10.0000 3.4817 
S1 = 0.0000 0.0000 0.0000 0.0000 0.0000 0.0000 0.0000 0.0000 0.0000 0.0000 0.0000 0.0000 0.0000 0.0000 0.0000 0.0000 0.0000 0.0000 0.0000 0.0000 0.0000 0.0000 0.0000 0.0000 0.0000 0.0000 0.0000 
S2 = 0.0000 0.0000 0.0000 0.0000 0.0000 0.0000 0.0000 0.0000 0.0000 0.0000 0.0000 0.0000 0.0000 0.0000 0.0000 0.0000 0.0000 0.0000 0.0000 0.0000 0.0000 0.0000 0.0000 2.1709 2.1709 0.0000 14.4817 
u = 8.1576 8.0014 8.0014 8.0014 8.0014 8.0014 8.0014 8.0014 7.9319 7.9319 7.9319 7.9319 7.9319 7.9319 7.9319 7.8621 7.8621 7.8621 7.8621 7.8621 7.8621 7.8621 7.8007 11.1477 11.1477 11.8157 9.1785 
v = 34.7551 26.2079 26.2079 26.2079 26.2079 26.2079 26.2079 26.2079 23.0240 23.0240 23.0240 23.0240 23.0240 23.0240 23.0240 19.9760 19.9760 19.9760 19.9760 19.9760 19.9760 19.9760 17.3725 68.2689 68.2689 64.2135 27.4408 
