ExternalI = 5.5000 0.0000 0.0000 0.0000 0.0000 0.0000 0.0000 0.0000 4.0000 4.0000 4.0000 4.0000 4.0000 4.0000 4.0000 0.0000 0.0000 0.0000 0.0000 0.0000 0.0000 0.0000 0.0000 8.0000 8.0000 0.0000 0.0000 
before u = 8.1576 8.0014 8.0014 8.0014 8.0014 8.0014 8.0014 8.0014 7.9319 7.9319 7.9319 7.9319 7.9319 7.9319 7.9319 7.8621 7.8621 7.8621 7.8621 7.8621 7.8621 7.8621 7.8007 11.1477 11.1477 11.8157 9.1785 
before v = 34.7551 26.2079 26.2079 26.2079 26.2079 26.2079 26.2079 26.2079 23.0240 23.0240 23.0240 23.0240 23.0240 23.0240 23.0240 19.9760 19.9760 19.9760 19.9760 19.9760 19.9760 19.9760 17.3725 68.2689 68.2689 64.2135 27.4408 
Ibias = 9.4000 9.4000 9.4000 9.4000 9.4000 9.4000 9.4000 9.4000 2.0000 2.0000 2.0000 2.0000 2.0000 2.0000 2.0000 2.0000 2.0000 2.0000 2.0000 2.0000 2.0000 2.0000 -2.0000 16.0000 16.0000 10.0000 -11.0000 
fa1 = 0.7938 0.2491 0.2491 0.2491 0.2491 0.2491 0.2491 0.2491 0.2003 0.2003 0.2003 0.2003 0.2003 0.2003 0.2003 0.1715 0.1715 0.1715 0.1715 0.1715 0.1715 0.1715 0.1540 56.6377 56.6377 30.4788 2.0717 
fa2 = 0.7938 0.2491 0.2491 0.2491 0.2491 0.2491 0.2491 0.2491 0.2003 0.2003 0.2003 0.2003 0.2003 0.2003 0.2003 0.1714 0.1714 0.1714 0.1714 0.1714 0.1714 0.1714 0.1539 57.3377 57.3377 30.8053 2.0637 
fa3 = 0.7938 0.2491 0.2491 0.2491 0.2491 0.2491 0.2491 0.2491 0.2003 0.2003 0.2003 0.2003 0.2003 0.2003 0.2003 0.1714 0.1714 0.1714 0.1714 0.1714 0.1714 0.1714 0.1539 57.3464 57.3464 30.8088 2.0638 
fa4 = 0.7939 0.2490 0.2490 0.2490 0.2490 0.2490 0.2490 0.2490 0.2003 0.2003 0.2003 0.2003 0.2003 0.2003 0.2003 0.1714 0.1714 0.1714 0.1714 0.1714 0.1714 0.1714 0.1539 58.0619 58.0619 31.1408 2.0558 
fb1 = -0.1873 -0.2152 -0.2152 -0.2152 -0.2152 -0.2152 -0.2152 -0.2152 -0.2252 -0.2252 -0.2252 -0.2252 -0.2252 -0.2252 -0.2252 -0.2346 -0.2346 -0.2346 -0.2346 -0.2346 -0.2346 -0.2346 -0.2425 0.0501 0.0501 0.0205 -0.0738 
fb2 = -0.1872 -0.2152 -0.2152 -0.2152 -0.2152 -0.2152 -0.2152 -0.2152 -0.2251 -0.2251 -0.2251 -0.2251 -0.2251 -0.2251 -0.2251 -0.2345 -0.2345 -0.2345 -0.2345 -0.2345 -0.2345 -0.2345 -0.2425 0.0512 0.0512 0.0211 -0.0738 
fb3 = -0.1872 -0.2152 -0.2152 -0.2152 -0.2152 -0.2152 -0.2152 -0.2152 -0.2251 -0.2251 -0.2251 -0.2251 -0.2251 -0.2251 -0.2251 -0.2345 -0.2345 -0.2345 -0.2345 -0.2345 -0.2345 -0.2345 -0.2425 0.0513 0.0513 0.0212 -0.0738 
fb4 = -0.1872 -0.2151 -0.2151 -0.2151 -0.2151 -0.2151 -0.2151 -0.2151 -0.2251 -0.2251 -0.2251 -0.2251 -0.2251 -0.2251 -0.2251 -0.2345 -0.2345 -0.2345 -0.2345 -0.2345 -0.2345 -0.2345 -0.2424 0.0524 0.0524 0.0218 -0.0737 
I = 14.9000 9.4000 9.4000 9.4000 9.4000 9.4000 9.4000 9.4000 6.0000 6.0000 6.0000 6.0000 6.0000 6.0000 6.0000 2.0000 2.0000 2.0000 2.0000 2.0000 2.0000 2.0000 -2.0000 26.1665 26.1665 10.0000 3.4527 
S1 = 0.0000 0.0000 0.0000 0.0000 0.0000 0.0000 0.0000 0.0000 0.0000 0.0000 0.0000 0.0000 0.0000 0.0000 0.0000 0.0000 0.0000 0.0000 0.0000 0.0000 0.0000 0.0000 0.0000 0.0000 0.0000 0.0000 0.0000 
S2 = 0.0000 0.0000 0.0000 0.0000 0.0000 0.0000 0.0000 0.0000 0.0000 0.0000 0.0000 0.0000 0.0000 0.0000 0.0000 0.0000 0.0000 0.0000 0.0000 0.0000 0.0000 0.0000 0.0000 2.1665 2.1665 0.0000 14.4527 
u = 8.1557 7.9992 7.9992 7.9992 7.9992 7.9992 7.9992 7.9992 7.9296 7.9296 7.9296 7.9296 7.9296 7.9296 7.9296 7.8597 7.8597 7.8597 7.8597 7.8597 7.8597 7.8597 7.7983 11.1483 11.1483 11.8159 9.1778 
v = 34.7630 26.2104 26.2104 26.2104 26.2104 26.2104 26.2104 26.2104 23.0260 23.0260 23.0260 23.0260 23.0260 23.0260 23.0260 19.9778 19.9778 19.9778 19.9778 19.9778 19.9778 19.9778 17.3740 68.8423 68.8423 64.5216 27.4614 
