ExternalI = 5.5000 0.0000 0.0000 0.0000 0.0000 0.0000 0.0000 0.0000 4.0000 4.0000 4.0000 4.0000 4.0000 4.0000 4.0000 0.0000 0.0000 0.0000 0.0000 0.0000 0.0000 0.0000 0.0000 8.0000 8.0000 0.0000 0.0000 
before u = 8.1557 7.9992 7.9992 7.9992 7.9992 7.9992 7.9992 7.9992 7.9296 7.9296 7.9296 7.9296 7.9296 7.9296 7.9296 7.8597 7.8597 7.8597 7.8597 7.8597 7.8597 7.8597 7.7983 11.1483 11.1483 11.8159 9.1778 
before v = 34.7630 26.2104 26.2104 26.2104 26.2104 26.2104 26.2104 26.2104 23.0260 23.0260 23.0260 23.0260 23.0260 23.0260 23.0260 19.9778 19.9778 19.9778 19.9778 19.9778 19.9778 19.9778 17.3740 68.8423 68.8423 64.5216 27.4614 
Ibias = 9.4000 9.4000 9.4000 9.4000 9.4000 9.4000 9.4000 9.4000 2.0000 2.0000 2.0000 2.0000 2.0000 2.0000 2.0000 2.0000 2.0000 2.0000 2.0000 2.0000 2.0000 2.0000 -2.0000 16.0000 16.0000 10.0000 -11.0000 
fa1 = 0.7939 0.2490 0.2490 0.2490 0.2490 0.2490 0.2490 0.2490 0.2003 0.2003 0.2003 0.2003 0.2003 0.2003 0.2003 0.1714 0.1714 0.1714 0.1714 0.1714 0.1714 0.1714 0.1539 58.0575 58.0575 31.1408 2.0269 
fa2 = 0.7940 0.2490 0.2490 0.2490 0.2490 0.2490 0.2490 0.2490 0.2002 0.2002 0.2002 0.2002 0.2002 0.2002 0.2002 0.1714 0.1714 0.1714 0.1714 0.1714 0.1714 0.1714 0.1539 58.7885 58.7885 31.4782 2.0192 
fa3 = 0.7940 0.2490 0.2490 0.2490 0.2490 0.2490 0.2490 0.2490 0.2002 0.2002 0.2002 0.2002 0.2002 0.2002 0.2002 0.1714 0.1714 0.1714 0.1714 0.1714 0.1714 0.1714 0.1539 58.7977 58.7977 31.4819 2.0192 
fa4 = 0.7940 0.2489 0.2489 0.2489 0.2489 0.2489 0.2489 0.2489 0.2002 0.2002 0.2002 0.2002 0.2002 0.2002 0.2002 0.1714 0.1714 0.1714 0.1714 0.1714 0.1714 0.1714 0.1539 59.5451 59.5451 31.8251 2.0115 
fb1 = -0.1872 -0.2151 -0.2151 -0.2151 -0.2151 -0.2151 -0.2151 -0.2151 -0.2251 -0.2251 -0.2251 -0.2251 -0.2251 -0.2251 -0.2251 -0.2345 -0.2345 -0.2345 -0.2345 -0.2345 -0.2345 -0.2345 -0.2424 0.0524 0.0524 0.0218 -0.0737 
fb2 = -0.1871 -0.2151 -0.2151 -0.2151 -0.2151 -0.2151 -0.2151 -0.2151 -0.2250 -0.2250 -0.2250 -0.2250 -0.2250 -0.2250 -0.2250 -0.2344 -0.2344 -0.2344 -0.2344 -0.2344 -0.2344 -0.2344 -0.2424 0.0536 0.0536 0.0224 -0.0737 
fb3 = -0.1871 -0.2151 -0.2151 -0.2151 -0.2151 -0.2151 -0.2151 -0.2151 -0.2250 -0.2250 -0.2250 -0.2250 -0.2250 -0.2250 -0.2250 -0.2344 -0.2344 -0.2344 -0.2344 -0.2344 -0.2344 -0.2344 -0.2424 0.0536 0.0536 0.0224 -0.0737 
fb4 = -0.1871 -0.2150 -0.2150 -0.2150 -0.2150 -0.2150 -0.2150 -0.2150 -0.2250 -0.2250 -0.2250 -0.2250 -0.2250 -0.2250 -0.2250 -0.2344 -0.2344 -0.2344 -0.2344 -0.2344 -0.2344 -0.2344 -0.2423 0.0547 0.0547 0.0230 -0.0736 
I = 14.9000 9.4000 9.4000 9.4000 9.4000 9.4000 9.4000 9.4000 6.0000 6.0000 6.0000 6.0000 6.0000 6.0000 6.0000 2.0000 2.0000 2.0000 2.0000 2.0000 2.0000 2.0000 -2.0000 26.1622 26.1622 10.0000 3.4238 
S1 = 0.0000 0.0000 0.0000 0.0000 0.0000 0.0000 0.0000 0.0000 0.0000 0.0000 0.0000 0.0000 0.0000 0.0000 0.0000 0.0000 0.0000 0.0000 0.0000 0.0000 0.0000 0.0000 0.0000 0.0000 0.0000 0.0000 0.0000 
S2 = 0.0000 0.0000 0.0000 0.0000 0.0000 0.0000 0.0000 0.0000 0.0000 0.0000 0.0000 0.0000 0.0000 0.0000 0.0000 0.0000 0.0000 0.0000 0.0000 0.0000 0.0000 0.0000 0.0000 2.1622 2.1622 0.0000 14.4238 
u = 8.1539 7.9971 7.9971 7.9971 7.9971 7.9971 7.9971 7.9971 7.9274 7.9274 7.9274 7.9274 7.9274 7.9274 7.9274 7.8574 7.8574 7.8574 7.8574 7.8574 7.8574 7.8574 7.7959 11.1488 11.1488 11.8161 9.1770 
v = 34.7709 26.2129 26.2129 26.2129 26.2129 26.2129 26.2129 26.2129 23.0280 23.0280 23.0280 23.0280 23.0280 23.0280 23.0280 19.9795 19.9795 19.9795 19.9795 19.9795 19.9795 19.9795 17.3755 69.4303 69.4303 64.8364 27.4816 
