ExternalI = 5.5000 0.0000 0.0000 0.0000 0.0000 0.0000 0.0000 0.0000 4.0000 4.0000 4.0000 4.0000 4.0000 4.0000 4.0000 0.0000 0.0000 0.0000 0.0000 0.0000 0.0000 0.0000 0.0000 8.0000 8.0000 0.0000 0.0000 
before u = 8.1539 7.9971 7.9971 7.9971 7.9971 7.9971 7.9971 7.9971 7.9274 7.9274 7.9274 7.9274 7.9274 7.9274 7.9274 7.8574 7.8574 7.8574 7.8574 7.8574 7.8574 7.8574 7.7959 11.1488 11.1488 11.8161 9.1770 
before v = 34.7709 26.2129 26.2129 26.2129 26.2129 26.2129 26.2129 26.2129 23.0280 23.0280 23.0280 23.0280 23.0280 23.0280 23.0280 19.9795 19.9795 19.9795 19.9795 19.9795 19.9795 19.9795 17.3755 69.4303 69.4303 64.8364 27.4816 
Ibias = 9.4000 9.4000 9.4000 9.4000 9.4000 9.4000 9.4000 9.4000 2.0000 2.0000 2.0000 2.0000 2.0000 2.0000 2.0000 2.0000 2.0000 2.0000 2.0000 2.0000 2.0000 2.0000 -2.0000 16.0000 16.0000 10.0000 -11.0000 
fa1 = 0.7940 0.2489 0.2489 0.2489 0.2489 0.2489 0.2489 0.2489 0.2002 0.2002 0.2002 0.2002 0.2002 0.2002 0.2002 0.1714 0.1714 0.1714 0.1714 0.1714 0.1714 0.1714 0.1539 59.5407 59.5407 31.8251 1.9826 
fa2 = 0.7941 0.2489 0.2489 0.2489 0.2489 0.2489 0.2489 0.2489 0.2002 0.2002 0.2002 0.2002 0.2002 0.2002 0.2002 0.1713 0.1713 0.1713 0.1713 0.1713 0.1713 0.1713 0.1538 60.3045 60.3045 32.1740 1.9751 
fa3 = 0.7941 0.2489 0.2489 0.2489 0.2489 0.2489 0.2489 0.2489 0.2002 0.2002 0.2002 0.2002 0.2002 0.2002 0.2002 0.1713 0.1713 0.1713 0.1713 0.1713 0.1713 0.1713 0.1538 60.3143 60.3143 32.1778 1.9751 
fa4 = 0.7942 0.2488 0.2488 0.2488 0.2488 0.2488 0.2488 0.2488 0.2001 0.2001 0.2001 0.2001 0.2001 0.2001 0.2001 0.1713 0.1713 0.1713 0.1713 0.1713 0.1713 0.1713 0.1538 61.0954 61.0954 32.5327 1.9676 
fb1 = -0.1871 -0.2150 -0.2150 -0.2150 -0.2150 -0.2150 -0.2150 -0.2150 -0.2250 -0.2250 -0.2250 -0.2250 -0.2250 -0.2250 -0.2250 -0.2344 -0.2344 -0.2344 -0.2344 -0.2344 -0.2344 -0.2344 -0.2423 0.0547 0.0547 0.0230 -0.0736 
fb2 = -0.1870 -0.2150 -0.2150 -0.2150 -0.2150 -0.2150 -0.2150 -0.2150 -0.2249 -0.2249 -0.2249 -0.2249 -0.2249 -0.2249 -0.2249 -0.2343 -0.2343 -0.2343 -0.2343 -0.2343 -0.2343 -0.2343 -0.2423 0.0559 0.0559 0.0237 -0.0736 
fb3 = -0.1870 -0.2150 -0.2150 -0.2150 -0.2150 -0.2150 -0.2150 -0.2150 -0.2249 -0.2249 -0.2249 -0.2249 -0.2249 -0.2249 -0.2249 -0.2343 -0.2343 -0.2343 -0.2343 -0.2343 -0.2343 -0.2343 -0.2423 0.0559 0.0559 0.0237 -0.0736 
fb4 = -0.1870 -0.2149 -0.2149 -0.2149 -0.2149 -0.2149 -0.2149 -0.2149 -0.2249 -0.2249 -0.2249 -0.2249 -0.2249 -0.2249 -0.2249 -0.2343 -0.2343 -0.2343 -0.2343 -0.2343 -0.2343 -0.2343 -0.2422 0.0571 0.0571 0.0243 -0.0735 
I = 14.9000 9.4000 9.4000 9.4000 9.4000 9.4000 9.4000 9.4000 6.0000 6.0000 6.0000 6.0000 6.0000 6.0000 6.0000 2.0000 2.0000 2.0000 2.0000 2.0000 2.0000 2.0000 -2.0000 26.1579 26.1579 10.0000 3.3950 
S1 = 0.0000 0.0000 0.0000 0.0000 0.0000 0.0000 0.0000 0.0000 0.0000 0.0000 0.0000 0.0000 0.0000 0.0000 0.0000 0.0000 0.0000 0.0000 0.0000 0.0000 0.0000 0.0000 0.0000 0.0000 0.0000 0.0000 0.0000 
S2 = 0.0000 0.0000 0.0000 0.0000 0.0000 0.0000 0.0000 0.0000 0.0000 0.0000 0.0000 0.0000 0.0000 0.0000 0.0000 0.0000 0.0000 0.0000 0.0000 0.0000 0.0000 0.0000 0.0000 2.1579 2.1579 0.0000 14.3950 
u = 8.1520 7.9949 7.9949 7.9949 7.9949 7.9949 7.9949 7.9949 7.9251 7.9251 7.9251 7.9251 7.9251 7.9251 7.9251 7.8551 7.8551 7.8551 7.8551 7.8551 7.8551 7.8551 7.7935 11.1494 11.1494 11.8164 9.1763 
v = 34.7789 26.2153 26.2153 26.2153 26.2153 26.2153 26.2153 26.2153 23.0300 23.0300 23.0300 23.0300 23.0300 23.0300 23.0300 19.9812 19.9812 19.9812 19.9812 19.9812 19.9812 19.9812 17.3771 70.0334 70.0334 65.1582 27.5014 
