ExternalI = 5.5000 0.0000 0.0000 0.0000 0.0000 0.0000 0.0000 0.0000 4.0000 4.0000 4.0000 4.0000 4.0000 4.0000 4.0000 0.0000 0.0000 0.0000 0.0000 0.0000 0.0000 0.0000 0.0000 8.0000 8.0000 0.0000 0.0000 
before u = 8.1520 7.9949 7.9949 7.9949 7.9949 7.9949 7.9949 7.9949 7.9251 7.9251 7.9251 7.9251 7.9251 7.9251 7.9251 7.8551 7.8551 7.8551 7.8551 7.8551 7.8551 7.8551 7.7935 11.1494 11.1494 11.8164 9.1763 
before v = 34.7789 26.2153 26.2153 26.2153 26.2153 26.2153 26.2153 26.2153 23.0300 23.0300 23.0300 23.0300 23.0300 23.0300 23.0300 19.9812 19.9812 19.9812 19.9812 19.9812 19.9812 19.9812 17.3771 70.0334 70.0334 65.1582 27.5014 
Ibias = 9.4000 9.4000 9.4000 9.4000 9.4000 9.4000 9.4000 9.4000 2.0000 2.0000 2.0000 2.0000 2.0000 2.0000 2.0000 2.0000 2.0000 2.0000 2.0000 2.0000 2.0000 2.0000 -2.0000 16.0000 16.0000 10.0000 -11.0000 
fa1 = 0.7942 0.2488 0.2488 0.2488 0.2488 0.2488 0.2488 0.2488 0.2001 0.2001 0.2001 0.2001 0.2001 0.2001 0.2001 0.1713 0.1713 0.1713 0.1713 0.1713 0.1713 0.1713 0.1538 61.0910 61.0910 32.5327 1.9388 
fa2 = 0.7942 0.2488 0.2488 0.2488 0.2488 0.2488 0.2488 0.2488 0.2001 0.2001 0.2001 0.2001 0.2001 0.2001 0.2001 0.1713 0.1713 0.1713 0.1713 0.1713 0.1713 0.1713 0.1538 61.8895 61.8895 32.8935 1.9314 
fa3 = 0.7942 0.2488 0.2488 0.2488 0.2488 0.2488 0.2488 0.2488 0.2001 0.2001 0.2001 0.2001 0.2001 0.2001 0.2001 0.1713 0.1713 0.1713 0.1713 0.1713 0.1713 0.1713 0.1538 61.9000 61.9000 32.8975 1.9314 
fa4 = 0.7943 0.2487 0.2487 0.2487 0.2487 0.2487 0.2487 0.2487 0.2001 0.2001 0.2001 0.2001 0.2001 0.2001 0.2001 0.1712 0.1712 0.1712 0.1712 0.1712 0.1712 0.1712 0.1537 62.7168 62.7168 33.2646 1.9241 
fb1 = -0.1870 -0.2149 -0.2149 -0.2149 -0.2149 -0.2149 -0.2149 -0.2149 -0.2249 -0.2249 -0.2249 -0.2249 -0.2249 -0.2249 -0.2249 -0.2343 -0.2343 -0.2343 -0.2343 -0.2343 -0.2343 -0.2343 -0.2422 0.0571 0.0571 0.0243 -0.0735 
fb2 = -0.1869 -0.2149 -0.2149 -0.2149 -0.2149 -0.2149 -0.2149 -0.2149 -0.2248 -0.2248 -0.2248 -0.2248 -0.2248 -0.2248 -0.2248 -0.2342 -0.2342 -0.2342 -0.2342 -0.2342 -0.2342 -0.2342 -0.2422 0.0584 0.0584 0.0250 -0.0735 
fb3 = -0.1869 -0.2149 -0.2149 -0.2149 -0.2149 -0.2149 -0.2149 -0.2149 -0.2248 -0.2248 -0.2248 -0.2248 -0.2248 -0.2248 -0.2248 -0.2342 -0.2342 -0.2342 -0.2342 -0.2342 -0.2342 -0.2342 -0.2422 0.0584 0.0584 0.0250 -0.0735 
fb4 = -0.1869 -0.2148 -0.2148 -0.2148 -0.2148 -0.2148 -0.2148 -0.2148 -0.2248 -0.2248 -0.2248 -0.2248 -0.2248 -0.2248 -0.2248 -0.2342 -0.2342 -0.2342 -0.2342 -0.2342 -0.2342 -0.2342 -0.2421 0.0596 0.0596 0.0256 -0.0734 
I = 14.9000 9.4000 9.4000 9.4000 9.4000 9.4000 9.4000 9.4000 6.0000 6.0000 6.0000 6.0000 6.0000 6.0000 6.0000 2.0000 2.0000 2.0000 2.0000 2.0000 2.0000 2.0000 -2.0000 26.1536 26.1536 10.0000 3.3662 
S1 = 0.0000 0.0000 0.0000 0.0000 0.0000 0.0000 0.0000 0.0000 0.0000 0.0000 0.0000 0.0000 0.0000 0.0000 0.0000 0.0000 0.0000 0.0000 0.0000 0.0000 0.0000 0.0000 0.0000 0.0000 0.0000 0.0000 0.0000 
S2 = 0.0000 0.0000 0.0000 0.0000 0.0000 0.0000 0.0000 0.0000 0.0000 0.0000 0.0000 0.0000 0.0000 0.0000 0.0000 0.0000 0.0000 0.0000 0.0000 0.0000 0.0000 0.0000 0.0000 2.1536 2.1536 0.0000 14.3662 
u = 8.1501 7.9928 7.9928 7.9928 7.9928 7.9928 7.9928 7.9928 7.9229 7.9229 7.9229 7.9229 7.9229 7.9229 7.9229 7.8527 7.8527 7.8527 7.8527 7.8527 7.8527 7.8527 7.7910 11.1499 11.1499 11.8166 9.1756 
v = 34.7868 26.2178 26.2178 26.2178 26.2178 26.2178 26.2178 26.2178 23.0320 23.0320 23.0320 23.0320 23.0320 23.0320 23.0320 19.9829 19.9829 19.9829 19.9829 19.9829 19.9829 19.9829 17.3786 70.6524 70.6524 65.4872 27.5207 
