ExternalI = 5.5000 0.0000 0.0000 0.0000 0.0000 0.0000 0.0000 0.0000 4.0000 4.0000 4.0000 4.0000 4.0000 4.0000 4.0000 0.0000 0.0000 0.0000 0.0000 0.0000 0.0000 0.0000 0.0000 8.0000 8.0000 0.0000 0.0000 
before u = 8.1501 7.9928 7.9928 7.9928 7.9928 7.9928 7.9928 7.9928 7.9229 7.9229 7.9229 7.9229 7.9229 7.9229 7.9229 7.8527 7.8527 7.8527 7.8527 7.8527 7.8527 7.8527 7.7910 11.1499 11.1499 11.8166 9.1756 
before v = 34.7868 26.2178 26.2178 26.2178 26.2178 26.2178 26.2178 26.2178 23.0320 23.0320 23.0320 23.0320 23.0320 23.0320 23.0320 19.9829 19.9829 19.9829 19.9829 19.9829 19.9829 19.9829 17.3786 70.6524 70.6524 65.4872 27.5207 
Ibias = 9.4000 9.4000 9.4000 9.4000 9.4000 9.4000 9.4000 9.4000 2.0000 2.0000 2.0000 2.0000 2.0000 2.0000 2.0000 2.0000 2.0000 2.0000 2.0000 2.0000 2.0000 2.0000 -2.0000 16.0000 16.0000 10.0000 -11.0000 
fa1 = 0.7943 0.2487 0.2487 0.2487 0.2487 0.2487 0.2487 0.2487 0.2001 0.2001 0.2001 0.2001 0.2001 0.2001 0.2001 0.1712 0.1712 0.1712 0.1712 0.1712 0.1712 0.1712 0.1537 62.7125 62.7125 33.2646 1.8953 
fa2 = 0.7944 0.2487 0.2487 0.2487 0.2487 0.2487 0.2487 0.2487 0.2000 0.2000 0.2000 0.2000 0.2000 0.2000 0.2000 0.1712 0.1712 0.1712 0.1712 0.1712 0.1712 0.1712 0.1537 63.5477 63.5477 33.6380 1.8881 
fa3 = 0.7944 0.2487 0.2487 0.2487 0.2487 0.2487 0.2487 0.2487 0.2000 0.2000 0.2000 0.2000 0.2000 0.2000 0.2000 0.1712 0.1712 0.1712 0.1712 0.1712 0.1712 0.1712 0.1537 63.5589 63.5589 33.6422 1.8882 
fa4 = 0.7945 0.2486 0.2486 0.2486 0.2486 0.2486 0.2486 0.2486 0.2000 0.2000 0.2000 0.2000 0.2000 0.2000 0.2000 0.1712 0.1712 0.1712 0.1712 0.1712 0.1712 0.1712 0.1537 64.4137 64.4137 34.0221 1.8810 
fb1 = -0.1869 -0.2148 -0.2148 -0.2148 -0.2148 -0.2148 -0.2148 -0.2148 -0.2248 -0.2248 -0.2248 -0.2248 -0.2248 -0.2248 -0.2248 -0.2342 -0.2342 -0.2342 -0.2342 -0.2342 -0.2342 -0.2342 -0.2421 0.0596 0.0596 0.0256 -0.0734 
fb2 = -0.1868 -0.2148 -0.2148 -0.2148 -0.2148 -0.2148 -0.2148 -0.2148 -0.2247 -0.2247 -0.2247 -0.2247 -0.2247 -0.2247 -0.2247 -0.2341 -0.2341 -0.2341 -0.2341 -0.2341 -0.2341 -0.2341 -0.2421 0.0609 0.0609 0.0263 -0.0734 
fb3 = -0.1868 -0.2148 -0.2148 -0.2148 -0.2148 -0.2148 -0.2148 -0.2148 -0.2247 -0.2247 -0.2247 -0.2247 -0.2247 -0.2247 -0.2247 -0.2341 -0.2341 -0.2341 -0.2341 -0.2341 -0.2341 -0.2341 -0.2421 0.0609 0.0609 0.0263 -0.0734 
fb4 = -0.1868 -0.2147 -0.2147 -0.2147 -0.2147 -0.2147 -0.2147 -0.2147 -0.2247 -0.2247 -0.2247 -0.2247 -0.2247 -0.2247 -0.2247 -0.2341 -0.2341 -0.2341 -0.2341 -0.2341 -0.2341 -0.2341 -0.2420 0.0621 0.0621 0.0270 -0.0733 
I = 14.9000 9.4000 9.4000 9.4000 9.4000 9.4000 9.4000 9.4000 6.0000 6.0000 6.0000 6.0000 6.0000 6.0000 6.0000 2.0000 2.0000 2.0000 2.0000 2.0000 2.0000 2.0000 -2.0000 26.1493 26.1493 10.0000 3.3375 
S1 = 0.0000 0.0000 0.0000 0.0000 0.0000 0.0000 0.0000 0.0000 0.0000 0.0000 0.0000 0.0000 0.0000 0.0000 0.0000 0.0000 0.0000 0.0000 0.0000 0.0000 0.0000 0.0000 0.0000 0.0000 0.0000 0.0000 0.0000 
S2 = 0.0000 0.0000 0.0000 0.0000 0.0000 0.0000 0.0000 0.0000 0.0000 0.0000 0.0000 0.0000 0.0000 0.0000 0.0000 0.0000 0.0000 0.0000 0.0000 0.0000 0.0000 0.0000 0.0000 2.1493 2.1493 0.0000 14.3375 
u = 8.1483 7.9906 7.9906 7.9906 7.9906 7.9906 7.9906 7.9906 7.9206 7.9206 7.9206 7.9206 7.9206 7.9206 7.9206 7.8504 7.8504 7.8504 7.8504 7.8504 7.8504 7.8504 7.7886 11.1505 11.1505 11.8169 9.1748 
v = 34.7948 26.2203 26.2203 26.2203 26.2203 26.2203 26.2203 26.2203 23.0340 23.0340 23.0340 23.0340 23.0340 23.0340 23.0340 19.9846 19.9846 19.9846 19.9846 19.9846 19.9846 19.9846 17.3802 71.2879 71.2879 65.8236 27.5396 
