ExternalI = 5.5000 0.0000 0.0000 0.0000 0.0000 0.0000 0.0000 0.0000 4.0000 4.0000 4.0000 4.0000 4.0000 4.0000 4.0000 0.0000 0.0000 0.0000 0.0000 0.0000 0.0000 0.0000 0.0000 8.0000 8.0000 0.0000 0.0000 
before u = 8.1483 7.9906 7.9906 7.9906 7.9906 7.9906 7.9906 7.9906 7.9206 7.9206 7.9206 7.9206 7.9206 7.9206 7.9206 7.8504 7.8504 7.8504 7.8504 7.8504 7.8504 7.8504 7.7886 11.1505 11.1505 11.8169 9.1748 
before v = 34.7948 26.2203 26.2203 26.2203 26.2203 26.2203 26.2203 26.2203 23.0340 23.0340 23.0340 23.0340 23.0340 23.0340 23.0340 19.9846 19.9846 19.9846 19.9846 19.9846 19.9846 19.9846 17.3802 71.2879 71.2879 65.8236 27.5396 
Ibias = 9.4000 9.4000 9.4000 9.4000 9.4000 9.4000 9.4000 9.4000 2.0000 2.0000 2.0000 2.0000 2.0000 2.0000 2.0000 2.0000 2.0000 2.0000 2.0000 2.0000 2.0000 2.0000 -2.0000 16.0000 16.0000 10.0000 -11.0000 
fa1 = 0.7945 0.2486 0.2486 0.2486 0.2486 0.2486 0.2486 0.2486 0.2000 0.2000 0.2000 0.2000 0.2000 0.2000 0.2000 0.1712 0.1712 0.1712 0.1712 0.1712 0.1712 0.1712 0.1537 64.4094 64.4094 34.0221 1.8523 
fa2 = 0.7945 0.2486 0.2486 0.2486 0.2486 0.2486 0.2486 0.2486 0.2000 0.2000 0.2000 0.2000 0.2000 0.2000 0.2000 0.1712 0.1712 0.1712 0.1712 0.1712 0.1712 0.1712 0.1537 65.2837 65.2837 34.4086 1.8453 
fa3 = 0.7945 0.2486 0.2486 0.2486 0.2486 0.2486 0.2486 0.2486 0.2000 0.2000 0.2000 0.2000 0.2000 0.2000 0.2000 0.1712 0.1712 0.1712 0.1712 0.1712 0.1712 0.1712 0.1537 65.2956 65.2956 34.4130 1.8453 
fa4 = 0.7946 0.2485 0.2485 0.2485 0.2485 0.2485 0.2485 0.2485 0.1999 0.1999 0.1999 0.1999 0.1999 0.1999 0.1999 0.1711 0.1711 0.1711 0.1711 0.1711 0.1711 0.1711 0.1536 66.1907 66.1907 34.8063 1.8384 
fb1 = -0.1868 -0.2147 -0.2147 -0.2147 -0.2147 -0.2147 -0.2147 -0.2147 -0.2247 -0.2247 -0.2247 -0.2247 -0.2247 -0.2247 -0.2247 -0.2341 -0.2341 -0.2341 -0.2341 -0.2341 -0.2341 -0.2341 -0.2420 0.0621 0.0621 0.0270 -0.0733 
fb2 = -0.1867 -0.2147 -0.2147 -0.2147 -0.2147 -0.2147 -0.2147 -0.2147 -0.2246 -0.2246 -0.2246 -0.2246 -0.2246 -0.2246 -0.2246 -0.2340 -0.2340 -0.2340 -0.2340 -0.2340 -0.2340 -0.2340 -0.2420 0.0634 0.0634 0.0276 -0.0733 
fb3 = -0.1867 -0.2147 -0.2147 -0.2147 -0.2147 -0.2147 -0.2147 -0.2147 -0.2246 -0.2246 -0.2246 -0.2246 -0.2246 -0.2246 -0.2246 -0.2340 -0.2340 -0.2340 -0.2340 -0.2340 -0.2340 -0.2340 -0.2420 0.0634 0.0634 0.0276 -0.0733 
fb4 = -0.1866 -0.2146 -0.2146 -0.2146 -0.2146 -0.2146 -0.2146 -0.2146 -0.2246 -0.2246 -0.2246 -0.2246 -0.2246 -0.2246 -0.2246 -0.2340 -0.2340 -0.2340 -0.2340 -0.2340 -0.2340 -0.2340 -0.2419 0.0647 0.0647 0.0283 -0.0733 
I = 14.9000 9.4000 9.4000 9.4000 9.4000 9.4000 9.4000 9.4000 6.0000 6.0000 6.0000 6.0000 6.0000 6.0000 6.0000 2.0000 2.0000 2.0000 2.0000 2.0000 2.0000 2.0000 -2.0000 26.1450 26.1450 10.0000 3.3088 
S1 = 0.0000 0.0000 0.0000 0.0000 0.0000 0.0000 0.0000 0.0000 0.0000 0.0000 0.0000 0.0000 0.0000 0.0000 0.0000 0.0000 0.0000 0.0000 0.0000 0.0000 0.0000 0.0000 0.0000 0.0000 0.0000 0.0000 0.0000 
S2 = 0.0000 0.0000 0.0000 0.0000 0.0000 0.0000 0.0000 0.0000 0.0000 0.0000 0.0000 0.0000 0.0000 0.0000 0.0000 0.0000 0.0000 0.0000 0.0000 0.0000 0.0000 0.0000 0.0000 2.1450 2.1450 0.0000 14.3088 
u = 8.1464 7.9885 7.9885 7.9885 7.9885 7.9885 7.9885 7.9885 7.9184 7.9184 7.9184 7.9184 7.9184 7.9184 7.9184 7.8480 7.8480 7.8480 7.8480 7.8480 7.8480 7.8480 7.7862 11.1512 11.1512 11.8172 9.1741 
v = 34.8027 26.2228 26.2228 26.2228 26.2228 26.2228 26.2228 26.2228 23.0360 23.0360 23.0360 23.0360 23.0360 23.0360 23.0360 19.9863 19.9863 19.9863 19.9863 19.9863 19.9863 19.9863 17.3817 71.9409 71.9409 66.1677 27.5580 
