ExternalI = 5.5000 0.0000 0.0000 0.0000 0.0000 0.0000 0.0000 0.0000 4.0000 4.0000 4.0000 4.0000 4.0000 4.0000 4.0000 0.0000 0.0000 0.0000 0.0000 0.0000 0.0000 0.0000 0.0000 8.0000 8.0000 0.0000 0.0000 
before u = 9.7521 9.7478 9.7478 9.7478 9.7478 9.7478 9.7478 9.7478 9.7452 9.7452 9.7452 9.7452 9.7452 9.7452 9.7452 9.7422 9.7422 9.7422 9.7422 9.7422 9.7422 9.7422 9.7392 9.9169 9.9169 10.1927 9.8890 
before v = 21.9656 19.4868 19.4868 19.4868 19.4868 19.4868 19.4868 19.4868 18.0102 18.0102 18.0102 18.0102 18.0102 18.0102 18.0102 16.3236 16.3236 16.3236 16.3236 16.3236 16.3236 16.3236 14.6886 31.5460 31.5460 69.8729 15.3752 
Ibias = 9.4000 9.4000 9.4000 9.4000 9.4000 9.4000 9.4000 9.4000 2.0000 2.0000 2.0000 2.0000 2.0000 2.0000 2.0000 2.0000 2.0000 2.0000 2.0000 2.0000 2.0000 2.0000 -2.0000 16.0000 16.0000 10.0000 -11.0000 
fa1 = 8.5506 6.3812 6.3812 6.3812 6.3812 6.3812 6.3812 6.3812 5.1990 5.1990 5.1990 5.1990 5.1990 5.1990 5.1990 3.9454 3.9454 3.9454 3.9454 3.9454 3.9454 3.9454 2.8251 19.2511 19.2511 45.4775 3.8596 
fa2 = 8.4990 6.3368 6.3368 6.3368 6.3368 6.3368 6.3368 6.3368 5.1600 5.1600 5.1600 5.1600 5.1600 5.1600 5.1600 3.9136 3.9136 3.9136 3.9136 3.9136 3.9136 3.9136 2.8010 19.2060 19.2060 46.0681 3.8261 
fa3 = 8.4993 6.3371 6.3371 6.3371 6.3371 6.3371 6.3371 6.3371 5.1603 5.1603 5.1603 5.1603 5.1603 5.1603 5.1603 3.9139 3.9139 3.9139 3.9139 3.9139 3.9139 3.9139 2.8012 19.2061 19.2061 46.0758 3.8264 
fa4 = 8.4483 6.2931 6.2931 6.2931 6.2931 6.2931 6.2931 6.2931 5.1218 5.1218 5.1218 5.1218 5.1218 5.1218 5.1218 3.8824 3.8824 3.8824 3.8824 3.8824 3.8824 3.8824 2.7773 19.1618 19.1618 46.6786 3.7933 
fb1 = -0.3022 -0.3120 -0.3120 -0.3120 -0.3120 -0.3120 -0.3120 -0.3120 -0.3178 -0.3178 -0.3178 -0.3178 -0.3178 -0.3178 -0.3178 -0.3244 -0.3244 -0.3244 -0.3244 -0.3244 -0.3244 -0.3244 -0.3308 -0.0722 -0.0722 0.0756 -0.1363 
fb2 = -0.3020 -0.3118 -0.3118 -0.3118 -0.3118 -0.3118 -0.3118 -0.3118 -0.3176 -0.3176 -0.3176 -0.3176 -0.3176 -0.3176 -0.3176 -0.3242 -0.3242 -0.3242 -0.3242 -0.3242 -0.3242 -0.3242 -0.3307 -0.0718 -0.0718 0.0765 -0.1362 
fb3 = -0.3020 -0.3118 -0.3118 -0.3118 -0.3118 -0.3118 -0.3118 -0.3118 -0.3176 -0.3176 -0.3176 -0.3176 -0.3176 -0.3176 -0.3176 -0.3242 -0.3242 -0.3242 -0.3242 -0.3242 -0.3242 -0.3242 -0.3307 -0.0718 -0.0718 0.0766 -0.1362 
fb4 = -0.3018 -0.3116 -0.3116 -0.3116 -0.3116 -0.3116 -0.3116 -0.3116 -0.3174 -0.3174 -0.3174 -0.3174 -0.3174 -0.3174 -0.3174 -0.3241 -0.3241 -0.3241 -0.3241 -0.3241 -0.3241 -0.3241 -0.3306 -0.0714 -0.0714 0.0775 -0.1361 
I = 14.9000 9.4000 9.4000 9.4000 9.4000 9.4000 9.4000 9.4000 6.0000 6.0000 6.0000 6.0000 6.0000 6.0000 6.0000 2.0000 2.0000 2.0000 2.0000 2.0000 2.0000 2.0000 -2.0000 24.0000 24.0000 10.0000 -9.5818 
S1 = 0.0000 0.0000 0.0000 0.0000 0.0000 0.0000 0.0000 0.0000 0.0000 0.0000 0.0000 0.0000 0.0000 0.0000 0.0000 0.0000 0.0000 0.0000 0.0000 0.0000 0.0000 0.0000 0.0000 0.0000 0.0000 0.0000 0.0000 
S2 = 0.0000 0.0000 0.0000 0.0000 0.0000 0.0000 0.0000 0.0000 0.0000 0.0000 0.0000 0.0000 0.0000 0.0000 0.0000 0.0000 0.0000 0.0000 0.0000 0.0000 0.0000 0.0000 0.0000 0.0000 0.0000 0.0000 1.4182 
u = 9.7491 9.7447 9.7447 9.7447 9.7447 9.7447 9.7447 9.7447 9.7420 9.7420 9.7420 9.7420 9.7420 9.7420 9.7420 9.7389 9.7389 9.7389 9.7389 9.7389 9.7389 9.7389 9.7359 9.9162 9.9162 10.1934 9.8876 
v = 22.0506 19.5502 19.5502 19.5502 19.5502 19.5502 19.5502 19.5502 18.0618 18.0618 18.0618 18.0618 18.0618 18.0618 18.0618 16.3627 16.3627 16.3627 16.3627 16.3627 16.3627 16.3627 14.7166 31.7381 31.7381 70.3336 15.4134 
