ExternalI = 5.5000 0.0000 0.0000 0.0000 0.0000 0.0000 0.0000 0.0000 4.0000 4.0000 4.0000 4.0000 4.0000 4.0000 4.0000 0.0000 0.0000 0.0000 0.0000 0.0000 0.0000 0.0000 0.0000 8.0000 8.0000 0.0000 0.0000 
before u = 8.1464 7.9885 7.9885 7.9885 7.9885 7.9885 7.9885 7.9885 7.9184 7.9184 7.9184 7.9184 7.9184 7.9184 7.9184 7.8480 7.8480 7.8480 7.8480 7.8480 7.8480 7.8480 7.7862 11.1512 11.1512 11.8172 9.1741 
before v = 34.8027 26.2228 26.2228 26.2228 26.2228 26.2228 26.2228 26.2228 23.0360 23.0360 23.0360 23.0360 23.0360 23.0360 23.0360 19.9863 19.9863 19.9863 19.9863 19.9863 19.9863 19.9863 17.3817 71.9409 71.9409 66.1677 27.5580 
Ibias = 9.4000 9.4000 9.4000 9.4000 9.4000 9.4000 9.4000 9.4000 2.0000 2.0000 2.0000 2.0000 2.0000 2.0000 2.0000 2.0000 2.0000 2.0000 2.0000 2.0000 2.0000 2.0000 -2.0000 16.0000 16.0000 10.0000 -11.0000 
fa1 = 0.7946 0.2485 0.2485 0.2485 0.2485 0.2485 0.2485 0.2485 0.1999 0.1999 0.1999 0.1999 0.1999 0.1999 0.1999 0.1711 0.1711 0.1711 0.1711 0.1711 0.1711 0.1711 0.1536 66.1864 66.1864 34.8063 1.8098 
fa2 = 0.7947 0.2485 0.2485 0.2485 0.2485 0.2485 0.2485 0.2485 0.1999 0.1999 0.1999 0.1999 0.1999 0.1999 0.1999 0.1711 0.1711 0.1711 0.1711 0.1711 0.1711 0.1711 0.1536 67.1022 67.1022 35.2065 1.8029 
fa3 = 0.7947 0.2485 0.2485 0.2485 0.2485 0.2485 0.2485 0.2485 0.1999 0.1999 0.1999 0.1999 0.1999 0.1999 0.1999 0.1711 0.1711 0.1711 0.1711 0.1711 0.1711 0.1711 0.1536 67.1150 67.1150 35.2111 1.8030 
fa4 = 0.7948 0.2484 0.2484 0.2484 0.2484 0.2484 0.2484 0.2484 0.1999 0.1999 0.1999 0.1999 0.1999 0.1999 0.1999 0.1711 0.1711 0.1711 0.1711 0.1711 0.1711 0.1711 0.1536 68.0529 68.0529 35.6185 1.7962 
fb1 = -0.1866 -0.2146 -0.2146 -0.2146 -0.2146 -0.2146 -0.2146 -0.2146 -0.2246 -0.2246 -0.2246 -0.2246 -0.2246 -0.2246 -0.2246 -0.2340 -0.2340 -0.2340 -0.2340 -0.2340 -0.2340 -0.2340 -0.2419 0.0647 0.0647 0.0283 -0.0733 
fb2 = -0.1866 -0.2146 -0.2146 -0.2146 -0.2146 -0.2146 -0.2146 -0.2146 -0.2245 -0.2245 -0.2245 -0.2245 -0.2245 -0.2245 -0.2245 -0.2339 -0.2339 -0.2339 -0.2339 -0.2339 -0.2339 -0.2339 -0.2419 0.0661 0.0661 0.0290 -0.0732 
fb3 = -0.1866 -0.2146 -0.2146 -0.2146 -0.2146 -0.2146 -0.2146 -0.2146 -0.2245 -0.2245 -0.2245 -0.2245 -0.2245 -0.2245 -0.2245 -0.2339 -0.2339 -0.2339 -0.2339 -0.2339 -0.2339 -0.2339 -0.2419 0.0661 0.0661 0.0290 -0.0732 
fb4 = -0.1865 -0.2146 -0.2146 -0.2146 -0.2146 -0.2146 -0.2146 -0.2146 -0.2245 -0.2245 -0.2245 -0.2245 -0.2245 -0.2245 -0.2245 -0.2339 -0.2339 -0.2339 -0.2339 -0.2339 -0.2339 -0.2339 -0.2418 0.0674 0.0674 0.0297 -0.0732 
I = 14.9000 9.4000 9.4000 9.4000 9.4000 9.4000 9.4000 9.4000 6.0000 6.0000 6.0000 6.0000 6.0000 6.0000 6.0000 2.0000 2.0000 2.0000 2.0000 2.0000 2.0000 2.0000 -2.0000 26.1407 26.1407 10.0000 3.2802 
S1 = 0.0000 0.0000 0.0000 0.0000 0.0000 0.0000 0.0000 0.0000 0.0000 0.0000 0.0000 0.0000 0.0000 0.0000 0.0000 0.0000 0.0000 0.0000 0.0000 0.0000 0.0000 0.0000 0.0000 0.0000 0.0000 0.0000 0.0000 
S2 = 0.0000 0.0000 0.0000 0.0000 0.0000 0.0000 0.0000 0.0000 0.0000 0.0000 0.0000 0.0000 0.0000 0.0000 0.0000 0.0000 0.0000 0.0000 0.0000 0.0000 0.0000 0.0000 0.0000 2.1407 2.1407 0.0000 14.2802 
u = 8.1445 7.9863 7.9863 7.9863 7.9863 7.9863 7.9863 7.9863 7.9161 7.9161 7.9161 7.9161 7.9161 7.9161 7.9161 7.8457 7.8457 7.8457 7.8457 7.8457 7.8457 7.8457 7.7838 11.1518 11.1518 11.8175 9.1734 
v = 34.8107 26.2253 26.2253 26.2253 26.2253 26.2253 26.2253 26.2253 23.0380 23.0380 23.0380 23.0380 23.0380 23.0380 23.0380 19.9880 19.9880 19.9880 19.9880 19.9880 19.9880 19.9880 17.3832 72.6120 72.6120 66.5198 27.5761 
