ExternalI = 5.5000 0.0000 0.0000 0.0000 0.0000 0.0000 0.0000 0.0000 4.0000 4.0000 4.0000 4.0000 4.0000 4.0000 4.0000 0.0000 0.0000 0.0000 0.0000 0.0000 0.0000 0.0000 0.0000 8.0000 8.0000 0.0000 0.0000 
before u = 8.1445 7.9863 7.9863 7.9863 7.9863 7.9863 7.9863 7.9863 7.9161 7.9161 7.9161 7.9161 7.9161 7.9161 7.9161 7.8457 7.8457 7.8457 7.8457 7.8457 7.8457 7.8457 7.7838 11.1518 11.1518 11.8175 9.1734 
before v = 34.8107 26.2253 26.2253 26.2253 26.2253 26.2253 26.2253 26.2253 23.0380 23.0380 23.0380 23.0380 23.0380 23.0380 23.0380 19.9880 19.9880 19.9880 19.9880 19.9880 19.9880 19.9880 17.3832 72.6120 72.6120 66.5198 27.5761 
Ibias = 9.4000 9.4000 9.4000 9.4000 9.4000 9.4000 9.4000 9.4000 2.0000 2.0000 2.0000 2.0000 2.0000 2.0000 2.0000 2.0000 2.0000 2.0000 2.0000 2.0000 2.0000 2.0000 -2.0000 16.0000 16.0000 10.0000 -11.0000 
fa1 = 0.7948 0.2484 0.2484 0.2484 0.2484 0.2484 0.2484 0.2484 0.1999 0.1999 0.1999 0.1999 0.1999 0.1999 0.1999 0.1711 0.1711 0.1711 0.1711 0.1711 0.1711 0.1711 0.1536 68.0486 68.0486 35.6185 1.7676 
fa2 = 0.7948 0.2484 0.2484 0.2484 0.2484 0.2484 0.2484 0.2484 0.1998 0.1998 0.1998 0.1998 0.1998 0.1998 0.1998 0.1710 0.1710 0.1710 0.1710 0.1710 0.1710 0.1710 0.1536 69.0086 69.0086 36.0331 1.7610 
fa3 = 0.7948 0.2484 0.2484 0.2484 0.2484 0.2484 0.2484 0.2484 0.1998 0.1998 0.1998 0.1998 0.1998 0.1998 0.1998 0.1710 0.1710 0.1710 0.1710 0.1710 0.1710 0.1710 0.1536 69.0222 69.0222 36.0379 1.7610 
fa4 = 0.7949 0.2483 0.2483 0.2483 0.2483 0.2483 0.2483 0.2483 0.1998 0.1998 0.1998 0.1998 0.1998 0.1998 0.1998 0.1710 0.1710 0.1710 0.1710 0.1710 0.1710 0.1710 0.1535 70.0058 70.0058 36.4600 1.7544 
fb1 = -0.1865 -0.2146 -0.2146 -0.2146 -0.2146 -0.2146 -0.2146 -0.2146 -0.2245 -0.2245 -0.2245 -0.2245 -0.2245 -0.2245 -0.2245 -0.2339 -0.2339 -0.2339 -0.2339 -0.2339 -0.2339 -0.2339 -0.2418 0.0674 0.0674 0.0297 -0.0732 
fb2 = -0.1865 -0.2145 -0.2145 -0.2145 -0.2145 -0.2145 -0.2145 -0.2145 -0.2244 -0.2244 -0.2244 -0.2244 -0.2244 -0.2244 -0.2244 -0.2338 -0.2338 -0.2338 -0.2338 -0.2338 -0.2338 -0.2338 -0.2418 0.0688 0.0688 0.0304 -0.0731 
fb3 = -0.1865 -0.2145 -0.2145 -0.2145 -0.2145 -0.2145 -0.2145 -0.2145 -0.2244 -0.2244 -0.2244 -0.2244 -0.2244 -0.2244 -0.2244 -0.2338 -0.2338 -0.2338 -0.2338 -0.2338 -0.2338 -0.2338 -0.2418 0.0688 0.0688 0.0304 -0.0731 
fb4 = -0.1864 -0.2145 -0.2145 -0.2145 -0.2145 -0.2145 -0.2145 -0.2145 -0.2244 -0.2244 -0.2244 -0.2244 -0.2244 -0.2244 -0.2244 -0.2338 -0.2338 -0.2338 -0.2338 -0.2338 -0.2338 -0.2338 -0.2417 0.0702 0.0702 0.0312 -0.0731 
I = 14.9000 9.4000 9.4000 9.4000 9.4000 9.4000 9.4000 9.4000 6.0000 6.0000 6.0000 6.0000 6.0000 6.0000 6.0000 2.0000 2.0000 2.0000 2.0000 2.0000 2.0000 2.0000 -2.0000 26.1364 26.1364 10.0000 3.2516 
S1 = 0.0000 0.0000 0.0000 0.0000 0.0000 0.0000 0.0000 0.0000 0.0000 0.0000 0.0000 0.0000 0.0000 0.0000 0.0000 0.0000 0.0000 0.0000 0.0000 0.0000 0.0000 0.0000 0.0000 0.0000 0.0000 0.0000 0.0000 
S2 = 0.0000 0.0000 0.0000 0.0000 0.0000 0.0000 0.0000 0.0000 0.0000 0.0000 0.0000 0.0000 0.0000 0.0000 0.0000 0.0000 0.0000 0.0000 0.0000 0.0000 0.0000 0.0000 0.0000 2.1364 2.1364 0.0000 14.2516 
u = 8.1427 7.9842 7.9842 7.9842 7.9842 7.9842 7.9842 7.9842 7.9139 7.9139 7.9139 7.9139 7.9139 7.9139 7.9139 7.8434 7.8434 7.8434 7.8434 7.8434 7.8434 7.8434 7.7814 11.1525 11.1525 11.8178 9.1726 
v = 34.8186 26.2278 26.2278 26.2278 26.2278 26.2278 26.2278 26.2278 23.0400 23.0400 23.0400 23.0400 23.0400 23.0400 23.0400 19.9897 19.9897 19.9897 19.9897 19.9897 19.9897 19.9897 17.3848 73.3022 73.3022 66.8802 27.5937 
