ExternalI = 5.5000 0.0000 0.0000 0.0000 0.0000 0.0000 0.0000 0.0000 4.0000 4.0000 4.0000 4.0000 4.0000 4.0000 4.0000 0.0000 0.0000 0.0000 0.0000 0.0000 0.0000 0.0000 0.0000 8.0000 8.0000 0.0000 0.0000 
before u = 8.1427 7.9842 7.9842 7.9842 7.9842 7.9842 7.9842 7.9842 7.9139 7.9139 7.9139 7.9139 7.9139 7.9139 7.9139 7.8434 7.8434 7.8434 7.8434 7.8434 7.8434 7.8434 7.7814 11.1525 11.1525 11.8178 9.1726 
before v = 34.8186 26.2278 26.2278 26.2278 26.2278 26.2278 26.2278 26.2278 23.0400 23.0400 23.0400 23.0400 23.0400 23.0400 23.0400 19.9897 19.9897 19.9897 19.9897 19.9897 19.9897 19.9897 17.3848 73.3022 73.3022 66.8802 27.5937 
Ibias = 9.4000 9.4000 9.4000 9.4000 9.4000 9.4000 9.4000 9.4000 2.0000 2.0000 2.0000 2.0000 2.0000 2.0000 2.0000 2.0000 2.0000 2.0000 2.0000 2.0000 2.0000 2.0000 -2.0000 16.0000 16.0000 10.0000 -11.0000 
fa1 = 0.7949 0.2483 0.2483 0.2483 0.2483 0.2483 0.2483 0.2483 0.1998 0.1998 0.1998 0.1998 0.1998 0.1998 0.1998 0.1710 0.1710 0.1710 0.1710 0.1710 0.1710 0.1710 0.1535 70.0014 70.0014 36.4600 1.7259 
fa2 = 0.7950 0.2483 0.2483 0.2483 0.2483 0.2483 0.2483 0.2483 0.1998 0.1998 0.1998 0.1998 0.1998 0.1998 0.1998 0.1710 0.1710 0.1710 0.1710 0.1710 0.1710 0.1710 0.1535 71.0084 71.0084 36.8896 1.7194 
fa3 = 0.7950 0.2483 0.2483 0.2483 0.2483 0.2483 0.2483 0.2483 0.1998 0.1998 0.1998 0.1998 0.1998 0.1998 0.1998 0.1710 0.1710 0.1710 0.1710 0.1710 0.1710 0.1710 0.1535 71.0230 71.0230 36.8947 1.7194 
fa4 = 0.7951 0.2482 0.2482 0.2482 0.2482 0.2482 0.2482 0.2482 0.1997 0.1997 0.1997 0.1997 0.1997 0.1997 0.1997 0.1710 0.1710 0.1710 0.1710 0.1710 0.1710 0.1710 0.1535 72.0551 72.0551 37.3323 1.7130 
fb1 = -0.1864 -0.2145 -0.2145 -0.2145 -0.2145 -0.2145 -0.2145 -0.2145 -0.2244 -0.2244 -0.2244 -0.2244 -0.2244 -0.2244 -0.2244 -0.2338 -0.2338 -0.2338 -0.2338 -0.2338 -0.2338 -0.2338 -0.2417 0.0702 0.0702 0.0312 -0.0731 
fb2 = -0.1864 -0.2144 -0.2144 -0.2144 -0.2144 -0.2144 -0.2144 -0.2144 -0.2243 -0.2243 -0.2243 -0.2243 -0.2243 -0.2243 -0.2243 -0.2337 -0.2337 -0.2337 -0.2337 -0.2337 -0.2337 -0.2337 -0.2417 0.0716 0.0716 0.0319 -0.0730 
fb3 = -0.1864 -0.2144 -0.2144 -0.2144 -0.2144 -0.2144 -0.2144 -0.2144 -0.2243 -0.2243 -0.2243 -0.2243 -0.2243 -0.2243 -0.2243 -0.2337 -0.2337 -0.2337 -0.2337 -0.2337 -0.2337 -0.2337 -0.2417 0.0716 0.0716 0.0319 -0.0730 
fb4 = -0.1863 -0.2144 -0.2144 -0.2144 -0.2144 -0.2144 -0.2144 -0.2144 -0.2243 -0.2243 -0.2243 -0.2243 -0.2243 -0.2243 -0.2243 -0.2337 -0.2337 -0.2337 -0.2337 -0.2337 -0.2337 -0.2337 -0.2416 0.0730 0.0730 0.0326 -0.0730 
I = 14.9000 9.4000 9.4000 9.4000 9.4000 9.4000 9.4000 9.4000 6.0000 6.0000 6.0000 6.0000 6.0000 6.0000 6.0000 2.0000 2.0000 2.0000 2.0000 2.0000 2.0000 2.0000 -2.0000 26.1321 26.1321 10.0000 3.2231 
S1 = 0.0000 0.0000 0.0000 0.0000 0.0000 0.0000 0.0000 0.0000 0.0000 0.0000 0.0000 0.0000 0.0000 0.0000 0.0000 0.0000 0.0000 0.0000 0.0000 0.0000 0.0000 0.0000 0.0000 0.0000 0.0000 0.0000 0.0000 
S2 = 0.0000 0.0000 0.0000 0.0000 0.0000 0.0000 0.0000 0.0000 0.0000 0.0000 0.0000 0.0000 0.0000 0.0000 0.0000 0.0000 0.0000 0.0000 0.0000 0.0000 0.0000 0.0000 0.0000 2.1321 2.1321 0.0000 14.2231 
u = 8.1408 7.9820 7.9820 7.9820 7.9820 7.9820 7.9820 7.9820 7.9116 7.9116 7.9116 7.9116 7.9116 7.9116 7.9116 7.8410 7.8410 7.8410 7.8410 7.8410 7.8410 7.8410 7.7789 11.1532 11.1532 11.8181 9.1719 
v = 34.8266 26.2303 26.2303 26.2303 26.2303 26.2303 26.2303 26.2303 23.0420 23.0420 23.0420 23.0420 23.0420 23.0420 23.0420 19.9914 19.9914 19.9914 19.9914 19.9914 19.9914 19.9914 17.3863 74.0124 74.0124 67.2491 27.6109 
