ExternalI = 5.5000 0.0000 0.0000 0.0000 0.0000 0.0000 0.0000 0.0000 4.0000 4.0000 4.0000 4.0000 4.0000 4.0000 4.0000 0.0000 0.0000 0.0000 0.0000 0.0000 0.0000 0.0000 0.0000 8.0000 8.0000 0.0000 0.0000 
before u = 8.1408 7.9820 7.9820 7.9820 7.9820 7.9820 7.9820 7.9820 7.9116 7.9116 7.9116 7.9116 7.9116 7.9116 7.9116 7.8410 7.8410 7.8410 7.8410 7.8410 7.8410 7.8410 7.7789 11.1532 11.1532 11.8181 9.1719 
before v = 34.8266 26.2303 26.2303 26.2303 26.2303 26.2303 26.2303 26.2303 23.0420 23.0420 23.0420 23.0420 23.0420 23.0420 23.0420 19.9914 19.9914 19.9914 19.9914 19.9914 19.9914 19.9914 17.3863 74.0124 74.0124 67.2491 27.6109 
Ibias = 9.4000 9.4000 9.4000 9.4000 9.4000 9.4000 9.4000 9.4000 2.0000 2.0000 2.0000 2.0000 2.0000 2.0000 2.0000 2.0000 2.0000 2.0000 2.0000 2.0000 2.0000 2.0000 -2.0000 16.0000 16.0000 10.0000 -11.0000 
fa1 = 0.7951 0.2482 0.2482 0.2482 0.2482 0.2482 0.2482 0.2482 0.1997 0.1997 0.1997 0.1997 0.1997 0.1997 0.1997 0.1710 0.1710 0.1710 0.1710 0.1710 0.1710 0.1710 0.1535 72.0507 72.0507 37.3323 1.6845 
fa2 = 0.7952 0.2482 0.2482 0.2482 0.2482 0.2482 0.2482 0.2482 0.1997 0.1997 0.1997 0.1997 0.1997 0.1997 0.1997 0.1709 0.1709 0.1709 0.1709 0.1709 0.1709 0.1709 0.1535 73.1078 73.1078 37.7777 1.6782 
fa3 = 0.7952 0.2482 0.2482 0.2482 0.2482 0.2482 0.2482 0.2482 0.1997 0.1997 0.1997 0.1997 0.1997 0.1997 0.1997 0.1709 0.1709 0.1709 0.1709 0.1709 0.1709 0.1709 0.1535 73.1234 73.1234 37.7831 1.6783 
fa4 = 0.7952 0.2481 0.2481 0.2481 0.2481 0.2481 0.2481 0.2481 0.1997 0.1997 0.1997 0.1997 0.1997 0.1997 0.1997 0.1709 0.1709 0.1709 0.1709 0.1709 0.1709 0.1709 0.1534 74.2073 74.2073 38.2369 1.6720 
fb1 = -0.1863 -0.2144 -0.2144 -0.2144 -0.2144 -0.2144 -0.2144 -0.2144 -0.2243 -0.2243 -0.2243 -0.2243 -0.2243 -0.2243 -0.2243 -0.2337 -0.2337 -0.2337 -0.2337 -0.2337 -0.2337 -0.2337 -0.2416 0.0730 0.0730 0.0326 -0.0730 
fb2 = -0.1863 -0.2143 -0.2143 -0.2143 -0.2143 -0.2143 -0.2143 -0.2143 -0.2242 -0.2242 -0.2242 -0.2242 -0.2242 -0.2242 -0.2242 -0.2336 -0.2336 -0.2336 -0.2336 -0.2336 -0.2336 -0.2336 -0.2416 0.0744 0.0744 0.0334 -0.0730 
fb3 = -0.1863 -0.2143 -0.2143 -0.2143 -0.2143 -0.2143 -0.2143 -0.2143 -0.2242 -0.2242 -0.2242 -0.2242 -0.2242 -0.2242 -0.2242 -0.2336 -0.2336 -0.2336 -0.2336 -0.2336 -0.2336 -0.2336 -0.2416 0.0744 0.0744 0.0334 -0.0730 
fb4 = -0.1862 -0.2143 -0.2143 -0.2143 -0.2143 -0.2143 -0.2143 -0.2143 -0.2242 -0.2242 -0.2242 -0.2242 -0.2242 -0.2242 -0.2242 -0.2336 -0.2336 -0.2336 -0.2336 -0.2336 -0.2336 -0.2336 -0.2415 0.0759 0.0759 0.0341 -0.0729 
I = 14.9000 9.4000 9.4000 9.4000 9.4000 9.4000 9.4000 9.4000 6.0000 6.0000 6.0000 6.0000 6.0000 6.0000 6.0000 2.0000 2.0000 2.0000 2.0000 2.0000 2.0000 2.0000 -2.0000 26.1278 26.1278 10.0000 3.1947 
S1 = 0.0000 0.0000 0.0000 0.0000 0.0000 0.0000 0.0000 0.0000 0.0000 0.0000 0.0000 0.0000 0.0000 0.0000 0.0000 0.0000 0.0000 0.0000 0.0000 0.0000 0.0000 0.0000 0.0000 0.0000 0.0000 0.0000 0.0000 
S2 = 0.0000 0.0000 0.0000 0.0000 0.0000 0.0000 0.0000 0.0000 0.0000 0.0000 0.0000 0.0000 0.0000 0.0000 0.0000 0.0000 0.0000 0.0000 0.0000 0.0000 0.0000 0.0000 0.0000 2.1278 2.1278 0.0000 14.1947 
u = 8.1389 7.9799 7.9799 7.9799 7.9799 7.9799 7.9799 7.9799 7.9094 7.9094 7.9094 7.9094 7.9094 7.9094 7.9094 7.8387 7.8387 7.8387 7.8387 7.8387 7.8387 7.8387 7.7765 11.1540 11.1540 11.8184 9.1712 
v = 34.8345 26.2327 26.2327 26.2327 26.2327 26.2327 26.2327 26.2327 23.0440 23.0440 23.0440 23.0440 23.0440 23.0440 23.0440 19.9932 19.9932 19.9932 19.9932 19.9932 19.9932 19.9932 17.3878 74.7436 74.7436 67.6269 27.6277 
