ExternalI = 5.5000 0.0000 0.0000 0.0000 0.0000 0.0000 0.0000 0.0000 4.0000 4.0000 4.0000 4.0000 4.0000 4.0000 4.0000 0.0000 0.0000 0.0000 0.0000 0.0000 0.0000 0.0000 0.0000 8.0000 8.0000 0.0000 0.0000 
before u = 8.1389 7.9799 7.9799 7.9799 7.9799 7.9799 7.9799 7.9799 7.9094 7.9094 7.9094 7.9094 7.9094 7.9094 7.9094 7.8387 7.8387 7.8387 7.8387 7.8387 7.8387 7.8387 7.7765 11.1540 11.1540 11.8184 9.1712 
before v = 34.8345 26.2327 26.2327 26.2327 26.2327 26.2327 26.2327 26.2327 23.0440 23.0440 23.0440 23.0440 23.0440 23.0440 23.0440 19.9932 19.9932 19.9932 19.9932 19.9932 19.9932 19.9932 17.3878 74.7436 74.7436 67.6269 27.6277 
Ibias = 9.4000 9.4000 9.4000 9.4000 9.4000 9.4000 9.4000 9.4000 2.0000 2.0000 2.0000 2.0000 2.0000 2.0000 2.0000 2.0000 2.0000 2.0000 2.0000 2.0000 2.0000 2.0000 -2.0000 16.0000 16.0000 10.0000 -11.0000 
fa1 = 0.7952 0.2481 0.2481 0.2481 0.2481 0.2481 0.2481 0.2481 0.1997 0.1997 0.1997 0.1997 0.1997 0.1997 0.1997 0.1709 0.1709 0.1709 0.1709 0.1709 0.1709 0.1709 0.1534 74.2029 74.2029 38.2368 1.6436 
fa2 = 0.7953 0.2481 0.2481 0.2481 0.2481 0.2481 0.2481 0.2481 0.1996 0.1996 0.1996 0.1996 0.1996 0.1996 0.1996 0.1709 0.1709 0.1709 0.1709 0.1709 0.1709 0.1709 0.1534 75.3135 75.3135 38.6989 1.6375 
fa3 = 0.7953 0.2481 0.2481 0.2481 0.2481 0.2481 0.2481 0.2481 0.1996 0.1996 0.1996 0.1996 0.1996 0.1996 0.1996 0.1709 0.1709 0.1709 0.1709 0.1709 0.1709 0.1709 0.1534 75.3302 75.3302 38.7045 1.6375 
fa4 = 0.7954 0.2480 0.2480 0.2480 0.2480 0.2480 0.2480 0.2480 0.1996 0.1996 0.1996 0.1996 0.1996 0.1996 0.1996 0.1708 0.1708 0.1708 0.1708 0.1708 0.1708 0.1708 0.1534 76.4693 76.4693 39.1753 1.6314 
fb1 = -0.1862 -0.2143 -0.2143 -0.2143 -0.2143 -0.2143 -0.2143 -0.2143 -0.2242 -0.2242 -0.2242 -0.2242 -0.2242 -0.2242 -0.2242 -0.2336 -0.2336 -0.2336 -0.2336 -0.2336 -0.2336 -0.2336 -0.2415 0.0759 0.0759 0.0341 -0.0729 
fb2 = -0.1862 -0.2142 -0.2142 -0.2142 -0.2142 -0.2142 -0.2142 -0.2142 -0.2242 -0.2242 -0.2242 -0.2242 -0.2242 -0.2242 -0.2242 -0.2335 -0.2335 -0.2335 -0.2335 -0.2335 -0.2335 -0.2335 -0.2415 0.0774 0.0774 0.0349 -0.0729 
fb3 = -0.1862 -0.2142 -0.2142 -0.2142 -0.2142 -0.2142 -0.2142 -0.2142 -0.2242 -0.2242 -0.2242 -0.2242 -0.2242 -0.2242 -0.2242 -0.2335 -0.2335 -0.2335 -0.2335 -0.2335 -0.2335 -0.2335 -0.2415 0.0774 0.0774 0.0349 -0.0729 
fb4 = -0.1861 -0.2142 -0.2142 -0.2142 -0.2142 -0.2142 -0.2142 -0.2142 -0.2241 -0.2241 -0.2241 -0.2241 -0.2241 -0.2241 -0.2241 -0.2335 -0.2335 -0.2335 -0.2335 -0.2335 -0.2335 -0.2335 -0.2414 0.0789 0.0789 0.0357 -0.0728 
I = 14.9000 9.4000 9.4000 9.4000 9.4000 9.4000 9.4000 9.4000 6.0000 6.0000 6.0000 6.0000 6.0000 6.0000 6.0000 2.0000 2.0000 2.0000 2.0000 2.0000 2.0000 2.0000 -2.0000 26.1236 26.1236 10.0000 3.1663 
S1 = 0.0000 0.0000 0.0000 0.0000 0.0000 0.0000 0.0000 0.0000 0.0000 0.0000 0.0000 0.0000 0.0000 0.0000 0.0000 0.0000 0.0000 0.0000 0.0000 0.0000 0.0000 0.0000 0.0000 0.0000 0.0000 0.0000 0.0000 
S2 = 0.0000 0.0000 0.0000 0.0000 0.0000 0.0000 0.0000 0.0000 0.0000 0.0000 0.0000 0.0000 0.0000 0.0000 0.0000 0.0000 0.0000 0.0000 0.0000 0.0000 0.0000 0.0000 0.0000 2.1236 2.1236 0.0000 14.1663 
u = 8.1371 7.9778 7.9778 7.9778 7.9778 7.9778 7.9778 7.9778 7.9072 7.9072 7.9072 7.9072 7.9072 7.9072 7.9072 7.8364 7.8364 7.8364 7.8364 7.8364 7.8364 7.8364 7.7741 11.1548 11.1548 11.8188 9.1705 
v = 34.8425 26.2352 26.2352 26.2352 26.2352 26.2352 26.2352 26.2352 23.0460 23.0460 23.0460 23.0460 23.0460 23.0460 23.0460 19.9949 19.9949 19.9949 19.9949 19.9949 19.9949 19.9949 17.3894 75.4968 75.4968 68.0139 27.6440 
