ExternalI = 5.5000 0.0000 0.0000 0.0000 0.0000 0.0000 0.0000 0.0000 4.0000 4.0000 4.0000 4.0000 4.0000 4.0000 4.0000 0.0000 0.0000 0.0000 0.0000 0.0000 0.0000 0.0000 0.0000 8.0000 8.0000 0.0000 0.0000 
before u = 8.1371 7.9778 7.9778 7.9778 7.9778 7.9778 7.9778 7.9778 7.9072 7.9072 7.9072 7.9072 7.9072 7.9072 7.9072 7.8364 7.8364 7.8364 7.8364 7.8364 7.8364 7.8364 7.7741 11.1548 11.1548 11.8188 9.1705 
before v = 34.8425 26.2352 26.2352 26.2352 26.2352 26.2352 26.2352 26.2352 23.0460 23.0460 23.0460 23.0460 23.0460 23.0460 23.0460 19.9949 19.9949 19.9949 19.9949 19.9949 19.9949 19.9949 17.3894 75.4968 75.4968 68.0139 27.6440 
Ibias = 9.4000 9.4000 9.4000 9.4000 9.4000 9.4000 9.4000 9.4000 2.0000 2.0000 2.0000 2.0000 2.0000 2.0000 2.0000 2.0000 2.0000 2.0000 2.0000 2.0000 2.0000 2.0000 -2.0000 16.0000 16.0000 10.0000 -11.0000 
fa1 = 0.7954 0.2480 0.2480 0.2480 0.2480 0.2480 0.2480 0.2480 0.1996 0.1996 0.1996 0.1996 0.1996 0.1996 0.1996 0.1708 0.1708 0.1708 0.1708 0.1708 0.1708 0.1708 0.1534 76.4650 76.4650 39.1753 1.6031 
fa2 = 0.7955 0.2480 0.2480 0.2480 0.2480 0.2480 0.2480 0.2480 0.1996 0.1996 0.1996 0.1996 0.1996 0.1996 0.1996 0.1708 0.1708 0.1708 0.1708 0.1708 0.1708 0.1708 0.1533 77.6326 77.6326 39.6548 1.5971 
fa3 = 0.7955 0.2480 0.2480 0.2480 0.2480 0.2480 0.2480 0.2480 0.1996 0.1996 0.1996 0.1996 0.1996 0.1996 0.1996 0.1708 0.1708 0.1708 0.1708 0.1708 0.1708 0.1708 0.1533 77.6505 77.6505 39.6607 1.5971 
fa4 = 0.7956 0.2480 0.2480 0.2480 0.2480 0.2480 0.2480 0.2480 0.1995 0.1995 0.1995 0.1995 0.1995 0.1995 0.1995 0.1708 0.1708 0.1708 0.1708 0.1708 0.1708 0.1708 0.1533 78.8487 78.8487 40.1494 1.5912 
fb1 = -0.1861 -0.2142 -0.2142 -0.2142 -0.2142 -0.2142 -0.2142 -0.2142 -0.2241 -0.2241 -0.2241 -0.2241 -0.2241 -0.2241 -0.2241 -0.2335 -0.2335 -0.2335 -0.2335 -0.2335 -0.2335 -0.2335 -0.2414 0.0789 0.0789 0.0357 -0.0728 
fb2 = -0.1861 -0.2141 -0.2141 -0.2141 -0.2141 -0.2141 -0.2141 -0.2141 -0.2241 -0.2241 -0.2241 -0.2241 -0.2241 -0.2241 -0.2241 -0.2334 -0.2334 -0.2334 -0.2334 -0.2334 -0.2334 -0.2334 -0.2414 0.0804 0.0804 0.0365 -0.0728 
fb3 = -0.1861 -0.2141 -0.2141 -0.2141 -0.2141 -0.2141 -0.2141 -0.2141 -0.2241 -0.2241 -0.2241 -0.2241 -0.2241 -0.2241 -0.2241 -0.2334 -0.2334 -0.2334 -0.2334 -0.2334 -0.2334 -0.2334 -0.2414 0.0804 0.0804 0.0365 -0.0728 
fb4 = -0.1860 -0.2141 -0.2141 -0.2141 -0.2141 -0.2141 -0.2141 -0.2141 -0.2240 -0.2240 -0.2240 -0.2240 -0.2240 -0.2240 -0.2240 -0.2334 -0.2334 -0.2334 -0.2334 -0.2334 -0.2334 -0.2334 -0.2413 0.0820 0.0820 0.0373 -0.0728 
I = 14.9000 9.4000 9.4000 9.4000 9.4000 9.4000 9.4000 9.4000 6.0000 6.0000 6.0000 6.0000 6.0000 6.0000 6.0000 2.0000 2.0000 2.0000 2.0000 2.0000 2.0000 2.0000 -2.0000 26.1193 26.1193 10.0000 3.1379 
S1 = 0.0000 0.0000 0.0000 0.0000 0.0000 0.0000 0.0000 0.0000 0.0000 0.0000 0.0000 0.0000 0.0000 0.0000 0.0000 0.0000 0.0000 0.0000 0.0000 0.0000 0.0000 0.0000 0.0000 0.0000 0.0000 0.0000 0.0000 
S2 = 0.0000 0.0000 0.0000 0.0000 0.0000 0.0000 0.0000 0.0000 0.0000 0.0000 0.0000 0.0000 0.0000 0.0000 0.0000 0.0000 0.0000 0.0000 0.0000 0.0000 0.0000 0.0000 0.0000 2.1193 2.1193 0.0000 14.1379 
u = 8.1352 7.9756 7.9756 7.9756 7.9756 7.9756 7.9756 7.9756 7.9049 7.9049 7.9049 7.9049 7.9049 7.9049 7.9049 7.8340 7.8340 7.8340 7.8340 7.8340 7.8340 7.8340 7.7717 11.1556 11.1556 11.8191 9.1697 
v = 34.8504 26.2377 26.2377 26.2377 26.2377 26.2377 26.2377 26.2377 23.0480 23.0480 23.0480 23.0480 23.0480 23.0480 23.0480 19.9966 19.9966 19.9966 19.9966 19.9966 19.9966 19.9966 17.3909 76.2733 76.2733 68.4105 27.6600 
