ExternalI = 5.5000 0.0000 0.0000 0.0000 0.0000 0.0000 0.0000 0.0000 4.0000 4.0000 4.0000 4.0000 4.0000 4.0000 4.0000 0.0000 0.0000 0.0000 0.0000 0.0000 0.0000 0.0000 0.0000 8.0000 8.0000 0.0000 0.0000 
before u = 8.1352 7.9756 7.9756 7.9756 7.9756 7.9756 7.9756 7.9756 7.9049 7.9049 7.9049 7.9049 7.9049 7.9049 7.9049 7.8340 7.8340 7.8340 7.8340 7.8340 7.8340 7.8340 7.7717 11.1556 11.1556 11.8191 9.1697 
before v = 34.8504 26.2377 26.2377 26.2377 26.2377 26.2377 26.2377 26.2377 23.0480 23.0480 23.0480 23.0480 23.0480 23.0480 23.0480 19.9966 19.9966 19.9966 19.9966 19.9966 19.9966 19.9966 17.3909 76.2733 76.2733 68.4105 27.6600 
Ibias = 9.4000 9.4000 9.4000 9.4000 9.4000 9.4000 9.4000 9.4000 2.0000 2.0000 2.0000 2.0000 2.0000 2.0000 2.0000 2.0000 2.0000 2.0000 2.0000 2.0000 2.0000 2.0000 -2.0000 16.0000 16.0000 10.0000 -11.0000 
fa1 = 0.7956 0.2480 0.2480 0.2480 0.2480 0.2480 0.2480 0.2480 0.1995 0.1995 0.1995 0.1995 0.1995 0.1995 0.1995 0.1708 0.1708 0.1708 0.1708 0.1708 0.1708 0.1708 0.1533 78.8443 78.8443 40.1493 1.5629 
fa2 = 0.7957 0.2479 0.2479 0.2479 0.2479 0.2479 0.2479 0.2479 0.1995 0.1995 0.1995 0.1995 0.1995 0.1995 0.1995 0.1707 0.1707 0.1707 0.1707 0.1707 0.1707 0.1707 0.1533 80.0729 80.0729 40.6472 1.5572 
fa3 = 0.7957 0.2479 0.2479 0.2479 0.2479 0.2479 0.2479 0.2479 0.1995 0.1995 0.1995 0.1995 0.1995 0.1995 0.1995 0.1707 0.1707 0.1707 0.1707 0.1707 0.1707 0.1707 0.1533 80.0922 80.0922 40.6534 1.5572 
fa4 = 0.7958 0.2479 0.2479 0.2479 0.2479 0.2479 0.2479 0.2479 0.1995 0.1995 0.1995 0.1995 0.1995 0.1995 0.1995 0.1707 0.1707 0.1707 0.1707 0.1707 0.1707 0.1707 0.1533 81.3535 81.3535 41.1609 1.5514 
fb1 = -0.1860 -0.2141 -0.2141 -0.2141 -0.2141 -0.2141 -0.2141 -0.2141 -0.2240 -0.2240 -0.2240 -0.2240 -0.2240 -0.2240 -0.2240 -0.2334 -0.2334 -0.2334 -0.2334 -0.2334 -0.2334 -0.2334 -0.2413 0.0820 0.0820 0.0373 -0.0728 
fb2 = -0.1860 -0.2140 -0.2140 -0.2140 -0.2140 -0.2140 -0.2140 -0.2140 -0.2240 -0.2240 -0.2240 -0.2240 -0.2240 -0.2240 -0.2240 -0.2333 -0.2333 -0.2333 -0.2333 -0.2333 -0.2333 -0.2333 -0.2413 0.0836 0.0836 0.0381 -0.0727 
fb3 = -0.1860 -0.2140 -0.2140 -0.2140 -0.2140 -0.2140 -0.2140 -0.2140 -0.2240 -0.2240 -0.2240 -0.2240 -0.2240 -0.2240 -0.2240 -0.2333 -0.2333 -0.2333 -0.2333 -0.2333 -0.2333 -0.2333 -0.2413 0.0836 0.0836 0.0381 -0.0727 
fb4 = -0.1859 -0.2140 -0.2140 -0.2140 -0.2140 -0.2140 -0.2140 -0.2140 -0.2239 -0.2239 -0.2239 -0.2239 -0.2239 -0.2239 -0.2239 -0.2333 -0.2333 -0.2333 -0.2333 -0.2333 -0.2333 -0.2333 -0.2412 0.0852 0.0852 0.0389 -0.0727 
I = 14.9000 9.4000 9.4000 9.4000 9.4000 9.4000 9.4000 9.4000 6.0000 6.0000 6.0000 6.0000 6.0000 6.0000 6.0000 2.0000 2.0000 2.0000 2.0000 2.0000 2.0000 2.0000 -2.0000 26.1151 26.1151 10.0000 3.1097 
S1 = 0.0000 0.0000 0.0000 0.0000 0.0000 0.0000 0.0000 0.0000 0.0000 0.0000 0.0000 0.0000 0.0000 0.0000 0.0000 0.0000 0.0000 0.0000 0.0000 0.0000 0.0000 0.0000 0.0000 0.0000 0.0000 0.0000 0.0000 
S2 = 0.0000 0.0000 0.0000 0.0000 0.0000 0.0000 0.0000 0.0000 0.0000 0.0000 0.0000 0.0000 0.0000 0.0000 0.0000 0.0000 0.0000 0.0000 0.0000 0.0000 0.0000 0.0000 0.0000 2.1151 2.1151 0.0000 14.1097 
u = 8.1334 7.9735 7.9735 7.9735 7.9735 7.9735 7.9735 7.9735 7.9027 7.9027 7.9027 7.9027 7.9027 7.9027 7.9027 7.8317 7.8317 7.8317 7.8317 7.8317 7.8317 7.8317 7.7693 11.1564 11.1564 11.8195 9.1690 
v = 34.8584 26.2402 26.2402 26.2402 26.2402 26.2402 26.2402 26.2402 23.0500 23.0500 23.0500 23.0500 23.0500 23.0500 23.0500 19.9983 19.9983 19.9983 19.9983 19.9983 19.9983 19.9983 17.3924 77.0742 77.0742 68.8171 27.6756 
