ExternalI = 5.5000 0.0000 0.0000 0.0000 0.0000 0.0000 0.0000 0.0000 4.0000 4.0000 4.0000 4.0000 4.0000 4.0000 4.0000 0.0000 0.0000 0.0000 0.0000 0.0000 0.0000 0.0000 0.0000 8.0000 8.0000 0.0000 0.0000 
before u = 8.1334 7.9735 7.9735 7.9735 7.9735 7.9735 7.9735 7.9735 7.9027 7.9027 7.9027 7.9027 7.9027 7.9027 7.9027 7.8317 7.8317 7.8317 7.8317 7.8317 7.8317 7.8317 7.7693 11.1564 11.1564 11.8195 9.1690 
before v = 34.8584 26.2402 26.2402 26.2402 26.2402 26.2402 26.2402 26.2402 23.0500 23.0500 23.0500 23.0500 23.0500 23.0500 23.0500 19.9983 19.9983 19.9983 19.9983 19.9983 19.9983 19.9983 17.3924 77.0742 77.0742 68.8171 27.6756 
Ibias = 9.4000 9.4000 9.4000 9.4000 9.4000 9.4000 9.4000 9.4000 2.0000 2.0000 2.0000 2.0000 2.0000 2.0000 2.0000 2.0000 2.0000 2.0000 2.0000 2.0000 2.0000 2.0000 -2.0000 16.0000 16.0000 10.0000 -11.0000 
fa1 = 0.7958 0.2479 0.2479 0.2479 0.2479 0.2479 0.2479 0.2479 0.1995 0.1995 0.1995 0.1995 0.1995 0.1995 0.1995 0.1707 0.1707 0.1707 0.1707 0.1707 0.1707 0.1707 0.1533 81.3491 81.3491 41.1608 1.5232 
fa2 = 0.7959 0.2478 0.2478 0.2478 0.2478 0.2478 0.2478 0.2478 0.1994 0.1994 0.1994 0.1994 0.1994 0.1994 0.1994 0.1707 0.1707 0.1707 0.1707 0.1707 0.1707 0.1707 0.1532 82.6430 82.6430 41.6779 1.5176 
fa3 = 0.7959 0.2478 0.2478 0.2478 0.2478 0.2478 0.2478 0.2478 0.1994 0.1994 0.1994 0.1994 0.1994 0.1994 0.1994 0.1707 0.1707 0.1707 0.1707 0.1707 0.1707 0.1707 0.1532 82.6637 82.6637 41.6844 1.5176 
fa4 = 0.7959 0.2478 0.2478 0.2478 0.2478 0.2478 0.2478 0.2478 0.1994 0.1994 0.1994 0.1994 0.1994 0.1994 0.1994 0.1707 0.1707 0.1707 0.1707 0.1707 0.1707 0.1707 0.1532 83.9927 83.9927 42.2117 1.5120 
fb1 = -0.1859 -0.2140 -0.2140 -0.2140 -0.2140 -0.2140 -0.2140 -0.2140 -0.2239 -0.2239 -0.2239 -0.2239 -0.2239 -0.2239 -0.2239 -0.2333 -0.2333 -0.2333 -0.2333 -0.2333 -0.2333 -0.2333 -0.2412 0.0852 0.0852 0.0389 -0.0727 
fb2 = -0.1858 -0.2139 -0.2139 -0.2139 -0.2139 -0.2139 -0.2139 -0.2139 -0.2239 -0.2239 -0.2239 -0.2239 -0.2239 -0.2239 -0.2239 -0.2332 -0.2332 -0.2332 -0.2332 -0.2332 -0.2332 -0.2332 -0.2412 0.0868 0.0868 0.0397 -0.0726 
fb3 = -0.1858 -0.2139 -0.2139 -0.2139 -0.2139 -0.2139 -0.2139 -0.2139 -0.2239 -0.2239 -0.2239 -0.2239 -0.2239 -0.2239 -0.2239 -0.2332 -0.2332 -0.2332 -0.2332 -0.2332 -0.2332 -0.2332 -0.2412 0.0868 0.0868 0.0397 -0.0726 
fb4 = -0.1858 -0.2139 -0.2139 -0.2139 -0.2139 -0.2139 -0.2139 -0.2139 -0.2238 -0.2238 -0.2238 -0.2238 -0.2238 -0.2238 -0.2238 -0.2332 -0.2332 -0.2332 -0.2332 -0.2332 -0.2332 -0.2332 -0.2411 0.0885 0.0885 0.0405 -0.0726 
I = 14.9000 9.4000 9.4000 9.4000 9.4000 9.4000 9.4000 9.4000 6.0000 6.0000 6.0000 6.0000 6.0000 6.0000 6.0000 2.0000 2.0000 2.0000 2.0000 2.0000 2.0000 2.0000 -2.0000 26.1109 26.1109 10.0000 3.0814 
S1 = 0.0000 0.0000 0.0000 0.0000 0.0000 0.0000 0.0000 0.0000 0.0000 0.0000 0.0000 0.0000 0.0000 0.0000 0.0000 0.0000 0.0000 0.0000 0.0000 0.0000 0.0000 0.0000 0.0000 0.0000 0.0000 0.0000 0.0000 
S2 = 0.0000 0.0000 0.0000 0.0000 0.0000 0.0000 0.0000 0.0000 0.0000 0.0000 0.0000 0.0000 0.0000 0.0000 0.0000 0.0000 0.0000 0.0000 0.0000 0.0000 0.0000 0.0000 0.0000 2.1109 2.1109 0.0000 14.0814 
u = 8.1315 7.9713 7.9713 7.9713 7.9713 7.9713 7.9713 7.9713 7.9004 7.9004 7.9004 7.9004 7.9004 7.9004 7.9004 7.8294 7.8294 7.8294 7.8294 7.8294 7.8294 7.8294 7.7669 11.1573 11.1573 11.8199 9.1683 
v = 34.8663 26.2427 26.2427 26.2427 26.2427 26.2427 26.2427 26.2427 23.0520 23.0520 23.0520 23.0520 23.0520 23.0520 23.0520 20.0000 20.0000 20.0000 20.0000 20.0000 20.0000 20.0000 17.3940 77.9008 77.9008 69.2339 27.6907 
