ExternalI = 5.5000 0.0000 0.0000 0.0000 0.0000 0.0000 0.0000 0.0000 4.0000 4.0000 4.0000 4.0000 4.0000 4.0000 4.0000 0.0000 0.0000 0.0000 0.0000 0.0000 0.0000 0.0000 0.0000 8.0000 8.0000 0.0000 0.0000 
before u = 8.1315 7.9713 7.9713 7.9713 7.9713 7.9713 7.9713 7.9713 7.9004 7.9004 7.9004 7.9004 7.9004 7.9004 7.9004 7.8294 7.8294 7.8294 7.8294 7.8294 7.8294 7.8294 7.7669 11.1573 11.1573 11.8199 9.1683 
before v = 34.8663 26.2427 26.2427 26.2427 26.2427 26.2427 26.2427 26.2427 23.0520 23.0520 23.0520 23.0520 23.0520 23.0520 23.0520 20.0000 20.0000 20.0000 20.0000 20.0000 20.0000 20.0000 17.3940 77.9008 77.9008 69.2339 27.6907 
Ibias = 9.4000 9.4000 9.4000 9.4000 9.4000 9.4000 9.4000 9.4000 2.0000 2.0000 2.0000 2.0000 2.0000 2.0000 2.0000 2.0000 2.0000 2.0000 2.0000 2.0000 2.0000 2.0000 -2.0000 16.0000 16.0000 10.0000 -11.0000 
fa1 = 0.7959 0.2478 0.2478 0.2478 0.2478 0.2478 0.2478 0.2478 0.1994 0.1994 0.1994 0.1994 0.1994 0.1994 0.1994 0.1707 0.1707 0.1707 0.1707 0.1707 0.1707 0.1707 0.1532 83.9883 83.9883 42.2117 1.4838 
fa2 = 0.7960 0.2477 0.2477 0.2477 0.2477 0.2477 0.2477 0.2477 0.1994 0.1994 0.1994 0.1994 0.1994 0.1994 0.1994 0.1706 0.1706 0.1706 0.1706 0.1706 0.1706 0.1706 0.1532 85.3522 85.3522 42.7491 1.4784 
fa3 = 0.7960 0.2477 0.2477 0.2477 0.2477 0.2477 0.2477 0.2477 0.1994 0.1994 0.1994 0.1994 0.1994 0.1994 0.1994 0.1706 0.1706 0.1706 0.1706 0.1706 0.1706 0.1706 0.1532 85.3744 85.3744 42.7559 1.4784 
fa4 = 0.7961 0.2477 0.2477 0.2477 0.2477 0.2477 0.2477 0.2477 0.1993 0.1993 0.1993 0.1993 0.1993 0.1993 0.1993 0.1706 0.1706 0.1706 0.1706 0.1706 0.1706 0.1706 0.1532 86.7759 86.7759 43.3040 1.4730 
fb1 = -0.1858 -0.2139 -0.2139 -0.2139 -0.2139 -0.2139 -0.2139 -0.2139 -0.2238 -0.2238 -0.2238 -0.2238 -0.2238 -0.2238 -0.2238 -0.2332 -0.2332 -0.2332 -0.2332 -0.2332 -0.2332 -0.2332 -0.2411 0.0885 0.0885 0.0405 -0.0726 
fb2 = -0.1857 -0.2138 -0.2138 -0.2138 -0.2138 -0.2138 -0.2138 -0.2138 -0.2238 -0.2238 -0.2238 -0.2238 -0.2238 -0.2238 -0.2238 -0.2331 -0.2331 -0.2331 -0.2331 -0.2331 -0.2331 -0.2331 -0.2410 0.0901 0.0901 0.0414 -0.0726 
fb3 = -0.1857 -0.2138 -0.2138 -0.2138 -0.2138 -0.2138 -0.2138 -0.2138 -0.2238 -0.2238 -0.2238 -0.2238 -0.2238 -0.2238 -0.2238 -0.2331 -0.2331 -0.2331 -0.2331 -0.2331 -0.2331 -0.2331 -0.2410 0.0902 0.0902 0.0414 -0.0726 
fb4 = -0.1857 -0.2138 -0.2138 -0.2138 -0.2138 -0.2138 -0.2138 -0.2138 -0.2237 -0.2237 -0.2237 -0.2237 -0.2237 -0.2237 -0.2237 -0.2331 -0.2331 -0.2331 -0.2331 -0.2331 -0.2331 -0.2331 -0.2410 0.0919 0.0919 0.0422 -0.0725 
I = 14.9000 9.4000 9.4000 9.4000 9.4000 9.4000 9.4000 9.4000 6.0000 6.0000 6.0000 6.0000 6.0000 6.0000 6.0000 2.0000 2.0000 2.0000 2.0000 2.0000 2.0000 2.0000 -2.0000 26.1067 26.1067 10.0000 3.0533 
S1 = 0.0000 0.0000 0.0000 0.0000 0.0000 0.0000 0.0000 0.0000 0.0000 0.0000 0.0000 0.0000 0.0000 0.0000 0.0000 0.0000 0.0000 0.0000 0.0000 0.0000 0.0000 0.0000 0.0000 0.0000 0.0000 0.0000 0.0000 
S2 = 0.0000 0.0000 0.0000 0.0000 0.0000 0.0000 0.0000 0.0000 0.0000 0.0000 0.0000 0.0000 0.0000 0.0000 0.0000 0.0000 0.0000 0.0000 0.0000 0.0000 0.0000 0.0000 0.0000 2.1067 2.1067 0.0000 14.0533 
u = 8.1296 7.9692 7.9692 7.9692 7.9692 7.9692 7.9692 7.9692 7.8982 7.8982 7.8982 7.8982 7.8982 7.8982 7.8982 7.8270 7.8270 7.8270 7.8270 7.8270 7.8270 7.8270 7.7645 11.1582 11.1582 11.8203 9.1676 
v = 34.8743 26.2451 26.2451 26.2451 26.2451 26.2451 26.2451 26.2451 23.0539 23.0539 23.0539 23.0539 23.0539 23.0539 23.0539 20.0017 20.0017 20.0017 20.0017 20.0017 20.0017 20.0017 17.3955 78.7545 78.7545 69.6614 27.7055 
