ExternalI = 5.5000 0.0000 0.0000 0.0000 0.0000 0.0000 0.0000 0.0000 4.0000 4.0000 4.0000 4.0000 4.0000 4.0000 4.0000 0.0000 0.0000 0.0000 0.0000 0.0000 0.0000 0.0000 0.0000 8.0000 8.0000 0.0000 0.0000 
before u = 8.1296 7.9692 7.9692 7.9692 7.9692 7.9692 7.9692 7.9692 7.8982 7.8982 7.8982 7.8982 7.8982 7.8982 7.8982 7.8270 7.8270 7.8270 7.8270 7.8270 7.8270 7.8270 7.7645 11.1582 11.1582 11.8203 9.1676 
before v = 34.8743 26.2451 26.2451 26.2451 26.2451 26.2451 26.2451 26.2451 23.0539 23.0539 23.0539 23.0539 23.0539 23.0539 23.0539 20.0017 20.0017 20.0017 20.0017 20.0017 20.0017 20.0017 17.3955 78.7545 78.7545 69.6614 27.7055 
Ibias = 9.4000 9.4000 9.4000 9.4000 9.4000 9.4000 9.4000 9.4000 2.0000 2.0000 2.0000 2.0000 2.0000 2.0000 2.0000 2.0000 2.0000 2.0000 2.0000 2.0000 2.0000 2.0000 -2.0000 16.0000 16.0000 10.0000 -11.0000 
fa1 = 0.7961 0.2477 0.2477 0.2477 0.2477 0.2477 0.2477 0.2477 0.1993 0.1993 0.1993 0.1993 0.1993 0.1993 0.1993 0.1706 0.1706 0.1706 0.1706 0.1706 0.1706 0.1706 0.1532 86.7715 86.7715 43.3040 1.4449 
fa2 = 0.7962 0.2476 0.2476 0.2476 0.2476 0.2476 0.2476 0.2476 0.1993 0.1993 0.1993 0.1993 0.1993 0.1993 0.1993 0.1706 0.1706 0.1706 0.1706 0.1706 0.1706 0.1706 0.1531 88.2105 88.2105 43.8627 1.4396 
fa3 = 0.7962 0.2476 0.2476 0.2476 0.2476 0.2476 0.2476 0.2476 0.1993 0.1993 0.1993 0.1993 0.1993 0.1993 0.1993 0.1706 0.1706 0.1706 0.1706 0.1706 0.1706 0.1706 0.1531 88.2345 88.2345 43.8700 1.4396 
fa4 = 0.7963 0.2476 0.2476 0.2476 0.2476 0.2476 0.2476 0.2476 0.1993 0.1993 0.1993 0.1993 0.1993 0.1993 0.1993 0.1705 0.1705 0.1705 0.1705 0.1705 0.1705 0.1705 0.1531 89.7138 89.7138 44.4400 1.4343 
fb1 = -0.1857 -0.2138 -0.2138 -0.2138 -0.2138 -0.2138 -0.2138 -0.2138 -0.2237 -0.2237 -0.2237 -0.2237 -0.2237 -0.2237 -0.2237 -0.2331 -0.2331 -0.2331 -0.2331 -0.2331 -0.2331 -0.2331 -0.2410 0.0919 0.0919 0.0422 -0.0725 
fb2 = -0.1856 -0.2137 -0.2137 -0.2137 -0.2137 -0.2137 -0.2137 -0.2137 -0.2237 -0.2237 -0.2237 -0.2237 -0.2237 -0.2237 -0.2237 -0.2330 -0.2330 -0.2330 -0.2330 -0.2330 -0.2330 -0.2330 -0.2409 0.0936 0.0936 0.0431 -0.0725 
fb3 = -0.1856 -0.2137 -0.2137 -0.2137 -0.2137 -0.2137 -0.2137 -0.2137 -0.2237 -0.2237 -0.2237 -0.2237 -0.2237 -0.2237 -0.2237 -0.2330 -0.2330 -0.2330 -0.2330 -0.2330 -0.2330 -0.2330 -0.2409 0.0936 0.0936 0.0431 -0.0725 
fb4 = -0.1856 -0.2137 -0.2137 -0.2137 -0.2137 -0.2137 -0.2137 -0.2137 -0.2236 -0.2236 -0.2236 -0.2236 -0.2236 -0.2236 -0.2236 -0.2330 -0.2330 -0.2330 -0.2330 -0.2330 -0.2330 -0.2330 -0.2409 0.0954 0.0954 0.0440 -0.0725 
I = 14.9000 9.4000 9.4000 9.4000 9.4000 9.4000 9.4000 9.4000 6.0000 6.0000 6.0000 6.0000 6.0000 6.0000 6.0000 2.0000 2.0000 2.0000 2.0000 2.0000 2.0000 2.0000 -2.0000 26.1024 26.1024 10.0000 3.0252 
S1 = 0.0000 0.0000 0.0000 0.0000 0.0000 0.0000 0.0000 0.0000 0.0000 0.0000 0.0000 0.0000 0.0000 0.0000 0.0000 0.0000 0.0000 0.0000 0.0000 0.0000 0.0000 0.0000 0.0000 0.0000 0.0000 0.0000 0.0000 
S2 = 0.0000 0.0000 0.0000 0.0000 0.0000 0.0000 0.0000 0.0000 0.0000 0.0000 0.0000 0.0000 0.0000 0.0000 0.0000 0.0000 0.0000 0.0000 0.0000 0.0000 0.0000 0.0000 0.0000 2.1024 2.1024 0.0000 14.0252 
u = 8.1278 7.9671 7.9671 7.9671 7.9671 7.9671 7.9671 7.9671 7.8960 7.8960 7.8960 7.8960 7.8960 7.8960 7.8960 7.8247 7.8247 7.8247 7.8247 7.8247 7.8247 7.8247 7.7621 11.1591 11.1591 11.8208 9.1668 
v = 34.8823 26.2476 26.2476 26.2476 26.2476 26.2476 26.2476 26.2476 23.0559 23.0559 23.0559 23.0559 23.0559 23.0559 23.0559 20.0034 20.0034 20.0034 20.0034 20.0034 20.0034 20.0034 17.3970 79.6368 79.6368 70.1001 27.7199 
