ExternalI = 5.5000 0.0000 0.0000 0.0000 0.0000 0.0000 0.0000 0.0000 4.0000 4.0000 4.0000 4.0000 4.0000 4.0000 4.0000 0.0000 0.0000 0.0000 0.0000 0.0000 0.0000 0.0000 0.0000 8.0000 8.0000 0.0000 0.0000 
before u = 8.1278 7.9671 7.9671 7.9671 7.9671 7.9671 7.9671 7.9671 7.8960 7.8960 7.8960 7.8960 7.8960 7.8960 7.8960 7.8247 7.8247 7.8247 7.8247 7.8247 7.8247 7.8247 7.7621 11.1591 11.1591 11.8208 9.1668 
before v = 34.8823 26.2476 26.2476 26.2476 26.2476 26.2476 26.2476 26.2476 23.0559 23.0559 23.0559 23.0559 23.0559 23.0559 23.0559 20.0034 20.0034 20.0034 20.0034 20.0034 20.0034 20.0034 17.3970 79.6368 79.6368 70.1001 27.7199 
Ibias = 9.4000 9.4000 9.4000 9.4000 9.4000 9.4000 9.4000 9.4000 2.0000 2.0000 2.0000 2.0000 2.0000 2.0000 2.0000 2.0000 2.0000 2.0000 2.0000 2.0000 2.0000 2.0000 -2.0000 16.0000 16.0000 10.0000 -11.0000 
fa1 = 0.7963 0.2476 0.2476 0.2476 0.2476 0.2476 0.2476 0.2476 0.1993 0.1993 0.1993 0.1993 0.1993 0.1993 0.1993 0.1705 0.1705 0.1705 0.1705 0.1705 0.1705 0.1705 0.1531 89.7094 89.7094 44.4399 1.4063 
fa2 = 0.7964 0.2475 0.2475 0.2475 0.2475 0.2475 0.2475 0.2475 0.1992 0.1992 0.1992 0.1992 0.1992 0.1992 0.1992 0.1705 0.1705 0.1705 0.1705 0.1705 0.1705 0.1705 0.1531 91.2290 91.2290 45.0212 1.4011 
fa3 = 0.7964 0.2475 0.2475 0.2475 0.2475 0.2475 0.2475 0.2475 0.1992 0.1992 0.1992 0.1992 0.1992 0.1992 0.1992 0.1705 0.1705 0.1705 0.1705 0.1705 0.1705 0.1705 0.1531 91.2549 91.2549 45.0288 1.4012 
fa4 = 0.7965 0.2475 0.2475 0.2475 0.2475 0.2475 0.2475 0.2475 0.1992 0.1992 0.1992 0.1992 0.1992 0.1992 0.1992 0.1705 0.1705 0.1705 0.1705 0.1705 0.1705 0.1705 0.1531 92.8179 92.8179 45.6220 1.3960 
fb1 = -0.1856 -0.2137 -0.2137 -0.2137 -0.2137 -0.2137 -0.2137 -0.2137 -0.2236 -0.2236 -0.2236 -0.2236 -0.2236 -0.2236 -0.2236 -0.2330 -0.2330 -0.2330 -0.2330 -0.2330 -0.2330 -0.2330 -0.2409 0.0954 0.0954 0.0440 -0.0725 
fb2 = -0.1855 -0.2136 -0.2136 -0.2136 -0.2136 -0.2136 -0.2136 -0.2136 -0.2236 -0.2236 -0.2236 -0.2236 -0.2236 -0.2236 -0.2236 -0.2329 -0.2329 -0.2329 -0.2329 -0.2329 -0.2329 -0.2329 -0.2408 0.0971 0.0971 0.0449 -0.0724 
fb3 = -0.1855 -0.2136 -0.2136 -0.2136 -0.2136 -0.2136 -0.2136 -0.2136 -0.2236 -0.2236 -0.2236 -0.2236 -0.2236 -0.2236 -0.2236 -0.2329 -0.2329 -0.2329 -0.2329 -0.2329 -0.2329 -0.2329 -0.2408 0.0972 0.0972 0.0449 -0.0724 
fb4 = -0.1855 -0.2136 -0.2136 -0.2136 -0.2136 -0.2136 -0.2136 -0.2136 -0.2235 -0.2235 -0.2235 -0.2235 -0.2235 -0.2235 -0.2235 -0.2329 -0.2329 -0.2329 -0.2329 -0.2329 -0.2329 -0.2329 -0.2408 0.0990 0.0990 0.0458 -0.0724 
I = 14.9000 9.4000 9.4000 9.4000 9.4000 9.4000 9.4000 9.4000 6.0000 6.0000 6.0000 6.0000 6.0000 6.0000 6.0000 2.0000 2.0000 2.0000 2.0000 2.0000 2.0000 2.0000 -2.0000 26.0982 26.0982 10.0000 2.9971 
S1 = 0.0000 0.0000 0.0000 0.0000 0.0000 0.0000 0.0000 0.0000 0.0000 0.0000 0.0000 0.0000 0.0000 0.0000 0.0000 0.0000 0.0000 0.0000 0.0000 0.0000 0.0000 0.0000 0.0000 0.0000 0.0000 0.0000 0.0000 
S2 = 0.0000 0.0000 0.0000 0.0000 0.0000 0.0000 0.0000 0.0000 0.0000 0.0000 0.0000 0.0000 0.0000 0.0000 0.0000 0.0000 0.0000 0.0000 0.0000 0.0000 0.0000 0.0000 0.0000 2.0982 2.0982 0.0000 13.9971 
u = 8.1259 7.9649 7.9649 7.9649 7.9649 7.9649 7.9649 7.9649 7.8937 7.8937 7.8937 7.8937 7.8937 7.8937 7.8937 7.8224 7.8224 7.8224 7.8224 7.8224 7.8224 7.8224 7.7597 11.1601 11.1601 11.8212 9.1661 
v = 34.8902 26.2501 26.2501 26.2501 26.2501 26.2501 26.2501 26.2501 23.0579 23.0579 23.0579 23.0579 23.0579 23.0579 23.0579 20.0051 20.0051 20.0051 20.0051 20.0051 20.0051 20.0051 17.3986 80.5493 80.5493 70.5504 27.7339 
