ExternalI = 5.5000 0.0000 0.0000 0.0000 0.0000 0.0000 0.0000 0.0000 4.0000 4.0000 4.0000 4.0000 4.0000 4.0000 4.0000 0.0000 0.0000 0.0000 0.0000 0.0000 0.0000 0.0000 0.0000 8.0000 8.0000 0.0000 0.0000 
before u = 8.1259 7.9649 7.9649 7.9649 7.9649 7.9649 7.9649 7.9649 7.8937 7.8937 7.8937 7.8937 7.8937 7.8937 7.8937 7.8224 7.8224 7.8224 7.8224 7.8224 7.8224 7.8224 7.7597 11.1601 11.1601 11.8212 9.1661 
before v = 34.8902 26.2501 26.2501 26.2501 26.2501 26.2501 26.2501 26.2501 23.0579 23.0579 23.0579 23.0579 23.0579 23.0579 23.0579 20.0051 20.0051 20.0051 20.0051 20.0051 20.0051 20.0051 17.3986 80.5493 80.5493 70.5504 27.7339 
Ibias = 9.4000 9.4000 9.4000 9.4000 9.4000 9.4000 9.4000 9.4000 2.0000 2.0000 2.0000 2.0000 2.0000 2.0000 2.0000 2.0000 2.0000 2.0000 2.0000 2.0000 2.0000 2.0000 -2.0000 16.0000 16.0000 10.0000 -11.0000 
fa1 = 0.7965 0.2475 0.2475 0.2475 0.2475 0.2475 0.2475 0.2475 0.1992 0.1992 0.1992 0.1992 0.1992 0.1992 0.1992 0.1705 0.1705 0.1705 0.1705 0.1705 0.1705 0.1705 0.1531 92.8135 92.8135 45.6219 1.3681 
fa2 = 0.7966 0.2474 0.2474 0.2474 0.2474 0.2474 0.2474 0.2474 0.1992 0.1992 0.1992 0.1992 0.1992 0.1992 0.1992 0.1705 0.1705 0.1705 0.1705 0.1705 0.1705 0.1705 0.1530 94.4198 94.4198 46.2269 1.3631 
fa3 = 0.7966 0.2474 0.2474 0.2474 0.2474 0.2474 0.2474 0.2474 0.1992 0.1992 0.1992 0.1992 0.1992 0.1992 0.1992 0.1705 0.1705 0.1705 0.1705 0.1705 0.1705 0.1705 0.1530 94.4478 94.4478 46.2349 1.3631 
fa4 = 0.7967 0.2474 0.2474 0.2474 0.2474 0.2474 0.2474 0.2474 0.1991 0.1991 0.1991 0.1991 0.1991 0.1991 0.1991 0.1704 0.1704 0.1704 0.1704 0.1704 0.1704 0.1704 0.1530 96.1009 96.1009 46.8525 1.3581 
fb1 = -0.1855 -0.2136 -0.2136 -0.2136 -0.2136 -0.2136 -0.2136 -0.2136 -0.2235 -0.2235 -0.2235 -0.2235 -0.2235 -0.2235 -0.2235 -0.2329 -0.2329 -0.2329 -0.2329 -0.2329 -0.2329 -0.2329 -0.2408 0.0990 0.0990 0.0458 -0.0724 
fb2 = -0.1854 -0.2135 -0.2135 -0.2135 -0.2135 -0.2135 -0.2135 -0.2135 -0.2235 -0.2235 -0.2235 -0.2235 -0.2235 -0.2235 -0.2235 -0.2328 -0.2328 -0.2328 -0.2328 -0.2328 -0.2328 -0.2328 -0.2407 0.1008 0.1008 0.0467 -0.0724 
fb3 = -0.1854 -0.2135 -0.2135 -0.2135 -0.2135 -0.2135 -0.2135 -0.2135 -0.2235 -0.2235 -0.2235 -0.2235 -0.2235 -0.2235 -0.2235 -0.2328 -0.2328 -0.2328 -0.2328 -0.2328 -0.2328 -0.2328 -0.2407 0.1009 0.1009 0.0467 -0.0724 
fb4 = -0.1854 -0.2135 -0.2135 -0.2135 -0.2135 -0.2135 -0.2135 -0.2135 -0.2234 -0.2234 -0.2234 -0.2234 -0.2234 -0.2234 -0.2234 -0.2328 -0.2328 -0.2328 -0.2328 -0.2328 -0.2328 -0.2328 -0.2407 0.1028 0.1028 0.0476 -0.0723 
I = 14.9000 9.4000 9.4000 9.4000 9.4000 9.4000 9.4000 9.4000 6.0000 6.0000 6.0000 6.0000 6.0000 6.0000 6.0000 2.0000 2.0000 2.0000 2.0000 2.0000 2.0000 2.0000 -2.0000 26.0940 26.0940 10.0000 2.9691 
S1 = 0.0000 0.0000 0.0000 0.0000 0.0000 0.0000 0.0000 0.0000 0.0000 0.0000 0.0000 0.0000 0.0000 0.0000 0.0000 0.0000 0.0000 0.0000 0.0000 0.0000 0.0000 0.0000 0.0000 0.0000 0.0000 0.0000 0.0000 
S2 = 0.0000 0.0000 0.0000 0.0000 0.0000 0.0000 0.0000 0.0000 0.0000 0.0000 0.0000 0.0000 0.0000 0.0000 0.0000 0.0000 0.0000 0.0000 0.0000 0.0000 0.0000 0.0000 0.0000 2.0940 2.0940 0.0000 13.9691 
u = 8.1241 7.9628 7.9628 7.9628 7.9628 7.9628 7.9628 7.9628 7.8915 7.8915 7.8915 7.8915 7.8915 7.8915 7.8915 7.8200 7.8200 7.8200 7.8200 7.8200 7.8200 7.8200 7.7572 11.1611 11.1611 11.8217 9.1654 
v = 34.8982 26.2526 26.2526 26.2526 26.2526 26.2526 26.2526 26.2526 23.0599 23.0599 23.0599 23.0599 23.0599 23.0599 23.0599 20.0068 20.0068 20.0068 20.0068 20.0068 20.0068 20.0068 17.4001 81.4937 81.4937 71.0127 27.7476 
