ExternalI = 5.5000 0.0000 0.0000 0.0000 0.0000 0.0000 0.0000 0.0000 4.0000 4.0000 4.0000 4.0000 4.0000 4.0000 4.0000 0.0000 0.0000 0.0000 0.0000 0.0000 0.0000 0.0000 0.0000 8.0000 8.0000 0.0000 0.0000 
before u = 8.1241 7.9628 7.9628 7.9628 7.9628 7.9628 7.9628 7.9628 7.8915 7.8915 7.8915 7.8915 7.8915 7.8915 7.8915 7.8200 7.8200 7.8200 7.8200 7.8200 7.8200 7.8200 7.7572 11.1611 11.1611 11.8217 9.1654 
before v = 34.8982 26.2526 26.2526 26.2526 26.2526 26.2526 26.2526 26.2526 23.0599 23.0599 23.0599 23.0599 23.0599 23.0599 23.0599 20.0068 20.0068 20.0068 20.0068 20.0068 20.0068 20.0068 17.4001 81.4937 81.4937 71.0127 27.7476 
Ibias = 9.4000 9.4000 9.4000 9.4000 9.4000 9.4000 9.4000 9.4000 2.0000 2.0000 2.0000 2.0000 2.0000 2.0000 2.0000 2.0000 2.0000 2.0000 2.0000 2.0000 2.0000 2.0000 -2.0000 16.0000 16.0000 10.0000 -11.0000 
fa1 = 0.7967 0.2474 0.2474 0.2474 0.2474 0.2474 0.2474 0.2474 0.1991 0.1991 0.1991 0.1991 0.1991 0.1991 0.1991 0.1704 0.1704 0.1704 0.1704 0.1704 0.1704 0.1704 0.1530 96.0965 96.0965 46.8524 1.3302 
fa2 = 0.7968 0.2474 0.2474 0.2474 0.2474 0.2474 0.2474 0.2474 0.1991 0.1991 0.1991 0.1991 0.1991 0.1991 0.1991 0.1704 0.1704 0.1704 0.1704 0.1704 0.1704 0.1704 0.1530 97.7963 97.7963 47.4824 1.3254 
fa3 = 0.7968 0.2474 0.2474 0.2474 0.2474 0.2474 0.2474 0.2474 0.1991 0.1991 0.1991 0.1991 0.1991 0.1991 0.1991 0.1704 0.1704 0.1704 0.1704 0.1704 0.1704 0.1704 0.1530 97.8265 97.8265 47.4909 1.3254 
fa4 = 0.7969 0.2473 0.2473 0.2473 0.2473 0.2473 0.2473 0.2473 0.1991 0.1991 0.1991 0.1991 0.1991 0.1991 0.1991 0.1704 0.1704 0.1704 0.1704 0.1704 0.1704 0.1704 0.1529 99.5767 99.5767 48.1342 1.3206 
fb1 = -0.1854 -0.2135 -0.2135 -0.2135 -0.2135 -0.2135 -0.2135 -0.2135 -0.2234 -0.2234 -0.2234 -0.2234 -0.2234 -0.2234 -0.2234 -0.2328 -0.2328 -0.2328 -0.2328 -0.2328 -0.2328 -0.2328 -0.2407 0.1028 0.1028 0.0476 -0.0723 
fb2 = -0.1853 -0.2135 -0.2135 -0.2135 -0.2135 -0.2135 -0.2135 -0.2135 -0.2234 -0.2234 -0.2234 -0.2234 -0.2234 -0.2234 -0.2234 -0.2327 -0.2327 -0.2327 -0.2327 -0.2327 -0.2327 -0.2327 -0.2406 0.1047 0.1047 0.0485 -0.0723 
fb3 = -0.1853 -0.2135 -0.2135 -0.2135 -0.2135 -0.2135 -0.2135 -0.2135 -0.2234 -0.2234 -0.2234 -0.2234 -0.2234 -0.2234 -0.2234 -0.2327 -0.2327 -0.2327 -0.2327 -0.2327 -0.2327 -0.2327 -0.2406 0.1047 0.1047 0.0486 -0.0723 
fb4 = -0.1853 -0.2134 -0.2134 -0.2134 -0.2134 -0.2134 -0.2134 -0.2134 -0.2233 -0.2233 -0.2233 -0.2233 -0.2233 -0.2233 -0.2233 -0.2327 -0.2327 -0.2327 -0.2327 -0.2327 -0.2327 -0.2327 -0.2406 0.1066 0.1066 0.0495 -0.0722 
I = 14.9000 9.4000 9.4000 9.4000 9.4000 9.4000 9.4000 9.4000 6.0000 6.0000 6.0000 6.0000 6.0000 6.0000 6.0000 2.0000 2.0000 2.0000 2.0000 2.0000 2.0000 2.0000 -2.0000 26.0899 26.0899 10.0000 2.9412 
S1 = 0.0000 0.0000 0.0000 0.0000 0.0000 0.0000 0.0000 0.0000 0.0000 0.0000 0.0000 0.0000 0.0000 0.0000 0.0000 0.0000 0.0000 0.0000 0.0000 0.0000 0.0000 0.0000 0.0000 0.0000 0.0000 0.0000 0.0000 
S2 = 0.0000 0.0000 0.0000 0.0000 0.0000 0.0000 0.0000 0.0000 0.0000 0.0000 0.0000 0.0000 0.0000 0.0000 0.0000 0.0000 0.0000 0.0000 0.0000 0.0000 0.0000 0.0000 0.0000 2.0899 2.0899 0.0000 13.9412 
u = 8.1222 7.9607 7.9607 7.9607 7.9607 7.9607 7.9607 7.9607 7.8893 7.8893 7.8893 7.8893 7.8893 7.8893 7.8893 7.8177 7.8177 7.8177 7.8177 7.8177 7.8177 7.8177 7.7548 11.1621 11.1621 11.8222 9.1647 
v = 34.9062 26.2550 26.2550 26.2550 26.2550 26.2550 26.2550 26.2550 23.0619 23.0619 23.0619 23.0619 23.0619 23.0619 23.0619 20.0085 20.0085 20.0085 20.0085 20.0085 20.0085 20.0085 17.4016 82.4719 82.4719 71.4876 27.7608 
