ExternalI = 5.5000 0.0000 0.0000 0.0000 0.0000 0.0000 0.0000 0.0000 4.0000 4.0000 4.0000 4.0000 4.0000 4.0000 4.0000 0.0000 0.0000 0.0000 0.0000 0.0000 0.0000 0.0000 0.0000 8.0000 8.0000 0.0000 0.0000 
before u = 8.1222 7.9607 7.9607 7.9607 7.9607 7.9607 7.9607 7.9607 7.8893 7.8893 7.8893 7.8893 7.8893 7.8893 7.8893 7.8177 7.8177 7.8177 7.8177 7.8177 7.8177 7.8177 7.7548 11.1621 11.1621 11.8222 9.1647 
before v = 34.9062 26.2550 26.2550 26.2550 26.2550 26.2550 26.2550 26.2550 23.0619 23.0619 23.0619 23.0619 23.0619 23.0619 23.0619 20.0085 20.0085 20.0085 20.0085 20.0085 20.0085 20.0085 17.4016 82.4719 82.4719 71.4876 27.7608 
Ibias = 9.4000 9.4000 9.4000 9.4000 9.4000 9.4000 9.4000 9.4000 2.0000 2.0000 2.0000 2.0000 2.0000 2.0000 2.0000 2.0000 2.0000 2.0000 2.0000 2.0000 2.0000 2.0000 -2.0000 16.0000 16.0000 10.0000 -11.0000 
fa1 = 0.7969 0.2473 0.2473 0.2473 0.2473 0.2473 0.2473 0.2473 0.1991 0.1991 0.1991 0.1991 0.1991 0.1991 0.1991 0.1704 0.1704 0.1704 0.1704 0.1704 0.1704 0.1704 0.1529 99.5723 99.5723 48.1341 1.2927 
fa2 = 0.7970 0.2473 0.2473 0.2473 0.2473 0.2473 0.2473 0.2473 0.1990 0.1990 0.1990 0.1990 0.1990 0.1990 0.1990 0.1703 0.1703 0.1703 0.1703 0.1703 0.1703 0.1703 0.1529 101.3729 101.3729 48.7906 1.2880 
fa3 = 0.7970 0.2473 0.2473 0.2473 0.2473 0.2473 0.2473 0.2473 0.1990 0.1990 0.1990 0.1990 0.1990 0.1990 0.1990 0.1703 0.1703 0.1703 0.1703 0.1703 0.1703 0.1703 0.1529 101.4056 101.4056 48.7996 1.2880 
fa4 = 0.7971 0.2472 0.2472 0.2472 0.2472 0.2472 0.2472 0.2472 0.1990 0.1990 0.1990 0.1990 0.1990 0.1990 0.1990 0.1703 0.1703 0.1703 0.1703 0.1703 0.1703 0.1703 0.1529 103.2607 103.2607 49.4700 1.2834 
fb1 = -0.1853 -0.2134 -0.2134 -0.2134 -0.2134 -0.2134 -0.2134 -0.2134 -0.2233 -0.2233 -0.2233 -0.2233 -0.2233 -0.2233 -0.2233 -0.2327 -0.2327 -0.2327 -0.2327 -0.2327 -0.2327 -0.2327 -0.2406 0.1066 0.1066 0.0495 -0.0722 
fb2 = -0.1852 -0.2134 -0.2134 -0.2134 -0.2134 -0.2134 -0.2134 -0.2134 -0.2233 -0.2233 -0.2233 -0.2233 -0.2233 -0.2233 -0.2233 -0.2326 -0.2326 -0.2326 -0.2326 -0.2326 -0.2326 -0.2326 -0.2405 0.1086 0.1086 0.0505 -0.0722 
fb3 = -0.1852 -0.2134 -0.2134 -0.2134 -0.2134 -0.2134 -0.2134 -0.2134 -0.2233 -0.2233 -0.2233 -0.2233 -0.2233 -0.2233 -0.2233 -0.2326 -0.2326 -0.2326 -0.2326 -0.2326 -0.2326 -0.2326 -0.2405 0.1087 0.1087 0.0505 -0.0722 
fb4 = -0.1852 -0.2133 -0.2133 -0.2133 -0.2133 -0.2133 -0.2133 -0.2133 -0.2232 -0.2232 -0.2232 -0.2232 -0.2232 -0.2232 -0.2232 -0.2326 -0.2326 -0.2326 -0.2326 -0.2326 -0.2326 -0.2326 -0.2405 0.1107 0.1107 0.0514 -0.0722 
I = 14.9000 9.4000 9.4000 9.4000 9.4000 9.4000 9.4000 9.4000 6.0000 6.0000 6.0000 6.0000 6.0000 6.0000 6.0000 2.0000 2.0000 2.0000 2.0000 2.0000 2.0000 2.0000 -2.0000 26.0857 26.0857 10.0000 2.9133 
S1 = 0.0000 0.0000 0.0000 0.0000 0.0000 0.0000 0.0000 0.0000 0.0000 0.0000 0.0000 0.0000 0.0000 0.0000 0.0000 0.0000 0.0000 0.0000 0.0000 0.0000 0.0000 0.0000 0.0000 0.0000 0.0000 0.0000 0.0000 
S2 = 0.0000 0.0000 0.0000 0.0000 0.0000 0.0000 0.0000 0.0000 0.0000 0.0000 0.0000 0.0000 0.0000 0.0000 0.0000 0.0000 0.0000 0.0000 0.0000 0.0000 0.0000 0.0000 0.0000 2.0857 2.0857 0.0000 13.9133 
u = 8.1204 7.9585 7.9585 7.9585 7.9585 7.9585 7.9585 7.9585 7.8870 7.8870 7.8870 7.8870 7.8870 7.8870 7.8870 7.8154 7.8154 7.8154 7.8154 7.8154 7.8154 7.8154 7.7524 11.1632 11.1632 11.8227 9.1639 
v = 34.9141 26.2575 26.2575 26.2575 26.2575 26.2575 26.2575 26.2575 23.0639 23.0639 23.0639 23.0639 23.0639 23.0639 23.0639 20.0102 20.0102 20.0102 20.0102 20.0102 20.0102 20.0102 17.4032 83.4859 83.4859 71.9756 27.7737 
