ExternalI = 5.5000 0.0000 0.0000 0.0000 0.0000 0.0000 0.0000 0.0000 4.0000 4.0000 4.0000 4.0000 4.0000 4.0000 4.0000 0.0000 0.0000 0.0000 0.0000 0.0000 0.0000 0.0000 0.0000 8.0000 8.0000 0.0000 0.0000 
before u = 8.1204 7.9585 7.9585 7.9585 7.9585 7.9585 7.9585 7.9585 7.8870 7.8870 7.8870 7.8870 7.8870 7.8870 7.8870 7.8154 7.8154 7.8154 7.8154 7.8154 7.8154 7.8154 7.7524 11.1632 11.1632 11.8227 9.1639 
before v = 34.9141 26.2575 26.2575 26.2575 26.2575 26.2575 26.2575 26.2575 23.0639 23.0639 23.0639 23.0639 23.0639 23.0639 23.0639 20.0102 20.0102 20.0102 20.0102 20.0102 20.0102 20.0102 17.4032 83.4859 83.4859 71.9756 27.7737 
Ibias = 9.4000 9.4000 9.4000 9.4000 9.4000 9.4000 9.4000 9.4000 2.0000 2.0000 2.0000 2.0000 2.0000 2.0000 2.0000 2.0000 2.0000 2.0000 2.0000 2.0000 2.0000 2.0000 -2.0000 16.0000 16.0000 10.0000 -11.0000 
fa1 = 0.7971 0.2472 0.2472 0.2472 0.2472 0.2472 0.2472 0.2472 0.1990 0.1990 0.1990 0.1990 0.1990 0.1990 0.1990 0.1703 0.1703 0.1703 0.1703 0.1703 0.1703 0.1703 0.1529 103.2562 103.2562 49.4700 1.2556 
fa2 = 0.7972 0.2472 0.2472 0.2472 0.2472 0.2472 0.2472 0.2472 0.1990 0.1990 0.1990 0.1990 0.1990 0.1990 0.1990 0.1703 0.1703 0.1703 0.1703 0.1703 0.1703 0.1703 0.1529 105.1657 105.1657 50.1543 1.2510 
fa3 = 0.7972 0.2472 0.2472 0.2472 0.2472 0.2472 0.2472 0.2472 0.1990 0.1990 0.1990 0.1990 0.1990 0.1990 0.1990 0.1703 0.1703 0.1703 0.1703 0.1703 0.1703 0.1703 0.1529 105.2012 105.2012 50.1638 1.2511 
fa4 = 0.7973 0.2471 0.2471 0.2471 0.2471 0.2471 0.2471 0.2471 0.1989 0.1989 0.1989 0.1989 0.1989 0.1989 0.1989 0.1703 0.1703 0.1703 0.1703 0.1703 0.1703 0.1703 0.1528 107.1696 107.1696 50.8630 1.2466 
fb1 = -0.1852 -0.2133 -0.2133 -0.2133 -0.2133 -0.2133 -0.2133 -0.2133 -0.2232 -0.2232 -0.2232 -0.2232 -0.2232 -0.2232 -0.2232 -0.2326 -0.2326 -0.2326 -0.2326 -0.2326 -0.2326 -0.2326 -0.2405 0.1107 0.1107 0.0514 -0.0722 
fb2 = -0.1851 -0.2133 -0.2133 -0.2133 -0.2133 -0.2133 -0.2133 -0.2133 -0.2232 -0.2232 -0.2232 -0.2232 -0.2232 -0.2232 -0.2232 -0.2325 -0.2325 -0.2325 -0.2325 -0.2325 -0.2325 -0.2325 -0.2404 0.1127 0.1127 0.0524 -0.0722 
fb3 = -0.1851 -0.2133 -0.2133 -0.2133 -0.2133 -0.2133 -0.2133 -0.2133 -0.2232 -0.2232 -0.2232 -0.2232 -0.2232 -0.2232 -0.2232 -0.2325 -0.2325 -0.2325 -0.2325 -0.2325 -0.2325 -0.2325 -0.2404 0.1128 0.1128 0.0524 -0.0722 
fb4 = -0.1851 -0.2132 -0.2132 -0.2132 -0.2132 -0.2132 -0.2132 -0.2132 -0.2231 -0.2231 -0.2231 -0.2231 -0.2231 -0.2231 -0.2231 -0.2325 -0.2325 -0.2325 -0.2325 -0.2325 -0.2325 -0.2325 -0.2404 0.1149 0.1149 0.0534 -0.0721 
I = 14.9000 9.4000 9.4000 9.4000 9.4000 9.4000 9.4000 9.4000 6.0000 6.0000 6.0000 6.0000 6.0000 6.0000 6.0000 2.0000 2.0000 2.0000 2.0000 2.0000 2.0000 2.0000 -2.0000 26.0815 26.0815 10.0000 2.8855 
S1 = 0.0000 0.0000 0.0000 0.0000 0.0000 0.0000 0.0000 0.0000 0.0000 0.0000 0.0000 0.0000 0.0000 0.0000 0.0000 0.0000 0.0000 0.0000 0.0000 0.0000 0.0000 0.0000 0.0000 0.0000 0.0000 0.0000 0.0000 
S2 = 0.0000 0.0000 0.0000 0.0000 0.0000 0.0000 0.0000 0.0000 0.0000 0.0000 0.0000 0.0000 0.0000 0.0000 0.0000 0.0000 0.0000 0.0000 0.0000 0.0000 0.0000 0.0000 0.0000 2.0815 2.0815 0.0000 13.8855 
u = 8.1185 7.9564 7.9564 7.9564 7.9564 7.9564 7.9564 7.9564 7.8848 7.8848 7.8848 7.8848 7.8848 7.8848 7.8848 7.8131 7.8131 7.8131 7.8131 7.8131 7.8131 7.8131 7.7500 11.1644 11.1644 11.8232 9.1632 
v = 34.9221 26.2600 26.2600 26.2600 26.2600 26.2600 26.2600 26.2600 23.0659 23.0659 23.0659 23.0659 23.0659 23.0659 23.0659 20.0119 20.0119 20.0119 20.0119 20.0119 20.0119 20.0119 17.4047 84.5378 84.5378 72.4772 27.7862 
