ExternalI = 5.5000 0.0000 0.0000 0.0000 0.0000 0.0000 0.0000 0.0000 4.0000 4.0000 4.0000 4.0000 4.0000 4.0000 4.0000 0.0000 0.0000 0.0000 0.0000 0.0000 0.0000 0.0000 0.0000 8.0000 8.0000 0.0000 0.0000 
before u = 8.1185 7.9564 7.9564 7.9564 7.9564 7.9564 7.9564 7.9564 7.8848 7.8848 7.8848 7.8848 7.8848 7.8848 7.8848 7.8131 7.8131 7.8131 7.8131 7.8131 7.8131 7.8131 7.7500 11.1644 11.1644 11.8232 9.1632 
before v = 34.9221 26.2600 26.2600 26.2600 26.2600 26.2600 26.2600 26.2600 23.0659 23.0659 23.0659 23.0659 23.0659 23.0659 23.0659 20.0119 20.0119 20.0119 20.0119 20.0119 20.0119 20.0119 17.4047 84.5378 84.5378 72.4772 27.7862 
Ibias = 9.4000 9.4000 9.4000 9.4000 9.4000 9.4000 9.4000 9.4000 2.0000 2.0000 2.0000 2.0000 2.0000 2.0000 2.0000 2.0000 2.0000 2.0000 2.0000 2.0000 2.0000 2.0000 -2.0000 16.0000 16.0000 10.0000 -11.0000 
fa1 = 0.7973 0.2471 0.2471 0.2471 0.2471 0.2471 0.2471 0.2471 0.1989 0.1989 0.1989 0.1989 0.1989 0.1989 0.1989 0.1703 0.1703 0.1703 0.1703 0.1703 0.1703 0.1703 0.1528 107.1651 107.1651 50.8630 1.2188 
fa2 = 0.7974 0.2471 0.2471 0.2471 0.2471 0.2471 0.2471 0.2471 0.1989 0.1989 0.1989 0.1989 0.1989 0.1989 0.1989 0.1702 0.1702 0.1702 0.1702 0.1702 0.1702 0.1702 0.1528 109.1923 109.1923 51.5769 1.2144 
fa3 = 0.7974 0.2471 0.2471 0.2471 0.2471 0.2471 0.2471 0.2471 0.1989 0.1989 0.1989 0.1989 0.1989 0.1989 0.1989 0.1702 0.1702 0.1702 0.1702 0.1702 0.1702 0.1702 0.1528 109.2309 109.2309 51.5870 1.2144 
fa4 = 0.7975 0.2470 0.2470 0.2470 0.2470 0.2470 0.2470 0.2470 0.1989 0.1989 0.1989 0.1989 0.1989 0.1989 0.1989 0.1702 0.1702 0.1702 0.1702 0.1702 0.1702 0.1702 0.1528 111.3220 111.3220 52.3166 1.2101 
fb1 = -0.1851 -0.2132 -0.2132 -0.2132 -0.2132 -0.2132 -0.2132 -0.2132 -0.2231 -0.2231 -0.2231 -0.2231 -0.2231 -0.2231 -0.2231 -0.2325 -0.2325 -0.2325 -0.2325 -0.2325 -0.2325 -0.2325 -0.2404 0.1149 0.1149 0.0534 -0.0721 
fb2 = -0.1850 -0.2132 -0.2132 -0.2132 -0.2132 -0.2132 -0.2132 -0.2132 -0.2231 -0.2231 -0.2231 -0.2231 -0.2231 -0.2231 -0.2231 -0.2324 -0.2324 -0.2324 -0.2324 -0.2324 -0.2324 -0.2324 -0.2403 0.1170 0.1170 0.0545 -0.0721 
fb3 = -0.1850 -0.2132 -0.2132 -0.2132 -0.2132 -0.2132 -0.2132 -0.2132 -0.2231 -0.2231 -0.2231 -0.2231 -0.2231 -0.2231 -0.2231 -0.2324 -0.2324 -0.2324 -0.2324 -0.2324 -0.2324 -0.2324 -0.2403 0.1170 0.1170 0.0545 -0.0721 
fb4 = -0.1849 -0.2131 -0.2131 -0.2131 -0.2131 -0.2131 -0.2131 -0.2131 -0.2230 -0.2230 -0.2230 -0.2230 -0.2230 -0.2230 -0.2230 -0.2324 -0.2324 -0.2324 -0.2324 -0.2324 -0.2324 -0.2324 -0.2403 0.1192 0.1192 0.0555 -0.0721 
I = 14.9000 9.4000 9.4000 9.4000 9.4000 9.4000 9.4000 9.4000 6.0000 6.0000 6.0000 6.0000 6.0000 6.0000 6.0000 2.0000 2.0000 2.0000 2.0000 2.0000 2.0000 2.0000 -2.0000 26.0773 26.0773 10.0000 2.8577 
S1 = 0.0000 0.0000 0.0000 0.0000 0.0000 0.0000 0.0000 0.0000 0.0000 0.0000 0.0000 0.0000 0.0000 0.0000 0.0000 0.0000 0.0000 0.0000 0.0000 0.0000 0.0000 0.0000 0.0000 0.0000 0.0000 0.0000 0.0000 
S2 = 0.0000 0.0000 0.0000 0.0000 0.0000 0.0000 0.0000 0.0000 0.0000 0.0000 0.0000 0.0000 0.0000 0.0000 0.0000 0.0000 0.0000 0.0000 0.0000 0.0000 0.0000 0.0000 0.0000 2.0773 2.0773 0.0000 13.8577 
u = 8.1167 7.9543 7.9543 7.9543 7.9543 7.9543 7.9543 7.9543 7.8826 7.8826 7.8826 7.8826 7.8826 7.8826 7.8826 7.8107 7.8107 7.8107 7.8107 7.8107 7.8107 7.8107 7.7476 11.1655 11.1655 11.8237 9.1625 
v = 34.9301 26.2625 26.2625 26.2625 26.2625 26.2625 26.2625 26.2625 23.0679 23.0679 23.0679 23.0679 23.0679 23.0679 23.0679 20.0136 20.0136 20.0136 20.0136 20.0136 20.0136 20.0136 17.4062 85.6300 85.6300 72.9930 27.7984 
