ExternalI = 5.5000 0.0000 0.0000 0.0000 0.0000 0.0000 0.0000 0.0000 4.0000 4.0000 4.0000 4.0000 4.0000 4.0000 4.0000 0.0000 0.0000 0.0000 0.0000 0.0000 0.0000 0.0000 0.0000 8.0000 8.0000 0.0000 0.0000 
before u = 8.1167 7.9543 7.9543 7.9543 7.9543 7.9543 7.9543 7.9543 7.8826 7.8826 7.8826 7.8826 7.8826 7.8826 7.8826 7.8107 7.8107 7.8107 7.8107 7.8107 7.8107 7.8107 7.7476 11.1655 11.1655 11.8237 9.1625 
before v = 34.9301 26.2625 26.2625 26.2625 26.2625 26.2625 26.2625 26.2625 23.0679 23.0679 23.0679 23.0679 23.0679 23.0679 23.0679 20.0136 20.0136 20.0136 20.0136 20.0136 20.0136 20.0136 17.4062 85.6300 85.6300 72.9930 27.7984 
Ibias = 9.4000 9.4000 9.4000 9.4000 9.4000 9.4000 9.4000 9.4000 2.0000 2.0000 2.0000 2.0000 2.0000 2.0000 2.0000 2.0000 2.0000 2.0000 2.0000 2.0000 2.0000 2.0000 -2.0000 16.0000 16.0000 10.0000 -11.0000 
fa1 = 0.7975 0.2470 0.2470 0.2470 0.2470 0.2470 0.2470 0.2470 0.1989 0.1989 0.1989 0.1989 0.1989 0.1989 0.1989 0.1702 0.1702 0.1702 0.1702 0.1702 0.1702 0.1702 0.1528 111.3176 111.3176 52.3165 1.1824 
fa2 = 0.7976 0.2470 0.2470 0.2470 0.2470 0.2470 0.2470 0.2470 0.1988 0.1988 0.1988 0.1988 0.1988 0.1988 0.1988 0.1702 0.1702 0.1702 0.1702 0.1702 0.1702 0.1702 0.1528 113.4724 113.4724 53.0617 1.1781 
fa3 = 0.7976 0.2470 0.2470 0.2470 0.2470 0.2470 0.2470 0.2470 0.1988 0.1988 0.1988 0.1988 0.1988 0.1988 0.1988 0.1702 0.1702 0.1702 0.1702 0.1702 0.1702 0.1702 0.1528 113.5144 113.5144 53.0724 1.1782 
fa4 = 0.7977 0.2469 0.2469 0.2469 0.2469 0.2469 0.2469 0.2469 0.1988 0.1988 0.1988 0.1988 0.1988 0.1988 0.1988 0.1701 0.1701 0.1701 0.1701 0.1701 0.1701 0.1701 0.1527 115.7386 115.7386 53.8342 1.1739 
fb1 = -0.1849 -0.2131 -0.2131 -0.2131 -0.2131 -0.2131 -0.2131 -0.2131 -0.2230 -0.2230 -0.2230 -0.2230 -0.2230 -0.2230 -0.2230 -0.2324 -0.2324 -0.2324 -0.2324 -0.2324 -0.2324 -0.2324 -0.2403 0.1192 0.1192 0.0555 -0.0721 
fb2 = -0.1849 -0.2131 -0.2131 -0.2131 -0.2131 -0.2131 -0.2131 -0.2131 -0.2230 -0.2230 -0.2230 -0.2230 -0.2230 -0.2230 -0.2230 -0.2323 -0.2323 -0.2323 -0.2323 -0.2323 -0.2323 -0.2323 -0.2402 0.1214 0.1214 0.0565 -0.0720 
fb3 = -0.1849 -0.2131 -0.2131 -0.2131 -0.2131 -0.2131 -0.2131 -0.2131 -0.2230 -0.2230 -0.2230 -0.2230 -0.2230 -0.2230 -0.2230 -0.2323 -0.2323 -0.2323 -0.2323 -0.2323 -0.2323 -0.2323 -0.2402 0.1215 0.1215 0.0566 -0.0720 
fb4 = -0.1848 -0.2130 -0.2130 -0.2130 -0.2130 -0.2130 -0.2130 -0.2130 -0.2229 -0.2229 -0.2229 -0.2229 -0.2229 -0.2229 -0.2229 -0.2323 -0.2323 -0.2323 -0.2323 -0.2323 -0.2323 -0.2323 -0.2402 0.1237 0.1237 0.0576 -0.0720 
I = 14.9000 9.4000 9.4000 9.4000 9.4000 9.4000 9.4000 9.4000 6.0000 6.0000 6.0000 6.0000 6.0000 6.0000 6.0000 2.0000 2.0000 2.0000 2.0000 2.0000 2.0000 2.0000 -2.0000 26.0732 26.0732 10.0000 2.8300 
S1 = 0.0000 0.0000 0.0000 0.0000 0.0000 0.0000 0.0000 0.0000 0.0000 0.0000 0.0000 0.0000 0.0000 0.0000 0.0000 0.0000 0.0000 0.0000 0.0000 0.0000 0.0000 0.0000 0.0000 0.0000 0.0000 0.0000 0.0000 
S2 = 0.0000 0.0000 0.0000 0.0000 0.0000 0.0000 0.0000 0.0000 0.0000 0.0000 0.0000 0.0000 0.0000 0.0000 0.0000 0.0000 0.0000 0.0000 0.0000 0.0000 0.0000 0.0000 0.0000 2.0732 2.0732 0.0000 13.8300 
u = 8.1148 7.9521 7.9521 7.9521 7.9521 7.9521 7.9521 7.9521 7.8803 7.8803 7.8803 7.8803 7.8803 7.8803 7.8803 7.8084 7.8084 7.8084 7.8084 7.8084 7.8084 7.8084 7.7452 11.1667 11.1667 11.8243 9.1618 
v = 34.9380 26.2649 26.2649 26.2649 26.2649 26.2649 26.2649 26.2649 23.0699 23.0699 23.0699 23.0699 23.0699 23.0699 23.0699 20.0153 20.0153 20.0153 20.0153 20.0153 20.0153 20.0153 17.4077 86.7651 86.7651 73.5237 27.8101 
