ExternalI = 5.5000 0.0000 0.0000 0.0000 0.0000 0.0000 0.0000 0.0000 4.0000 4.0000 4.0000 4.0000 4.0000 4.0000 4.0000 0.0000 0.0000 0.0000 0.0000 0.0000 0.0000 0.0000 0.0000 8.0000 8.0000 0.0000 0.0000 
before u = 8.1148 7.9521 7.9521 7.9521 7.9521 7.9521 7.9521 7.9521 7.8803 7.8803 7.8803 7.8803 7.8803 7.8803 7.8803 7.8084 7.8084 7.8084 7.8084 7.8084 7.8084 7.8084 7.7452 11.1667 11.1667 11.8243 9.1618 
before v = 34.9380 26.2649 26.2649 26.2649 26.2649 26.2649 26.2649 26.2649 23.0699 23.0699 23.0699 23.0699 23.0699 23.0699 23.0699 20.0153 20.0153 20.0153 20.0153 20.0153 20.0153 20.0153 17.4077 86.7651 86.7651 73.5237 27.8101 
Ibias = 9.4000 9.4000 9.4000 9.4000 9.4000 9.4000 9.4000 9.4000 2.0000 2.0000 2.0000 2.0000 2.0000 2.0000 2.0000 2.0000 2.0000 2.0000 2.0000 2.0000 2.0000 2.0000 -2.0000 16.0000 16.0000 10.0000 -11.0000 
fa1 = 0.7977 0.2469 0.2469 0.2469 0.2469 0.2469 0.2469 0.2469 0.1988 0.1988 0.1988 0.1988 0.1988 0.1988 0.1988 0.1701 0.1701 0.1701 0.1701 0.1701 0.1701 0.1701 0.1527 115.7341 115.7341 53.8341 1.1463 
fa2 = 0.7978 0.2469 0.2469 0.2469 0.2469 0.2469 0.2469 0.2469 0.1988 0.1988 0.1988 0.1988 0.1988 0.1988 0.1988 0.1701 0.1701 0.1701 0.1701 0.1701 0.1701 0.1701 0.1527 118.0276 118.0276 54.6124 1.1422 
fa3 = 0.7978 0.2469 0.2469 0.2469 0.2469 0.2469 0.2469 0.2469 0.1988 0.1988 0.1988 0.1988 0.1988 0.1988 0.1988 0.1701 0.1701 0.1701 0.1701 0.1701 0.1701 0.1701 0.1527 118.0733 118.0733 54.6237 1.1422 
fa4 = 0.7979 0.2469 0.2469 0.2469 0.2469 0.2469 0.2469 0.2469 0.1987 0.1987 0.1987 0.1987 0.1987 0.1987 0.1987 0.1701 0.1701 0.1701 0.1701 0.1701 0.1701 0.1701 0.1527 120.4421 120.4421 55.4196 1.1382 
fb1 = -0.1848 -0.2130 -0.2130 -0.2130 -0.2130 -0.2130 -0.2130 -0.2130 -0.2229 -0.2229 -0.2229 -0.2229 -0.2229 -0.2229 -0.2229 -0.2323 -0.2323 -0.2323 -0.2323 -0.2323 -0.2323 -0.2323 -0.2402 0.1237 0.1237 0.0576 -0.0720 
fb2 = -0.1848 -0.2130 -0.2130 -0.2130 -0.2130 -0.2130 -0.2130 -0.2130 -0.2229 -0.2229 -0.2229 -0.2229 -0.2229 -0.2229 -0.2229 -0.2322 -0.2322 -0.2322 -0.2322 -0.2322 -0.2322 -0.2322 -0.2401 0.1260 0.1260 0.0587 -0.0720 
fb3 = -0.1848 -0.2130 -0.2130 -0.2130 -0.2130 -0.2130 -0.2130 -0.2130 -0.2229 -0.2229 -0.2229 -0.2229 -0.2229 -0.2229 -0.2229 -0.2322 -0.2322 -0.2322 -0.2322 -0.2322 -0.2322 -0.2322 -0.2401 0.1261 0.1261 0.0587 -0.0720 
fb4 = -0.1847 -0.2129 -0.2129 -0.2129 -0.2129 -0.2129 -0.2129 -0.2129 -0.2228 -0.2228 -0.2228 -0.2228 -0.2228 -0.2228 -0.2228 -0.2322 -0.2322 -0.2322 -0.2322 -0.2322 -0.2322 -0.2322 -0.2401 0.1284 0.1284 0.0598 -0.0719 
I = 14.9000 9.4000 9.4000 9.4000 9.4000 9.4000 9.4000 9.4000 6.0000 6.0000 6.0000 6.0000 6.0000 6.0000 6.0000 2.0000 2.0000 2.0000 2.0000 2.0000 2.0000 2.0000 -2.0000 26.0690 26.0690 10.0000 2.8023 
S1 = 0.0000 0.0000 0.0000 0.0000 0.0000 0.0000 0.0000 0.0000 0.0000 0.0000 0.0000 0.0000 0.0000 0.0000 0.0000 0.0000 0.0000 0.0000 0.0000 0.0000 0.0000 0.0000 0.0000 0.0000 0.0000 0.0000 0.0000 
S2 = 0.0000 0.0000 0.0000 0.0000 0.0000 0.0000 0.0000 0.0000 0.0000 0.0000 0.0000 0.0000 0.0000 0.0000 0.0000 0.0000 0.0000 0.0000 0.0000 0.0000 0.0000 0.0000 0.0000 2.0690 2.0690 0.0000 13.8023 
u = 8.1130 7.9500 7.9500 7.9500 7.9500 7.9500 7.9500 7.9500 7.8781 7.8781 7.8781 7.8781 7.8781 7.8781 7.8781 7.8061 7.8061 7.8061 7.8061 7.8061 7.8061 7.8061 7.7428 11.1680 11.1680 11.8249 9.1611 
v = 34.9460 26.2674 26.2674 26.2674 26.2674 26.2674 26.2674 26.2674 23.0719 23.0719 23.0719 23.0719 23.0719 23.0719 23.0719 20.0170 20.0170 20.0170 20.0170 20.0170 20.0170 20.0170 17.4093 87.9457 87.9457 74.0699 27.8216 
