ExternalI = 5.5000 0.0000 0.0000 0.0000 0.0000 0.0000 0.0000 0.0000 4.0000 4.0000 4.0000 4.0000 4.0000 4.0000 4.0000 0.0000 0.0000 0.0000 0.0000 0.0000 0.0000 0.0000 0.0000 8.0000 8.0000 0.0000 0.0000 
before u = 8.1130 7.9500 7.9500 7.9500 7.9500 7.9500 7.9500 7.9500 7.8781 7.8781 7.8781 7.8781 7.8781 7.8781 7.8781 7.8061 7.8061 7.8061 7.8061 7.8061 7.8061 7.8061 7.7428 11.1680 11.1680 11.8249 9.1611 
before v = 34.9460 26.2674 26.2674 26.2674 26.2674 26.2674 26.2674 26.2674 23.0719 23.0719 23.0719 23.0719 23.0719 23.0719 23.0719 20.0170 20.0170 20.0170 20.0170 20.0170 20.0170 20.0170 17.4093 87.9457 87.9457 74.0699 27.8216 
Ibias = 9.4000 9.4000 9.4000 9.4000 9.4000 9.4000 9.4000 9.4000 2.0000 2.0000 2.0000 2.0000 2.0000 2.0000 2.0000 2.0000 2.0000 2.0000 2.0000 2.0000 2.0000 2.0000 -2.0000 16.0000 16.0000 10.0000 -11.0000 
fa1 = 0.7979 0.2469 0.2469 0.2469 0.2469 0.2469 0.2469 0.2469 0.1987 0.1987 0.1987 0.1987 0.1987 0.1987 0.1987 0.1701 0.1701 0.1701 0.1701 0.1701 0.1701 0.1701 0.1527 120.4376 120.4376 55.4196 1.1106 
fa2 = 0.7980 0.2468 0.2468 0.2468 0.2468 0.2468 0.2468 0.2468 0.1987 0.1987 0.1987 0.1987 0.1987 0.1987 0.1987 0.1701 0.1701 0.1701 0.1701 0.1701 0.1701 0.1701 0.1527 122.8817 122.8817 56.2330 1.1066 
fa3 = 0.7980 0.2468 0.2468 0.2468 0.2468 0.2468 0.2468 0.2468 0.1987 0.1987 0.1987 0.1987 0.1987 0.1987 0.1987 0.1701 0.1701 0.1701 0.1701 0.1701 0.1701 0.1701 0.1527 122.9316 122.9316 56.2450 1.1066 
fa4 = 0.7982 0.2468 0.2468 0.2468 0.2468 0.2468 0.2468 0.2468 0.1987 0.1987 0.1987 0.1987 0.1987 0.1987 0.1987 0.1700 0.1700 0.1700 0.1700 0.1700 0.1700 0.1700 0.1526 125.4578 125.4578 57.0771 1.1027 
fb1 = -0.1847 -0.2129 -0.2129 -0.2129 -0.2129 -0.2129 -0.2129 -0.2129 -0.2228 -0.2228 -0.2228 -0.2228 -0.2228 -0.2228 -0.2228 -0.2322 -0.2322 -0.2322 -0.2322 -0.2322 -0.2322 -0.2322 -0.2401 0.1284 0.1284 0.0598 -0.0719 
fb2 = -0.1847 -0.2129 -0.2129 -0.2129 -0.2129 -0.2129 -0.2129 -0.2129 -0.2228 -0.2228 -0.2228 -0.2228 -0.2228 -0.2228 -0.2228 -0.2321 -0.2321 -0.2321 -0.2321 -0.2321 -0.2321 -0.2321 -0.2400 0.1308 0.1308 0.0609 -0.0719 
fb3 = -0.1847 -0.2129 -0.2129 -0.2129 -0.2129 -0.2129 -0.2129 -0.2129 -0.2228 -0.2228 -0.2228 -0.2228 -0.2228 -0.2228 -0.2228 -0.2321 -0.2321 -0.2321 -0.2321 -0.2321 -0.2321 -0.2321 -0.2400 0.1309 0.1309 0.0609 -0.0719 
fb4 = -0.1846 -0.2128 -0.2128 -0.2128 -0.2128 -0.2128 -0.2128 -0.2128 -0.2227 -0.2227 -0.2227 -0.2227 -0.2227 -0.2227 -0.2227 -0.2321 -0.2321 -0.2321 -0.2321 -0.2321 -0.2321 -0.2321 -0.2400 0.1333 0.1333 0.0620 -0.0719 
I = 14.9000 9.4000 9.4000 9.4000 9.4000 9.4000 9.4000 9.4000 6.0000 6.0000 6.0000 6.0000 6.0000 6.0000 6.0000 2.0000 2.0000 2.0000 2.0000 2.0000 2.0000 2.0000 -2.0000 26.0649 26.0649 10.0000 2.7747 
S1 = 0.0000 0.0000 0.0000 0.0000 0.0000 0.0000 0.0000 0.0000 0.0000 0.0000 0.0000 0.0000 0.0000 0.0000 0.0000 0.0000 0.0000 0.0000 0.0000 0.0000 0.0000 0.0000 0.0000 0.0000 0.0000 0.0000 0.0000 
S2 = 0.0000 0.0000 0.0000 0.0000 0.0000 0.0000 0.0000 0.0000 0.0000 0.0000 0.0000 0.0000 0.0000 0.0000 0.0000 0.0000 0.0000 0.0000 0.0000 0.0000 0.0000 0.0000 0.0000 2.0649 2.0649 0.0000 13.7747 
u = 8.1111 7.9479 7.9479 7.9479 7.9479 7.9479 7.9479 7.9479 7.8759 7.8759 7.8759 7.8759 7.8759 7.8759 7.8759 7.8038 7.8038 7.8038 7.8038 7.8038 7.8038 7.8038 7.7404 11.1693 11.1693 11.8255 9.1603 
v = 34.9540 26.2699 26.2699 26.2699 26.2699 26.2699 26.2699 26.2699 23.0738 23.0738 23.0738 23.0738 23.0738 23.0738 23.0738 20.0187 20.0187 20.0187 20.0187 20.0187 20.0187 20.0187 17.4108 89.1749 89.1749 74.6324 27.8326 
