ExternalI = 5.5000 0.0000 0.0000 0.0000 0.0000 0.0000 0.0000 0.0000 4.0000 4.0000 4.0000 4.0000 4.0000 4.0000 4.0000 0.0000 0.0000 0.0000 0.0000 0.0000 0.0000 0.0000 0.0000 8.0000 8.0000 0.0000 0.0000 
before u = 8.1111 7.9479 7.9479 7.9479 7.9479 7.9479 7.9479 7.9479 7.8759 7.8759 7.8759 7.8759 7.8759 7.8759 7.8759 7.8038 7.8038 7.8038 7.8038 7.8038 7.8038 7.8038 7.7404 11.1693 11.1693 11.8255 9.1603 
before v = 34.9540 26.2699 26.2699 26.2699 26.2699 26.2699 26.2699 26.2699 23.0738 23.0738 23.0738 23.0738 23.0738 23.0738 23.0738 20.0187 20.0187 20.0187 20.0187 20.0187 20.0187 20.0187 17.4108 89.1749 89.1749 74.6324 27.8326 
Ibias = 9.4000 9.4000 9.4000 9.4000 9.4000 9.4000 9.4000 9.4000 2.0000 2.0000 2.0000 2.0000 2.0000 2.0000 2.0000 2.0000 2.0000 2.0000 2.0000 2.0000 2.0000 2.0000 -2.0000 16.0000 16.0000 10.0000 -11.0000 
fa1 = 0.7982 0.2468 0.2468 0.2468 0.2468 0.2468 0.2468 0.2468 0.1987 0.1987 0.1987 0.1987 0.1987 0.1987 0.1987 0.1700 0.1700 0.1700 0.1700 0.1700 0.1700 0.1700 0.1526 125.4532 125.4532 57.0770 1.0752 
fa2 = 0.7983 0.2467 0.2467 0.2467 0.2467 0.2467 0.2467 0.2467 0.1986 0.1986 0.1986 0.1986 0.1986 0.1986 0.1986 0.1700 0.1700 0.1700 0.1700 0.1700 0.1700 0.1700 0.1526 128.0614 128.0614 57.9277 1.0714 
fa3 = 0.7983 0.2467 0.2467 0.2467 0.2467 0.2467 0.2467 0.2467 0.1986 0.1986 0.1986 0.1986 0.1986 0.1986 0.1986 0.1700 0.1700 0.1700 0.1700 0.1700 0.1700 0.1700 0.1526 128.1160 128.1160 57.9405 1.0714 
fa4 = 0.7984 0.2467 0.2467 0.2467 0.2467 0.2467 0.2467 0.2467 0.1986 0.1986 0.1986 0.1986 0.1986 0.1986 0.1986 0.1700 0.1700 0.1700 0.1700 0.1700 0.1700 0.1700 0.1526 130.8138 130.8138 58.8110 1.0676 
fb1 = -0.1846 -0.2128 -0.2128 -0.2128 -0.2128 -0.2128 -0.2128 -0.2128 -0.2227 -0.2227 -0.2227 -0.2227 -0.2227 -0.2227 -0.2227 -0.2321 -0.2321 -0.2321 -0.2321 -0.2321 -0.2321 -0.2321 -0.2400 0.1333 0.1333 0.0620 -0.0719 
fb2 = -0.1846 -0.2128 -0.2128 -0.2128 -0.2128 -0.2128 -0.2128 -0.2128 -0.2227 -0.2227 -0.2227 -0.2227 -0.2227 -0.2227 -0.2227 -0.2320 -0.2320 -0.2320 -0.2320 -0.2320 -0.2320 -0.2320 -0.2399 0.1358 0.1358 0.0632 -0.0718 
fb3 = -0.1846 -0.2128 -0.2128 -0.2128 -0.2128 -0.2128 -0.2128 -0.2128 -0.2227 -0.2227 -0.2227 -0.2227 -0.2227 -0.2227 -0.2227 -0.2320 -0.2320 -0.2320 -0.2320 -0.2320 -0.2320 -0.2320 -0.2399 0.1359 0.1359 0.0632 -0.0718 
fb4 = -0.1845 -0.2127 -0.2127 -0.2127 -0.2127 -0.2127 -0.2127 -0.2127 -0.2226 -0.2226 -0.2226 -0.2226 -0.2226 -0.2226 -0.2226 -0.2320 -0.2320 -0.2320 -0.2320 -0.2320 -0.2320 -0.2320 -0.2399 0.1384 0.1384 0.0643 -0.0718 
I = 14.9000 9.4000 9.4000 9.4000 9.4000 9.4000 9.4000 9.4000 6.0000 6.0000 6.0000 6.0000 6.0000 6.0000 6.0000 2.0000 2.0000 2.0000 2.0000 2.0000 2.0000 2.0000 -2.0000 26.0608 26.0608 10.0000 2.7472 
S1 = 0.0000 0.0000 0.0000 0.0000 0.0000 0.0000 0.0000 0.0000 0.0000 0.0000 0.0000 0.0000 0.0000 0.0000 0.0000 0.0000 0.0000 0.0000 0.0000 0.0000 0.0000 0.0000 0.0000 0.0000 0.0000 0.0000 0.0000 
S2 = 0.0000 0.0000 0.0000 0.0000 0.0000 0.0000 0.0000 0.0000 0.0000 0.0000 0.0000 0.0000 0.0000 0.0000 0.0000 0.0000 0.0000 0.0000 0.0000 0.0000 0.0000 0.0000 0.0000 2.0608 2.0608 0.0000 13.7472 
u = 8.1093 7.9457 7.9457 7.9457 7.9457 7.9457 7.9457 7.9457 7.8737 7.8737 7.8737 7.8737 7.8737 7.8737 7.8737 7.8014 7.8014 7.8014 7.8014 7.8014 7.8014 7.8014 7.7380 11.1707 11.1707 11.8261 9.1596 
v = 34.9620 26.2723 26.2723 26.2723 26.2723 26.2723 26.2723 26.2723 23.0758 23.0758 23.0758 23.0758 23.0758 23.0758 23.0758 20.0204 20.0204 20.0204 20.0204 20.0204 20.0204 20.0204 17.4123 90.4559 90.4559 75.2117 27.8433 
