ExternalI = 5.5000 0.0000 0.0000 0.0000 0.0000 0.0000 0.0000 0.0000 4.0000 4.0000 4.0000 4.0000 4.0000 4.0000 4.0000 0.0000 0.0000 0.0000 0.0000 0.0000 0.0000 0.0000 0.0000 8.0000 8.0000 0.0000 0.0000 
before u = 8.1093 7.9457 7.9457 7.9457 7.9457 7.9457 7.9457 7.9457 7.8737 7.8737 7.8737 7.8737 7.8737 7.8737 7.8737 7.8014 7.8014 7.8014 7.8014 7.8014 7.8014 7.8014 7.7380 11.1707 11.1707 11.8261 9.1596 
before v = 34.9620 26.2723 26.2723 26.2723 26.2723 26.2723 26.2723 26.2723 23.0758 23.0758 23.0758 23.0758 23.0758 23.0758 23.0758 20.0204 20.0204 20.0204 20.0204 20.0204 20.0204 20.0204 17.4123 90.4559 90.4559 75.2117 27.8433 
Ibias = 9.4000 9.4000 9.4000 9.4000 9.4000 9.4000 9.4000 9.4000 2.0000 2.0000 2.0000 2.0000 2.0000 2.0000 2.0000 2.0000 2.0000 2.0000 2.0000 2.0000 2.0000 2.0000 -2.0000 16.0000 16.0000 10.0000 -11.0000 
fa1 = 0.7984 0.2467 0.2467 0.2467 0.2467 0.2467 0.2467 0.2467 0.1986 0.1986 0.1986 0.1986 0.1986 0.1986 0.1986 0.1700 0.1700 0.1700 0.1700 0.1700 0.1700 0.1700 0.1526 130.8092 130.8092 58.8109 1.0401 
fa2 = 0.7985 0.2466 0.2466 0.2466 0.2466 0.2466 0.2466 0.2466 0.1986 0.1986 0.1986 0.1986 0.1986 0.1986 0.1986 0.1699 0.1699 0.1699 0.1699 0.1699 0.1699 0.1699 0.1525 133.5965 133.5965 59.7012 1.0364 
fa3 = 0.7985 0.2466 0.2466 0.2466 0.2466 0.2466 0.2466 0.2466 0.1986 0.1986 0.1986 0.1986 0.1986 0.1986 0.1986 0.1699 0.1699 0.1699 0.1699 0.1699 0.1699 0.1699 0.1525 133.6562 133.6562 59.7147 1.0365 
fa4 = 0.7986 0.2466 0.2466 0.2466 0.2466 0.2466 0.2466 0.2466 0.1985 0.1985 0.1985 0.1985 0.1985 0.1985 0.1985 0.1699 0.1699 0.1699 0.1699 0.1699 0.1699 0.1699 0.1525 136.5415 136.5415 60.6261 1.0328 
fb1 = -0.1845 -0.2127 -0.2127 -0.2127 -0.2127 -0.2127 -0.2127 -0.2127 -0.2226 -0.2226 -0.2226 -0.2226 -0.2226 -0.2226 -0.2226 -0.2320 -0.2320 -0.2320 -0.2320 -0.2320 -0.2320 -0.2320 -0.2399 0.1384 0.1384 0.0643 -0.0718 
fb2 = -0.1845 -0.2127 -0.2127 -0.2127 -0.2127 -0.2127 -0.2127 -0.2127 -0.2226 -0.2226 -0.2226 -0.2226 -0.2226 -0.2226 -0.2226 -0.2319 -0.2319 -0.2319 -0.2319 -0.2319 -0.2319 -0.2319 -0.2398 0.1410 0.1410 0.0655 -0.0718 
fb3 = -0.1845 -0.2127 -0.2127 -0.2127 -0.2127 -0.2127 -0.2127 -0.2127 -0.2226 -0.2226 -0.2226 -0.2226 -0.2226 -0.2226 -0.2226 -0.2319 -0.2319 -0.2319 -0.2319 -0.2319 -0.2319 -0.2319 -0.2398 0.1411 0.1411 0.0655 -0.0718 
fb4 = -0.1844 -0.2126 -0.2126 -0.2126 -0.2126 -0.2126 -0.2126 -0.2126 -0.2225 -0.2225 -0.2225 -0.2225 -0.2225 -0.2225 -0.2225 -0.2319 -0.2319 -0.2319 -0.2319 -0.2319 -0.2319 -0.2319 -0.2398 0.1437 0.1437 0.0667 -0.0718 
I = 14.9000 9.4000 9.4000 9.4000 9.4000 9.4000 9.4000 9.4000 6.0000 6.0000 6.0000 6.0000 6.0000 6.0000 6.0000 2.0000 2.0000 2.0000 2.0000 2.0000 2.0000 2.0000 -2.0000 26.0566 26.0566 10.0000 2.7197 
S1 = 0.0000 0.0000 0.0000 0.0000 0.0000 0.0000 0.0000 0.0000 0.0000 0.0000 0.0000 0.0000 0.0000 0.0000 0.0000 0.0000 0.0000 0.0000 0.0000 0.0000 0.0000 0.0000 0.0000 0.0000 0.0000 0.0000 0.0000 
S2 = 0.0000 0.0000 0.0000 0.0000 0.0000 0.0000 0.0000 0.0000 0.0000 0.0000 0.0000 0.0000 0.0000 0.0000 0.0000 0.0000 0.0000 0.0000 0.0000 0.0000 0.0000 0.0000 0.0000 2.0566 2.0566 0.0000 13.7197 
u = 8.1074 7.9436 7.9436 7.9436 7.9436 7.9436 7.9436 7.9436 7.8714 7.8714 7.8714 7.8714 7.8714 7.8714 7.8714 7.7991 7.7991 7.7991 7.7991 7.7991 7.7991 7.7991 7.7356 11.1721 11.1721 11.8268 9.1589 
v = 34.9700 26.2748 26.2748 26.2748 26.2748 26.2748 26.2748 26.2748 23.0778 23.0778 23.0778 23.0778 23.0778 23.0778 23.0778 20.0221 20.0221 20.0221 20.0221 20.0221 20.0221 20.0221 17.4138 91.7924 91.7924 75.8089 27.8537 
