ExternalI = 5.5000 0.0000 0.0000 0.0000 0.0000 0.0000 0.0000 0.0000 4.0000 4.0000 4.0000 4.0000 4.0000 4.0000 4.0000 0.0000 0.0000 0.0000 0.0000 0.0000 0.0000 0.0000 0.0000 8.0000 8.0000 0.0000 0.0000 
before u = 8.1074 7.9436 7.9436 7.9436 7.9436 7.9436 7.9436 7.9436 7.8714 7.8714 7.8714 7.8714 7.8714 7.8714 7.8714 7.7991 7.7991 7.7991 7.7991 7.7991 7.7991 7.7991 7.7356 11.1721 11.1721 11.8268 9.1589 
before v = 34.9700 26.2748 26.2748 26.2748 26.2748 26.2748 26.2748 26.2748 23.0778 23.0778 23.0778 23.0778 23.0778 23.0778 23.0778 20.0221 20.0221 20.0221 20.0221 20.0221 20.0221 20.0221 17.4138 91.7924 91.7924 75.8089 27.8537 
Ibias = 9.4000 9.4000 9.4000 9.4000 9.4000 9.4000 9.4000 9.4000 2.0000 2.0000 2.0000 2.0000 2.0000 2.0000 2.0000 2.0000 2.0000 2.0000 2.0000 2.0000 2.0000 2.0000 -2.0000 16.0000 16.0000 10.0000 -11.0000 
fa1 = 0.7986 0.2466 0.2466 0.2466 0.2466 0.2466 0.2466 0.2466 0.1985 0.1985 0.1985 0.1985 0.1985 0.1985 0.1985 0.1699 0.1699 0.1699 0.1699 0.1699 0.1699 0.1699 0.1525 136.5368 136.5368 60.6260 1.0054 
fa2 = 0.7987 0.2466 0.2466 0.2466 0.2466 0.2466 0.2466 0.2466 0.1985 0.1985 0.1985 0.1985 0.1985 0.1985 0.1985 0.1699 0.1699 0.1699 0.1699 0.1699 0.1699 0.1699 0.1525 139.5199 139.5199 61.5583 1.0019 
fa3 = 0.7987 0.2466 0.2466 0.2466 0.2466 0.2466 0.2466 0.2466 0.1985 0.1985 0.1985 0.1985 0.1985 0.1985 0.1985 0.1699 0.1699 0.1699 0.1699 0.1699 0.1699 0.1699 0.1525 139.5855 139.5855 61.5727 1.0019 
fa4 = 0.7988 0.2465 0.2465 0.2465 0.2465 0.2465 0.2465 0.2465 0.1985 0.1985 0.1985 0.1985 0.1985 0.1985 0.1985 0.1699 0.1699 0.1699 0.1699 0.1699 0.1699 0.1699 0.1525 142.6760 142.6760 62.5275 0.9984 
fb1 = -0.1844 -0.2126 -0.2126 -0.2126 -0.2126 -0.2126 -0.2126 -0.2126 -0.2225 -0.2225 -0.2225 -0.2225 -0.2225 -0.2225 -0.2225 -0.2319 -0.2319 -0.2319 -0.2319 -0.2319 -0.2319 -0.2319 -0.2398 0.1437 0.1437 0.0667 -0.0718 
fb2 = -0.1844 -0.2126 -0.2126 -0.2126 -0.2126 -0.2126 -0.2126 -0.2126 -0.2225 -0.2225 -0.2225 -0.2225 -0.2225 -0.2225 -0.2225 -0.2318 -0.2318 -0.2318 -0.2318 -0.2318 -0.2318 -0.2318 -0.2397 0.1464 0.1464 0.0679 -0.0717 
fb3 = -0.1844 -0.2126 -0.2126 -0.2126 -0.2126 -0.2126 -0.2126 -0.2126 -0.2225 -0.2225 -0.2225 -0.2225 -0.2225 -0.2225 -0.2225 -0.2318 -0.2318 -0.2318 -0.2318 -0.2318 -0.2318 -0.2318 -0.2397 0.1465 0.1465 0.0679 -0.0717 
fb4 = -0.1843 -0.2126 -0.2126 -0.2126 -0.2126 -0.2126 -0.2126 -0.2126 -0.2224 -0.2224 -0.2224 -0.2224 -0.2224 -0.2224 -0.2224 -0.2318 -0.2318 -0.2318 -0.2318 -0.2318 -0.2318 -0.2318 -0.2397 0.1493 0.1493 0.0691 -0.0717 
I = 14.9000 9.4000 9.4000 9.4000 9.4000 9.4000 9.4000 9.4000 6.0000 6.0000 6.0000 6.0000 6.0000 6.0000 6.0000 2.0000 2.0000 2.0000 2.0000 2.0000 2.0000 2.0000 -2.0000 26.0525 26.0525 10.0000 2.6922 
S1 = 0.0000 0.0000 0.0000 0.0000 0.0000 0.0000 0.0000 0.0000 0.0000 0.0000 0.0000 0.0000 0.0000 0.0000 0.0000 0.0000 0.0000 0.0000 0.0000 0.0000 0.0000 0.0000 0.0000 0.0000 0.0000 0.0000 0.0000 
S2 = 0.0000 0.0000 0.0000 0.0000 0.0000 0.0000 0.0000 0.0000 0.0000 0.0000 0.0000 0.0000 0.0000 0.0000 0.0000 0.0000 0.0000 0.0000 0.0000 0.0000 0.0000 0.0000 0.0000 2.0525 2.0525 0.0000 13.6922 
u = 8.1056 7.9415 7.9415 7.9415 7.9415 7.9415 7.9415 7.9415 7.8692 7.8692 7.8692 7.8692 7.8692 7.8692 7.8692 7.7968 7.7968 7.7968 7.7968 7.7968 7.7968 7.7968 7.7332 11.1735 11.1735 11.8275 9.1582 
v = 34.9780 26.2773 26.2773 26.2773 26.2773 26.2773 26.2773 26.2773 23.0798 23.0798 23.0798 23.0798 23.0798 23.0798 23.0798 20.0238 20.0238 20.0238 20.0238 20.0238 20.0238 20.0238 17.4154 93.1881 93.1881 76.4245 27.8637 
