ExternalI = 5.5000 0.0000 0.0000 0.0000 0.0000 0.0000 0.0000 0.0000 4.0000 4.0000 4.0000 4.0000 4.0000 4.0000 4.0000 0.0000 0.0000 0.0000 0.0000 0.0000 0.0000 0.0000 0.0000 8.0000 8.0000 0.0000 0.0000 
before u = 8.1056 7.9415 7.9415 7.9415 7.9415 7.9415 7.9415 7.9415 7.8692 7.8692 7.8692 7.8692 7.8692 7.8692 7.8692 7.7968 7.7968 7.7968 7.7968 7.7968 7.7968 7.7968 7.7332 11.1735 11.1735 11.8275 9.1582 
before v = 34.9780 26.2773 26.2773 26.2773 26.2773 26.2773 26.2773 26.2773 23.0798 23.0798 23.0798 23.0798 23.0798 23.0798 23.0798 20.0238 20.0238 20.0238 20.0238 20.0238 20.0238 20.0238 17.4154 93.1881 93.1881 76.4245 27.8637 
Ibias = 9.4000 9.4000 9.4000 9.4000 9.4000 9.4000 9.4000 9.4000 2.0000 2.0000 2.0000 2.0000 2.0000 2.0000 2.0000 2.0000 2.0000 2.0000 2.0000 2.0000 2.0000 2.0000 -2.0000 16.0000 16.0000 10.0000 -11.0000 
fa1 = 0.7988 0.2465 0.2465 0.2465 0.2465 0.2465 0.2465 0.2465 0.1985 0.1985 0.1985 0.1985 0.1985 0.1985 0.1985 0.1699 0.1699 0.1699 0.1699 0.1699 0.1699 0.1699 0.1525 142.6713 142.6713 62.5274 0.9710 
fa2 = 0.7989 0.2465 0.2465 0.2465 0.2465 0.2465 0.2465 0.2465 0.1984 0.1984 0.1984 0.1984 0.1984 0.1984 0.1984 0.1698 0.1698 0.1698 0.1698 0.1698 0.1698 0.1698 0.1524 145.8689 145.8689 63.5045 0.9676 
fa3 = 0.7989 0.2465 0.2465 0.2465 0.2465 0.2465 0.2465 0.2465 0.1984 0.1984 0.1984 0.1984 0.1984 0.1984 0.1984 0.1698 0.1698 0.1698 0.1698 0.1698 0.1698 0.1698 0.1524 145.9411 145.9411 63.5198 0.9676 
fa4 = 0.7991 0.2464 0.2464 0.2464 0.2464 0.2464 0.2464 0.2464 0.1984 0.1984 0.1984 0.1984 0.1984 0.1984 0.1984 0.1698 0.1698 0.1698 0.1698 0.1698 0.1698 0.1698 0.1524 149.2567 149.2567 64.5208 0.9642 
fb1 = -0.1843 -0.2126 -0.2126 -0.2126 -0.2126 -0.2126 -0.2126 -0.2126 -0.2224 -0.2224 -0.2224 -0.2224 -0.2224 -0.2224 -0.2224 -0.2318 -0.2318 -0.2318 -0.2318 -0.2318 -0.2318 -0.2318 -0.2397 0.1493 0.1493 0.0691 -0.0717 
fb2 = -0.1843 -0.2125 -0.2125 -0.2125 -0.2125 -0.2125 -0.2125 -0.2125 -0.2224 -0.2224 -0.2224 -0.2224 -0.2224 -0.2224 -0.2224 -0.2317 -0.2317 -0.2317 -0.2317 -0.2317 -0.2317 -0.2317 -0.2396 0.1521 0.1521 0.0704 -0.0717 
fb3 = -0.1843 -0.2125 -0.2125 -0.2125 -0.2125 -0.2125 -0.2125 -0.2125 -0.2224 -0.2224 -0.2224 -0.2224 -0.2224 -0.2224 -0.2224 -0.2317 -0.2317 -0.2317 -0.2317 -0.2317 -0.2317 -0.2317 -0.2396 0.1522 0.1522 0.0704 -0.0717 
fb4 = -0.1842 -0.2125 -0.2125 -0.2125 -0.2125 -0.2125 -0.2125 -0.2125 -0.2224 -0.2224 -0.2224 -0.2224 -0.2224 -0.2224 -0.2224 -0.2317 -0.2317 -0.2317 -0.2317 -0.2317 -0.2317 -0.2317 -0.2396 0.1551 0.1551 0.0717 -0.0717 
I = 14.9000 9.4000 9.4000 9.4000 9.4000 9.4000 9.4000 9.4000 6.0000 6.0000 6.0000 6.0000 6.0000 6.0000 6.0000 2.0000 2.0000 2.0000 2.0000 2.0000 2.0000 2.0000 -2.0000 26.0484 26.0484 10.0000 2.6649 
S1 = 0.0000 0.0000 0.0000 0.0000 0.0000 0.0000 0.0000 0.0000 0.0000 0.0000 0.0000 0.0000 0.0000 0.0000 0.0000 0.0000 0.0000 0.0000 0.0000 0.0000 0.0000 0.0000 0.0000 0.0000 0.0000 0.0000 0.0000 
S2 = 0.0000 0.0000 0.0000 0.0000 0.0000 0.0000 0.0000 0.0000 0.0000 0.0000 0.0000 0.0000 0.0000 0.0000 0.0000 0.0000 0.0000 0.0000 0.0000 0.0000 0.0000 0.0000 0.0000 2.0484 2.0484 0.0000 13.6649 
u = 8.1038 7.9394 7.9394 7.9394 7.9394 7.9394 7.9394 7.9394 7.8670 7.8670 7.8670 7.8670 7.8670 7.8670 7.8670 7.7945 7.7945 7.7945 7.7945 7.7945 7.7945 7.7945 7.7308 11.1751 11.1751 11.8282 9.1575 
v = 34.9859 26.2797 26.2797 26.2797 26.2797 26.2797 26.2797 26.2797 23.0818 23.0818 23.0818 23.0818 23.0818 23.0818 23.0818 20.0255 20.0255 20.0255 20.0255 20.0255 20.0255 20.0255 17.4169 94.6473 94.6473 77.0597 27.8734 
