ExternalI = 5.5000 0.0000 0.0000 0.0000 0.0000 0.0000 0.0000 0.0000 4.0000 4.0000 4.0000 4.0000 4.0000 4.0000 4.0000 0.0000 0.0000 0.0000 0.0000 0.0000 0.0000 0.0000 0.0000 8.0000 8.0000 0.0000 0.0000 
before u = 8.1038 7.9394 7.9394 7.9394 7.9394 7.9394 7.9394 7.9394 7.8670 7.8670 7.8670 7.8670 7.8670 7.8670 7.8670 7.7945 7.7945 7.7945 7.7945 7.7945 7.7945 7.7945 7.7308 11.1751 11.1751 11.8282 9.1575 
before v = 34.9859 26.2797 26.2797 26.2797 26.2797 26.2797 26.2797 26.2797 23.0818 23.0818 23.0818 23.0818 23.0818 23.0818 23.0818 20.0255 20.0255 20.0255 20.0255 20.0255 20.0255 20.0255 17.4169 94.6473 94.6473 77.0597 27.8734 
Ibias = 9.4000 9.4000 9.4000 9.4000 9.4000 9.4000 9.4000 9.4000 2.0000 2.0000 2.0000 2.0000 2.0000 2.0000 2.0000 2.0000 2.0000 2.0000 2.0000 2.0000 2.0000 2.0000 -2.0000 16.0000 16.0000 10.0000 -11.0000 
fa1 = 0.7991 0.2464 0.2464 0.2464 0.2464 0.2464 0.2464 0.2464 0.1984 0.1984 0.1984 0.1984 0.1984 0.1984 0.1984 0.1698 0.1698 0.1698 0.1698 0.1698 0.1698 0.1698 0.1524 149.2518 149.2518 64.5207 0.9369 
fa2 = 0.7992 0.2464 0.2464 0.2464 0.2464 0.2464 0.2464 0.2464 0.1984 0.1984 0.1984 0.1984 0.1984 0.1984 0.1984 0.1698 0.1698 0.1698 0.1698 0.1698 0.1698 0.1698 0.1524 152.6851 152.6851 65.5454 0.9337 
fa3 = 0.7992 0.2464 0.2464 0.2464 0.2464 0.2464 0.2464 0.2464 0.1984 0.1984 0.1984 0.1984 0.1984 0.1984 0.1984 0.1698 0.1698 0.1698 0.1698 0.1698 0.1698 0.1698 0.1524 152.7646 152.7646 65.5618 0.9337 
fa4 = 0.7993 0.2463 0.2463 0.2463 0.2463 0.2463 0.2463 0.2463 0.1983 0.1983 0.1983 0.1983 0.1983 0.1983 0.1983 0.1697 0.1697 0.1697 0.1697 0.1697 0.1697 0.1697 0.1524 156.3277 156.3277 66.6120 0.9304 
fb1 = -0.1842 -0.2125 -0.2125 -0.2125 -0.2125 -0.2125 -0.2125 -0.2125 -0.2224 -0.2224 -0.2224 -0.2224 -0.2224 -0.2224 -0.2224 -0.2317 -0.2317 -0.2317 -0.2317 -0.2317 -0.2317 -0.2317 -0.2396 0.1551 0.1551 0.0717 -0.0717 
fb2 = -0.1842 -0.2124 -0.2124 -0.2124 -0.2124 -0.2124 -0.2124 -0.2124 -0.2223 -0.2223 -0.2223 -0.2223 -0.2223 -0.2223 -0.2223 -0.2316 -0.2316 -0.2316 -0.2316 -0.2316 -0.2316 -0.2316 -0.2395 0.1581 0.1581 0.0730 -0.0716 
fb3 = -0.1842 -0.2124 -0.2124 -0.2124 -0.2124 -0.2124 -0.2124 -0.2124 -0.2223 -0.2223 -0.2223 -0.2223 -0.2223 -0.2223 -0.2223 -0.2316 -0.2316 -0.2316 -0.2316 -0.2316 -0.2316 -0.2316 -0.2395 0.1581 0.1581 0.0730 -0.0716 
fb4 = -0.1841 -0.2124 -0.2124 -0.2124 -0.2124 -0.2124 -0.2124 -0.2124 -0.2223 -0.2223 -0.2223 -0.2223 -0.2223 -0.2223 -0.2223 -0.2316 -0.2316 -0.2316 -0.2316 -0.2316 -0.2316 -0.2316 -0.2395 0.1612 0.1612 0.0743 -0.0716 
I = 14.9000 9.4000 9.4000 9.4000 9.4000 9.4000 9.4000 9.4000 6.0000 6.0000 6.0000 6.0000 6.0000 6.0000 6.0000 2.0000 2.0000 2.0000 2.0000 2.0000 2.0000 2.0000 -2.0000 26.0443 26.0443 10.0000 2.6375 
S1 = 0.0000 0.0000 0.0000 0.0000 0.0000 0.0000 0.0000 0.0000 0.0000 0.0000 0.0000 0.0000 0.0000 0.0000 0.0000 0.0000 0.0000 0.0000 0.0000 0.0000 0.0000 0.0000 0.0000 0.0000 0.0000 0.0000 0.0000 
S2 = 0.0000 0.0000 0.0000 0.0000 0.0000 0.0000 0.0000 0.0000 0.0000 0.0000 0.0000 0.0000 0.0000 0.0000 0.0000 0.0000 0.0000 0.0000 0.0000 0.0000 0.0000 0.0000 0.0000 2.0443 2.0443 0.0000 13.6375 
u = 8.1019 7.9372 7.9372 7.9372 7.9372 7.9372 7.9372 7.9372 7.8648 7.8648 7.8648 7.8648 7.8648 7.8648 7.8648 7.7922 7.7922 7.7922 7.7922 7.7922 7.7922 7.7922 7.7284 11.1766 11.1766 11.8289 9.1567 
v = 34.9939 26.2822 26.2822 26.2822 26.2822 26.2822 26.2822 26.2822 23.0838 23.0838 23.0838 23.0838 23.0838 23.0838 23.0838 20.0272 20.0272 20.0272 20.0272 20.0272 20.0272 20.0272 17.4184 96.1748 96.1748 77.7153 27.8827 
