ExternalI = 5.5000 0.0000 0.0000 0.0000 0.0000 0.0000 0.0000 0.0000 4.0000 4.0000 4.0000 4.0000 4.0000 4.0000 4.0000 0.0000 0.0000 0.0000 0.0000 0.0000 0.0000 0.0000 0.0000 8.0000 8.0000 0.0000 0.0000 
before u = 8.1019 7.9372 7.9372 7.9372 7.9372 7.9372 7.9372 7.9372 7.8648 7.8648 7.8648 7.8648 7.8648 7.8648 7.8648 7.7922 7.7922 7.7922 7.7922 7.7922 7.7922 7.7922 7.7284 11.1766 11.1766 11.8289 9.1567 
before v = 34.9939 26.2822 26.2822 26.2822 26.2822 26.2822 26.2822 26.2822 23.0838 23.0838 23.0838 23.0838 23.0838 23.0838 23.0838 20.0272 20.0272 20.0272 20.0272 20.0272 20.0272 20.0272 17.4184 96.1748 96.1748 77.7153 27.8827 
Ibias = 9.4000 9.4000 9.4000 9.4000 9.4000 9.4000 9.4000 9.4000 2.0000 2.0000 2.0000 2.0000 2.0000 2.0000 2.0000 2.0000 2.0000 2.0000 2.0000 2.0000 2.0000 2.0000 -2.0000 16.0000 16.0000 10.0000 -11.0000 
fa1 = 0.7993 0.2463 0.2463 0.2463 0.2463 0.2463 0.2463 0.2463 0.1983 0.1983 0.1983 0.1983 0.1983 0.1983 0.1983 0.1697 0.1697 0.1697 0.1697 0.1697 0.1697 0.1697 0.1524 156.3227 156.3227 66.6119 0.9032 
fa2 = 0.7994 0.2463 0.2463 0.2463 0.2463 0.2463 0.2463 0.2463 0.1983 0.1983 0.1983 0.1983 0.1983 0.1983 0.1983 0.1697 0.1697 0.1697 0.1697 0.1697 0.1697 0.1697 0.1523 160.0153 160.0153 67.6875 0.9001 
fa3 = 0.7994 0.2463 0.2463 0.2463 0.2463 0.2463 0.2463 0.2463 0.1983 0.1983 0.1983 0.1983 0.1983 0.1983 0.1983 0.1697 0.1697 0.1697 0.1697 0.1697 0.1697 0.1697 0.1523 160.1031 160.1031 67.7049 0.9001 
fa4 = 0.7995 0.2462 0.2462 0.2462 0.2462 0.2462 0.2462 0.2462 0.1983 0.1983 0.1983 0.1983 0.1983 0.1983 0.1983 0.1697 0.1697 0.1697 0.1697 0.1697 0.1697 0.1697 0.1523 163.9388 163.9388 68.8077 0.8970 
fb1 = -0.1841 -0.2124 -0.2124 -0.2124 -0.2124 -0.2124 -0.2124 -0.2124 -0.2223 -0.2223 -0.2223 -0.2223 -0.2223 -0.2223 -0.2223 -0.2316 -0.2316 -0.2316 -0.2316 -0.2316 -0.2316 -0.2316 -0.2395 0.1612 0.1612 0.0743 -0.0716 
fb2 = -0.1840 -0.2123 -0.2123 -0.2123 -0.2123 -0.2123 -0.2123 -0.2123 -0.2222 -0.2222 -0.2222 -0.2222 -0.2222 -0.2222 -0.2222 -0.2315 -0.2315 -0.2315 -0.2315 -0.2315 -0.2315 -0.2315 -0.2394 0.1643 0.1643 0.0756 -0.0716 
fb3 = -0.1840 -0.2123 -0.2123 -0.2123 -0.2123 -0.2123 -0.2123 -0.2123 -0.2222 -0.2222 -0.2222 -0.2222 -0.2222 -0.2222 -0.2222 -0.2315 -0.2315 -0.2315 -0.2315 -0.2315 -0.2315 -0.2315 -0.2394 0.1644 0.1644 0.0756 -0.0716 
fb4 = -0.1840 -0.2123 -0.2123 -0.2123 -0.2123 -0.2123 -0.2123 -0.2123 -0.2222 -0.2222 -0.2222 -0.2222 -0.2222 -0.2222 -0.2222 -0.2315 -0.2315 -0.2315 -0.2315 -0.2315 -0.2315 -0.2315 -0.2394 0.1675 0.1675 0.0770 -0.0716 
I = 14.9000 9.4000 9.4000 9.4000 9.4000 9.4000 9.4000 9.4000 6.0000 6.0000 6.0000 6.0000 6.0000 6.0000 6.0000 2.0000 2.0000 2.0000 2.0000 2.0000 2.0000 2.0000 -2.0000 26.0402 26.0402 10.0000 2.6102 
S1 = 0.0000 0.0000 0.0000 0.0000 0.0000 0.0000 0.0000 0.0000 0.0000 0.0000 0.0000 0.0000 0.0000 0.0000 0.0000 0.0000 0.0000 0.0000 0.0000 0.0000 0.0000 0.0000 0.0000 0.0000 0.0000 0.0000 0.0000 
S2 = 0.0000 0.0000 0.0000 0.0000 0.0000 0.0000 0.0000 0.0000 0.0000 0.0000 0.0000 0.0000 0.0000 0.0000 0.0000 0.0000 0.0000 0.0000 0.0000 0.0000 0.0000 0.0000 0.0000 2.0402 2.0402 0.0000 13.6102 
u = 8.1001 7.9351 7.9351 7.9351 7.9351 7.9351 7.9351 7.9351 7.8625 7.8625 7.8625 7.8625 7.8625 7.8625 7.8625 7.7899 7.7899 7.7899 7.7899 7.7899 7.7899 7.7899 7.7260 11.1783 11.1783 11.8296 9.1560 
v = 35.0019 26.2846 26.2846 26.2846 26.2846 26.2846 26.2846 26.2846 23.0858 23.0858 23.0858 23.0858 23.0858 23.0858 23.0858 20.0289 20.0289 20.0289 20.0289 20.0289 20.0289 20.0289 17.4199 97.7756 97.7756 78.3923 27.8917 
