ExternalI = 5.5000 0.0000 0.0000 0.0000 0.0000 0.0000 0.0000 0.0000 4.0000 4.0000 4.0000 4.0000 4.0000 4.0000 4.0000 0.0000 0.0000 0.0000 0.0000 0.0000 0.0000 0.0000 0.0000 8.0000 8.0000 0.0000 0.0000 
before u = 8.1001 7.9351 7.9351 7.9351 7.9351 7.9351 7.9351 7.9351 7.8625 7.8625 7.8625 7.8625 7.8625 7.8625 7.8625 7.7899 7.7899 7.7899 7.7899 7.7899 7.7899 7.7899 7.7260 11.1783 11.1783 11.8296 9.1560 
before v = 35.0019 26.2846 26.2846 26.2846 26.2846 26.2846 26.2846 26.2846 23.0858 23.0858 23.0858 23.0858 23.0858 23.0858 23.0858 20.0289 20.0289 20.0289 20.0289 20.0289 20.0289 20.0289 17.4199 97.7756 97.7756 78.3923 27.8917 
Ibias = 9.4000 9.4000 9.4000 9.4000 9.4000 9.4000 9.4000 9.4000 2.0000 2.0000 2.0000 2.0000 2.0000 2.0000 2.0000 2.0000 2.0000 2.0000 2.0000 2.0000 2.0000 2.0000 -2.0000 16.0000 16.0000 10.0000 -11.0000 
fa1 = 0.7995 0.2462 0.2462 0.2462 0.2462 0.2462 0.2462 0.2462 0.1983 0.1983 0.1983 0.1983 0.1983 0.1983 0.1983 0.1697 0.1697 0.1697 0.1697 0.1697 0.1697 0.1697 0.1523 163.9338 163.9338 68.8075 0.8697 
fa2 = 0.7997 0.2462 0.2462 0.2462 0.2462 0.2462 0.2462 0.2462 0.1983 0.1983 0.1983 0.1983 0.1983 0.1983 0.1983 0.1697 0.1697 0.1697 0.1697 0.1697 0.1697 0.1697 0.1523 167.9123 167.9123 69.9374 0.8668 
fa3 = 0.7997 0.2462 0.2462 0.2462 0.2462 0.2462 0.2462 0.2462 0.1983 0.1983 0.1983 0.1983 0.1983 0.1983 0.1983 0.1697 0.1697 0.1697 0.1697 0.1697 0.1697 0.1697 0.1523 168.0095 168.0095 69.9560 0.8668 
fa4 = 0.7998 0.2462 0.2462 0.2462 0.2462 0.2462 0.2462 0.2462 0.1982 0.1982 0.1982 0.1982 0.1982 0.1982 0.1982 0.1696 0.1696 0.1696 0.1696 0.1696 0.1696 0.1696 0.1523 172.1465 172.1465 71.1149 0.8638 
fb1 = -0.1840 -0.2123 -0.2123 -0.2123 -0.2123 -0.2123 -0.2123 -0.2123 -0.2222 -0.2222 -0.2222 -0.2222 -0.2222 -0.2222 -0.2222 -0.2315 -0.2315 -0.2315 -0.2315 -0.2315 -0.2315 -0.2315 -0.2394 0.1675 0.1675 0.0770 -0.0716 
fb2 = -0.1839 -0.2122 -0.2122 -0.2122 -0.2122 -0.2122 -0.2122 -0.2122 -0.2221 -0.2221 -0.2221 -0.2221 -0.2221 -0.2221 -0.2221 -0.2314 -0.2314 -0.2314 -0.2314 -0.2314 -0.2314 -0.2314 -0.2393 0.1708 0.1708 0.0783 -0.0715 
fb3 = -0.1839 -0.2122 -0.2122 -0.2122 -0.2122 -0.2122 -0.2122 -0.2122 -0.2221 -0.2221 -0.2221 -0.2221 -0.2221 -0.2221 -0.2221 -0.2314 -0.2314 -0.2314 -0.2314 -0.2314 -0.2314 -0.2314 -0.2393 0.1709 0.1709 0.0784 -0.0715 
fb4 = -0.1839 -0.2122 -0.2122 -0.2122 -0.2122 -0.2122 -0.2122 -0.2122 -0.2221 -0.2221 -0.2221 -0.2221 -0.2221 -0.2221 -0.2221 -0.2314 -0.2314 -0.2314 -0.2314 -0.2314 -0.2314 -0.2314 -0.2393 0.1742 0.1742 0.0798 -0.0715 
I = 14.9000 9.4000 9.4000 9.4000 9.4000 9.4000 9.4000 9.4000 6.0000 6.0000 6.0000 6.0000 6.0000 6.0000 6.0000 2.0000 2.0000 2.0000 2.0000 2.0000 2.0000 2.0000 -2.0000 26.0362 26.0362 10.0000 2.5830 
S1 = 0.0000 0.0000 0.0000 0.0000 0.0000 0.0000 0.0000 0.0000 0.0000 0.0000 0.0000 0.0000 0.0000 0.0000 0.0000 0.0000 0.0000 0.0000 0.0000 0.0000 0.0000 0.0000 0.0000 0.0000 0.0000 0.0000 0.0000 
S2 = 0.0000 0.0000 0.0000 0.0000 0.0000 0.0000 0.0000 0.0000 0.0000 0.0000 0.0000 0.0000 0.0000 0.0000 0.0000 0.0000 0.0000 0.0000 0.0000 0.0000 0.0000 0.0000 0.0000 2.0362 2.0362 0.0000 13.5830 
u = 8.0982 7.9330 7.9330 7.9330 7.9330 7.9330 7.9330 7.9330 7.8603 7.8603 7.8603 7.8603 7.8603 7.8603 7.8603 7.7875 7.7875 7.7875 7.7875 7.7875 7.7875 7.7875 7.7236 11.1800 11.1800 11.8304 9.1553 
v = 35.0099 26.2871 26.2871 26.2871 26.2871 26.2871 26.2871 26.2871 23.0877 23.0877 23.0877 23.0877 23.0877 23.0877 23.0877 20.0306 20.0306 20.0306 20.0306 20.0306 20.0306 20.0306 17.4215 99.4555 99.4555 79.0918 27.9004 
