ExternalI = 5.5000 0.0000 0.0000 0.0000 0.0000 0.0000 0.0000 0.0000 4.0000 4.0000 4.0000 4.0000 4.0000 4.0000 4.0000 0.0000 0.0000 0.0000 0.0000 0.0000 0.0000 0.0000 0.0000 8.0000 8.0000 0.0000 0.0000 
before u = 8.0982 7.9330 7.9330 7.9330 7.9330 7.9330 7.9330 7.9330 7.8603 7.8603 7.8603 7.8603 7.8603 7.8603 7.8603 7.7875 7.7875 7.7875 7.7875 7.7875 7.7875 7.7875 7.7236 11.1800 11.1800 11.8304 9.1553 
before v = 35.0099 26.2871 26.2871 26.2871 26.2871 26.2871 26.2871 26.2871 23.0877 23.0877 23.0877 23.0877 23.0877 23.0877 23.0877 20.0306 20.0306 20.0306 20.0306 20.0306 20.0306 20.0306 17.4215 99.4555 99.4555 79.0918 27.9004 
Ibias = 9.4000 9.4000 9.4000 9.4000 9.4000 9.4000 9.4000 9.4000 2.0000 2.0000 2.0000 2.0000 2.0000 2.0000 2.0000 2.0000 2.0000 2.0000 2.0000 2.0000 2.0000 2.0000 -2.0000 16.0000 16.0000 10.0000 -11.0000 
fa1 = 0.7998 0.2462 0.2462 0.2462 0.2462 0.2462 0.2462 0.2462 0.1982 0.1982 0.1982 0.1982 0.1982 0.1982 0.1982 0.1696 0.1696 0.1696 0.1696 0.1696 0.1696 0.1696 0.1523 172.1413 172.1413 71.1147 0.8366 
fa2 = 0.7999 0.2461 0.2461 0.2461 0.2461 0.2461 0.2461 0.2461 0.1982 0.1982 0.1982 0.1982 0.1982 0.1982 0.1982 0.1696 0.1696 0.1696 0.1696 0.1696 0.1696 0.1696 0.1522 176.4361 176.4361 72.3025 0.8338 
fa3 = 0.7999 0.2461 0.2461 0.2461 0.2461 0.2461 0.2461 0.2461 0.1982 0.1982 0.1982 0.1982 0.1982 0.1982 0.1982 0.1696 0.1696 0.1696 0.1696 0.1696 0.1696 0.1696 0.1522 176.5440 176.5440 72.3224 0.8338 
fa4 = 0.8000 0.2461 0.2461 0.2461 0.2461 0.2461 0.2461 0.2461 0.1982 0.1982 0.1982 0.1982 0.1982 0.1982 0.1982 0.1696 0.1696 0.1696 0.1696 0.1696 0.1696 0.1696 0.1522 181.0145 181.0145 73.5412 0.8309 
fb1 = -0.1839 -0.2122 -0.2122 -0.2122 -0.2122 -0.2122 -0.2122 -0.2122 -0.2221 -0.2221 -0.2221 -0.2221 -0.2221 -0.2221 -0.2221 -0.2314 -0.2314 -0.2314 -0.2314 -0.2314 -0.2314 -0.2314 -0.2393 0.1742 0.1742 0.0798 -0.0715 
fb2 = -0.1838 -0.2121 -0.2121 -0.2121 -0.2121 -0.2121 -0.2121 -0.2121 -0.2220 -0.2220 -0.2220 -0.2220 -0.2220 -0.2220 -0.2220 -0.2313 -0.2313 -0.2313 -0.2313 -0.2313 -0.2313 -0.2313 -0.2392 0.1776 0.1776 0.0812 -0.0715 
fb3 = -0.1838 -0.2121 -0.2121 -0.2121 -0.2121 -0.2121 -0.2121 -0.2121 -0.2220 -0.2220 -0.2220 -0.2220 -0.2220 -0.2220 -0.2220 -0.2313 -0.2313 -0.2313 -0.2313 -0.2313 -0.2313 -0.2313 -0.2392 0.1777 0.1777 0.0812 -0.0715 
fb4 = -0.1838 -0.2121 -0.2121 -0.2121 -0.2121 -0.2121 -0.2121 -0.2121 -0.2220 -0.2220 -0.2220 -0.2220 -0.2220 -0.2220 -0.2220 -0.2313 -0.2313 -0.2313 -0.2313 -0.2313 -0.2313 -0.2313 -0.2392 0.1812 0.1812 0.0826 -0.0715 
I = 14.9000 9.4000 9.4000 9.4000 9.4000 9.4000 9.4000 9.4000 6.0000 6.0000 6.0000 6.0000 6.0000 6.0000 6.0000 2.0000 2.0000 2.0000 2.0000 2.0000 2.0000 2.0000 -2.0000 26.0321 26.0321 10.0000 2.5559 
S1 = 0.0000 0.0000 0.0000 0.0000 0.0000 0.0000 0.0000 0.0000 0.0000 0.0000 0.0000 0.0000 0.0000 0.0000 0.0000 0.0000 0.0000 0.0000 0.0000 0.0000 0.0000 0.0000 0.0000 0.0000 0.0000 0.0000 0.0000 
S2 = 0.0000 0.0000 0.0000 0.0000 0.0000 0.0000 0.0000 0.0000 0.0000 0.0000 0.0000 0.0000 0.0000 0.0000 0.0000 0.0000 0.0000 0.0000 0.0000 0.0000 0.0000 0.0000 0.0000 2.0321 2.0321 0.0000 13.5559 
u = 8.0964 7.9309 7.9309 7.9309 7.9309 7.9309 7.9309 7.9309 7.8581 7.8581 7.8581 7.8581 7.8581 7.8581 7.8581 7.7852 7.7852 7.7852 7.7852 7.7852 7.7852 7.7852 7.7213 11.1818 11.1818 11.8312 9.1546 
v = 35.0179 26.2896 26.2896 26.2896 26.2896 26.2896 26.2896 26.2896 23.0897 23.0897 23.0897 23.0897 23.0897 23.0897 23.0897 20.0323 20.0323 20.0323 20.0323 20.0323 20.0323 20.0323 17.4230 101.2207 101.2207 79.8150 27.9087 
