ExternalI = 5.5000 0.0000 0.0000 0.0000 0.0000 0.0000 0.0000 0.0000 4.0000 4.0000 4.0000 4.0000 4.0000 4.0000 4.0000 0.0000 0.0000 0.0000 0.0000 0.0000 0.0000 0.0000 0.0000 8.0000 8.0000 0.0000 0.0000 
before u = 8.0964 7.9309 7.9309 7.9309 7.9309 7.9309 7.9309 7.9309 7.8581 7.8581 7.8581 7.8581 7.8581 7.8581 7.8581 7.7852 7.7852 7.7852 7.7852 7.7852 7.7852 7.7852 7.7213 11.1818 11.1818 11.8312 9.1546 
before v = 35.0179 26.2896 26.2896 26.2896 26.2896 26.2896 26.2896 26.2896 23.0897 23.0897 23.0897 23.0897 23.0897 23.0897 23.0897 20.0323 20.0323 20.0323 20.0323 20.0323 20.0323 20.0323 17.4230 101.2207 101.2207 79.8150 27.9087 
Ibias = 9.4000 9.4000 9.4000 9.4000 9.4000 9.4000 9.4000 9.4000 2.0000 2.0000 2.0000 2.0000 2.0000 2.0000 2.0000 2.0000 2.0000 2.0000 2.0000 2.0000 2.0000 2.0000 -2.0000 16.0000 16.0000 10.0000 -11.0000 
fa1 = 0.8000 0.2461 0.2461 0.2461 0.2461 0.2461 0.2461 0.2461 0.1982 0.1982 0.1982 0.1982 0.1982 0.1982 0.1982 0.1696 0.1696 0.1696 0.1696 0.1696 0.1696 0.1696 0.1522 181.0092 181.0092 73.5411 0.8038 
fa2 = 0.8002 0.2460 0.2460 0.2460 0.2460 0.2460 0.2460 0.2460 0.1981 0.1981 0.1981 0.1981 0.1981 0.1981 0.1981 0.1695 0.1695 0.1695 0.1695 0.1695 0.1695 0.1695 0.1522 185.6547 185.6547 74.7908 0.8011 
fa3 = 0.8002 0.2460 0.2460 0.2460 0.2460 0.2460 0.2460 0.2460 0.1981 0.1981 0.1981 0.1981 0.1981 0.1981 0.1981 0.1695 0.1695 0.1695 0.1695 0.1695 0.1695 0.1695 0.1522 185.7747 185.7747 74.8122 0.8011 
fa4 = 0.8003 0.2460 0.2460 0.2460 0.2460 0.2460 0.2460 0.2460 0.1981 0.1981 0.1981 0.1981 0.1981 0.1981 0.1981 0.1695 0.1695 0.1695 0.1695 0.1695 0.1695 0.1695 0.1521 190.6155 190.6155 76.0952 0.7984 
fb1 = -0.1838 -0.2121 -0.2121 -0.2121 -0.2121 -0.2121 -0.2121 -0.2121 -0.2220 -0.2220 -0.2220 -0.2220 -0.2220 -0.2220 -0.2220 -0.2313 -0.2313 -0.2313 -0.2313 -0.2313 -0.2313 -0.2313 -0.2392 0.1812 0.1812 0.0826 -0.0715 
fb2 = -0.1837 -0.2120 -0.2120 -0.2120 -0.2120 -0.2120 -0.2120 -0.2120 -0.2219 -0.2219 -0.2219 -0.2219 -0.2219 -0.2219 -0.2219 -0.2312 -0.2312 -0.2312 -0.2312 -0.2312 -0.2312 -0.2312 -0.2391 0.1848 0.1848 0.0841 -0.0714 
fb3 = -0.1837 -0.2120 -0.2120 -0.2120 -0.2120 -0.2120 -0.2120 -0.2120 -0.2219 -0.2219 -0.2219 -0.2219 -0.2219 -0.2219 -0.2219 -0.2312 -0.2312 -0.2312 -0.2312 -0.2312 -0.2312 -0.2312 -0.2391 0.1849 0.1849 0.0841 -0.0714 
fb4 = -0.1837 -0.2120 -0.2120 -0.2120 -0.2120 -0.2120 -0.2120 -0.2120 -0.2219 -0.2219 -0.2219 -0.2219 -0.2219 -0.2219 -0.2219 -0.2312 -0.2312 -0.2312 -0.2312 -0.2312 -0.2312 -0.2312 -0.2391 0.1886 0.1886 0.0856 -0.0714 
I = 14.9000 9.4000 9.4000 9.4000 9.4000 9.4000 9.4000 9.4000 6.0000 6.0000 6.0000 6.0000 6.0000 6.0000 6.0000 2.0000 2.0000 2.0000 2.0000 2.0000 2.0000 2.0000 -2.0000 26.0280 26.0280 10.0000 2.5288 
S1 = 0.0000 0.0000 0.0000 0.0000 0.0000 0.0000 0.0000 0.0000 0.0000 0.0000 0.0000 0.0000 0.0000 0.0000 0.0000 0.0000 0.0000 0.0000 0.0000 0.0000 0.0000 0.0000 0.0000 0.0000 0.0000 0.0000 0.0000 
S2 = 0.0000 0.0000 0.0000 0.0000 0.0000 0.0000 0.0000 0.0000 0.0000 0.0000 0.0000 0.0000 0.0000 0.0000 0.0000 0.0000 0.0000 0.0000 0.0000 0.0000 0.0000 0.0000 0.0000 2.0280 2.0280 0.0000 13.5288 
u = 8.0946 7.9288 7.9288 7.9288 7.9288 7.9288 7.9288 7.9288 7.8559 7.8559 7.8559 7.8559 7.8559 7.8559 7.8559 7.7829 7.7829 7.7829 7.7829 7.7829 7.7829 7.7829 7.7189 11.1836 11.1836 11.8321 9.1539 
v = 35.0259 26.2920 26.2920 26.2920 26.2920 26.2920 26.2920 26.2920 23.0917 23.0917 23.0917 23.0917 23.0917 23.0917 23.0917 20.0340 20.0340 20.0340 20.0340 20.0340 20.0340 20.0340 17.4245 103.0781 103.0781 80.5631 27.9168 
