ExternalI = 5.5000 0.0000 0.0000 0.0000 0.0000 0.0000 0.0000 0.0000 4.0000 4.0000 4.0000 4.0000 4.0000 4.0000 4.0000 0.0000 0.0000 0.0000 0.0000 0.0000 0.0000 0.0000 0.0000 8.0000 8.0000 0.0000 0.0000 
before u = 8.0946 7.9288 7.9288 7.9288 7.9288 7.9288 7.9288 7.9288 7.8559 7.8559 7.8559 7.8559 7.8559 7.8559 7.8559 7.7829 7.7829 7.7829 7.7829 7.7829 7.7829 7.7829 7.7189 11.1836 11.1836 11.8321 9.1539 
before v = 35.0259 26.2920 26.2920 26.2920 26.2920 26.2920 26.2920 26.2920 23.0917 23.0917 23.0917 23.0917 23.0917 23.0917 23.0917 20.0340 20.0340 20.0340 20.0340 20.0340 20.0340 20.0340 17.4245 103.0781 103.0781 80.5631 27.9168 
Ibias = 9.4000 9.4000 9.4000 9.4000 9.4000 9.4000 9.4000 9.4000 2.0000 2.0000 2.0000 2.0000 2.0000 2.0000 2.0000 2.0000 2.0000 2.0000 2.0000 2.0000 2.0000 2.0000 -2.0000 16.0000 16.0000 10.0000 -11.0000 
fa1 = 0.8003 0.2460 0.2460 0.2460 0.2460 0.2460 0.2460 0.2460 0.1981 0.1981 0.1981 0.1981 0.1981 0.1981 0.1981 0.1695 0.1695 0.1695 0.1695 0.1695 0.1695 0.1695 0.1521 190.6100 190.6100 76.0950 0.7713 
fa2 = 0.8004 0.2459 0.2459 0.2459 0.2459 0.2459 0.2459 0.2459 0.1981 0.1981 0.1981 0.1981 0.1981 0.1981 0.1981 0.1695 0.1695 0.1695 0.1695 0.1695 0.1695 0.1695 0.1521 195.6454 195.6454 77.4111 0.7688 
fa3 = 0.8004 0.2459 0.2459 0.2459 0.2459 0.2459 0.2459 0.2459 0.1981 0.1981 0.1981 0.1981 0.1981 0.1981 0.1981 0.1695 0.1695 0.1695 0.1695 0.1695 0.1695 0.1695 0.1521 195.7794 195.7794 77.4340 0.7688 
fa4 = 0.8005 0.2459 0.2459 0.2459 0.2459 0.2459 0.2459 0.2459 0.1980 0.1980 0.1980 0.1980 0.1980 0.1980 0.1980 0.1695 0.1695 0.1695 0.1695 0.1695 0.1695 0.1695 0.1521 201.0325 201.0325 78.7857 0.7662 
fb1 = -0.1837 -0.2120 -0.2120 -0.2120 -0.2120 -0.2120 -0.2120 -0.2120 -0.2219 -0.2219 -0.2219 -0.2219 -0.2219 -0.2219 -0.2219 -0.2312 -0.2312 -0.2312 -0.2312 -0.2312 -0.2312 -0.2312 -0.2391 0.1886 0.1886 0.0856 -0.0714 
fb2 = -0.1836 -0.2119 -0.2119 -0.2119 -0.2119 -0.2119 -0.2119 -0.2119 -0.2218 -0.2218 -0.2218 -0.2218 -0.2218 -0.2218 -0.2218 -0.2311 -0.2311 -0.2311 -0.2311 -0.2311 -0.2311 -0.2311 -0.2390 0.1924 0.1924 0.0871 -0.0714 
fb3 = -0.1836 -0.2119 -0.2119 -0.2119 -0.2119 -0.2119 -0.2119 -0.2119 -0.2218 -0.2218 -0.2218 -0.2218 -0.2218 -0.2218 -0.2218 -0.2311 -0.2311 -0.2311 -0.2311 -0.2311 -0.2311 -0.2311 -0.2390 0.1925 0.1925 0.0872 -0.0714 
fb4 = -0.1836 -0.2119 -0.2119 -0.2119 -0.2119 -0.2119 -0.2119 -0.2119 -0.2218 -0.2218 -0.2218 -0.2218 -0.2218 -0.2218 -0.2218 -0.2311 -0.2311 -0.2311 -0.2311 -0.2311 -0.2311 -0.2311 -0.2390 0.1964 0.1964 0.0887 -0.0714 
I = 14.9000 9.4000 9.4000 9.4000 9.4000 9.4000 9.4000 9.4000 6.0000 6.0000 6.0000 6.0000 6.0000 6.0000 6.0000 2.0000 2.0000 2.0000 2.0000 2.0000 2.0000 2.0000 -2.0000 26.0240 26.0240 10.0000 2.5017 
S1 = 0.0000 0.0000 0.0000 0.0000 0.0000 0.0000 0.0000 0.0000 0.0000 0.0000 0.0000 0.0000 0.0000 0.0000 0.0000 0.0000 0.0000 0.0000 0.0000 0.0000 0.0000 0.0000 0.0000 0.0000 0.0000 0.0000 0.0000 
S2 = 0.0000 0.0000 0.0000 0.0000 0.0000 0.0000 0.0000 0.0000 0.0000 0.0000 0.0000 0.0000 0.0000 0.0000 0.0000 0.0000 0.0000 0.0000 0.0000 0.0000 0.0000 0.0000 0.0000 2.0240 2.0240 0.0000 13.5017 
u = 8.0927 7.9266 7.9266 7.9266 7.9266 7.9266 7.9266 7.9266 7.8537 7.8537 7.8537 7.8537 7.8537 7.8537 7.8537 7.7806 7.7806 7.7806 7.7806 7.7806 7.7806 7.7806 7.7165 11.1855 11.1855 11.8330 9.1532 
v = 35.0339 26.2945 26.2945 26.2945 26.2945 26.2945 26.2945 26.2945 23.0937 23.0937 23.0937 23.0937 23.0937 23.0937 23.0937 20.0357 20.0357 20.0357 20.0357 20.0357 20.0357 20.0357 17.4260 105.0356 105.0356 81.3373 27.9244 
