ExternalI = 5.5000 0.0000 0.0000 0.0000 0.0000 0.0000 0.0000 0.0000 4.0000 4.0000 4.0000 4.0000 4.0000 4.0000 4.0000 0.0000 0.0000 0.0000 0.0000 0.0000 0.0000 0.0000 0.0000 8.0000 8.0000 0.0000 0.0000 
before u = 8.0927 7.9266 7.9266 7.9266 7.9266 7.9266 7.9266 7.9266 7.8537 7.8537 7.8537 7.8537 7.8537 7.8537 7.8537 7.7806 7.7806 7.7806 7.7806 7.7806 7.7806 7.7806 7.7165 11.1855 11.1855 11.8330 9.1532 
before v = 35.0339 26.2945 26.2945 26.2945 26.2945 26.2945 26.2945 26.2945 23.0937 23.0937 23.0937 23.0937 23.0937 23.0937 23.0937 20.0357 20.0357 20.0357 20.0357 20.0357 20.0357 20.0357 17.4260 105.0356 105.0356 81.3373 27.9244 
Ibias = 9.4000 9.4000 9.4000 9.4000 9.4000 9.4000 9.4000 9.4000 2.0000 2.0000 2.0000 2.0000 2.0000 2.0000 2.0000 2.0000 2.0000 2.0000 2.0000 2.0000 2.0000 2.0000 -2.0000 16.0000 16.0000 10.0000 -11.0000 
fa1 = 0.8005 0.2459 0.2459 0.2459 0.2459 0.2459 0.2459 0.2459 0.1980 0.1980 0.1980 0.1980 0.1980 0.1980 0.1980 0.1695 0.1695 0.1695 0.1695 0.1695 0.1695 0.1695 0.1521 201.0268 201.0268 78.7855 0.7392 
fa2 = 0.8007 0.2459 0.2459 0.2459 0.2459 0.2459 0.2459 0.2459 0.1980 0.1980 0.1980 0.1980 0.1980 0.1980 0.1980 0.1694 0.1694 0.1694 0.1694 0.1694 0.1694 0.1694 0.1521 206.4968 206.4968 80.1728 0.7367 
fa3 = 0.8007 0.2459 0.2459 0.2459 0.2459 0.2459 0.2459 0.2459 0.1980 0.1980 0.1980 0.1980 0.1980 0.1980 0.1980 0.1694 0.1694 0.1694 0.1694 0.1694 0.1694 0.1694 0.1521 206.6468 206.6468 80.1973 0.7367 
fa4 = 0.8008 0.2458 0.2458 0.2458 0.2458 0.2458 0.2458 0.2458 0.1980 0.1980 0.1980 0.1980 0.1980 0.1980 0.1980 0.1694 0.1694 0.1694 0.1694 0.1694 0.1694 0.1694 0.1520 212.3604 212.3604 81.6229 0.7342 
fb1 = -0.1836 -0.2119 -0.2119 -0.2119 -0.2119 -0.2119 -0.2119 -0.2119 -0.2218 -0.2218 -0.2218 -0.2218 -0.2218 -0.2218 -0.2218 -0.2311 -0.2311 -0.2311 -0.2311 -0.2311 -0.2311 -0.2311 -0.2390 0.1964 0.1964 0.0887 -0.0714 
fb2 = -0.1835 -0.2118 -0.2118 -0.2118 -0.2118 -0.2118 -0.2118 -0.2118 -0.2217 -0.2217 -0.2217 -0.2217 -0.2217 -0.2217 -0.2217 -0.2310 -0.2310 -0.2310 -0.2310 -0.2310 -0.2310 -0.2310 -0.2389 0.2004 0.2004 0.0903 -0.0713 
fb3 = -0.1835 -0.2118 -0.2118 -0.2118 -0.2118 -0.2118 -0.2118 -0.2118 -0.2217 -0.2217 -0.2217 -0.2217 -0.2217 -0.2217 -0.2217 -0.2310 -0.2310 -0.2310 -0.2310 -0.2310 -0.2310 -0.2310 -0.2389 0.2005 0.2005 0.0903 -0.0713 
fb4 = -0.1835 -0.2118 -0.2118 -0.2118 -0.2118 -0.2118 -0.2118 -0.2118 -0.2217 -0.2217 -0.2217 -0.2217 -0.2217 -0.2217 -0.2217 -0.2310 -0.2310 -0.2310 -0.2310 -0.2310 -0.2310 -0.2310 -0.2389 0.2047 0.2047 0.0919 -0.0713 
I = 14.9000 9.4000 9.4000 9.4000 9.4000 9.4000 9.4000 9.4000 6.0000 6.0000 6.0000 6.0000 6.0000 6.0000 6.0000 2.0000 2.0000 2.0000 2.0000 2.0000 2.0000 2.0000 -2.0000 26.0199 26.0199 10.0000 2.4747 
S1 = 0.0000 0.0000 0.0000 0.0000 0.0000 0.0000 0.0000 0.0000 0.0000 0.0000 0.0000 0.0000 0.0000 0.0000 0.0000 0.0000 0.0000 0.0000 0.0000 0.0000 0.0000 0.0000 0.0000 0.0000 0.0000 0.0000 0.0000 
S2 = 0.0000 0.0000 0.0000 0.0000 0.0000 0.0000 0.0000 0.0000 0.0000 0.0000 0.0000 0.0000 0.0000 0.0000 0.0000 0.0000 0.0000 0.0000 0.0000 0.0000 0.0000 0.0000 0.0000 2.0199 2.0199 0.0000 13.4747 
u = 8.0909 7.9245 7.9245 7.9245 7.9245 7.9245 7.9245 7.9245 7.8514 7.8514 7.8514 7.8514 7.8514 7.8514 7.8514 7.7783 7.7783 7.7783 7.7783 7.7783 7.7783 7.7783 7.7141 11.1876 11.1876 11.8339 9.1525 
v = 35.0419 26.2970 26.2970 26.2970 26.2970 26.2970 26.2970 26.2970 23.0957 23.0957 23.0957 23.0957 23.0957 23.0957 23.0957 20.0374 20.0374 20.0374 20.0374 20.0374 20.0374 20.0374 17.4276 107.1018 107.1018 82.1393 27.9318 
