ExternalI = 5.5000 0.0000 0.0000 0.0000 0.0000 0.0000 0.0000 0.0000 4.0000 4.0000 4.0000 4.0000 4.0000 4.0000 4.0000 0.0000 0.0000 0.0000 0.0000 0.0000 0.0000 0.0000 0.0000 8.0000 8.0000 0.0000 0.0000 
before u = 9.9751 9.9751 9.9751 9.9751 9.9751 9.9751 9.9751 9.9751 9.9750 9.9750 9.9750 9.9750 9.9750 9.9750 9.9750 9.9750 9.9750 9.9750 9.9750 9.9750 9.9750 9.9750 9.9749 9.9893 9.9893 10.0061 9.9889 
before v = 11.8790 11.5211 11.5211 11.5211 11.5211 11.5211 11.5211 11.5211 11.2999 11.2999 11.2999 11.2999 11.2999 11.2999 11.2999 11.0399 11.0399 11.0399 11.0399 11.0399 11.0399 11.0399 10.7799 13.1235 13.1235 73.5431 10.8444 
Ibias = 9.4000 9.4000 9.4000 9.4000 9.4000 9.4000 9.4000 9.4000 2.0000 2.0000 2.0000 2.0000 2.0000 2.0000 2.0000 2.0000 2.0000 2.0000 2.0000 2.0000 2.0000 2.0000 -2.0000 16.0000 16.0000 10.0000 -11.0000 
fa1 = 24.9322 20.1711 20.1711 20.1711 20.1711 20.1711 20.1711 20.1711 17.2327 17.2327 17.2327 17.2327 17.2327 17.2327 17.2327 13.7806 13.7806 13.7806 13.7806 13.7806 13.7806 13.7806 10.3336 41.5293 41.5293 55.7081 11.1819 
fa2 = 24.6791 19.9637 19.9637 19.9637 19.9637 19.9637 19.9637 19.9637 17.0542 17.0542 17.0542 17.0542 17.0542 17.0542 17.0542 13.6367 13.6367 13.6367 13.6367 13.6367 13.6367 13.6367 10.2250 41.1268 41.1268 56.5139 11.0635 
fa3 = 24.6817 19.9658 19.9658 19.9658 19.9658 19.9658 19.9658 19.9658 17.0560 17.0560 17.0560 17.0560 17.0560 17.0560 17.0560 13.6382 13.6382 13.6382 13.6382 13.6382 13.6382 13.6382 10.2262 41.1307 41.1307 56.5256 11.0648 
fa4 = 24.4323 19.7613 19.7613 19.7613 19.7613 19.7613 19.7613 19.7613 16.8799 16.8799 16.8799 16.8799 16.8799 16.8799 16.8799 13.4962 13.4962 13.4962 13.4962 13.4962 13.4962 13.4962 10.1189 40.7354 40.7354 57.3498 10.9480 
fb1 = -0.3515 -0.3529 -0.3529 -0.3529 -0.3529 -0.3529 -0.3529 -0.3529 -0.3538 -0.3538 -0.3538 -0.3538 -0.3538 -0.3538 -0.3538 -0.3548 -0.3548 -0.3548 -0.3548 -0.3548 -0.3548 -0.3548 -0.3559 -0.1473 -0.1473 0.0941 -0.1564 
fb2 = -0.3509 -0.3524 -0.3524 -0.3524 -0.3524 -0.3524 -0.3524 -0.3524 -0.3534 -0.3534 -0.3534 -0.3534 -0.3534 -0.3534 -0.3534 -0.3545 -0.3545 -0.3545 -0.3545 -0.3545 -0.3545 -0.3545 -0.3556 -0.1464 -0.1464 0.0952 -0.1562 
fb3 = -0.3509 -0.3524 -0.3524 -0.3524 -0.3524 -0.3524 -0.3524 -0.3524 -0.3534 -0.3534 -0.3534 -0.3534 -0.3534 -0.3534 -0.3534 -0.3545 -0.3545 -0.3545 -0.3545 -0.3545 -0.3545 -0.3545 -0.3556 -0.1465 -0.1465 0.0952 -0.1562 
fb4 = -0.3504 -0.3520 -0.3520 -0.3520 -0.3520 -0.3520 -0.3520 -0.3520 -0.3530 -0.3530 -0.3530 -0.3530 -0.3530 -0.3530 -0.3530 -0.3542 -0.3542 -0.3542 -0.3542 -0.3542 -0.3542 -0.3542 -0.3553 -0.1456 -0.1456 0.0963 -0.1559 
I = 14.9000 9.4000 9.4000 9.4000 9.4000 9.4000 9.4000 9.4000 6.0000 6.0000 6.0000 6.0000 6.0000 6.0000 6.0000 2.0000 2.0000 2.0000 2.0000 2.0000 2.0000 2.0000 -2.0000 24.0000 24.0000 10.0000 -11.0000 
S1 = 0.0000 0.0000 0.0000 0.0000 0.0000 0.0000 0.0000 0.0000 0.0000 0.0000 0.0000 0.0000 0.0000 0.0000 0.0000 0.0000 0.0000 0.0000 0.0000 0.0000 0.0000 0.0000 0.0000 0.0000 0.0000 0.0000 0.0000 
S2 = 0.0000 0.0000 0.0000 0.0000 0.0000 0.0000 0.0000 0.0000 0.0000 0.0000 0.0000 0.0000 0.0000 0.0000 0.0000 0.0000 0.0000 0.0000 0.0000 0.0000 0.0000 0.0000 0.0000 0.0000 0.0000 0.0000 0.0000 
u = 9.9716 9.9715 9.9715 9.9715 9.9715 9.9715 9.9715 9.9715 9.9715 9.9715 9.9715 9.9715 9.9715 9.9715 9.9715 9.9714 9.9714 9.9714 9.9714 9.9714 9.9714 9.9714 9.9714 9.9878 9.9878 10.0070 9.9874 
v = 12.1259 11.7207 11.7207 11.7207 11.7207 11.7207 11.7207 11.7207 11.4705 11.4705 11.4705 11.4705 11.4705 11.4705 11.4705 11.1762 11.1762 11.1762 11.1762 11.1762 11.1762 11.1762 10.8822 13.5348 13.5348 74.1083 10.9551 
