ExternalI = 5.5000 0.0000 0.0000 0.0000 0.0000 0.0000 0.0000 0.0000 4.0000 4.0000 4.0000 4.0000 4.0000 4.0000 4.0000 0.0000 0.0000 0.0000 0.0000 0.0000 0.0000 0.0000 0.0000 8.0000 8.0000 0.0000 0.0000 
before u = 9.7431 9.7385 9.7385 9.7385 9.7385 9.7385 9.7385 9.7385 9.7357 9.7357 9.7357 9.7357 9.7357 9.7357 9.7357 9.7325 9.7325 9.7325 9.7325 9.7325 9.7325 9.7325 9.7293 9.9148 9.9148 10.1950 9.8849 
before v = 22.2176 19.6743 19.6743 19.6743 19.6743 19.6743 19.6743 19.6743 18.1627 18.1627 18.1627 18.1627 18.1627 18.1627 18.1627 16.4391 16.4391 16.4391 16.4391 16.4391 16.4391 16.4391 14.7713 32.1196 32.1196 71.2924 15.4879 
Ibias = 9.4000 9.4000 9.4000 9.4000 9.4000 9.4000 9.4000 9.4000 2.0000 2.0000 2.0000 2.0000 2.0000 2.0000 2.0000 2.0000 2.0000 2.0000 2.0000 2.0000 2.0000 2.0000 -2.0000 16.0000 16.0000 10.0000 -11.0000 
fa1 = 8.2490 6.1217 6.1217 6.1217 6.1217 6.1217 6.1217 6.1217 4.9716 4.9716 4.9716 4.9716 4.9716 4.9716 4.9716 3.7599 3.7599 3.7599 3.7599 3.7599 3.7599 3.7599 2.6845 18.9932 18.9932 49.2320 3.6561 
fa2 = 8.2002 6.0796 6.0796 6.0796 6.0796 6.0796 6.0796 6.0796 4.9347 4.9347 4.9347 4.9347 4.9347 4.9347 4.9347 3.7299 3.7299 3.7299 3.7299 3.7299 3.7299 3.7299 2.6618 18.9530 18.9530 49.8995 3.6246 
fa3 = 8.2005 6.0799 6.0799 6.0799 6.0799 6.0799 6.0799 6.0799 4.9350 4.9350 4.9350 4.9350 4.9350 4.9350 4.9350 3.7301 3.7301 3.7301 3.7301 3.7301 3.7301 3.7301 2.6620 18.9531 18.9531 49.9086 3.6249 
fa4 = 8.1521 6.0382 6.0382 6.0382 6.0382 6.0382 6.0382 6.0382 4.8985 4.8985 4.8985 4.8985 4.8985 4.8985 4.8985 3.7004 3.7004 3.7004 3.7004 3.7004 3.7004 3.7004 2.6394 18.9137 18.9137 50.5904 3.5937 
fb1 = -0.3009 -0.3108 -0.3108 -0.3108 -0.3108 -0.3108 -0.3108 -0.3108 -0.3168 -0.3168 -0.3168 -0.3168 -0.3168 -0.3168 -0.3168 -0.3235 -0.3235 -0.3235 -0.3235 -0.3235 -0.3235 -0.3235 -0.3301 -0.0698 -0.0698 0.0813 -0.1357 
fb2 = -0.3006 -0.3107 -0.3107 -0.3107 -0.3107 -0.3107 -0.3107 -0.3107 -0.3166 -0.3166 -0.3166 -0.3166 -0.3166 -0.3166 -0.3166 -0.3234 -0.3234 -0.3234 -0.3234 -0.3234 -0.3234 -0.3234 -0.3300 -0.0694 -0.0694 0.0822 -0.1357 
fb3 = -0.3006 -0.3107 -0.3107 -0.3107 -0.3107 -0.3107 -0.3107 -0.3107 -0.3166 -0.3166 -0.3166 -0.3166 -0.3166 -0.3166 -0.3166 -0.3234 -0.3234 -0.3234 -0.3234 -0.3234 -0.3234 -0.3234 -0.3300 -0.0694 -0.0694 0.0823 -0.1357 
fb4 = -0.3004 -0.3105 -0.3105 -0.3105 -0.3105 -0.3105 -0.3105 -0.3105 -0.3165 -0.3165 -0.3165 -0.3165 -0.3165 -0.3165 -0.3165 -0.3233 -0.3233 -0.3233 -0.3233 -0.3233 -0.3233 -0.3233 -0.3298 -0.0690 -0.0690 0.0832 -0.1356 
I = 14.9000 9.4000 9.4000 9.4000 9.4000 9.4000 9.4000 9.4000 6.0000 6.0000 6.0000 6.0000 6.0000 6.0000 6.0000 2.0000 2.0000 2.0000 2.0000 2.0000 2.0000 2.0000 -2.0000 24.0000 24.0000 10.0000 -9.5903 
S1 = 0.0000 0.0000 0.0000 0.0000 0.0000 0.0000 0.0000 0.0000 0.0000 0.0000 0.0000 0.0000 0.0000 0.0000 0.0000 0.0000 0.0000 0.0000 0.0000 0.0000 0.0000 0.0000 0.0000 0.0000 0.0000 0.0000 0.0000 
S2 = 0.0000 0.0000 0.0000 0.0000 0.0000 0.0000 0.0000 0.0000 0.0000 0.0000 0.0000 0.0000 0.0000 0.0000 0.0000 0.0000 0.0000 0.0000 0.0000 0.0000 0.0000 0.0000 0.0000 0.0000 0.0000 0.0000 1.4097 
u = 9.7401 9.7354 9.7354 9.7354 9.7354 9.7354 9.7354 9.7354 9.7325 9.7325 9.7325 9.7325 9.7325 9.7325 9.7325 9.7292 9.7292 9.7292 9.7292 9.7292 9.7292 9.7292 9.7260 9.9141 9.9141 10.1958 9.8835 
v = 22.2996 19.7351 19.7351 19.7351 19.7351 19.7351 19.7351 19.7351 18.2120 18.2120 18.2120 18.2120 18.2120 18.2120 18.2120 16.4764 16.4764 16.4764 16.4764 16.4764 16.4764 16.4764 14.7979 32.3091 32.3091 71.7915 15.5242 
