ExternalI = 5.5000 0.0000 0.0000 0.0000 0.0000 0.0000 0.0000 0.0000 4.0000 4.0000 4.0000 4.0000 4.0000 4.0000 4.0000 0.0000 0.0000 0.0000 0.0000 0.0000 0.0000 0.0000 0.0000 8.0000 8.0000 0.0000 0.0000 
before u = 8.0909 7.9245 7.9245 7.9245 7.9245 7.9245 7.9245 7.9245 7.8514 7.8514 7.8514 7.8514 7.8514 7.8514 7.8514 7.7783 7.7783 7.7783 7.7783 7.7783 7.7783 7.7783 7.7141 11.1876 11.1876 11.8339 9.1525 
before v = 35.0419 26.2970 26.2970 26.2970 26.2970 26.2970 26.2970 26.2970 23.0957 23.0957 23.0957 23.0957 23.0957 23.0957 23.0957 20.0374 20.0374 20.0374 20.0374 20.0374 20.0374 20.0374 17.4276 107.1018 107.1018 82.1393 27.9318 
Ibias = 9.4000 9.4000 9.4000 9.4000 9.4000 9.4000 9.4000 9.4000 2.0000 2.0000 2.0000 2.0000 2.0000 2.0000 2.0000 2.0000 2.0000 2.0000 2.0000 2.0000 2.0000 2.0000 -2.0000 16.0000 16.0000 10.0000 -11.0000 
fa1 = 0.8008 0.2458 0.2458 0.2458 0.2458 0.2458 0.2458 0.2458 0.1980 0.1980 0.1980 0.1980 0.1980 0.1980 0.1980 0.1694 0.1694 0.1694 0.1694 0.1694 0.1694 0.1694 0.1520 212.3545 212.3545 81.6227 0.7073 
fa2 = 0.8009 0.2458 0.2458 0.2458 0.2458 0.2458 0.2458 0.2458 0.1979 0.1979 0.1979 0.1979 0.1979 0.1979 0.1979 0.1694 0.1694 0.1694 0.1694 0.1694 0.1694 0.1694 0.1520 218.3106 218.3106 83.0863 0.7049 
fa3 = 0.8009 0.2458 0.2458 0.2458 0.2458 0.2458 0.2458 0.2458 0.1979 0.1979 0.1979 0.1979 0.1979 0.1979 0.1979 0.1694 0.1694 0.1694 0.1694 0.1694 0.1694 0.1694 0.1520 218.4790 218.4790 83.1127 0.7050 
fa4 = 0.8011 0.2457 0.2457 0.2457 0.2457 0.2457 0.2457 0.2457 0.1979 0.1979 0.1979 0.1979 0.1979 0.1979 0.1979 0.1693 0.1693 0.1693 0.1693 0.1693 0.1693 0.1693 0.1520 224.7085 224.7085 84.6174 0.7026 
fb1 = -0.1835 -0.2118 -0.2118 -0.2118 -0.2118 -0.2118 -0.2118 -0.2118 -0.2217 -0.2217 -0.2217 -0.2217 -0.2217 -0.2217 -0.2217 -0.2310 -0.2310 -0.2310 -0.2310 -0.2310 -0.2310 -0.2310 -0.2389 0.2047 0.2047 0.0919 -0.0713 
fb2 = -0.1834 -0.2117 -0.2117 -0.2117 -0.2117 -0.2117 -0.2117 -0.2117 -0.2216 -0.2216 -0.2216 -0.2216 -0.2216 -0.2216 -0.2216 -0.2309 -0.2309 -0.2309 -0.2309 -0.2309 -0.2309 -0.2309 -0.2388 0.2089 0.2089 0.0935 -0.0713 
fb3 = -0.1834 -0.2117 -0.2117 -0.2117 -0.2117 -0.2117 -0.2117 -0.2117 -0.2216 -0.2216 -0.2216 -0.2216 -0.2216 -0.2216 -0.2216 -0.2309 -0.2309 -0.2309 -0.2309 -0.2309 -0.2309 -0.2309 -0.2388 0.2090 0.2090 0.0935 -0.0713 
fb4 = -0.1834 -0.2117 -0.2117 -0.2117 -0.2117 -0.2117 -0.2117 -0.2117 -0.2216 -0.2216 -0.2216 -0.2216 -0.2216 -0.2216 -0.2216 -0.2309 -0.2309 -0.2309 -0.2309 -0.2309 -0.2309 -0.2309 -0.2388 0.2134 0.2134 0.0952 -0.0713 
I = 14.9000 9.4000 9.4000 9.4000 9.4000 9.4000 9.4000 9.4000 6.0000 6.0000 6.0000 6.0000 6.0000 6.0000 6.0000 2.0000 2.0000 2.0000 2.0000 2.0000 2.0000 2.0000 -2.0000 26.0159 26.0159 10.0000 2.4477 
S1 = 0.0000 0.0000 0.0000 0.0000 0.0000 0.0000 0.0000 0.0000 0.0000 0.0000 0.0000 0.0000 0.0000 0.0000 0.0000 0.0000 0.0000 0.0000 0.0000 0.0000 0.0000 0.0000 0.0000 0.0000 0.0000 0.0000 0.0000 
S2 = 0.0000 0.0000 0.0000 0.0000 0.0000 0.0000 0.0000 0.0000 0.0000 0.0000 0.0000 0.0000 0.0000 0.0000 0.0000 0.0000 0.0000 0.0000 0.0000 0.0000 0.0000 0.0000 0.0000 2.0159 2.0159 0.0000 13.4477 
u = 8.0891 7.9224 7.9224 7.9224 7.9224 7.9224 7.9224 7.9224 7.8492 7.8492 7.8492 7.8492 7.8492 7.8492 7.8492 7.7760 7.7760 7.7760 7.7760 7.7760 7.7760 7.7760 7.7117 11.1896 11.1896 11.8348 9.1517 
v = 35.0499 26.2994 26.2994 26.2994 26.2994 26.2994 26.2994 26.2994 23.0976 23.0976 23.0976 23.0976 23.0976 23.0976 23.0976 20.0391 20.0391 20.0391 20.0391 20.0391 20.0391 20.0391 17.4291 109.2862 109.2862 82.9703 27.9389 
