ExternalI = 5.5000 0.0000 0.0000 0.0000 0.0000 0.0000 0.0000 0.0000 4.0000 4.0000 4.0000 4.0000 4.0000 4.0000 4.0000 0.0000 0.0000 0.0000 0.0000 0.0000 0.0000 0.0000 0.0000 8.0000 8.0000 0.0000 0.0000 
before u = 8.0891 7.9224 7.9224 7.9224 7.9224 7.9224 7.9224 7.9224 7.8492 7.8492 7.8492 7.8492 7.8492 7.8492 7.8492 7.7760 7.7760 7.7760 7.7760 7.7760 7.7760 7.7760 7.7117 11.1896 11.1896 11.8348 9.1517 
before v = 35.0499 26.2994 26.2994 26.2994 26.2994 26.2994 26.2994 26.2994 23.0976 23.0976 23.0976 23.0976 23.0976 23.0976 23.0976 20.0391 20.0391 20.0391 20.0391 20.0391 20.0391 20.0391 17.4291 109.2862 109.2862 82.9703 27.9389 
Ibias = 9.4000 9.4000 9.4000 9.4000 9.4000 9.4000 9.4000 9.4000 2.0000 2.0000 2.0000 2.0000 2.0000 2.0000 2.0000 2.0000 2.0000 2.0000 2.0000 2.0000 2.0000 2.0000 -2.0000 16.0000 16.0000 10.0000 -11.0000 
fa1 = 0.8011 0.2457 0.2457 0.2457 0.2457 0.2457 0.2457 0.2457 0.1979 0.1979 0.1979 0.1979 0.1979 0.1979 0.1979 0.1693 0.1693 0.1693 0.1693 0.1693 0.1693 0.1693 0.1520 224.7023 224.7023 84.6172 0.6757 
fa2 = 0.8012 0.2457 0.2457 0.2457 0.2457 0.2457 0.2457 0.2457 0.1979 0.1979 0.1979 0.1979 0.1979 0.1979 0.1979 0.1693 0.1693 0.1693 0.1693 0.1693 0.1693 0.1693 0.1520 231.2039 231.2039 86.1629 0.6735 
fa3 = 0.8012 0.2457 0.2457 0.2457 0.2457 0.2457 0.2457 0.2457 0.1979 0.1979 0.1979 0.1979 0.1979 0.1979 0.1979 0.1693 0.1693 0.1693 0.1693 0.1693 0.1693 0.1693 0.1520 231.3936 231.3936 86.1913 0.6735 
fa4 = 0.8013 0.2456 0.2456 0.2456 0.2456 0.2456 0.2456 0.2456 0.1978 0.1978 0.1978 0.1978 0.1978 0.1978 0.1978 0.1693 0.1693 0.1693 0.1693 0.1693 0.1693 0.1693 0.1519 238.2030 238.2030 87.7813 0.6713 
fb1 = -0.1834 -0.2117 -0.2117 -0.2117 -0.2117 -0.2117 -0.2117 -0.2117 -0.2216 -0.2216 -0.2216 -0.2216 -0.2216 -0.2216 -0.2216 -0.2309 -0.2309 -0.2309 -0.2309 -0.2309 -0.2309 -0.2309 -0.2388 0.2134 0.2134 0.0952 -0.0713 
fb2 = -0.1833 -0.2117 -0.2117 -0.2117 -0.2117 -0.2117 -0.2117 -0.2117 -0.2215 -0.2215 -0.2215 -0.2215 -0.2215 -0.2215 -0.2215 -0.2308 -0.2308 -0.2308 -0.2308 -0.2308 -0.2308 -0.2308 -0.2387 0.2178 0.2178 0.0969 -0.0713 
fb3 = -0.1833 -0.2117 -0.2117 -0.2117 -0.2117 -0.2117 -0.2117 -0.2117 -0.2215 -0.2215 -0.2215 -0.2215 -0.2215 -0.2215 -0.2215 -0.2308 -0.2308 -0.2308 -0.2308 -0.2308 -0.2308 -0.2308 -0.2387 0.2180 0.2180 0.0969 -0.0713 
fb4 = -0.1833 -0.2116 -0.2116 -0.2116 -0.2116 -0.2116 -0.2116 -0.2116 -0.2215 -0.2215 -0.2215 -0.2215 -0.2215 -0.2215 -0.2215 -0.2308 -0.2308 -0.2308 -0.2308 -0.2308 -0.2308 -0.2308 -0.2387 0.2226 0.2226 0.0986 -0.0712 
I = 14.9000 9.4000 9.4000 9.4000 9.4000 9.4000 9.4000 9.4000 6.0000 6.0000 6.0000 6.0000 6.0000 6.0000 6.0000 2.0000 2.0000 2.0000 2.0000 2.0000 2.0000 2.0000 -2.0000 26.0119 26.0119 10.0000 2.4208 
S1 = 0.0000 0.0000 0.0000 0.0000 0.0000 0.0000 0.0000 0.0000 0.0000 0.0000 0.0000 0.0000 0.0000 0.0000 0.0000 0.0000 0.0000 0.0000 0.0000 0.0000 0.0000 0.0000 0.0000 0.0000 0.0000 0.0000 0.0000 
S2 = 0.0000 0.0000 0.0000 0.0000 0.0000 0.0000 0.0000 0.0000 0.0000 0.0000 0.0000 0.0000 0.0000 0.0000 0.0000 0.0000 0.0000 0.0000 0.0000 0.0000 0.0000 0.0000 0.0000 2.0119 2.0119 0.0000 13.4208 
u = 8.0872 7.9203 7.9203 7.9203 7.9203 7.9203 7.9203 7.9203 7.8470 7.8470 7.8470 7.8470 7.8470 7.8470 7.8470 7.7737 7.7737 7.7737 7.7737 7.7737 7.7737 7.7737 7.7093 11.1918 11.1918 11.8358 9.1510 
v = 35.0580 26.3019 26.3019 26.3019 26.3019 26.3019 26.3019 26.3019 23.0996 23.0996 23.0996 23.0996 23.0996 23.0996 23.0996 20.0408 20.0408 20.0408 20.0408 20.0408 20.0408 20.0408 17.4306 111.5997 111.5997 83.8322 27.9456 
