ExternalI = 5.5000 0.0000 0.0000 0.0000 0.0000 0.0000 0.0000 0.0000 4.0000 4.0000 4.0000 4.0000 4.0000 4.0000 4.0000 0.0000 0.0000 0.0000 0.0000 0.0000 0.0000 0.0000 0.0000 8.0000 8.0000 0.0000 0.0000 
before u = 8.0872 7.9203 7.9203 7.9203 7.9203 7.9203 7.9203 7.9203 7.8470 7.8470 7.8470 7.8470 7.8470 7.8470 7.8470 7.7737 7.7737 7.7737 7.7737 7.7737 7.7737 7.7737 7.7093 11.1918 11.1918 11.8358 9.1510 
before v = 35.0580 26.3019 26.3019 26.3019 26.3019 26.3019 26.3019 26.3019 23.0996 23.0996 23.0996 23.0996 23.0996 23.0996 23.0996 20.0408 20.0408 20.0408 20.0408 20.0408 20.0408 20.0408 17.4306 111.5997 111.5997 83.8322 27.9456 
Ibias = 9.4000 9.4000 9.4000 9.4000 9.4000 9.4000 9.4000 9.4000 2.0000 2.0000 2.0000 2.0000 2.0000 2.0000 2.0000 2.0000 2.0000 2.0000 2.0000 2.0000 2.0000 2.0000 -2.0000 16.0000 16.0000 10.0000 -11.0000 
fa1 = 0.8013 0.2456 0.2456 0.2456 0.2456 0.2456 0.2456 0.2456 0.1978 0.1978 0.1978 0.1978 0.1978 0.1978 0.1978 0.1693 0.1693 0.1693 0.1693 0.1693 0.1693 0.1693 0.1519 238.1964 238.1964 87.7810 0.6444 
fa2 = 0.8015 0.2456 0.2456 0.2456 0.2456 0.2456 0.2456 0.2456 0.1978 0.1978 0.1978 0.1978 0.1978 0.1978 0.1978 0.1693 0.1693 0.1693 0.1693 0.1693 0.1693 0.1693 0.1519 245.3121 245.3121 89.4151 0.6423 
fa3 = 0.8015 0.2456 0.2456 0.2456 0.2456 0.2456 0.2456 0.2456 0.1978 0.1978 0.1978 0.1978 0.1978 0.1978 0.1978 0.1693 0.1693 0.1693 0.1693 0.1693 0.1693 0.1693 0.1519 245.5264 245.5264 89.4456 0.6423 
fa4 = 0.8016 0.2456 0.2456 0.2456 0.2456 0.2456 0.2456 0.2456 0.1978 0.1978 0.1978 0.1978 0.1978 0.1978 0.1978 0.1692 0.1692 0.1692 0.1692 0.1692 0.1692 0.1692 0.1519 252.9900 252.9900 91.1274 0.6402 
fb1 = -0.1833 -0.2116 -0.2116 -0.2116 -0.2116 -0.2116 -0.2116 -0.2116 -0.2215 -0.2215 -0.2215 -0.2215 -0.2215 -0.2215 -0.2215 -0.2308 -0.2308 -0.2308 -0.2308 -0.2308 -0.2308 -0.2308 -0.2387 0.2226 0.2226 0.0986 -0.0712 
fb2 = -0.1832 -0.2116 -0.2116 -0.2116 -0.2116 -0.2116 -0.2116 -0.2116 -0.2214 -0.2214 -0.2214 -0.2214 -0.2214 -0.2214 -0.2214 -0.2307 -0.2307 -0.2307 -0.2307 -0.2307 -0.2307 -0.2307 -0.2386 0.2273 0.2273 0.1004 -0.0712 
fb3 = -0.1832 -0.2116 -0.2116 -0.2116 -0.2116 -0.2116 -0.2116 -0.2116 -0.2214 -0.2214 -0.2214 -0.2214 -0.2214 -0.2214 -0.2214 -0.2307 -0.2307 -0.2307 -0.2307 -0.2307 -0.2307 -0.2307 -0.2386 0.2274 0.2274 0.1004 -0.0712 
fb4 = -0.1832 -0.2115 -0.2115 -0.2115 -0.2115 -0.2115 -0.2115 -0.2115 -0.2214 -0.2214 -0.2214 -0.2214 -0.2214 -0.2214 -0.2214 -0.2307 -0.2307 -0.2307 -0.2307 -0.2307 -0.2307 -0.2307 -0.2385 0.2323 0.2323 0.1022 -0.0712 
I = 14.9000 9.4000 9.4000 9.4000 9.4000 9.4000 9.4000 9.4000 6.0000 6.0000 6.0000 6.0000 6.0000 6.0000 6.0000 2.0000 2.0000 2.0000 2.0000 2.0000 2.0000 2.0000 -2.0000 26.0078 26.0078 10.0000 2.3940 
S1 = 0.0000 0.0000 0.0000 0.0000 0.0000 0.0000 0.0000 0.0000 0.0000 0.0000 0.0000 0.0000 0.0000 0.0000 0.0000 0.0000 0.0000 0.0000 0.0000 0.0000 0.0000 0.0000 0.0000 0.0000 0.0000 0.0000 0.0000 
S2 = 0.0000 0.0000 0.0000 0.0000 0.0000 0.0000 0.0000 0.0000 0.0000 0.0000 0.0000 0.0000 0.0000 0.0000 0.0000 0.0000 0.0000 0.0000 0.0000 0.0000 0.0000 0.0000 0.0000 2.0078 2.0078 0.0000 13.3940 
u = 8.0854 7.9182 7.9182 7.9182 7.9182 7.9182 7.9182 7.9182 7.8448 7.8448 7.8448 7.8448 7.8448 7.8448 7.8448 7.7714 7.7714 7.7714 7.7714 7.7714 7.7714 7.7714 7.7069 11.1941 11.1941 11.8368 9.1503 
v = 35.0660 26.3043 26.3043 26.3043 26.3043 26.3043 26.3043 26.3043 23.1016 23.1016 23.1016 23.1016 23.1016 23.1016 23.1016 20.0425 20.0425 20.0425 20.0425 20.0425 20.0425 20.0425 17.4321 114.0544 114.0544 84.7265 27.9520 
