ExternalI = 5.5000 0.0000 0.0000 0.0000 0.0000 0.0000 0.0000 0.0000 4.0000 4.0000 4.0000 4.0000 4.0000 4.0000 4.0000 0.0000 0.0000 0.0000 0.0000 0.0000 0.0000 0.0000 0.0000 8.0000 8.0000 0.0000 0.0000 
before u = 8.0854 7.9182 7.9182 7.9182 7.9182 7.9182 7.9182 7.9182 7.8448 7.8448 7.8448 7.8448 7.8448 7.8448 7.8448 7.7714 7.7714 7.7714 7.7714 7.7714 7.7714 7.7714 7.7069 11.1941 11.1941 11.8368 9.1503 
before v = 35.0660 26.3043 26.3043 26.3043 26.3043 26.3043 26.3043 26.3043 23.1016 23.1016 23.1016 23.1016 23.1016 23.1016 23.1016 20.0425 20.0425 20.0425 20.0425 20.0425 20.0425 20.0425 17.4321 114.0544 114.0544 84.7265 27.9520 
Ibias = 9.4000 9.4000 9.4000 9.4000 9.4000 9.4000 9.4000 9.4000 2.0000 2.0000 2.0000 2.0000 2.0000 2.0000 2.0000 2.0000 2.0000 2.0000 2.0000 2.0000 2.0000 2.0000 -2.0000 16.0000 16.0000 10.0000 -11.0000 
fa1 = 0.8016 0.2456 0.2456 0.2456 0.2456 0.2456 0.2456 0.2456 0.1978 0.1978 0.1978 0.1978 0.1978 0.1978 0.1978 0.1692 0.1692 0.1692 0.1692 0.1692 0.1692 0.1692 0.1519 252.9829 252.9829 91.1271 0.6135 
fa2 = 0.8017 0.2455 0.2455 0.2455 0.2455 0.2455 0.2455 0.2455 0.1977 0.1977 0.1977 0.1977 0.1977 0.1977 0.1977 0.1692 0.1692 0.1692 0.1692 0.1692 0.1692 0.1692 0.1519 260.7926 260.7926 92.8563 0.6115 
fa3 = 0.8017 0.2455 0.2455 0.2455 0.2455 0.2455 0.2455 0.2455 0.1977 0.1977 0.1977 0.1977 0.1977 0.1977 0.1977 0.1692 0.1692 0.1692 0.1692 0.1692 0.1692 0.1692 0.1519 261.0357 261.0357 92.8893 0.6115 
fa4 = 0.8019 0.2455 0.2455 0.2455 0.2455 0.2455 0.2455 0.2455 0.1977 0.1977 0.1977 0.1977 0.1977 0.1977 0.1977 0.1692 0.1692 0.1692 0.1692 0.1692 0.1692 0.1692 0.1518 269.2399 269.2399 94.6700 0.6095 
fb1 = -0.1832 -0.2115 -0.2115 -0.2115 -0.2115 -0.2115 -0.2115 -0.2115 -0.2214 -0.2214 -0.2214 -0.2214 -0.2214 -0.2214 -0.2214 -0.2307 -0.2307 -0.2307 -0.2307 -0.2307 -0.2307 -0.2307 -0.2385 0.2323 0.2323 0.1022 -0.0712 
fb2 = -0.1831 -0.2115 -0.2115 -0.2115 -0.2115 -0.2115 -0.2115 -0.2115 -0.2213 -0.2213 -0.2213 -0.2213 -0.2213 -0.2213 -0.2213 -0.2306 -0.2306 -0.2306 -0.2306 -0.2306 -0.2306 -0.2306 -0.2385 0.2374 0.2374 0.1040 -0.0712 
fb3 = -0.1831 -0.2115 -0.2115 -0.2115 -0.2115 -0.2115 -0.2115 -0.2115 -0.2213 -0.2213 -0.2213 -0.2213 -0.2213 -0.2213 -0.2213 -0.2306 -0.2306 -0.2306 -0.2306 -0.2306 -0.2306 -0.2306 -0.2385 0.2375 0.2375 0.1040 -0.0712 
fb4 = -0.1830 -0.2114 -0.2114 -0.2114 -0.2114 -0.2114 -0.2114 -0.2114 -0.2213 -0.2213 -0.2213 -0.2213 -0.2213 -0.2213 -0.2213 -0.2306 -0.2306 -0.2306 -0.2306 -0.2306 -0.2306 -0.2306 -0.2384 0.2427 0.2427 0.1059 -0.0712 
I = 14.9000 9.4000 9.4000 9.4000 9.4000 9.4000 9.4000 9.4000 6.0000 6.0000 6.0000 6.0000 6.0000 6.0000 6.0000 2.0000 2.0000 2.0000 2.0000 2.0000 2.0000 2.0000 -2.0000 26.0038 26.0038 10.0000 2.3672 
S1 = 0.0000 0.0000 0.0000 0.0000 0.0000 0.0000 0.0000 0.0000 0.0000 0.0000 0.0000 0.0000 0.0000 0.0000 0.0000 0.0000 0.0000 0.0000 0.0000 0.0000 0.0000 0.0000 0.0000 0.0000 0.0000 0.0000 0.0000 
S2 = 0.0000 0.0000 0.0000 0.0000 0.0000 0.0000 0.0000 0.0000 0.0000 0.0000 0.0000 0.0000 0.0000 0.0000 0.0000 0.0000 0.0000 0.0000 0.0000 0.0000 0.0000 0.0000 0.0000 2.0038 2.0038 0.0000 13.3672 
u = 8.0836 7.9161 7.9161 7.9161 7.9161 7.9161 7.9161 7.9161 7.8426 7.8426 7.8426 7.8426 7.8426 7.8426 7.8426 7.7691 7.7691 7.7691 7.7691 7.7691 7.7691 7.7691 7.7045 11.1965 11.1965 11.8378 9.1496 
v = 35.0740 26.3068 26.3068 26.3068 26.3068 26.3068 26.3068 26.3068 23.1036 23.1036 23.1036 23.1036 23.1036 23.1036 23.1036 20.0442 20.0442 20.0442 20.0442 20.0442 20.0442 20.0442 17.4336 116.6642 116.6642 85.6554 27.9581 
