ExternalI = 5.5000 0.0000 0.0000 0.0000 0.0000 0.0000 0.0000 0.0000 4.0000 4.0000 4.0000 4.0000 4.0000 4.0000 4.0000 0.0000 0.0000 0.0000 0.0000 0.0000 0.0000 0.0000 0.0000 8.0000 8.0000 0.0000 0.0000 
before u = 8.0836 7.9161 7.9161 7.9161 7.9161 7.9161 7.9161 7.9161 7.8426 7.8426 7.8426 7.8426 7.8426 7.8426 7.8426 7.7691 7.7691 7.7691 7.7691 7.7691 7.7691 7.7691 7.7045 11.1965 11.1965 11.8378 9.1496 
before v = 35.0740 26.3068 26.3068 26.3068 26.3068 26.3068 26.3068 26.3068 23.1036 23.1036 23.1036 23.1036 23.1036 23.1036 23.1036 20.0442 20.0442 20.0442 20.0442 20.0442 20.0442 20.0442 17.4336 116.6642 116.6642 85.6554 27.9581 
Ibias = 9.4000 9.4000 9.4000 9.4000 9.4000 9.4000 9.4000 9.4000 2.0000 2.0000 2.0000 2.0000 2.0000 2.0000 2.0000 2.0000 2.0000 2.0000 2.0000 2.0000 2.0000 2.0000 -2.0000 16.0000 16.0000 10.0000 -11.0000 
fa1 = 0.8019 0.2455 0.2455 0.2455 0.2455 0.2455 0.2455 0.2455 0.1977 0.1977 0.1977 0.1977 0.1977 0.1977 0.1977 0.1692 0.1692 0.1692 0.1692 0.1692 0.1692 0.1692 0.1518 269.2323 269.2323 94.6697 0.5828 
fa2 = 0.8020 0.2454 0.2454 0.2454 0.2454 0.2454 0.2454 0.2454 0.1977 0.1977 0.1977 0.1977 0.1977 0.1977 0.1977 0.1692 0.1692 0.1692 0.1692 0.1692 0.1692 0.1692 0.1518 277.8290 277.8290 96.5017 0.5809 
fa3 = 0.8020 0.2454 0.2454 0.2454 0.2454 0.2454 0.2454 0.2454 0.1977 0.1977 0.1977 0.1977 0.1977 0.1977 0.1977 0.1692 0.1692 0.1692 0.1692 0.1692 0.1692 0.1692 0.1518 278.1059 278.1059 96.5373 0.5809 
fa4 = 0.8021 0.2454 0.2454 0.2454 0.2454 0.2454 0.2454 0.2454 0.1976 0.1976 0.1976 0.1976 0.1976 0.1976 0.1976 0.1691 0.1691 0.1691 0.1691 0.1691 0.1691 0.1691 0.1518 287.1520 287.1520 98.4250 0.5790 
fb1 = -0.1830 -0.2114 -0.2114 -0.2114 -0.2114 -0.2114 -0.2114 -0.2114 -0.2213 -0.2213 -0.2213 -0.2213 -0.2213 -0.2213 -0.2213 -0.2306 -0.2306 -0.2306 -0.2306 -0.2306 -0.2306 -0.2306 -0.2384 0.2427 0.2427 0.1059 -0.0712 
fb2 = -0.1830 -0.2114 -0.2114 -0.2114 -0.2114 -0.2114 -0.2114 -0.2114 -0.2212 -0.2212 -0.2212 -0.2212 -0.2212 -0.2212 -0.2212 -0.2305 -0.2305 -0.2305 -0.2305 -0.2305 -0.2305 -0.2305 -0.2384 0.2481 0.2481 0.1077 -0.0711 
fb3 = -0.1830 -0.2114 -0.2114 -0.2114 -0.2114 -0.2114 -0.2114 -0.2114 -0.2212 -0.2212 -0.2212 -0.2212 -0.2212 -0.2212 -0.2212 -0.2305 -0.2305 -0.2305 -0.2305 -0.2305 -0.2305 -0.2305 -0.2384 0.2483 0.2483 0.1078 -0.0711 
fb4 = -0.1829 -0.2113 -0.2113 -0.2113 -0.2113 -0.2113 -0.2113 -0.2113 -0.2212 -0.2212 -0.2212 -0.2212 -0.2212 -0.2212 -0.2212 -0.2305 -0.2305 -0.2305 -0.2305 -0.2305 -0.2305 -0.2305 -0.2383 0.2538 0.2538 0.1097 -0.0711 
I = 14.9000 9.4000 9.4000 9.4000 9.4000 9.4000 9.4000 9.4000 6.0000 6.0000 6.0000 6.0000 6.0000 6.0000 6.0000 2.0000 2.0000 2.0000 2.0000 2.0000 2.0000 2.0000 -2.0000 25.9998 25.9998 10.0000 2.3405 
S1 = 0.0000 0.0000 0.0000 0.0000 0.0000 0.0000 0.0000 0.0000 0.0000 0.0000 0.0000 0.0000 0.0000 0.0000 0.0000 0.0000 0.0000 0.0000 0.0000 0.0000 0.0000 0.0000 0.0000 0.0000 0.0000 0.0000 0.0000 
S2 = 0.0000 0.0000 0.0000 0.0000 0.0000 0.0000 0.0000 0.0000 0.0000 0.0000 0.0000 0.0000 0.0000 0.0000 0.0000 0.0000 0.0000 0.0000 0.0000 0.0000 0.0000 0.0000 0.0000 1.9998 1.9998 0.0000 13.3405 
u = 8.0817 7.9139 7.9139 7.9139 7.9139 7.9139 7.9139 7.9139 7.8404 7.8404 7.8404 7.8404 7.8404 7.8404 7.8404 7.7668 7.7668 7.7668 7.7668 7.7668 7.7668 7.7668 7.7022 11.1990 11.1990 11.8389 9.1489 
v = 35.0820 26.3092 26.3092 26.3092 26.3092 26.3092 26.3092 26.3092 23.1056 23.1056 23.1056 23.1056 23.1056 23.1056 23.1056 20.0459 20.0459 20.0459 20.0459 20.0459 20.0459 20.0459 17.4351 119.4446 119.4446 86.6206 27.9639 
