ExternalI = 5.5000 0.0000 0.0000 0.0000 0.0000 0.0000 0.0000 0.0000 4.0000 4.0000 4.0000 4.0000 4.0000 4.0000 4.0000 0.0000 0.0000 0.0000 0.0000 0.0000 0.0000 0.0000 0.0000 8.0000 8.0000 0.0000 0.0000 
before u = 8.0817 7.9139 7.9139 7.9139 7.9139 7.9139 7.9139 7.9139 7.8404 7.8404 7.8404 7.8404 7.8404 7.8404 7.8404 7.7668 7.7668 7.7668 7.7668 7.7668 7.7668 7.7668 7.7022 11.1990 11.1990 11.8389 9.1489 
before v = 35.0820 26.3092 26.3092 26.3092 26.3092 26.3092 26.3092 26.3092 23.1056 23.1056 23.1056 23.1056 23.1056 23.1056 23.1056 20.0459 20.0459 20.0459 20.0459 20.0459 20.0459 20.0459 17.4351 119.4446 119.4446 86.6206 27.9639 
Ibias = 9.4000 9.4000 9.4000 9.4000 9.4000 9.4000 9.4000 9.4000 2.0000 2.0000 2.0000 2.0000 2.0000 2.0000 2.0000 2.0000 2.0000 2.0000 2.0000 2.0000 2.0000 2.0000 -2.0000 16.0000 16.0000 10.0000 -11.0000 
fa1 = 0.8021 0.2454 0.2454 0.2454 0.2454 0.2454 0.2454 0.2454 0.1976 0.1976 0.1976 0.1976 0.1976 0.1976 0.1976 0.1691 0.1691 0.1691 0.1691 0.1691 0.1691 0.1691 0.1518 287.1439 287.1439 98.4246 0.5524 
fa2 = 0.8023 0.2454 0.2454 0.2454 0.2454 0.2454 0.2454 0.2454 0.1976 0.1976 0.1976 0.1976 0.1976 0.1976 0.1976 0.1691 0.1691 0.1691 0.1691 0.1691 0.1691 0.1691 0.1518 296.6370 296.6370 100.3676 0.5506 
fa3 = 0.8023 0.2454 0.2454 0.2454 0.2454 0.2454 0.2454 0.2454 0.1976 0.1976 0.1976 0.1976 0.1976 0.1976 0.1976 0.1691 0.1691 0.1691 0.1691 0.1691 0.1691 0.1691 0.1518 296.9537 296.9537 100.4062 0.5506 
fa4 = 0.8024 0.2453 0.2453 0.2453 0.2453 0.2453 0.2453 0.2453 0.1976 0.1976 0.1976 0.1976 0.1976 0.1976 0.1976 0.1691 0.1691 0.1691 0.1691 0.1691 0.1691 0.1691 0.1517 306.9610 306.9610 102.4095 0.5489 
fb1 = -0.1829 -0.2113 -0.2113 -0.2113 -0.2113 -0.2113 -0.2113 -0.2113 -0.2212 -0.2212 -0.2212 -0.2212 -0.2212 -0.2212 -0.2212 -0.2305 -0.2305 -0.2305 -0.2305 -0.2305 -0.2305 -0.2305 -0.2383 0.2538 0.2538 0.1097 -0.0711 
fb2 = -0.1829 -0.2113 -0.2113 -0.2113 -0.2113 -0.2113 -0.2113 -0.2113 -0.2211 -0.2211 -0.2211 -0.2211 -0.2211 -0.2211 -0.2211 -0.2304 -0.2304 -0.2304 -0.2304 -0.2304 -0.2304 -0.2304 -0.2383 0.2595 0.2595 0.1117 -0.0711 
fb3 = -0.1829 -0.2113 -0.2113 -0.2113 -0.2113 -0.2113 -0.2113 -0.2113 -0.2211 -0.2211 -0.2211 -0.2211 -0.2211 -0.2211 -0.2211 -0.2304 -0.2304 -0.2304 -0.2304 -0.2304 -0.2304 -0.2304 -0.2383 0.2597 0.2597 0.1117 -0.0711 
fb4 = -0.1828 -0.2112 -0.2112 -0.2112 -0.2112 -0.2112 -0.2112 -0.2112 -0.2211 -0.2211 -0.2211 -0.2211 -0.2211 -0.2211 -0.2211 -0.2304 -0.2304 -0.2304 -0.2304 -0.2304 -0.2304 -0.2304 -0.2382 0.2656 0.2656 0.1137 -0.0711 
I = 14.9000 9.4000 9.4000 9.4000 9.4000 9.4000 9.4000 9.4000 6.0000 6.0000 6.0000 6.0000 6.0000 6.0000 6.0000 2.0000 2.0000 2.0000 2.0000 2.0000 2.0000 2.0000 -2.0000 25.9958 25.9958 10.0000 2.3138 
S1 = 0.0000 0.0000 0.0000 0.0000 0.0000 0.0000 0.0000 0.0000 0.0000 0.0000 0.0000 0.0000 0.0000 0.0000 0.0000 0.0000 0.0000 0.0000 0.0000 0.0000 0.0000 0.0000 0.0000 0.0000 0.0000 0.0000 0.0000 
S2 = 0.0000 0.0000 0.0000 0.0000 0.0000 0.0000 0.0000 0.0000 0.0000 0.0000 0.0000 0.0000 0.0000 0.0000 0.0000 0.0000 0.0000 0.0000 0.0000 0.0000 0.0000 0.0000 0.0000 1.9958 1.9958 0.0000 13.3138 
u = 8.0799 7.9118 7.9118 7.9118 7.9118 7.9118 7.9118 7.9118 7.8382 7.8382 7.8382 7.8382 7.8382 7.8382 7.8382 7.7645 7.7645 7.7645 7.7645 7.7645 7.7645 7.7645 7.6998 11.2015 11.2015 11.8400 9.1482 
v = 35.0900 26.3117 26.3117 26.3117 26.3117 26.3117 26.3117 26.3117 23.1075 23.1075 23.1075 23.1075 23.1075 23.1075 23.1075 20.0476 20.0476 20.0476 20.0476 20.0476 20.0476 20.0476 17.4367 122.4135 122.4135 87.6246 27.9695 
