ExternalI = 5.5000 0.0000 0.0000 0.0000 0.0000 0.0000 0.0000 0.0000 4.0000 4.0000 4.0000 4.0000 4.0000 4.0000 4.0000 0.0000 0.0000 0.0000 0.0000 0.0000 0.0000 0.0000 0.0000 8.0000 8.0000 0.0000 0.0000 
before u = 8.0799 7.9118 7.9118 7.9118 7.9118 7.9118 7.9118 7.9118 7.8382 7.8382 7.8382 7.8382 7.8382 7.8382 7.8382 7.7645 7.7645 7.7645 7.7645 7.7645 7.7645 7.7645 7.6998 11.2015 11.2015 11.8400 9.1482 
before v = 35.0900 26.3117 26.3117 26.3117 26.3117 26.3117 26.3117 26.3117 23.1075 23.1075 23.1075 23.1075 23.1075 23.1075 23.1075 20.0476 20.0476 20.0476 20.0476 20.0476 20.0476 20.0476 17.4367 122.4135 122.4135 87.6246 27.9695 
Ibias = 9.4000 9.4000 9.4000 9.4000 9.4000 9.4000 9.4000 9.4000 2.0000 2.0000 2.0000 2.0000 2.0000 2.0000 2.0000 2.0000 2.0000 2.0000 2.0000 2.0000 2.0000 2.0000 -2.0000 16.0000 16.0000 10.0000 -11.0000 
fa1 = 0.8024 0.2453 0.2453 0.2453 0.2453 0.2453 0.2453 0.2453 0.1976 0.1976 0.1976 0.1976 0.1976 0.1976 0.1976 0.1691 0.1691 0.1691 0.1691 0.1691 0.1691 0.1691 0.1517 306.9521 306.9521 102.4091 0.5222 
fa2 = 0.8026 0.2453 0.2453 0.2453 0.2453 0.2453 0.2453 0.2453 0.1975 0.1975 0.1975 0.1975 0.1975 0.1975 0.1975 0.1690 0.1690 0.1690 0.1690 0.1690 0.1690 0.1690 0.1517 317.4707 317.4707 104.4723 0.5206 
fa3 = 0.8026 0.2453 0.2453 0.2453 0.2453 0.2453 0.2453 0.2453 0.1975 0.1975 0.1975 0.1975 0.1975 0.1975 0.1975 0.1690 0.1690 0.1690 0.1690 0.1690 0.1690 0.1690 0.1517 317.8345 317.8345 104.5141 0.5206 
fa4 = 0.8027 0.2452 0.2452 0.2452 0.2452 0.2452 0.2452 0.2452 0.1975 0.1975 0.1975 0.1975 0.1975 0.1975 0.1975 0.1690 0.1690 0.1690 0.1690 0.1690 0.1690 0.1690 0.1517 328.9442 328.9442 106.6426 0.5190 
fb1 = -0.1828 -0.2112 -0.2112 -0.2112 -0.2112 -0.2112 -0.2112 -0.2112 -0.2211 -0.2211 -0.2211 -0.2211 -0.2211 -0.2211 -0.2211 -0.2304 -0.2304 -0.2304 -0.2304 -0.2304 -0.2304 -0.2304 -0.2382 0.2656 0.2656 0.1137 -0.0711 
fb2 = -0.1828 -0.2112 -0.2112 -0.2112 -0.2112 -0.2112 -0.2112 -0.2112 -0.2210 -0.2210 -0.2210 -0.2210 -0.2210 -0.2210 -0.2210 -0.2303 -0.2303 -0.2303 -0.2303 -0.2303 -0.2303 -0.2303 -0.2382 0.2717 0.2717 0.1157 -0.0711 
fb3 = -0.1828 -0.2112 -0.2112 -0.2112 -0.2112 -0.2112 -0.2112 -0.2112 -0.2210 -0.2210 -0.2210 -0.2210 -0.2210 -0.2210 -0.2210 -0.2303 -0.2303 -0.2303 -0.2303 -0.2303 -0.2303 -0.2303 -0.2382 0.2719 0.2719 0.1158 -0.0711 
fb4 = -0.1827 -0.2111 -0.2111 -0.2111 -0.2111 -0.2111 -0.2111 -0.2111 -0.2210 -0.2210 -0.2210 -0.2210 -0.2210 -0.2210 -0.2210 -0.2303 -0.2303 -0.2303 -0.2303 -0.2303 -0.2303 -0.2303 -0.2381 0.2783 0.2783 0.1179 -0.0711 
I = 14.9000 9.4000 9.4000 9.4000 9.4000 9.4000 9.4000 9.4000 6.0000 6.0000 6.0000 6.0000 6.0000 6.0000 6.0000 2.0000 2.0000 2.0000 2.0000 2.0000 2.0000 2.0000 -2.0000 25.9918 25.9918 10.0000 2.2872 
S1 = 0.0000 0.0000 0.0000 0.0000 0.0000 0.0000 0.0000 0.0000 0.0000 0.0000 0.0000 0.0000 0.0000 0.0000 0.0000 0.0000 0.0000 0.0000 0.0000 0.0000 0.0000 0.0000 0.0000 0.0000 0.0000 0.0000 0.0000 
S2 = 0.0000 0.0000 0.0000 0.0000 0.0000 0.0000 0.0000 0.0000 0.0000 0.0000 0.0000 0.0000 0.0000 0.0000 0.0000 0.0000 0.0000 0.0000 0.0000 0.0000 0.0000 0.0000 0.0000 1.9918 1.9918 0.0000 13.2872 
u = 8.0781 7.9097 7.9097 7.9097 7.9097 7.9097 7.9097 7.9097 7.8359 7.8359 7.8359 7.8359 7.8359 7.8359 7.8359 7.7621 7.7621 7.7621 7.7621 7.7621 7.7621 7.7621 7.6974 11.2043 11.2043 11.8412 9.1475 
v = 35.0981 26.3141 26.3141 26.3141 26.3141 26.3141 26.3141 26.3141 23.1095 23.1095 23.1095 23.1095 23.1095 23.1095 23.1095 20.0492 20.0492 20.0492 20.0492 20.0492 20.0492 20.0492 17.4382 125.5910 125.5910 88.6697 27.9747 
