ExternalI = 5.5000 0.0000 0.0000 0.0000 0.0000 0.0000 0.0000 0.0000 4.0000 4.0000 4.0000 4.0000 4.0000 4.0000 4.0000 0.0000 0.0000 0.0000 0.0000 0.0000 0.0000 0.0000 0.0000 8.0000 8.0000 0.0000 0.0000 
before u = 8.0781 7.9097 7.9097 7.9097 7.9097 7.9097 7.9097 7.9097 7.8359 7.8359 7.8359 7.8359 7.8359 7.8359 7.8359 7.7621 7.7621 7.7621 7.7621 7.7621 7.7621 7.7621 7.6974 11.2043 11.2043 11.8412 9.1475 
before v = 35.0981 26.3141 26.3141 26.3141 26.3141 26.3141 26.3141 26.3141 23.1095 23.1095 23.1095 23.1095 23.1095 23.1095 23.1095 20.0492 20.0492 20.0492 20.0492 20.0492 20.0492 20.0492 17.4382 125.5910 125.5910 88.6697 27.9747 
Ibias = 9.4000 9.4000 9.4000 9.4000 9.4000 9.4000 9.4000 9.4000 2.0000 2.0000 2.0000 2.0000 2.0000 2.0000 2.0000 2.0000 2.0000 2.0000 2.0000 2.0000 2.0000 2.0000 -2.0000 16.0000 16.0000 10.0000 -11.0000 
fa1 = 0.8027 0.2452 0.2452 0.2452 0.2452 0.2452 0.2452 0.2452 0.1975 0.1975 0.1975 0.1975 0.1975 0.1975 0.1975 0.1690 0.1690 0.1690 0.1690 0.1690 0.1690 0.1690 0.1517 328.9343 328.9343 106.6422 0.4924 
fa2 = 0.8028 0.2452 0.2452 0.2452 0.2452 0.2452 0.2452 0.2452 0.1975 0.1975 0.1975 0.1975 0.1975 0.1975 0.1975 0.1690 0.1690 0.1690 0.1690 0.1690 0.1690 0.1690 0.1516 340.6316 340.6316 108.8357 0.4909 
fa3 = 0.8028 0.2452 0.2452 0.2452 0.2452 0.2452 0.2452 0.2452 0.1975 0.1975 0.1975 0.1975 0.1975 0.1975 0.1975 0.1690 0.1690 0.1690 0.1690 0.1690 0.1690 0.1690 0.1516 341.0516 341.0516 108.8811 0.4909 
fa4 = 0.8030 0.2451 0.2451 0.2451 0.2451 0.2451 0.2451 0.2451 0.1974 0.1974 0.1974 0.1974 0.1974 0.1974 0.1974 0.1690 0.1690 0.1690 0.1690 0.1690 0.1690 0.1690 0.1516 353.4316 353.4316 111.1455 0.4894 
fb1 = -0.1827 -0.2111 -0.2111 -0.2111 -0.2111 -0.2111 -0.2111 -0.2111 -0.2210 -0.2210 -0.2210 -0.2210 -0.2210 -0.2210 -0.2210 -0.2303 -0.2303 -0.2303 -0.2303 -0.2303 -0.2303 -0.2303 -0.2381 0.2783 0.2783 0.1179 -0.0711 
fb2 = -0.1827 -0.2111 -0.2111 -0.2111 -0.2111 -0.2111 -0.2111 -0.2111 -0.2210 -0.2210 -0.2210 -0.2210 -0.2210 -0.2210 -0.2210 -0.2302 -0.2302 -0.2302 -0.2302 -0.2302 -0.2302 -0.2302 -0.2381 0.2848 0.2848 0.1200 -0.0710 
fb3 = -0.1827 -0.2111 -0.2111 -0.2111 -0.2111 -0.2111 -0.2111 -0.2111 -0.2210 -0.2210 -0.2210 -0.2210 -0.2210 -0.2210 -0.2210 -0.2302 -0.2302 -0.2302 -0.2302 -0.2302 -0.2302 -0.2302 -0.2381 0.2851 0.2851 0.1200 -0.0710 
fb4 = -0.1826 -0.2110 -0.2110 -0.2110 -0.2110 -0.2110 -0.2110 -0.2110 -0.2209 -0.2209 -0.2209 -0.2209 -0.2209 -0.2209 -0.2209 -0.2302 -0.2302 -0.2302 -0.2302 -0.2302 -0.2302 -0.2302 -0.2380 0.2919 0.2919 0.1222 -0.0710 
I = 14.9000 9.4000 9.4000 9.4000 9.4000 9.4000 9.4000 9.4000 6.0000 6.0000 6.0000 6.0000 6.0000 6.0000 6.0000 2.0000 2.0000 2.0000 2.0000 2.0000 2.0000 2.0000 -2.0000 25.9878 25.9878 10.0000 2.2606 
S1 = 0.0000 0.0000 0.0000 0.0000 0.0000 0.0000 0.0000 0.0000 0.0000 0.0000 0.0000 0.0000 0.0000 0.0000 0.0000 0.0000 0.0000 0.0000 0.0000 0.0000 0.0000 0.0000 0.0000 0.0000 0.0000 0.0000 0.0000 
S2 = 0.0000 0.0000 0.0000 0.0000 0.0000 0.0000 0.0000 0.0000 0.0000 0.0000 0.0000 0.0000 0.0000 0.0000 0.0000 0.0000 0.0000 0.0000 0.0000 0.0000 0.0000 0.0000 0.0000 1.9878 1.9878 0.0000 13.2606 
u = 8.0762 7.9076 7.9076 7.9076 7.9076 7.9076 7.9076 7.9076 7.8337 7.8337 7.8337 7.8337 7.8337 7.8337 7.8337 7.7598 7.7598 7.7598 7.7598 7.7598 7.7598 7.7598 7.6950 11.2071 11.2071 11.8424 9.1468 
v = 35.1061 26.3166 26.3166 26.3166 26.3166 26.3166 26.3166 26.3166 23.1115 23.1115 23.1115 23.1115 23.1115 23.1115 23.1115 20.0509 20.0509 20.0509 20.0509 20.0509 20.0509 20.0509 17.4397 129.0005 129.0005 89.7584 27.9796 
