ExternalI = 5.5000 0.0000 0.0000 0.0000 0.0000 0.0000 0.0000 0.0000 4.0000 4.0000 4.0000 4.0000 4.0000 4.0000 4.0000 0.0000 0.0000 0.0000 0.0000 0.0000 0.0000 0.0000 0.0000 8.0000 8.0000 0.0000 0.0000 
before u = 8.0762 7.9076 7.9076 7.9076 7.9076 7.9076 7.9076 7.9076 7.8337 7.8337 7.8337 7.8337 7.8337 7.8337 7.8337 7.7598 7.7598 7.7598 7.7598 7.7598 7.7598 7.7598 7.6950 11.2071 11.2071 11.8424 9.1468 
before v = 35.1061 26.3166 26.3166 26.3166 26.3166 26.3166 26.3166 26.3166 23.1115 23.1115 23.1115 23.1115 23.1115 23.1115 23.1115 20.0509 20.0509 20.0509 20.0509 20.0509 20.0509 20.0509 17.4397 129.0005 129.0005 89.7584 27.9796 
Ibias = 9.4000 9.4000 9.4000 9.4000 9.4000 9.4000 9.4000 9.4000 2.0000 2.0000 2.0000 2.0000 2.0000 2.0000 2.0000 2.0000 2.0000 2.0000 2.0000 2.0000 2.0000 2.0000 -2.0000 16.0000 16.0000 10.0000 -11.0000 
fa1 = 0.8030 0.2451 0.2451 0.2451 0.2451 0.2451 0.2451 0.2451 0.1974 0.1974 0.1974 0.1974 0.1974 0.1974 0.1974 0.1690 0.1690 0.1690 0.1690 0.1690 0.1690 0.1690 0.1516 353.4206 353.4206 111.1451 0.4629 
fa2 = 0.8031 0.2451 0.2451 0.2451 0.2451 0.2451 0.2451 0.2451 0.1974 0.1974 0.1974 0.1974 0.1974 0.1974 0.1974 0.1689 0.1689 0.1689 0.1689 0.1689 0.1689 0.1689 0.1516 366.4793 366.4793 113.4801 0.4615 
fa3 = 0.8031 0.2451 0.2451 0.2451 0.2451 0.2451 0.2451 0.2451 0.1974 0.1974 0.1974 0.1974 0.1974 0.1974 0.1974 0.1689 0.1689 0.1689 0.1689 0.1689 0.1689 0.1689 0.1516 366.9666 366.9666 113.5295 0.4615 
fa4 = 0.8033 0.2451 0.2451 0.2451 0.2451 0.2451 0.2451 0.2451 0.1974 0.1974 0.1974 0.1974 0.1974 0.1974 0.1974 0.1689 0.1689 0.1689 0.1689 0.1689 0.1689 0.1689 0.1516 380.8184 380.8184 115.9417 0.4601 
fb1 = -0.1826 -0.2110 -0.2110 -0.2110 -0.2110 -0.2110 -0.2110 -0.2110 -0.2209 -0.2209 -0.2209 -0.2209 -0.2209 -0.2209 -0.2209 -0.2302 -0.2302 -0.2302 -0.2302 -0.2302 -0.2302 -0.2302 -0.2380 0.2919 0.2919 0.1222 -0.0710 
fb2 = -0.1826 -0.2110 -0.2110 -0.2110 -0.2110 -0.2110 -0.2110 -0.2110 -0.2209 -0.2209 -0.2209 -0.2209 -0.2209 -0.2209 -0.2209 -0.2301 -0.2301 -0.2301 -0.2301 -0.2301 -0.2301 -0.2301 -0.2380 0.2989 0.2989 0.1244 -0.0710 
fb3 = -0.1826 -0.2110 -0.2110 -0.2110 -0.2110 -0.2110 -0.2110 -0.2110 -0.2209 -0.2209 -0.2209 -0.2209 -0.2209 -0.2209 -0.2209 -0.2301 -0.2301 -0.2301 -0.2301 -0.2301 -0.2301 -0.2301 -0.2380 0.2992 0.2992 0.1244 -0.0710 
fb4 = -0.1825 -0.2109 -0.2109 -0.2109 -0.2109 -0.2109 -0.2109 -0.2109 -0.2208 -0.2208 -0.2208 -0.2208 -0.2208 -0.2208 -0.2208 -0.2301 -0.2301 -0.2301 -0.2301 -0.2301 -0.2301 -0.2301 -0.2379 0.3065 0.3065 0.1267 -0.0710 
I = 14.9000 9.4000 9.4000 9.4000 9.4000 9.4000 9.4000 9.4000 6.0000 6.0000 6.0000 6.0000 6.0000 6.0000 6.0000 2.0000 2.0000 2.0000 2.0000 2.0000 2.0000 2.0000 -2.0000 25.9839 25.9839 10.0000 2.2341 
S1 = 0.0000 0.0000 0.0000 0.0000 0.0000 0.0000 0.0000 0.0000 0.0000 0.0000 0.0000 0.0000 0.0000 0.0000 0.0000 0.0000 0.0000 0.0000 0.0000 0.0000 0.0000 0.0000 0.0000 0.0000 0.0000 0.0000 0.0000 
S2 = 0.0000 0.0000 0.0000 0.0000 0.0000 0.0000 0.0000 0.0000 0.0000 0.0000 0.0000 0.0000 0.0000 0.0000 0.0000 0.0000 0.0000 0.0000 0.0000 0.0000 0.0000 0.0000 0.0000 1.9839 1.9839 0.0000 13.2341 
u = 8.0744 7.9055 7.9055 7.9055 7.9055 7.9055 7.9055 7.9055 7.8315 7.8315 7.8315 7.8315 7.8315 7.8315 7.8315 7.7575 7.7575 7.7575 7.7575 7.7575 7.7575 7.7575 7.6926 11.2101 11.2101 11.8436 9.1461 
v = 35.1141 26.3190 26.3190 26.3190 26.3190 26.3190 26.3190 26.3190 23.1135 23.1135 23.1135 23.1135 23.1135 23.1135 23.1135 20.0526 20.0526 20.0526 20.0526 20.0526 20.0526 20.0526 17.4412 132.6691 132.6691 90.8935 27.9842 
