ExternalI = 5.5000 0.0000 0.0000 0.0000 0.0000 0.0000 0.0000 0.0000 4.0000 4.0000 4.0000 4.0000 4.0000 4.0000 4.0000 0.0000 0.0000 0.0000 0.0000 0.0000 0.0000 0.0000 0.0000 8.0000 8.0000 0.0000 0.0000 
before u = 8.0744 7.9055 7.9055 7.9055 7.9055 7.9055 7.9055 7.9055 7.8315 7.8315 7.8315 7.8315 7.8315 7.8315 7.8315 7.7575 7.7575 7.7575 7.7575 7.7575 7.7575 7.7575 7.6926 11.3101 11.3101 11.8436 9.1461 
before v = 35.1141 26.3190 26.3190 26.3190 26.3190 26.3190 26.3190 26.3190 23.1135 23.1135 23.1135 23.1135 23.1135 23.1135 23.1135 20.0526 20.0526 20.0526 20.0526 20.0526 20.0526 20.0526 17.4412 55.0000 55.0000 90.8935 27.9842 
Ibias = 9.4000 9.4000 9.4000 9.4000 9.4000 9.4000 9.4000 9.4000 2.0000 2.0000 2.0000 2.0000 2.0000 2.0000 2.0000 2.0000 2.0000 2.0000 2.0000 2.0000 2.0000 2.0000 -2.0000 16.0000 16.0000 10.0000 -11.0000 
fa1 = 0.8033 0.2451 0.2451 0.2451 0.2451 0.2451 0.2451 0.2451 0.1974 0.1974 0.1974 0.1974 0.1974 0.1974 0.1974 0.1689 0.1689 0.1689 0.1689 0.1689 0.1689 0.1689 0.1516 31.1698 31.1698 115.9412 1.9336 
fa2 = 0.8034 0.2450 0.2450 0.2450 0.2450 0.2450 0.2450 0.2450 0.1974 0.1974 0.1974 0.1974 0.1974 0.1974 0.1974 0.1689 0.1689 0.1689 0.1689 0.1689 0.1689 0.1689 0.1515 31.3890 31.3890 118.4302 1.9266 
fa3 = 0.8034 0.2450 0.2450 0.2450 0.2450 0.2450 0.2450 0.2450 0.1974 0.1974 0.1974 0.1974 0.1974 0.1974 0.1974 0.1689 0.1689 0.1689 0.1689 0.1689 0.1689 0.1689 0.1515 31.3905 31.3905 118.4839 1.9266 
fa4 = 0.8036 0.2450 0.2450 0.2450 0.2450 0.2450 0.2450 0.2450 0.1973 0.1973 0.1973 0.1973 0.1973 0.1973 0.1973 0.1688 0.1688 0.1688 0.1688 0.1688 0.1688 0.1688 0.1515 31.6132 31.6132 121.0571 1.9196 
fb1 = -0.1825 -0.2109 -0.2109 -0.2109 -0.2109 -0.2109 -0.2109 -0.2109 -0.2208 -0.2208 -0.2208 -0.2208 -0.2208 -0.2208 -0.2208 -0.2301 -0.2301 -0.2301 -0.2301 -0.2301 -0.2301 -0.2301 -0.2379 -0.0062 -0.0062 0.1267 -0.0710 
fb2 = -0.1825 -0.2109 -0.2109 -0.2109 -0.2109 -0.2109 -0.2109 -0.2109 -0.2208 -0.2208 -0.2208 -0.2208 -0.2208 -0.2208 -0.2208 -0.2300 -0.2300 -0.2300 -0.2300 -0.2300 -0.2300 -0.2300 -0.2379 -0.0056 -0.0056 0.1290 -0.0709 
fb3 = -0.1825 -0.2109 -0.2109 -0.2109 -0.2109 -0.2109 -0.2109 -0.2109 -0.2208 -0.2208 -0.2208 -0.2208 -0.2208 -0.2208 -0.2208 -0.2300 -0.2300 -0.2300 -0.2300 -0.2300 -0.2300 -0.2300 -0.2379 -0.0056 -0.0056 0.1291 -0.0709 
fb4 = -0.1824 -0.2108 -0.2108 -0.2108 -0.2108 -0.2108 -0.2108 -0.2108 -0.2207 -0.2207 -0.2207 -0.2207 -0.2207 -0.2207 -0.2207 -0.2300 -0.2300 -0.2300 -0.2300 -0.2300 -0.2300 -0.2300 -0.2378 -0.0049 -0.0049 0.1314 -0.0709 
I = 14.9000 9.4000 9.4000 9.4000 9.4000 9.4000 9.4000 9.4000 6.0000 6.0000 6.0000 6.0000 6.0000 6.0000 6.0000 2.0000 2.0000 2.0000 2.0000 2.0000 2.0000 2.0000 -2.0000 26.4799 26.4799 10.0000 3.7076 
S1 = 0.0000 0.0000 0.0000 0.0000 0.0000 0.0000 0.0000 0.0000 0.0000 0.0000 0.0000 0.0000 0.0000 0.0000 0.0000 0.0000 0.0000 0.0000 0.0000 0.0000 0.0000 0.0000 0.0000 0.0000 0.0000 0.0000 0.0000 
S2 = 0.0000 0.0000 0.0000 0.0000 0.0000 0.0000 0.0000 0.0000 0.0000 0.0000 0.0000 0.0000 0.0000 0.0000 0.0000 0.0000 0.0000 0.0000 0.0000 0.0000 0.0000 0.0000 0.0000 2.4799 2.4799 0.0000 14.7076 
u = 8.0726 7.9034 7.9034 7.9034 7.9034 7.9034 7.9034 7.9034 7.8293 7.8293 7.8293 7.8293 7.8293 7.8293 7.8293 7.7552 7.7552 7.7552 7.7552 7.7552 7.7552 7.7552 7.6903 11.3101 11.3101 11.8449 9.1453 
v = 35.1222 26.3215 26.3215 26.3215 26.3215 26.3215 26.3215 26.3215 23.1154 23.1154 23.1154 23.1154 23.1154 23.1154 23.1154 20.0543 20.0543 20.0543 20.0543 20.0543 20.0543 20.0543 17.4427 55.3139 55.3139 92.0782 28.0034 
