ExternalI = 5.5000 0.0000 0.0000 0.0000 0.0000 0.0000 0.0000 0.0000 4.0000 4.0000 4.0000 4.0000 4.0000 4.0000 4.0000 0.0000 0.0000 0.0000 0.0000 0.0000 0.0000 0.0000 0.0000 8.0000 8.0000 0.0000 0.0000 
before u = 8.0726 7.9034 7.9034 7.9034 7.9034 7.9034 7.9034 7.9034 7.8293 7.8293 7.8293 7.8293 7.8293 7.8293 7.8293 7.7552 7.7552 7.7552 7.7552 7.7552 7.7552 7.7552 7.6903 11.3101 11.3101 11.8449 9.1453 
before v = 35.1222 26.3215 26.3215 26.3215 26.3215 26.3215 26.3215 26.3215 23.1154 23.1154 23.1154 23.1154 23.1154 23.1154 23.1154 20.0543 20.0543 20.0543 20.0543 20.0543 20.0543 20.0543 17.4427 55.3139 55.3139 92.0782 28.0034 
Ibias = 9.4000 9.4000 9.4000 9.4000 9.4000 9.4000 9.4000 9.4000 2.0000 2.0000 2.0000 2.0000 2.0000 2.0000 2.0000 2.0000 2.0000 2.0000 2.0000 2.0000 2.0000 2.0000 -2.0000 16.0000 16.0000 10.0000 -11.0000 
fa1 = 0.8036 0.2450 0.2450 0.2450 0.2450 0.2450 0.2450 0.2450 0.1973 0.1973 0.1973 0.1973 0.1973 0.1973 0.1973 0.1688 0.1688 0.1688 0.1688 0.1688 0.1688 0.1688 0.1515 31.6083 31.6083 121.0565 1.8902 
fa2 = 0.8037 0.2449 0.2449 0.2449 0.2449 0.2449 0.2449 0.2449 0.1973 0.1973 0.1973 0.1973 0.1973 0.1973 0.1973 0.1688 0.1688 0.1688 0.1688 0.1688 0.1688 0.1688 0.1515 31.8345 31.8345 123.7133 1.8834 
fa3 = 0.8037 0.2449 0.2449 0.2449 0.2449 0.2449 0.2449 0.2449 0.1973 0.1973 0.1973 0.1973 0.1973 0.1973 0.1973 0.1688 0.1688 0.1688 0.1688 0.1688 0.1688 0.1688 0.1515 31.8362 31.8362 123.7720 1.8834 
fa4 = 0.8039 0.2449 0.2449 0.2449 0.2449 0.2449 0.2449 0.2449 0.1973 0.1973 0.1973 0.1973 0.1973 0.1973 0.1973 0.1688 0.1688 0.1688 0.1688 0.1688 0.1688 0.1688 0.1515 32.0661 32.0661 126.5207 1.8766 
fb1 = -0.1824 -0.2108 -0.2108 -0.2108 -0.2108 -0.2108 -0.2108 -0.2108 -0.2207 -0.2207 -0.2207 -0.2207 -0.2207 -0.2207 -0.2207 -0.2300 -0.2300 -0.2300 -0.2300 -0.2300 -0.2300 -0.2300 -0.2378 -0.0049 -0.0049 0.1314 -0.0709 
fb2 = -0.1824 -0.2108 -0.2108 -0.2108 -0.2108 -0.2108 -0.2108 -0.2108 -0.2207 -0.2207 -0.2207 -0.2207 -0.2207 -0.2207 -0.2207 -0.2299 -0.2299 -0.2299 -0.2299 -0.2299 -0.2299 -0.2299 -0.2378 -0.0043 -0.0043 0.1338 -0.0708 
fb3 = -0.1824 -0.2108 -0.2108 -0.2108 -0.2108 -0.2108 -0.2108 -0.2108 -0.2207 -0.2207 -0.2207 -0.2207 -0.2207 -0.2207 -0.2207 -0.2299 -0.2299 -0.2299 -0.2299 -0.2299 -0.2299 -0.2299 -0.2378 -0.0043 -0.0043 0.1339 -0.0708 
fb4 = -0.1823 -0.2108 -0.2108 -0.2108 -0.2108 -0.2108 -0.2108 -0.2108 -0.2206 -0.2206 -0.2206 -0.2206 -0.2206 -0.2206 -0.2206 -0.2299 -0.2299 -0.2299 -0.2299 -0.2299 -0.2299 -0.2299 -0.2377 -0.0037 -0.0037 0.1363 -0.0708 
I = 14.9000 9.4000 9.4000 9.4000 9.4000 9.4000 9.4000 9.4000 6.0000 6.0000 6.0000 6.0000 6.0000 6.0000 6.0000 2.0000 2.0000 2.0000 2.0000 2.0000 2.0000 2.0000 -2.0000 26.4749 26.4749 10.0000 3.6782 
S1 = 0.0000 0.0000 0.0000 0.0000 0.0000 0.0000 0.0000 0.0000 0.0000 0.0000 0.0000 0.0000 0.0000 0.0000 0.0000 0.0000 0.0000 0.0000 0.0000 0.0000 0.0000 0.0000 0.0000 0.0000 0.0000 0.0000 0.0000 
S2 = 0.0000 0.0000 0.0000 0.0000 0.0000 0.0000 0.0000 0.0000 0.0000 0.0000 0.0000 0.0000 0.0000 0.0000 0.0000 0.0000 0.0000 0.0000 0.0000 0.0000 0.0000 0.0000 0.0000 2.4749 2.4749 0.0000 14.6782 
u = 8.0708 7.9013 7.9013 7.9013 7.9013 7.9013 7.9013 7.9013 7.8271 7.8271 7.8271 7.8271 7.8271 7.8271 7.8271 7.7529 7.7529 7.7529 7.7529 7.7529 7.7529 7.7529 7.6879 11.3100 11.3100 11.8462 9.1446 
v = 35.1302 26.3239 26.3239 26.3239 26.3239 26.3239 26.3239 26.3239 23.1174 23.1174 23.1174 23.1174 23.1174 23.1174 23.1174 20.0560 20.0560 20.0560 20.0560 20.0560 20.0560 20.0560 17.4442 55.6323 55.6323 93.3158 28.0223 
