ExternalI = 5.5000 0.0000 0.0000 0.0000 0.0000 0.0000 0.0000 0.0000 4.0000 4.0000 4.0000 4.0000 4.0000 4.0000 4.0000 0.0000 0.0000 0.0000 0.0000 0.0000 0.0000 0.0000 0.0000 8.0000 8.0000 0.0000 0.0000 
before u = 8.0708 7.9013 7.9013 7.9013 7.9013 7.9013 7.9013 7.9013 7.8271 7.8271 7.8271 7.8271 7.8271 7.8271 7.8271 7.7529 7.7529 7.7529 7.7529 7.7529 7.7529 7.7529 7.6879 11.3100 11.3100 11.8462 9.1446 
before v = 35.1302 26.3239 26.3239 26.3239 26.3239 26.3239 26.3239 26.3239 23.1174 23.1174 23.1174 23.1174 23.1174 23.1174 23.1174 20.0560 20.0560 20.0560 20.0560 20.0560 20.0560 20.0560 17.4442 55.6323 55.6323 93.3158 28.0223 
Ibias = 9.4000 9.4000 9.4000 9.4000 9.4000 9.4000 9.4000 9.4000 2.0000 2.0000 2.0000 2.0000 2.0000 2.0000 2.0000 2.0000 2.0000 2.0000 2.0000 2.0000 2.0000 2.0000 -2.0000 16.0000 16.0000 10.0000 -11.0000 
fa1 = 0.8039 0.2449 0.2449 0.2449 0.2449 0.2449 0.2449 0.2449 0.1973 0.1973 0.1973 0.1973 0.1973 0.1973 0.1973 0.1688 0.1688 0.1688 0.1688 0.1688 0.1688 0.1688 0.1515 32.0611 32.0611 126.5200 1.8473 
fa2 = 0.8040 0.2449 0.2449 0.2449 0.2449 0.2449 0.2449 0.2449 0.1972 0.1972 0.1972 0.1972 0.1972 0.1972 0.1972 0.1688 0.1688 0.1688 0.1688 0.1688 0.1688 0.1688 0.1514 32.2947 32.2947 129.3601 1.8406 
fa3 = 0.8040 0.2449 0.2449 0.2449 0.2449 0.2449 0.2449 0.2449 0.1972 0.1972 0.1972 0.1972 0.1972 0.1972 0.1972 0.1688 0.1688 0.1688 0.1688 0.1688 0.1688 0.1688 0.1514 32.2964 32.2964 129.4242 1.8407 
fa4 = 0.8042 0.2448 0.2448 0.2448 0.2448 0.2448 0.2448 0.2448 0.1972 0.1972 0.1972 0.1972 0.1972 0.1972 0.1972 0.1687 0.1687 0.1687 0.1687 0.1687 0.1687 0.1687 0.1514 32.5338 32.5338 132.3648 1.8341 
fb1 = -0.1823 -0.2108 -0.2108 -0.2108 -0.2108 -0.2108 -0.2108 -0.2108 -0.2206 -0.2206 -0.2206 -0.2206 -0.2206 -0.2206 -0.2206 -0.2299 -0.2299 -0.2299 -0.2299 -0.2299 -0.2299 -0.2299 -0.2377 -0.0037 -0.0037 0.1363 -0.0708 
fb2 = -0.1823 -0.2107 -0.2107 -0.2107 -0.2107 -0.2107 -0.2107 -0.2107 -0.2206 -0.2206 -0.2206 -0.2206 -0.2206 -0.2206 -0.2206 -0.2298 -0.2298 -0.2298 -0.2298 -0.2298 -0.2298 -0.2298 -0.2377 -0.0030 -0.0030 0.1389 -0.0708 
fb3 = -0.1823 -0.2107 -0.2107 -0.2107 -0.2107 -0.2107 -0.2107 -0.2107 -0.2206 -0.2206 -0.2206 -0.2206 -0.2206 -0.2206 -0.2206 -0.2298 -0.2298 -0.2298 -0.2298 -0.2298 -0.2298 -0.2298 -0.2377 -0.0030 -0.0030 0.1389 -0.0708 
fb4 = -0.1822 -0.2107 -0.2107 -0.2107 -0.2107 -0.2107 -0.2107 -0.2107 -0.2205 -0.2205 -0.2205 -0.2205 -0.2205 -0.2205 -0.2205 -0.2298 -0.2298 -0.2298 -0.2298 -0.2298 -0.2298 -0.2298 -0.2376 -0.0024 -0.0024 0.1415 -0.0707 
I = 14.9000 9.4000 9.4000 9.4000 9.4000 9.4000 9.4000 9.4000 6.0000 6.0000 6.0000 6.0000 6.0000 6.0000 6.0000 2.0000 2.0000 2.0000 2.0000 2.0000 2.0000 2.0000 -2.0000 26.4700 26.4700 10.0000 3.6488 
S1 = 0.0000 0.0000 0.0000 0.0000 0.0000 0.0000 0.0000 0.0000 0.0000 0.0000 0.0000 0.0000 0.0000 0.0000 0.0000 0.0000 0.0000 0.0000 0.0000 0.0000 0.0000 0.0000 0.0000 0.0000 0.0000 0.0000 0.0000 
S2 = 0.0000 0.0000 0.0000 0.0000 0.0000 0.0000 0.0000 0.0000 0.0000 0.0000 0.0000 0.0000 0.0000 0.0000 0.0000 0.0000 0.0000 0.0000 0.0000 0.0000 0.0000 0.0000 0.0000 2.4700 2.4700 0.0000 14.6488 
u = 8.0689 7.8992 7.8992 7.8992 7.8992 7.8992 7.8992 7.8992 7.8249 7.8249 7.8249 7.8249 7.8249 7.8249 7.8249 7.7506 7.7506 7.7506 7.7506 7.7506 7.7506 7.7506 7.6855 11.3100 11.3100 11.8476 9.1439 
v = 35.1382 26.3264 26.3264 26.3264 26.3264 26.3264 26.3264 26.3264 23.1194 23.1194 23.1194 23.1194 23.1194 23.1194 23.1194 20.0577 20.0577 20.0577 20.0577 20.0577 20.0577 20.0577 17.4458 55.9552 55.9552 94.6099 28.0407 
