ExternalI = 5.5000 0.0000 0.0000 0.0000 0.0000 0.0000 0.0000 0.0000 4.0000 4.0000 4.0000 4.0000 4.0000 4.0000 4.0000 0.0000 0.0000 0.0000 0.0000 0.0000 0.0000 0.0000 0.0000 8.0000 8.0000 0.0000 0.0000 
before u = 8.0689 7.8992 7.8992 7.8992 7.8992 7.8992 7.8992 7.8992 7.8249 7.8249 7.8249 7.8249 7.8249 7.8249 7.8249 7.7506 7.7506 7.7506 7.7506 7.7506 7.7506 7.7506 7.6855 11.3100 11.3100 11.8476 9.1439 
before v = 35.1382 26.3264 26.3264 26.3264 26.3264 26.3264 26.3264 26.3264 23.1194 23.1194 23.1194 23.1194 23.1194 23.1194 23.1194 20.0577 20.0577 20.0577 20.0577 20.0577 20.0577 20.0577 17.4458 55.9552 55.9552 94.6099 28.0407 
Ibias = 9.4000 9.4000 9.4000 9.4000 9.4000 9.4000 9.4000 9.4000 2.0000 2.0000 2.0000 2.0000 2.0000 2.0000 2.0000 2.0000 2.0000 2.0000 2.0000 2.0000 2.0000 2.0000 -2.0000 16.0000 16.0000 10.0000 -11.0000 
fa1 = 0.8042 0.2448 0.2448 0.2448 0.2448 0.2448 0.2448 0.2448 0.1972 0.1972 0.1972 0.1972 0.1972 0.1972 0.1972 0.1687 0.1687 0.1687 0.1687 0.1687 0.1687 0.1687 0.1514 32.5289 32.5289 132.3641 1.8048 
fa2 = 0.8043 0.2448 0.2448 0.2448 0.2448 0.2448 0.2448 0.2448 0.1972 0.1972 0.1972 0.1972 0.1972 0.1972 0.1972 0.1687 0.1687 0.1687 0.1687 0.1687 0.1687 0.1687 0.1514 32.7701 32.7701 135.4046 1.7983 
fa3 = 0.8043 0.2448 0.2448 0.2448 0.2448 0.2448 0.2448 0.2448 0.1972 0.1972 0.1972 0.1972 0.1972 0.1972 0.1972 0.1687 0.1687 0.1687 0.1687 0.1687 0.1687 0.1687 0.1514 32.7719 32.7719 135.4749 1.7983 
fa4 = 0.8045 0.2447 0.2447 0.2447 0.2447 0.2447 0.2447 0.2447 0.1971 0.1971 0.1971 0.1971 0.1971 0.1971 0.1971 0.1687 0.1687 0.1687 0.1687 0.1687 0.1687 0.1687 0.1514 33.0170 33.0170 138.6256 1.7919 
fb1 = -0.1822 -0.2107 -0.2107 -0.2107 -0.2107 -0.2107 -0.2107 -0.2107 -0.2205 -0.2205 -0.2205 -0.2205 -0.2205 -0.2205 -0.2205 -0.2298 -0.2298 -0.2298 -0.2298 -0.2298 -0.2298 -0.2298 -0.2376 -0.0024 -0.0024 0.1415 -0.0707 
fb2 = -0.1822 -0.2106 -0.2106 -0.2106 -0.2106 -0.2106 -0.2106 -0.2106 -0.2205 -0.2205 -0.2205 -0.2205 -0.2205 -0.2205 -0.2205 -0.2297 -0.2297 -0.2297 -0.2297 -0.2297 -0.2297 -0.2297 -0.2376 -0.0017 -0.0017 0.1441 -0.0707 
fb3 = -0.1822 -0.2106 -0.2106 -0.2106 -0.2106 -0.2106 -0.2106 -0.2106 -0.2205 -0.2205 -0.2205 -0.2205 -0.2205 -0.2205 -0.2205 -0.2297 -0.2297 -0.2297 -0.2297 -0.2297 -0.2297 -0.2297 -0.2376 -0.0017 -0.0017 0.1442 -0.0707 
fb4 = -0.1821 -0.2106 -0.2106 -0.2106 -0.2106 -0.2106 -0.2106 -0.2106 -0.2204 -0.2204 -0.2204 -0.2204 -0.2204 -0.2204 -0.2204 -0.2297 -0.2297 -0.2297 -0.2297 -0.2297 -0.2297 -0.2297 -0.2375 -0.0011 -0.0011 0.1469 -0.0706 
I = 14.9000 9.4000 9.4000 9.4000 9.4000 9.4000 9.4000 9.4000 6.0000 6.0000 6.0000 6.0000 6.0000 6.0000 6.0000 2.0000 2.0000 2.0000 2.0000 2.0000 2.0000 2.0000 -2.0000 26.4650 26.4650 10.0000 3.6195 
S1 = 0.0000 0.0000 0.0000 0.0000 0.0000 0.0000 0.0000 0.0000 0.0000 0.0000 0.0000 0.0000 0.0000 0.0000 0.0000 0.0000 0.0000 0.0000 0.0000 0.0000 0.0000 0.0000 0.0000 0.0000 0.0000 0.0000 0.0000 
S2 = 0.0000 0.0000 0.0000 0.0000 0.0000 0.0000 0.0000 0.0000 0.0000 0.0000 0.0000 0.0000 0.0000 0.0000 0.0000 0.0000 0.0000 0.0000 0.0000 0.0000 0.0000 0.0000 0.0000 2.4650 2.4650 0.0000 14.6195 
u = 8.0671 7.8971 7.8971 7.8971 7.8971 7.8971 7.8971 7.8971 7.8227 7.8227 7.8227 7.8227 7.8227 7.8227 7.8227 7.7483 7.7483 7.7483 7.7483 7.7483 7.7483 7.7483 7.6831 11.3100 11.3100 11.8491 9.1432 
v = 35.1463 26.3288 26.3288 26.3288 26.3288 26.3288 26.3288 26.3288 23.1213 23.1213 23.1213 23.1213 23.1213 23.1213 23.1213 20.0594 20.0594 20.0594 20.0594 20.0594 20.0594 20.0594 17.4473 56.2829 56.2829 95.9645 28.0587 
