ExternalI = 5.5000 0.0000 0.0000 0.0000 0.0000 0.0000 0.0000 0.0000 4.0000 4.0000 4.0000 4.0000 4.0000 4.0000 4.0000 0.0000 0.0000 0.0000 0.0000 0.0000 0.0000 0.0000 0.0000 8.0000 8.0000 0.0000 0.0000 
before u = 8.0671 7.8971 7.8971 7.8971 7.8971 7.8971 7.8971 7.8971 7.8227 7.8227 7.8227 7.8227 7.8227 7.8227 7.8227 7.7483 7.7483 7.7483 7.7483 7.7483 7.7483 7.7483 7.6831 11.3100 11.3100 11.8491 9.1432 
before v = 35.1463 26.3288 26.3288 26.3288 26.3288 26.3288 26.3288 26.3288 23.1213 23.1213 23.1213 23.1213 23.1213 23.1213 23.1213 20.0594 20.0594 20.0594 20.0594 20.0594 20.0594 20.0594 17.4473 56.2829 56.2829 95.9645 28.0587 
Ibias = 9.4000 9.4000 9.4000 9.4000 9.4000 9.4000 9.4000 9.4000 2.0000 2.0000 2.0000 2.0000 2.0000 2.0000 2.0000 2.0000 2.0000 2.0000 2.0000 2.0000 2.0000 2.0000 -2.0000 16.0000 16.0000 10.0000 -11.0000 
fa1 = 0.8045 0.2447 0.2447 0.2447 0.2447 0.2447 0.2447 0.2447 0.1971 0.1971 0.1971 0.1971 0.1971 0.1971 0.1971 0.1687 0.1687 0.1687 0.1687 0.1687 0.1687 0.1687 0.1514 33.0121 33.0121 138.6248 1.7626 
fa2 = 0.8046 0.2447 0.2447 0.2447 0.2447 0.2447 0.2447 0.2447 0.1971 0.1971 0.1971 0.1971 0.1971 0.1971 0.1971 0.1686 0.1686 0.1686 0.1686 0.1686 0.1686 0.1686 0.1513 33.2612 33.2612 141.8852 1.7563 
fa3 = 0.8046 0.2447 0.2447 0.2447 0.2447 0.2447 0.2447 0.2447 0.1971 0.1971 0.1971 0.1971 0.1971 0.1971 0.1971 0.1686 0.1686 0.1686 0.1686 0.1686 0.1686 0.1686 0.1513 33.2631 33.2631 141.9623 1.7563 
fa4 = 0.8048 0.2447 0.2447 0.2447 0.2447 0.2447 0.2447 0.2447 0.1971 0.1971 0.1971 0.1971 0.1971 0.1971 0.1971 0.1686 0.1686 0.1686 0.1686 0.1686 0.1686 0.1686 0.1513 33.5164 33.5164 145.3438 1.7501 
fb1 = -0.1821 -0.2106 -0.2106 -0.2106 -0.2106 -0.2106 -0.2106 -0.2106 -0.2204 -0.2204 -0.2204 -0.2204 -0.2204 -0.2204 -0.2204 -0.2297 -0.2297 -0.2297 -0.2297 -0.2297 -0.2297 -0.2297 -0.2375 -0.0011 -0.0011 0.1469 -0.0706 
fb2 = -0.1820 -0.2105 -0.2105 -0.2105 -0.2105 -0.2105 -0.2105 -0.2105 -0.2204 -0.2204 -0.2204 -0.2204 -0.2204 -0.2204 -0.2204 -0.2296 -0.2296 -0.2296 -0.2296 -0.2296 -0.2296 -0.2296 -0.2375 -0.0004 -0.0004 0.1496 -0.0706 
fb3 = -0.1820 -0.2105 -0.2105 -0.2105 -0.2105 -0.2105 -0.2105 -0.2105 -0.2204 -0.2204 -0.2204 -0.2204 -0.2204 -0.2204 -0.2204 -0.2296 -0.2296 -0.2296 -0.2296 -0.2296 -0.2296 -0.2296 -0.2375 -0.0004 -0.0004 0.1497 -0.0706 
fb4 = -0.1820 -0.2105 -0.2105 -0.2105 -0.2105 -0.2105 -0.2105 -0.2105 -0.2203 -0.2203 -0.2203 -0.2203 -0.2203 -0.2203 -0.2203 -0.2296 -0.2296 -0.2296 -0.2296 -0.2296 -0.2296 -0.2296 -0.2374 0.0003 0.0003 0.1525 -0.0705 
I = 14.9000 9.4000 9.4000 9.4000 9.4000 9.4000 9.4000 9.4000 6.0000 6.0000 6.0000 6.0000 6.0000 6.0000 6.0000 2.0000 2.0000 2.0000 2.0000 2.0000 2.0000 2.0000 -2.0000 26.4601 26.4601 10.0000 3.5903 
S1 = 0.0000 0.0000 0.0000 0.0000 0.0000 0.0000 0.0000 0.0000 0.0000 0.0000 0.0000 0.0000 0.0000 0.0000 0.0000 0.0000 0.0000 0.0000 0.0000 0.0000 0.0000 0.0000 0.0000 0.0000 0.0000 0.0000 0.0000 
S2 = 0.0000 0.0000 0.0000 0.0000 0.0000 0.0000 0.0000 0.0000 0.0000 0.0000 0.0000 0.0000 0.0000 0.0000 0.0000 0.0000 0.0000 0.0000 0.0000 0.0000 0.0000 0.0000 0.0000 2.4601 2.4601 0.0000 14.5903 
u = 8.0653 7.8950 7.8950 7.8950 7.8950 7.8950 7.8950 7.8950 7.8205 7.8205 7.8205 7.8205 7.8205 7.8205 7.8205 7.7461 7.7461 7.7461 7.7461 7.7461 7.7461 7.7461 7.6807 11.3100 11.3100 11.8506 9.1425 
v = 35.1543 26.3313 26.3313 26.3313 26.3313 26.3313 26.3313 26.3313 23.1233 23.1233 23.1233 23.1233 23.1233 23.1233 23.1233 20.0611 20.0611 20.0611 20.0611 20.0611 20.0611 20.0611 17.4488 56.6156 56.6156 97.3839 28.0762 
