ExternalI = 5.5000 0.0000 0.0000 0.0000 0.0000 0.0000 0.0000 0.0000 4.0000 4.0000 4.0000 4.0000 4.0000 4.0000 4.0000 0.0000 0.0000 0.0000 0.0000 0.0000 0.0000 0.0000 0.0000 8.0000 8.0000 0.0000 0.0000 
before u = 8.0653 7.8950 7.8950 7.8950 7.8950 7.8950 7.8950 7.8950 7.8205 7.8205 7.8205 7.8205 7.8205 7.8205 7.8205 7.7461 7.7461 7.7461 7.7461 7.7461 7.7461 7.7461 7.6807 11.3100 11.3100 11.8506 9.1425 
before v = 35.1543 26.3313 26.3313 26.3313 26.3313 26.3313 26.3313 26.3313 23.1233 23.1233 23.1233 23.1233 23.1233 23.1233 23.1233 20.0611 20.0611 20.0611 20.0611 20.0611 20.0611 20.0611 17.4488 56.6156 56.6156 97.3839 28.0762 
Ibias = 9.4000 9.4000 9.4000 9.4000 9.4000 9.4000 9.4000 9.4000 2.0000 2.0000 2.0000 2.0000 2.0000 2.0000 2.0000 2.0000 2.0000 2.0000 2.0000 2.0000 2.0000 2.0000 -2.0000 16.0000 16.0000 10.0000 -11.0000 
fa1 = 0.8048 0.2447 0.2447 0.2447 0.2447 0.2447 0.2447 0.2447 0.1971 0.1971 0.1971 0.1971 0.1971 0.1971 0.1971 0.1686 0.1686 0.1686 0.1686 0.1686 0.1686 0.1686 0.1513 33.5114 33.5114 145.3429 1.7209 
fa2 = 0.8049 0.2446 0.2446 0.2446 0.2446 0.2446 0.2446 0.2446 0.1970 0.1970 0.1970 0.1970 0.1970 0.1970 0.1970 0.1686 0.1686 0.1686 0.1686 0.1686 0.1686 0.1686 0.1513 33.7688 33.7688 148.8447 1.7148 
fa3 = 0.8049 0.2446 0.2446 0.2446 0.2446 0.2446 0.2446 0.2446 0.1970 0.1970 0.1970 0.1970 0.1970 0.1970 0.1970 0.1686 0.1686 0.1686 0.1686 0.1686 0.1686 0.1686 0.1513 33.7708 33.7708 148.9296 1.7148 
fa4 = 0.8051 0.2446 0.2446 0.2446 0.2446 0.2446 0.2446 0.2446 0.1970 0.1970 0.1970 0.1970 0.1970 0.1970 0.1970 0.1686 0.1686 0.1686 0.1686 0.1686 0.1686 0.1686 0.1512 34.0324 34.0324 152.5648 1.7087 
fb1 = -0.1820 -0.2105 -0.2105 -0.2105 -0.2105 -0.2105 -0.2105 -0.2105 -0.2203 -0.2203 -0.2203 -0.2203 -0.2203 -0.2203 -0.2203 -0.2296 -0.2296 -0.2296 -0.2296 -0.2296 -0.2296 -0.2296 -0.2374 0.0003 0.0003 0.1525 -0.0705 
fb2 = -0.1819 -0.2104 -0.2104 -0.2104 -0.2104 -0.2104 -0.2104 -0.2104 -0.2203 -0.2203 -0.2203 -0.2203 -0.2203 -0.2203 -0.2203 -0.2295 -0.2295 -0.2295 -0.2295 -0.2295 -0.2295 -0.2295 -0.2374 0.0009 0.0009 0.1554 -0.0705 
fb3 = -0.1819 -0.2104 -0.2104 -0.2104 -0.2104 -0.2104 -0.2104 -0.2104 -0.2203 -0.2203 -0.2203 -0.2203 -0.2203 -0.2203 -0.2203 -0.2295 -0.2295 -0.2295 -0.2295 -0.2295 -0.2295 -0.2295 -0.2374 0.0009 0.0009 0.1555 -0.0705 
fb4 = -0.1819 -0.2104 -0.2104 -0.2104 -0.2104 -0.2104 -0.2104 -0.2104 -0.2202 -0.2202 -0.2202 -0.2202 -0.2202 -0.2202 -0.2202 -0.2295 -0.2295 -0.2295 -0.2295 -0.2295 -0.2295 -0.2295 -0.2373 0.0016 0.0016 0.1585 -0.0705 
I = 14.9000 9.4000 9.4000 9.4000 9.4000 9.4000 9.4000 9.4000 6.0000 6.0000 6.0000 6.0000 6.0000 6.0000 6.0000 2.0000 2.0000 2.0000 2.0000 2.0000 2.0000 2.0000 -2.0000 26.4552 26.4552 10.0000 3.5611 
S1 = 0.0000 0.0000 0.0000 0.0000 0.0000 0.0000 0.0000 0.0000 0.0000 0.0000 0.0000 0.0000 0.0000 0.0000 0.0000 0.0000 0.0000 0.0000 0.0000 0.0000 0.0000 0.0000 0.0000 0.0000 0.0000 0.0000 0.0000 
S2 = 0.0000 0.0000 0.0000 0.0000 0.0000 0.0000 0.0000 0.0000 0.0000 0.0000 0.0000 0.0000 0.0000 0.0000 0.0000 0.0000 0.0000 0.0000 0.0000 0.0000 0.0000 0.0000 0.0000 2.4552 2.4552 0.0000 14.5611 
u = 8.0635 7.8929 7.8929 7.8929 7.8929 7.8929 7.8929 7.8929 7.8183 7.8183 7.8183 7.8183 7.8183 7.8183 7.8183 7.7438 7.7438 7.7438 7.7438 7.7438 7.7438 7.7438 7.6784 11.3100 11.3100 11.8521 9.1418 
v = 35.1624 26.3337 26.3337 26.3337 26.3337 26.3337 26.3337 26.3337 23.1253 23.1253 23.1253 23.1253 23.1253 23.1253 23.1253 20.0627 20.0627 20.0627 20.0627 20.0627 20.0627 20.0627 17.4503 56.9533 56.9533 98.8730 28.0934 
