ExternalI = 5.5000 0.0000 0.0000 0.0000 0.0000 0.0000 0.0000 0.0000 4.0000 4.0000 4.0000 4.0000 4.0000 4.0000 4.0000 0.0000 0.0000 0.0000 0.0000 0.0000 0.0000 0.0000 0.0000 8.0000 8.0000 0.0000 0.0000 
before u = 8.0635 7.8929 7.8929 7.8929 7.8929 7.8929 7.8929 7.8929 7.8183 7.8183 7.8183 7.8183 7.8183 7.8183 7.8183 7.7438 7.7438 7.7438 7.7438 7.7438 7.7438 7.7438 7.6784 11.3100 11.3100 11.8521 9.1418 
before v = 35.1624 26.3337 26.3337 26.3337 26.3337 26.3337 26.3337 26.3337 23.1253 23.1253 23.1253 23.1253 23.1253 23.1253 23.1253 20.0627 20.0627 20.0627 20.0627 20.0627 20.0627 20.0627 17.4503 56.9533 56.9533 98.8730 28.0934 
Ibias = 9.4000 9.4000 9.4000 9.4000 9.4000 9.4000 9.4000 9.4000 2.0000 2.0000 2.0000 2.0000 2.0000 2.0000 2.0000 2.0000 2.0000 2.0000 2.0000 2.0000 2.0000 2.0000 -2.0000 16.0000 16.0000 10.0000 -11.0000 
fa1 = 0.8051 0.2446 0.2446 0.2446 0.2446 0.2446 0.2446 0.2446 0.1970 0.1970 0.1970 0.1970 0.1970 0.1970 0.1970 0.1686 0.1686 0.1686 0.1686 0.1686 0.1686 0.1686 0.1512 34.0275 34.0275 152.5638 1.6796 
fa2 = 0.8053 0.2445 0.2445 0.2445 0.2445 0.2445 0.2445 0.2445 0.1970 0.1970 0.1970 0.1970 0.1970 0.1970 0.1970 0.1685 0.1685 0.1685 0.1685 0.1685 0.1685 0.1685 0.1512 34.2934 34.2934 156.3316 1.6736 
fa3 = 0.8053 0.2445 0.2445 0.2445 0.2445 0.2445 0.2445 0.2445 0.1970 0.1970 0.1970 0.1970 0.1970 0.1970 0.1970 0.1685 0.1685 0.1685 0.1685 0.1685 0.1685 0.1685 0.1512 34.2955 34.2955 156.4253 1.6736 
fa4 = 0.8054 0.2445 0.2445 0.2445 0.2445 0.2445 0.2445 0.2445 0.1969 0.1969 0.1969 0.1969 0.1969 0.1969 0.1969 0.1685 0.1685 0.1685 0.1685 0.1685 0.1685 0.1685 0.1512 34.5659 34.5659 160.3403 1.6677 
fb1 = -0.1819 -0.2104 -0.2104 -0.2104 -0.2104 -0.2104 -0.2104 -0.2104 -0.2202 -0.2202 -0.2202 -0.2202 -0.2202 -0.2202 -0.2202 -0.2295 -0.2295 -0.2295 -0.2295 -0.2295 -0.2295 -0.2295 -0.2373 0.0016 0.0016 0.1584 -0.0705 
fb2 = -0.1818 -0.2103 -0.2103 -0.2103 -0.2103 -0.2103 -0.2103 -0.2103 -0.2202 -0.2202 -0.2202 -0.2202 -0.2202 -0.2202 -0.2202 -0.2295 -0.2295 -0.2295 -0.2295 -0.2295 -0.2295 -0.2295 -0.2373 0.0023 0.0023 0.1615 -0.0704 
fb3 = -0.1818 -0.2103 -0.2103 -0.2103 -0.2103 -0.2103 -0.2103 -0.2103 -0.2202 -0.2202 -0.2202 -0.2202 -0.2202 -0.2202 -0.2202 -0.2295 -0.2295 -0.2295 -0.2295 -0.2295 -0.2295 -0.2295 -0.2373 0.0023 0.0023 0.1616 -0.0704 
fb4 = -0.1818 -0.2103 -0.2103 -0.2103 -0.2103 -0.2103 -0.2103 -0.2103 -0.2201 -0.2201 -0.2201 -0.2201 -0.2201 -0.2201 -0.2201 -0.2294 -0.2294 -0.2294 -0.2294 -0.2294 -0.2294 -0.2294 -0.2372 0.0030 0.0030 0.1647 -0.0704 
I = 14.9000 9.4000 9.4000 9.4000 9.4000 9.4000 9.4000 9.4000 6.0000 6.0000 6.0000 6.0000 6.0000 6.0000 6.0000 2.0000 2.0000 2.0000 2.0000 2.0000 2.0000 2.0000 -2.0000 26.4503 26.4503 10.0000 3.5320 
S1 = 0.0000 0.0000 0.0000 0.0000 0.0000 0.0000 0.0000 0.0000 0.0000 0.0000 0.0000 0.0000 0.0000 0.0000 0.0000 0.0000 0.0000 0.0000 0.0000 0.0000 0.0000 0.0000 0.0000 0.0000 0.0000 0.0000 0.0000 
S2 = 0.0000 0.0000 0.0000 0.0000 0.0000 0.0000 0.0000 0.0000 0.0000 0.0000 0.0000 0.0000 0.0000 0.0000 0.0000 0.0000 0.0000 0.0000 0.0000 0.0000 0.0000 0.0000 0.0000 2.4503 2.4503 0.0000 14.5320 
u = 8.0617 7.8908 7.8908 7.8908 7.8908 7.8908 7.8908 7.8908 7.8161 7.8161 7.8161 7.8161 7.8161 7.8161 7.8161 7.7415 7.7415 7.7415 7.7415 7.7415 7.7415 7.7415 7.6760 11.3100 11.3100 11.8537 9.1411 
v = 35.1704 26.3362 26.3362 26.3362 26.3362 26.3362 26.3362 26.3362 23.1273 23.1273 23.1273 23.1273 23.1273 23.1273 23.1273 20.0644 20.0644 20.0644 20.0644 20.0644 20.0644 20.0644 17.4518 57.2962 57.2962 100.4371 28.1101 
