ExternalI = 5.5000 0.0000 0.0000 0.0000 0.0000 0.0000 0.0000 0.0000 4.0000 4.0000 4.0000 4.0000 4.0000 4.0000 4.0000 0.0000 0.0000 0.0000 0.0000 0.0000 0.0000 0.0000 0.0000 8.0000 8.0000 0.0000 0.0000 
before u = 8.0617 7.8908 7.8908 7.8908 7.8908 7.8908 7.8908 7.8908 7.8161 7.8161 7.8161 7.8161 7.8161 7.8161 7.8161 7.7415 7.7415 7.7415 7.7415 7.7415 7.7415 7.7415 7.6760 11.3100 11.3100 11.8537 9.1411 
before v = 35.1704 26.3362 26.3362 26.3362 26.3362 26.3362 26.3362 26.3362 23.1273 23.1273 23.1273 23.1273 23.1273 23.1273 23.1273 20.0644 20.0644 20.0644 20.0644 20.0644 20.0644 20.0644 17.4518 57.2962 57.2962 100.4371 28.1101 
Ibias = 9.4000 9.4000 9.4000 9.4000 9.4000 9.4000 9.4000 9.4000 2.0000 2.0000 2.0000 2.0000 2.0000 2.0000 2.0000 2.0000 2.0000 2.0000 2.0000 2.0000 2.0000 2.0000 -2.0000 16.0000 16.0000 10.0000 -11.0000 
fa1 = 0.8054 0.2445 0.2445 0.2445 0.2445 0.2445 0.2445 0.2445 0.1969 0.1969 0.1969 0.1969 0.1969 0.1969 0.1969 0.1685 0.1685 0.1685 0.1685 0.1685 0.1685 0.1685 0.1512 34.5610 34.5610 160.3392 1.6386 
fa2 = 0.8056 0.2444 0.2444 0.2444 0.2444 0.2444 0.2444 0.2444 0.1969 0.1969 0.1969 0.1969 0.1969 0.1969 0.1969 0.1685 0.1685 0.1685 0.1685 0.1685 0.1685 0.1685 0.1512 34.8359 34.8359 164.4006 1.6328 
fa3 = 0.8056 0.2444 0.2444 0.2444 0.2444 0.2444 0.2444 0.2444 0.1969 0.1969 0.1969 0.1969 0.1969 0.1969 0.1969 0.1685 0.1685 0.1685 0.1685 0.1685 0.1685 0.1685 0.1512 34.8381 34.8381 164.5042 1.6328 
fa4 = 0.8057 0.2444 0.2444 0.2444 0.2444 0.2444 0.2444 0.2444 0.1969 0.1969 0.1969 0.1969 0.1969 0.1969 0.1969 0.1684 0.1684 0.1684 0.1684 0.1684 0.1684 0.1684 0.1511 35.1176 35.1176 168.7285 1.6271 
fb1 = -0.1818 -0.2103 -0.2103 -0.2103 -0.2103 -0.2103 -0.2103 -0.2103 -0.2201 -0.2201 -0.2201 -0.2201 -0.2201 -0.2201 -0.2201 -0.2294 -0.2294 -0.2294 -0.2294 -0.2294 -0.2294 -0.2294 -0.2372 0.0030 0.0030 0.1647 -0.0704 
fb2 = -0.1817 -0.2102 -0.2102 -0.2102 -0.2102 -0.2102 -0.2102 -0.2102 -0.2201 -0.2201 -0.2201 -0.2201 -0.2201 -0.2201 -0.2201 -0.2294 -0.2294 -0.2294 -0.2294 -0.2294 -0.2294 -0.2294 -0.2372 0.0037 0.0037 0.1679 -0.0703 
fb3 = -0.1817 -0.2102 -0.2102 -0.2102 -0.2102 -0.2102 -0.2102 -0.2102 -0.2201 -0.2201 -0.2201 -0.2201 -0.2201 -0.2201 -0.2201 -0.2294 -0.2294 -0.2294 -0.2294 -0.2294 -0.2294 -0.2294 -0.2372 0.0037 0.0037 0.1679 -0.0703 
fb4 = -0.1817 -0.2102 -0.2102 -0.2102 -0.2102 -0.2102 -0.2102 -0.2102 -0.2200 -0.2200 -0.2200 -0.2200 -0.2200 -0.2200 -0.2200 -0.2293 -0.2293 -0.2293 -0.2293 -0.2293 -0.2293 -0.2293 -0.2371 0.0044 0.0044 0.1712 -0.0703 
I = 14.9000 9.4000 9.4000 9.4000 9.4000 9.4000 9.4000 9.4000 6.0000 6.0000 6.0000 6.0000 6.0000 6.0000 6.0000 2.0000 2.0000 2.0000 2.0000 2.0000 2.0000 2.0000 -2.0000 26.4454 26.4454 10.0000 3.5029 
S1 = 0.0000 0.0000 0.0000 0.0000 0.0000 0.0000 0.0000 0.0000 0.0000 0.0000 0.0000 0.0000 0.0000 0.0000 0.0000 0.0000 0.0000 0.0000 0.0000 0.0000 0.0000 0.0000 0.0000 0.0000 0.0000 0.0000 0.0000 
S2 = 0.0000 0.0000 0.0000 0.0000 0.0000 0.0000 0.0000 0.0000 0.0000 0.0000 0.0000 0.0000 0.0000 0.0000 0.0000 0.0000 0.0000 0.0000 0.0000 0.0000 0.0000 0.0000 0.0000 2.4454 2.4454 0.0000 14.5029 
u = 8.0598 7.8886 7.8886 7.8886 7.8886 7.8886 7.8886 7.8886 7.8139 7.8139 7.8139 7.8139 7.8139 7.8139 7.8139 7.7392 7.7392 7.7392 7.7392 7.7392 7.7392 7.7392 7.6736 11.3100 11.3100 11.8554 9.1404 
v = 35.1785 26.3386 26.3386 26.3386 26.3386 26.3386 26.3386 26.3386 23.1292 23.1292 23.1292 23.1292 23.1292 23.1292 23.1292 20.0661 20.0661 20.0661 20.0661 20.0661 20.0661 20.0661 17.4533 57.6446 57.6446 102.0819 28.1264 
