ExternalI = 5.5000 0.0000 0.0000 0.0000 0.0000 0.0000 0.0000 0.0000 4.0000 4.0000 4.0000 4.0000 4.0000 4.0000 4.0000 0.0000 0.0000 0.0000 0.0000 0.0000 0.0000 0.0000 0.0000 8.0000 8.0000 0.0000 0.0000 
before u = 8.0598 7.8886 7.8886 7.8886 7.8886 7.8886 7.8886 7.8886 7.8139 7.8139 7.8139 7.8139 7.8139 7.8139 7.8139 7.7392 7.7392 7.7392 7.7392 7.7392 7.7392 7.7392 7.6736 11.3100 11.3100 11.8554 9.1404 
before v = 35.1785 26.3386 26.3386 26.3386 26.3386 26.3386 26.3386 26.3386 23.1292 23.1292 23.1292 23.1292 23.1292 23.1292 23.1292 20.0661 20.0661 20.0661 20.0661 20.0661 20.0661 20.0661 17.4533 57.6446 57.6446 102.0819 28.1264 
Ibias = 9.4000 9.4000 9.4000 9.4000 9.4000 9.4000 9.4000 9.4000 2.0000 2.0000 2.0000 2.0000 2.0000 2.0000 2.0000 2.0000 2.0000 2.0000 2.0000 2.0000 2.0000 2.0000 -2.0000 16.0000 16.0000 10.0000 -11.0000 
fa1 = 0.8057 0.2444 0.2444 0.2444 0.2444 0.2444 0.2444 0.2444 0.1969 0.1969 0.1969 0.1969 0.1969 0.1969 0.1969 0.1684 0.1684 0.1684 0.1684 0.1684 0.1684 0.1684 0.1511 35.1127 35.1127 168.7272 1.5981 
fa2 = 0.8059 0.2444 0.2444 0.2444 0.2444 0.2444 0.2444 0.2444 0.1968 0.1968 0.1968 0.1968 0.1968 0.1968 0.1968 0.1684 0.1684 0.1684 0.1684 0.1684 0.1684 0.1684 0.1511 35.3968 35.3968 173.1135 1.5924 
fa3 = 0.8059 0.2444 0.2444 0.2444 0.2444 0.2444 0.2444 0.2444 0.1968 0.1968 0.1968 0.1968 0.1968 0.1968 0.1968 0.1684 0.1684 0.1684 0.1684 0.1684 0.1684 0.1684 0.1511 35.3991 35.3991 173.2283 1.5924 
fa4 = 0.8061 0.2443 0.2443 0.2443 0.2443 0.2443 0.2443 0.2443 0.1968 0.1968 0.1968 0.1968 0.1968 0.1968 0.1968 0.1684 0.1684 0.1684 0.1684 0.1684 0.1684 0.1684 0.1511 35.6881 35.6881 177.7954 1.5868 
fb1 = -0.1817 -0.2102 -0.2102 -0.2102 -0.2102 -0.2102 -0.2102 -0.2102 -0.2200 -0.2200 -0.2200 -0.2200 -0.2200 -0.2200 -0.2200 -0.2293 -0.2293 -0.2293 -0.2293 -0.2293 -0.2293 -0.2293 -0.2371 0.0044 0.0044 0.1712 -0.0703 
fb2 = -0.1816 -0.2101 -0.2101 -0.2101 -0.2101 -0.2101 -0.2101 -0.2101 -0.2200 -0.2200 -0.2200 -0.2200 -0.2200 -0.2200 -0.2200 -0.2293 -0.2293 -0.2293 -0.2293 -0.2293 -0.2293 -0.2293 -0.2371 0.0051 0.0051 0.1746 -0.0703 
fb3 = -0.1816 -0.2101 -0.2101 -0.2101 -0.2101 -0.2101 -0.2101 -0.2101 -0.2200 -0.2200 -0.2200 -0.2200 -0.2200 -0.2200 -0.2200 -0.2293 -0.2293 -0.2293 -0.2293 -0.2293 -0.2293 -0.2293 -0.2371 0.0051 0.0051 0.1747 -0.0703 
fb4 = -0.1816 -0.2101 -0.2101 -0.2101 -0.2101 -0.2101 -0.2101 -0.2101 -0.2199 -0.2199 -0.2199 -0.2199 -0.2199 -0.2199 -0.2199 -0.2292 -0.2292 -0.2292 -0.2292 -0.2292 -0.2292 -0.2292 -0.2370 0.0058 0.0058 0.1781 -0.0702 
I = 14.9000 9.4000 9.4000 9.4000 9.4000 9.4000 9.4000 9.4000 6.0000 6.0000 6.0000 6.0000 6.0000 6.0000 6.0000 2.0000 2.0000 2.0000 2.0000 2.0000 2.0000 2.0000 -2.0000 26.4405 26.4405 10.0000 3.4739 
S1 = 0.0000 0.0000 0.0000 0.0000 0.0000 0.0000 0.0000 0.0000 0.0000 0.0000 0.0000 0.0000 0.0000 0.0000 0.0000 0.0000 0.0000 0.0000 0.0000 0.0000 0.0000 0.0000 0.0000 0.0000 0.0000 0.0000 0.0000 
S2 = 0.0000 0.0000 0.0000 0.0000 0.0000 0.0000 0.0000 0.0000 0.0000 0.0000 0.0000 0.0000 0.0000 0.0000 0.0000 0.0000 0.0000 0.0000 0.0000 0.0000 0.0000 0.0000 0.0000 2.4405 2.4405 0.0000 14.4739 
u = 8.0580 7.8865 7.8865 7.8865 7.8865 7.8865 7.8865 7.8865 7.8117 7.8117 7.8117 7.8117 7.8117 7.8117 7.8117 7.7369 7.7369 7.7369 7.7369 7.7369 7.7369 7.7369 7.6713 11.3101 11.3101 11.8572 9.1397 
v = 35.1865 26.3411 26.3411 26.3411 26.3411 26.3411 26.3411 26.3411 23.1312 23.1312 23.1312 23.1312 23.1312 23.1312 23.1312 20.0678 20.0678 20.0678 20.0678 20.0678 20.0678 20.0678 17.4548 57.9986 57.9986 103.8139 28.1424 
