ExternalI = 5.5000 0.0000 0.0000 0.0000 0.0000 0.0000 0.0000 0.0000 4.0000 4.0000 4.0000 4.0000 4.0000 4.0000 4.0000 0.0000 0.0000 0.0000 0.0000 0.0000 0.0000 0.0000 0.0000 8.0000 8.0000 0.0000 0.0000 
before u = 8.0580 7.8865 7.8865 7.8865 7.8865 7.8865 7.8865 7.8865 7.8117 7.8117 7.8117 7.8117 7.8117 7.8117 7.8117 7.7369 7.7369 7.7369 7.7369 7.7369 7.7369 7.7369 7.6713 11.3101 11.3101 11.8572 9.1397 
before v = 35.1865 26.3411 26.3411 26.3411 26.3411 26.3411 26.3411 26.3411 23.1312 23.1312 23.1312 23.1312 23.1312 23.1312 23.1312 20.0678 20.0678 20.0678 20.0678 20.0678 20.0678 20.0678 17.4548 57.9986 57.9986 103.8139 28.1424 
Ibias = 9.4000 9.4000 9.4000 9.4000 9.4000 9.4000 9.4000 9.4000 2.0000 2.0000 2.0000 2.0000 2.0000 2.0000 2.0000 2.0000 2.0000 2.0000 2.0000 2.0000 2.0000 2.0000 -2.0000 16.0000 16.0000 10.0000 -11.0000 
fa1 = 0.8061 0.2443 0.2443 0.2443 0.2443 0.2443 0.2443 0.2443 0.1968 0.1968 0.1968 0.1968 0.1968 0.1968 0.1968 0.1684 0.1684 0.1684 0.1684 0.1684 0.1684 0.1684 0.1511 35.6832 35.6832 177.7940 1.5579 
fa2 = 0.8062 0.2443 0.2443 0.2443 0.2443 0.2443 0.2443 0.2443 0.1968 0.1968 0.1968 0.1968 0.1968 0.1968 0.1968 0.1684 0.1684 0.1684 0.1684 0.1684 0.1684 0.1684 0.1511 35.9770 35.9770 182.5408 1.5524 
fa3 = 0.8062 0.2443 0.2443 0.2443 0.2443 0.2443 0.2443 0.2443 0.1968 0.1968 0.1968 0.1968 0.1968 0.1968 0.1968 0.1684 0.1684 0.1684 0.1684 0.1684 0.1684 0.1684 0.1511 35.9795 35.9795 182.6684 1.5524 
fa4 = 0.8064 0.2442 0.2442 0.2442 0.2442 0.2442 0.2442 0.2442 0.1968 0.1968 0.1968 0.1968 0.1968 0.1968 0.1968 0.1683 0.1683 0.1683 0.1683 0.1683 0.1683 0.1683 0.1510 36.2784 36.2784 187.6164 1.5470 
fb1 = -0.1816 -0.2101 -0.2101 -0.2101 -0.2101 -0.2101 -0.2101 -0.2101 -0.2199 -0.2199 -0.2199 -0.2199 -0.2199 -0.2199 -0.2199 -0.2292 -0.2292 -0.2292 -0.2292 -0.2292 -0.2292 -0.2292 -0.2370 0.0058 0.0058 0.1781 -0.0702 
fb2 = -0.1815 -0.2101 -0.2101 -0.2101 -0.2101 -0.2101 -0.2101 -0.2101 -0.2199 -0.2199 -0.2199 -0.2199 -0.2199 -0.2199 -0.2199 -0.2292 -0.2292 -0.2292 -0.2292 -0.2292 -0.2292 -0.2292 -0.2370 0.0065 0.0065 0.1817 -0.0702 
fb3 = -0.1815 -0.2101 -0.2101 -0.2101 -0.2101 -0.2101 -0.2101 -0.2101 -0.2199 -0.2199 -0.2199 -0.2199 -0.2199 -0.2199 -0.2199 -0.2292 -0.2292 -0.2292 -0.2292 -0.2292 -0.2292 -0.2292 -0.2370 0.0065 0.0065 0.1817 -0.0702 
fb4 = -0.1815 -0.2100 -0.2100 -0.2100 -0.2100 -0.2100 -0.2100 -0.2100 -0.2198 -0.2198 -0.2198 -0.2198 -0.2198 -0.2198 -0.2198 -0.2291 -0.2291 -0.2291 -0.2291 -0.2291 -0.2291 -0.2291 -0.2369 0.0072 0.0072 0.1854 -0.0701 
I = 14.9000 9.4000 9.4000 9.4000 9.4000 9.4000 9.4000 9.4000 6.0000 6.0000 6.0000 6.0000 6.0000 6.0000 6.0000 2.0000 2.0000 2.0000 2.0000 2.0000 2.0000 2.0000 -2.0000 26.4356 26.4356 10.0000 3.4450 
S1 = 0.0000 0.0000 0.0000 0.0000 0.0000 0.0000 0.0000 0.0000 0.0000 0.0000 0.0000 0.0000 0.0000 0.0000 0.0000 0.0000 0.0000 0.0000 0.0000 0.0000 0.0000 0.0000 0.0000 0.0000 0.0000 0.0000 0.0000 
S2 = 0.0000 0.0000 0.0000 0.0000 0.0000 0.0000 0.0000 0.0000 0.0000 0.0000 0.0000 0.0000 0.0000 0.0000 0.0000 0.0000 0.0000 0.0000 0.0000 0.0000 0.0000 0.0000 0.0000 2.4356 2.4356 0.0000 14.4450 
u = 8.0562 7.8844 7.8844 7.8844 7.8844 7.8844 7.8844 7.8844 7.8095 7.8095 7.8095 7.8095 7.8095 7.8095 7.8095 7.7346 7.7346 7.7346 7.7346 7.7346 7.7346 7.7346 7.6689 11.3101 11.3101 11.8590 9.1390 
v = 35.1946 26.3435 26.3435 26.3435 26.3435 26.3435 26.3435 26.3435 23.1332 23.1332 23.1332 23.1332 23.1332 23.1332 23.1332 20.0695 20.0695 20.0695 20.0695 20.0695 20.0695 20.0695 17.4563 58.3584 58.3584 105.6402 28.1579 
