ExternalI = 5.5000 0.0000 0.0000 0.0000 0.0000 0.0000 0.0000 0.0000 4.0000 4.0000 4.0000 4.0000 4.0000 4.0000 4.0000 0.0000 0.0000 0.0000 0.0000 0.0000 0.0000 0.0000 0.0000 8.0000 8.0000 0.0000 0.0000 
before u = 8.0562 7.8844 7.8844 7.8844 7.8844 7.8844 7.8844 7.8844 7.8095 7.8095 7.8095 7.8095 7.8095 7.8095 7.8095 7.7346 7.7346 7.7346 7.7346 7.7346 7.7346 7.7346 7.6689 11.3101 11.3101 11.8590 9.1390 
before v = 35.1946 26.3435 26.3435 26.3435 26.3435 26.3435 26.3435 26.3435 23.1332 23.1332 23.1332 23.1332 23.1332 23.1332 23.1332 20.0695 20.0695 20.0695 20.0695 20.0695 20.0695 20.0695 17.4563 58.3584 58.3584 105.6402 28.1579 
Ibias = 9.4000 9.4000 9.4000 9.4000 9.4000 9.4000 9.4000 9.4000 2.0000 2.0000 2.0000 2.0000 2.0000 2.0000 2.0000 2.0000 2.0000 2.0000 2.0000 2.0000 2.0000 2.0000 -2.0000 16.0000 16.0000 10.0000 -11.0000 
fa1 = 0.8064 0.2442 0.2442 0.2442 0.2442 0.2442 0.2442 0.2442 0.1968 0.1968 0.1968 0.1968 0.1968 0.1968 0.1968 0.1683 0.1683 0.1683 0.1683 0.1683 0.1683 0.1683 0.1510 36.2735 36.2735 187.6148 1.5181 
fa2 = 0.8065 0.2442 0.2442 0.2442 0.2442 0.2442 0.2442 0.2442 0.1967 0.1967 0.1967 0.1967 0.1967 0.1967 0.1967 0.1683 0.1683 0.1683 0.1683 0.1683 0.1683 0.1683 0.1510 36.5774 36.5774 192.7627 1.5128 
fa3 = 0.8065 0.2442 0.2442 0.2442 0.2442 0.2442 0.2442 0.2442 0.1967 0.1967 0.1967 0.1967 0.1967 0.1967 0.1967 0.1683 0.1683 0.1683 0.1683 0.1683 0.1683 0.1683 0.1510 36.5800 36.5800 192.9049 1.5128 
fa4 = 0.8067 0.2442 0.2442 0.2442 0.2442 0.2442 0.2442 0.2442 0.1967 0.1967 0.1967 0.1967 0.1967 0.1967 0.1967 0.1683 0.1683 0.1683 0.1683 0.1683 0.1683 0.1683 0.1510 36.8891 36.8891 198.2774 1.5075 
fb1 = -0.1815 -0.2100 -0.2100 -0.2100 -0.2100 -0.2100 -0.2100 -0.2100 -0.2198 -0.2198 -0.2198 -0.2198 -0.2198 -0.2198 -0.2198 -0.2291 -0.2291 -0.2291 -0.2291 -0.2291 -0.2291 -0.2291 -0.2369 0.0072 0.0072 0.1854 -0.0701 
fb2 = -0.1814 -0.2100 -0.2100 -0.2100 -0.2100 -0.2100 -0.2100 -0.2100 -0.2198 -0.2198 -0.2198 -0.2198 -0.2198 -0.2198 -0.2198 -0.2291 -0.2291 -0.2291 -0.2291 -0.2291 -0.2291 -0.2291 -0.2369 0.0080 0.0080 0.1891 -0.0701 
fb3 = -0.1814 -0.2100 -0.2100 -0.2100 -0.2100 -0.2100 -0.2100 -0.2100 -0.2198 -0.2198 -0.2198 -0.2198 -0.2198 -0.2198 -0.2198 -0.2291 -0.2291 -0.2291 -0.2291 -0.2291 -0.2291 -0.2291 -0.2369 0.0080 0.0080 0.1892 -0.0701 
fb4 = -0.1814 -0.2099 -0.2099 -0.2099 -0.2099 -0.2099 -0.2099 -0.2099 -0.2198 -0.2198 -0.2198 -0.2198 -0.2198 -0.2198 -0.2198 -0.2290 -0.2290 -0.2290 -0.2290 -0.2290 -0.2290 -0.2290 -0.2368 0.0087 0.0087 0.1931 -0.0701 
I = 14.9000 9.4000 9.4000 9.4000 9.4000 9.4000 9.4000 9.4000 6.0000 6.0000 6.0000 6.0000 6.0000 6.0000 6.0000 2.0000 2.0000 2.0000 2.0000 2.0000 2.0000 2.0000 -2.0000 26.4307 26.4307 10.0000 3.4161 
S1 = 0.0000 0.0000 0.0000 0.0000 0.0000 0.0000 0.0000 0.0000 0.0000 0.0000 0.0000 0.0000 0.0000 0.0000 0.0000 0.0000 0.0000 0.0000 0.0000 0.0000 0.0000 0.0000 0.0000 0.0000 0.0000 0.0000 0.0000 
S2 = 0.0000 0.0000 0.0000 0.0000 0.0000 0.0000 0.0000 0.0000 0.0000 0.0000 0.0000 0.0000 0.0000 0.0000 0.0000 0.0000 0.0000 0.0000 0.0000 0.0000 0.0000 0.0000 0.0000 2.4307 2.4307 0.0000 14.4161 
u = 8.0544 7.8823 7.8823 7.8823 7.8823 7.8823 7.8823 7.8823 7.8073 7.8073 7.8073 7.8073 7.8073 7.8073 7.8073 7.7323 7.7323 7.7323 7.7323 7.7323 7.7323 7.7323 7.6665 11.3102 11.3102 11.8609 9.1383 
v = 35.2027 26.3459 26.3459 26.3459 26.3459 26.3459 26.3459 26.3459 23.1351 23.1351 23.1351 23.1351 23.1351 23.1351 23.1351 20.0712 20.0712 20.0712 20.0712 20.0712 20.0712 20.0712 17.4579 58.7242 58.7242 107.5690 28.1730 
