ExternalI = 5.5000 0.0000 0.0000 0.0000 0.0000 0.0000 0.0000 0.0000 4.0000 4.0000 4.0000 4.0000 4.0000 4.0000 4.0000 0.0000 0.0000 0.0000 0.0000 0.0000 0.0000 0.0000 0.0000 8.0000 8.0000 0.0000 0.0000 
before u = 9.7371 9.7323 9.7323 9.7323 9.7323 9.7323 9.7323 9.7323 9.7294 9.7294 9.7294 9.7294 9.7294 9.7294 9.7294 9.7260 9.7260 9.7260 9.7260 9.7260 9.7260 9.7260 9.7227 9.9134 9.9134 10.1967 9.8822 
before v = 22.3806 19.7951 19.7951 19.7951 19.7951 19.7951 19.7951 19.7951 18.2607 18.2607 18.2607 18.2607 18.2607 18.2607 18.2607 16.5132 16.5132 16.5132 16.5132 16.5132 16.5132 16.5132 14.8240 32.4979 32.4979 72.3044 15.5598 
Ibias = 9.4000 9.4000 9.4000 9.4000 9.4000 9.4000 9.4000 9.4000 2.0000 2.0000 2.0000 2.0000 2.0000 2.0000 2.0000 2.0000 2.0000 2.0000 2.0000 2.0000 2.0000 2.0000 -2.0000 16.0000 16.0000 10.0000 -11.0000 
fa1 = 8.0568 5.9563 5.9563 5.9563 5.9563 5.9563 5.9563 5.9563 4.8267 4.8267 4.8267 4.8267 4.8267 4.8267 4.8267 3.6419 3.6419 3.6419 3.6419 3.6419 3.6419 3.6419 2.5952 18.8375 18.8375 52.0072 3.5269 
fa2 = 8.0096 5.9157 5.9157 5.9157 5.9157 5.9157 5.9157 5.9157 4.7912 4.7912 4.7912 4.7912 4.7912 4.7912 4.7912 3.6130 3.6130 3.6130 3.6130 3.6130 3.6130 3.6130 2.5734 18.8005 18.8005 52.7335 3.4966 
fa3 = 8.0099 5.9160 5.9160 5.9160 5.9160 5.9160 5.9160 5.9160 4.7915 4.7915 4.7915 4.7915 4.7915 4.7915 4.7915 3.6132 3.6132 3.6132 3.6132 3.6132 3.6132 3.6132 2.5736 18.8005 18.8005 52.7437 3.4969 
fa4 = 7.9631 5.8757 5.8757 5.8757 5.8757 5.8757 5.8757 5.8757 4.7562 4.7562 4.7562 4.7562 4.7562 4.7562 4.7562 3.5845 3.5845 3.5845 3.5845 3.5845 3.5845 3.5845 2.5519 18.7643 18.7643 53.4860 3.4669 
fb1 = -0.3000 -0.3101 -0.3101 -0.3101 -0.3101 -0.3101 -0.3101 -0.3101 -0.3161 -0.3161 -0.3161 -0.3161 -0.3161 -0.3161 -0.3161 -0.3230 -0.3230 -0.3230 -0.3230 -0.3230 -0.3230 -0.3230 -0.3296 -0.0683 -0.0683 0.0853 -0.1354 
fb2 = -0.2997 -0.3099 -0.3099 -0.3099 -0.3099 -0.3099 -0.3099 -0.3099 -0.3160 -0.3160 -0.3160 -0.3160 -0.3160 -0.3160 -0.3160 -0.3229 -0.3229 -0.3229 -0.3229 -0.3229 -0.3229 -0.3229 -0.3295 -0.0679 -0.0679 0.0863 -0.1353 
fb3 = -0.2997 -0.3099 -0.3099 -0.3099 -0.3099 -0.3099 -0.3099 -0.3099 -0.3160 -0.3160 -0.3160 -0.3160 -0.3160 -0.3160 -0.3160 -0.3229 -0.3229 -0.3229 -0.3229 -0.3229 -0.3229 -0.3229 -0.3295 -0.0679 -0.0679 0.0863 -0.1353 
fb4 = -0.2995 -0.3097 -0.3097 -0.3097 -0.3097 -0.3097 -0.3097 -0.3097 -0.3158 -0.3158 -0.3158 -0.3158 -0.3158 -0.3158 -0.3158 -0.3227 -0.3227 -0.3227 -0.3227 -0.3227 -0.3227 -0.3227 -0.3294 -0.0675 -0.0675 0.0874 -0.1352 
I = 14.9000 9.4000 9.4000 9.4000 9.4000 9.4000 9.4000 9.4000 6.0000 6.0000 6.0000 6.0000 6.0000 6.0000 6.0000 2.0000 2.0000 2.0000 2.0000 2.0000 2.0000 2.0000 -2.0000 24.0000 24.0000 10.0000 -9.5959 
S1 = 0.0000 0.0000 0.0000 0.0000 0.0000 0.0000 0.0000 0.0000 0.0000 0.0000 0.0000 0.0000 0.0000 0.0000 0.0000 0.0000 0.0000 0.0000 0.0000 0.0000 0.0000 0.0000 0.0000 0.0000 0.0000 0.0000 0.0000 
S2 = 0.0000 0.0000 0.0000 0.0000 0.0000 0.0000 0.0000 0.0000 0.0000 0.0000 0.0000 0.0000 0.0000 0.0000 0.0000 0.0000 0.0000 0.0000 0.0000 0.0000 0.0000 0.0000 0.0000 0.0000 0.0000 0.0000 1.4041 
u = 9.7341 9.7292 9.7292 9.7292 9.7292 9.7292 9.7292 9.7292 9.7262 9.7262 9.7262 9.7262 9.7262 9.7262 9.7262 9.7228 9.7228 9.7228 9.7228 9.7228 9.7228 9.7228 9.7194 9.9127 9.9127 10.1975 9.8808 
v = 22.4607 19.8543 19.8543 19.8543 19.8543 19.8543 19.8543 19.8543 18.3086 18.3086 18.3086 18.3086 18.3086 18.3086 18.3086 16.5493 16.5493 16.5493 16.5493 16.5493 16.5493 16.5493 14.8498 32.6859 32.6859 72.8318 15.5947 
