ExternalI = 5.5000 0.0000 0.0000 0.0000 0.0000 0.0000 0.0000 0.0000 4.0000 4.0000 4.0000 4.0000 4.0000 4.0000 4.0000 0.0000 0.0000 0.0000 0.0000 0.0000 0.0000 0.0000 0.0000 8.0000 8.0000 0.0000 0.0000 
before u = 8.0544 7.8823 7.8823 7.8823 7.8823 7.8823 7.8823 7.8823 7.8073 7.8073 7.8073 7.8073 7.8073 7.8073 7.8073 7.7323 7.7323 7.7323 7.7323 7.7323 7.7323 7.7323 7.6665 11.3102 11.3102 11.8609 9.1383 
before v = 35.2027 26.3459 26.3459 26.3459 26.3459 26.3459 26.3459 26.3459 23.1351 23.1351 23.1351 23.1351 23.1351 23.1351 23.1351 20.0712 20.0712 20.0712 20.0712 20.0712 20.0712 20.0712 17.4579 58.7242 58.7242 107.5690 28.1730 
Ibias = 9.4000 9.4000 9.4000 9.4000 9.4000 9.4000 9.4000 9.4000 2.0000 2.0000 2.0000 2.0000 2.0000 2.0000 2.0000 2.0000 2.0000 2.0000 2.0000 2.0000 2.0000 2.0000 -2.0000 16.0000 16.0000 10.0000 -11.0000 
fa1 = 0.8067 0.2442 0.2442 0.2442 0.2442 0.2442 0.2442 0.2442 0.1967 0.1967 0.1967 0.1967 0.1967 0.1967 0.1967 0.1683 0.1683 0.1683 0.1683 0.1683 0.1683 0.1683 0.1510 36.8843 36.8843 198.2755 1.4787 
fa2 = 0.8069 0.2441 0.2441 0.2441 0.2441 0.2441 0.2441 0.2441 0.1967 0.1967 0.1967 0.1967 0.1967 0.1967 0.1967 0.1682 0.1682 0.1682 0.1682 0.1682 0.1682 0.1682 0.1510 37.1987 37.1987 203.8710 1.4735 
fa3 = 0.8069 0.2441 0.2441 0.2441 0.2441 0.2441 0.2441 0.2441 0.1967 0.1967 0.1967 0.1967 0.1967 0.1967 0.1967 0.1682 0.1682 0.1682 0.1682 0.1682 0.1682 0.1682 0.1510 37.2014 37.2014 204.0301 1.4735 
fa4 = 0.8070 0.2441 0.2441 0.2441 0.2441 0.2441 0.2441 0.2441 0.1966 0.1966 0.1966 0.1966 0.1966 0.1966 0.1966 0.1682 0.1682 0.1682 0.1682 0.1682 0.1682 0.1682 0.1509 37.5214 37.5214 209.8770 1.4684 
fb1 = -0.1814 -0.2099 -0.2099 -0.2099 -0.2099 -0.2099 -0.2099 -0.2099 -0.2198 -0.2198 -0.2198 -0.2198 -0.2198 -0.2198 -0.2198 -0.2290 -0.2290 -0.2290 -0.2290 -0.2290 -0.2290 -0.2290 -0.2368 0.0087 0.0087 0.1931 -0.0701 
fb2 = -0.1813 -0.2099 -0.2099 -0.2099 -0.2099 -0.2099 -0.2099 -0.2099 -0.2197 -0.2197 -0.2197 -0.2197 -0.2197 -0.2197 -0.2197 -0.2290 -0.2290 -0.2290 -0.2290 -0.2290 -0.2290 -0.2290 -0.2368 0.0094 0.0094 0.1970 -0.0700 
fb3 = -0.1813 -0.2099 -0.2099 -0.2099 -0.2099 -0.2099 -0.2099 -0.2099 -0.2197 -0.2197 -0.2197 -0.2197 -0.2197 -0.2197 -0.2197 -0.2290 -0.2290 -0.2290 -0.2290 -0.2290 -0.2290 -0.2290 -0.2368 0.0094 0.0094 0.1971 -0.0700 
fb4 = -0.1813 -0.2098 -0.2098 -0.2098 -0.2098 -0.2098 -0.2098 -0.2098 -0.2197 -0.2197 -0.2197 -0.2197 -0.2197 -0.2197 -0.2197 -0.2289 -0.2289 -0.2289 -0.2289 -0.2289 -0.2289 -0.2289 -0.2367 0.0102 0.0102 0.2012 -0.0700 
I = 14.9000 9.4000 9.4000 9.4000 9.4000 9.4000 9.4000 9.4000 6.0000 6.0000 6.0000 6.0000 6.0000 6.0000 6.0000 2.0000 2.0000 2.0000 2.0000 2.0000 2.0000 2.0000 -2.0000 26.4259 26.4259 10.0000 3.3873 
S1 = 0.0000 0.0000 0.0000 0.0000 0.0000 0.0000 0.0000 0.0000 0.0000 0.0000 0.0000 0.0000 0.0000 0.0000 0.0000 0.0000 0.0000 0.0000 0.0000 0.0000 0.0000 0.0000 0.0000 0.0000 0.0000 0.0000 0.0000 
S2 = 0.0000 0.0000 0.0000 0.0000 0.0000 0.0000 0.0000 0.0000 0.0000 0.0000 0.0000 0.0000 0.0000 0.0000 0.0000 0.0000 0.0000 0.0000 0.0000 0.0000 0.0000 0.0000 0.0000 2.4259 2.4259 0.0000 14.3873 
u = 8.0526 7.8802 7.8802 7.8802 7.8802 7.8802 7.8802 7.8802 7.8051 7.8051 7.8051 7.8051 7.8051 7.8051 7.8051 7.7300 7.7300 7.7300 7.7300 7.7300 7.7300 7.7300 7.6642 11.3103 11.3103 11.8628 9.1376 
v = 35.2107 26.3484 26.3484 26.3484 26.3484 26.3484 26.3484 26.3484 23.1371 23.1371 23.1371 23.1371 23.1371 23.1371 23.1371 20.0728 20.0728 20.0728 20.0728 20.0728 20.0728 20.0728 17.4594 59.0962 59.0962 109.6089 28.1878 
