ExternalI = 5.5000 0.0000 0.0000 0.0000 0.0000 0.0000 0.0000 0.0000 4.0000 4.0000 4.0000 4.0000 4.0000 4.0000 4.0000 0.0000 0.0000 0.0000 0.0000 0.0000 0.0000 0.0000 0.0000 8.0000 8.0000 0.0000 0.0000 
before u = 8.0526 7.8802 7.8802 7.8802 7.8802 7.8802 7.8802 7.8802 7.8051 7.8051 7.8051 7.8051 7.8051 7.8051 7.8051 7.7300 7.7300 7.7300 7.7300 7.7300 7.7300 7.7300 7.6642 11.3103 11.3103 11.8628 9.1376 
before v = 35.2107 26.3484 26.3484 26.3484 26.3484 26.3484 26.3484 26.3484 23.1371 23.1371 23.1371 23.1371 23.1371 23.1371 23.1371 20.0728 20.0728 20.0728 20.0728 20.0728 20.0728 20.0728 17.4594 59.0962 59.0962 109.6089 28.1878 
Ibias = 9.4000 9.4000 9.4000 9.4000 9.4000 9.4000 9.4000 9.4000 2.0000 2.0000 2.0000 2.0000 2.0000 2.0000 2.0000 2.0000 2.0000 2.0000 2.0000 2.0000 2.0000 2.0000 -2.0000 16.0000 16.0000 10.0000 -11.0000 
fa1 = 0.8070 0.2441 0.2441 0.2441 0.2441 0.2441 0.2441 0.2441 0.1966 0.1966 0.1966 0.1966 0.1966 0.1966 0.1966 0.1682 0.1682 0.1682 0.1682 0.1682 0.1682 0.1682 0.1509 37.5165 37.5165 209.8748 1.4396 
fa2 = 0.8072 0.2440 0.2440 0.2440 0.2440 0.2440 0.2440 0.2440 0.1966 0.1966 0.1966 0.1966 0.1966 0.1966 0.1966 0.1682 0.1682 0.1682 0.1682 0.1682 0.1682 0.1682 0.1509 37.8420 37.8420 215.9714 1.4346 
fa3 = 0.8072 0.2440 0.2440 0.2440 0.2440 0.2440 0.2440 0.2440 0.1966 0.1966 0.1966 0.1966 0.1966 0.1966 0.1966 0.1682 0.1682 0.1682 0.1682 0.1682 0.1682 0.1682 0.1509 37.8448 37.8448 216.1498 1.4346 
fa4 = 0.8074 0.2440 0.2440 0.2440 0.2440 0.2440 0.2440 0.2440 0.1966 0.1966 0.1966 0.1966 0.1966 0.1966 0.1966 0.1682 0.1682 0.1682 0.1682 0.1682 0.1682 0.1682 0.1509 38.1760 38.1760 222.5287 1.4296 
fb1 = -0.1813 -0.2098 -0.2098 -0.2098 -0.2098 -0.2098 -0.2098 -0.2098 -0.2197 -0.2197 -0.2197 -0.2197 -0.2197 -0.2197 -0.2197 -0.2289 -0.2289 -0.2289 -0.2289 -0.2289 -0.2289 -0.2289 -0.2367 0.0102 0.0102 0.2012 -0.0700 
fb2 = -0.1812 -0.2098 -0.2098 -0.2098 -0.2098 -0.2098 -0.2098 -0.2098 -0.2196 -0.2196 -0.2196 -0.2196 -0.2196 -0.2196 -0.2196 -0.2289 -0.2289 -0.2289 -0.2289 -0.2289 -0.2289 -0.2289 -0.2367 0.0109 0.0109 0.2054 -0.0700 
fb3 = -0.1812 -0.2098 -0.2098 -0.2098 -0.2098 -0.2098 -0.2098 -0.2098 -0.2196 -0.2196 -0.2196 -0.2196 -0.2196 -0.2196 -0.2196 -0.2289 -0.2289 -0.2289 -0.2289 -0.2289 -0.2289 -0.2289 -0.2367 0.0109 0.0109 0.2055 -0.0700 
fb4 = -0.1812 -0.2097 -0.2097 -0.2097 -0.2097 -0.2097 -0.2097 -0.2097 -0.2196 -0.2196 -0.2196 -0.2196 -0.2196 -0.2196 -0.2196 -0.2288 -0.2288 -0.2288 -0.2288 -0.2288 -0.2288 -0.2288 -0.2366 0.0117 0.0117 0.2098 -0.0699 
I = 14.9000 9.4000 9.4000 9.4000 9.4000 9.4000 9.4000 9.4000 6.0000 6.0000 6.0000 6.0000 6.0000 6.0000 6.0000 2.0000 2.0000 2.0000 2.0000 2.0000 2.0000 2.0000 -2.0000 26.4210 26.4210 10.0000 3.3585 
S1 = 0.0000 0.0000 0.0000 0.0000 0.0000 0.0000 0.0000 0.0000 0.0000 0.0000 0.0000 0.0000 0.0000 0.0000 0.0000 0.0000 0.0000 0.0000 0.0000 0.0000 0.0000 0.0000 0.0000 0.0000 0.0000 0.0000 0.0000 
S2 = 0.0000 0.0000 0.0000 0.0000 0.0000 0.0000 0.0000 0.0000 0.0000 0.0000 0.0000 0.0000 0.0000 0.0000 0.0000 0.0000 0.0000 0.0000 0.0000 0.0000 0.0000 0.0000 0.0000 2.4210 2.4210 0.0000 14.3585 
u = 8.0508 7.8782 7.8782 7.8782 7.8782 7.8782 7.8782 7.8782 7.8029 7.8029 7.8029 7.8029 7.8029 7.8029 7.8029 7.7277 7.7277 7.7277 7.7277 7.7277 7.7277 7.7277 7.6618 11.3104 11.3104 11.8649 9.1369 
v = 35.2188 26.3508 26.3508 26.3508 26.3508 26.3508 26.3508 26.3508 23.1391 23.1391 23.1391 23.1391 23.1391 23.1391 23.1391 20.0745 20.0745 20.0745 20.0745 20.0745 20.0745 20.0745 17.4609 59.4746 59.4746 111.7700 28.2021 
