ExternalI = 5.5000 0.0000 0.0000 0.0000 0.0000 0.0000 0.0000 0.0000 4.0000 4.0000 4.0000 4.0000 4.0000 4.0000 4.0000 0.0000 0.0000 0.0000 0.0000 0.0000 0.0000 0.0000 0.0000 8.0000 8.0000 0.0000 0.0000 
before u = 8.0508 7.8782 7.8782 7.8782 7.8782 7.8782 7.8782 7.8782 7.8029 7.8029 7.8029 7.8029 7.8029 7.8029 7.8029 7.7277 7.7277 7.7277 7.7277 7.7277 7.7277 7.7277 7.6618 11.3104 11.3104 11.8649 9.1369 
before v = 35.2188 26.3508 26.3508 26.3508 26.3508 26.3508 26.3508 26.3508 23.1391 23.1391 23.1391 23.1391 23.1391 23.1391 23.1391 20.0745 20.0745 20.0745 20.0745 20.0745 20.0745 20.0745 17.4609 59.4746 59.4746 111.7700 28.2021 
Ibias = 9.4000 9.4000 9.4000 9.4000 9.4000 9.4000 9.4000 9.4000 2.0000 2.0000 2.0000 2.0000 2.0000 2.0000 2.0000 2.0000 2.0000 2.0000 2.0000 2.0000 2.0000 2.0000 -2.0000 16.0000 16.0000 10.0000 -11.0000 
fa1 = 0.8074 0.2440 0.2440 0.2440 0.2440 0.2440 0.2440 0.2440 0.1966 0.1966 0.1966 0.1966 0.1966 0.1966 0.1966 0.1682 0.1682 0.1682 0.1682 0.1682 0.1682 0.1682 0.1509 38.1711 38.1711 222.5262 1.4009 
fa2 = 0.8075 0.2440 0.2440 0.2440 0.2440 0.2440 0.2440 0.2440 0.1965 0.1965 0.1965 0.1965 0.1965 0.1965 0.1965 0.1681 0.1681 0.1681 0.1681 0.1681 0.1681 0.1681 0.1509 38.5080 38.5080 229.1855 1.3960 
fa3 = 0.8075 0.2440 0.2440 0.2440 0.2440 0.2440 0.2440 0.2440 0.1965 0.1965 0.1965 0.1965 0.1965 0.1965 0.1965 0.1681 0.1681 0.1681 0.1681 0.1681 0.1681 0.1681 0.1509 38.5110 38.5110 229.3863 1.3961 
fa4 = 0.8077 0.2439 0.2439 0.2439 0.2439 0.2439 0.2439 0.2439 0.1965 0.1965 0.1965 0.1965 0.1965 0.1965 0.1965 0.1681 0.1681 0.1681 0.1681 0.1681 0.1681 0.1681 0.1508 38.8540 38.8540 236.3637 1.3912 
fb1 = -0.1812 -0.2097 -0.2097 -0.2097 -0.2097 -0.2097 -0.2097 -0.2097 -0.2196 -0.2196 -0.2196 -0.2196 -0.2196 -0.2196 -0.2196 -0.2288 -0.2288 -0.2288 -0.2288 -0.2288 -0.2288 -0.2288 -0.2366 0.0117 0.0117 0.2098 -0.0699 
fb2 = -0.1811 -0.2097 -0.2097 -0.2097 -0.2097 -0.2097 -0.2097 -0.2097 -0.2195 -0.2195 -0.2195 -0.2195 -0.2195 -0.2195 -0.2195 -0.2288 -0.2288 -0.2288 -0.2288 -0.2288 -0.2288 -0.2288 -0.2366 0.0125 0.0125 0.2142 -0.0699 
fb3 = -0.1811 -0.2097 -0.2097 -0.2097 -0.2097 -0.2097 -0.2097 -0.2097 -0.2195 -0.2195 -0.2195 -0.2195 -0.2195 -0.2195 -0.2195 -0.2288 -0.2288 -0.2288 -0.2288 -0.2288 -0.2288 -0.2288 -0.2366 0.0125 0.0125 0.2143 -0.0699 
fb4 = -0.1811 -0.2096 -0.2096 -0.2096 -0.2096 -0.2096 -0.2096 -0.2096 -0.2195 -0.2195 -0.2195 -0.2195 -0.2195 -0.2195 -0.2195 -0.2287 -0.2287 -0.2287 -0.2287 -0.2287 -0.2287 -0.2287 -0.2365 0.0132 0.0132 0.2189 -0.0699 
I = 14.9000 9.4000 9.4000 9.4000 9.4000 9.4000 9.4000 9.4000 6.0000 6.0000 6.0000 6.0000 6.0000 6.0000 6.0000 2.0000 2.0000 2.0000 2.0000 2.0000 2.0000 2.0000 -2.0000 26.4162 26.4162 10.0000 3.3298 
S1 = 0.0000 0.0000 0.0000 0.0000 0.0000 0.0000 0.0000 0.0000 0.0000 0.0000 0.0000 0.0000 0.0000 0.0000 0.0000 0.0000 0.0000 0.0000 0.0000 0.0000 0.0000 0.0000 0.0000 0.0000 0.0000 0.0000 0.0000 
S2 = 0.0000 0.0000 0.0000 0.0000 0.0000 0.0000 0.0000 0.0000 0.0000 0.0000 0.0000 0.0000 0.0000 0.0000 0.0000 0.0000 0.0000 0.0000 0.0000 0.0000 0.0000 0.0000 0.0000 2.4162 2.4162 0.0000 14.3298 
u = 8.0490 7.8761 7.8761 7.8761 7.8761 7.8761 7.8761 7.8761 7.8007 7.8007 7.8007 7.8007 7.8007 7.8007 7.8007 7.7254 7.7254 7.7254 7.7254 7.7254 7.7254 7.7254 7.6594 11.3105 11.3105 11.8670 9.1362 
v = 35.2269 26.3533 26.3533 26.3533 26.3533 26.3533 26.3533 26.3533 23.1410 23.1410 23.1410 23.1410 23.1410 23.1410 23.1410 20.0762 20.0762 20.0762 20.0762 20.0762 20.0762 20.0762 17.4624 59.8597 59.8597 114.0633 28.2161 
