ExternalI = 5.5000 0.0000 0.0000 0.0000 0.0000 0.0000 0.0000 0.0000 4.0000 4.0000 4.0000 4.0000 4.0000 4.0000 4.0000 0.0000 0.0000 0.0000 0.0000 0.0000 0.0000 0.0000 0.0000 8.0000 8.0000 0.0000 0.0000 
before u = 8.0490 7.8761 7.8761 7.8761 7.8761 7.8761 7.8761 7.8761 7.8007 7.8007 7.8007 7.8007 7.8007 7.8007 7.8007 7.7254 7.7254 7.7254 7.7254 7.7254 7.7254 7.7254 7.6594 11.3105 11.3105 11.8670 9.1362 
before v = 35.2269 26.3533 26.3533 26.3533 26.3533 26.3533 26.3533 26.3533 23.1410 23.1410 23.1410 23.1410 23.1410 23.1410 23.1410 20.0762 20.0762 20.0762 20.0762 20.0762 20.0762 20.0762 17.4624 59.8597 59.8597 114.0633 28.2161 
Ibias = 9.4000 9.4000 9.4000 9.4000 9.4000 9.4000 9.4000 9.4000 2.0000 2.0000 2.0000 2.0000 2.0000 2.0000 2.0000 2.0000 2.0000 2.0000 2.0000 2.0000 2.0000 2.0000 -2.0000 16.0000 16.0000 10.0000 -11.0000 
fa1 = 0.8077 0.2439 0.2439 0.2439 0.2439 0.2439 0.2439 0.2439 0.1965 0.1965 0.1965 0.1965 0.1965 0.1965 0.1965 0.1681 0.1681 0.1681 0.1681 0.1681 0.1681 0.1681 0.1508 38.8491 38.8491 236.3608 1.3626 
fa2 = 0.8079 0.2439 0.2439 0.2439 0.2439 0.2439 0.2439 0.2439 0.1965 0.1965 0.1965 0.1965 0.1965 0.1965 0.1965 0.1681 0.1681 0.1681 0.1681 0.1681 0.1681 0.1681 0.1508 39.1980 39.1980 243.6542 1.3579 
fa3 = 0.8079 0.2439 0.2439 0.2439 0.2439 0.2439 0.2439 0.2439 0.1965 0.1965 0.1965 0.1965 0.1965 0.1965 0.1965 0.1681 0.1681 0.1681 0.1681 0.1681 0.1681 0.1681 0.1508 39.2012 39.2012 243.8811 1.3579 
fa4 = 0.8081 0.2439 0.2439 0.2439 0.2439 0.2439 0.2439 0.2439 0.1964 0.1964 0.1964 0.1964 0.1964 0.1964 0.1964 0.1681 0.1681 0.1681 0.1681 0.1681 0.1681 0.1681 0.1508 39.5563 39.5563 251.5344 1.3532 
fb1 = -0.1811 -0.2096 -0.2096 -0.2096 -0.2096 -0.2096 -0.2096 -0.2096 -0.2195 -0.2195 -0.2195 -0.2195 -0.2195 -0.2195 -0.2195 -0.2287 -0.2287 -0.2287 -0.2287 -0.2287 -0.2287 -0.2287 -0.2365 0.0132 0.0132 0.2189 -0.0699 
fb2 = -0.1810 -0.2096 -0.2096 -0.2096 -0.2096 -0.2096 -0.2096 -0.2096 -0.2194 -0.2194 -0.2194 -0.2194 -0.2194 -0.2194 -0.2194 -0.2287 -0.2287 -0.2287 -0.2287 -0.2287 -0.2287 -0.2287 -0.2365 0.0140 0.0140 0.2236 -0.0698 
fb3 = -0.1810 -0.2096 -0.2096 -0.2096 -0.2096 -0.2096 -0.2096 -0.2096 -0.2194 -0.2194 -0.2194 -0.2194 -0.2194 -0.2194 -0.2194 -0.2287 -0.2287 -0.2287 -0.2287 -0.2287 -0.2287 -0.2287 -0.2365 0.0140 0.0140 0.2238 -0.0698 
fb4 = -0.1809 -0.2095 -0.2095 -0.2095 -0.2095 -0.2095 -0.2095 -0.2095 -0.2194 -0.2194 -0.2194 -0.2194 -0.2194 -0.2194 -0.2194 -0.2286 -0.2286 -0.2286 -0.2286 -0.2286 -0.2286 -0.2286 -0.2364 0.0148 0.0148 0.2286 -0.0698 
I = 14.9000 9.4000 9.4000 9.4000 9.4000 9.4000 9.4000 9.4000 6.0000 6.0000 6.0000 6.0000 6.0000 6.0000 6.0000 2.0000 2.0000 2.0000 2.0000 2.0000 2.0000 2.0000 -2.0000 26.4113 26.4113 10.0000 3.3011 
S1 = 0.0000 0.0000 0.0000 0.0000 0.0000 0.0000 0.0000 0.0000 0.0000 0.0000 0.0000 0.0000 0.0000 0.0000 0.0000 0.0000 0.0000 0.0000 0.0000 0.0000 0.0000 0.0000 0.0000 0.0000 0.0000 0.0000 0.0000 
S2 = 0.0000 0.0000 0.0000 0.0000 0.0000 0.0000 0.0000 0.0000 0.0000 0.0000 0.0000 0.0000 0.0000 0.0000 0.0000 0.0000 0.0000 0.0000 0.0000 0.0000 0.0000 0.0000 0.0000 2.4113 2.4113 0.0000 14.3011 
u = 8.0472 7.8740 7.8740 7.8740 7.8740 7.8740 7.8740 7.8740 7.7985 7.7985 7.7985 7.7985 7.7985 7.7985 7.7985 7.7231 7.7231 7.7231 7.7231 7.7231 7.7231 7.7231 7.6571 11.3107 11.3107 11.8693 9.1355 
v = 35.2350 26.3557 26.3557 26.3557 26.3557 26.3557 26.3557 26.3557 23.1430 23.1430 23.1430 23.1430 23.1430 23.1430 23.1430 20.0779 20.0779 20.0779 20.0779 20.0779 20.0779 20.0779 17.4639 60.2517 60.2517 116.5016 28.2296 
