ExternalI = 5.5000 0.0000 0.0000 0.0000 0.0000 0.0000 0.0000 0.0000 4.0000 4.0000 4.0000 4.0000 4.0000 4.0000 4.0000 0.0000 0.0000 0.0000 0.0000 0.0000 0.0000 0.0000 0.0000 8.0000 8.0000 0.0000 0.0000 
before u = 8.0472 7.8740 7.8740 7.8740 7.8740 7.8740 7.8740 7.8740 7.7985 7.7985 7.7985 7.7985 7.7985 7.7985 7.7985 7.7231 7.7231 7.7231 7.7231 7.7231 7.7231 7.7231 7.6571 11.3107 11.3107 11.8693 9.1355 
before v = 35.2350 26.3557 26.3557 26.3557 26.3557 26.3557 26.3557 26.3557 23.1430 23.1430 23.1430 23.1430 23.1430 23.1430 23.1430 20.0779 20.0779 20.0779 20.0779 20.0779 20.0779 20.0779 17.4639 60.2517 60.2517 116.5016 28.2296 
Ibias = 9.4000 9.4000 9.4000 9.4000 9.4000 9.4000 9.4000 9.4000 2.0000 2.0000 2.0000 2.0000 2.0000 2.0000 2.0000 2.0000 2.0000 2.0000 2.0000 2.0000 2.0000 2.0000 -2.0000 16.0000 16.0000 10.0000 -11.0000 
fa1 = 0.8081 0.2439 0.2439 0.2439 0.2439 0.2439 0.2439 0.2439 0.1964 0.1964 0.1964 0.1964 0.1964 0.1964 0.1964 0.1681 0.1681 0.1681 0.1681 0.1681 0.1681 0.1681 0.1508 39.5515 39.5515 251.5310 1.3246 
fa2 = 0.8082 0.2438 0.2438 0.2438 0.2438 0.2438 0.2438 0.2438 0.1964 0.1964 0.1964 0.1964 0.1964 0.1964 0.1964 0.1680 0.1680 0.1680 0.1680 0.1680 0.1680 0.1680 0.1507 39.9129 39.9129 259.5417 1.3200 
fa3 = 0.8082 0.2438 0.2438 0.2438 0.2438 0.2438 0.2438 0.2438 0.1964 0.1964 0.1964 0.1964 0.1964 0.1964 0.1964 0.1680 0.1680 0.1680 0.1680 0.1680 0.1680 0.1680 0.1507 39.9163 39.9163 259.7989 1.3200 
fa4 = 0.8084 0.2438 0.2438 0.2438 0.2438 0.2438 0.2438 0.2438 0.1964 0.1964 0.1964 0.1964 0.1964 0.1964 0.1964 0.1680 0.1680 0.1680 0.1680 0.1680 0.1680 0.1680 0.1507 40.2843 40.2843 268.2183 1.3155 
fb1 = -0.1809 -0.2095 -0.2095 -0.2095 -0.2095 -0.2095 -0.2095 -0.2095 -0.2194 -0.2194 -0.2194 -0.2194 -0.2194 -0.2194 -0.2194 -0.2286 -0.2286 -0.2286 -0.2286 -0.2286 -0.2286 -0.2286 -0.2364 0.0148 0.0148 0.2286 -0.0698 
fb2 = -0.1809 -0.2095 -0.2095 -0.2095 -0.2095 -0.2095 -0.2095 -0.2095 -0.2193 -0.2193 -0.2193 -0.2193 -0.2193 -0.2193 -0.2193 -0.2286 -0.2286 -0.2286 -0.2286 -0.2286 -0.2286 -0.2286 -0.2364 0.0156 0.0156 0.2336 -0.0698 
fb3 = -0.1809 -0.2095 -0.2095 -0.2095 -0.2095 -0.2095 -0.2095 -0.2095 -0.2193 -0.2193 -0.2193 -0.2193 -0.2193 -0.2193 -0.2193 -0.2286 -0.2286 -0.2286 -0.2286 -0.2286 -0.2286 -0.2286 -0.2364 0.0156 0.0156 0.2338 -0.0698 
fb4 = -0.1808 -0.2094 -0.2094 -0.2094 -0.2094 -0.2094 -0.2094 -0.2094 -0.2193 -0.2193 -0.2193 -0.2193 -0.2193 -0.2193 -0.2193 -0.2285 -0.2285 -0.2285 -0.2285 -0.2285 -0.2285 -0.2285 -0.2363 0.0164 0.0164 0.2390 -0.0697 
I = 14.9000 9.4000 9.4000 9.4000 9.4000 9.4000 9.4000 9.4000 6.0000 6.0000 6.0000 6.0000 6.0000 6.0000 6.0000 2.0000 2.0000 2.0000 2.0000 2.0000 2.0000 2.0000 -2.0000 26.4065 26.4065 10.0000 3.2725 
S1 = 0.0000 0.0000 0.0000 0.0000 0.0000 0.0000 0.0000 0.0000 0.0000 0.0000 0.0000 0.0000 0.0000 0.0000 0.0000 0.0000 0.0000 0.0000 0.0000 0.0000 0.0000 0.0000 0.0000 0.0000 0.0000 0.0000 0.0000 
S2 = 0.0000 0.0000 0.0000 0.0000 0.0000 0.0000 0.0000 0.0000 0.0000 0.0000 0.0000 0.0000 0.0000 0.0000 0.0000 0.0000 0.0000 0.0000 0.0000 0.0000 0.0000 0.0000 0.0000 2.4065 2.4065 0.0000 14.2725 
u = 8.0453 7.8719 7.8719 7.8719 7.8719 7.8719 7.8719 7.8719 7.7963 7.7963 7.7963 7.7963 7.7963 7.7963 7.7963 7.7209 7.7209 7.7209 7.7209 7.7209 7.7209 7.7209 7.6547 11.3108 11.3108 11.8716 9.1348 
v = 35.2430 26.3581 26.3581 26.3581 26.3581 26.3581 26.3581 26.3581 23.1450 23.1450 23.1450 23.1450 23.1450 23.1450 23.1450 20.0796 20.0796 20.0796 20.0796 20.0796 20.0796 20.0796 17.4654 60.6509 60.6509 119.0990 28.2428 
