ExternalI = 5.5000 0.0000 0.0000 0.0000 0.0000 0.0000 0.0000 0.0000 4.0000 4.0000 4.0000 4.0000 4.0000 4.0000 4.0000 0.0000 0.0000 0.0000 0.0000 0.0000 0.0000 0.0000 0.0000 8.0000 8.0000 0.0000 0.0000 
before u = 8.0453 7.8719 7.8719 7.8719 7.8719 7.8719 7.8719 7.8719 7.7963 7.7963 7.7963 7.7963 7.7963 7.7963 7.7963 7.7209 7.7209 7.7209 7.7209 7.7209 7.7209 7.7209 7.6547 11.3108 11.3108 11.8716 9.1348 
before v = 35.2430 26.3581 26.3581 26.3581 26.3581 26.3581 26.3581 26.3581 23.1450 23.1450 23.1450 23.1450 23.1450 23.1450 23.1450 20.0796 20.0796 20.0796 20.0796 20.0796 20.0796 20.0796 17.4654 60.6509 60.6509 119.0990 28.2428 
Ibias = 9.4000 9.4000 9.4000 9.4000 9.4000 9.4000 9.4000 9.4000 2.0000 2.0000 2.0000 2.0000 2.0000 2.0000 2.0000 2.0000 2.0000 2.0000 2.0000 2.0000 2.0000 2.0000 -2.0000 16.0000 16.0000 10.0000 -11.0000 
fa1 = 0.8084 0.2438 0.2438 0.2438 0.2438 0.2438 0.2438 0.2438 0.1964 0.1964 0.1964 0.1964 0.1964 0.1964 0.1964 0.1680 0.1680 0.1680 0.1680 0.1680 0.1680 0.1680 0.1507 40.2794 40.2794 268.2143 1.2870 
fa2 = 0.8086 0.2437 0.2437 0.2437 0.2437 0.2437 0.2437 0.2437 0.1963 0.1963 0.1963 0.1963 0.1963 0.1963 0.1963 0.1680 0.1680 0.1680 0.1680 0.1680 0.1680 0.1680 0.1507 40.6540 40.6540 277.0395 1.2825 
fa3 = 0.8086 0.2437 0.2437 0.2437 0.2437 0.2437 0.2437 0.2437 0.1963 0.1963 0.1963 0.1963 0.1963 0.1963 0.1963 0.1680 0.1680 0.1680 0.1680 0.1680 0.1680 0.1680 0.1507 40.6575 40.6575 277.3323 1.2826 
fa4 = 0.8088 0.2437 0.2437 0.2437 0.2437 0.2437 0.2437 0.2437 0.1963 0.1963 0.1963 0.1963 0.1963 0.1963 0.1963 0.1679 0.1679 0.1679 0.1679 0.1679 0.1679 0.1679 0.1507 41.0389 41.0389 286.6236 1.2782 
fb1 = -0.1808 -0.2094 -0.2094 -0.2094 -0.2094 -0.2094 -0.2094 -0.2094 -0.2193 -0.2193 -0.2193 -0.2193 -0.2193 -0.2193 -0.2193 -0.2285 -0.2285 -0.2285 -0.2285 -0.2285 -0.2285 -0.2285 -0.2363 0.0164 0.0164 0.2390 -0.0697 
fb2 = -0.1808 -0.2094 -0.2094 -0.2094 -0.2094 -0.2094 -0.2094 -0.2094 -0.2192 -0.2192 -0.2192 -0.2192 -0.2192 -0.2192 -0.2192 -0.2285 -0.2285 -0.2285 -0.2285 -0.2285 -0.2285 -0.2285 -0.2363 0.0172 0.0172 0.2443 -0.0697 
fb3 = -0.1808 -0.2094 -0.2094 -0.2094 -0.2094 -0.2094 -0.2094 -0.2094 -0.2192 -0.2192 -0.2192 -0.2192 -0.2192 -0.2192 -0.2192 -0.2285 -0.2285 -0.2285 -0.2285 -0.2285 -0.2285 -0.2285 -0.2363 0.0172 0.0172 0.2445 -0.0697 
fb4 = -0.1807 -0.2093 -0.2093 -0.2093 -0.2093 -0.2093 -0.2093 -0.2093 -0.2192 -0.2192 -0.2192 -0.2192 -0.2192 -0.2192 -0.2192 -0.2284 -0.2284 -0.2284 -0.2284 -0.2284 -0.2284 -0.2284 -0.2362 0.0180 0.0180 0.2500 -0.0697 
I = 14.9000 9.4000 9.4000 9.4000 9.4000 9.4000 9.4000 9.4000 6.0000 6.0000 6.0000 6.0000 6.0000 6.0000 6.0000 2.0000 2.0000 2.0000 2.0000 2.0000 2.0000 2.0000 -2.0000 26.4017 26.4017 10.0000 3.2440 
S1 = 0.0000 0.0000 0.0000 0.0000 0.0000 0.0000 0.0000 0.0000 0.0000 0.0000 0.0000 0.0000 0.0000 0.0000 0.0000 0.0000 0.0000 0.0000 0.0000 0.0000 0.0000 0.0000 0.0000 0.0000 0.0000 0.0000 0.0000 
S2 = 0.0000 0.0000 0.0000 0.0000 0.0000 0.0000 0.0000 0.0000 0.0000 0.0000 0.0000 0.0000 0.0000 0.0000 0.0000 0.0000 0.0000 0.0000 0.0000 0.0000 0.0000 0.0000 0.0000 2.4017 2.4017 0.0000 14.2440 
u = 8.0435 7.8698 7.8698 7.8698 7.8698 7.8698 7.8698 7.8698 7.7941 7.7941 7.7941 7.7941 7.7941 7.7941 7.7941 7.7186 7.7186 7.7186 7.7186 7.7186 7.7186 7.7186 7.6523 11.3110 11.3110 11.8740 9.1341 
v = 35.2511 26.3606 26.3606 26.3606 26.3606 26.3606 26.3606 26.3606 23.1469 23.1469 23.1469 23.1469 23.1469 23.1469 23.1469 20.0813 20.0813 20.0813 20.0813 20.0813 20.0813 20.0813 17.4669 61.0575 61.0575 121.8716 28.2557 
