ExternalI = 5.5000 0.0000 0.0000 0.0000 0.0000 0.0000 0.0000 0.0000 4.0000 4.0000 4.0000 4.0000 4.0000 4.0000 4.0000 0.0000 0.0000 0.0000 0.0000 0.0000 0.0000 0.0000 0.0000 8.0000 8.0000 0.0000 0.0000 
before u = 8.0435 7.8698 7.8698 7.8698 7.8698 7.8698 7.8698 7.8698 7.7941 7.7941 7.7941 7.7941 7.7941 7.7941 7.7941 7.7186 7.7186 7.7186 7.7186 7.7186 7.7186 7.7186 7.6523 11.3110 11.3110 11.8740 9.1341 
before v = 35.2511 26.3606 26.3606 26.3606 26.3606 26.3606 26.3606 26.3606 23.1469 23.1469 23.1469 23.1469 23.1469 23.1469 23.1469 20.0813 20.0813 20.0813 20.0813 20.0813 20.0813 20.0813 17.4669 61.0575 61.0575 121.8716 28.2557 
Ibias = 9.4000 9.4000 9.4000 9.4000 9.4000 9.4000 9.4000 9.4000 2.0000 2.0000 2.0000 2.0000 2.0000 2.0000 2.0000 2.0000 2.0000 2.0000 2.0000 2.0000 2.0000 2.0000 -2.0000 16.0000 16.0000 10.0000 -11.0000 
fa1 = 0.8088 0.2437 0.2437 0.2437 0.2437 0.2437 0.2437 0.2437 0.1963 0.1963 0.1963 0.1963 0.1963 0.1963 0.1963 0.1679 0.1679 0.1679 0.1679 0.1679 0.1679 0.1679 0.1507 41.0341 41.0341 286.6189 1.2497 
fa2 = 0.8089 0.2437 0.2437 0.2437 0.2437 0.2437 0.2437 0.2437 0.1963 0.1963 0.1963 0.1963 0.1963 0.1963 0.1963 0.1679 0.1679 0.1679 0.1679 0.1679 0.1679 0.1679 0.1506 41.4223 41.4223 296.3728 1.2454 
fa3 = 0.8089 0.2437 0.2437 0.2437 0.2437 0.2437 0.2437 0.2437 0.1963 0.1963 0.1963 0.1963 0.1963 0.1963 0.1963 0.1679 0.1679 0.1679 0.1679 0.1679 0.1679 0.1679 0.1506 41.4260 41.4260 296.7077 1.2454 
fa4 = 0.8091 0.2436 0.2436 0.2436 0.2436 0.2436 0.2436 0.2436 0.1963 0.1963 0.1963 0.1963 0.1963 0.1963 0.1963 0.1679 0.1679 0.1679 0.1679 0.1679 0.1679 0.1679 0.1506 41.8215 41.8215 306.9955 1.2412 
fb1 = -0.1807 -0.2093 -0.2093 -0.2093 -0.2093 -0.2093 -0.2093 -0.2093 -0.2192 -0.2192 -0.2192 -0.2192 -0.2192 -0.2192 -0.2192 -0.2284 -0.2284 -0.2284 -0.2284 -0.2284 -0.2284 -0.2284 -0.2362 0.0180 0.0180 0.2500 -0.0697 
fb2 = -0.1807 -0.2093 -0.2093 -0.2093 -0.2093 -0.2093 -0.2093 -0.2093 -0.2191 -0.2191 -0.2191 -0.2191 -0.2191 -0.2191 -0.2191 -0.2284 -0.2284 -0.2284 -0.2284 -0.2284 -0.2284 -0.2284 -0.2362 0.0188 0.0188 0.2557 -0.0696 
fb3 = -0.1807 -0.2093 -0.2093 -0.2093 -0.2093 -0.2093 -0.2093 -0.2093 -0.2191 -0.2191 -0.2191 -0.2191 -0.2191 -0.2191 -0.2191 -0.2284 -0.2284 -0.2284 -0.2284 -0.2284 -0.2284 -0.2284 -0.2362 0.0188 0.0188 0.2559 -0.0696 
fb4 = -0.1806 -0.2093 -0.2093 -0.2093 -0.2093 -0.2093 -0.2093 -0.2093 -0.2191 -0.2191 -0.2191 -0.2191 -0.2191 -0.2191 -0.2191 -0.2283 -0.2283 -0.2283 -0.2283 -0.2283 -0.2283 -0.2283 -0.2361 0.0197 0.0197 0.2618 -0.0696 
I = 14.9000 9.4000 9.4000 9.4000 9.4000 9.4000 9.4000 9.4000 6.0000 6.0000 6.0000 6.0000 6.0000 6.0000 6.0000 2.0000 2.0000 2.0000 2.0000 2.0000 2.0000 2.0000 -2.0000 26.3969 26.3969 10.0000 3.2155 
S1 = 0.0000 0.0000 0.0000 0.0000 0.0000 0.0000 0.0000 0.0000 0.0000 0.0000 0.0000 0.0000 0.0000 0.0000 0.0000 0.0000 0.0000 0.0000 0.0000 0.0000 0.0000 0.0000 0.0000 0.0000 0.0000 0.0000 0.0000 
S2 = 0.0000 0.0000 0.0000 0.0000 0.0000 0.0000 0.0000 0.0000 0.0000 0.0000 0.0000 0.0000 0.0000 0.0000 0.0000 0.0000 0.0000 0.0000 0.0000 0.0000 0.0000 0.0000 0.0000 2.3969 2.3969 0.0000 14.2155 
u = 8.0417 7.8677 7.8677 7.8677 7.8677 7.8677 7.8677 7.8677 7.7919 7.7919 7.7919 7.7919 7.7919 7.7919 7.7919 7.7163 7.7163 7.7163 7.7163 7.7163 7.7163 7.7163 7.6500 11.3112 11.3112 11.8766 9.1334 
v = 35.2592 26.3630 26.3630 26.3630 26.3630 26.3630 26.3630 26.3630 23.1489 23.1489 23.1489 23.1489 23.1489 23.1489 23.1489 20.0829 20.0829 20.0829 20.0829 20.0829 20.0829 20.0829 17.4684 61.4717 61.4717 124.8379 28.2681 
