ExternalI = 5.5000 0.0000 0.0000 0.0000 0.0000 0.0000 0.0000 0.0000 4.0000 4.0000 4.0000 4.0000 4.0000 4.0000 4.0000 0.0000 0.0000 0.0000 0.0000 0.0000 0.0000 0.0000 0.0000 8.0000 8.0000 0.0000 0.0000 
before u = 8.0417 7.8677 7.8677 7.8677 7.8677 7.8677 7.8677 7.8677 7.7919 7.7919 7.7919 7.7919 7.7919 7.7919 7.7919 7.7163 7.7163 7.7163 7.7163 7.7163 7.7163 7.7163 7.6500 11.3112 11.3112 11.8766 9.1334 
before v = 35.2592 26.3630 26.3630 26.3630 26.3630 26.3630 26.3630 26.3630 23.1489 23.1489 23.1489 23.1489 23.1489 23.1489 23.1489 20.0829 20.0829 20.0829 20.0829 20.0829 20.0829 20.0829 17.4684 61.4717 61.4717 124.8379 28.2681 
Ibias = 9.4000 9.4000 9.4000 9.4000 9.4000 9.4000 9.4000 9.4000 2.0000 2.0000 2.0000 2.0000 2.0000 2.0000 2.0000 2.0000 2.0000 2.0000 2.0000 2.0000 2.0000 2.0000 -2.0000 16.0000 16.0000 10.0000 -11.0000 
fa1 = 0.8091 0.2436 0.2436 0.2436 0.2436 0.2436 0.2436 0.2436 0.1963 0.1963 0.1963 0.1963 0.1963 0.1963 0.1963 0.1679 0.1679 0.1679 0.1679 0.1679 0.1679 0.1679 0.1506 41.8166 41.8166 306.9900 1.2127 
fa2 = 0.8093 0.2436 0.2436 0.2436 0.2436 0.2436 0.2436 0.2436 0.1962 0.1962 0.1962 0.1962 0.1962 0.1962 0.1962 0.1679 0.1679 0.1679 0.1679 0.1679 0.1679 0.1679 0.1506 42.2193 42.2193 317.8077 1.2086 
fa3 = 0.8093 0.2436 0.2436 0.2436 0.2436 0.2436 0.2436 0.2436 0.1962 0.1962 0.1962 0.1962 0.1962 0.1962 0.1962 0.1679 0.1679 0.1679 0.1679 0.1679 0.1679 0.1679 0.1506 42.2232 42.2232 318.1923 1.2086 
fa4 = 0.8095 0.2435 0.2435 0.2435 0.2435 0.2435 0.2435 0.2435 0.1962 0.1962 0.1962 0.1962 0.1962 0.1962 0.1962 0.1678 0.1678 0.1678 0.1678 0.1678 0.1678 0.1678 0.1506 42.6333 42.6333 329.6245 1.2045 
fb1 = -0.1806 -0.2093 -0.2093 -0.2093 -0.2093 -0.2093 -0.2093 -0.2093 -0.2191 -0.2191 -0.2191 -0.2191 -0.2191 -0.2191 -0.2191 -0.2283 -0.2283 -0.2283 -0.2283 -0.2283 -0.2283 -0.2283 -0.2361 0.0197 0.0197 0.2618 -0.0696 
fb2 = -0.1806 -0.2092 -0.2092 -0.2092 -0.2092 -0.2092 -0.2092 -0.2092 -0.2190 -0.2190 -0.2190 -0.2190 -0.2190 -0.2190 -0.2190 -0.2283 -0.2283 -0.2283 -0.2283 -0.2283 -0.2283 -0.2283 -0.2361 0.0205 0.0205 0.2679 -0.0696 
fb3 = -0.1806 -0.2092 -0.2092 -0.2092 -0.2092 -0.2092 -0.2092 -0.2092 -0.2190 -0.2190 -0.2190 -0.2190 -0.2190 -0.2190 -0.2190 -0.2283 -0.2283 -0.2283 -0.2283 -0.2283 -0.2283 -0.2283 -0.2361 0.0205 0.0205 0.2681 -0.0696 
fb4 = -0.1805 -0.2092 -0.2092 -0.2092 -0.2092 -0.2092 -0.2092 -0.2092 -0.2190 -0.2190 -0.2190 -0.2190 -0.2190 -0.2190 -0.2190 -0.2282 -0.2282 -0.2282 -0.2282 -0.2282 -0.2282 -0.2282 -0.2360 0.0213 0.0213 0.2745 -0.0695 
I = 14.9000 9.4000 9.4000 9.4000 9.4000 9.4000 9.4000 9.4000 6.0000 6.0000 6.0000 6.0000 6.0000 6.0000 6.0000 2.0000 2.0000 2.0000 2.0000 2.0000 2.0000 2.0000 -2.0000 26.3921 26.3921 10.0000 3.1870 
S1 = 0.0000 0.0000 0.0000 0.0000 0.0000 0.0000 0.0000 0.0000 0.0000 0.0000 0.0000 0.0000 0.0000 0.0000 0.0000 0.0000 0.0000 0.0000 0.0000 0.0000 0.0000 0.0000 0.0000 0.0000 0.0000 0.0000 0.0000 
S2 = 0.0000 0.0000 0.0000 0.0000 0.0000 0.0000 0.0000 0.0000 0.0000 0.0000 0.0000 0.0000 0.0000 0.0000 0.0000 0.0000 0.0000 0.0000 0.0000 0.0000 0.0000 0.0000 0.0000 2.3921 2.3921 0.0000 14.1870 
u = 8.0399 7.8656 7.8656 7.8656 7.8656 7.8656 7.8656 7.8656 7.7897 7.7897 7.7897 7.7897 7.7897 7.7897 7.7897 7.7140 7.7140 7.7140 7.7140 7.7140 7.7140 7.7140 7.6476 11.3114 11.3114 11.8793 9.1327 
v = 35.2673 26.3655 26.3655 26.3655 26.3655 26.3655 26.3655 26.3655 23.1508 23.1508 23.1508 23.1508 23.1508 23.1508 23.1508 20.0846 20.0846 20.0846 20.0846 20.0846 20.0846 20.0846 17.4699 61.8939 61.8939 128.0190 28.2802 
