ExternalI = 5.5000 0.0000 0.0000 0.0000 0.0000 0.0000 0.0000 0.0000 4.0000 4.0000 4.0000 4.0000 4.0000 4.0000 4.0000 0.0000 0.0000 0.0000 0.0000 0.0000 0.0000 0.0000 0.0000 8.0000 8.0000 0.0000 0.0000 
before u = 8.0399 7.8656 7.8656 7.8656 7.8656 7.8656 7.8656 7.8656 7.7897 7.7897 7.7897 7.7897 7.7897 7.7897 7.7897 7.7140 7.7140 7.7140 7.7140 7.7140 7.7140 7.7140 7.6476 11.3114 11.3114 11.8793 9.1327 
before v = 35.2673 26.3655 26.3655 26.3655 26.3655 26.3655 26.3655 26.3655 23.1508 23.1508 23.1508 23.1508 23.1508 23.1508 23.1508 20.0846 20.0846 20.0846 20.0846 20.0846 20.0846 20.0846 17.4699 61.8939 61.8939 128.0190 28.2802 
Ibias = 9.4000 9.4000 9.4000 9.4000 9.4000 9.4000 9.4000 9.4000 2.0000 2.0000 2.0000 2.0000 2.0000 2.0000 2.0000 2.0000 2.0000 2.0000 2.0000 2.0000 2.0000 2.0000 -2.0000 16.0000 16.0000 10.0000 -11.0000 
fa1 = 0.8095 0.2435 0.2435 0.2435 0.2435 0.2435 0.2435 0.2435 0.1962 0.1962 0.1962 0.1962 0.1962 0.1962 0.1962 0.1678 0.1678 0.1678 0.1678 0.1678 0.1678 0.1678 0.1506 42.6285 42.6285 329.6180 1.1761 
fa2 = 0.8096 0.2435 0.2435 0.2435 0.2435 0.2435 0.2435 0.2435 0.1962 0.1962 0.1962 0.1962 0.1962 0.1962 0.1962 0.1678 0.1678 0.1678 0.1678 0.1678 0.1678 0.1678 0.1505 43.0462 43.0462 341.6600 1.1721 
fa3 = 0.8096 0.2435 0.2435 0.2435 0.2435 0.2435 0.2435 0.2435 0.1962 0.1962 0.1962 0.1962 0.1962 0.1962 0.1962 0.1678 0.1678 0.1678 0.1678 0.1678 0.1678 0.1678 0.1505 43.0503 43.0503 342.1040 1.1722 
fa4 = 0.8098 0.2435 0.2435 0.2435 0.2435 0.2435 0.2435 0.2435 0.1961 0.1961 0.1961 0.1961 0.1961 0.1961 0.1961 0.1678 0.1678 0.1678 0.1678 0.1678 0.1678 0.1678 0.1505 43.4758 43.4758 354.8569 1.1682 
fb1 = -0.1805 -0.2092 -0.2092 -0.2092 -0.2092 -0.2092 -0.2092 -0.2092 -0.2190 -0.2190 -0.2190 -0.2190 -0.2190 -0.2190 -0.2190 -0.2282 -0.2282 -0.2282 -0.2282 -0.2282 -0.2282 -0.2282 -0.2360 0.0213 0.0213 0.2745 -0.0695 
fb2 = -0.1805 -0.2091 -0.2091 -0.2091 -0.2091 -0.2091 -0.2091 -0.2091 -0.2189 -0.2189 -0.2189 -0.2189 -0.2189 -0.2189 -0.2189 -0.2282 -0.2282 -0.2282 -0.2282 -0.2282 -0.2282 -0.2282 -0.2360 0.0222 0.0222 0.2811 -0.0695 
fb3 = -0.1805 -0.2091 -0.2091 -0.2091 -0.2091 -0.2091 -0.2091 -0.2091 -0.2189 -0.2189 -0.2189 -0.2189 -0.2189 -0.2189 -0.2189 -0.2282 -0.2282 -0.2282 -0.2282 -0.2282 -0.2282 -0.2282 -0.2360 0.0222 0.0222 0.2813 -0.0695 
fb4 = -0.1804 -0.2091 -0.2091 -0.2091 -0.2091 -0.2091 -0.2091 -0.2091 -0.2189 -0.2189 -0.2189 -0.2189 -0.2189 -0.2189 -0.2189 -0.2281 -0.2281 -0.2281 -0.2281 -0.2281 -0.2281 -0.2281 -0.2359 0.0231 0.0231 0.2881 -0.0695 
I = 14.9000 9.4000 9.4000 9.4000 9.4000 9.4000 9.4000 9.4000 6.0000 6.0000 6.0000 6.0000 6.0000 6.0000 6.0000 2.0000 2.0000 2.0000 2.0000 2.0000 2.0000 2.0000 -2.0000 26.3873 26.3873 10.0000 3.1587 
S1 = 0.0000 0.0000 0.0000 0.0000 0.0000 0.0000 0.0000 0.0000 0.0000 0.0000 0.0000 0.0000 0.0000 0.0000 0.0000 0.0000 0.0000 0.0000 0.0000 0.0000 0.0000 0.0000 0.0000 0.0000 0.0000 0.0000 0.0000 
S2 = 0.0000 0.0000 0.0000 0.0000 0.0000 0.0000 0.0000 0.0000 0.0000 0.0000 0.0000 0.0000 0.0000 0.0000 0.0000 0.0000 0.0000 0.0000 0.0000 0.0000 0.0000 0.0000 0.0000 2.3873 2.3873 0.0000 14.1587 
u = 8.0381 7.8635 7.8635 7.8635 7.8635 7.8635 7.8635 7.8635 7.7876 7.7876 7.7876 7.7876 7.7876 7.7876 7.7876 7.7117 7.7117 7.7117 7.7117 7.7117 7.7117 7.7117 7.6452 11.3116 11.3116 11.8821 9.1320 
v = 35.2754 26.3679 26.3679 26.3679 26.3679 26.3679 26.3679 26.3679 23.1528 23.1528 23.1528 23.1528 23.1528 23.1528 23.1528 20.0863 20.0863 20.0863 20.0863 20.0863 20.0863 20.0863 17.4714 62.3244 62.3244 131.4390 28.2919 
