ExternalI = 5.5000 0.0000 0.0000 0.0000 0.0000 0.0000 0.0000 0.0000 4.0000 4.0000 4.0000 4.0000 4.0000 4.0000 4.0000 0.0000 0.0000 0.0000 0.0000 0.0000 0.0000 0.0000 0.0000 8.0000 8.0000 0.0000 0.0000 
before u = 8.0381 7.8635 7.8635 7.8635 7.8635 7.8635 7.8635 7.8635 7.7876 7.7876 7.7876 7.7876 7.7876 7.7876 7.7876 7.7117 7.7117 7.7117 7.7117 7.7117 7.7117 7.7117 7.6452 11.3116 11.3116 11.9821 9.1320 
before v = 35.2754 26.3679 26.3679 26.3679 26.3679 26.3679 26.3679 26.3679 23.1528 23.1528 23.1528 23.1528 23.1528 23.1528 23.1528 20.0863 20.0863 20.0863 20.0863 20.0863 20.0863 20.0863 17.4714 62.3244 62.3244 60.5000 28.2919 
Ibias = 9.4000 9.4000 9.4000 9.4000 9.4000 9.4000 9.4000 9.4000 2.0000 2.0000 2.0000 2.0000 2.0000 2.0000 2.0000 2.0000 2.0000 2.0000 2.0000 2.0000 2.0000 2.0000 -2.0000 16.0000 16.0000 10.0000 -11.0000 
fa1 = 0.8098 0.2435 0.2435 0.2435 0.2435 0.2435 0.2435 0.2435 0.1961 0.1961 0.1961 0.1961 0.1961 0.1961 0.1961 0.1678 0.1678 0.1678 0.1678 0.1678 0.1678 0.1678 0.1505 43.4710 43.4710 22.9279 2.6399 
fa2 = 0.8100 0.2434 0.2434 0.2434 0.2434 0.2434 0.2434 0.2434 0.1961 0.1961 0.1961 0.1961 0.1961 0.1961 0.1961 0.1677 0.1677 0.1677 0.1677 0.1677 0.1677 0.1677 0.1505 43.9045 43.9045 23.1394 2.6305 
fa3 = 0.8100 0.2434 0.2434 0.2434 0.2434 0.2434 0.2434 0.2434 0.1961 0.1961 0.1961 0.1961 0.1961 0.1961 0.1961 0.1677 0.1677 0.1677 0.1677 0.1677 0.1677 0.1677 0.1505 43.9088 43.9088 23.1413 2.6305 
fa4 = 0.8102 0.2434 0.2434 0.2434 0.2434 0.2434 0.2434 0.2434 0.1961 0.1961 0.1961 0.1961 0.1961 0.1961 0.1961 0.1677 0.1677 0.1677 0.1677 0.1677 0.1677 0.1677 0.1505 44.3505 44.3505 23.3558 2.6212 
fb1 = -0.1804 -0.2091 -0.2091 -0.2091 -0.2091 -0.2091 -0.2091 -0.2091 -0.2189 -0.2189 -0.2189 -0.2189 -0.2189 -0.2189 -0.2189 -0.2281 -0.2281 -0.2281 -0.2281 -0.2281 -0.2281 -0.2281 -0.2359 0.0231 0.0231 0.0024 -0.0695 
fb2 = -0.1804 -0.2090 -0.2090 -0.2090 -0.2090 -0.2090 -0.2090 -0.2090 -0.2188 -0.2188 -0.2188 -0.2188 -0.2188 -0.2188 -0.2188 -0.2281 -0.2281 -0.2281 -0.2281 -0.2281 -0.2281 -0.2281 -0.2359 0.0239 0.0239 0.0028 -0.0694 
fb3 = -0.1804 -0.2090 -0.2090 -0.2090 -0.2090 -0.2090 -0.2090 -0.2090 -0.2188 -0.2188 -0.2188 -0.2188 -0.2188 -0.2188 -0.2188 -0.2281 -0.2281 -0.2281 -0.2281 -0.2281 -0.2281 -0.2281 -0.2359 0.0239 0.0239 0.0028 -0.0694 
fb4 = -0.1803 -0.2090 -0.2090 -0.2090 -0.2090 -0.2090 -0.2090 -0.2090 -0.2188 -0.2188 -0.2188 -0.2188 -0.2188 -0.2188 -0.2188 -0.2280 -0.2280 -0.2280 -0.2280 -0.2280 -0.2280 -0.2280 -0.2358 0.0248 0.0248 0.0033 -0.0694 
I = 14.9000 9.4000 9.4000 9.4000 9.4000 9.4000 9.4000 9.4000 6.0000 6.0000 6.0000 6.0000 6.0000 6.0000 6.0000 2.0000 2.0000 2.0000 2.0000 2.0000 2.0000 2.0000 -2.0000 26.3826 26.3826 10.0000 4.6303 
S1 = 0.0000 0.0000 0.0000 0.0000 0.0000 0.0000 0.0000 0.0000 0.0000 0.0000 0.0000 0.0000 0.0000 0.0000 0.0000 0.0000 0.0000 0.0000 0.0000 0.0000 0.0000 0.0000 0.0000 0.0000 0.0000 0.0000 0.0000 
S2 = 0.0000 0.0000 0.0000 0.0000 0.0000 0.0000 0.0000 0.0000 0.0000 0.0000 0.0000 0.0000 0.0000 0.0000 0.0000 0.0000 0.0000 0.0000 0.0000 0.0000 0.0000 0.0000 0.0000 2.3826 2.3826 0.0000 15.6303 
u = 8.0363 7.8614 7.8614 7.8614 7.8614 7.8614 7.8614 7.8614 7.7854 7.7854 7.7854 7.7854 7.7854 7.7854 7.7854 7.7094 7.7094 7.7094 7.7094 7.7094 7.7094 7.7094 7.6429 11.3119 11.3119 11.9821 9.1313 
v = 35.2835 26.3703 26.3703 26.3703 26.3703 26.3703 26.3703 26.3703 23.1548 23.1548 23.1548 23.1548 23.1548 23.1548 23.1548 20.0880 20.0880 20.0880 20.0880 20.0880 20.0880 20.0880 17.4729 62.7635 62.7635 60.7314 28.3182 
