ExternalI = 5.5000 0.0000 0.0000 0.0000 0.0000 0.0000 0.0000 0.0000 4.0000 4.0000 4.0000 4.0000 4.0000 4.0000 4.0000 0.0000 0.0000 0.0000 0.0000 0.0000 0.0000 0.0000 0.0000 8.0000 8.0000 0.0000 0.0000 
before u = 9.7341 9.7292 9.7292 9.7292 9.7292 9.7292 9.7292 9.7292 9.7262 9.7262 9.7262 9.7262 9.7262 9.7262 9.7262 9.7228 9.7228 9.7228 9.7228 9.7228 9.7228 9.7228 9.7194 9.9127 9.9127 10.1975 9.8808 
before v = 22.4607 19.8543 19.8543 19.8543 19.8543 19.8543 19.8543 19.8543 18.3086 18.3086 18.3086 18.3086 18.3086 18.3086 18.3086 16.5493 16.5493 16.5493 16.5493 16.5493 16.5493 16.5493 14.8498 32.6859 32.6859 72.8318 15.5947 
Ibias = 9.4000 9.4000 9.4000 9.4000 9.4000 9.4000 9.4000 9.4000 2.0000 2.0000 2.0000 2.0000 2.0000 2.0000 2.0000 2.0000 2.0000 2.0000 2.0000 2.0000 2.0000 2.0000 -2.0000 16.0000 16.0000 10.0000 -11.0000 
fa1 = 7.9631 5.8757 5.8757 5.8757 5.8757 5.8757 5.8757 5.8757 4.7562 4.7562 4.7562 4.7562 4.7562 4.7562 4.7562 3.5845 3.5845 3.5845 3.5845 3.5845 3.5845 3.5845 2.5519 18.7643 18.7643 53.4860 3.4641 
fa2 = 7.9168 5.8358 5.8358 5.8358 5.8358 5.8358 5.8358 5.8358 4.7213 4.7213 4.7213 4.7213 4.7213 4.7213 4.7213 3.5561 3.5561 3.5561 3.5561 3.5561 3.5561 3.5561 2.5304 18.7289 18.7289 54.2443 3.4344 
fa3 = 7.9171 5.8361 5.8361 5.8361 5.8361 5.8361 5.8361 5.8361 4.7216 4.7216 4.7216 4.7216 4.7216 4.7216 4.7216 3.5563 3.5563 3.5563 3.5563 3.5563 3.5563 3.5563 2.5306 18.7289 18.7289 54.2551 3.4347 
fa4 = 7.8711 5.7966 5.7966 5.7966 5.7966 5.7966 5.7966 5.7966 4.6870 4.6870 4.6870 4.6870 4.6870 4.6870 4.6870 3.5282 3.5282 3.5282 3.5282 3.5282 3.5282 3.5282 2.5093 18.6943 18.6943 55.0304 3.4053 
fb1 = -0.2995 -0.3097 -0.3097 -0.3097 -0.3097 -0.3097 -0.3097 -0.3097 -0.3158 -0.3158 -0.3158 -0.3158 -0.3158 -0.3158 -0.3158 -0.3227 -0.3227 -0.3227 -0.3227 -0.3227 -0.3227 -0.3227 -0.3294 -0.0675 -0.0675 0.0874 -0.1352 
fb2 = -0.2993 -0.3096 -0.3096 -0.3096 -0.3096 -0.3096 -0.3096 -0.3096 -0.3157 -0.3157 -0.3157 -0.3157 -0.3157 -0.3157 -0.3157 -0.3226 -0.3226 -0.3226 -0.3226 -0.3226 -0.3226 -0.3226 -0.3293 -0.0671 -0.0671 0.0884 -0.1352 
fb3 = -0.2993 -0.3096 -0.3096 -0.3096 -0.3096 -0.3096 -0.3096 -0.3096 -0.3157 -0.3157 -0.3157 -0.3157 -0.3157 -0.3157 -0.3157 -0.3226 -0.3226 -0.3226 -0.3226 -0.3226 -0.3226 -0.3226 -0.3293 -0.0671 -0.0671 0.0885 -0.1352 
fb4 = -0.2991 -0.3094 -0.3094 -0.3094 -0.3094 -0.3094 -0.3094 -0.3094 -0.3155 -0.3155 -0.3155 -0.3155 -0.3155 -0.3155 -0.3155 -0.3224 -0.3224 -0.3224 -0.3224 -0.3224 -0.3224 -0.3224 -0.3291 -0.0667 -0.0667 0.0895 -0.1351 
I = 14.9000 9.4000 9.4000 9.4000 9.4000 9.4000 9.4000 9.4000 6.0000 6.0000 6.0000 6.0000 6.0000 6.0000 6.0000 2.0000 2.0000 2.0000 2.0000 2.0000 2.0000 2.0000 -2.0000 24.0000 24.0000 10.0000 -9.5987 
S1 = 0.0000 0.0000 0.0000 0.0000 0.0000 0.0000 0.0000 0.0000 0.0000 0.0000 0.0000 0.0000 0.0000 0.0000 0.0000 0.0000 0.0000 0.0000 0.0000 0.0000 0.0000 0.0000 0.0000 0.0000 0.0000 0.0000 0.0000 
S2 = 0.0000 0.0000 0.0000 0.0000 0.0000 0.0000 0.0000 0.0000 0.0000 0.0000 0.0000 0.0000 0.0000 0.0000 0.0000 0.0000 0.0000 0.0000 0.0000 0.0000 0.0000 0.0000 0.0000 0.0000 0.0000 0.0000 1.4013 
u = 9.7311 9.7261 9.7261 9.7261 9.7261 9.7261 9.7261 9.7261 9.7230 9.7230 9.7230 9.7230 9.7230 9.7230 9.7230 9.7195 9.7195 9.7195 9.7195 9.7195 9.7195 9.7195 9.7161 9.9120 9.9120 10.1984 9.8795 
v = 22.5399 19.9126 19.9126 19.9126 19.9126 19.9126 19.9126 19.9126 18.3558 18.3558 18.3558 18.3558 18.3558 18.3558 18.3558 16.5849 16.5849 16.5849 16.5849 16.5849 16.5849 16.5849 14.8751 32.8732 32.8732 73.3743 15.6291 
