ExternalI = 5.5000 0.0000 0.0000 0.0000 0.0000 0.0000 0.0000 0.0000 4.0000 4.0000 4.0000 4.0000 4.0000 4.0000 4.0000 0.0000 0.0000 0.0000 0.0000 0.0000 0.0000 0.0000 0.0000 8.0000 8.0000 0.0000 0.0000 
before u = 8.0363 7.8614 7.8614 7.8614 7.8614 7.8614 7.8614 7.8614 7.7854 7.7854 7.7854 7.7854 7.7854 7.7854 7.7854 7.7094 7.7094 7.7094 7.7094 7.7094 7.7094 7.7094 7.6429 11.3119 11.3119 11.9821 9.1313 
before v = 35.2835 26.3703 26.3703 26.3703 26.3703 26.3703 26.3703 26.3703 23.1548 23.1548 23.1548 23.1548 23.1548 23.1548 23.1548 20.0880 20.0880 20.0880 20.0880 20.0880 20.0880 20.0880 17.4729 62.7635 62.7635 60.7314 28.3182 
Ibias = 9.4000 9.4000 9.4000 9.4000 9.4000 9.4000 9.4000 9.4000 2.0000 2.0000 2.0000 2.0000 2.0000 2.0000 2.0000 2.0000 2.0000 2.0000 2.0000 2.0000 2.0000 2.0000 -2.0000 16.0000 16.0000 10.0000 -11.0000 
fa1 = 0.8102 0.2434 0.2434 0.2434 0.2434 0.2434 0.2434 0.2434 0.1961 0.1961 0.1961 0.1961 0.1961 0.1961 0.1961 0.1677 0.1677 0.1677 0.1677 0.1677 0.1677 0.1677 0.1505 44.3457 44.3457 23.3558 2.5900 
fa2 = 0.8104 0.2433 0.2433 0.2433 0.2433 0.2433 0.2433 0.2433 0.1960 0.1960 0.1960 0.1960 0.1960 0.1960 0.1960 0.1677 0.1677 0.1677 0.1677 0.1677 0.1677 0.1677 0.1504 44.7957 44.7957 23.5734 2.5808 
fa3 = 0.8104 0.2433 0.2433 0.2433 0.2433 0.2433 0.2433 0.2433 0.1960 0.1960 0.1960 0.1960 0.1960 0.1960 0.1960 0.1677 0.1677 0.1677 0.1677 0.1677 0.1677 0.1677 0.1504 44.8003 44.8003 23.5754 2.5808 
fa4 = 0.8106 0.2433 0.2433 0.2433 0.2433 0.2433 0.2433 0.2433 0.1960 0.1960 0.1960 0.1960 0.1960 0.1960 0.1960 0.1677 0.1677 0.1677 0.1677 0.1677 0.1677 0.1677 0.1504 45.2590 45.2590 23.7961 2.5717 
fb1 = -0.1803 -0.2090 -0.2090 -0.2090 -0.2090 -0.2090 -0.2090 -0.2090 -0.2188 -0.2188 -0.2188 -0.2188 -0.2188 -0.2188 -0.2188 -0.2280 -0.2280 -0.2280 -0.2280 -0.2280 -0.2280 -0.2280 -0.2358 0.0248 0.0248 0.0033 -0.0694 
fb2 = -0.1803 -0.2089 -0.2089 -0.2089 -0.2089 -0.2089 -0.2089 -0.2089 -0.2187 -0.2187 -0.2187 -0.2187 -0.2187 -0.2187 -0.2187 -0.2280 -0.2280 -0.2280 -0.2280 -0.2280 -0.2280 -0.2280 -0.2358 0.0257 0.0257 0.0037 -0.0693 
fb3 = -0.1803 -0.2089 -0.2089 -0.2089 -0.2089 -0.2089 -0.2089 -0.2089 -0.2187 -0.2187 -0.2187 -0.2187 -0.2187 -0.2187 -0.2187 -0.2280 -0.2280 -0.2280 -0.2280 -0.2280 -0.2280 -0.2280 -0.2358 0.0257 0.0257 0.0038 -0.0693 
fb4 = -0.1802 -0.2089 -0.2089 -0.2089 -0.2089 -0.2089 -0.2089 -0.2089 -0.2187 -0.2187 -0.2187 -0.2187 -0.2187 -0.2187 -0.2187 -0.2279 -0.2279 -0.2279 -0.2279 -0.2279 -0.2279 -0.2279 -0.2357 0.0266 0.0266 0.0042 -0.0692 
I = 14.9000 9.4000 9.4000 9.4000 9.4000 9.4000 9.4000 9.4000 6.0000 6.0000 6.0000 6.0000 6.0000 6.0000 6.0000 2.0000 2.0000 2.0000 2.0000 2.0000 2.0000 2.0000 -2.0000 26.3778 26.3778 10.0000 4.5991 
S1 = 0.0000 0.0000 0.0000 0.0000 0.0000 0.0000 0.0000 0.0000 0.0000 0.0000 0.0000 0.0000 0.0000 0.0000 0.0000 0.0000 0.0000 0.0000 0.0000 0.0000 0.0000 0.0000 0.0000 0.0000 0.0000 0.0000 0.0000 
S2 = 0.0000 0.0000 0.0000 0.0000 0.0000 0.0000 0.0000 0.0000 0.0000 0.0000 0.0000 0.0000 0.0000 0.0000 0.0000 0.0000 0.0000 0.0000 0.0000 0.0000 0.0000 0.0000 0.0000 2.3778 2.3778 0.0000 15.5991 
u = 8.0345 7.8593 7.8593 7.8593 7.8593 7.8593 7.8593 7.8593 7.7832 7.7832 7.7832 7.7832 7.7832 7.7832 7.7832 7.7072 7.7072 7.7072 7.7072 7.7072 7.7072 7.7072 7.6405 11.3121 11.3121 11.9822 9.1306 
v = 35.2916 26.3728 26.3728 26.3728 26.3728 26.3728 26.3728 26.3728 23.1567 23.1567 23.1567 23.1567 23.1567 23.1567 23.1567 20.0896 20.0896 20.0896 20.0896 20.0896 20.0896 20.0896 17.4744 63.2115 63.2115 60.9672 28.3440 
