ExternalI = 5.5000 0.0000 0.0000 0.0000 0.0000 0.0000 0.0000 0.0000 4.0000 4.0000 4.0000 4.0000 4.0000 4.0000 4.0000 0.0000 0.0000 0.0000 0.0000 0.0000 0.0000 0.0000 0.0000 8.0000 8.0000 0.0000 0.0000 
before u = 8.0345 7.8593 7.8593 7.8593 7.8593 7.8593 7.8593 7.8593 7.7832 7.7832 7.7832 7.7832 7.7832 7.7832 7.7832 7.7072 7.7072 7.7072 7.7072 7.7072 7.7072 7.7072 7.6405 11.3121 11.3121 11.9822 9.1306 
before v = 35.2916 26.3728 26.3728 26.3728 26.3728 26.3728 26.3728 26.3728 23.1567 23.1567 23.1567 23.1567 23.1567 23.1567 23.1567 20.0896 20.0896 20.0896 20.0896 20.0896 20.0896 20.0896 17.4744 63.2115 63.2115 60.9672 28.3440 
Ibias = 9.4000 9.4000 9.4000 9.4000 9.4000 9.4000 9.4000 9.4000 2.0000 2.0000 2.0000 2.0000 2.0000 2.0000 2.0000 2.0000 2.0000 2.0000 2.0000 2.0000 2.0000 2.0000 -2.0000 16.0000 16.0000 10.0000 -11.0000 
fa1 = 0.8106 0.2433 0.2433 0.2433 0.2433 0.2433 0.2433 0.2433 0.1960 0.1960 0.1960 0.1960 0.1960 0.1960 0.1960 0.1677 0.1677 0.1677 0.1677 0.1677 0.1677 0.1677 0.1504 45.2542 45.2542 23.7961 2.5405 
fa2 = 0.8107 0.2433 0.2433 0.2433 0.2433 0.2433 0.2433 0.2433 0.1960 0.1960 0.1960 0.1960 0.1960 0.1960 0.1960 0.1676 0.1676 0.1676 0.1676 0.1676 0.1676 0.1676 0.1504 45.7215 45.7215 24.0201 2.5316 
fa3 = 0.8107 0.2433 0.2433 0.2433 0.2433 0.2433 0.2433 0.2433 0.1960 0.1960 0.1960 0.1960 0.1960 0.1960 0.1960 0.1676 0.1676 0.1676 0.1676 0.1676 0.1676 0.1676 0.1504 45.7264 45.7264 24.0222 2.5316 
fa4 = 0.8109 0.2432 0.2432 0.2432 0.2432 0.2432 0.2432 0.2432 0.1959 0.1959 0.1959 0.1959 0.1959 0.1959 0.1959 0.1676 0.1676 0.1676 0.1676 0.1676 0.1676 0.1676 0.1504 46.2028 46.2028 24.2494 2.5227 
fb1 = -0.1802 -0.2089 -0.2089 -0.2089 -0.2089 -0.2089 -0.2089 -0.2089 -0.2187 -0.2187 -0.2187 -0.2187 -0.2187 -0.2187 -0.2187 -0.2279 -0.2279 -0.2279 -0.2279 -0.2279 -0.2279 -0.2279 -0.2357 0.0266 0.0266 0.0042 -0.0692 
fb2 = -0.1802 -0.2088 -0.2088 -0.2088 -0.2088 -0.2088 -0.2088 -0.2088 -0.2187 -0.2187 -0.2187 -0.2187 -0.2187 -0.2187 -0.2187 -0.2279 -0.2279 -0.2279 -0.2279 -0.2279 -0.2279 -0.2279 -0.2357 0.0275 0.0275 0.0047 -0.0692 
fb3 = -0.1802 -0.2088 -0.2088 -0.2088 -0.2088 -0.2088 -0.2088 -0.2088 -0.2187 -0.2187 -0.2187 -0.2187 -0.2187 -0.2187 -0.2187 -0.2279 -0.2279 -0.2279 -0.2279 -0.2279 -0.2279 -0.2279 -0.2357 0.0275 0.0275 0.0047 -0.0692 
fb4 = -0.1801 -0.2088 -0.2088 -0.2088 -0.2088 -0.2088 -0.2088 -0.2088 -0.2186 -0.2186 -0.2186 -0.2186 -0.2186 -0.2186 -0.2186 -0.2278 -0.2278 -0.2278 -0.2278 -0.2278 -0.2278 -0.2278 -0.2356 0.0284 0.0284 0.0052 -0.0691 
I = 14.9000 9.4000 9.4000 9.4000 9.4000 9.4000 9.4000 9.4000 6.0000 6.0000 6.0000 6.0000 6.0000 6.0000 6.0000 2.0000 2.0000 2.0000 2.0000 2.0000 2.0000 2.0000 -2.0000 26.3730 26.3730 10.0000 4.5679 
S1 = 0.0000 0.0000 0.0000 0.0000 0.0000 0.0000 0.0000 0.0000 0.0000 0.0000 0.0000 0.0000 0.0000 0.0000 0.0000 0.0000 0.0000 0.0000 0.0000 0.0000 0.0000 0.0000 0.0000 0.0000 0.0000 0.0000 0.0000 
S2 = 0.0000 0.0000 0.0000 0.0000 0.0000 0.0000 0.0000 0.0000 0.0000 0.0000 0.0000 0.0000 0.0000 0.0000 0.0000 0.0000 0.0000 0.0000 0.0000 0.0000 0.0000 0.0000 0.0000 2.3730 2.3730 0.0000 15.5679 
u = 8.0327 7.8572 7.8572 7.8572 7.8572 7.8572 7.8572 7.8572 7.7810 7.7810 7.7810 7.7810 7.7810 7.7810 7.7810 7.7049 7.7049 7.7049 7.7049 7.7049 7.7049 7.7049 7.6382 11.3124 11.3124 11.9822 9.1299 
v = 35.2997 26.3752 26.3752 26.3752 26.3752 26.3752 26.3752 26.3752 23.1587 23.1587 23.1587 23.1587 23.1587 23.1587 23.1587 20.0913 20.0913 20.0913 20.0913 20.0913 20.0913 20.0913 17.4759 63.6688 63.6688 61.2074 28.3694 
