ExternalI = 5.5000 0.0000 0.0000 0.0000 0.0000 0.0000 0.0000 0.0000 4.0000 4.0000 4.0000 4.0000 4.0000 4.0000 4.0000 0.0000 0.0000 0.0000 0.0000 0.0000 0.0000 0.0000 0.0000 8.0000 8.0000 0.0000 0.0000 
before u = 8.0327 7.8572 7.8572 7.8572 7.8572 7.8572 7.8572 7.8572 7.7810 7.7810 7.7810 7.7810 7.7810 7.7810 7.7810 7.7049 7.7049 7.7049 7.7049 7.7049 7.7049 7.7049 7.6382 11.3124 11.3124 11.9822 9.1299 
before v = 35.2997 26.3752 26.3752 26.3752 26.3752 26.3752 26.3752 26.3752 23.1587 23.1587 23.1587 23.1587 23.1587 23.1587 23.1587 20.0913 20.0913 20.0913 20.0913 20.0913 20.0913 20.0913 17.4759 63.6688 63.6688 61.2074 28.3694 
Ibias = 9.4000 9.4000 9.4000 9.4000 9.4000 9.4000 9.4000 9.4000 2.0000 2.0000 2.0000 2.0000 2.0000 2.0000 2.0000 2.0000 2.0000 2.0000 2.0000 2.0000 2.0000 2.0000 -2.0000 16.0000 16.0000 10.0000 -11.0000 
fa1 = 0.8109 0.2432 0.2432 0.2432 0.2432 0.2432 0.2432 0.2432 0.1959 0.1959 0.1959 0.1959 0.1959 0.1959 0.1959 0.1676 0.1676 0.1676 0.1676 0.1676 0.1676 0.1676 0.1504 46.1981 46.1981 24.2494 2.4916 
fa2 = 0.8111 0.2432 0.2432 0.2432 0.2432 0.2432 0.2432 0.2432 0.1959 0.1959 0.1959 0.1959 0.1959 0.1959 0.1959 0.1676 0.1676 0.1676 0.1676 0.1676 0.1676 0.1676 0.1503 46.6836 46.6836 24.4799 2.4828 
fa3 = 0.8111 0.2432 0.2432 0.2432 0.2432 0.2432 0.2432 0.2432 0.1959 0.1959 0.1959 0.1959 0.1959 0.1959 0.1959 0.1676 0.1676 0.1676 0.1676 0.1676 0.1676 0.1676 0.1503 46.6888 46.6888 24.4821 2.4828 
fa4 = 0.8113 0.2432 0.2432 0.2432 0.2432 0.2432 0.2432 0.2432 0.1959 0.1959 0.1959 0.1959 0.1959 0.1959 0.1959 0.1675 0.1675 0.1675 0.1675 0.1675 0.1675 0.1675 0.1503 47.1839 47.1839 24.7160 2.4741 
fb1 = -0.1801 -0.2088 -0.2088 -0.2088 -0.2088 -0.2088 -0.2088 -0.2088 -0.2186 -0.2186 -0.2186 -0.2186 -0.2186 -0.2186 -0.2186 -0.2278 -0.2278 -0.2278 -0.2278 -0.2278 -0.2278 -0.2278 -0.2356 0.0284 0.0284 0.0052 -0.0691 
fb2 = -0.1801 -0.2087 -0.2087 -0.2087 -0.2087 -0.2087 -0.2087 -0.2087 -0.2186 -0.2186 -0.2186 -0.2186 -0.2186 -0.2186 -0.2186 -0.2278 -0.2278 -0.2278 -0.2278 -0.2278 -0.2278 -0.2278 -0.2356 0.0293 0.0293 0.0057 -0.0691 
fb3 = -0.1801 -0.2087 -0.2087 -0.2087 -0.2087 -0.2087 -0.2087 -0.2087 -0.2186 -0.2186 -0.2186 -0.2186 -0.2186 -0.2186 -0.2186 -0.2278 -0.2278 -0.2278 -0.2278 -0.2278 -0.2278 -0.2278 -0.2356 0.0294 0.0294 0.0057 -0.0691 
fb4 = -0.1800 -0.2087 -0.2087 -0.2087 -0.2087 -0.2087 -0.2087 -0.2087 -0.2185 -0.2185 -0.2185 -0.2185 -0.2185 -0.2185 -0.2185 -0.2277 -0.2277 -0.2277 -0.2277 -0.2277 -0.2277 -0.2277 -0.2355 0.0303 0.0303 0.0062 -0.0690 
I = 14.9000 9.4000 9.4000 9.4000 9.4000 9.4000 9.4000 9.4000 6.0000 6.0000 6.0000 6.0000 6.0000 6.0000 6.0000 2.0000 2.0000 2.0000 2.0000 2.0000 2.0000 2.0000 -2.0000 26.3683 26.3683 10.0000 4.5368 
S1 = 0.0000 0.0000 0.0000 0.0000 0.0000 0.0000 0.0000 0.0000 0.0000 0.0000 0.0000 0.0000 0.0000 0.0000 0.0000 0.0000 0.0000 0.0000 0.0000 0.0000 0.0000 0.0000 0.0000 0.0000 0.0000 0.0000 0.0000 
S2 = 0.0000 0.0000 0.0000 0.0000 0.0000 0.0000 0.0000 0.0000 0.0000 0.0000 0.0000 0.0000 0.0000 0.0000 0.0000 0.0000 0.0000 0.0000 0.0000 0.0000 0.0000 0.0000 0.0000 2.3683 2.3683 0.0000 15.5368 
u = 8.0309 7.8551 7.8551 7.8551 7.8551 7.8551 7.8551 7.8551 7.7788 7.7788 7.7788 7.7788 7.7788 7.7788 7.7788 7.7026 7.7026 7.7026 7.7026 7.7026 7.7026 7.7026 7.6358 11.3127 11.3127 11.9823 9.1293 
v = 35.3078 26.3776 26.3776 26.3776 26.3776 26.3776 26.3776 26.3776 23.1606 23.1606 23.1606 23.1606 23.1606 23.1606 23.1606 20.0930 20.0930 20.0930 20.0930 20.0930 20.0930 20.0930 17.4774 64.1356 64.1356 61.4522 28.3942 
