ExternalI = 5.5000 0.0000 0.0000 0.0000 0.0000 0.0000 0.0000 0.0000 4.0000 4.0000 4.0000 4.0000 4.0000 4.0000 4.0000 0.0000 0.0000 0.0000 0.0000 0.0000 0.0000 0.0000 0.0000 8.0000 8.0000 0.0000 0.0000 
before u = 8.0309 7.8551 7.8551 7.8551 7.8551 7.8551 7.8551 7.8551 7.7788 7.7788 7.7788 7.7788 7.7788 7.7788 7.7788 7.7026 7.7026 7.7026 7.7026 7.7026 7.7026 7.7026 7.6358 11.3127 11.3127 11.9823 9.1293 
before v = 35.3078 26.3776 26.3776 26.3776 26.3776 26.3776 26.3776 26.3776 23.1606 23.1606 23.1606 23.1606 23.1606 23.1606 23.1606 20.0930 20.0930 20.0930 20.0930 20.0930 20.0930 20.0930 17.4774 64.1356 64.1356 61.4522 28.3942 
Ibias = 9.4000 9.4000 9.4000 9.4000 9.4000 9.4000 9.4000 9.4000 2.0000 2.0000 2.0000 2.0000 2.0000 2.0000 2.0000 2.0000 2.0000 2.0000 2.0000 2.0000 2.0000 2.0000 -2.0000 16.0000 16.0000 10.0000 -11.0000 
fa1 = 0.8113 0.2432 0.2432 0.2432 0.2432 0.2432 0.2432 0.2432 0.1959 0.1959 0.1959 0.1959 0.1959 0.1959 0.1959 0.1675 0.1675 0.1675 0.1675 0.1675 0.1675 0.1675 0.1503 47.1792 47.1792 24.7160 2.4431 
fa2 = 0.8115 0.2431 0.2431 0.2431 0.2431 0.2431 0.2431 0.2431 0.1958 0.1958 0.1958 0.1958 0.1958 0.1958 0.1958 0.1675 0.1675 0.1675 0.1675 0.1675 0.1675 0.1675 0.1503 47.6839 47.6839 24.9534 2.4345 
fa3 = 0.8115 0.2431 0.2431 0.2431 0.2431 0.2431 0.2431 0.2431 0.1958 0.1958 0.1958 0.1958 0.1958 0.1958 0.1958 0.1675 0.1675 0.1675 0.1675 0.1675 0.1675 0.1675 0.1503 47.6893 47.6893 24.9557 2.4345 
fa4 = 0.8117 0.2431 0.2431 0.2431 0.2431 0.2431 0.2431 0.2431 0.1958 0.1958 0.1958 0.1958 0.1958 0.1958 0.1958 0.1675 0.1675 0.1675 0.1675 0.1675 0.1675 0.1675 0.1503 48.2041 48.2041 25.1966 2.4260 
fb1 = -0.1800 -0.2087 -0.2087 -0.2087 -0.2087 -0.2087 -0.2087 -0.2087 -0.2185 -0.2185 -0.2185 -0.2185 -0.2185 -0.2185 -0.2185 -0.2277 -0.2277 -0.2277 -0.2277 -0.2277 -0.2277 -0.2277 -0.2355 0.0303 0.0303 0.0062 -0.0690 
fb2 = -0.1800 -0.2086 -0.2086 -0.2086 -0.2086 -0.2086 -0.2086 -0.2086 -0.2185 -0.2185 -0.2185 -0.2185 -0.2185 -0.2185 -0.2185 -0.2277 -0.2277 -0.2277 -0.2277 -0.2277 -0.2277 -0.2277 -0.2355 0.0312 0.0312 0.0067 -0.0690 
fb3 = -0.1800 -0.2086 -0.2086 -0.2086 -0.2086 -0.2086 -0.2086 -0.2086 -0.2185 -0.2185 -0.2185 -0.2185 -0.2185 -0.2185 -0.2185 -0.2277 -0.2277 -0.2277 -0.2277 -0.2277 -0.2277 -0.2277 -0.2355 0.0312 0.0312 0.0067 -0.0690 
fb4 = -0.1799 -0.2086 -0.2086 -0.2086 -0.2086 -0.2086 -0.2086 -0.2086 -0.2184 -0.2184 -0.2184 -0.2184 -0.2184 -0.2184 -0.2184 -0.2276 -0.2276 -0.2276 -0.2276 -0.2276 -0.2276 -0.2276 -0.2354 0.0322 0.0322 0.0072 -0.0689 
I = 14.9000 9.4000 9.4000 9.4000 9.4000 9.4000 9.4000 9.4000 6.0000 6.0000 6.0000 6.0000 6.0000 6.0000 6.0000 2.0000 2.0000 2.0000 2.0000 2.0000 2.0000 2.0000 -2.0000 26.3635 26.3635 10.0000 4.5057 
S1 = 0.0000 0.0000 0.0000 0.0000 0.0000 0.0000 0.0000 0.0000 0.0000 0.0000 0.0000 0.0000 0.0000 0.0000 0.0000 0.0000 0.0000 0.0000 0.0000 0.0000 0.0000 0.0000 0.0000 0.0000 0.0000 0.0000 0.0000 
S2 = 0.0000 0.0000 0.0000 0.0000 0.0000 0.0000 0.0000 0.0000 0.0000 0.0000 0.0000 0.0000 0.0000 0.0000 0.0000 0.0000 0.0000 0.0000 0.0000 0.0000 0.0000 0.0000 0.0000 2.3635 2.3635 0.0000 15.5057 
u = 8.0291 7.8531 7.8531 7.8531 7.8531 7.8531 7.8531 7.8531 7.7766 7.7766 7.7766 7.7766 7.7766 7.7766 7.7766 7.7003 7.7003 7.7003 7.7003 7.7003 7.7003 7.7003 7.6335 11.3130 11.3130 11.9823 9.1286 
v = 35.3159 26.3801 26.3801 26.3801 26.3801 26.3801 26.3801 26.3801 23.1626 23.1626 23.1626 23.1626 23.1626 23.1626 23.1626 20.0947 20.0947 20.0947 20.0947 20.0947 20.0947 20.0947 17.4789 64.6125 64.6125 61.7017 28.4185 
