ExternalI = 5.5000 0.0000 0.0000 0.0000 0.0000 0.0000 0.0000 0.0000 4.0000 4.0000 4.0000 4.0000 4.0000 4.0000 4.0000 0.0000 0.0000 0.0000 0.0000 0.0000 0.0000 0.0000 0.0000 8.0000 8.0000 0.0000 0.0000 
before u = 8.0291 7.8531 7.8531 7.8531 7.8531 7.8531 7.8531 7.8531 7.7766 7.7766 7.7766 7.7766 7.7766 7.7766 7.7766 7.7003 7.7003 7.7003 7.7003 7.7003 7.7003 7.7003 7.6335 11.3130 11.3130 11.9823 9.1286 
before v = 35.3159 26.3801 26.3801 26.3801 26.3801 26.3801 26.3801 26.3801 23.1626 23.1626 23.1626 23.1626 23.1626 23.1626 23.1626 20.0947 20.0947 20.0947 20.0947 20.0947 20.0947 20.0947 17.4789 64.6125 64.6125 61.7017 28.4185 
Ibias = 9.4000 9.4000 9.4000 9.4000 9.4000 9.4000 9.4000 9.4000 2.0000 2.0000 2.0000 2.0000 2.0000 2.0000 2.0000 2.0000 2.0000 2.0000 2.0000 2.0000 2.0000 2.0000 -2.0000 16.0000 16.0000 10.0000 -11.0000 
fa1 = 0.8117 0.2431 0.2431 0.2431 0.2431 0.2431 0.2431 0.2431 0.1958 0.1958 0.1958 0.1958 0.1958 0.1958 0.1958 0.1675 0.1675 0.1675 0.1675 0.1675 0.1675 0.1675 0.1503 48.1994 48.1994 25.1966 2.3950 
fa2 = 0.8119 0.2430 0.2430 0.2430 0.2430 0.2430 0.2430 0.2430 0.1958 0.1958 0.1958 0.1958 0.1958 0.1958 0.1958 0.1675 0.1675 0.1675 0.1675 0.1675 0.1675 0.1675 0.1502 48.7243 48.7243 25.4412 2.3867 
fa3 = 0.8119 0.2430 0.2430 0.2430 0.2430 0.2430 0.2430 0.2430 0.1958 0.1958 0.1958 0.1958 0.1958 0.1958 0.1958 0.1675 0.1675 0.1675 0.1675 0.1675 0.1675 0.1675 0.1502 48.7300 48.7300 25.4435 2.3867 
fa4 = 0.8121 0.2430 0.2430 0.2430 0.2430 0.2430 0.2430 0.2430 0.1958 0.1958 0.1958 0.1958 0.1958 0.1958 0.1958 0.1674 0.1674 0.1674 0.1674 0.1674 0.1674 0.1674 0.1502 49.2655 49.2655 25.6918 2.3784 
fb1 = -0.1799 -0.2086 -0.2086 -0.2086 -0.2086 -0.2086 -0.2086 -0.2086 -0.2184 -0.2184 -0.2184 -0.2184 -0.2184 -0.2184 -0.2184 -0.2276 -0.2276 -0.2276 -0.2276 -0.2276 -0.2276 -0.2276 -0.2354 0.0322 0.0322 0.0072 -0.0689 
fb2 = -0.1798 -0.2086 -0.2086 -0.2086 -0.2086 -0.2086 -0.2086 -0.2086 -0.2184 -0.2184 -0.2184 -0.2184 -0.2184 -0.2184 -0.2184 -0.2276 -0.2276 -0.2276 -0.2276 -0.2276 -0.2276 -0.2276 -0.2354 0.0332 0.0332 0.0077 -0.0688 
fb3 = -0.1798 -0.2086 -0.2086 -0.2086 -0.2086 -0.2086 -0.2086 -0.2086 -0.2184 -0.2184 -0.2184 -0.2184 -0.2184 -0.2184 -0.2184 -0.2276 -0.2276 -0.2276 -0.2276 -0.2276 -0.2276 -0.2276 -0.2354 0.0332 0.0332 0.0077 -0.0688 
fb4 = -0.1798 -0.2085 -0.2085 -0.2085 -0.2085 -0.2085 -0.2085 -0.2085 -0.2183 -0.2183 -0.2183 -0.2183 -0.2183 -0.2183 -0.2183 -0.2275 -0.2275 -0.2275 -0.2275 -0.2275 -0.2275 -0.2275 -0.2353 0.0341 0.0341 0.0082 -0.0688 
I = 14.9000 9.4000 9.4000 9.4000 9.4000 9.4000 9.4000 9.4000 6.0000 6.0000 6.0000 6.0000 6.0000 6.0000 6.0000 2.0000 2.0000 2.0000 2.0000 2.0000 2.0000 2.0000 -2.0000 26.3588 26.3588 10.0000 4.4747 
S1 = 0.0000 0.0000 0.0000 0.0000 0.0000 0.0000 0.0000 0.0000 0.0000 0.0000 0.0000 0.0000 0.0000 0.0000 0.0000 0.0000 0.0000 0.0000 0.0000 0.0000 0.0000 0.0000 0.0000 0.0000 0.0000 0.0000 0.0000 
S2 = 0.0000 0.0000 0.0000 0.0000 0.0000 0.0000 0.0000 0.0000 0.0000 0.0000 0.0000 0.0000 0.0000 0.0000 0.0000 0.0000 0.0000 0.0000 0.0000 0.0000 0.0000 0.0000 0.0000 2.3588 2.3588 0.0000 15.4747 
u = 8.0273 7.8510 7.8510 7.8510 7.8510 7.8510 7.8510 7.8510 7.7744 7.7744 7.7744 7.7744 7.7744 7.7744 7.7744 7.6981 7.6981 7.6981 7.6981 7.6981 7.6981 7.6981 7.6311 11.3133 11.3133 11.9824 9.1279 
v = 35.3241 26.3825 26.3825 26.3825 26.3825 26.3825 26.3825 26.3825 23.1646 23.1646 23.1646 23.1646 23.1646 23.1646 23.1646 20.0963 20.0963 20.0963 20.0963 20.0963 20.0963 20.0963 17.4804 65.0998 65.0998 61.9562 28.4424 
