ExternalI = 5.5000 0.0000 0.0000 0.0000 0.0000 0.0000 0.0000 0.0000 4.0000 4.0000 4.0000 4.0000 4.0000 4.0000 4.0000 0.0000 0.0000 0.0000 0.0000 0.0000 0.0000 0.0000 0.0000 8.0000 8.0000 0.0000 0.0000 
before u = 8.0273 7.8510 7.8510 7.8510 7.8510 7.8510 7.8510 7.8510 7.7744 7.7744 7.7744 7.7744 7.7744 7.7744 7.7744 7.6981 7.6981 7.6981 7.6981 7.6981 7.6981 7.6981 7.6311 11.3133 11.3133 11.9824 9.1279 
before v = 35.3241 26.3825 26.3825 26.3825 26.3825 26.3825 26.3825 26.3825 23.1646 23.1646 23.1646 23.1646 23.1646 23.1646 23.1646 20.0963 20.0963 20.0963 20.0963 20.0963 20.0963 20.0963 17.4804 65.0998 65.0998 61.9562 28.4424 
Ibias = 9.4000 9.4000 9.4000 9.4000 9.4000 9.4000 9.4000 9.4000 2.0000 2.0000 2.0000 2.0000 2.0000 2.0000 2.0000 2.0000 2.0000 2.0000 2.0000 2.0000 2.0000 2.0000 -2.0000 16.0000 16.0000 10.0000 -11.0000 
fa1 = 0.8121 0.2430 0.2430 0.2430 0.2430 0.2430 0.2430 0.2430 0.1958 0.1958 0.1958 0.1958 0.1958 0.1958 0.1958 0.1674 0.1674 0.1674 0.1674 0.1674 0.1674 0.1674 0.1502 49.2608 49.2608 25.6918 2.3475 
fa2 = 0.8123 0.2430 0.2430 0.2430 0.2430 0.2430 0.2430 0.2430 0.1957 0.1957 0.1957 0.1957 0.1957 0.1957 0.1957 0.1674 0.1674 0.1674 0.1674 0.1674 0.1674 0.1674 0.1502 49.8069 49.8069 25.9437 2.3393 
fa3 = 0.8123 0.2430 0.2430 0.2430 0.2430 0.2430 0.2430 0.2430 0.1957 0.1957 0.1957 0.1957 0.1957 0.1957 0.1957 0.1674 0.1674 0.1674 0.1674 0.1674 0.1674 0.1674 0.1502 49.8129 49.8129 25.9462 2.3393 
fa4 = 0.8125 0.2429 0.2429 0.2429 0.2429 0.2429 0.2429 0.2429 0.1957 0.1957 0.1957 0.1957 0.1957 0.1957 0.1957 0.1674 0.1674 0.1674 0.1674 0.1674 0.1674 0.1674 0.1501 50.3702 50.3702 26.2020 2.3312 
fb1 = -0.1798 -0.2085 -0.2085 -0.2085 -0.2085 -0.2085 -0.2085 -0.2085 -0.2183 -0.2183 -0.2183 -0.2183 -0.2183 -0.2183 -0.2183 -0.2275 -0.2275 -0.2275 -0.2275 -0.2275 -0.2275 -0.2275 -0.2353 0.0341 0.0341 0.0082 -0.0688 
fb2 = -0.1797 -0.2085 -0.2085 -0.2085 -0.2085 -0.2085 -0.2085 -0.2085 -0.2183 -0.2183 -0.2183 -0.2183 -0.2183 -0.2183 -0.2183 -0.2275 -0.2275 -0.2275 -0.2275 -0.2275 -0.2275 -0.2275 -0.2353 0.0351 0.0351 0.0087 -0.0687 
fb3 = -0.1797 -0.2085 -0.2085 -0.2085 -0.2085 -0.2085 -0.2085 -0.2085 -0.2183 -0.2183 -0.2183 -0.2183 -0.2183 -0.2183 -0.2183 -0.2275 -0.2275 -0.2275 -0.2275 -0.2275 -0.2275 -0.2275 -0.2353 0.0351 0.0351 0.0087 -0.0687 
fb4 = -0.1797 -0.2084 -0.2084 -0.2084 -0.2084 -0.2084 -0.2084 -0.2084 -0.2182 -0.2182 -0.2182 -0.2182 -0.2182 -0.2182 -0.2182 -0.2274 -0.2274 -0.2274 -0.2274 -0.2274 -0.2274 -0.2274 -0.2352 0.0361 0.0361 0.0092 -0.0687 
I = 14.9000 9.4000 9.4000 9.4000 9.4000 9.4000 9.4000 9.4000 6.0000 6.0000 6.0000 6.0000 6.0000 6.0000 6.0000 2.0000 2.0000 2.0000 2.0000 2.0000 2.0000 2.0000 -2.0000 26.3541 26.3541 10.0000 4.4437 
S1 = 0.0000 0.0000 0.0000 0.0000 0.0000 0.0000 0.0000 0.0000 0.0000 0.0000 0.0000 0.0000 0.0000 0.0000 0.0000 0.0000 0.0000 0.0000 0.0000 0.0000 0.0000 0.0000 0.0000 0.0000 0.0000 0.0000 0.0000 
S2 = 0.0000 0.0000 0.0000 0.0000 0.0000 0.0000 0.0000 0.0000 0.0000 0.0000 0.0000 0.0000 0.0000 0.0000 0.0000 0.0000 0.0000 0.0000 0.0000 0.0000 0.0000 0.0000 0.0000 2.3541 2.3541 0.0000 15.4437 
u = 8.0255 7.8489 7.8489 7.8489 7.8489 7.8489 7.8489 7.8489 7.7723 7.7723 7.7723 7.7723 7.7723 7.7723 7.7723 7.6958 7.6958 7.6958 7.6958 7.6958 7.6958 7.6958 7.6288 11.3137 11.3137 11.9825 9.1272 
v = 35.3322 26.3849 26.3849 26.3849 26.3849 26.3849 26.3849 26.3849 23.1665 23.1665 23.1665 23.1665 23.1665 23.1665 23.1665 20.0980 20.0980 20.0980 20.0980 20.0980 20.0980 20.0980 17.4819 65.5979 65.5979 62.2156 28.4658 
