ExternalI = 5.5000 0.0000 0.0000 0.0000 0.0000 0.0000 0.0000 0.0000 4.0000 4.0000 4.0000 4.0000 4.0000 4.0000 4.0000 0.0000 0.0000 0.0000 0.0000 0.0000 0.0000 0.0000 0.0000 8.0000 8.0000 0.0000 0.0000 
before u = 8.0255 7.8489 7.8489 7.8489 7.8489 7.8489 7.8489 7.8489 7.7723 7.7723 7.7723 7.7723 7.7723 7.7723 7.7723 7.6958 7.6958 7.6958 7.6958 7.6958 7.6958 7.6958 7.6288 11.3137 11.3137 11.9825 9.1272 
before v = 35.3322 26.3849 26.3849 26.3849 26.3849 26.3849 26.3849 26.3849 23.1665 23.1665 23.1665 23.1665 23.1665 23.1665 23.1665 20.0980 20.0980 20.0980 20.0980 20.0980 20.0980 20.0980 17.4819 65.5979 65.5979 62.2156 28.4658 
Ibias = 9.4000 9.4000 9.4000 9.4000 9.4000 9.4000 9.4000 9.4000 2.0000 2.0000 2.0000 2.0000 2.0000 2.0000 2.0000 2.0000 2.0000 2.0000 2.0000 2.0000 2.0000 2.0000 -2.0000 16.0000 16.0000 10.0000 -11.0000 
fa1 = 0.8125 0.2429 0.2429 0.2429 0.2429 0.2429 0.2429 0.2429 0.1957 0.1957 0.1957 0.1957 0.1957 0.1957 0.1957 0.1674 0.1674 0.1674 0.1674 0.1674 0.1674 0.1674 0.1501 50.3655 50.3655 26.2020 2.3003 
fa2 = 0.8127 0.2429 0.2429 0.2429 0.2429 0.2429 0.2429 0.2429 0.1957 0.1957 0.1957 0.1957 0.1957 0.1957 0.1957 0.1674 0.1674 0.1674 0.1674 0.1674 0.1674 0.1674 0.1501 50.9339 50.9339 26.4617 2.2924 
fa3 = 0.8127 0.2429 0.2429 0.2429 0.2429 0.2429 0.2429 0.2429 0.1957 0.1957 0.1957 0.1957 0.1957 0.1957 0.1957 0.1674 0.1674 0.1674 0.1674 0.1674 0.1674 0.1674 0.1501 50.9403 50.9403 26.4642 2.2924 
fa4 = 0.8128 0.2428 0.2428 0.2428 0.2428 0.2428 0.2428 0.2428 0.1956 0.1956 0.1956 0.1956 0.1956 0.1956 0.1956 0.1673 0.1673 0.1673 0.1673 0.1673 0.1673 0.1673 0.1501 51.5205 51.5205 26.7280 2.2845 
fb1 = -0.1797 -0.2084 -0.2084 -0.2084 -0.2084 -0.2084 -0.2084 -0.2084 -0.2182 -0.2182 -0.2182 -0.2182 -0.2182 -0.2182 -0.2182 -0.2274 -0.2274 -0.2274 -0.2274 -0.2274 -0.2274 -0.2274 -0.2352 0.0361 0.0361 0.0092 -0.0687 
fb2 = -0.1796 -0.2084 -0.2084 -0.2084 -0.2084 -0.2084 -0.2084 -0.2084 -0.2182 -0.2182 -0.2182 -0.2182 -0.2182 -0.2182 -0.2182 -0.2274 -0.2274 -0.2274 -0.2274 -0.2274 -0.2274 -0.2274 -0.2352 0.0371 0.0371 0.0097 -0.0686 
fb3 = -0.1796 -0.2084 -0.2084 -0.2084 -0.2084 -0.2084 -0.2084 -0.2084 -0.2182 -0.2182 -0.2182 -0.2182 -0.2182 -0.2182 -0.2182 -0.2274 -0.2274 -0.2274 -0.2274 -0.2274 -0.2274 -0.2274 -0.2352 0.0371 0.0371 0.0097 -0.0686 
fb4 = -0.1796 -0.2083 -0.2083 -0.2083 -0.2083 -0.2083 -0.2083 -0.2083 -0.2181 -0.2181 -0.2181 -0.2181 -0.2181 -0.2181 -0.2181 -0.2273 -0.2273 -0.2273 -0.2273 -0.2273 -0.2273 -0.2273 -0.2351 0.0381 0.0381 0.0103 -0.0686 
I = 14.9000 9.4000 9.4000 9.4000 9.4000 9.4000 9.4000 9.4000 6.0000 6.0000 6.0000 6.0000 6.0000 6.0000 6.0000 2.0000 2.0000 2.0000 2.0000 2.0000 2.0000 2.0000 -2.0000 26.3494 26.3494 10.0000 4.4128 
S1 = 0.0000 0.0000 0.0000 0.0000 0.0000 0.0000 0.0000 0.0000 0.0000 0.0000 0.0000 0.0000 0.0000 0.0000 0.0000 0.0000 0.0000 0.0000 0.0000 0.0000 0.0000 0.0000 0.0000 0.0000 0.0000 0.0000 0.0000 
S2 = 0.0000 0.0000 0.0000 0.0000 0.0000 0.0000 0.0000 0.0000 0.0000 0.0000 0.0000 0.0000 0.0000 0.0000 0.0000 0.0000 0.0000 0.0000 0.0000 0.0000 0.0000 0.0000 0.0000 2.3494 2.3494 0.0000 15.4128 
u = 8.0237 7.8468 7.8468 7.8468 7.8468 7.8468 7.8468 7.8468 7.7701 7.7701 7.7701 7.7701 7.7701 7.7701 7.7701 7.6935 7.6935 7.6935 7.6935 7.6935 7.6935 7.6935 7.6264 11.3141 11.3141 11.9826 9.1265 
v = 35.3403 26.3873 26.3873 26.3873 26.3873 26.3873 26.3873 26.3873 23.1685 23.1685 23.1685 23.1685 23.1685 23.1685 23.1685 20.0997 20.0997 20.0997 20.0997 20.0997 20.0997 20.0997 17.4834 66.1073 66.1073 62.4803 28.4887 
