ExternalI = 5.5000 0.0000 0.0000 0.0000 0.0000 0.0000 0.0000 0.0000 4.0000 4.0000 4.0000 4.0000 4.0000 4.0000 4.0000 0.0000 0.0000 0.0000 0.0000 0.0000 0.0000 0.0000 0.0000 8.0000 8.0000 0.0000 0.0000 
before u = 8.0237 7.8468 7.8468 7.8468 7.8468 7.8468 7.8468 7.8468 7.7701 7.7701 7.7701 7.7701 7.7701 7.7701 7.7701 7.6935 7.6935 7.6935 7.6935 7.6935 7.6935 7.6935 7.6264 11.3141 11.3141 11.9826 9.1265 
before v = 35.3403 26.3873 26.3873 26.3873 26.3873 26.3873 26.3873 26.3873 23.1685 23.1685 23.1685 23.1685 23.1685 23.1685 23.1685 20.0997 20.0997 20.0997 20.0997 20.0997 20.0997 20.0997 17.4834 66.1073 66.1073 62.4803 28.4887 
Ibias = 9.4000 9.4000 9.4000 9.4000 9.4000 9.4000 9.4000 9.4000 2.0000 2.0000 2.0000 2.0000 2.0000 2.0000 2.0000 2.0000 2.0000 2.0000 2.0000 2.0000 2.0000 2.0000 -2.0000 16.0000 16.0000 10.0000 -11.0000 
fa1 = 0.8128 0.2428 0.2428 0.2428 0.2428 0.2428 0.2428 0.2428 0.1956 0.1956 0.1956 0.1956 0.1956 0.1956 0.1956 0.1673 0.1673 0.1673 0.1673 0.1673 0.1673 0.1673 0.1501 51.5158 51.5158 26.7279 2.2536 
fa2 = 0.8130 0.2428 0.2428 0.2428 0.2428 0.2428 0.2428 0.2428 0.1956 0.1956 0.1956 0.1956 0.1956 0.1956 0.1956 0.1673 0.1673 0.1673 0.1673 0.1673 0.1673 0.1673 0.1501 52.1078 52.1078 26.9957 2.2459 
fa3 = 0.8130 0.2428 0.2428 0.2428 0.2428 0.2428 0.2428 0.2428 0.1956 0.1956 0.1956 0.1956 0.1956 0.1956 0.1956 0.1673 0.1673 0.1673 0.1673 0.1673 0.1673 0.1673 0.1501 52.1146 52.1146 26.9984 2.2459 
fa4 = 0.8132 0.2428 0.2428 0.2428 0.2428 0.2428 0.2428 0.2428 0.1956 0.1956 0.1956 0.1956 0.1956 0.1956 0.1956 0.1673 0.1673 0.1673 0.1673 0.1673 0.1673 0.1673 0.1500 52.7190 52.7190 27.2703 2.2382 
fb1 = -0.1796 -0.2083 -0.2083 -0.2083 -0.2083 -0.2083 -0.2083 -0.2083 -0.2181 -0.2181 -0.2181 -0.2181 -0.2181 -0.2181 -0.2181 -0.2273 -0.2273 -0.2273 -0.2273 -0.2273 -0.2273 -0.2273 -0.2351 0.0381 0.0381 0.0103 -0.0686 
fb2 = -0.1795 -0.2083 -0.2083 -0.2083 -0.2083 -0.2083 -0.2083 -0.2083 -0.2181 -0.2181 -0.2181 -0.2181 -0.2181 -0.2181 -0.2181 -0.2273 -0.2273 -0.2273 -0.2273 -0.2273 -0.2273 -0.2273 -0.2351 0.0392 0.0392 0.0108 -0.0685 
fb3 = -0.1795 -0.2083 -0.2083 -0.2083 -0.2083 -0.2083 -0.2083 -0.2083 -0.2181 -0.2181 -0.2181 -0.2181 -0.2181 -0.2181 -0.2181 -0.2273 -0.2273 -0.2273 -0.2273 -0.2273 -0.2273 -0.2273 -0.2351 0.0392 0.0392 0.0108 -0.0685 
fb4 = -0.1795 -0.2082 -0.2082 -0.2082 -0.2082 -0.2082 -0.2082 -0.2082 -0.2180 -0.2180 -0.2180 -0.2180 -0.2180 -0.2180 -0.2180 -0.2272 -0.2272 -0.2272 -0.2272 -0.2272 -0.2272 -0.2272 -0.2350 0.0402 0.0402 0.0113 -0.0685 
I = 14.9000 9.4000 9.4000 9.4000 9.4000 9.4000 9.4000 9.4000 6.0000 6.0000 6.0000 6.0000 6.0000 6.0000 6.0000 2.0000 2.0000 2.0000 2.0000 2.0000 2.0000 2.0000 -2.0000 26.3447 26.3447 10.0000 4.3820 
S1 = 0.0000 0.0000 0.0000 0.0000 0.0000 0.0000 0.0000 0.0000 0.0000 0.0000 0.0000 0.0000 0.0000 0.0000 0.0000 0.0000 0.0000 0.0000 0.0000 0.0000 0.0000 0.0000 0.0000 0.0000 0.0000 0.0000 0.0000 
S2 = 0.0000 0.0000 0.0000 0.0000 0.0000 0.0000 0.0000 0.0000 0.0000 0.0000 0.0000 0.0000 0.0000 0.0000 0.0000 0.0000 0.0000 0.0000 0.0000 0.0000 0.0000 0.0000 0.0000 2.3447 2.3447 0.0000 15.3820 
u = 8.0219 7.8447 7.8447 7.8447 7.8447 7.8447 7.8447 7.8447 7.7679 7.7679 7.7679 7.7679 7.7679 7.7679 7.7679 7.6912 7.6912 7.6912 7.6912 7.6912 7.6912 7.6912 7.6241 11.3145 11.3145 11.9827 9.1258 
v = 35.3484 26.3898 26.3898 26.3898 26.3898 26.3898 26.3898 26.3898 23.1704 23.1704 23.1704 23.1704 23.1704 23.1704 23.1704 20.1014 20.1014 20.1014 20.1014 20.1014 20.1014 20.1014 17.4849 66.6285 66.6285 62.7502 28.5112 
