ExternalI = 5.5000 0.0000 0.0000 0.0000 0.0000 0.0000 0.0000 0.0000 4.0000 4.0000 4.0000 4.0000 4.0000 4.0000 4.0000 0.0000 0.0000 0.0000 0.0000 0.0000 0.0000 0.0000 0.0000 8.0000 8.0000 0.0000 0.0000 
before u = 8.0219 7.8447 7.8447 7.8447 7.8447 7.8447 7.8447 7.8447 7.7679 7.7679 7.7679 7.7679 7.7679 7.7679 7.7679 7.6912 7.6912 7.6912 7.6912 7.6912 7.6912 7.6912 7.6241 11.3145 11.3145 11.9827 9.1258 
before v = 35.3484 26.3898 26.3898 26.3898 26.3898 26.3898 26.3898 26.3898 23.1704 23.1704 23.1704 23.1704 23.1704 23.1704 23.1704 20.1014 20.1014 20.1014 20.1014 20.1014 20.1014 20.1014 17.4849 66.6285 66.6285 62.7502 28.5112 
Ibias = 9.4000 9.4000 9.4000 9.4000 9.4000 9.4000 9.4000 9.4000 2.0000 2.0000 2.0000 2.0000 2.0000 2.0000 2.0000 2.0000 2.0000 2.0000 2.0000 2.0000 2.0000 2.0000 -2.0000 16.0000 16.0000 10.0000 -11.0000 
fa1 = 0.8132 0.2428 0.2428 0.2428 0.2428 0.2428 0.2428 0.2428 0.1956 0.1956 0.1956 0.1956 0.1956 0.1956 0.1956 0.1673 0.1673 0.1673 0.1673 0.1673 0.1673 0.1673 0.1500 52.7142 52.7142 27.2703 2.2074 
fa2 = 0.8134 0.2427 0.2427 0.2427 0.2427 0.2427 0.2427 0.2427 0.1955 0.1955 0.1955 0.1955 0.1955 0.1955 0.1955 0.1672 0.1672 0.1672 0.1672 0.1672 0.1672 0.1672 0.1500 53.3310 53.3310 27.5464 2.1998 
fa3 = 0.8134 0.2427 0.2427 0.2427 0.2427 0.2427 0.2427 0.2427 0.1955 0.1955 0.1955 0.1955 0.1955 0.1955 0.1955 0.1672 0.1672 0.1672 0.1672 0.1672 0.1672 0.1672 0.1500 53.3383 53.3383 27.5492 2.1998 
fa4 = 0.8136 0.2427 0.2427 0.2427 0.2427 0.2427 0.2427 0.2427 0.1955 0.1955 0.1955 0.1955 0.1955 0.1955 0.1955 0.1672 0.1672 0.1672 0.1672 0.1672 0.1672 0.1672 0.1500 53.9681 53.9681 27.8297 2.1923 
fb1 = -0.1795 -0.2082 -0.2082 -0.2082 -0.2082 -0.2082 -0.2082 -0.2082 -0.2180 -0.2180 -0.2180 -0.2180 -0.2180 -0.2180 -0.2180 -0.2272 -0.2272 -0.2272 -0.2272 -0.2272 -0.2272 -0.2272 -0.2350 0.0402 0.0402 0.0113 -0.0685 
fb2 = -0.1794 -0.2082 -0.2082 -0.2082 -0.2082 -0.2082 -0.2082 -0.2082 -0.2180 -0.2180 -0.2180 -0.2180 -0.2180 -0.2180 -0.2180 -0.2272 -0.2272 -0.2272 -0.2272 -0.2272 -0.2272 -0.2272 -0.2350 0.0413 0.0413 0.0119 -0.0684 
fb3 = -0.1794 -0.2082 -0.2082 -0.2082 -0.2082 -0.2082 -0.2082 -0.2082 -0.2180 -0.2180 -0.2180 -0.2180 -0.2180 -0.2180 -0.2180 -0.2272 -0.2272 -0.2272 -0.2272 -0.2272 -0.2272 -0.2272 -0.2350 0.0413 0.0413 0.0119 -0.0684 
fb4 = -0.1794 -0.2081 -0.2081 -0.2081 -0.2081 -0.2081 -0.2081 -0.2081 -0.2179 -0.2179 -0.2179 -0.2179 -0.2179 -0.2179 -0.2179 -0.2271 -0.2271 -0.2271 -0.2271 -0.2271 -0.2271 -0.2271 -0.2349 0.0424 0.0424 0.0124 -0.0684 
I = 14.9000 9.4000 9.4000 9.4000 9.4000 9.4000 9.4000 9.4000 6.0000 6.0000 6.0000 6.0000 6.0000 6.0000 6.0000 2.0000 2.0000 2.0000 2.0000 2.0000 2.0000 2.0000 -2.0000 26.3400 26.3400 10.0000 4.3512 
S1 = 0.0000 0.0000 0.0000 0.0000 0.0000 0.0000 0.0000 0.0000 0.0000 0.0000 0.0000 0.0000 0.0000 0.0000 0.0000 0.0000 0.0000 0.0000 0.0000 0.0000 0.0000 0.0000 0.0000 0.0000 0.0000 0.0000 0.0000 
S2 = 0.0000 0.0000 0.0000 0.0000 0.0000 0.0000 0.0000 0.0000 0.0000 0.0000 0.0000 0.0000 0.0000 0.0000 0.0000 0.0000 0.0000 0.0000 0.0000 0.0000 0.0000 0.0000 0.0000 2.3400 2.3400 0.0000 15.3512 
u = 8.0201 7.8426 7.8426 7.8426 7.8426 7.8426 7.8426 7.8426 7.7657 7.7657 7.7657 7.7657 7.7657 7.7657 7.7657 7.6890 7.6890 7.6890 7.6890 7.6890 7.6890 7.6890 7.6217 11.3149 11.3149 11.9828 9.1251 
v = 35.3566 26.3922 26.3922 26.3922 26.3922 26.3922 26.3922 26.3922 23.1724 23.1724 23.1724 23.1724 23.1724 23.1724 23.1724 20.1030 20.1030 20.1030 20.1030 20.1030 20.1030 20.1030 17.4864 67.1618 67.1618 63.0257 28.5332 
