ExternalI = 5.5000 0.0000 0.0000 0.0000 0.0000 0.0000 0.0000 0.0000 4.0000 4.0000 4.0000 4.0000 4.0000 4.0000 4.0000 0.0000 0.0000 0.0000 0.0000 0.0000 0.0000 0.0000 0.0000 8.0000 8.0000 0.0000 0.0000 
before u = 8.0201 7.8426 7.8426 7.8426 7.8426 7.8426 7.8426 7.8426 7.7657 7.7657 7.7657 7.7657 7.7657 7.7657 7.7657 7.6890 7.6890 7.6890 7.6890 7.6890 7.6890 7.6890 7.6217 11.3149 11.3149 11.9828 9.1251 
before v = 35.3566 26.3922 26.3922 26.3922 26.3922 26.3922 26.3922 26.3922 23.1724 23.1724 23.1724 23.1724 23.1724 23.1724 23.1724 20.1030 20.1030 20.1030 20.1030 20.1030 20.1030 20.1030 17.4864 67.1618 67.1618 63.0257 28.5332 
Ibias = 9.4000 9.4000 9.4000 9.4000 9.4000 9.4000 9.4000 9.4000 2.0000 2.0000 2.0000 2.0000 2.0000 2.0000 2.0000 2.0000 2.0000 2.0000 2.0000 2.0000 2.0000 2.0000 -2.0000 16.0000 16.0000 10.0000 -11.0000 
fa1 = 0.8136 0.2427 0.2427 0.2427 0.2427 0.2427 0.2427 0.2427 0.1955 0.1955 0.1955 0.1955 0.1955 0.1955 0.1955 0.1672 0.1672 0.1672 0.1672 0.1672 0.1672 0.1672 0.1500 53.9634 53.9634 27.8297 2.1616 
fa2 = 0.8138 0.2427 0.2427 0.2427 0.2427 0.2427 0.2427 0.2427 0.1955 0.1955 0.1955 0.1955 0.1955 0.1955 0.1955 0.1672 0.1672 0.1672 0.1672 0.1672 0.1672 0.1672 0.1500 54.6064 54.6064 28.1145 2.1542 
fa3 = 0.8138 0.2427 0.2427 0.2427 0.2427 0.2427 0.2427 0.2427 0.1955 0.1955 0.1955 0.1955 0.1955 0.1955 0.1955 0.1672 0.1672 0.1672 0.1672 0.1672 0.1672 0.1672 0.1500 54.6141 54.6141 28.1175 2.1542 
fa4 = 0.8140 0.2426 0.2426 0.2426 0.2426 0.2426 0.2426 0.2426 0.1954 0.1954 0.1954 0.1954 0.1954 0.1954 0.1954 0.1672 0.1672 0.1672 0.1672 0.1672 0.1672 0.1672 0.1499 55.2709 55.2709 28.4069 2.1468 
fb1 = -0.1794 -0.2081 -0.2081 -0.2081 -0.2081 -0.2081 -0.2081 -0.2081 -0.2179 -0.2179 -0.2179 -0.2179 -0.2179 -0.2179 -0.2179 -0.2271 -0.2271 -0.2271 -0.2271 -0.2271 -0.2271 -0.2271 -0.2349 0.0423 0.0423 0.0124 -0.0684 
fb2 = -0.1793 -0.2081 -0.2081 -0.2081 -0.2081 -0.2081 -0.2081 -0.2081 -0.2179 -0.2179 -0.2179 -0.2179 -0.2179 -0.2179 -0.2179 -0.2271 -0.2271 -0.2271 -0.2271 -0.2271 -0.2271 -0.2271 -0.2349 0.0434 0.0434 0.0130 -0.0683 
fb3 = -0.1793 -0.2081 -0.2081 -0.2081 -0.2081 -0.2081 -0.2081 -0.2081 -0.2179 -0.2179 -0.2179 -0.2179 -0.2179 -0.2179 -0.2179 -0.2271 -0.2271 -0.2271 -0.2271 -0.2271 -0.2271 -0.2271 -0.2349 0.0434 0.0434 0.0130 -0.0683 
fb4 = -0.1793 -0.2080 -0.2080 -0.2080 -0.2080 -0.2080 -0.2080 -0.2080 -0.2178 -0.2178 -0.2178 -0.2178 -0.2178 -0.2178 -0.2178 -0.2270 -0.2270 -0.2270 -0.2270 -0.2270 -0.2270 -0.2270 -0.2348 0.0445 0.0445 0.0136 -0.0683 
I = 14.9000 9.4000 9.4000 9.4000 9.4000 9.4000 9.4000 9.4000 6.0000 6.0000 6.0000 6.0000 6.0000 6.0000 6.0000 2.0000 2.0000 2.0000 2.0000 2.0000 2.0000 2.0000 -2.0000 26.3353 26.3353 10.0000 4.3205 
S1 = 0.0000 0.0000 0.0000 0.0000 0.0000 0.0000 0.0000 0.0000 0.0000 0.0000 0.0000 0.0000 0.0000 0.0000 0.0000 0.0000 0.0000 0.0000 0.0000 0.0000 0.0000 0.0000 0.0000 0.0000 0.0000 0.0000 0.0000 
S2 = 0.0000 0.0000 0.0000 0.0000 0.0000 0.0000 0.0000 0.0000 0.0000 0.0000 0.0000 0.0000 0.0000 0.0000 0.0000 0.0000 0.0000 0.0000 0.0000 0.0000 0.0000 0.0000 0.0000 2.3353 2.3353 0.0000 15.3205 
u = 8.0183 7.8406 7.8406 7.8406 7.8406 7.8406 7.8406 7.8406 7.7635 7.7635 7.7635 7.7635 7.7635 7.7635 7.7635 7.6867 7.6867 7.6867 7.6867 7.6867 7.6867 7.6867 7.6194 11.3153 11.3153 11.9830 9.1244 
v = 35.3647 26.3946 26.3946 26.3946 26.3946 26.3946 26.3946 26.3946 23.1743 23.1743 23.1743 23.1743 23.1743 23.1743 23.1743 20.1047 20.1047 20.1047 20.1047 20.1047 20.1047 20.1047 17.4879 67.7080 67.7080 63.3069 28.5547 
