ExternalI = 5.5000 0.0000 0.0000 0.0000 0.0000 0.0000 0.0000 0.0000 4.0000 4.0000 4.0000 4.0000 4.0000 4.0000 4.0000 0.0000 0.0000 0.0000 0.0000 0.0000 0.0000 0.0000 0.0000 8.0000 8.0000 0.0000 0.0000 
before u = 9.7311 9.7261 9.7261 9.7261 9.7261 9.7261 9.7261 9.7261 9.7230 9.7230 9.7230 9.7230 9.7230 9.7230 9.7230 9.7195 9.7195 9.7195 9.7195 9.7195 9.7195 9.7195 9.7161 9.9120 9.9120 10.1984 9.8795 
before v = 22.5399 19.9126 19.9126 19.9126 19.9126 19.9126 19.9126 19.9126 18.3558 18.3558 18.3558 18.3558 18.3558 18.3558 18.3558 16.5849 16.5849 16.5849 16.5849 16.5849 16.5849 16.5849 14.8751 32.8732 32.8732 73.3743 15.6291 
Ibias = 9.4000 9.4000 9.4000 9.4000 9.4000 9.4000 9.4000 9.4000 2.0000 2.0000 2.0000 2.0000 2.0000 2.0000 2.0000 2.0000 2.0000 2.0000 2.0000 2.0000 2.0000 2.0000 -2.0000 16.0000 16.0000 10.0000 -11.0000 
fa1 = 7.8711 5.7966 5.7966 5.7966 5.7966 5.7966 5.7966 5.7966 4.6870 4.6870 4.6870 4.6870 4.6870 4.6870 4.6870 3.5282 3.5282 3.5282 3.5282 3.5282 3.5282 3.5282 2.5093 18.6943 18.6943 55.0303 3.4025 
fa2 = 7.8256 5.7574 5.7574 5.7574 5.7574 5.7574 5.7574 5.7574 4.6527 4.6527 4.6527 4.6527 4.6527 4.6527 4.6527 3.5003 3.5003 3.5003 3.5003 3.5003 3.5003 3.5003 2.4883 18.6604 18.6604 55.8226 3.3734 
fa3 = 7.8259 5.7576 5.7576 5.7576 5.7576 5.7576 5.7576 5.7576 4.6530 4.6530 4.6530 4.6530 4.6530 4.6530 4.6530 3.5005 3.5005 3.5005 3.5005 3.5005 3.5005 3.5005 2.4885 18.6604 18.6604 55.8340 3.3737 
fa4 = 7.7807 5.7188 5.7188 5.7188 5.7188 5.7188 5.7188 5.7188 4.6190 4.6190 4.6190 4.6190 4.6190 4.6190 4.6190 3.4729 3.4729 3.4729 3.4729 3.4729 3.4729 3.4729 2.4676 18.6273 18.6273 56.6443 3.3449 
fb1 = -0.2991 -0.3094 -0.3094 -0.3094 -0.3094 -0.3094 -0.3094 -0.3094 -0.3155 -0.3155 -0.3155 -0.3155 -0.3155 -0.3155 -0.3155 -0.3224 -0.3224 -0.3224 -0.3224 -0.3224 -0.3224 -0.3224 -0.3291 -0.0667 -0.0667 0.0895 -0.1351 
fb2 = -0.2989 -0.3092 -0.3092 -0.3092 -0.3092 -0.3092 -0.3092 -0.3092 -0.3153 -0.3153 -0.3153 -0.3153 -0.3153 -0.3153 -0.3153 -0.3223 -0.3223 -0.3223 -0.3223 -0.3223 -0.3223 -0.3223 -0.3290 -0.0664 -0.0664 0.0906 -0.1350 
fb3 = -0.2989 -0.3092 -0.3092 -0.3092 -0.3092 -0.3092 -0.3092 -0.3092 -0.3153 -0.3153 -0.3153 -0.3153 -0.3153 -0.3153 -0.3153 -0.3223 -0.3223 -0.3223 -0.3223 -0.3223 -0.3223 -0.3223 -0.3290 -0.0664 -0.0664 0.0906 -0.1350 
fb4 = -0.2987 -0.3090 -0.3090 -0.3090 -0.3090 -0.3090 -0.3090 -0.3090 -0.3152 -0.3152 -0.3152 -0.3152 -0.3152 -0.3152 -0.3152 -0.3222 -0.3222 -0.3222 -0.3222 -0.3222 -0.3222 -0.3222 -0.3289 -0.0660 -0.0660 0.0917 -0.1349 
I = 14.9000 9.4000 9.4000 9.4000 9.4000 9.4000 9.4000 9.4000 6.0000 6.0000 6.0000 6.0000 6.0000 6.0000 6.0000 2.0000 2.0000 2.0000 2.0000 2.0000 2.0000 2.0000 -2.0000 24.0000 24.0000 10.0000 -9.6015 
S1 = 0.0000 0.0000 0.0000 0.0000 0.0000 0.0000 0.0000 0.0000 0.0000 0.0000 0.0000 0.0000 0.0000 0.0000 0.0000 0.0000 0.0000 0.0000 0.0000 0.0000 0.0000 0.0000 0.0000 0.0000 0.0000 0.0000 0.0000 
S2 = 0.0000 0.0000 0.0000 0.0000 0.0000 0.0000 0.0000 0.0000 0.0000 0.0000 0.0000 0.0000 0.0000 0.0000 0.0000 0.0000 0.0000 0.0000 0.0000 0.0000 0.0000 0.0000 0.0000 0.0000 0.0000 0.0000 1.3985 
u = 9.7281 9.7230 9.7230 9.7230 9.7230 9.7230 9.7230 9.7230 9.7199 9.7199 9.7199 9.7199 9.7199 9.7199 9.7199 9.7163 9.7163 9.7163 9.7163 9.7163 9.7163 9.7163 9.7128 9.9114 9.9114 10.1993 9.8781 
v = 22.6181 19.9702 19.9702 19.9702 19.9702 19.9702 19.9702 19.9702 18.4023 18.4023 18.4023 18.4023 18.4023 18.4023 18.4023 16.6199 16.6199 16.6199 16.6199 16.6199 16.6199 16.6199 14.9000 33.0598 33.0598 73.9327 15.6628 
