ExternalI = 5.5000 0.0000 0.0000 0.0000 0.0000 0.0000 0.0000 0.0000 4.0000 4.0000 4.0000 4.0000 4.0000 4.0000 4.0000 0.0000 0.0000 0.0000 0.0000 0.0000 0.0000 0.0000 0.0000 8.0000 8.0000 0.0000 0.0000 
before u = 8.0183 7.8406 7.8406 7.8406 7.8406 7.8406 7.8406 7.8406 7.7635 7.7635 7.7635 7.7635 7.7635 7.7635 7.7635 7.6867 7.6867 7.6867 7.6867 7.6867 7.6867 7.6867 7.6194 11.3153 11.3153 11.9830 9.1244 
before v = 35.3647 26.3946 26.3946 26.3946 26.3946 26.3946 26.3946 26.3946 23.1743 23.1743 23.1743 23.1743 23.1743 23.1743 23.1743 20.1047 20.1047 20.1047 20.1047 20.1047 20.1047 20.1047 17.4879 67.7080 67.7080 63.3069 28.5547 
Ibias = 9.4000 9.4000 9.4000 9.4000 9.4000 9.4000 9.4000 9.4000 2.0000 2.0000 2.0000 2.0000 2.0000 2.0000 2.0000 2.0000 2.0000 2.0000 2.0000 2.0000 2.0000 2.0000 -2.0000 16.0000 16.0000 10.0000 -11.0000 
fa1 = 0.8140 0.2426 0.2426 0.2426 0.2426 0.2426 0.2426 0.2426 0.1954 0.1954 0.1954 0.1954 0.1954 0.1954 0.1954 0.1672 0.1672 0.1672 0.1672 0.1672 0.1672 0.1672 0.1499 55.2662 55.2662 28.4069 2.1162 
fa2 = 0.8142 0.2426 0.2426 0.2426 0.2426 0.2426 0.2426 0.2426 0.1954 0.1954 0.1954 0.1954 0.1954 0.1954 0.1954 0.1671 0.1671 0.1671 0.1671 0.1671 0.1671 0.1671 0.1499 55.9368 55.9368 28.7009 2.1090 
fa3 = 0.8142 0.2426 0.2426 0.2426 0.2426 0.2426 0.2426 0.2426 0.1954 0.1954 0.1954 0.1954 0.1954 0.1954 0.1954 0.1671 0.1671 0.1671 0.1671 0.1671 0.1671 0.1671 0.1499 55.9450 55.9450 28.7039 2.1090 
fa4 = 0.8144 0.2425 0.2425 0.2425 0.2425 0.2425 0.2425 0.2425 0.1954 0.1954 0.1954 0.1954 0.1954 0.1954 0.1954 0.1671 0.1671 0.1671 0.1671 0.1671 0.1671 0.1671 0.1499 56.6302 56.6302 29.0026 2.1018 
fb1 = -0.1793 -0.2080 -0.2080 -0.2080 -0.2080 -0.2080 -0.2080 -0.2080 -0.2178 -0.2178 -0.2178 -0.2178 -0.2178 -0.2178 -0.2178 -0.2270 -0.2270 -0.2270 -0.2270 -0.2270 -0.2270 -0.2270 -0.2348 0.0445 0.0445 0.0136 -0.0683 
fb2 = -0.1792 -0.2080 -0.2080 -0.2080 -0.2080 -0.2080 -0.2080 -0.2080 -0.2178 -0.2178 -0.2178 -0.2178 -0.2178 -0.2178 -0.2178 -0.2270 -0.2270 -0.2270 -0.2270 -0.2270 -0.2270 -0.2270 -0.2348 0.0456 0.0456 0.0141 -0.0682 
fb3 = -0.1792 -0.2080 -0.2080 -0.2080 -0.2080 -0.2080 -0.2080 -0.2080 -0.2178 -0.2178 -0.2178 -0.2178 -0.2178 -0.2178 -0.2178 -0.2270 -0.2270 -0.2270 -0.2270 -0.2270 -0.2270 -0.2270 -0.2348 0.0456 0.0456 0.0141 -0.0682 
fb4 = -0.1792 -0.2080 -0.2080 -0.2080 -0.2080 -0.2080 -0.2080 -0.2080 -0.2177 -0.2177 -0.2177 -0.2177 -0.2177 -0.2177 -0.2177 -0.2270 -0.2270 -0.2270 -0.2270 -0.2270 -0.2270 -0.2270 -0.2347 0.0468 0.0468 0.0147 -0.0682 
I = 14.9000 9.4000 9.4000 9.4000 9.4000 9.4000 9.4000 9.4000 6.0000 6.0000 6.0000 6.0000 6.0000 6.0000 6.0000 2.0000 2.0000 2.0000 2.0000 2.0000 2.0000 2.0000 -2.0000 26.3307 26.3307 10.0000 4.2899 
S1 = 0.0000 0.0000 0.0000 0.0000 0.0000 0.0000 0.0000 0.0000 0.0000 0.0000 0.0000 0.0000 0.0000 0.0000 0.0000 0.0000 0.0000 0.0000 0.0000 0.0000 0.0000 0.0000 0.0000 0.0000 0.0000 0.0000 0.0000 
S2 = 0.0000 0.0000 0.0000 0.0000 0.0000 0.0000 0.0000 0.0000 0.0000 0.0000 0.0000 0.0000 0.0000 0.0000 0.0000 0.0000 0.0000 0.0000 0.0000 0.0000 0.0000 0.0000 0.0000 2.3307 2.3307 0.0000 15.2899 
u = 8.0165 7.8385 7.8385 7.8385 7.8385 7.8385 7.8385 7.8385 7.7614 7.7614 7.7614 7.7614 7.7614 7.7614 7.7614 7.6844 7.6844 7.6844 7.6844 7.6844 7.6844 7.6844 7.6170 11.3158 11.3158 11.9831 9.1238 
v = 35.3729 26.3971 26.3971 26.3971 26.3971 26.3971 26.3971 26.3971 23.1763 23.1763 23.1763 23.1763 23.1763 23.1763 23.1763 20.1064 20.1064 20.1064 20.1064 20.1064 20.1064 20.1064 17.4894 68.2674 68.2674 63.5939 28.5758 
