ExternalI = 5.5000 0.0000 0.0000 0.0000 0.0000 0.0000 0.0000 0.0000 4.0000 4.0000 4.0000 4.0000 4.0000 4.0000 4.0000 0.0000 0.0000 0.0000 0.0000 0.0000 0.0000 0.0000 0.0000 8.0000 8.0000 0.0000 0.0000 
before u = 8.0165 7.8385 7.8385 7.8385 7.8385 7.8385 7.8385 7.8385 7.7614 7.7614 7.7614 7.7614 7.7614 7.7614 7.7614 7.6844 7.6844 7.6844 7.6844 7.6844 7.6844 7.6844 7.6170 11.3158 11.3158 11.9831 9.1238 
before v = 35.3729 26.3971 26.3971 26.3971 26.3971 26.3971 26.3971 26.3971 23.1763 23.1763 23.1763 23.1763 23.1763 23.1763 23.1763 20.1064 20.1064 20.1064 20.1064 20.1064 20.1064 20.1064 17.4894 68.2674 68.2674 63.5939 28.5758 
Ibias = 9.4000 9.4000 9.4000 9.4000 9.4000 9.4000 9.4000 9.4000 2.0000 2.0000 2.0000 2.0000 2.0000 2.0000 2.0000 2.0000 2.0000 2.0000 2.0000 2.0000 2.0000 2.0000 -2.0000 16.0000 16.0000 10.0000 -11.0000 
fa1 = 0.8144 0.2425 0.2425 0.2425 0.2425 0.2425 0.2425 0.2425 0.1954 0.1954 0.1954 0.1954 0.1954 0.1954 0.1954 0.1671 0.1671 0.1671 0.1671 0.1671 0.1671 0.1671 0.1499 56.6255 56.6255 29.0026 2.0712 
fa2 = 0.8146 0.2425 0.2425 0.2425 0.2425 0.2425 0.2425 0.2425 0.1954 0.1954 0.1954 0.1954 0.1954 0.1954 0.1954 0.1671 0.1671 0.1671 0.1671 0.1671 0.1671 0.1671 0.1499 57.3254 57.3254 29.3061 2.0642 
fa3 = 0.8146 0.2425 0.2425 0.2425 0.2425 0.2425 0.2425 0.2425 0.1954 0.1954 0.1954 0.1954 0.1954 0.1954 0.1954 0.1671 0.1671 0.1671 0.1671 0.1671 0.1671 0.1671 0.1499 57.3341 57.3341 29.3093 2.0642 
fa4 = 0.8148 0.2425 0.2425 0.2425 0.2425 0.2425 0.2425 0.2425 0.1953 0.1953 0.1953 0.1953 0.1953 0.1953 0.1953 0.1670 0.1670 0.1670 0.1670 0.1670 0.1670 0.1670 0.1498 58.0494 58.0494 29.6177 2.0572 
fb1 = -0.1792 -0.2080 -0.2080 -0.2080 -0.2080 -0.2080 -0.2080 -0.2080 -0.2177 -0.2177 -0.2177 -0.2177 -0.2177 -0.2177 -0.2177 -0.2270 -0.2270 -0.2270 -0.2270 -0.2270 -0.2270 -0.2270 -0.2347 0.0468 0.0468 0.0147 -0.0682 
fb2 = -0.1791 -0.2079 -0.2079 -0.2079 -0.2079 -0.2079 -0.2079 -0.2079 -0.2177 -0.2177 -0.2177 -0.2177 -0.2177 -0.2177 -0.2177 -0.2269 -0.2269 -0.2269 -0.2269 -0.2269 -0.2269 -0.2269 -0.2347 0.0479 0.0479 0.0153 -0.0681 
fb3 = -0.1791 -0.2079 -0.2079 -0.2079 -0.2079 -0.2079 -0.2079 -0.2079 -0.2177 -0.2177 -0.2177 -0.2177 -0.2177 -0.2177 -0.2177 -0.2269 -0.2269 -0.2269 -0.2269 -0.2269 -0.2269 -0.2269 -0.2347 0.0479 0.0479 0.0153 -0.0681 
fb4 = -0.1791 -0.2079 -0.2079 -0.2079 -0.2079 -0.2079 -0.2079 -0.2079 -0.2177 -0.2177 -0.2177 -0.2177 -0.2177 -0.2177 -0.2177 -0.2269 -0.2269 -0.2269 -0.2269 -0.2269 -0.2269 -0.2269 -0.2346 0.0490 0.0490 0.0159 -0.0681 
I = 14.9000 9.4000 9.4000 9.4000 9.4000 9.4000 9.4000 9.4000 6.0000 6.0000 6.0000 6.0000 6.0000 6.0000 6.0000 2.0000 2.0000 2.0000 2.0000 2.0000 2.0000 2.0000 -2.0000 26.3260 26.3260 10.0000 4.2593 
S1 = 0.0000 0.0000 0.0000 0.0000 0.0000 0.0000 0.0000 0.0000 0.0000 0.0000 0.0000 0.0000 0.0000 0.0000 0.0000 0.0000 0.0000 0.0000 0.0000 0.0000 0.0000 0.0000 0.0000 0.0000 0.0000 0.0000 0.0000 
S2 = 0.0000 0.0000 0.0000 0.0000 0.0000 0.0000 0.0000 0.0000 0.0000 0.0000 0.0000 0.0000 0.0000 0.0000 0.0000 0.0000 0.0000 0.0000 0.0000 0.0000 0.0000 0.0000 0.0000 2.3260 2.3260 0.0000 15.2593 
u = 8.0148 7.8364 7.8364 7.8364 7.8364 7.8364 7.8364 7.8364 7.7592 7.7592 7.7592 7.7592 7.7592 7.7592 7.7592 7.6822 7.6822 7.6822 7.6822 7.6822 7.6822 7.6822 7.6147 11.3162 11.3162 11.9832 9.1231 
v = 35.3810 26.3995 26.3995 26.3995 26.3995 26.3995 26.3995 26.3995 23.1782 23.1782 23.1782 23.1782 23.1782 23.1782 23.1782 20.1081 20.1081 20.1081 20.1081 20.1081 20.1081 20.1081 17.4909 68.8407 68.8407 63.8870 28.5964 
