ExternalI = 5.5000 0.0000 0.0000 0.0000 0.0000 0.0000 0.0000 0.0000 4.0000 4.0000 4.0000 4.0000 4.0000 4.0000 4.0000 0.0000 0.0000 0.0000 0.0000 0.0000 0.0000 0.0000 0.0000 8.0000 8.0000 0.0000 0.0000 
before u = 8.0148 7.8364 7.8364 7.8364 7.8364 7.8364 7.8364 7.8364 7.7592 7.7592 7.7592 7.7592 7.7592 7.7592 7.7592 7.6822 7.6822 7.6822 7.6822 7.6822 7.6822 7.6822 7.6147 11.3162 11.3162 11.9832 9.1231 
before v = 35.3810 26.3995 26.3995 26.3995 26.3995 26.3995 26.3995 26.3995 23.1782 23.1782 23.1782 23.1782 23.1782 23.1782 23.1782 20.1081 20.1081 20.1081 20.1081 20.1081 20.1081 20.1081 17.4909 68.8407 68.8407 63.8870 28.5964 
Ibias = 9.4000 9.4000 9.4000 9.4000 9.4000 9.4000 9.4000 9.4000 2.0000 2.0000 2.0000 2.0000 2.0000 2.0000 2.0000 2.0000 2.0000 2.0000 2.0000 2.0000 2.0000 2.0000 -2.0000 16.0000 16.0000 10.0000 -11.0000 
fa1 = 0.8148 0.2425 0.2425 0.2425 0.2425 0.2425 0.2425 0.2425 0.1953 0.1953 0.1953 0.1953 0.1953 0.1953 0.1953 0.1670 0.1670 0.1670 0.1670 0.1670 0.1670 0.1670 0.1498 58.0447 58.0447 29.6177 2.0266 
fa2 = 0.8151 0.2424 0.2424 0.2424 0.2424 0.2424 0.2424 0.2424 0.1953 0.1953 0.1953 0.1953 0.1953 0.1953 0.1953 0.1670 0.1670 0.1670 0.1670 0.1670 0.1670 0.1670 0.1498 58.7755 58.7755 29.9311 2.0198 
fa3 = 0.8151 0.2424 0.2424 0.2424 0.2424 0.2424 0.2424 0.2424 0.1953 0.1953 0.1953 0.1953 0.1953 0.1953 0.1953 0.1670 0.1670 0.1670 0.1670 0.1670 0.1670 0.1670 0.1498 58.7847 58.7847 29.9345 2.0198 
fa4 = 0.8153 0.2424 0.2424 0.2424 0.2424 0.2424 0.2424 0.2424 0.1953 0.1953 0.1953 0.1953 0.1953 0.1953 0.1953 0.1670 0.1670 0.1670 0.1670 0.1670 0.1670 0.1670 0.1498 59.5319 59.5319 30.2531 2.0130 
fb1 = -0.1791 -0.2079 -0.2079 -0.2079 -0.2079 -0.2079 -0.2079 -0.2079 -0.2177 -0.2177 -0.2177 -0.2177 -0.2177 -0.2177 -0.2177 -0.2269 -0.2269 -0.2269 -0.2269 -0.2269 -0.2269 -0.2269 -0.2346 0.0490 0.0490 0.0159 -0.0681 
fb2 = -0.1790 -0.2078 -0.2078 -0.2078 -0.2078 -0.2078 -0.2078 -0.2078 -0.2176 -0.2176 -0.2176 -0.2176 -0.2176 -0.2176 -0.2176 -0.2268 -0.2268 -0.2268 -0.2268 -0.2268 -0.2268 -0.2268 -0.2346 0.0502 0.0502 0.0165 -0.0680 
fb3 = -0.1790 -0.2078 -0.2078 -0.2078 -0.2078 -0.2078 -0.2078 -0.2078 -0.2176 -0.2176 -0.2176 -0.2176 -0.2176 -0.2176 -0.2176 -0.2268 -0.2268 -0.2268 -0.2268 -0.2268 -0.2268 -0.2268 -0.2346 0.0502 0.0502 0.0165 -0.0680 
fb4 = -0.1790 -0.2078 -0.2078 -0.2078 -0.2078 -0.2078 -0.2078 -0.2078 -0.2176 -0.2176 -0.2176 -0.2176 -0.2176 -0.2176 -0.2176 -0.2268 -0.2268 -0.2268 -0.2268 -0.2268 -0.2268 -0.2268 -0.2345 0.0514 0.0514 0.0171 -0.0680 
I = 14.9000 9.4000 9.4000 9.4000 9.4000 9.4000 9.4000 9.4000 6.0000 6.0000 6.0000 6.0000 6.0000 6.0000 6.0000 2.0000 2.0000 2.0000 2.0000 2.0000 2.0000 2.0000 -2.0000 26.3213 26.3213 10.0000 4.2288 
S1 = 0.0000 0.0000 0.0000 0.0000 0.0000 0.0000 0.0000 0.0000 0.0000 0.0000 0.0000 0.0000 0.0000 0.0000 0.0000 0.0000 0.0000 0.0000 0.0000 0.0000 0.0000 0.0000 0.0000 0.0000 0.0000 0.0000 0.0000 
S2 = 0.0000 0.0000 0.0000 0.0000 0.0000 0.0000 0.0000 0.0000 0.0000 0.0000 0.0000 0.0000 0.0000 0.0000 0.0000 0.0000 0.0000 0.0000 0.0000 0.0000 0.0000 0.0000 0.0000 2.3213 2.3213 0.0000 15.2288 
u = 8.0130 7.8343 7.8343 7.8343 7.8343 7.8343 7.8343 7.8343 7.7570 7.7570 7.7570 7.7570 7.7570 7.7570 7.7570 7.6799 7.6799 7.6799 7.6799 7.6799 7.6799 7.6799 7.6123 11.3167 11.3167 11.9834 9.1224 
v = 35.3892 26.4019 26.4019 26.4019 26.4019 26.4019 26.4019 26.4019 23.1802 23.1802 23.1802 23.1802 23.1802 23.1802 23.1802 20.1097 20.1097 20.1097 20.1097 20.1097 20.1097 20.1097 17.4924 69.4285 69.4285 64.1863 28.6166 
