ExternalI = 5.5000 0.0000 0.0000 0.0000 0.0000 0.0000 0.0000 0.0000 4.0000 4.0000 4.0000 4.0000 4.0000 4.0000 4.0000 0.0000 0.0000 0.0000 0.0000 0.0000 0.0000 0.0000 0.0000 8.0000 8.0000 0.0000 0.0000 
before u = 8.0130 7.8343 7.8343 7.8343 7.8343 7.8343 7.8343 7.8343 7.7570 7.7570 7.7570 7.7570 7.7570 7.7570 7.7570 7.6799 7.6799 7.6799 7.6799 7.6799 7.6799 7.6799 7.6123 11.3167 11.3167 11.9834 9.1224 
before v = 35.3892 26.4019 26.4019 26.4019 26.4019 26.4019 26.4019 26.4019 23.1802 23.1802 23.1802 23.1802 23.1802 23.1802 23.1802 20.1097 20.1097 20.1097 20.1097 20.1097 20.1097 20.1097 17.4924 69.4285 69.4285 64.1863 28.6166 
Ibias = 9.4000 9.4000 9.4000 9.4000 9.4000 9.4000 9.4000 9.4000 2.0000 2.0000 2.0000 2.0000 2.0000 2.0000 2.0000 2.0000 2.0000 2.0000 2.0000 2.0000 2.0000 2.0000 -2.0000 16.0000 16.0000 10.0000 -11.0000 
fa1 = 0.8153 0.2424 0.2424 0.2424 0.2424 0.2424 0.2424 0.2424 0.1953 0.1953 0.1953 0.1953 0.1953 0.1953 0.1953 0.1670 0.1670 0.1670 0.1670 0.1670 0.1670 0.1670 0.1498 59.5272 59.5272 30.2530 1.9825 
fa2 = 0.8155 0.2424 0.2424 0.2424 0.2424 0.2424 0.2424 0.2424 0.1952 0.1952 0.1952 0.1952 0.1952 0.1952 0.1952 0.1670 0.1670 0.1670 0.1670 0.1670 0.1670 0.1670 0.1498 60.2908 60.2908 30.5768 1.9758 
fa3 = 0.8155 0.2424 0.2424 0.2424 0.2424 0.2424 0.2424 0.2424 0.1952 0.1952 0.1952 0.1952 0.1952 0.1952 0.1952 0.1670 0.1670 0.1670 0.1670 0.1670 0.1670 0.1670 0.1498 60.3006 60.3006 30.5803 1.9758 
fa4 = 0.8157 0.2423 0.2423 0.2423 0.2423 0.2423 0.2423 0.2423 0.1952 0.1952 0.1952 0.1952 0.1952 0.1952 0.1952 0.1669 0.1669 0.1669 0.1669 0.1669 0.1669 0.1669 0.1497 61.0815 61.0815 30.9095 1.9692 
fb1 = -0.1790 -0.2078 -0.2078 -0.2078 -0.2078 -0.2078 -0.2078 -0.2078 -0.2176 -0.2176 -0.2176 -0.2176 -0.2176 -0.2176 -0.2176 -0.2268 -0.2268 -0.2268 -0.2268 -0.2268 -0.2268 -0.2268 -0.2345 0.0514 0.0514 0.0171 -0.0680 
fb2 = -0.1789 -0.2077 -0.2077 -0.2077 -0.2077 -0.2077 -0.2077 -0.2077 -0.2175 -0.2175 -0.2175 -0.2175 -0.2175 -0.2175 -0.2175 -0.2267 -0.2267 -0.2267 -0.2267 -0.2267 -0.2267 -0.2267 -0.2345 0.0526 0.0526 0.0177 -0.0679 
fb3 = -0.1789 -0.2077 -0.2077 -0.2077 -0.2077 -0.2077 -0.2077 -0.2077 -0.2175 -0.2175 -0.2175 -0.2175 -0.2175 -0.2175 -0.2175 -0.2267 -0.2267 -0.2267 -0.2267 -0.2267 -0.2267 -0.2267 -0.2345 0.0526 0.0526 0.0177 -0.0679 
fb4 = -0.1789 -0.2077 -0.2077 -0.2077 -0.2077 -0.2077 -0.2077 -0.2077 -0.2175 -0.2175 -0.2175 -0.2175 -0.2175 -0.2175 -0.2175 -0.2267 -0.2267 -0.2267 -0.2267 -0.2267 -0.2267 -0.2267 -0.2344 0.0538 0.0538 0.0183 -0.0679 
I = 14.9000 9.4000 9.4000 9.4000 9.4000 9.4000 9.4000 9.4000 6.0000 6.0000 6.0000 6.0000 6.0000 6.0000 6.0000 2.0000 2.0000 2.0000 2.0000 2.0000 2.0000 2.0000 -2.0000 26.3167 26.3167 10.0000 4.1983 
S1 = 0.0000 0.0000 0.0000 0.0000 0.0000 0.0000 0.0000 0.0000 0.0000 0.0000 0.0000 0.0000 0.0000 0.0000 0.0000 0.0000 0.0000 0.0000 0.0000 0.0000 0.0000 0.0000 0.0000 0.0000 0.0000 0.0000 0.0000 
S2 = 0.0000 0.0000 0.0000 0.0000 0.0000 0.0000 0.0000 0.0000 0.0000 0.0000 0.0000 0.0000 0.0000 0.0000 0.0000 0.0000 0.0000 0.0000 0.0000 0.0000 0.0000 0.0000 0.0000 2.3167 2.3167 0.0000 15.1983 
u = 8.0112 7.8322 7.8322 7.8322 7.8322 7.8322 7.8322 7.8322 7.7548 7.7548 7.7548 7.7548 7.7548 7.7548 7.7548 7.6776 7.6776 7.6776 7.6776 7.6776 7.6776 7.6776 7.6100 11.3173 11.3173 11.9836 9.1217 
v = 35.3973 26.4043 26.4043 26.4043 26.4043 26.4043 26.4043 26.4043 23.1822 23.1822 23.1822 23.1822 23.1822 23.1822 23.1822 20.1114 20.1114 20.1114 20.1114 20.1114 20.1114 20.1114 17.4939 70.0315 70.0315 64.4921 28.6364 
