ExternalI = 5.5000 0.0000 0.0000 0.0000 0.0000 0.0000 0.0000 0.0000 4.0000 4.0000 4.0000 4.0000 4.0000 4.0000 4.0000 0.0000 0.0000 0.0000 0.0000 0.0000 0.0000 0.0000 0.0000 8.0000 8.0000 0.0000 0.0000 
before u = 8.0112 7.8322 7.8322 7.8322 7.8322 7.8322 7.8322 7.8322 7.7548 7.7548 7.7548 7.7548 7.7548 7.7548 7.7548 7.6776 7.6776 7.6776 7.6776 7.6776 7.6776 7.6776 7.6100 11.3173 11.3173 11.9836 9.1217 
before v = 35.3973 26.4043 26.4043 26.4043 26.4043 26.4043 26.4043 26.4043 23.1822 23.1822 23.1822 23.1822 23.1822 23.1822 23.1822 20.1114 20.1114 20.1114 20.1114 20.1114 20.1114 20.1114 17.4939 70.0315 70.0315 64.4921 28.6364 
Ibias = 9.4000 9.4000 9.4000 9.4000 9.4000 9.4000 9.4000 9.4000 2.0000 2.0000 2.0000 2.0000 2.0000 2.0000 2.0000 2.0000 2.0000 2.0000 2.0000 2.0000 2.0000 2.0000 -2.0000 16.0000 16.0000 10.0000 -11.0000 
fa1 = 0.8157 0.2423 0.2423 0.2423 0.2423 0.2423 0.2423 0.2423 0.1952 0.1952 0.1952 0.1952 0.1952 0.1952 0.1952 0.1669 0.1669 0.1669 0.1669 0.1669 0.1669 0.1669 0.1497 61.0768 61.0768 30.9094 1.9388 
fa2 = 0.8159 0.2423 0.2423 0.2423 0.2423 0.2423 0.2423 0.2423 0.1952 0.1952 0.1952 0.1952 0.1952 0.1952 0.1952 0.1669 0.1669 0.1669 0.1669 0.1669 0.1669 0.1669 0.1497 61.8750 61.8750 31.2440 1.9322 
fa3 = 0.8159 0.2423 0.2423 0.2423 0.2423 0.2423 0.2423 0.2423 0.1952 0.1952 0.1952 0.1952 0.1952 0.1952 0.1952 0.1669 0.1669 0.1669 0.1669 0.1669 0.1669 0.1669 0.1497 61.8855 61.8855 31.2477 1.9323 
fa4 = 0.8161 0.2422 0.2422 0.2422 0.2422 0.2422 0.2422 0.2422 0.1951 0.1951 0.1951 0.1951 0.1951 0.1951 0.1951 0.1669 0.1669 0.1669 0.1669 0.1669 0.1669 0.1669 0.1497 62.7022 62.7022 31.5879 1.9257 
fb1 = -0.1789 -0.2077 -0.2077 -0.2077 -0.2077 -0.2077 -0.2077 -0.2077 -0.2175 -0.2175 -0.2175 -0.2175 -0.2175 -0.2175 -0.2175 -0.2267 -0.2267 -0.2267 -0.2267 -0.2267 -0.2267 -0.2267 -0.2344 0.0538 0.0538 0.0183 -0.0679 
fb2 = -0.1788 -0.2076 -0.2076 -0.2076 -0.2076 -0.2076 -0.2076 -0.2076 -0.2174 -0.2174 -0.2174 -0.2174 -0.2174 -0.2174 -0.2174 -0.2266 -0.2266 -0.2266 -0.2266 -0.2266 -0.2266 -0.2266 -0.2344 0.0550 0.0550 0.0189 -0.0678 
fb3 = -0.1788 -0.2076 -0.2076 -0.2076 -0.2076 -0.2076 -0.2076 -0.2076 -0.2174 -0.2174 -0.2174 -0.2174 -0.2174 -0.2174 -0.2174 -0.2266 -0.2266 -0.2266 -0.2266 -0.2266 -0.2266 -0.2266 -0.2344 0.0550 0.0550 0.0189 -0.0678 
fb4 = -0.1788 -0.2076 -0.2076 -0.2076 -0.2076 -0.2076 -0.2076 -0.2076 -0.2174 -0.2174 -0.2174 -0.2174 -0.2174 -0.2174 -0.2174 -0.2266 -0.2266 -0.2266 -0.2266 -0.2266 -0.2266 -0.2266 -0.2343 0.0562 0.0562 0.0195 -0.0678 
I = 14.9000 9.4000 9.4000 9.4000 9.4000 9.4000 9.4000 9.4000 6.0000 6.0000 6.0000 6.0000 6.0000 6.0000 6.0000 2.0000 2.0000 2.0000 2.0000 2.0000 2.0000 2.0000 -2.0000 26.3121 26.3121 10.0000 4.1679 
S1 = 0.0000 0.0000 0.0000 0.0000 0.0000 0.0000 0.0000 0.0000 0.0000 0.0000 0.0000 0.0000 0.0000 0.0000 0.0000 0.0000 0.0000 0.0000 0.0000 0.0000 0.0000 0.0000 0.0000 0.0000 0.0000 0.0000 0.0000 
S2 = 0.0000 0.0000 0.0000 0.0000 0.0000 0.0000 0.0000 0.0000 0.0000 0.0000 0.0000 0.0000 0.0000 0.0000 0.0000 0.0000 0.0000 0.0000 0.0000 0.0000 0.0000 0.0000 0.0000 2.3121 2.3121 0.0000 15.1679 
u = 8.0094 7.8302 7.8302 7.8302 7.8302 7.8302 7.8302 7.8302 7.7527 7.7527 7.7527 7.7527 7.7527 7.7527 7.7527 7.6753 7.6753 7.6753 7.6753 7.6753 7.6753 7.6753 7.6076 11.3178 11.3178 11.9838 9.1210 
v = 35.4055 26.4067 26.4067 26.4067 26.4067 26.4067 26.4067 26.4067 23.1841 23.1841 23.1841 23.1841 23.1841 23.1841 23.1841 20.1131 20.1131 20.1131 20.1131 20.1131 20.1131 20.1131 17.4954 70.6504 70.6504 64.8046 28.6557 
