ExternalI = 5.5000 0.0000 0.0000 0.0000 0.0000 0.0000 0.0000 0.0000 4.0000 4.0000 4.0000 4.0000 4.0000 4.0000 4.0000 0.0000 0.0000 0.0000 0.0000 0.0000 0.0000 0.0000 0.0000 8.0000 8.0000 0.0000 0.0000 
before u = 8.0094 7.8302 7.8302 7.8302 7.8302 7.8302 7.8302 7.8302 7.7527 7.7527 7.7527 7.7527 7.7527 7.7527 7.7527 7.6753 7.6753 7.6753 7.6753 7.6753 7.6753 7.6753 7.6076 11.3178 11.3178 11.9838 9.1210 
before v = 35.4055 26.4067 26.4067 26.4067 26.4067 26.4067 26.4067 26.4067 23.1841 23.1841 23.1841 23.1841 23.1841 23.1841 23.1841 20.1131 20.1131 20.1131 20.1131 20.1131 20.1131 20.1131 17.4954 70.6504 70.6504 64.8046 28.6557 
Ibias = 9.4000 9.4000 9.4000 9.4000 9.4000 9.4000 9.4000 9.4000 2.0000 2.0000 2.0000 2.0000 2.0000 2.0000 2.0000 2.0000 2.0000 2.0000 2.0000 2.0000 2.0000 2.0000 -2.0000 16.0000 16.0000 10.0000 -11.0000 
fa1 = 0.8161 0.2422 0.2422 0.2422 0.2422 0.2422 0.2422 0.2422 0.1951 0.1951 0.1951 0.1951 0.1951 0.1951 0.1951 0.1669 0.1669 0.1669 0.1669 0.1669 0.1669 0.1669 0.1497 62.6975 62.6975 31.5879 1.8954 
fa2 = 0.8163 0.2422 0.2422 0.2422 0.2422 0.2422 0.2422 0.2422 0.1951 0.1951 0.1951 0.1951 0.1951 0.1951 0.1951 0.1669 0.1669 0.1669 0.1669 0.1669 0.1669 0.1669 0.1497 63.5325 63.5325 31.9338 1.8891 
fa3 = 0.8163 0.2422 0.2422 0.2422 0.2422 0.2422 0.2422 0.2422 0.1951 0.1951 0.1951 0.1951 0.1951 0.1951 0.1951 0.1669 0.1669 0.1669 0.1669 0.1669 0.1669 0.1669 0.1497 63.5437 63.5437 31.9376 1.8891 
fa4 = 0.8165 0.2422 0.2422 0.2422 0.2422 0.2422 0.2422 0.2422 0.1951 0.1951 0.1951 0.1951 0.1951 0.1951 0.1951 0.1668 0.1668 0.1668 0.1668 0.1668 0.1668 0.1668 0.1496 64.3983 64.3983 32.2894 1.8827 
fb1 = -0.1788 -0.2076 -0.2076 -0.2076 -0.2076 -0.2076 -0.2076 -0.2076 -0.2174 -0.2174 -0.2174 -0.2174 -0.2174 -0.2174 -0.2174 -0.2266 -0.2266 -0.2266 -0.2266 -0.2266 -0.2266 -0.2266 -0.2343 0.0562 0.0562 0.0195 -0.0678 
fb2 = -0.1787 -0.2075 -0.2075 -0.2075 -0.2075 -0.2075 -0.2075 -0.2075 -0.2173 -0.2173 -0.2173 -0.2173 -0.2173 -0.2173 -0.2173 -0.2265 -0.2265 -0.2265 -0.2265 -0.2265 -0.2265 -0.2265 -0.2343 0.0575 0.0575 0.0202 -0.0678 
fb3 = -0.1787 -0.2075 -0.2075 -0.2075 -0.2075 -0.2075 -0.2075 -0.2075 -0.2173 -0.2173 -0.2173 -0.2173 -0.2173 -0.2173 -0.2173 -0.2265 -0.2265 -0.2265 -0.2265 -0.2265 -0.2265 -0.2265 -0.2343 0.0575 0.0575 0.0202 -0.0678 
fb4 = -0.1786 -0.2075 -0.2075 -0.2075 -0.2075 -0.2075 -0.2075 -0.2075 -0.2173 -0.2173 -0.2173 -0.2173 -0.2173 -0.2173 -0.2173 -0.2265 -0.2265 -0.2265 -0.2265 -0.2265 -0.2265 -0.2265 -0.2342 0.0588 0.0588 0.0208 -0.0677 
I = 14.9000 9.4000 9.4000 9.4000 9.4000 9.4000 9.4000 9.4000 6.0000 6.0000 6.0000 6.0000 6.0000 6.0000 6.0000 2.0000 2.0000 2.0000 2.0000 2.0000 2.0000 2.0000 -2.0000 26.3074 26.3074 10.0000 4.1376 
S1 = 0.0000 0.0000 0.0000 0.0000 0.0000 0.0000 0.0000 0.0000 0.0000 0.0000 0.0000 0.0000 0.0000 0.0000 0.0000 0.0000 0.0000 0.0000 0.0000 0.0000 0.0000 0.0000 0.0000 0.0000 0.0000 0.0000 0.0000 
S2 = 0.0000 0.0000 0.0000 0.0000 0.0000 0.0000 0.0000 0.0000 0.0000 0.0000 0.0000 0.0000 0.0000 0.0000 0.0000 0.0000 0.0000 0.0000 0.0000 0.0000 0.0000 0.0000 0.0000 2.3074 2.3074 0.0000 15.1376 
u = 8.0076 7.8281 7.8281 7.8281 7.8281 7.8281 7.8281 7.8281 7.7505 7.7505 7.7505 7.7505 7.7505 7.7505 7.7505 7.6731 7.6731 7.6731 7.6731 7.6731 7.6731 7.6731 7.6053 11.3184 11.3184 11.9840 9.1204 
v = 35.4136 26.4092 26.4092 26.4092 26.4092 26.4092 26.4092 26.4092 23.1861 23.1861 23.1861 23.1861 23.1861 23.1861 23.1861 20.1147 20.1147 20.1147 20.1147 20.1147 20.1147 20.1147 17.4969 71.2858 71.2858 65.1240 28.6746 
