ExternalI = 5.5000 0.0000 0.0000 0.0000 0.0000 0.0000 0.0000 0.0000 4.0000 4.0000 4.0000 4.0000 4.0000 4.0000 4.0000 0.0000 0.0000 0.0000 0.0000 0.0000 0.0000 0.0000 0.0000 8.0000 8.0000 0.0000 0.0000 
before u = 8.0076 7.8281 7.8281 7.8281 7.8281 7.8281 7.8281 7.8281 7.7505 7.7505 7.7505 7.7505 7.7505 7.7505 7.7505 7.6731 7.6731 7.6731 7.6731 7.6731 7.6731 7.6731 7.6053 11.3184 11.3184 11.9840 9.1204 
before v = 35.4136 26.4092 26.4092 26.4092 26.4092 26.4092 26.4092 26.4092 23.1861 23.1861 23.1861 23.1861 23.1861 23.1861 23.1861 20.1147 20.1147 20.1147 20.1147 20.1147 20.1147 20.1147 17.4969 71.2858 71.2858 65.1240 28.6746 
Ibias = 9.4000 9.4000 9.4000 9.4000 9.4000 9.4000 9.4000 9.4000 2.0000 2.0000 2.0000 2.0000 2.0000 2.0000 2.0000 2.0000 2.0000 2.0000 2.0000 2.0000 2.0000 2.0000 -2.0000 16.0000 16.0000 10.0000 -11.0000 
fa1 = 0.8165 0.2422 0.2422 0.2422 0.2422 0.2422 0.2422 0.2422 0.1951 0.1951 0.1951 0.1951 0.1951 0.1951 0.1951 0.1668 0.1668 0.1668 0.1668 0.1668 0.1668 0.1668 0.1496 64.3936 64.3936 32.2894 1.8525 
fa2 = 0.8167 0.2421 0.2421 0.2421 0.2421 0.2421 0.2421 0.2421 0.1950 0.1950 0.1950 0.1950 0.1950 0.1950 0.1950 0.1668 0.1668 0.1668 0.1668 0.1668 0.1668 0.1668 0.1496 65.2677 65.2677 32.6471 1.8463 
fa3 = 0.8167 0.2421 0.2421 0.2421 0.2421 0.2421 0.2421 0.2421 0.1950 0.1950 0.1950 0.1950 0.1950 0.1950 0.1950 0.1668 0.1668 0.1668 0.1668 0.1668 0.1668 0.1668 0.1496 65.2796 65.2796 32.6511 1.8463 
fa4 = 0.8169 0.2421 0.2421 0.2421 0.2421 0.2421 0.2421 0.2421 0.1950 0.1950 0.1950 0.1950 0.1950 0.1950 0.1950 0.1668 0.1668 0.1668 0.1668 0.1668 0.1668 0.1668 0.1496 66.1744 66.1744 33.0150 1.8401 
fb1 = -0.1786 -0.2075 -0.2075 -0.2075 -0.2075 -0.2075 -0.2075 -0.2075 -0.2173 -0.2173 -0.2173 -0.2173 -0.2173 -0.2173 -0.2173 -0.2265 -0.2265 -0.2265 -0.2265 -0.2265 -0.2265 -0.2265 -0.2342 0.0588 0.0588 0.0208 -0.0677 
fb2 = -0.1786 -0.2074 -0.2074 -0.2074 -0.2074 -0.2074 -0.2074 -0.2074 -0.2172 -0.2172 -0.2172 -0.2172 -0.2172 -0.2172 -0.2172 -0.2264 -0.2264 -0.2264 -0.2264 -0.2264 -0.2264 -0.2264 -0.2342 0.0601 0.0601 0.0215 -0.0677 
fb3 = -0.1786 -0.2074 -0.2074 -0.2074 -0.2074 -0.2074 -0.2074 -0.2074 -0.2172 -0.2172 -0.2172 -0.2172 -0.2172 -0.2172 -0.2172 -0.2264 -0.2264 -0.2264 -0.2264 -0.2264 -0.2264 -0.2264 -0.2342 0.0601 0.0601 0.0215 -0.0677 
fb4 = -0.1785 -0.2074 -0.2074 -0.2074 -0.2074 -0.2074 -0.2074 -0.2074 -0.2172 -0.2172 -0.2172 -0.2172 -0.2172 -0.2172 -0.2172 -0.2264 -0.2264 -0.2264 -0.2264 -0.2264 -0.2264 -0.2264 -0.2341 0.0614 0.0614 0.0221 -0.0676 
I = 14.9000 9.4000 9.4000 9.4000 9.4000 9.4000 9.4000 9.4000 6.0000 6.0000 6.0000 6.0000 6.0000 6.0000 6.0000 2.0000 2.0000 2.0000 2.0000 2.0000 2.0000 2.0000 -2.0000 26.3028 26.3028 10.0000 4.1073 
S1 = 0.0000 0.0000 0.0000 0.0000 0.0000 0.0000 0.0000 0.0000 0.0000 0.0000 0.0000 0.0000 0.0000 0.0000 0.0000 0.0000 0.0000 0.0000 0.0000 0.0000 0.0000 0.0000 0.0000 0.0000 0.0000 0.0000 0.0000 
S2 = 0.0000 0.0000 0.0000 0.0000 0.0000 0.0000 0.0000 0.0000 0.0000 0.0000 0.0000 0.0000 0.0000 0.0000 0.0000 0.0000 0.0000 0.0000 0.0000 0.0000 0.0000 0.0000 0.0000 2.3028 2.3028 0.0000 15.1073 
u = 8.0058 7.8260 7.8260 7.8260 7.8260 7.8260 7.8260 7.8260 7.7483 7.7483 7.7483 7.7483 7.7483 7.7483 7.7483 7.6708 7.6708 7.6708 7.6708 7.6708 7.6708 7.6708 7.6029 11.3190 11.3190 11.9842 9.1197 
v = 35.4218 26.4116 26.4116 26.4116 26.4116 26.4116 26.4116 26.4116 23.1880 23.1880 23.1880 23.1880 23.1880 23.1880 23.1880 20.1164 20.1164 20.1164 20.1164 20.1164 20.1164 20.1164 17.4984 71.9385 71.9385 65.4505 28.6931 
