ExternalI = 5.5000 0.0000 0.0000 0.0000 0.0000 0.0000 0.0000 0.0000 4.0000 4.0000 4.0000 4.0000 4.0000 4.0000 4.0000 0.0000 0.0000 0.0000 0.0000 0.0000 0.0000 0.0000 0.0000 8.0000 8.0000 0.0000 0.0000 
before u = 8.0058 7.8260 7.8260 7.8260 7.8260 7.8260 7.8260 7.8260 7.7483 7.7483 7.7483 7.7483 7.7483 7.7483 7.7483 7.6708 7.6708 7.6708 7.6708 7.6708 7.6708 7.6708 7.6029 11.3190 11.3190 11.9842 9.1197 
before v = 35.4218 26.4116 26.4116 26.4116 26.4116 26.4116 26.4116 26.4116 23.1880 23.1880 23.1880 23.1880 23.1880 23.1880 23.1880 20.1164 20.1164 20.1164 20.1164 20.1164 20.1164 20.1164 17.4984 71.9385 71.9385 65.4505 28.6931 
Ibias = 9.4000 9.4000 9.4000 9.4000 9.4000 9.4000 9.4000 9.4000 2.0000 2.0000 2.0000 2.0000 2.0000 2.0000 2.0000 2.0000 2.0000 2.0000 2.0000 2.0000 2.0000 2.0000 -2.0000 16.0000 16.0000 10.0000 -11.0000 
fa1 = 0.8169 0.2421 0.2421 0.2421 0.2421 0.2421 0.2421 0.2421 0.1950 0.1950 0.1950 0.1950 0.1950 0.1950 0.1950 0.1668 0.1668 0.1668 0.1668 0.1668 0.1668 0.1668 0.1496 66.1698 66.1698 33.0150 1.8099 
fa2 = 0.8172 0.2421 0.2421 0.2421 0.2421 0.2421 0.2421 0.2421 0.1950 0.1950 0.1950 0.1950 0.1950 0.1950 0.1950 0.1667 0.1667 0.1667 0.1667 0.1667 0.1667 0.1667 0.1495 67.0854 67.0854 33.3851 1.8039 
fa3 = 0.8172 0.2421 0.2421 0.2421 0.2421 0.2421 0.2421 0.2421 0.1950 0.1950 0.1950 0.1950 0.1950 0.1950 0.1950 0.1667 0.1667 0.1667 0.1667 0.1667 0.1667 0.1667 0.1495 67.0981 67.0981 33.3892 1.8039 
fa4 = 0.8174 0.2420 0.2420 0.2420 0.2420 0.2420 0.2420 0.2420 0.1950 0.1950 0.1950 0.1950 0.1950 0.1950 0.1950 0.1667 0.1667 0.1667 0.1667 0.1667 0.1667 0.1667 0.1495 68.0358 68.0358 33.7658 1.7979 
fb1 = -0.1785 -0.2074 -0.2074 -0.2074 -0.2074 -0.2074 -0.2074 -0.2074 -0.2172 -0.2172 -0.2172 -0.2172 -0.2172 -0.2172 -0.2172 -0.2264 -0.2264 -0.2264 -0.2264 -0.2264 -0.2264 -0.2264 -0.2341 0.0614 0.0614 0.0221 -0.0676 
fb2 = -0.1785 -0.2073 -0.2073 -0.2073 -0.2073 -0.2073 -0.2073 -0.2073 -0.2171 -0.2171 -0.2171 -0.2171 -0.2171 -0.2171 -0.2171 -0.2263 -0.2263 -0.2263 -0.2263 -0.2263 -0.2263 -0.2263 -0.2341 0.0627 0.0627 0.0228 -0.0676 
fb3 = -0.1785 -0.2073 -0.2073 -0.2073 -0.2073 -0.2073 -0.2073 -0.2073 -0.2171 -0.2171 -0.2171 -0.2171 -0.2171 -0.2171 -0.2171 -0.2263 -0.2263 -0.2263 -0.2263 -0.2263 -0.2263 -0.2263 -0.2341 0.0627 0.0627 0.0228 -0.0676 
fb4 = -0.1784 -0.2073 -0.2073 -0.2073 -0.2073 -0.2073 -0.2073 -0.2073 -0.2171 -0.2171 -0.2171 -0.2171 -0.2171 -0.2171 -0.2171 -0.2263 -0.2263 -0.2263 -0.2263 -0.2263 -0.2263 -0.2263 -0.2340 0.0640 0.0640 0.0234 -0.0675 
I = 14.9000 9.4000 9.4000 9.4000 9.4000 9.4000 9.4000 9.4000 6.0000 6.0000 6.0000 6.0000 6.0000 6.0000 6.0000 2.0000 2.0000 2.0000 2.0000 2.0000 2.0000 2.0000 -2.0000 26.2982 26.2982 10.0000 4.0771 
S1 = 0.0000 0.0000 0.0000 0.0000 0.0000 0.0000 0.0000 0.0000 0.0000 0.0000 0.0000 0.0000 0.0000 0.0000 0.0000 0.0000 0.0000 0.0000 0.0000 0.0000 0.0000 0.0000 0.0000 0.0000 0.0000 0.0000 0.0000 
S2 = 0.0000 0.0000 0.0000 0.0000 0.0000 0.0000 0.0000 0.0000 0.0000 0.0000 0.0000 0.0000 0.0000 0.0000 0.0000 0.0000 0.0000 0.0000 0.0000 0.0000 0.0000 0.0000 0.0000 2.2982 2.2982 0.0000 15.0771 
u = 8.0040 7.8239 7.8239 7.8239 7.8239 7.8239 7.8239 7.8239 7.7461 7.7461 7.7461 7.7461 7.7461 7.7461 7.7461 7.6686 7.6686 7.6686 7.6686 7.6686 7.6686 7.6686 7.6006 11.3196 11.3196 11.9844 9.1190 
v = 35.4300 26.4140 26.4140 26.4140 26.4140 26.4140 26.4140 26.4140 23.1900 23.1900 23.1900 23.1900 23.1900 23.1900 23.1900 20.1181 20.1181 20.1181 20.1181 20.1181 20.1181 20.1181 17.4999 72.6095 72.6095 65.7844 28.7111 
