ExternalI = 5.5000 0.0000 0.0000 0.0000 0.0000 0.0000 0.0000 0.0000 4.0000 4.0000 4.0000 4.0000 4.0000 4.0000 4.0000 0.0000 0.0000 0.0000 0.0000 0.0000 0.0000 0.0000 0.0000 8.0000 8.0000 0.0000 0.0000 
before u = 8.0040 7.8239 7.8239 7.8239 7.8239 7.8239 7.8239 7.8239 7.7461 7.7461 7.7461 7.7461 7.7461 7.7461 7.7461 7.6686 7.6686 7.6686 7.6686 7.6686 7.6686 7.6686 7.6006 11.3196 11.3196 11.9844 9.1190 
before v = 35.4300 26.4140 26.4140 26.4140 26.4140 26.4140 26.4140 26.4140 23.1900 23.1900 23.1900 23.1900 23.1900 23.1900 23.1900 20.1181 20.1181 20.1181 20.1181 20.1181 20.1181 20.1181 17.4999 72.6095 72.6095 65.7844 28.7111 
Ibias = 9.4000 9.4000 9.4000 9.4000 9.4000 9.4000 9.4000 9.4000 2.0000 2.0000 2.0000 2.0000 2.0000 2.0000 2.0000 2.0000 2.0000 2.0000 2.0000 2.0000 2.0000 2.0000 -2.0000 16.0000 16.0000 10.0000 -11.0000 
fa1 = 0.8174 0.2420 0.2420 0.2420 0.2420 0.2420 0.2420 0.2420 0.1950 0.1950 0.1950 0.1950 0.1950 0.1950 0.1950 0.1667 0.1667 0.1667 0.1667 0.1667 0.1667 0.1667 0.1495 68.0311 68.0311 33.7658 1.7677 
fa2 = 0.8176 0.2420 0.2420 0.2420 0.2420 0.2420 0.2420 0.2420 0.1949 0.1949 0.1949 0.1949 0.1949 0.1949 0.1949 0.1667 0.1667 0.1667 0.1667 0.1667 0.1667 0.1667 0.1495 68.9908 68.9908 34.1488 1.7619 
fa3 = 0.8176 0.2420 0.2420 0.2420 0.2420 0.2420 0.2420 0.2420 0.1949 0.1949 0.1949 0.1949 0.1949 0.1949 0.1949 0.1667 0.1667 0.1667 0.1667 0.1667 0.1667 0.1667 0.1495 69.0044 69.0044 34.1532 1.7619 
fa4 = 0.8178 0.2420 0.2420 0.2420 0.2420 0.2420 0.2420 0.2420 0.1949 0.1949 0.1949 0.1949 0.1949 0.1949 0.1949 0.1667 0.1667 0.1667 0.1667 0.1667 0.1667 0.1667 0.1495 69.9876 69.9876 34.5430 1.7560 
fb1 = -0.1784 -0.2073 -0.2073 -0.2073 -0.2073 -0.2073 -0.2073 -0.2073 -0.2171 -0.2171 -0.2171 -0.2171 -0.2171 -0.2171 -0.2171 -0.2263 -0.2263 -0.2263 -0.2263 -0.2263 -0.2263 -0.2263 -0.2340 0.0640 0.0640 0.0234 -0.0675 
fb2 = -0.1784 -0.2073 -0.2073 -0.2073 -0.2073 -0.2073 -0.2073 -0.2073 -0.2170 -0.2170 -0.2170 -0.2170 -0.2170 -0.2170 -0.2170 -0.2262 -0.2262 -0.2262 -0.2262 -0.2262 -0.2262 -0.2262 -0.2340 0.0654 0.0654 0.0241 -0.0675 
fb3 = -0.1784 -0.2073 -0.2073 -0.2073 -0.2073 -0.2073 -0.2073 -0.2073 -0.2170 -0.2170 -0.2170 -0.2170 -0.2170 -0.2170 -0.2170 -0.2262 -0.2262 -0.2262 -0.2262 -0.2262 -0.2262 -0.2262 -0.2340 0.0654 0.0654 0.0241 -0.0675 
fb4 = -0.1783 -0.2072 -0.2072 -0.2072 -0.2072 -0.2072 -0.2072 -0.2072 -0.2170 -0.2170 -0.2170 -0.2170 -0.2170 -0.2170 -0.2170 -0.2262 -0.2262 -0.2262 -0.2262 -0.2262 -0.2262 -0.2262 -0.2339 0.0668 0.0668 0.0248 -0.0675 
I = 14.9000 9.4000 9.4000 9.4000 9.4000 9.4000 9.4000 9.4000 6.0000 6.0000 6.0000 6.0000 6.0000 6.0000 6.0000 2.0000 2.0000 2.0000 2.0000 2.0000 2.0000 2.0000 -2.0000 26.2936 26.2936 10.0000 4.0470 
S1 = 0.0000 0.0000 0.0000 0.0000 0.0000 0.0000 0.0000 0.0000 0.0000 0.0000 0.0000 0.0000 0.0000 0.0000 0.0000 0.0000 0.0000 0.0000 0.0000 0.0000 0.0000 0.0000 0.0000 0.0000 0.0000 0.0000 0.0000 
S2 = 0.0000 0.0000 0.0000 0.0000 0.0000 0.0000 0.0000 0.0000 0.0000 0.0000 0.0000 0.0000 0.0000 0.0000 0.0000 0.0000 0.0000 0.0000 0.0000 0.0000 0.0000 0.0000 0.0000 2.2936 2.2936 0.0000 15.0470 
u = 8.0022 7.8219 7.8219 7.8219 7.8219 7.8219 7.8219 7.8219 7.7440 7.7440 7.7440 7.7440 7.7440 7.7440 7.7440 7.6663 7.6663 7.6663 7.6663 7.6663 7.6663 7.6663 7.5983 11.3203 11.3203 11.9847 9.1183 
v = 35.4381 26.4164 26.4164 26.4164 26.4164 26.4164 26.4164 26.4164 23.1919 23.1919 23.1919 23.1919 23.1919 23.1919 23.1919 20.1197 20.1197 20.1197 20.1197 20.1197 20.1197 20.1197 17.5014 73.2995 73.2995 66.1259 28.7287 
