ExternalI = 5.5000 0.0000 0.0000 0.0000 0.0000 0.0000 0.0000 0.0000 4.0000 4.0000 4.0000 4.0000 4.0000 4.0000 4.0000 0.0000 0.0000 0.0000 0.0000 0.0000 0.0000 0.0000 0.0000 8.0000 8.0000 0.0000 0.0000 
before u = 8.0022 7.8219 7.8219 7.8219 7.8219 7.8219 7.8219 7.8219 7.7440 7.7440 7.7440 7.7440 7.7440 7.7440 7.7440 7.6663 7.6663 7.6663 7.6663 7.6663 7.6663 7.6663 7.5983 11.3203 11.3203 11.9847 9.1183 
before v = 35.4381 26.4164 26.4164 26.4164 26.4164 26.4164 26.4164 26.4164 23.1919 23.1919 23.1919 23.1919 23.1919 23.1919 23.1919 20.1197 20.1197 20.1197 20.1197 20.1197 20.1197 20.1197 17.5014 73.2995 73.2995 66.1259 28.7287 
Ibias = 9.4000 9.4000 9.4000 9.4000 9.4000 9.4000 9.4000 9.4000 2.0000 2.0000 2.0000 2.0000 2.0000 2.0000 2.0000 2.0000 2.0000 2.0000 2.0000 2.0000 2.0000 2.0000 -2.0000 16.0000 16.0000 10.0000 -11.0000 
fa1 = 0.8178 0.2420 0.2420 0.2420 0.2420 0.2420 0.2420 0.2420 0.1949 0.1949 0.1949 0.1949 0.1949 0.1949 0.1949 0.1667 0.1667 0.1667 0.1667 0.1667 0.1667 0.1667 0.1495 69.9830 69.9830 34.5430 1.7259 
fa2 = 0.8180 0.2419 0.2419 0.2419 0.2419 0.2419 0.2419 0.2419 0.1949 0.1949 0.1949 0.1949 0.1949 0.1949 0.1949 0.1666 0.1666 0.1666 0.1666 0.1666 0.1666 0.1666 0.1494 70.9897 70.9897 34.9396 1.7202 
fa3 = 0.8180 0.2419 0.2419 0.2419 0.2419 0.2419 0.2419 0.2419 0.1949 0.1949 0.1949 0.1949 0.1949 0.1949 0.1949 0.1666 0.1666 0.1666 0.1666 0.1666 0.1666 0.1666 0.1494 71.0042 71.0042 34.9441 1.7202 
fa4 = 0.8182 0.2419 0.2419 0.2419 0.2419 0.2419 0.2419 0.2419 0.1948 0.1948 0.1948 0.1948 0.1948 0.1948 0.1948 0.1666 0.1666 0.1666 0.1666 0.1666 0.1666 0.1666 0.1494 72.0360 72.0360 35.3479 1.7146 
fb1 = -0.1783 -0.2072 -0.2072 -0.2072 -0.2072 -0.2072 -0.2072 -0.2072 -0.2170 -0.2170 -0.2170 -0.2170 -0.2170 -0.2170 -0.2170 -0.2262 -0.2262 -0.2262 -0.2262 -0.2262 -0.2262 -0.2262 -0.2339 0.0668 0.0668 0.0248 -0.0675 
fb2 = -0.1783 -0.2072 -0.2072 -0.2072 -0.2072 -0.2072 -0.2072 -0.2072 -0.2169 -0.2169 -0.2169 -0.2169 -0.2169 -0.2169 -0.2169 -0.2261 -0.2261 -0.2261 -0.2261 -0.2261 -0.2261 -0.2261 -0.2339 0.0682 0.0682 0.0255 -0.0674 
fb3 = -0.1783 -0.2072 -0.2072 -0.2072 -0.2072 -0.2072 -0.2072 -0.2072 -0.2169 -0.2169 -0.2169 -0.2169 -0.2169 -0.2169 -0.2169 -0.2261 -0.2261 -0.2261 -0.2261 -0.2261 -0.2261 -0.2261 -0.2339 0.0682 0.0682 0.0255 -0.0674 
fb4 = -0.1782 -0.2071 -0.2071 -0.2071 -0.2071 -0.2071 -0.2071 -0.2071 -0.2169 -0.2169 -0.2169 -0.2169 -0.2169 -0.2169 -0.2169 -0.2261 -0.2261 -0.2261 -0.2261 -0.2261 -0.2261 -0.2261 -0.2338 0.0696 0.0696 0.0262 -0.0674 
I = 14.9000 9.4000 9.4000 9.4000 9.4000 9.4000 9.4000 9.4000 6.0000 6.0000 6.0000 6.0000 6.0000 6.0000 6.0000 2.0000 2.0000 2.0000 2.0000 2.0000 2.0000 2.0000 -2.0000 26.2890 26.2890 10.0000 4.0169 
S1 = 0.0000 0.0000 0.0000 0.0000 0.0000 0.0000 0.0000 0.0000 0.0000 0.0000 0.0000 0.0000 0.0000 0.0000 0.0000 0.0000 0.0000 0.0000 0.0000 0.0000 0.0000 0.0000 0.0000 0.0000 0.0000 0.0000 0.0000 
S2 = 0.0000 0.0000 0.0000 0.0000 0.0000 0.0000 0.0000 0.0000 0.0000 0.0000 0.0000 0.0000 0.0000 0.0000 0.0000 0.0000 0.0000 0.0000 0.0000 0.0000 0.0000 0.0000 0.0000 2.2890 2.2890 0.0000 15.0169 
u = 8.0005 7.8198 7.8198 7.8198 7.8198 7.8198 7.8198 7.8198 7.7418 7.7418 7.7418 7.7418 7.7418 7.7418 7.7418 7.6640 7.6640 7.6640 7.6640 7.6640 7.6640 7.6640 7.5959 11.3210 11.3210 11.9849 9.1177 
v = 35.4463 26.4189 26.4189 26.4189 26.4189 26.4189 26.4189 26.4189 23.1939 23.1939 23.1939 23.1939 23.1939 23.1939 23.1939 20.1214 20.1214 20.1214 20.1214 20.1214 20.1214 20.1214 17.5029 74.0095 74.0095 66.4753 28.7459 
