ExternalI = 5.5000 0.0000 0.0000 0.0000 0.0000 0.0000 0.0000 0.0000 4.0000 4.0000 4.0000 4.0000 4.0000 4.0000 4.0000 0.0000 0.0000 0.0000 0.0000 0.0000 0.0000 0.0000 0.0000 8.0000 8.0000 0.0000 0.0000 
before u = 9.7281 9.7230 9.7230 9.7230 9.7230 9.7230 9.7230 9.7230 9.7199 9.7199 9.7199 9.7199 9.7199 9.7199 9.7199 9.7163 9.7163 9.7163 9.7163 9.7163 9.7163 9.7163 9.7128 9.9114 9.9114 10.1993 9.8781 
before v = 22.6181 19.9702 19.9702 19.9702 19.9702 19.9702 19.9702 19.9702 18.4023 18.4023 18.4023 18.4023 18.4023 18.4023 18.4023 16.6199 16.6199 16.6199 16.6199 16.6199 16.6199 16.6199 14.9000 33.0598 33.0598 73.9327 15.6628 
Ibias = 9.4000 9.4000 9.4000 9.4000 9.4000 9.4000 9.4000 9.4000 2.0000 2.0000 2.0000 2.0000 2.0000 2.0000 2.0000 2.0000 2.0000 2.0000 2.0000 2.0000 2.0000 2.0000 -2.0000 16.0000 16.0000 10.0000 -11.0000 
fa1 = 7.7807 5.7188 5.7188 5.7188 5.7188 5.7188 5.7188 5.7188 4.6190 4.6190 4.6190 4.6190 4.6190 4.6190 4.6190 3.4729 3.4729 3.4729 3.4729 3.4729 3.4729 3.4729 2.4676 18.6273 18.6273 56.6442 3.3421 
fa2 = 7.7360 5.6803 5.6803 5.6803 5.6803 5.6803 5.6803 5.6803 4.5853 4.5853 4.5853 4.5853 4.5853 4.5853 4.5853 3.4455 3.4455 3.4455 3.4455 3.4455 3.4455 3.4455 2.4470 18.5948 18.5948 57.4724 3.3136 
fa3 = 7.7362 5.6805 5.6805 5.6805 5.6805 5.6805 5.6805 5.6805 4.5855 4.5855 4.5855 4.5855 4.5855 4.5855 4.5855 3.4457 3.4457 3.4457 3.4457 3.4457 3.4457 3.4457 2.4471 18.5949 18.5949 57.4846 3.3138 
fa4 = 7.6918 5.6423 5.6423 5.6423 5.6423 5.6423 5.6423 5.6423 4.5522 4.5522 4.5522 4.5522 4.5522 4.5522 4.5522 3.4186 3.4186 3.4186 3.4186 3.4186 3.4186 3.4186 2.4267 18.5632 18.5632 58.3319 3.2856 
fb1 = -0.2987 -0.3090 -0.3090 -0.3090 -0.3090 -0.3090 -0.3090 -0.3090 -0.3152 -0.3152 -0.3152 -0.3152 -0.3152 -0.3152 -0.3152 -0.3222 -0.3222 -0.3222 -0.3222 -0.3222 -0.3222 -0.3222 -0.3289 -0.0660 -0.0660 0.0917 -0.1349 
fb2 = -0.2984 -0.3089 -0.3089 -0.3089 -0.3089 -0.3089 -0.3089 -0.3089 -0.3150 -0.3150 -0.3150 -0.3150 -0.3150 -0.3150 -0.3150 -0.3220 -0.3220 -0.3220 -0.3220 -0.3220 -0.3220 -0.3220 -0.3288 -0.0656 -0.0656 0.0929 -0.1348 
fb3 = -0.2984 -0.3089 -0.3089 -0.3089 -0.3089 -0.3089 -0.3089 -0.3089 -0.3150 -0.3150 -0.3150 -0.3150 -0.3150 -0.3150 -0.3150 -0.3220 -0.3220 -0.3220 -0.3220 -0.3220 -0.3220 -0.3220 -0.3288 -0.0656 -0.0656 0.0929 -0.1348 
fb4 = -0.2982 -0.3087 -0.3087 -0.3087 -0.3087 -0.3087 -0.3087 -0.3087 -0.3149 -0.3149 -0.3149 -0.3149 -0.3149 -0.3149 -0.3149 -0.3219 -0.3219 -0.3219 -0.3219 -0.3219 -0.3219 -0.3219 -0.3287 -0.0652 -0.0652 0.0940 -0.1348 
I = 14.9000 9.4000 9.4000 9.4000 9.4000 9.4000 9.4000 9.4000 6.0000 6.0000 6.0000 6.0000 6.0000 6.0000 6.0000 2.0000 2.0000 2.0000 2.0000 2.0000 2.0000 2.0000 -2.0000 24.0000 24.0000 10.0000 -9.6043 
S1 = 0.0000 0.0000 0.0000 0.0000 0.0000 0.0000 0.0000 0.0000 0.0000 0.0000 0.0000 0.0000 0.0000 0.0000 0.0000 0.0000 0.0000 0.0000 0.0000 0.0000 0.0000 0.0000 0.0000 0.0000 0.0000 0.0000 0.0000 
S2 = 0.0000 0.0000 0.0000 0.0000 0.0000 0.0000 0.0000 0.0000 0.0000 0.0000 0.0000 0.0000 0.0000 0.0000 0.0000 0.0000 0.0000 0.0000 0.0000 0.0000 0.0000 0.0000 0.0000 0.0000 0.0000 0.0000 1.3957 
u = 9.7251 9.7199 9.7199 9.7199 9.7199 9.7199 9.7199 9.7199 9.7167 9.7167 9.7167 9.7167 9.7167 9.7167 9.7167 9.7131 9.7131 9.7131 9.7131 9.7131 9.7131 9.7131 9.7095 9.9107 9.9107 10.2003 9.8768 
v = 22.6955 20.0270 20.0270 20.0270 20.0270 20.0270 20.0270 20.0270 18.4482 18.4482 18.4482 18.4482 18.4482 18.4482 18.4482 16.6543 16.6543 16.6543 16.6543 16.6543 16.6543 16.6543 14.9244 33.2458 33.2458 74.5075 15.6959 
