ExternalI = 5.5000 0.0000 0.0000 0.0000 0.0000 0.0000 0.0000 0.0000 4.0000 4.0000 4.0000 4.0000 4.0000 4.0000 4.0000 0.0000 0.0000 0.0000 0.0000 0.0000 0.0000 0.0000 0.0000 8.0000 8.0000 0.0000 0.0000 
before u = 8.0005 7.8198 7.8198 7.8198 7.8198 7.8198 7.8198 7.8198 7.7418 7.7418 7.7418 7.7418 7.7418 7.7418 7.7418 7.6640 7.6640 7.6640 7.6640 7.6640 7.6640 7.6640 7.5959 11.3210 11.3210 11.9849 9.1177 
before v = 35.4463 26.4189 26.4189 26.4189 26.4189 26.4189 26.4189 26.4189 23.1939 23.1939 23.1939 23.1939 23.1939 23.1939 23.1939 20.1214 20.1214 20.1214 20.1214 20.1214 20.1214 20.1214 17.5029 74.0095 74.0095 66.4753 28.7459 
Ibias = 9.4000 9.4000 9.4000 9.4000 9.4000 9.4000 9.4000 9.4000 2.0000 2.0000 2.0000 2.0000 2.0000 2.0000 2.0000 2.0000 2.0000 2.0000 2.0000 2.0000 2.0000 2.0000 -2.0000 16.0000 16.0000 10.0000 -11.0000 
fa1 = 0.8182 0.2419 0.2419 0.2419 0.2419 0.2419 0.2419 0.2419 0.1948 0.1948 0.1948 0.1948 0.1948 0.1948 0.1948 0.1666 0.1666 0.1666 0.1666 0.1666 0.1666 0.1666 0.1494 72.0313 72.0313 35.3478 1.6845 
fa2 = 0.8185 0.2418 0.2418 0.2418 0.2418 0.2418 0.2418 0.2418 0.1948 0.1948 0.1948 0.1948 0.1948 0.1948 0.1948 0.1666 0.1666 0.1666 0.1666 0.1666 0.1666 0.1666 0.1494 73.0881 73.0881 35.7586 1.6790 
fa3 = 0.8185 0.2418 0.2418 0.2418 0.2418 0.2418 0.2418 0.2418 0.1948 0.1948 0.1948 0.1948 0.1948 0.1948 0.1948 0.1666 0.1666 0.1666 0.1666 0.1666 0.1666 0.1666 0.1494 73.1037 73.1037 35.7634 1.6790 
fa4 = 0.8187 0.2418 0.2418 0.2418 0.2418 0.2418 0.2418 0.2418 0.1948 0.1948 0.1948 0.1948 0.1948 0.1948 0.1948 0.1665 0.1665 0.1665 0.1665 0.1665 0.1665 0.1665 0.1494 74.1872 74.1872 36.1817 1.6734 
fb1 = -0.1782 -0.2071 -0.2071 -0.2071 -0.2071 -0.2071 -0.2071 -0.2071 -0.2169 -0.2169 -0.2169 -0.2169 -0.2169 -0.2169 -0.2169 -0.2261 -0.2261 -0.2261 -0.2261 -0.2261 -0.2261 -0.2261 -0.2338 0.0696 0.0696 0.0262 -0.0674 
fb2 = -0.1782 -0.2071 -0.2071 -0.2071 -0.2071 -0.2071 -0.2071 -0.2071 -0.2168 -0.2168 -0.2168 -0.2168 -0.2168 -0.2168 -0.2168 -0.2260 -0.2260 -0.2260 -0.2260 -0.2260 -0.2260 -0.2260 -0.2338 0.0711 0.0711 0.0269 -0.0673 
fb3 = -0.1782 -0.2071 -0.2071 -0.2071 -0.2071 -0.2071 -0.2071 -0.2071 -0.2168 -0.2168 -0.2168 -0.2168 -0.2168 -0.2168 -0.2168 -0.2260 -0.2260 -0.2260 -0.2260 -0.2260 -0.2260 -0.2260 -0.2338 0.0711 0.0711 0.0269 -0.0673 
fb4 = -0.1781 -0.2070 -0.2070 -0.2070 -0.2070 -0.2070 -0.2070 -0.2070 -0.2168 -0.2168 -0.2168 -0.2168 -0.2168 -0.2168 -0.2168 -0.2260 -0.2260 -0.2260 -0.2260 -0.2260 -0.2260 -0.2260 -0.2337 0.0725 0.0725 0.0276 -0.0673 
I = 14.9000 9.4000 9.4000 9.4000 9.4000 9.4000 9.4000 9.4000 6.0000 6.0000 6.0000 6.0000 6.0000 6.0000 6.0000 2.0000 2.0000 2.0000 2.0000 2.0000 2.0000 2.0000 -2.0000 26.2845 26.2845 10.0000 3.9868 
S1 = 0.0000 0.0000 0.0000 0.0000 0.0000 0.0000 0.0000 0.0000 0.0000 0.0000 0.0000 0.0000 0.0000 0.0000 0.0000 0.0000 0.0000 0.0000 0.0000 0.0000 0.0000 0.0000 0.0000 0.0000 0.0000 0.0000 0.0000 
S2 = 0.0000 0.0000 0.0000 0.0000 0.0000 0.0000 0.0000 0.0000 0.0000 0.0000 0.0000 0.0000 0.0000 0.0000 0.0000 0.0000 0.0000 0.0000 0.0000 0.0000 0.0000 0.0000 0.0000 2.2845 2.2845 0.0000 14.9868 
u = 7.9987 7.8177 7.8177 7.8177 7.8177 7.8177 7.8177 7.8177 7.7396 7.7396 7.7396 7.7396 7.7396 7.7396 7.7396 7.6618 7.6618 7.6618 7.6618 7.6618 7.6618 7.6618 7.5936 11.3217 11.3217 11.9852 9.1170 
v = 35.4545 26.4213 26.4213 26.4213 26.4213 26.4213 26.4213 26.4213 23.1958 23.1958 23.1958 23.1958 23.1958 23.1958 23.1958 20.1231 20.1231 20.1231 20.1231 20.1231 20.1231 20.1231 17.5044 74.7405 74.7405 66.8329 28.7627 
