ExternalI = 5.5000 0.0000 0.0000 0.0000 0.0000 0.0000 0.0000 0.0000 4.0000 4.0000 4.0000 4.0000 4.0000 4.0000 4.0000 0.0000 0.0000 0.0000 0.0000 0.0000 0.0000 0.0000 0.0000 8.0000 8.0000 0.0000 0.0000 
before u = 7.9987 7.8177 7.8177 7.8177 7.8177 7.8177 7.8177 7.8177 7.7396 7.7396 7.7396 7.7396 7.7396 7.7396 7.7396 7.6618 7.6618 7.6618 7.6618 7.6618 7.6618 7.6618 7.5936 11.3217 11.3217 11.9852 9.1170 
before v = 35.4545 26.4213 26.4213 26.4213 26.4213 26.4213 26.4213 26.4213 23.1958 23.1958 23.1958 23.1958 23.1958 23.1958 23.1958 20.1231 20.1231 20.1231 20.1231 20.1231 20.1231 20.1231 17.5044 74.7405 74.7405 66.8329 28.7627 
Ibias = 9.4000 9.4000 9.4000 9.4000 9.4000 9.4000 9.4000 9.4000 2.0000 2.0000 2.0000 2.0000 2.0000 2.0000 2.0000 2.0000 2.0000 2.0000 2.0000 2.0000 2.0000 2.0000 -2.0000 16.0000 16.0000 10.0000 -11.0000 
fa1 = 0.8187 0.2418 0.2418 0.2418 0.2418 0.2418 0.2418 0.2418 0.1948 0.1948 0.1948 0.1948 0.1948 0.1948 0.1948 0.1665 0.1665 0.1665 0.1665 0.1665 0.1665 0.1665 0.1494 74.1825 74.1825 36.1817 1.6435 
fa2 = 0.8189 0.2418 0.2418 0.2418 0.2418 0.2418 0.2418 0.2418 0.1947 0.1947 0.1947 0.1947 0.1947 0.1947 0.1947 0.1665 0.1665 0.1665 0.1665 0.1665 0.1665 0.1665 0.1493 75.2927 75.2927 36.6074 1.6381 
fa3 = 0.8189 0.2418 0.2418 0.2418 0.2418 0.2418 0.2418 0.2418 0.1947 0.1947 0.1947 0.1947 0.1947 0.1947 0.1947 0.1665 0.1665 0.1665 0.1665 0.1665 0.1665 0.1665 0.1493 75.3094 75.3094 36.6124 1.6381 
fa4 = 0.8191 0.2417 0.2417 0.2417 0.2417 0.2417 0.2417 0.2417 0.1947 0.1947 0.1947 0.1947 0.1947 0.1947 0.1947 0.1665 0.1665 0.1665 0.1665 0.1665 0.1665 0.1665 0.1493 76.4481 76.4481 37.0459 1.6327 
fb1 = -0.1781 -0.2070 -0.2070 -0.2070 -0.2070 -0.2070 -0.2070 -0.2070 -0.2168 -0.2168 -0.2168 -0.2168 -0.2168 -0.2168 -0.2168 -0.2260 -0.2260 -0.2260 -0.2260 -0.2260 -0.2260 -0.2260 -0.2337 0.0725 0.0725 0.0276 -0.0673 
fb2 = -0.1781 -0.2070 -0.2070 -0.2070 -0.2070 -0.2070 -0.2070 -0.2070 -0.2168 -0.2168 -0.2168 -0.2168 -0.2168 -0.2168 -0.2168 -0.2259 -0.2259 -0.2259 -0.2259 -0.2259 -0.2259 -0.2259 -0.2337 0.0740 0.0740 0.0283 -0.0672 
fb3 = -0.1781 -0.2070 -0.2070 -0.2070 -0.2070 -0.2070 -0.2070 -0.2070 -0.2168 -0.2168 -0.2168 -0.2168 -0.2168 -0.2168 -0.2168 -0.2259 -0.2259 -0.2259 -0.2259 -0.2259 -0.2259 -0.2259 -0.2337 0.0740 0.0740 0.0284 -0.0672 
fb4 = -0.1780 -0.2069 -0.2069 -0.2069 -0.2069 -0.2069 -0.2069 -0.2069 -0.2167 -0.2167 -0.2167 -0.2167 -0.2167 -0.2167 -0.2167 -0.2259 -0.2259 -0.2259 -0.2259 -0.2259 -0.2259 -0.2259 -0.2336 0.0755 0.0755 0.0291 -0.0672 
I = 14.9000 9.4000 9.4000 9.4000 9.4000 9.4000 9.4000 9.4000 6.0000 6.0000 6.0000 6.0000 6.0000 6.0000 6.0000 2.0000 2.0000 2.0000 2.0000 2.0000 2.0000 2.0000 -2.0000 26.2799 26.2799 10.0000 3.9569 
S1 = 0.0000 0.0000 0.0000 0.0000 0.0000 0.0000 0.0000 0.0000 0.0000 0.0000 0.0000 0.0000 0.0000 0.0000 0.0000 0.0000 0.0000 0.0000 0.0000 0.0000 0.0000 0.0000 0.0000 0.0000 0.0000 0.0000 0.0000 
S2 = 0.0000 0.0000 0.0000 0.0000 0.0000 0.0000 0.0000 0.0000 0.0000 0.0000 0.0000 0.0000 0.0000 0.0000 0.0000 0.0000 0.0000 0.0000 0.0000 0.0000 0.0000 0.0000 0.0000 2.2799 2.2799 0.0000 14.9569 
u = 7.9969 7.8157 7.8157 7.8157 7.8157 7.8157 7.8157 7.8157 7.7375 7.7375 7.7375 7.7375 7.7375 7.7375 7.7375 7.6595 7.6595 7.6595 7.6595 7.6595 7.6595 7.6595 7.5912 11.3224 11.3224 11.9855 9.1163 
v = 35.4627 26.4237 26.4237 26.4237 26.4237 26.4237 26.4237 26.4237 23.1978 23.1978 23.1978 23.1978 23.1978 23.1978 23.1978 20.1247 20.1247 20.1247 20.1247 20.1247 20.1247 20.1247 17.5059 75.4936 75.4936 67.1990 28.7791 
