ExternalI = 5.5000 0.0000 0.0000 0.0000 0.0000 0.0000 0.0000 0.0000 4.0000 4.0000 4.0000 4.0000 4.0000 4.0000 4.0000 0.0000 0.0000 0.0000 0.0000 0.0000 0.0000 0.0000 0.0000 8.0000 8.0000 0.0000 0.0000 
before u = 7.9969 7.8157 7.8157 7.8157 7.8157 7.8157 7.8157 7.8157 7.7375 7.7375 7.7375 7.7375 7.7375 7.7375 7.7375 7.6595 7.6595 7.6595 7.6595 7.6595 7.6595 7.6595 7.5912 11.3224 11.3224 11.9855 9.1163 
before v = 35.4627 26.4237 26.4237 26.4237 26.4237 26.4237 26.4237 26.4237 23.1978 23.1978 23.1978 23.1978 23.1978 23.1978 23.1978 20.1247 20.1247 20.1247 20.1247 20.1247 20.1247 20.1247 17.5059 75.4936 75.4936 67.1990 28.7791 
Ibias = 9.4000 9.4000 9.4000 9.4000 9.4000 9.4000 9.4000 9.4000 2.0000 2.0000 2.0000 2.0000 2.0000 2.0000 2.0000 2.0000 2.0000 2.0000 2.0000 2.0000 2.0000 2.0000 -2.0000 16.0000 16.0000 10.0000 -11.0000 
fa1 = 0.8191 0.2417 0.2417 0.2417 0.2417 0.2417 0.2417 0.2417 0.1947 0.1947 0.1947 0.1947 0.1947 0.1947 0.1947 0.1665 0.1665 0.1665 0.1665 0.1665 0.1665 0.1665 0.1493 76.4434 76.4434 37.0459 1.6028 
fa2 = 0.8193 0.2417 0.2417 0.2417 0.2417 0.2417 0.2417 0.2417 0.1947 0.1947 0.1947 0.1947 0.1947 0.1947 0.1947 0.1665 0.1665 0.1665 0.1665 0.1665 0.1665 0.1665 0.1493 77.6106 77.6106 37.4872 1.5975 
fa3 = 0.8193 0.2417 0.2417 0.2417 0.2417 0.2417 0.2417 0.2417 0.1947 0.1947 0.1947 0.1947 0.1947 0.1947 0.1947 0.1665 0.1665 0.1665 0.1665 0.1665 0.1665 0.1665 0.1493 77.6286 77.6286 37.4925 1.5976 
fa4 = 0.8196 0.2417 0.2417 0.2417 0.2417 0.2417 0.2417 0.2417 0.1947 0.1947 0.1947 0.1947 0.1947 0.1947 0.1947 0.1664 0.1664 0.1664 0.1664 0.1664 0.1664 0.1664 0.1493 78.8263 78.8263 37.9420 1.5923 
fb1 = -0.1780 -0.2069 -0.2069 -0.2069 -0.2069 -0.2069 -0.2069 -0.2069 -0.2167 -0.2167 -0.2167 -0.2167 -0.2167 -0.2167 -0.2167 -0.2259 -0.2259 -0.2259 -0.2259 -0.2259 -0.2259 -0.2259 -0.2336 0.0755 0.0755 0.0291 -0.0672 
fb2 = -0.1780 -0.2069 -0.2069 -0.2069 -0.2069 -0.2069 -0.2069 -0.2069 -0.2167 -0.2167 -0.2167 -0.2167 -0.2167 -0.2167 -0.2167 -0.2258 -0.2258 -0.2258 -0.2258 -0.2258 -0.2258 -0.2258 -0.2336 0.0770 0.0770 0.0298 -0.0672 
fb3 = -0.1780 -0.2069 -0.2069 -0.2069 -0.2069 -0.2069 -0.2069 -0.2069 -0.2167 -0.2167 -0.2167 -0.2167 -0.2167 -0.2167 -0.2167 -0.2258 -0.2258 -0.2258 -0.2258 -0.2258 -0.2258 -0.2258 -0.2336 0.0771 0.0771 0.0298 -0.0672 
fb4 = -0.1779 -0.2068 -0.2068 -0.2068 -0.2068 -0.2068 -0.2068 -0.2068 -0.2166 -0.2166 -0.2166 -0.2166 -0.2166 -0.2166 -0.2166 -0.2258 -0.2258 -0.2258 -0.2258 -0.2258 -0.2258 -0.2258 -0.2335 0.0786 0.0786 0.0306 -0.0671 
I = 14.9000 9.4000 9.4000 9.4000 9.4000 9.4000 9.4000 9.4000 6.0000 6.0000 6.0000 6.0000 6.0000 6.0000 6.0000 2.0000 2.0000 2.0000 2.0000 2.0000 2.0000 2.0000 -2.0000 26.2753 26.2753 10.0000 3.9270 
S1 = 0.0000 0.0000 0.0000 0.0000 0.0000 0.0000 0.0000 0.0000 0.0000 0.0000 0.0000 0.0000 0.0000 0.0000 0.0000 0.0000 0.0000 0.0000 0.0000 0.0000 0.0000 0.0000 0.0000 0.0000 0.0000 0.0000 0.0000 
S2 = 0.0000 0.0000 0.0000 0.0000 0.0000 0.0000 0.0000 0.0000 0.0000 0.0000 0.0000 0.0000 0.0000 0.0000 0.0000 0.0000 0.0000 0.0000 0.0000 0.0000 0.0000 0.0000 0.0000 2.2753 2.2753 0.0000 14.9270 
u = 7.9951 7.8136 7.8136 7.8136 7.8136 7.8136 7.8136 7.8136 7.7353 7.7353 7.7353 7.7353 7.7353 7.7353 7.7353 7.6573 7.6573 7.6573 7.6573 7.6573 7.6573 7.6573 7.5889 11.3232 11.3232 11.9858 9.1156 
v = 35.4709 26.4261 26.4261 26.4261 26.4261 26.4261 26.4261 26.4261 23.1997 23.1997 23.1997 23.1997 23.1997 23.1997 23.1997 20.1264 20.1264 20.1264 20.1264 20.1264 20.1264 20.1264 17.5074 76.2698 76.2698 67.5740 28.7951 
