ExternalI = 5.5000 0.0000 0.0000 0.0000 0.0000 0.0000 0.0000 0.0000 4.0000 4.0000 4.0000 4.0000 4.0000 4.0000 4.0000 0.0000 0.0000 0.0000 0.0000 0.0000 0.0000 0.0000 0.0000 8.0000 8.0000 0.0000 0.0000 
before u = 7.9951 7.8136 7.8136 7.8136 7.8136 7.8136 7.8136 7.8136 7.7353 7.7353 7.7353 7.7353 7.7353 7.7353 7.7353 7.6573 7.6573 7.6573 7.6573 7.6573 7.6573 7.6573 7.5889 11.3232 11.3232 11.9858 9.1156 
before v = 35.4709 26.4261 26.4261 26.4261 26.4261 26.4261 26.4261 26.4261 23.1997 23.1997 23.1997 23.1997 23.1997 23.1997 23.1997 20.1264 20.1264 20.1264 20.1264 20.1264 20.1264 20.1264 17.5074 76.2698 76.2698 67.5740 28.7951 
Ibias = 9.4000 9.4000 9.4000 9.4000 9.4000 9.4000 9.4000 9.4000 2.0000 2.0000 2.0000 2.0000 2.0000 2.0000 2.0000 2.0000 2.0000 2.0000 2.0000 2.0000 2.0000 2.0000 -2.0000 16.0000 16.0000 10.0000 -11.0000 
fa1 = 0.8196 0.2417 0.2417 0.2417 0.2417 0.2417 0.2417 0.2417 0.1947 0.1947 0.1947 0.1947 0.1947 0.1947 0.1947 0.1664 0.1664 0.1664 0.1664 0.1664 0.1664 0.1664 0.1493 78.8216 78.8216 37.9419 1.5625 
fa2 = 0.8198 0.2416 0.2416 0.2416 0.2416 0.2416 0.2416 0.2416 0.1946 0.1946 0.1946 0.1946 0.1946 0.1946 0.1946 0.1664 0.1664 0.1664 0.1664 0.1664 0.1664 0.1664 0.1492 80.0498 80.0498 38.3997 1.5574 
fa3 = 0.8198 0.2416 0.2416 0.2416 0.2416 0.2416 0.2416 0.2416 0.1946 0.1946 0.1946 0.1946 0.1946 0.1946 0.1946 0.1664 0.1664 0.1664 0.1664 0.1664 0.1664 0.1664 0.1492 80.0690 80.0690 38.4052 1.5574 
fa4 = 0.8200 0.2416 0.2416 0.2416 0.2416 0.2416 0.2416 0.2416 0.1946 0.1946 0.1946 0.1946 0.1946 0.1946 0.1946 0.1664 0.1664 0.1664 0.1664 0.1664 0.1664 0.1664 0.1492 81.3299 81.3299 38.8715 1.5523 
fb1 = -0.1779 -0.2068 -0.2068 -0.2068 -0.2068 -0.2068 -0.2068 -0.2068 -0.2166 -0.2166 -0.2166 -0.2166 -0.2166 -0.2166 -0.2166 -0.2258 -0.2258 -0.2258 -0.2258 -0.2258 -0.2258 -0.2258 -0.2335 0.0786 0.0786 0.0306 -0.0671 
fb2 = -0.1779 -0.2068 -0.2068 -0.2068 -0.2068 -0.2068 -0.2068 -0.2068 -0.2166 -0.2166 -0.2166 -0.2166 -0.2166 -0.2166 -0.2166 -0.2257 -0.2257 -0.2257 -0.2257 -0.2257 -0.2257 -0.2257 -0.2335 0.0802 0.0802 0.0313 -0.0671 
fb3 = -0.1779 -0.2068 -0.2068 -0.2068 -0.2068 -0.2068 -0.2068 -0.2068 -0.2166 -0.2166 -0.2166 -0.2166 -0.2166 -0.2166 -0.2166 -0.2257 -0.2257 -0.2257 -0.2257 -0.2257 -0.2257 -0.2257 -0.2335 0.0802 0.0802 0.0313 -0.0671 
fb4 = -0.1778 -0.2067 -0.2067 -0.2067 -0.2067 -0.2067 -0.2067 -0.2067 -0.2165 -0.2165 -0.2165 -0.2165 -0.2165 -0.2165 -0.2165 -0.2257 -0.2257 -0.2257 -0.2257 -0.2257 -0.2257 -0.2257 -0.2334 0.0818 0.0818 0.0321 -0.0671 
I = 14.9000 9.4000 9.4000 9.4000 9.4000 9.4000 9.4000 9.4000 6.0000 6.0000 6.0000 6.0000 6.0000 6.0000 6.0000 2.0000 2.0000 2.0000 2.0000 2.0000 2.0000 2.0000 -2.0000 26.2708 26.2708 10.0000 3.8971 
S1 = 0.0000 0.0000 0.0000 0.0000 0.0000 0.0000 0.0000 0.0000 0.0000 0.0000 0.0000 0.0000 0.0000 0.0000 0.0000 0.0000 0.0000 0.0000 0.0000 0.0000 0.0000 0.0000 0.0000 0.0000 0.0000 0.0000 0.0000 
S2 = 0.0000 0.0000 0.0000 0.0000 0.0000 0.0000 0.0000 0.0000 0.0000 0.0000 0.0000 0.0000 0.0000 0.0000 0.0000 0.0000 0.0000 0.0000 0.0000 0.0000 0.0000 0.0000 0.0000 2.2708 2.2708 0.0000 14.8971 
u = 7.9933 7.8115 7.8115 7.8115 7.8115 7.8115 7.8115 7.8115 7.7331 7.7331 7.7331 7.7331 7.7331 7.7331 7.7331 7.6550 7.6550 7.6550 7.6550 7.6550 7.6550 7.6550 7.5866 11.3240 11.3240 11.9861 9.1150 
v = 35.4791 26.4285 26.4285 26.4285 26.4285 26.4285 26.4285 26.4285 23.2016 23.2016 23.2016 23.2016 23.2016 23.2016 23.2016 20.1281 20.1281 20.1281 20.1281 20.1281 20.1281 20.1281 17.5089 77.0705 77.0705 67.9580 28.8107 
