ExternalI = 5.5000 0.0000 0.0000 0.0000 0.0000 0.0000 0.0000 0.0000 4.0000 4.0000 4.0000 4.0000 4.0000 4.0000 4.0000 0.0000 0.0000 0.0000 0.0000 0.0000 0.0000 0.0000 0.0000 8.0000 8.0000 0.0000 0.0000 
before u = 7.9933 7.8115 7.8115 7.8115 7.8115 7.8115 7.8115 7.8115 7.7331 7.7331 7.7331 7.7331 7.7331 7.7331 7.7331 7.6550 7.6550 7.6550 7.6550 7.6550 7.6550 7.6550 7.5866 11.3240 11.3240 11.9861 9.1150 
before v = 35.4791 26.4285 26.4285 26.4285 26.4285 26.4285 26.4285 26.4285 23.2016 23.2016 23.2016 23.2016 23.2016 23.2016 23.2016 20.1281 20.1281 20.1281 20.1281 20.1281 20.1281 20.1281 17.5089 77.0705 77.0705 67.9580 28.8107 
Ibias = 9.4000 9.4000 9.4000 9.4000 9.4000 9.4000 9.4000 9.4000 2.0000 2.0000 2.0000 2.0000 2.0000 2.0000 2.0000 2.0000 2.0000 2.0000 2.0000 2.0000 2.0000 2.0000 -2.0000 16.0000 16.0000 10.0000 -11.0000 
fa1 = 0.8200 0.2416 0.2416 0.2416 0.2416 0.2416 0.2416 0.2416 0.1946 0.1946 0.1946 0.1946 0.1946 0.1946 0.1946 0.1664 0.1664 0.1664 0.1664 0.1664 0.1664 0.1664 0.1492 81.3252 81.3252 38.8715 1.5225 
fa2 = 0.8202 0.2416 0.2416 0.2416 0.2416 0.2416 0.2416 0.2416 0.1946 0.1946 0.1946 0.1946 0.1946 0.1946 0.1946 0.1664 0.1664 0.1664 0.1664 0.1664 0.1664 0.1664 0.1492 82.6186 82.6186 39.3464 1.5176 
fa3 = 0.8202 0.2416 0.2416 0.2416 0.2416 0.2416 0.2416 0.2416 0.1946 0.1946 0.1946 0.1946 0.1946 0.1946 0.1946 0.1664 0.1664 0.1664 0.1664 0.1664 0.1664 0.1664 0.1492 82.6393 82.6393 39.3522 1.5176 
fa4 = 0.8205 0.2415 0.2415 0.2415 0.2415 0.2415 0.2415 0.2415 0.1945 0.1945 0.1945 0.1945 0.1945 0.1945 0.1945 0.1663 0.1663 0.1663 0.1663 0.1663 0.1663 0.1663 0.1492 83.9677 83.9677 39.8362 1.5126 
fb1 = -0.1778 -0.2067 -0.2067 -0.2067 -0.2067 -0.2067 -0.2067 -0.2067 -0.2165 -0.2165 -0.2165 -0.2165 -0.2165 -0.2165 -0.2165 -0.2257 -0.2257 -0.2257 -0.2257 -0.2257 -0.2257 -0.2257 -0.2334 0.0818 0.0818 0.0321 -0.0671 
fb2 = -0.1778 -0.2067 -0.2067 -0.2067 -0.2067 -0.2067 -0.2067 -0.2067 -0.2165 -0.2165 -0.2165 -0.2165 -0.2165 -0.2165 -0.2165 -0.2256 -0.2256 -0.2256 -0.2256 -0.2256 -0.2256 -0.2256 -0.2334 0.0834 0.0834 0.0329 -0.0670 
fb3 = -0.1778 -0.2067 -0.2067 -0.2067 -0.2067 -0.2067 -0.2067 -0.2067 -0.2165 -0.2165 -0.2165 -0.2165 -0.2165 -0.2165 -0.2165 -0.2256 -0.2256 -0.2256 -0.2256 -0.2256 -0.2256 -0.2256 -0.2334 0.0834 0.0834 0.0329 -0.0670 
fb4 = -0.1777 -0.2067 -0.2067 -0.2067 -0.2067 -0.2067 -0.2067 -0.2067 -0.2164 -0.2164 -0.2164 -0.2164 -0.2164 -0.2164 -0.2164 -0.2256 -0.2256 -0.2256 -0.2256 -0.2256 -0.2256 -0.2256 -0.2333 0.0851 0.0851 0.0337 -0.0670 
I = 14.9000 9.4000 9.4000 9.4000 9.4000 9.4000 9.4000 9.4000 6.0000 6.0000 6.0000 6.0000 6.0000 6.0000 6.0000 2.0000 2.0000 2.0000 2.0000 2.0000 2.0000 2.0000 -2.0000 26.2662 26.2662 10.0000 3.8673 
S1 = 0.0000 0.0000 0.0000 0.0000 0.0000 0.0000 0.0000 0.0000 0.0000 0.0000 0.0000 0.0000 0.0000 0.0000 0.0000 0.0000 0.0000 0.0000 0.0000 0.0000 0.0000 0.0000 0.0000 0.0000 0.0000 0.0000 0.0000 
S2 = 0.0000 0.0000 0.0000 0.0000 0.0000 0.0000 0.0000 0.0000 0.0000 0.0000 0.0000 0.0000 0.0000 0.0000 0.0000 0.0000 0.0000 0.0000 0.0000 0.0000 0.0000 0.0000 0.0000 2.2662 2.2662 0.0000 14.8673 
u = 7.9916 7.8094 7.8094 7.8094 7.8094 7.8094 7.8094 7.8094 7.7310 7.7310 7.7310 7.7310 7.7310 7.7310 7.7310 7.6527 7.6527 7.6527 7.6527 7.6527 7.6527 7.6527 7.5842 11.3248 11.3248 11.9864 9.1143 
v = 35.4873 26.4309 26.4309 26.4309 26.4309 26.4309 26.4309 26.4309 23.2036 23.2036 23.2036 23.2036 23.2036 23.2036 23.2036 20.1297 20.1297 20.1297 20.1297 20.1297 20.1297 20.1297 17.5104 77.8968 77.8968 68.3515 28.8258 
