ExternalI = 5.5000 0.0000 0.0000 0.0000 0.0000 0.0000 0.0000 0.0000 4.0000 4.0000 4.0000 4.0000 4.0000 4.0000 4.0000 0.0000 0.0000 0.0000 0.0000 0.0000 0.0000 0.0000 0.0000 8.0000 8.0000 0.0000 0.0000 
before u = 7.9916 7.8094 7.8094 7.8094 7.8094 7.8094 7.8094 7.8094 7.7310 7.7310 7.7310 7.7310 7.7310 7.7310 7.7310 7.6527 7.6527 7.6527 7.6527 7.6527 7.6527 7.6527 7.5842 11.3248 11.3248 11.9864 9.1143 
before v = 35.4873 26.4309 26.4309 26.4309 26.4309 26.4309 26.4309 26.4309 23.2036 23.2036 23.2036 23.2036 23.2036 23.2036 23.2036 20.1297 20.1297 20.1297 20.1297 20.1297 20.1297 20.1297 17.5104 77.8968 77.8968 68.3515 28.8258 
Ibias = 9.4000 9.4000 9.4000 9.4000 9.4000 9.4000 9.4000 9.4000 2.0000 2.0000 2.0000 2.0000 2.0000 2.0000 2.0000 2.0000 2.0000 2.0000 2.0000 2.0000 2.0000 2.0000 -2.0000 16.0000 16.0000 10.0000 -11.0000 
fa1 = 0.8205 0.2415 0.2415 0.2415 0.2415 0.2415 0.2415 0.2415 0.1945 0.1945 0.1945 0.1945 0.1945 0.1945 0.1945 0.1663 0.1663 0.1663 0.1663 0.1663 0.1663 0.1663 0.1492 83.9631 83.9631 39.8362 1.4829 
fa2 = 0.8207 0.2415 0.2415 0.2415 0.2415 0.2415 0.2415 0.2415 0.1945 0.1945 0.1945 0.1945 0.1945 0.1945 0.1945 0.1663 0.1663 0.1663 0.1663 0.1663 0.1663 0.1663 0.1491 85.3264 85.3264 40.3292 1.4781 
fa3 = 0.8207 0.2415 0.2415 0.2415 0.2415 0.2415 0.2415 0.2415 0.1945 0.1945 0.1945 0.1945 0.1945 0.1945 0.1945 0.1663 0.1663 0.1663 0.1663 0.1663 0.1663 0.1663 0.1491 85.3487 85.3487 40.3353 1.4781 
fa4 = 0.8209 0.2414 0.2414 0.2414 0.2414 0.2414 0.2414 0.2414 0.1945 0.1945 0.1945 0.1945 0.1945 0.1945 0.1945 0.1663 0.1663 0.1663 0.1663 0.1663 0.1663 0.1663 0.1491 86.7496 86.7496 40.8379 1.4733 
fb1 = -0.1777 -0.2067 -0.2067 -0.2067 -0.2067 -0.2067 -0.2067 -0.2067 -0.2164 -0.2164 -0.2164 -0.2164 -0.2164 -0.2164 -0.2164 -0.2256 -0.2256 -0.2256 -0.2256 -0.2256 -0.2256 -0.2256 -0.2333 0.0851 0.0851 0.0337 -0.0670 
fb2 = -0.1777 -0.2066 -0.2066 -0.2066 -0.2066 -0.2066 -0.2066 -0.2066 -0.2164 -0.2164 -0.2164 -0.2164 -0.2164 -0.2164 -0.2164 -0.2255 -0.2255 -0.2255 -0.2255 -0.2255 -0.2255 -0.2255 -0.2333 0.0868 0.0868 0.0345 -0.0669 
fb3 = -0.1777 -0.2066 -0.2066 -0.2066 -0.2066 -0.2066 -0.2066 -0.2066 -0.2164 -0.2164 -0.2164 -0.2164 -0.2164 -0.2164 -0.2164 -0.2255 -0.2255 -0.2255 -0.2255 -0.2255 -0.2255 -0.2255 -0.2333 0.0868 0.0868 0.0345 -0.0669 
fb4 = -0.1776 -0.2066 -0.2066 -0.2066 -0.2066 -0.2066 -0.2066 -0.2066 -0.2163 -0.2163 -0.2163 -0.2163 -0.2163 -0.2163 -0.2163 -0.2255 -0.2255 -0.2255 -0.2255 -0.2255 -0.2255 -0.2255 -0.2332 0.0885 0.0885 0.0353 -0.0669 
I = 14.9000 9.4000 9.4000 9.4000 9.4000 9.4000 9.4000 9.4000 6.0000 6.0000 6.0000 6.0000 6.0000 6.0000 6.0000 2.0000 2.0000 2.0000 2.0000 2.0000 2.0000 2.0000 -2.0000 26.2617 26.2617 10.0000 3.8376 
S1 = 0.0000 0.0000 0.0000 0.0000 0.0000 0.0000 0.0000 0.0000 0.0000 0.0000 0.0000 0.0000 0.0000 0.0000 0.0000 0.0000 0.0000 0.0000 0.0000 0.0000 0.0000 0.0000 0.0000 0.0000 0.0000 0.0000 0.0000 
S2 = 0.0000 0.0000 0.0000 0.0000 0.0000 0.0000 0.0000 0.0000 0.0000 0.0000 0.0000 0.0000 0.0000 0.0000 0.0000 0.0000 0.0000 0.0000 0.0000 0.0000 0.0000 0.0000 0.0000 2.2617 2.2617 0.0000 14.8376 
u = 7.9898 7.8074 7.8074 7.8074 7.8074 7.8074 7.8074 7.8074 7.7288 7.7288 7.7288 7.7288 7.7288 7.7288 7.7288 7.6505 7.6505 7.6505 7.6505 7.6505 7.6505 7.6505 7.5819 11.3257 11.3257 11.9868 9.1136 
v = 35.4955 26.4333 26.4333 26.4333 26.4333 26.4333 26.4333 26.4333 23.2055 23.2055 23.2055 23.2055 23.2055 23.2055 23.2055 20.1314 20.1314 20.1314 20.1314 20.1314 20.1314 20.1314 17.5119 78.7503 78.7503 68.7548 28.8406 
