ExternalI = 5.5000 0.0000 0.0000 0.0000 0.0000 0.0000 0.0000 0.0000 4.0000 4.0000 4.0000 4.0000 4.0000 4.0000 4.0000 0.0000 0.0000 0.0000 0.0000 0.0000 0.0000 0.0000 0.0000 8.0000 8.0000 0.0000 0.0000 
before u = 7.9898 7.8074 7.8074 7.8074 7.8074 7.8074 7.8074 7.8074 7.7288 7.7288 7.7288 7.7288 7.7288 7.7288 7.7288 7.6505 7.6505 7.6505 7.6505 7.6505 7.6505 7.6505 7.5819 11.3257 11.3257 11.9868 9.1136 
before v = 35.4955 26.4333 26.4333 26.4333 26.4333 26.4333 26.4333 26.4333 23.2055 23.2055 23.2055 23.2055 23.2055 23.2055 23.2055 20.1314 20.1314 20.1314 20.1314 20.1314 20.1314 20.1314 17.5119 78.7503 78.7503 68.7548 28.8406 
Ibias = 9.4000 9.4000 9.4000 9.4000 9.4000 9.4000 9.4000 9.4000 2.0000 2.0000 2.0000 2.0000 2.0000 2.0000 2.0000 2.0000 2.0000 2.0000 2.0000 2.0000 2.0000 2.0000 -2.0000 16.0000 16.0000 10.0000 -11.0000 
fa1 = 0.8209 0.2414 0.2414 0.2414 0.2414 0.2414 0.2414 0.2414 0.1945 0.1945 0.1945 0.1945 0.1945 0.1945 0.1945 0.1663 0.1663 0.1663 0.1663 0.1663 0.1663 0.1663 0.1491 86.7449 86.7449 40.8379 1.4437 
fa2 = 0.8212 0.2414 0.2414 0.2414 0.2414 0.2414 0.2414 0.2414 0.1944 0.1944 0.1944 0.1944 0.1944 0.1944 0.1944 0.1662 0.1662 0.1662 0.1662 0.1662 0.1662 0.1662 0.1491 88.1833 88.1833 41.3499 1.4390 
fa3 = 0.8212 0.2414 0.2414 0.2414 0.2414 0.2414 0.2414 0.2414 0.1944 0.1944 0.1944 0.1944 0.1944 0.1944 0.1944 0.1662 0.1662 0.1662 0.1662 0.1662 0.1662 0.1662 0.1491 88.2072 88.2072 41.3563 1.4390 
fa4 = 0.8214 0.2414 0.2414 0.2414 0.2414 0.2414 0.2414 0.2414 0.1944 0.1944 0.1944 0.1944 0.1944 0.1944 0.1944 0.1662 0.1662 0.1662 0.1662 0.1662 0.1662 0.1662 0.1491 89.6860 89.6860 41.8784 1.4344 
fb1 = -0.1776 -0.2066 -0.2066 -0.2066 -0.2066 -0.2066 -0.2066 -0.2066 -0.2163 -0.2163 -0.2163 -0.2163 -0.2163 -0.2163 -0.2163 -0.2255 -0.2255 -0.2255 -0.2255 -0.2255 -0.2255 -0.2255 -0.2332 0.0885 0.0885 0.0353 -0.0669 
fb2 = -0.1776 -0.2065 -0.2065 -0.2065 -0.2065 -0.2065 -0.2065 -0.2065 -0.2163 -0.2163 -0.2163 -0.2163 -0.2163 -0.2163 -0.2163 -0.2254 -0.2254 -0.2254 -0.2254 -0.2254 -0.2254 -0.2254 -0.2332 0.0902 0.0902 0.0361 -0.0669 
fb3 = -0.1776 -0.2065 -0.2065 -0.2065 -0.2065 -0.2065 -0.2065 -0.2065 -0.2163 -0.2163 -0.2163 -0.2163 -0.2163 -0.2163 -0.2163 -0.2254 -0.2254 -0.2254 -0.2254 -0.2254 -0.2254 -0.2254 -0.2332 0.0902 0.0902 0.0361 -0.0669 
fb4 = -0.1775 -0.2065 -0.2065 -0.2065 -0.2065 -0.2065 -0.2065 -0.2065 -0.2162 -0.2162 -0.2162 -0.2162 -0.2162 -0.2162 -0.2162 -0.2254 -0.2254 -0.2254 -0.2254 -0.2254 -0.2254 -0.2254 -0.2331 0.0920 0.0920 0.0369 -0.0668 
I = 14.9000 9.4000 9.4000 9.4000 9.4000 9.4000 9.4000 9.4000 6.0000 6.0000 6.0000 6.0000 6.0000 6.0000 6.0000 2.0000 2.0000 2.0000 2.0000 2.0000 2.0000 2.0000 -2.0000 26.2572 26.2572 10.0000 3.8079 
S1 = 0.0000 0.0000 0.0000 0.0000 0.0000 0.0000 0.0000 0.0000 0.0000 0.0000 0.0000 0.0000 0.0000 0.0000 0.0000 0.0000 0.0000 0.0000 0.0000 0.0000 0.0000 0.0000 0.0000 0.0000 0.0000 0.0000 0.0000 
S2 = 0.0000 0.0000 0.0000 0.0000 0.0000 0.0000 0.0000 0.0000 0.0000 0.0000 0.0000 0.0000 0.0000 0.0000 0.0000 0.0000 0.0000 0.0000 0.0000 0.0000 0.0000 0.0000 0.0000 2.2572 2.2572 0.0000 14.8079 
u = 7.9880 7.8053 7.8053 7.8053 7.8053 7.8053 7.8053 7.8053 7.7266 7.7266 7.7266 7.7266 7.7266 7.7266 7.7266 7.6482 7.6482 7.6482 7.6482 7.6482 7.6482 7.6482 7.5796 11.3266 11.3266 11.9871 9.1130 
v = 35.5037 26.4358 26.4358 26.4358 26.4358 26.4358 26.4358 26.4358 23.2075 23.2075 23.2075 23.2075 23.2075 23.2075 23.2075 20.1330 20.1330 20.1330 20.1330 20.1330 20.1330 20.1330 17.5134 79.6323 79.6323 69.1684 28.8550 
