ExternalI = 5.5000 0.0000 0.0000 0.0000 0.0000 0.0000 0.0000 0.0000 4.0000 4.0000 4.0000 4.0000 4.0000 4.0000 4.0000 0.0000 0.0000 0.0000 0.0000 0.0000 0.0000 0.0000 0.0000 8.0000 8.0000 0.0000 0.0000 
before u = 7.9880 7.8053 7.8053 7.8053 7.8053 7.8053 7.8053 7.8053 7.7266 7.7266 7.7266 7.7266 7.7266 7.7266 7.7266 7.6482 7.6482 7.6482 7.6482 7.6482 7.6482 7.6482 7.5796 11.3266 11.3266 11.9871 9.1130 
before v = 35.5037 26.4358 26.4358 26.4358 26.4358 26.4358 26.4358 26.4358 23.2075 23.2075 23.2075 23.2075 23.2075 23.2075 23.2075 20.1330 20.1330 20.1330 20.1330 20.1330 20.1330 20.1330 17.5134 79.6323 79.6323 69.1684 28.8550 
Ibias = 9.4000 9.4000 9.4000 9.4000 9.4000 9.4000 9.4000 9.4000 2.0000 2.0000 2.0000 2.0000 2.0000 2.0000 2.0000 2.0000 2.0000 2.0000 2.0000 2.0000 2.0000 2.0000 -2.0000 16.0000 16.0000 10.0000 -11.0000 
fa1 = 0.8214 0.2414 0.2414 0.2414 0.2414 0.2414 0.2414 0.2414 0.1944 0.1944 0.1944 0.1944 0.1944 0.1944 0.1944 0.1662 0.1662 0.1662 0.1662 0.1662 0.1662 0.1662 0.1491 89.6813 89.6813 41.8784 1.4047 
fa2 = 0.8216 0.2413 0.2413 0.2413 0.2413 0.2413 0.2413 0.2413 0.1944 0.1944 0.1944 0.1944 0.1944 0.1944 0.1944 0.1662 0.1662 0.1662 0.1662 0.1662 0.1662 0.1662 0.1490 91.2003 91.2003 42.4104 1.4002 
fa3 = 0.8216 0.2413 0.2413 0.2413 0.2413 0.2413 0.2413 0.2413 0.1944 0.1944 0.1944 0.1944 0.1944 0.1944 0.1944 0.1662 0.1662 0.1662 0.1662 0.1662 0.1662 0.1662 0.1490 91.2261 91.2261 42.4172 1.4002 
fa4 = 0.8219 0.2413 0.2413 0.2413 0.2413 0.2413 0.2413 0.2413 0.1943 0.1943 0.1943 0.1943 0.1943 0.1943 0.1943 0.1662 0.1662 0.1662 0.1662 0.1662 0.1662 0.1662 0.1490 92.7885 92.7885 42.9598 1.3957 
fb1 = -0.1775 -0.2065 -0.2065 -0.2065 -0.2065 -0.2065 -0.2065 -0.2065 -0.2162 -0.2162 -0.2162 -0.2162 -0.2162 -0.2162 -0.2162 -0.2254 -0.2254 -0.2254 -0.2254 -0.2254 -0.2254 -0.2254 -0.2331 0.0920 0.0920 0.0369 -0.0668 
fb2 = -0.1775 -0.2064 -0.2064 -0.2064 -0.2064 -0.2064 -0.2064 -0.2064 -0.2162 -0.2162 -0.2162 -0.2162 -0.2162 -0.2162 -0.2162 -0.2253 -0.2253 -0.2253 -0.2253 -0.2253 -0.2253 -0.2253 -0.2331 0.0938 0.0938 0.0378 -0.0668 
fb3 = -0.1775 -0.2064 -0.2064 -0.2064 -0.2064 -0.2064 -0.2064 -0.2064 -0.2162 -0.2162 -0.2162 -0.2162 -0.2162 -0.2162 -0.2162 -0.2253 -0.2253 -0.2253 -0.2253 -0.2253 -0.2253 -0.2253 -0.2331 0.0938 0.0938 0.0378 -0.0668 
fb4 = -0.1774 -0.2064 -0.2064 -0.2064 -0.2064 -0.2064 -0.2064 -0.2064 -0.2161 -0.2161 -0.2161 -0.2161 -0.2161 -0.2161 -0.2161 -0.2253 -0.2253 -0.2253 -0.2253 -0.2253 -0.2253 -0.2253 -0.2330 0.0956 0.0956 0.0386 -0.0668 
I = 14.9000 9.4000 9.4000 9.4000 9.4000 9.4000 9.4000 9.4000 6.0000 6.0000 6.0000 6.0000 6.0000 6.0000 6.0000 2.0000 2.0000 2.0000 2.0000 2.0000 2.0000 2.0000 -2.0000 26.2527 26.2527 10.0000 3.7783 
S1 = 0.0000 0.0000 0.0000 0.0000 0.0000 0.0000 0.0000 0.0000 0.0000 0.0000 0.0000 0.0000 0.0000 0.0000 0.0000 0.0000 0.0000 0.0000 0.0000 0.0000 0.0000 0.0000 0.0000 0.0000 0.0000 0.0000 0.0000 
S2 = 0.0000 0.0000 0.0000 0.0000 0.0000 0.0000 0.0000 0.0000 0.0000 0.0000 0.0000 0.0000 0.0000 0.0000 0.0000 0.0000 0.0000 0.0000 0.0000 0.0000 0.0000 0.0000 0.0000 2.2527 2.2527 0.0000 14.7783 
u = 7.9862 7.8033 7.8033 7.8033 7.8033 7.8033 7.8033 7.8033 7.7245 7.7245 7.7245 7.7245 7.7245 7.7245 7.7245 7.6460 7.6460 7.6460 7.6460 7.6460 7.6460 7.6460 7.5772 11.3275 11.3275 11.9875 9.1123 
v = 35.5119 26.4382 26.4382 26.4382 26.4382 26.4382 26.4382 26.4382 23.2094 23.2094 23.2094 23.2094 23.2094 23.2094 23.2094 20.1347 20.1347 20.1347 20.1347 20.1347 20.1347 20.1347 17.5149 80.5445 80.5445 69.5925 28.8690 
