ExternalI = 5.5000 0.0000 0.0000 0.0000 0.0000 0.0000 0.0000 0.0000 4.0000 4.0000 4.0000 4.0000 4.0000 4.0000 4.0000 0.0000 0.0000 0.0000 0.0000 0.0000 0.0000 0.0000 0.0000 8.0000 8.0000 0.0000 0.0000 
before u = 7.9862 7.8033 7.8033 7.8033 7.8033 7.8033 7.8033 7.8033 7.7245 7.7245 7.7245 7.7245 7.7245 7.7245 7.7245 7.6460 7.6460 7.6460 7.6460 7.6460 7.6460 7.6460 7.5772 11.3275 11.3275 11.9875 9.1123 
before v = 35.5119 26.4382 26.4382 26.4382 26.4382 26.4382 26.4382 26.4382 23.2094 23.2094 23.2094 23.2094 23.2094 23.2094 23.2094 20.1347 20.1347 20.1347 20.1347 20.1347 20.1347 20.1347 17.5149 80.5445 80.5445 69.5925 28.8690 
Ibias = 9.4000 9.4000 9.4000 9.4000 9.4000 9.4000 9.4000 9.4000 2.0000 2.0000 2.0000 2.0000 2.0000 2.0000 2.0000 2.0000 2.0000 2.0000 2.0000 2.0000 2.0000 2.0000 -2.0000 16.0000 16.0000 10.0000 -11.0000 
fa1 = 0.8219 0.2413 0.2413 0.2413 0.2413 0.2413 0.2413 0.2413 0.1943 0.1943 0.1943 0.1943 0.1943 0.1943 0.1943 0.1662 0.1662 0.1662 0.1662 0.1662 0.1662 0.1662 0.1490 92.7838 92.7838 42.9598 1.3662 
fa2 = 0.8221 0.2413 0.2413 0.2413 0.2413 0.2413 0.2413 0.2413 0.1943 0.1943 0.1943 0.1943 0.1943 0.1943 0.1943 0.1661 0.1661 0.1661 0.1661 0.1661 0.1661 0.1661 0.1490 94.3894 94.3894 43.5129 1.3618 
fa3 = 0.8221 0.2413 0.2413 0.2413 0.2413 0.2413 0.2413 0.2413 0.1943 0.1943 0.1943 0.1943 0.1943 0.1943 0.1943 0.1661 0.1661 0.1661 0.1661 0.1661 0.1661 0.1661 0.1490 94.4174 94.4174 43.5200 1.3618 
fa4 = 0.8223 0.2412 0.2412 0.2412 0.2412 0.2412 0.2412 0.2412 0.1943 0.1943 0.1943 0.1943 0.1943 0.1943 0.1943 0.1661 0.1661 0.1661 0.1661 0.1661 0.1661 0.1661 0.1489 96.0698 96.0698 44.0843 1.3575 
fb1 = -0.1774 -0.2064 -0.2064 -0.2064 -0.2064 -0.2064 -0.2064 -0.2064 -0.2161 -0.2161 -0.2161 -0.2161 -0.2161 -0.2161 -0.2161 -0.2253 -0.2253 -0.2253 -0.2253 -0.2253 -0.2253 -0.2253 -0.2330 0.0956 0.0956 0.0386 -0.0668 
fb2 = -0.1773 -0.2063 -0.2063 -0.2063 -0.2063 -0.2063 -0.2063 -0.2063 -0.2161 -0.2161 -0.2161 -0.2161 -0.2161 -0.2161 -0.2161 -0.2253 -0.2253 -0.2253 -0.2253 -0.2253 -0.2253 -0.2253 -0.2330 0.0975 0.0975 0.0395 -0.0667 
fb3 = -0.1773 -0.2063 -0.2063 -0.2063 -0.2063 -0.2063 -0.2063 -0.2063 -0.2161 -0.2161 -0.2161 -0.2161 -0.2161 -0.2161 -0.2161 -0.2253 -0.2253 -0.2253 -0.2253 -0.2253 -0.2253 -0.2253 -0.2330 0.0975 0.0975 0.0395 -0.0667 
fb4 = -0.1773 -0.2063 -0.2063 -0.2063 -0.2063 -0.2063 -0.2063 -0.2063 -0.2160 -0.2160 -0.2160 -0.2160 -0.2160 -0.2160 -0.2160 -0.2252 -0.2252 -0.2252 -0.2252 -0.2252 -0.2252 -0.2252 -0.2329 0.0994 0.0994 0.0404 -0.0667 
I = 14.9000 9.4000 9.4000 9.4000 9.4000 9.4000 9.4000 9.4000 6.0000 6.0000 6.0000 6.0000 6.0000 6.0000 6.0000 2.0000 2.0000 2.0000 2.0000 2.0000 2.0000 2.0000 -2.0000 26.2482 26.2482 10.0000 3.7487 
S1 = 0.0000 0.0000 0.0000 0.0000 0.0000 0.0000 0.0000 0.0000 0.0000 0.0000 0.0000 0.0000 0.0000 0.0000 0.0000 0.0000 0.0000 0.0000 0.0000 0.0000 0.0000 0.0000 0.0000 0.0000 0.0000 0.0000 0.0000 
S2 = 0.0000 0.0000 0.0000 0.0000 0.0000 0.0000 0.0000 0.0000 0.0000 0.0000 0.0000 0.0000 0.0000 0.0000 0.0000 0.0000 0.0000 0.0000 0.0000 0.0000 0.0000 0.0000 0.0000 2.2482 2.2482 0.0000 14.7487 
u = 7.9845 7.8012 7.8012 7.8012 7.8012 7.8012 7.8012 7.8012 7.7223 7.7223 7.7223 7.7223 7.7223 7.7223 7.7223 7.6437 7.6437 7.6437 7.6437 7.6437 7.6437 7.6437 7.5749 11.3285 11.3285 11.9879 9.1116 
v = 35.5202 26.4406 26.4406 26.4406 26.4406 26.4406 26.4406 26.4406 23.2114 23.2114 23.2114 23.2114 23.2114 23.2114 23.2114 20.1364 20.1364 20.1364 20.1364 20.1364 20.1364 20.1364 17.5163 81.4886 81.4886 70.0277 28.8826 
