ExternalI = 5.5000 0.0000 0.0000 0.0000 0.0000 0.0000 0.0000 0.0000 4.0000 4.0000 4.0000 4.0000 4.0000 4.0000 4.0000 0.0000 0.0000 0.0000 0.0000 0.0000 0.0000 0.0000 0.0000 8.0000 8.0000 0.0000 0.0000 
before u = 7.9845 7.8012 7.8012 7.8012 7.8012 7.8012 7.8012 7.8012 7.7223 7.7223 7.7223 7.7223 7.7223 7.7223 7.7223 7.6437 7.6437 7.6437 7.6437 7.6437 7.6437 7.6437 7.5749 11.3285 11.3285 11.9879 9.1116 
before v = 35.5202 26.4406 26.4406 26.4406 26.4406 26.4406 26.4406 26.4406 23.2114 23.2114 23.2114 23.2114 23.2114 23.2114 23.2114 20.1364 20.1364 20.1364 20.1364 20.1364 20.1364 20.1364 17.5163 81.4886 81.4886 70.0277 28.8826 
Ibias = 9.4000 9.4000 9.4000 9.4000 9.4000 9.4000 9.4000 9.4000 2.0000 2.0000 2.0000 2.0000 2.0000 2.0000 2.0000 2.0000 2.0000 2.0000 2.0000 2.0000 2.0000 2.0000 -2.0000 16.0000 16.0000 10.0000 -11.0000 
fa1 = 0.8223 0.2412 0.2412 0.2412 0.2412 0.2412 0.2412 0.2412 0.1943 0.1943 0.1943 0.1943 0.1943 0.1943 0.1943 0.1661 0.1661 0.1661 0.1661 0.1661 0.1661 0.1661 0.1489 96.0651 96.0651 44.0842 1.3280 
fa2 = 0.8226 0.2412 0.2412 0.2412 0.2412 0.2412 0.2412 0.2412 0.1943 0.1943 0.1943 0.1943 0.1943 0.1943 0.1943 0.1661 0.1661 0.1661 0.1661 0.1661 0.1661 0.1661 0.1489 97.7641 97.7641 44.6596 1.3237 
fa3 = 0.8226 0.2412 0.2412 0.2412 0.2412 0.2412 0.2412 0.2412 0.1943 0.1943 0.1943 0.1943 0.1943 0.1943 0.1943 0.1661 0.1661 0.1661 0.1661 0.1661 0.1661 0.1661 0.1489 97.7943 97.7943 44.6671 1.3237 
fa4 = 0.8228 0.2412 0.2412 0.2412 0.2412 0.2412 0.2412 0.2412 0.1942 0.1942 0.1942 0.1942 0.1942 0.1942 0.1942 0.1660 0.1660 0.1660 0.1660 0.1660 0.1660 0.1660 0.1489 99.5438 99.5438 45.2541 1.3195 
fb1 = -0.1773 -0.2063 -0.2063 -0.2063 -0.2063 -0.2063 -0.2063 -0.2063 -0.2160 -0.2160 -0.2160 -0.2160 -0.2160 -0.2160 -0.2160 -0.2252 -0.2252 -0.2252 -0.2252 -0.2252 -0.2252 -0.2252 -0.2329 0.0994 0.0994 0.0404 -0.0667 
fb2 = -0.1772 -0.2062 -0.2062 -0.2062 -0.2062 -0.2062 -0.2062 -0.2062 -0.2160 -0.2160 -0.2160 -0.2160 -0.2160 -0.2160 -0.2160 -0.2252 -0.2252 -0.2252 -0.2252 -0.2252 -0.2252 -0.2252 -0.2329 0.1013 0.1013 0.0412 -0.0667 
fb3 = -0.1772 -0.2062 -0.2062 -0.2062 -0.2062 -0.2062 -0.2062 -0.2062 -0.2160 -0.2160 -0.2160 -0.2160 -0.2160 -0.2160 -0.2160 -0.2252 -0.2252 -0.2252 -0.2252 -0.2252 -0.2252 -0.2252 -0.2329 0.1013 0.1013 0.0412 -0.0667 
fb4 = -0.1772 -0.2062 -0.2062 -0.2062 -0.2062 -0.2062 -0.2062 -0.2062 -0.2160 -0.2160 -0.2160 -0.2160 -0.2160 -0.2160 -0.2160 -0.2251 -0.2251 -0.2251 -0.2251 -0.2251 -0.2251 -0.2251 -0.2328 0.1033 0.1033 0.0421 -0.0666 
I = 14.9000 9.4000 9.4000 9.4000 9.4000 9.4000 9.4000 9.4000 6.0000 6.0000 6.0000 6.0000 6.0000 6.0000 6.0000 2.0000 2.0000 2.0000 2.0000 2.0000 2.0000 2.0000 -2.0000 26.2437 26.2437 10.0000 3.7192 
S1 = 0.0000 0.0000 0.0000 0.0000 0.0000 0.0000 0.0000 0.0000 0.0000 0.0000 0.0000 0.0000 0.0000 0.0000 0.0000 0.0000 0.0000 0.0000 0.0000 0.0000 0.0000 0.0000 0.0000 0.0000 0.0000 0.0000 0.0000 
S2 = 0.0000 0.0000 0.0000 0.0000 0.0000 0.0000 0.0000 0.0000 0.0000 0.0000 0.0000 0.0000 0.0000 0.0000 0.0000 0.0000 0.0000 0.0000 0.0000 0.0000 0.0000 0.0000 0.0000 2.2437 2.2437 0.0000 14.7192 
u = 7.9827 7.7991 7.7991 7.7991 7.7991 7.7991 7.7991 7.7991 7.7202 7.7202 7.7202 7.7202 7.7202 7.7202 7.7202 7.6415 7.6415 7.6415 7.6415 7.6415 7.6415 7.6415 7.5726 11.3295 11.3295 11.9883 9.1110 
v = 35.5284 26.4430 26.4430 26.4430 26.4430 26.4430 26.4430 26.4430 23.2133 23.2133 23.2133 23.2133 23.2133 23.2133 23.2133 20.1380 20.1380 20.1380 20.1380 20.1380 20.1380 20.1380 17.5178 82.4665 82.4665 70.4744 28.8959 
