ExternalI = 5.5000 0.0000 0.0000 0.0000 0.0000 0.0000 0.0000 0.0000 4.0000 4.0000 4.0000 4.0000 4.0000 4.0000 4.0000 0.0000 0.0000 0.0000 0.0000 0.0000 0.0000 0.0000 0.0000 8.0000 8.0000 0.0000 0.0000 
before u = 7.9827 7.7991 7.7991 7.7991 7.7991 7.7991 7.7991 7.7991 7.7202 7.7202 7.7202 7.7202 7.7202 7.7202 7.7202 7.6415 7.6415 7.6415 7.6415 7.6415 7.6415 7.6415 7.5726 11.3295 11.3295 11.9883 9.1110 
before v = 35.5284 26.4430 26.4430 26.4430 26.4430 26.4430 26.4430 26.4430 23.2133 23.2133 23.2133 23.2133 23.2133 23.2133 23.2133 20.1380 20.1380 20.1380 20.1380 20.1380 20.1380 20.1380 17.5178 82.4665 82.4665 70.4744 28.8959 
Ibias = 9.4000 9.4000 9.4000 9.4000 9.4000 9.4000 9.4000 9.4000 2.0000 2.0000 2.0000 2.0000 2.0000 2.0000 2.0000 2.0000 2.0000 2.0000 2.0000 2.0000 2.0000 2.0000 -2.0000 16.0000 16.0000 10.0000 -11.0000 
fa1 = 0.8228 0.2412 0.2412 0.2412 0.2412 0.2412 0.2412 0.2412 0.1942 0.1942 0.1942 0.1942 0.1942 0.1942 0.1942 0.1660 0.1660 0.1660 0.1660 0.1660 0.1660 0.1660 0.1489 99.5390 99.5390 45.2541 1.2901 
fa2 = 0.8230 0.2411 0.2411 0.2411 0.2411 0.2411 0.2411 0.2411 0.1942 0.1942 0.1942 0.1942 0.1942 0.1942 0.1942 0.1660 0.1660 0.1660 0.1660 0.1660 0.1660 0.1660 0.1489 101.3388 101.3388 45.8528 1.2860 
fa3 = 0.8230 0.2411 0.2411 0.2411 0.2411 0.2411 0.2411 0.2411 0.1942 0.1942 0.1942 0.1942 0.1942 0.1942 0.1942 0.1660 0.1660 0.1660 0.1660 0.1660 0.1660 0.1660 0.1489 101.3715 101.3715 45.8608 1.2860 
fa4 = 0.8233 0.2411 0.2411 0.2411 0.2411 0.2411 0.2411 0.2411 0.1942 0.1942 0.1942 0.1942 0.1942 0.1942 0.1942 0.1660 0.1660 0.1660 0.1660 0.1660 0.1660 0.1660 0.1488 103.2258 103.2258 46.4719 1.2819 
fb1 = -0.1772 -0.2062 -0.2062 -0.2062 -0.2062 -0.2062 -0.2062 -0.2062 -0.2160 -0.2160 -0.2160 -0.2160 -0.2160 -0.2160 -0.2160 -0.2251 -0.2251 -0.2251 -0.2251 -0.2251 -0.2251 -0.2251 -0.2328 0.1033 0.1033 0.0421 -0.0666 
fb2 = -0.1771 -0.2061 -0.2061 -0.2061 -0.2061 -0.2061 -0.2061 -0.2061 -0.2159 -0.2159 -0.2159 -0.2159 -0.2159 -0.2159 -0.2159 -0.2251 -0.2251 -0.2251 -0.2251 -0.2251 -0.2251 -0.2251 -0.2328 0.1053 0.1053 0.0430 -0.0666 
fb3 = -0.1771 -0.2061 -0.2061 -0.2061 -0.2061 -0.2061 -0.2061 -0.2061 -0.2159 -0.2159 -0.2159 -0.2159 -0.2159 -0.2159 -0.2159 -0.2251 -0.2251 -0.2251 -0.2251 -0.2251 -0.2251 -0.2251 -0.2328 0.1053 0.1053 0.0430 -0.0666 
fb4 = -0.1771 -0.2061 -0.2061 -0.2061 -0.2061 -0.2061 -0.2061 -0.2061 -0.2159 -0.2159 -0.2159 -0.2159 -0.2159 -0.2159 -0.2159 -0.2250 -0.2250 -0.2250 -0.2250 -0.2250 -0.2250 -0.2250 -0.2327 0.1073 0.1073 0.0440 -0.0666 
I = 14.9000 9.4000 9.4000 9.4000 9.4000 9.4000 9.4000 9.4000 6.0000 6.0000 6.0000 6.0000 6.0000 6.0000 6.0000 2.0000 2.0000 2.0000 2.0000 2.0000 2.0000 2.0000 -2.0000 26.2392 26.2392 10.0000 3.6898 
S1 = 0.0000 0.0000 0.0000 0.0000 0.0000 0.0000 0.0000 0.0000 0.0000 0.0000 0.0000 0.0000 0.0000 0.0000 0.0000 0.0000 0.0000 0.0000 0.0000 0.0000 0.0000 0.0000 0.0000 0.0000 0.0000 0.0000 0.0000 
S2 = 0.0000 0.0000 0.0000 0.0000 0.0000 0.0000 0.0000 0.0000 0.0000 0.0000 0.0000 0.0000 0.0000 0.0000 0.0000 0.0000 0.0000 0.0000 0.0000 0.0000 0.0000 0.0000 0.0000 2.2392 2.2392 0.0000 14.6898 
u = 7.9809 7.7971 7.7971 7.7971 7.7971 7.7971 7.7971 7.7971 7.7180 7.7180 7.7180 7.7180 7.7180 7.7180 7.7180 7.6392 7.6392 7.6392 7.6392 7.6392 7.6392 7.6392 7.5703 11.3306 11.3306 11.9887 9.1103 
v = 35.5366 26.4454 26.4454 26.4454 26.4454 26.4454 26.4454 26.4454 23.2153 23.2153 23.2153 23.2153 23.2153 23.2153 23.2153 20.1397 20.1397 20.1397 20.1397 20.1397 20.1397 20.1397 17.5193 83.4801 83.4801 70.9330 28.9087 
