ExternalI = 5.5000 0.0000 0.0000 0.0000 0.0000 0.0000 0.0000 0.0000 4.0000 4.0000 4.0000 4.0000 4.0000 4.0000 4.0000 0.0000 0.0000 0.0000 0.0000 0.0000 0.0000 0.0000 0.0000 8.0000 8.0000 0.0000 0.0000 
before u = 7.9809 7.7971 7.7971 7.7971 7.7971 7.7971 7.7971 7.7971 7.7180 7.7180 7.7180 7.7180 7.7180 7.7180 7.7180 7.6392 7.6392 7.6392 7.6392 7.6392 7.6392 7.6392 7.5703 11.3306 11.3306 11.9887 9.1103 
before v = 35.5366 26.4454 26.4454 26.4454 26.4454 26.4454 26.4454 26.4454 23.2153 23.2153 23.2153 23.2153 23.2153 23.2153 23.2153 20.1397 20.1397 20.1397 20.1397 20.1397 20.1397 20.1397 17.5193 83.4801 83.4801 70.9330 28.9087 
Ibias = 9.4000 9.4000 9.4000 9.4000 9.4000 9.4000 9.4000 9.4000 2.0000 2.0000 2.0000 2.0000 2.0000 2.0000 2.0000 2.0000 2.0000 2.0000 2.0000 2.0000 2.0000 2.0000 -2.0000 16.0000 16.0000 10.0000 -11.0000 
fa1 = 0.8233 0.2411 0.2411 0.2411 0.2411 0.2411 0.2411 0.2411 0.1942 0.1942 0.1942 0.1942 0.1942 0.1942 0.1942 0.1660 0.1660 0.1660 0.1660 0.1660 0.1660 0.1660 0.1488 103.2210 103.2210 46.4718 1.2525 
fa2 = 0.8235 0.2411 0.2411 0.2411 0.2411 0.2411 0.2411 0.2411 0.1941 0.1941 0.1941 0.1941 0.1941 0.1941 0.1941 0.1660 0.1660 0.1660 0.1660 0.1660 0.1660 0.1660 0.1488 105.1296 105.1296 47.0952 1.2485 
fa3 = 0.8235 0.2411 0.2411 0.2411 0.2411 0.2411 0.2411 0.2411 0.1941 0.1941 0.1941 0.1941 0.1941 0.1941 0.1941 0.1660 0.1660 0.1660 0.1660 0.1660 0.1660 0.1660 0.1488 105.1651 105.1651 47.1036 1.2486 
fa4 = 0.8238 0.2410 0.2410 0.2410 0.2410 0.2410 0.2410 0.2410 0.1941 0.1941 0.1941 0.1941 0.1941 0.1941 0.1941 0.1659 0.1659 0.1659 0.1659 0.1659 0.1659 0.1659 0.1488 107.1326 107.1326 47.7401 1.2446 
fb1 = -0.1771 -0.2061 -0.2061 -0.2061 -0.2061 -0.2061 -0.2061 -0.2061 -0.2159 -0.2159 -0.2159 -0.2159 -0.2159 -0.2159 -0.2159 -0.2250 -0.2250 -0.2250 -0.2250 -0.2250 -0.2250 -0.2250 -0.2327 0.1073 0.1073 0.0440 -0.0666 
fb2 = -0.1770 -0.2061 -0.2061 -0.2061 -0.2061 -0.2061 -0.2061 -0.2061 -0.2158 -0.2158 -0.2158 -0.2158 -0.2158 -0.2158 -0.2158 -0.2250 -0.2250 -0.2250 -0.2250 -0.2250 -0.2250 -0.2250 -0.2327 0.1094 0.1094 0.0449 -0.0665 
fb3 = -0.1770 -0.2061 -0.2061 -0.2061 -0.2061 -0.2061 -0.2061 -0.2061 -0.2158 -0.2158 -0.2158 -0.2158 -0.2158 -0.2158 -0.2158 -0.2250 -0.2250 -0.2250 -0.2250 -0.2250 -0.2250 -0.2250 -0.2327 0.1094 0.1094 0.0449 -0.0665 
fb4 = -0.1770 -0.2060 -0.2060 -0.2060 -0.2060 -0.2060 -0.2060 -0.2060 -0.2158 -0.2158 -0.2158 -0.2158 -0.2158 -0.2158 -0.2158 -0.2249 -0.2249 -0.2249 -0.2249 -0.2249 -0.2249 -0.2249 -0.2326 0.1115 0.1115 0.0458 -0.0665 
I = 14.9000 9.4000 9.4000 9.4000 9.4000 9.4000 9.4000 9.4000 6.0000 6.0000 6.0000 6.0000 6.0000 6.0000 6.0000 2.0000 2.0000 2.0000 2.0000 2.0000 2.0000 2.0000 -2.0000 26.2347 26.2347 10.0000 3.6604 
S1 = 0.0000 0.0000 0.0000 0.0000 0.0000 0.0000 0.0000 0.0000 0.0000 0.0000 0.0000 0.0000 0.0000 0.0000 0.0000 0.0000 0.0000 0.0000 0.0000 0.0000 0.0000 0.0000 0.0000 0.0000 0.0000 0.0000 0.0000 
S2 = 0.0000 0.0000 0.0000 0.0000 0.0000 0.0000 0.0000 0.0000 0.0000 0.0000 0.0000 0.0000 0.0000 0.0000 0.0000 0.0000 0.0000 0.0000 0.0000 0.0000 0.0000 0.0000 0.0000 2.2347 2.2347 0.0000 14.6604 
u = 7.9792 7.7950 7.7950 7.7950 7.7950 7.7950 7.7950 7.7950 7.7158 7.7158 7.7158 7.7158 7.7158 7.7158 7.7158 7.6370 7.6370 7.6370 7.6370 7.6370 7.6370 7.6370 7.5679 11.3317 11.3317 11.9892 9.1096 
v = 35.5448 26.4478 26.4478 26.4478 26.4478 26.4478 26.4478 26.4478 23.2172 23.2172 23.2172 23.2172 23.2172 23.2172 23.2172 20.1413 20.1413 20.1413 20.1413 20.1413 20.1413 20.1413 17.5208 84.5317 84.5317 71.4040 28.9212 
