ExternalI = 5.5000 0.0000 0.0000 0.0000 0.0000 0.0000 0.0000 0.0000 4.0000 4.0000 4.0000 4.0000 4.0000 4.0000 4.0000 0.0000 0.0000 0.0000 0.0000 0.0000 0.0000 0.0000 0.0000 8.0000 8.0000 0.0000 0.0000 
before u = 7.9792 7.7950 7.7950 7.7950 7.7950 7.7950 7.7950 7.7950 7.7158 7.7158 7.7158 7.7158 7.7158 7.7158 7.7158 7.6370 7.6370 7.6370 7.6370 7.6370 7.6370 7.6370 7.5679 11.3317 11.3317 11.9892 9.1096 
before v = 35.5448 26.4478 26.4478 26.4478 26.4478 26.4478 26.4478 26.4478 23.2172 23.2172 23.2172 23.2172 23.2172 23.2172 23.2172 20.1413 20.1413 20.1413 20.1413 20.1413 20.1413 20.1413 17.5208 84.5317 84.5317 71.4040 28.9212 
Ibias = 9.4000 9.4000 9.4000 9.4000 9.4000 9.4000 9.4000 9.4000 2.0000 2.0000 2.0000 2.0000 2.0000 2.0000 2.0000 2.0000 2.0000 2.0000 2.0000 2.0000 2.0000 2.0000 -2.0000 16.0000 16.0000 10.0000 -11.0000 
fa1 = 0.8238 0.2410 0.2410 0.2410 0.2410 0.2410 0.2410 0.2410 0.1941 0.1941 0.1941 0.1941 0.1941 0.1941 0.1941 0.1659 0.1659 0.1659 0.1659 0.1659 0.1659 0.1659 0.1488 107.1278 107.1278 47.7400 1.2153 
fa2 = 0.8240 0.2410 0.2410 0.2410 0.2410 0.2410 0.2410 0.2410 0.1941 0.1941 0.1941 0.1941 0.1941 0.1941 0.1941 0.1659 0.1659 0.1659 0.1659 0.1659 0.1659 0.1659 0.1488 109.1541 109.1541 48.3895 1.2114 
fa3 = 0.8240 0.2410 0.2410 0.2410 0.2410 0.2410 0.2410 0.2410 0.1941 0.1941 0.1941 0.1941 0.1941 0.1941 0.1941 0.1659 0.1659 0.1659 0.1659 0.1659 0.1659 0.1659 0.1488 109.1926 109.1926 48.3984 1.2115 
fa4 = 0.8242 0.2409 0.2409 0.2409 0.2409 0.2409 0.2409 0.2409 0.1940 0.1940 0.1940 0.1940 0.1940 0.1940 0.1940 0.1659 0.1659 0.1659 0.1659 0.1659 0.1659 0.1659 0.1487 111.2828 111.2828 49.0617 1.2076 
fb1 = -0.1770 -0.2060 -0.2060 -0.2060 -0.2060 -0.2060 -0.2060 -0.2060 -0.2158 -0.2158 -0.2158 -0.2158 -0.2158 -0.2158 -0.2158 -0.2249 -0.2249 -0.2249 -0.2249 -0.2249 -0.2249 -0.2249 -0.2326 0.1115 0.1115 0.0458 -0.0665 
fb2 = -0.1769 -0.2060 -0.2060 -0.2060 -0.2060 -0.2060 -0.2060 -0.2060 -0.2157 -0.2157 -0.2157 -0.2157 -0.2157 -0.2157 -0.2157 -0.2249 -0.2249 -0.2249 -0.2249 -0.2249 -0.2249 -0.2249 -0.2326 0.1136 0.1136 0.0468 -0.0665 
fb3 = -0.1769 -0.2060 -0.2060 -0.2060 -0.2060 -0.2060 -0.2060 -0.2060 -0.2157 -0.2157 -0.2157 -0.2157 -0.2157 -0.2157 -0.2157 -0.2249 -0.2249 -0.2249 -0.2249 -0.2249 -0.2249 -0.2249 -0.2326 0.1137 0.1137 0.0468 -0.0665 
fb4 = -0.1769 -0.2059 -0.2059 -0.2059 -0.2059 -0.2059 -0.2059 -0.2059 -0.2157 -0.2157 -0.2157 -0.2157 -0.2157 -0.2157 -0.2157 -0.2248 -0.2248 -0.2248 -0.2248 -0.2248 -0.2248 -0.2248 -0.2325 0.1158 0.1158 0.0478 -0.0664 
I = 14.9000 9.4000 9.4000 9.4000 9.4000 9.4000 9.4000 9.4000 6.0000 6.0000 6.0000 6.0000 6.0000 6.0000 6.0000 2.0000 2.0000 2.0000 2.0000 2.0000 2.0000 2.0000 -2.0000 26.2302 26.2302 10.0000 3.6311 
S1 = 0.0000 0.0000 0.0000 0.0000 0.0000 0.0000 0.0000 0.0000 0.0000 0.0000 0.0000 0.0000 0.0000 0.0000 0.0000 0.0000 0.0000 0.0000 0.0000 0.0000 0.0000 0.0000 0.0000 0.0000 0.0000 0.0000 0.0000 
S2 = 0.0000 0.0000 0.0000 0.0000 0.0000 0.0000 0.0000 0.0000 0.0000 0.0000 0.0000 0.0000 0.0000 0.0000 0.0000 0.0000 0.0000 0.0000 0.0000 0.0000 0.0000 0.0000 0.0000 2.2302 2.2302 0.0000 14.6311 
u = 7.9774 7.7929 7.7929 7.7929 7.7929 7.7929 7.7929 7.7929 7.7137 7.7137 7.7137 7.7137 7.7137 7.7137 7.7137 7.6347 7.6347 7.6347 7.6347 7.6347 7.6347 7.6347 7.5656 11.3328 11.3328 11.9896 9.1090 
v = 35.5531 26.4502 26.4502 26.4502 26.4502 26.4502 26.4502 26.4502 23.2191 23.2191 23.2191 23.2191 23.2191 23.2191 23.2191 20.1430 20.1430 20.1430 20.1430 20.1430 20.1430 20.1430 17.5223 85.6235 85.6235 71.8879 28.9333 
