ExternalI = 5.5000 0.0000 0.0000 0.0000 0.0000 0.0000 0.0000 0.0000 4.0000 4.0000 4.0000 4.0000 4.0000 4.0000 4.0000 0.0000 0.0000 0.0000 0.0000 0.0000 0.0000 0.0000 0.0000 8.0000 8.0000 0.0000 0.0000 
before u = 7.9774 7.7929 7.7929 7.7929 7.7929 7.7929 7.7929 7.7929 7.7137 7.7137 7.7137 7.7137 7.7137 7.7137 7.7137 7.6347 7.6347 7.6347 7.6347 7.6347 7.6347 7.6347 7.5656 11.3328 11.3328 11.9896 9.1090 
before v = 35.5531 26.4502 26.4502 26.4502 26.4502 26.4502 26.4502 26.4502 23.2191 23.2191 23.2191 23.2191 23.2191 23.2191 23.2191 20.1430 20.1430 20.1430 20.1430 20.1430 20.1430 20.1430 17.5223 85.6235 85.6235 71.8879 28.9333 
Ibias = 9.4000 9.4000 9.4000 9.4000 9.4000 9.4000 9.4000 9.4000 2.0000 2.0000 2.0000 2.0000 2.0000 2.0000 2.0000 2.0000 2.0000 2.0000 2.0000 2.0000 2.0000 2.0000 -2.0000 16.0000 16.0000 10.0000 -11.0000 
fa1 = 0.8242 0.2409 0.2409 0.2409 0.2409 0.2409 0.2409 0.2409 0.1940 0.1940 0.1940 0.1940 0.1940 0.1940 0.1940 0.1659 0.1659 0.1659 0.1659 0.1659 0.1659 0.1659 0.1487 111.2780 111.2780 49.0616 1.1784 
fa2 = 0.8245 0.2409 0.2409 0.2409 0.2409 0.2409 0.2409 0.2409 0.1940 0.1940 0.1940 0.1940 0.1940 0.1940 0.1940 0.1659 0.1659 0.1659 0.1659 0.1659 0.1659 0.1659 0.1487 113.4318 113.4318 49.7386 1.1747 
fa3 = 0.8245 0.2409 0.2409 0.2409 0.2409 0.2409 0.2409 0.2409 0.1940 0.1940 0.1940 0.1940 0.1940 0.1940 0.1940 0.1659 0.1659 0.1659 0.1659 0.1659 0.1659 0.1659 0.1487 113.4737 113.4737 49.7480 1.1747 
fa4 = 0.8247 0.2409 0.2409 0.2409 0.2409 0.2409 0.2409 0.2409 0.1940 0.1940 0.1940 0.1940 0.1940 0.1940 0.1940 0.1658 0.1658 0.1658 0.1658 0.1658 0.1658 0.1658 0.1487 115.6969 115.6969 50.4396 1.1710 
fb1 = -0.1769 -0.2059 -0.2059 -0.2059 -0.2059 -0.2059 -0.2059 -0.2059 -0.2157 -0.2157 -0.2157 -0.2157 -0.2157 -0.2157 -0.2157 -0.2248 -0.2248 -0.2248 -0.2248 -0.2248 -0.2248 -0.2248 -0.2325 0.1158 0.1158 0.0478 -0.0664 
fb2 = -0.1768 -0.2059 -0.2059 -0.2059 -0.2059 -0.2059 -0.2059 -0.2059 -0.2156 -0.2156 -0.2156 -0.2156 -0.2156 -0.2156 -0.2156 -0.2248 -0.2248 -0.2248 -0.2248 -0.2248 -0.2248 -0.2248 -0.2325 0.1181 0.1181 0.0487 -0.0664 
fb3 = -0.1768 -0.2059 -0.2059 -0.2059 -0.2059 -0.2059 -0.2059 -0.2059 -0.2156 -0.2156 -0.2156 -0.2156 -0.2156 -0.2156 -0.2156 -0.2248 -0.2248 -0.2248 -0.2248 -0.2248 -0.2248 -0.2248 -0.2325 0.1181 0.1181 0.0487 -0.0664 
fb4 = -0.1768 -0.2058 -0.2058 -0.2058 -0.2058 -0.2058 -0.2058 -0.2058 -0.2156 -0.2156 -0.2156 -0.2156 -0.2156 -0.2156 -0.2156 -0.2247 -0.2247 -0.2247 -0.2247 -0.2247 -0.2247 -0.2247 -0.2324 0.1204 0.1204 0.0497 -0.0664 
I = 14.9000 9.4000 9.4000 9.4000 9.4000 9.4000 9.4000 9.4000 6.0000 6.0000 6.0000 6.0000 6.0000 6.0000 6.0000 2.0000 2.0000 2.0000 2.0000 2.0000 2.0000 2.0000 -2.0000 26.2258 26.2258 10.0000 3.6018 
S1 = 0.0000 0.0000 0.0000 0.0000 0.0000 0.0000 0.0000 0.0000 0.0000 0.0000 0.0000 0.0000 0.0000 0.0000 0.0000 0.0000 0.0000 0.0000 0.0000 0.0000 0.0000 0.0000 0.0000 0.0000 0.0000 0.0000 0.0000 
S2 = 0.0000 0.0000 0.0000 0.0000 0.0000 0.0000 0.0000 0.0000 0.0000 0.0000 0.0000 0.0000 0.0000 0.0000 0.0000 0.0000 0.0000 0.0000 0.0000 0.0000 0.0000 0.0000 0.0000 2.2258 2.2258 0.0000 14.6018 
u = 7.9756 7.7909 7.7909 7.7909 7.7909 7.7909 7.7909 7.7909 7.7115 7.7115 7.7115 7.7115 7.7115 7.7115 7.7115 7.6325 7.6325 7.6325 7.6325 7.6325 7.6325 7.6325 7.5633 11.3340 11.3340 11.9901 9.1083 
v = 35.5613 26.4526 26.4526 26.4526 26.4526 26.4526 26.4526 26.4526 23.2211 23.2211 23.2211 23.2211 23.2211 23.2211 23.2211 20.1447 20.1447 20.1447 20.1447 20.1447 20.1447 20.1447 17.5238 86.7582 86.7582 72.3854 28.9451 
