ExternalI = 5.5000 0.0000 0.0000 0.0000 0.0000 0.0000 0.0000 0.0000 4.0000 4.0000 4.0000 4.0000 4.0000 4.0000 4.0000 0.0000 0.0000 0.0000 0.0000 0.0000 0.0000 0.0000 0.0000 8.0000 8.0000 0.0000 0.0000 
before u = 7.9756 7.7909 7.7909 7.7909 7.7909 7.7909 7.7909 7.7909 7.7115 7.7115 7.7115 7.7115 7.7115 7.7115 7.7115 7.6325 7.6325 7.6325 7.6325 7.6325 7.6325 7.6325 7.5633 11.3340 11.3340 11.9901 9.1083 
before v = 35.5613 26.4526 26.4526 26.4526 26.4526 26.4526 26.4526 26.4526 23.2211 23.2211 23.2211 23.2211 23.2211 23.2211 23.2211 20.1447 20.1447 20.1447 20.1447 20.1447 20.1447 20.1447 17.5238 86.7582 86.7582 72.3854 28.9451 
Ibias = 9.4000 9.4000 9.4000 9.4000 9.4000 9.4000 9.4000 9.4000 2.0000 2.0000 2.0000 2.0000 2.0000 2.0000 2.0000 2.0000 2.0000 2.0000 2.0000 2.0000 2.0000 2.0000 -2.0000 16.0000 16.0000 10.0000 -11.0000 
fa1 = 0.8247 0.2409 0.2409 0.2409 0.2409 0.2409 0.2409 0.2409 0.1940 0.1940 0.1940 0.1940 0.1940 0.1940 0.1940 0.1658 0.1658 0.1658 0.1658 0.1658 0.1658 0.1658 0.1487 115.6921 115.6921 50.4395 1.1418 
fa2 = 0.8250 0.2408 0.2408 0.2408 0.2408 0.2408 0.2408 0.2408 0.1940 0.1940 0.1940 0.1940 0.1940 0.1940 0.1940 0.1658 0.1658 0.1658 0.1658 0.1658 0.1658 0.1658 0.1487 117.9844 117.9844 51.1457 1.1382 
fa3 = 0.8250 0.2408 0.2408 0.2408 0.2408 0.2408 0.2408 0.2408 0.1940 0.1940 0.1940 0.1940 0.1940 0.1940 0.1940 0.1658 0.1658 0.1658 0.1658 0.1658 0.1658 0.1658 0.1487 118.0301 118.0301 51.1556 1.1382 
fa4 = 0.8252 0.2408 0.2408 0.2408 0.2408 0.2408 0.2408 0.2408 0.1939 0.1939 0.1939 0.1939 0.1939 0.1939 0.1939 0.1658 0.1658 0.1658 0.1658 0.1658 0.1658 0.1658 0.1486 120.3977 120.3977 51.8772 1.1347 
fb1 = -0.1768 -0.2058 -0.2058 -0.2058 -0.2058 -0.2058 -0.2058 -0.2058 -0.2156 -0.2156 -0.2156 -0.2156 -0.2156 -0.2156 -0.2156 -0.2247 -0.2247 -0.2247 -0.2247 -0.2247 -0.2247 -0.2247 -0.2324 0.1204 0.1204 0.0497 -0.0664 
fb2 = -0.1767 -0.2058 -0.2058 -0.2058 -0.2058 -0.2058 -0.2058 -0.2058 -0.2155 -0.2155 -0.2155 -0.2155 -0.2155 -0.2155 -0.2155 -0.2247 -0.2247 -0.2247 -0.2247 -0.2247 -0.2247 -0.2247 -0.2324 0.1227 0.1227 0.0507 -0.0664 
fb3 = -0.1767 -0.2058 -0.2058 -0.2058 -0.2058 -0.2058 -0.2058 -0.2058 -0.2155 -0.2155 -0.2155 -0.2155 -0.2155 -0.2155 -0.2155 -0.2247 -0.2247 -0.2247 -0.2247 -0.2247 -0.2247 -0.2247 -0.2324 0.1227 0.1227 0.0508 -0.0664 
fb4 = -0.1767 -0.2057 -0.2057 -0.2057 -0.2057 -0.2057 -0.2057 -0.2057 -0.2155 -0.2155 -0.2155 -0.2155 -0.2155 -0.2155 -0.2155 -0.2246 -0.2246 -0.2246 -0.2246 -0.2246 -0.2246 -0.2246 -0.2323 0.1250 0.1250 0.0518 -0.0663 
I = 14.9000 9.4000 9.4000 9.4000 9.4000 9.4000 9.4000 9.4000 6.0000 6.0000 6.0000 6.0000 6.0000 6.0000 6.0000 2.0000 2.0000 2.0000 2.0000 2.0000 2.0000 2.0000 -2.0000 26.2213 26.2213 10.0000 3.5726 
S1 = 0.0000 0.0000 0.0000 0.0000 0.0000 0.0000 0.0000 0.0000 0.0000 0.0000 0.0000 0.0000 0.0000 0.0000 0.0000 0.0000 0.0000 0.0000 0.0000 0.0000 0.0000 0.0000 0.0000 0.0000 0.0000 0.0000 0.0000 
S2 = 0.0000 0.0000 0.0000 0.0000 0.0000 0.0000 0.0000 0.0000 0.0000 0.0000 0.0000 0.0000 0.0000 0.0000 0.0000 0.0000 0.0000 0.0000 0.0000 0.0000 0.0000 0.0000 0.0000 2.2213 2.2213 0.0000 14.5726 
u = 7.9738 7.7888 7.7888 7.7888 7.7888 7.7888 7.7888 7.7888 7.7094 7.7094 7.7094 7.7094 7.7094 7.7094 7.7094 7.6302 7.6302 7.6302 7.6302 7.6302 7.6302 7.6302 7.5610 11.3352 11.3352 11.9906 9.1076 
v = 35.5696 26.4551 26.4551 26.4551 26.4551 26.4551 26.4551 26.4551 23.2230 23.2230 23.2230 23.2230 23.2230 23.2230 23.2230 20.1463 20.1463 20.1463 20.1463 20.1463 20.1463 20.1463 17.5253 87.9384 87.9384 72.8969 28.9565 
