ExternalI = 5.5000 0.0000 0.0000 0.0000 0.0000 0.0000 0.0000 0.0000 4.0000 4.0000 4.0000 4.0000 4.0000 4.0000 4.0000 0.0000 0.0000 0.0000 0.0000 0.0000 0.0000 0.0000 0.0000 8.0000 8.0000 0.0000 0.0000 
before u = 7.9738 7.7888 7.7888 7.7888 7.7888 7.7888 7.7888 7.7888 7.7094 7.7094 7.7094 7.7094 7.7094 7.7094 7.7094 7.6302 7.6302 7.6302 7.6302 7.6302 7.6302 7.6302 7.5610 11.3352 11.3352 11.9906 9.1076 
before v = 35.5696 26.4551 26.4551 26.4551 26.4551 26.4551 26.4551 26.4551 23.2230 23.2230 23.2230 23.2230 23.2230 23.2230 23.2230 20.1463 20.1463 20.1463 20.1463 20.1463 20.1463 20.1463 17.5253 87.9384 87.9384 72.8969 28.9565 
Ibias = 9.4000 9.4000 9.4000 9.4000 9.4000 9.4000 9.4000 9.4000 2.0000 2.0000 2.0000 2.0000 2.0000 2.0000 2.0000 2.0000 2.0000 2.0000 2.0000 2.0000 2.0000 2.0000 -2.0000 16.0000 16.0000 10.0000 -11.0000 
fa1 = 0.8252 0.2408 0.2408 0.2408 0.2408 0.2408 0.2408 0.2408 0.1939 0.1939 0.1939 0.1939 0.1939 0.1939 0.1939 0.1658 0.1658 0.1658 0.1658 0.1658 0.1658 0.1658 0.1486 120.3929 120.3929 51.8771 1.1055 
fa2 = 0.8255 0.2408 0.2408 0.2408 0.2408 0.2408 0.2408 0.2408 0.1939 0.1939 0.1939 0.1939 0.1939 0.1939 0.1939 0.1657 0.1657 0.1657 0.1657 0.1657 0.1657 0.1657 0.1486 122.8357 122.8357 52.6140 1.1021 
fa3 = 0.8255 0.2408 0.2408 0.2408 0.2408 0.2408 0.2408 0.2408 0.1939 0.1939 0.1939 0.1939 0.1939 0.1939 0.1939 0.1657 0.1657 0.1657 0.1657 0.1657 0.1657 0.1657 0.1486 122.8856 122.8856 52.6245 1.1021 
fa4 = 0.8257 0.2407 0.2407 0.2407 0.2407 0.2407 0.2407 0.2407 0.1939 0.1939 0.1939 0.1939 0.1939 0.1939 0.1939 0.1657 0.1657 0.1657 0.1657 0.1657 0.1657 0.1657 0.1486 125.4105 125.4105 53.3778 1.0987 
fb1 = -0.1767 -0.2057 -0.2057 -0.2057 -0.2057 -0.2057 -0.2057 -0.2057 -0.2155 -0.2155 -0.2155 -0.2155 -0.2155 -0.2155 -0.2155 -0.2246 -0.2246 -0.2246 -0.2246 -0.2246 -0.2246 -0.2246 -0.2323 0.1250 0.1250 0.0518 -0.0663 
fb2 = -0.1766 -0.2057 -0.2057 -0.2057 -0.2057 -0.2057 -0.2057 -0.2057 -0.2154 -0.2154 -0.2154 -0.2154 -0.2154 -0.2154 -0.2154 -0.2246 -0.2246 -0.2246 -0.2246 -0.2246 -0.2246 -0.2246 -0.2323 0.1274 0.1274 0.0528 -0.0663 
fb3 = -0.1766 -0.2057 -0.2057 -0.2057 -0.2057 -0.2057 -0.2057 -0.2057 -0.2154 -0.2154 -0.2154 -0.2154 -0.2154 -0.2154 -0.2154 -0.2246 -0.2246 -0.2246 -0.2246 -0.2246 -0.2246 -0.2246 -0.2323 0.1275 0.1275 0.0528 -0.0663 
fb4 = -0.1766 -0.2056 -0.2056 -0.2056 -0.2056 -0.2056 -0.2056 -0.2056 -0.2154 -0.2154 -0.2154 -0.2154 -0.2154 -0.2154 -0.2154 -0.2245 -0.2245 -0.2245 -0.2245 -0.2245 -0.2245 -0.2245 -0.2322 0.1299 0.1299 0.0539 -0.0663 
I = 14.9000 9.4000 9.4000 9.4000 9.4000 9.4000 9.4000 9.4000 6.0000 6.0000 6.0000 6.0000 6.0000 6.0000 6.0000 2.0000 2.0000 2.0000 2.0000 2.0000 2.0000 2.0000 -2.0000 26.2169 26.2169 10.0000 3.5435 
S1 = 0.0000 0.0000 0.0000 0.0000 0.0000 0.0000 0.0000 0.0000 0.0000 0.0000 0.0000 0.0000 0.0000 0.0000 0.0000 0.0000 0.0000 0.0000 0.0000 0.0000 0.0000 0.0000 0.0000 0.0000 0.0000 0.0000 0.0000 
S2 = 0.0000 0.0000 0.0000 0.0000 0.0000 0.0000 0.0000 0.0000 0.0000 0.0000 0.0000 0.0000 0.0000 0.0000 0.0000 0.0000 0.0000 0.0000 0.0000 0.0000 0.0000 0.0000 0.0000 2.2169 2.2169 0.0000 14.5435 
u = 7.9721 7.7868 7.7868 7.7868 7.7868 7.7868 7.7868 7.7868 7.7072 7.7072 7.7072 7.7072 7.7072 7.7072 7.7072 7.6280 7.6280 7.6280 7.6280 7.6280 7.6280 7.6280 7.5586 11.3365 11.3365 11.9912 9.1070 
v = 35.5778 26.4575 26.4575 26.4575 26.4575 26.4575 26.4575 26.4575 23.2250 23.2250 23.2250 23.2250 23.2250 23.2250 23.2250 20.1480 20.1480 20.1480 20.1480 20.1480 20.1480 20.1480 17.5268 89.1671 89.1671 73.4232 28.9675 
