ExternalI = 5.5000 0.0000 0.0000 0.0000 0.0000 0.0000 0.0000 0.0000 4.0000 4.0000 4.0000 4.0000 4.0000 4.0000 4.0000 0.0000 0.0000 0.0000 0.0000 0.0000 0.0000 0.0000 0.0000 8.0000 8.0000 0.0000 0.0000 
before u = 7.9721 7.7868 7.7868 7.7868 7.7868 7.7868 7.7868 7.7868 7.7072 7.7072 7.7072 7.7072 7.7072 7.7072 7.7072 7.6280 7.6280 7.6280 7.6280 7.6280 7.6280 7.6280 7.5586 11.3365 11.3365 11.9912 9.1070 
before v = 35.5778 26.4575 26.4575 26.4575 26.4575 26.4575 26.4575 26.4575 23.2250 23.2250 23.2250 23.2250 23.2250 23.2250 23.2250 20.1480 20.1480 20.1480 20.1480 20.1480 20.1480 20.1480 17.5268 89.1671 89.1671 73.4232 28.9675 
Ibias = 9.4000 9.4000 9.4000 9.4000 9.4000 9.4000 9.4000 9.4000 2.0000 2.0000 2.0000 2.0000 2.0000 2.0000 2.0000 2.0000 2.0000 2.0000 2.0000 2.0000 2.0000 2.0000 -2.0000 16.0000 16.0000 10.0000 -11.0000 
fa1 = 0.8257 0.2407 0.2407 0.2407 0.2407 0.2407 0.2407 0.2407 0.1939 0.1939 0.1939 0.1939 0.1939 0.1939 0.1939 0.1657 0.1657 0.1657 0.1657 0.1657 0.1657 0.1657 0.1486 125.4056 125.4056 53.3778 1.0696 
fa2 = 0.8260 0.2407 0.2407 0.2407 0.2407 0.2407 0.2407 0.2407 0.1938 0.1938 0.1938 0.1938 0.1938 0.1938 0.1938 0.1657 0.1657 0.1657 0.1657 0.1657 0.1657 0.1657 0.1486 128.0124 128.0124 54.1473 1.0663 
fa3 = 0.8260 0.2407 0.2407 0.2407 0.2407 0.2407 0.2407 0.2407 0.1938 0.1938 0.1938 0.1938 0.1938 0.1938 0.1938 0.1657 0.1657 0.1657 0.1657 0.1657 0.1657 0.1657 0.1486 128.0670 128.0670 54.1585 1.0663 
fa4 = 0.8262 0.2407 0.2407 0.2407 0.2407 0.2407 0.2407 0.2407 0.1938 0.1938 0.1938 0.1938 0.1938 0.1938 0.1938 0.1657 0.1657 0.1657 0.1657 0.1657 0.1657 0.1657 0.1485 130.7634 130.7634 54.9454 1.0630 
fb1 = -0.1766 -0.2056 -0.2056 -0.2056 -0.2056 -0.2056 -0.2056 -0.2056 -0.2154 -0.2154 -0.2154 -0.2154 -0.2154 -0.2154 -0.2154 -0.2245 -0.2245 -0.2245 -0.2245 -0.2245 -0.2245 -0.2245 -0.2322 0.1299 0.1299 0.0539 -0.0663 
fb2 = -0.1765 -0.2056 -0.2056 -0.2056 -0.2056 -0.2056 -0.2056 -0.2056 -0.2153 -0.2153 -0.2153 -0.2153 -0.2153 -0.2153 -0.2153 -0.2245 -0.2245 -0.2245 -0.2245 -0.2245 -0.2245 -0.2245 -0.2322 0.1324 0.1324 0.0549 -0.0662 
fb3 = -0.1765 -0.2056 -0.2056 -0.2056 -0.2056 -0.2056 -0.2056 -0.2056 -0.2153 -0.2153 -0.2153 -0.2153 -0.2153 -0.2153 -0.2153 -0.2245 -0.2245 -0.2245 -0.2245 -0.2245 -0.2245 -0.2245 -0.2322 0.1325 0.1325 0.0549 -0.0662 
fb4 = -0.1765 -0.2055 -0.2055 -0.2055 -0.2055 -0.2055 -0.2055 -0.2055 -0.2153 -0.2153 -0.2153 -0.2153 -0.2153 -0.2153 -0.2153 -0.2244 -0.2244 -0.2244 -0.2244 -0.2244 -0.2244 -0.2244 -0.2321 0.1350 0.1350 0.0560 -0.0662 
I = 14.9000 9.4000 9.4000 9.4000 9.4000 9.4000 9.4000 9.4000 6.0000 6.0000 6.0000 6.0000 6.0000 6.0000 6.0000 2.0000 2.0000 2.0000 2.0000 2.0000 2.0000 2.0000 -2.0000 26.2124 26.2124 10.0000 3.5144 
S1 = 0.0000 0.0000 0.0000 0.0000 0.0000 0.0000 0.0000 0.0000 0.0000 0.0000 0.0000 0.0000 0.0000 0.0000 0.0000 0.0000 0.0000 0.0000 0.0000 0.0000 0.0000 0.0000 0.0000 0.0000 0.0000 0.0000 0.0000 
S2 = 0.0000 0.0000 0.0000 0.0000 0.0000 0.0000 0.0000 0.0000 0.0000 0.0000 0.0000 0.0000 0.0000 0.0000 0.0000 0.0000 0.0000 0.0000 0.0000 0.0000 0.0000 0.0000 0.0000 2.2124 2.2124 0.0000 14.5144 
u = 7.9703 7.7847 7.7847 7.7847 7.7847 7.7847 7.7847 7.7847 7.7051 7.7051 7.7051 7.7051 7.7051 7.7051 7.7051 7.6257 7.6257 7.6257 7.6257 7.6257 7.6257 7.6257 7.5563 11.3378 11.3378 11.9917 9.1063 
v = 35.5861 26.4599 26.4599 26.4599 26.4599 26.4599 26.4599 26.4599 23.2269 23.2269 23.2269 23.2269 23.2269 23.2269 23.2269 20.1496 20.1496 20.1496 20.1496 20.1496 20.1496 20.1496 17.5282 90.4477 90.4477 73.9647 28.9781 
