ExternalI = 5.5000 0.0000 0.0000 0.0000 0.0000 0.0000 0.0000 0.0000 4.0000 4.0000 4.0000 4.0000 4.0000 4.0000 4.0000 0.0000 0.0000 0.0000 0.0000 0.0000 0.0000 0.0000 0.0000 8.0000 8.0000 0.0000 0.0000 
before u = 7.9703 7.7847 7.7847 7.7847 7.7847 7.7847 7.7847 7.7847 7.7051 7.7051 7.7051 7.7051 7.7051 7.7051 7.7051 7.6257 7.6257 7.6257 7.6257 7.6257 7.6257 7.6257 7.5563 11.3378 11.3378 11.9917 9.1063 
before v = 35.5861 26.4599 26.4599 26.4599 26.4599 26.4599 26.4599 26.4599 23.2269 23.2269 23.2269 23.2269 23.2269 23.2269 23.2269 20.1496 20.1496 20.1496 20.1496 20.1496 20.1496 20.1496 17.5282 90.4477 90.4477 73.9647 28.9781 
Ibias = 9.4000 9.4000 9.4000 9.4000 9.4000 9.4000 9.4000 9.4000 2.0000 2.0000 2.0000 2.0000 2.0000 2.0000 2.0000 2.0000 2.0000 2.0000 2.0000 2.0000 2.0000 2.0000 -2.0000 16.0000 16.0000 10.0000 -11.0000 
fa1 = 0.8262 0.2407 0.2407 0.2407 0.2407 0.2407 0.2407 0.2407 0.1938 0.1938 0.1938 0.1938 0.1938 0.1938 0.1938 0.1657 0.1657 0.1657 0.1657 0.1657 0.1657 0.1657 0.1485 130.7584 130.7584 54.9453 1.0339 
fa2 = 0.8265 0.2406 0.2406 0.2406 0.2406 0.2406 0.2406 0.2406 0.1938 0.1938 0.1938 0.1938 0.1938 0.1938 0.1938 0.1656 0.1656 0.1656 0.1656 0.1656 0.1656 0.1656 0.1485 133.5442 133.5442 55.7495 1.0307 
fa3 = 0.8265 0.2406 0.2406 0.2406 0.2406 0.2406 0.2406 0.2406 0.1938 0.1938 0.1938 0.1938 0.1938 0.1938 0.1938 0.1656 0.1656 0.1656 0.1656 0.1656 0.1656 0.1656 0.1485 133.6039 133.6039 55.7613 1.0307 
fa4 = 0.8267 0.2406 0.2406 0.2406 0.2406 0.2406 0.2406 0.2406 0.1937 0.1937 0.1937 0.1937 0.1937 0.1937 0.1937 0.1656 0.1656 0.1656 0.1656 0.1656 0.1656 0.1656 0.1485 136.4877 136.4877 56.5838 1.0276 
fb1 = -0.1765 -0.2055 -0.2055 -0.2055 -0.2055 -0.2055 -0.2055 -0.2055 -0.2153 -0.2153 -0.2153 -0.2153 -0.2153 -0.2153 -0.2153 -0.2244 -0.2244 -0.2244 -0.2244 -0.2244 -0.2244 -0.2244 -0.2321 0.1350 0.1350 0.0560 -0.0662 
fb2 = -0.1764 -0.2055 -0.2055 -0.2055 -0.2055 -0.2055 -0.2055 -0.2055 -0.2152 -0.2152 -0.2152 -0.2152 -0.2152 -0.2152 -0.2152 -0.2244 -0.2244 -0.2244 -0.2244 -0.2244 -0.2244 -0.2244 -0.2321 0.1376 0.1376 0.0571 -0.0662 
fb3 = -0.1764 -0.2055 -0.2055 -0.2055 -0.2055 -0.2055 -0.2055 -0.2055 -0.2152 -0.2152 -0.2152 -0.2152 -0.2152 -0.2152 -0.2152 -0.2244 -0.2244 -0.2244 -0.2244 -0.2244 -0.2244 -0.2244 -0.2321 0.1377 0.1377 0.0571 -0.0662 
fb4 = -0.1764 -0.2055 -0.2055 -0.2055 -0.2055 -0.2055 -0.2055 -0.2055 -0.2152 -0.2152 -0.2152 -0.2152 -0.2152 -0.2152 -0.2152 -0.2243 -0.2243 -0.2243 -0.2243 -0.2243 -0.2243 -0.2243 -0.2320 0.1404 0.1404 0.0582 -0.0662 
I = 14.9000 9.4000 9.4000 9.4000 9.4000 9.4000 9.4000 9.4000 6.0000 6.0000 6.0000 6.0000 6.0000 6.0000 6.0000 2.0000 2.0000 2.0000 2.0000 2.0000 2.0000 2.0000 -2.0000 26.2080 26.2080 10.0000 3.4854 
S1 = 0.0000 0.0000 0.0000 0.0000 0.0000 0.0000 0.0000 0.0000 0.0000 0.0000 0.0000 0.0000 0.0000 0.0000 0.0000 0.0000 0.0000 0.0000 0.0000 0.0000 0.0000 0.0000 0.0000 0.0000 0.0000 0.0000 0.0000 
S2 = 0.0000 0.0000 0.0000 0.0000 0.0000 0.0000 0.0000 0.0000 0.0000 0.0000 0.0000 0.0000 0.0000 0.0000 0.0000 0.0000 0.0000 0.0000 0.0000 0.0000 0.0000 0.0000 0.0000 2.2080 2.2080 0.0000 14.4854 
u = 7.9686 7.7827 7.7827 7.7827 7.7827 7.7827 7.7827 7.7827 7.7029 7.7029 7.7029 7.7029 7.7029 7.7029 7.7029 7.6235 7.6235 7.6235 7.6235 7.6235 7.6235 7.6235 7.5540 11.3392 11.3392 11.9923 9.1057 
v = 35.5944 26.4623 26.4623 26.4623 26.4623 26.4623 26.4623 26.4623 23.2288 23.2288 23.2288 23.2288 23.2288 23.2288 23.2288 20.1513 20.1513 20.1513 20.1513 20.1513 20.1513 20.1513 17.5297 91.7836 91.7836 74.5223 28.9884 
