ExternalI = 5.5000 0.0000 0.0000 0.0000 0.0000 0.0000 0.0000 0.0000 4.0000 4.0000 4.0000 4.0000 4.0000 4.0000 4.0000 0.0000 0.0000 0.0000 0.0000 0.0000 0.0000 0.0000 0.0000 8.0000 8.0000 0.0000 0.0000 
before u = 7.9686 7.7827 7.7827 7.7827 7.7827 7.7827 7.7827 7.7827 7.7029 7.7029 7.7029 7.7029 7.7029 7.7029 7.7029 7.6235 7.6235 7.6235 7.6235 7.6235 7.6235 7.6235 7.5540 11.3392 11.3392 11.9923 9.1057 
before v = 35.5944 26.4623 26.4623 26.4623 26.4623 26.4623 26.4623 26.4623 23.2288 23.2288 23.2288 23.2288 23.2288 23.2288 23.2288 20.1513 20.1513 20.1513 20.1513 20.1513 20.1513 20.1513 17.5297 91.7836 91.7836 74.5223 28.9884 
Ibias = 9.4000 9.4000 9.4000 9.4000 9.4000 9.4000 9.4000 9.4000 2.0000 2.0000 2.0000 2.0000 2.0000 2.0000 2.0000 2.0000 2.0000 2.0000 2.0000 2.0000 2.0000 2.0000 -2.0000 16.0000 16.0000 10.0000 -11.0000 
fa1 = 0.8267 0.2406 0.2406 0.2406 0.2406 0.2406 0.2406 0.2406 0.1937 0.1937 0.1937 0.1937 0.1937 0.1937 0.1937 0.1656 0.1656 0.1656 0.1656 0.1656 0.1656 0.1656 0.1485 136.4827 136.4827 56.5837 0.9986 
fa2 = 0.8270 0.2406 0.2406 0.2406 0.2406 0.2406 0.2406 0.2406 0.1937 0.1937 0.1937 0.1937 0.1937 0.1937 0.1937 0.1656 0.1656 0.1656 0.1656 0.1656 0.1656 0.1656 0.1485 139.4641 139.4641 57.4246 0.9955 
fa3 = 0.8270 0.2406 0.2406 0.2406 0.2406 0.2406 0.2406 0.2406 0.1937 0.1937 0.1937 0.1937 0.1937 0.1937 0.1937 0.1656 0.1656 0.1656 0.1656 0.1656 0.1656 0.1656 0.1485 139.5296 139.5296 57.4371 0.9955 
fa4 = 0.8272 0.2405 0.2405 0.2405 0.2405 0.2405 0.2405 0.2405 0.1937 0.1937 0.1937 0.1937 0.1937 0.1937 0.1937 0.1656 0.1656 0.1656 0.1656 0.1656 0.1656 0.1656 0.1484 142.6184 142.6184 58.2975 0.9925 
fb1 = -0.1764 -0.2055 -0.2055 -0.2055 -0.2055 -0.2055 -0.2055 -0.2055 -0.2152 -0.2152 -0.2152 -0.2152 -0.2152 -0.2152 -0.2152 -0.2243 -0.2243 -0.2243 -0.2243 -0.2243 -0.2243 -0.2243 -0.2320 0.1404 0.1404 0.0582 -0.0662 
fb2 = -0.1763 -0.2054 -0.2054 -0.2054 -0.2054 -0.2054 -0.2054 -0.2054 -0.2152 -0.2152 -0.2152 -0.2152 -0.2152 -0.2152 -0.2152 -0.2243 -0.2243 -0.2243 -0.2243 -0.2243 -0.2243 -0.2243 -0.2320 0.1431 0.1431 0.0594 -0.0661 
fb3 = -0.1763 -0.2054 -0.2054 -0.2054 -0.2054 -0.2054 -0.2054 -0.2054 -0.2152 -0.2152 -0.2152 -0.2152 -0.2152 -0.2152 -0.2152 -0.2243 -0.2243 -0.2243 -0.2243 -0.2243 -0.2243 -0.2243 -0.2320 0.1431 0.1431 0.0594 -0.0661 
fb4 = -0.1763 -0.2054 -0.2054 -0.2054 -0.2054 -0.2054 -0.2054 -0.2054 -0.2151 -0.2151 -0.2151 -0.2151 -0.2151 -0.2151 -0.2151 -0.2242 -0.2242 -0.2242 -0.2242 -0.2242 -0.2242 -0.2242 -0.2319 0.1459 0.1459 0.0605 -0.0661 
I = 14.9000 9.4000 9.4000 9.4000 9.4000 9.4000 9.4000 9.4000 6.0000 6.0000 6.0000 6.0000 6.0000 6.0000 6.0000 2.0000 2.0000 2.0000 2.0000 2.0000 2.0000 2.0000 -2.0000 26.2036 26.2036 10.0000 3.4564 
S1 = 0.0000 0.0000 0.0000 0.0000 0.0000 0.0000 0.0000 0.0000 0.0000 0.0000 0.0000 0.0000 0.0000 0.0000 0.0000 0.0000 0.0000 0.0000 0.0000 0.0000 0.0000 0.0000 0.0000 0.0000 0.0000 0.0000 0.0000 
S2 = 0.0000 0.0000 0.0000 0.0000 0.0000 0.0000 0.0000 0.0000 0.0000 0.0000 0.0000 0.0000 0.0000 0.0000 0.0000 0.0000 0.0000 0.0000 0.0000 0.0000 0.0000 0.0000 0.0000 2.2036 2.2036 0.0000 14.4564 
u = 7.9668 7.7806 7.7806 7.7806 7.7806 7.7806 7.7806 7.7806 7.7008 7.7008 7.7008 7.7008 7.7008 7.7008 7.7008 7.6213 7.6213 7.6213 7.6213 7.6213 7.6213 7.6213 7.5517 11.3406 11.3406 11.9929 9.1050 
v = 35.6026 26.4647 26.4647 26.4647 26.4647 26.4647 26.4647 26.4647 23.2308 23.2308 23.2308 23.2308 23.2308 23.2308 23.2308 20.1530 20.1530 20.1530 20.1530 20.1530 20.1530 20.1530 17.5312 93.1787 93.1787 75.0966 28.9984 
