ExternalI = 5.5000 0.0000 0.0000 0.0000 0.0000 0.0000 0.0000 0.0000 4.0000 4.0000 4.0000 4.0000 4.0000 4.0000 4.0000 0.0000 0.0000 0.0000 0.0000 0.0000 0.0000 0.0000 0.0000 8.0000 8.0000 0.0000 0.0000 
before u = 7.9668 7.7806 7.7806 7.7806 7.7806 7.7806 7.7806 7.7806 7.7008 7.7008 7.7008 7.7008 7.7008 7.7008 7.7008 7.6213 7.6213 7.6213 7.6213 7.6213 7.6213 7.6213 7.5517 11.3406 11.3406 11.9929 9.1050 
before v = 35.6026 26.4647 26.4647 26.4647 26.4647 26.4647 26.4647 26.4647 23.2308 23.2308 23.2308 23.2308 23.2308 23.2308 23.2308 20.1530 20.1530 20.1530 20.1530 20.1530 20.1530 20.1530 17.5312 93.1787 93.1787 75.0966 28.9984 
Ibias = 9.4000 9.4000 9.4000 9.4000 9.4000 9.4000 9.4000 9.4000 2.0000 2.0000 2.0000 2.0000 2.0000 2.0000 2.0000 2.0000 2.0000 2.0000 2.0000 2.0000 2.0000 2.0000 -2.0000 16.0000 16.0000 10.0000 -11.0000 
fa1 = 0.8272 0.2405 0.2405 0.2405 0.2405 0.2405 0.2405 0.2405 0.1937 0.1937 0.1937 0.1937 0.1937 0.1937 0.1937 0.1656 0.1656 0.1656 0.1656 0.1656 0.1656 0.1656 0.1484 142.6134 142.6134 58.2974 0.9636 
fa2 = 0.8275 0.2405 0.2405 0.2405 0.2405 0.2405 0.2405 0.2405 0.1937 0.1937 0.1937 0.1937 0.1937 0.1937 0.1937 0.1655 0.1655 0.1655 0.1655 0.1655 0.1655 0.1655 0.1484 145.8092 145.8092 59.1772 0.9606 
fa3 = 0.8275 0.2405 0.2405 0.2405 0.2405 0.2405 0.2405 0.2405 0.1937 0.1937 0.1937 0.1937 0.1937 0.1937 0.1937 0.1655 0.1655 0.1655 0.1655 0.1655 0.1655 0.1655 0.1484 145.8813 145.8813 59.1906 0.9606 
fa4 = 0.8277 0.2405 0.2405 0.2405 0.2405 0.2405 0.2405 0.2405 0.1936 0.1936 0.1936 0.1936 0.1936 0.1936 0.1936 0.1655 0.1655 0.1655 0.1655 0.1655 0.1655 0.1655 0.1484 149.1950 149.1950 60.0911 0.9577 
fb1 = -0.1763 -0.2054 -0.2054 -0.2054 -0.2054 -0.2054 -0.2054 -0.2054 -0.2151 -0.2151 -0.2151 -0.2151 -0.2151 -0.2151 -0.2151 -0.2242 -0.2242 -0.2242 -0.2242 -0.2242 -0.2242 -0.2242 -0.2319 0.1459 0.1459 0.0605 -0.0661 
fb2 = -0.1762 -0.2053 -0.2053 -0.2053 -0.2053 -0.2053 -0.2053 -0.2053 -0.2151 -0.2151 -0.2151 -0.2151 -0.2151 -0.2151 -0.2151 -0.2242 -0.2242 -0.2242 -0.2242 -0.2242 -0.2242 -0.2242 -0.2319 0.1487 0.1487 0.0617 -0.0661 
fb3 = -0.1762 -0.2053 -0.2053 -0.2053 -0.2053 -0.2053 -0.2053 -0.2053 -0.2151 -0.2151 -0.2151 -0.2151 -0.2151 -0.2151 -0.2151 -0.2242 -0.2242 -0.2242 -0.2242 -0.2242 -0.2242 -0.2242 -0.2319 0.1488 0.1488 0.0617 -0.0661 
fb4 = -0.1762 -0.2053 -0.2053 -0.2053 -0.2053 -0.2053 -0.2053 -0.2053 -0.2150 -0.2150 -0.2150 -0.2150 -0.2150 -0.2150 -0.2150 -0.2241 -0.2241 -0.2241 -0.2241 -0.2241 -0.2241 -0.2241 -0.2318 0.1517 0.1517 0.0629 -0.0661 
I = 14.9000 9.4000 9.4000 9.4000 9.4000 9.4000 9.4000 9.4000 6.0000 6.0000 6.0000 6.0000 6.0000 6.0000 6.0000 2.0000 2.0000 2.0000 2.0000 2.0000 2.0000 2.0000 -2.0000 26.1992 26.1992 10.0000 3.4275 
S1 = 0.0000 0.0000 0.0000 0.0000 0.0000 0.0000 0.0000 0.0000 0.0000 0.0000 0.0000 0.0000 0.0000 0.0000 0.0000 0.0000 0.0000 0.0000 0.0000 0.0000 0.0000 0.0000 0.0000 0.0000 0.0000 0.0000 0.0000 
S2 = 0.0000 0.0000 0.0000 0.0000 0.0000 0.0000 0.0000 0.0000 0.0000 0.0000 0.0000 0.0000 0.0000 0.0000 0.0000 0.0000 0.0000 0.0000 0.0000 0.0000 0.0000 0.0000 0.0000 2.1992 2.1992 0.0000 14.4275 
u = 7.9650 7.7786 7.7786 7.7786 7.7786 7.7786 7.7786 7.7786 7.6986 7.6986 7.6986 7.6986 7.6986 7.6986 7.6986 7.6190 7.6190 7.6190 7.6190 7.6190 7.6190 7.6190 7.5494 11.3421 11.3421 11.9935 9.1043 
v = 35.6109 26.4671 26.4671 26.4671 26.4671 26.4671 26.4671 26.4671 23.2327 23.2327 23.2327 23.2327 23.2327 23.2327 23.2327 20.1546 20.1546 20.1546 20.1546 20.1546 20.1546 20.1546 17.5327 94.6374 94.6374 75.6885 29.0080 
