ExternalI = 5.5000 0.0000 0.0000 0.0000 0.0000 0.0000 0.0000 0.0000 4.0000 4.0000 4.0000 4.0000 4.0000 4.0000 4.0000 0.0000 0.0000 0.0000 0.0000 0.0000 0.0000 0.0000 0.0000 8.0000 8.0000 0.0000 0.0000 
before u = 7.9650 7.7786 7.7786 7.7786 7.7786 7.7786 7.7786 7.7786 7.6986 7.6986 7.6986 7.6986 7.6986 7.6986 7.6986 7.6190 7.6190 7.6190 7.6190 7.6190 7.6190 7.6190 7.5494 11.3421 11.3421 11.9935 9.1043 
before v = 35.6109 26.4671 26.4671 26.4671 26.4671 26.4671 26.4671 26.4671 23.2327 23.2327 23.2327 23.2327 23.2327 23.2327 23.2327 20.1546 20.1546 20.1546 20.1546 20.1546 20.1546 20.1546 17.5327 94.6374 94.6374 75.6885 29.0080 
Ibias = 9.4000 9.4000 9.4000 9.4000 9.4000 9.4000 9.4000 9.4000 2.0000 2.0000 2.0000 2.0000 2.0000 2.0000 2.0000 2.0000 2.0000 2.0000 2.0000 2.0000 2.0000 2.0000 -2.0000 16.0000 16.0000 10.0000 -11.0000 
fa1 = 0.8277 0.2405 0.2405 0.2405 0.2405 0.2405 0.2405 0.2405 0.1936 0.1936 0.1936 0.1936 0.1936 0.1936 0.1936 0.1655 0.1655 0.1655 0.1655 0.1655 0.1655 0.1655 0.1484 149.1898 149.1898 60.0910 0.9288 
fa2 = 0.8280 0.2404 0.2404 0.2404 0.2404 0.2404 0.2404 0.2404 0.1936 0.1936 0.1936 0.1936 0.1936 0.1936 0.1936 0.1655 0.1655 0.1655 0.1655 0.1655 0.1655 0.1655 0.1484 152.6211 152.6211 61.0122 0.9260 
fa3 = 0.8280 0.2404 0.2404 0.2404 0.2404 0.2404 0.2404 0.2404 0.1936 0.1936 0.1936 0.1936 0.1936 0.1936 0.1936 0.1655 0.1655 0.1655 0.1655 0.1655 0.1655 0.1655 0.1484 152.7005 152.7005 61.0264 0.9260 
fa4 = 0.8282 0.2404 0.2404 0.2404 0.2404 0.2404 0.2404 0.2404 0.1936 0.1936 0.1936 0.1936 0.1936 0.1936 0.1936 0.1654 0.1654 0.1654 0.1654 0.1654 0.1654 0.1654 0.1483 156.2615 156.2615 61.9697 0.9232 
fb1 = -0.1762 -0.2053 -0.2053 -0.2053 -0.2053 -0.2053 -0.2053 -0.2053 -0.2150 -0.2150 -0.2150 -0.2150 -0.2150 -0.2150 -0.2150 -0.2241 -0.2241 -0.2241 -0.2241 -0.2241 -0.2241 -0.2241 -0.2318 0.1517 0.1517 0.0629 -0.0661 
fb2 = -0.1761 -0.2052 -0.2052 -0.2052 -0.2052 -0.2052 -0.2052 -0.2052 -0.2150 -0.2150 -0.2150 -0.2150 -0.2150 -0.2150 -0.2150 -0.2241 -0.2241 -0.2241 -0.2241 -0.2241 -0.2241 -0.2241 -0.2318 0.1547 0.1547 0.0641 -0.0660 
fb3 = -0.1761 -0.2052 -0.2052 -0.2052 -0.2052 -0.2052 -0.2052 -0.2052 -0.2150 -0.2150 -0.2150 -0.2150 -0.2150 -0.2150 -0.2150 -0.2241 -0.2241 -0.2241 -0.2241 -0.2241 -0.2241 -0.2241 -0.2318 0.1547 0.1547 0.0641 -0.0660 
fb4 = -0.1761 -0.2052 -0.2052 -0.2052 -0.2052 -0.2052 -0.2052 -0.2052 -0.2149 -0.2149 -0.2149 -0.2149 -0.2149 -0.2149 -0.2149 -0.2240 -0.2240 -0.2240 -0.2240 -0.2240 -0.2240 -0.2240 -0.2317 0.1578 0.1578 0.0653 -0.0660 
I = 14.9000 9.4000 9.4000 9.4000 9.4000 9.4000 9.4000 9.4000 6.0000 6.0000 6.0000 6.0000 6.0000 6.0000 6.0000 2.0000 2.0000 2.0000 2.0000 2.0000 2.0000 2.0000 -2.0000 26.1948 26.1948 10.0000 3.3986 
S1 = 0.0000 0.0000 0.0000 0.0000 0.0000 0.0000 0.0000 0.0000 0.0000 0.0000 0.0000 0.0000 0.0000 0.0000 0.0000 0.0000 0.0000 0.0000 0.0000 0.0000 0.0000 0.0000 0.0000 0.0000 0.0000 0.0000 0.0000 
S2 = 0.0000 0.0000 0.0000 0.0000 0.0000 0.0000 0.0000 0.0000 0.0000 0.0000 0.0000 0.0000 0.0000 0.0000 0.0000 0.0000 0.0000 0.0000 0.0000 0.0000 0.0000 0.0000 0.0000 2.1948 2.1948 0.0000 14.3986 
u = 7.9633 7.7765 7.7765 7.7765 7.7765 7.7765 7.7765 7.7765 7.6965 7.6965 7.6965 7.6965 7.6965 7.6965 7.6965 7.6168 7.6168 7.6168 7.6168 7.6168 7.6168 7.6168 7.5470 11.3436 11.3436 11.9941 9.1037 
v = 35.6192 26.4695 26.4695 26.4695 26.4695 26.4695 26.4695 26.4695 23.2346 23.2346 23.2346 23.2346 23.2346 23.2346 23.2346 20.1563 20.1563 20.1563 20.1563 20.1563 20.1563 20.1563 17.5342 96.1642 96.1642 76.2987 29.0173 
