ExternalI = 5.5000 0.0000 0.0000 0.0000 0.0000 0.0000 0.0000 0.0000 4.0000 4.0000 4.0000 4.0000 4.0000 4.0000 4.0000 0.0000 0.0000 0.0000 0.0000 0.0000 0.0000 0.0000 0.0000 8.0000 8.0000 0.0000 0.0000 
before u = 7.9633 7.7765 7.7765 7.7765 7.7765 7.7765 7.7765 7.7765 7.6965 7.6965 7.6965 7.6965 7.6965 7.6965 7.6965 7.6168 7.6168 7.6168 7.6168 7.6168 7.6168 7.6168 7.5470 11.3436 11.3436 11.9941 9.1037 
before v = 35.6192 26.4695 26.4695 26.4695 26.4695 26.4695 26.4695 26.4695 23.2346 23.2346 23.2346 23.2346 23.2346 23.2346 23.2346 20.1563 20.1563 20.1563 20.1563 20.1563 20.1563 20.1563 17.5342 96.1642 96.1642 76.2987 29.0173 
Ibias = 9.4000 9.4000 9.4000 9.4000 9.4000 9.4000 9.4000 9.4000 2.0000 2.0000 2.0000 2.0000 2.0000 2.0000 2.0000 2.0000 2.0000 2.0000 2.0000 2.0000 2.0000 2.0000 -2.0000 16.0000 16.0000 10.0000 -11.0000 
fa1 = 0.8282 0.2404 0.2404 0.2404 0.2404 0.2404 0.2404 0.2404 0.1936 0.1936 0.1936 0.1936 0.1936 0.1936 0.1936 0.1654 0.1654 0.1654 0.1654 0.1654 0.1654 0.1654 0.1483 156.2563 156.2563 61.9696 0.8944 
fa2 = 0.8285 0.2404 0.2404 0.2404 0.2404 0.2404 0.2404 0.2404 0.1935 0.1935 0.1935 0.1935 0.1935 0.1935 0.1935 0.1654 0.1654 0.1654 0.1654 0.1654 0.1654 0.1654 0.1483 159.9465 159.9465 62.9348 0.8917 
fa3 = 0.8285 0.2404 0.2404 0.2404 0.2404 0.2404 0.2404 0.2404 0.1935 0.1935 0.1935 0.1935 0.1935 0.1935 0.1935 0.1654 0.1654 0.1654 0.1654 0.1654 0.1654 0.1654 0.1483 160.0343 160.0343 62.9499 0.8917 
fa4 = 0.8288 0.2403 0.2403 0.2403 0.2403 0.2403 0.2403 0.2403 0.1935 0.1935 0.1935 0.1935 0.1935 0.1935 0.1935 0.1654 0.1654 0.1654 0.1654 0.1654 0.1654 0.1654 0.1483 163.8677 163.8677 63.9387 0.8890 
fb1 = -0.1761 -0.2052 -0.2052 -0.2052 -0.2052 -0.2052 -0.2052 -0.2052 -0.2149 -0.2149 -0.2149 -0.2149 -0.2149 -0.2149 -0.2149 -0.2240 -0.2240 -0.2240 -0.2240 -0.2240 -0.2240 -0.2240 -0.2317 0.1578 0.1578 0.0653 -0.0660 
fb2 = -0.1760 -0.2051 -0.2051 -0.2051 -0.2051 -0.2051 -0.2051 -0.2051 -0.2149 -0.2149 -0.2149 -0.2149 -0.2149 -0.2149 -0.2149 -0.2240 -0.2240 -0.2240 -0.2240 -0.2240 -0.2240 -0.2240 -0.2317 0.1609 0.1609 0.0665 -0.0660 
fb3 = -0.1760 -0.2051 -0.2051 -0.2051 -0.2051 -0.2051 -0.2051 -0.2051 -0.2149 -0.2149 -0.2149 -0.2149 -0.2149 -0.2149 -0.2149 -0.2240 -0.2240 -0.2240 -0.2240 -0.2240 -0.2240 -0.2240 -0.2317 0.1610 0.1610 0.0666 -0.0660 
fb4 = -0.1760 -0.2051 -0.2051 -0.2051 -0.2051 -0.2051 -0.2051 -0.2051 -0.2148 -0.2148 -0.2148 -0.2148 -0.2148 -0.2148 -0.2148 -0.2239 -0.2239 -0.2239 -0.2239 -0.2239 -0.2239 -0.2239 -0.2316 0.1642 0.1642 0.0678 -0.0660 
I = 14.9000 9.4000 9.4000 9.4000 9.4000 9.4000 9.4000 9.4000 6.0000 6.0000 6.0000 6.0000 6.0000 6.0000 6.0000 2.0000 2.0000 2.0000 2.0000 2.0000 2.0000 2.0000 -2.0000 26.1904 26.1904 10.0000 3.3698 
S1 = 0.0000 0.0000 0.0000 0.0000 0.0000 0.0000 0.0000 0.0000 0.0000 0.0000 0.0000 0.0000 0.0000 0.0000 0.0000 0.0000 0.0000 0.0000 0.0000 0.0000 0.0000 0.0000 0.0000 0.0000 0.0000 0.0000 0.0000 
S2 = 0.0000 0.0000 0.0000 0.0000 0.0000 0.0000 0.0000 0.0000 0.0000 0.0000 0.0000 0.0000 0.0000 0.0000 0.0000 0.0000 0.0000 0.0000 0.0000 0.0000 0.0000 0.0000 0.0000 2.1904 2.1904 0.0000 14.3698 
u = 7.9615 7.7745 7.7745 7.7745 7.7745 7.7745 7.7745 7.7745 7.6943 7.6943 7.6943 7.6943 7.6943 7.6943 7.6943 7.6145 7.6145 7.6145 7.6145 7.6145 7.6145 7.6145 7.5447 11.3453 11.3453 11.9948 9.1030 
v = 35.6275 26.4719 26.4719 26.4719 26.4719 26.4719 26.4719 26.4719 23.2366 23.2366 23.2366 23.2366 23.2366 23.2366 23.2366 20.1579 20.1579 20.1579 20.1579 20.1579 20.1579 20.1579 17.5357 97.7643 97.7643 76.9282 29.0262 
