ExternalI = 5.5000 0.0000 0.0000 0.0000 0.0000 0.0000 0.0000 0.0000 4.0000 4.0000 4.0000 4.0000 4.0000 4.0000 4.0000 0.0000 0.0000 0.0000 0.0000 0.0000 0.0000 0.0000 0.0000 8.0000 8.0000 0.0000 0.0000 
before u = 7.9615 7.7745 7.7745 7.7745 7.7745 7.7745 7.7745 7.7745 7.6943 7.6943 7.6943 7.6943 7.6943 7.6943 7.6943 7.6145 7.6145 7.6145 7.6145 7.6145 7.6145 7.6145 7.5447 11.3453 11.3453 11.9948 9.1030 
before v = 35.6275 26.4719 26.4719 26.4719 26.4719 26.4719 26.4719 26.4719 23.2366 23.2366 23.2366 23.2366 23.2366 23.2366 23.2366 20.1579 20.1579 20.1579 20.1579 20.1579 20.1579 20.1579 17.5357 97.7643 97.7643 76.9282 29.0262 
Ibias = 9.4000 9.4000 9.4000 9.4000 9.4000 9.4000 9.4000 9.4000 2.0000 2.0000 2.0000 2.0000 2.0000 2.0000 2.0000 2.0000 2.0000 2.0000 2.0000 2.0000 2.0000 2.0000 -2.0000 16.0000 16.0000 10.0000 -11.0000 
fa1 = 0.8288 0.2403 0.2403 0.2403 0.2403 0.2403 0.2403 0.2403 0.1935 0.1935 0.1935 0.1935 0.1935 0.1935 0.1935 0.1654 0.1654 0.1654 0.1654 0.1654 0.1654 0.1654 0.1483 163.8624 163.8624 63.9385 0.8603 
fa2 = 0.8290 0.2403 0.2403 0.2403 0.2403 0.2403 0.2403 0.2403 0.1935 0.1935 0.1935 0.1935 0.1935 0.1935 0.1935 0.1654 0.1654 0.1654 0.1654 0.1654 0.1654 0.1654 0.1482 167.8384 167.8384 64.9507 0.8577 
fa3 = 0.8290 0.2403 0.2403 0.2403 0.2403 0.2403 0.2403 0.2403 0.1935 0.1935 0.1935 0.1935 0.1935 0.1935 0.1935 0.1654 0.1654 0.1654 0.1654 0.1654 0.1654 0.1654 0.1482 167.9356 167.9356 64.9668 0.8577 
fa4 = 0.8293 0.2402 0.2402 0.2402 0.2402 0.2402 0.2402 0.2402 0.1934 0.1934 0.1934 0.1934 0.1934 0.1934 0.1934 0.1653 0.1653 0.1653 0.1653 0.1653 0.1653 0.1653 0.1482 172.0699 172.0699 66.0039 0.8551 
fb1 = -0.1760 -0.2051 -0.2051 -0.2051 -0.2051 -0.2051 -0.2051 -0.2051 -0.2148 -0.2148 -0.2148 -0.2148 -0.2148 -0.2148 -0.2148 -0.2239 -0.2239 -0.2239 -0.2239 -0.2239 -0.2239 -0.2239 -0.2316 0.1642 0.1642 0.0678 -0.0660 
fb2 = -0.1759 -0.2050 -0.2050 -0.2050 -0.2050 -0.2050 -0.2050 -0.2050 -0.2148 -0.2148 -0.2148 -0.2148 -0.2148 -0.2148 -0.2148 -0.2239 -0.2239 -0.2239 -0.2239 -0.2239 -0.2239 -0.2239 -0.2316 0.1674 0.1674 0.0691 -0.0659 
fb3 = -0.1759 -0.2050 -0.2050 -0.2050 -0.2050 -0.2050 -0.2050 -0.2050 -0.2148 -0.2148 -0.2148 -0.2148 -0.2148 -0.2148 -0.2148 -0.2239 -0.2239 -0.2239 -0.2239 -0.2239 -0.2239 -0.2239 -0.2316 0.1675 0.1675 0.0691 -0.0659 
fb4 = -0.1758 -0.2050 -0.2050 -0.2050 -0.2050 -0.2050 -0.2050 -0.2050 -0.2147 -0.2147 -0.2147 -0.2147 -0.2147 -0.2147 -0.2147 -0.2239 -0.2239 -0.2239 -0.2239 -0.2239 -0.2239 -0.2239 -0.2315 0.1708 0.1708 0.0704 -0.0659 
I = 14.9000 9.4000 9.4000 9.4000 9.4000 9.4000 9.4000 9.4000 6.0000 6.0000 6.0000 6.0000 6.0000 6.0000 6.0000 2.0000 2.0000 2.0000 2.0000 2.0000 2.0000 2.0000 -2.0000 26.1860 26.1860 10.0000 3.3411 
S1 = 0.0000 0.0000 0.0000 0.0000 0.0000 0.0000 0.0000 0.0000 0.0000 0.0000 0.0000 0.0000 0.0000 0.0000 0.0000 0.0000 0.0000 0.0000 0.0000 0.0000 0.0000 0.0000 0.0000 0.0000 0.0000 0.0000 0.0000 
S2 = 0.0000 0.0000 0.0000 0.0000 0.0000 0.0000 0.0000 0.0000 0.0000 0.0000 0.0000 0.0000 0.0000 0.0000 0.0000 0.0000 0.0000 0.0000 0.0000 0.0000 0.0000 0.0000 0.0000 2.1860 2.1860 0.0000 14.3411 
u = 7.9597 7.7724 7.7724 7.7724 7.7724 7.7724 7.7724 7.7724 7.6922 7.6922 7.6922 7.6922 7.6922 7.6922 7.6922 7.6123 7.6123 7.6123 7.6123 7.6123 7.6123 7.6123 7.5424 11.3469 11.3469 11.9955 9.1024 
v = 35.6358 26.4743 26.4743 26.4743 26.4743 26.4743 26.4743 26.4743 23.2385 23.2385 23.2385 23.2385 23.2385 23.2385 23.2385 20.1596 20.1596 20.1596 20.1596 20.1596 20.1596 20.1596 17.5371 99.4435 99.4435 77.5778 29.0348 
