ExternalI = 5.5000 0.0000 0.0000 0.0000 0.0000 0.0000 0.0000 0.0000 4.0000 4.0000 4.0000 4.0000 4.0000 4.0000 4.0000 0.0000 0.0000 0.0000 0.0000 0.0000 0.0000 0.0000 0.0000 8.0000 8.0000 0.0000 0.0000 
before u = 7.9597 7.7724 7.7724 7.7724 7.7724 7.7724 7.7724 7.7724 7.6922 7.6922 7.6922 7.6922 7.6922 7.6922 7.6922 7.6123 7.6123 7.6123 7.6123 7.6123 7.6123 7.6123 7.5424 11.3469 11.3469 11.9955 9.1024 
before v = 35.6358 26.4743 26.4743 26.4743 26.4743 26.4743 26.4743 26.4743 23.2385 23.2385 23.2385 23.2385 23.2385 23.2385 23.2385 20.1596 20.1596 20.1596 20.1596 20.1596 20.1596 20.1596 17.5371 99.4435 99.4435 77.5778 29.0348 
Ibias = 9.4000 9.4000 9.4000 9.4000 9.4000 9.4000 9.4000 9.4000 2.0000 2.0000 2.0000 2.0000 2.0000 2.0000 2.0000 2.0000 2.0000 2.0000 2.0000 2.0000 2.0000 2.0000 -2.0000 16.0000 16.0000 10.0000 -11.0000 
fa1 = 0.8293 0.2402 0.2402 0.2402 0.2402 0.2402 0.2402 0.2402 0.1934 0.1934 0.1934 0.1934 0.1934 0.1934 0.1934 0.1653 0.1653 0.1653 0.1653 0.1653 0.1653 0.1653 0.1482 172.0644 172.0644 66.0038 0.8265 
fa2 = 0.8295 0.2402 0.2402 0.2402 0.2402 0.2402 0.2402 0.2402 0.1934 0.1934 0.1934 0.1934 0.1934 0.1934 0.1934 0.1653 0.1653 0.1653 0.1653 0.1653 0.1653 0.1653 0.1482 176.3565 176.3565 67.0659 0.8240 
fa3 = 0.8295 0.2402 0.2402 0.2402 0.2402 0.2402 0.2402 0.2402 0.1934 0.1934 0.1934 0.1934 0.1934 0.1934 0.1934 0.1653 0.1653 0.1653 0.1653 0.1653 0.1653 0.1653 0.1482 176.4643 176.4643 67.0831 0.8240 
fa4 = 0.8298 0.2402 0.2402 0.2402 0.2402 0.2402 0.2402 0.2402 0.1934 0.1934 0.1934 0.1934 0.1934 0.1934 0.1934 0.1653 0.1653 0.1653 0.1653 0.1653 0.1653 0.1653 0.1482 180.9319 180.9319 68.1719 0.8215 
fb1 = -0.1758 -0.2050 -0.2050 -0.2050 -0.2050 -0.2050 -0.2050 -0.2050 -0.2147 -0.2147 -0.2147 -0.2147 -0.2147 -0.2147 -0.2147 -0.2239 -0.2239 -0.2239 -0.2239 -0.2239 -0.2239 -0.2239 -0.2315 0.1708 0.1708 0.0704 -0.0659 
fb2 = -0.1758 -0.2050 -0.2050 -0.2050 -0.2050 -0.2050 -0.2050 -0.2050 -0.2147 -0.2147 -0.2147 -0.2147 -0.2147 -0.2147 -0.2147 -0.2238 -0.2238 -0.2238 -0.2238 -0.2238 -0.2238 -0.2238 -0.2315 0.1743 0.1743 0.0717 -0.0659 
fb3 = -0.1758 -0.2050 -0.2050 -0.2050 -0.2050 -0.2050 -0.2050 -0.2050 -0.2147 -0.2147 -0.2147 -0.2147 -0.2147 -0.2147 -0.2147 -0.2238 -0.2238 -0.2238 -0.2238 -0.2238 -0.2238 -0.2238 -0.2315 0.1743 0.1743 0.0717 -0.0659 
fb4 = -0.1757 -0.2049 -0.2049 -0.2049 -0.2049 -0.2049 -0.2049 -0.2049 -0.2146 -0.2146 -0.2146 -0.2146 -0.2146 -0.2146 -0.2146 -0.2238 -0.2238 -0.2238 -0.2238 -0.2238 -0.2238 -0.2238 -0.2314 0.1779 0.1779 0.0731 -0.0659 
I = 14.9000 9.4000 9.4000 9.4000 9.4000 9.4000 9.4000 9.4000 6.0000 6.0000 6.0000 6.0000 6.0000 6.0000 6.0000 2.0000 2.0000 2.0000 2.0000 2.0000 2.0000 2.0000 -2.0000 26.1817 26.1817 10.0000 3.3124 
S1 = 0.0000 0.0000 0.0000 0.0000 0.0000 0.0000 0.0000 0.0000 0.0000 0.0000 0.0000 0.0000 0.0000 0.0000 0.0000 0.0000 0.0000 0.0000 0.0000 0.0000 0.0000 0.0000 0.0000 0.0000 0.0000 0.0000 0.0000 
S2 = 0.0000 0.0000 0.0000 0.0000 0.0000 0.0000 0.0000 0.0000 0.0000 0.0000 0.0000 0.0000 0.0000 0.0000 0.0000 0.0000 0.0000 0.0000 0.0000 0.0000 0.0000 0.0000 0.0000 2.1817 2.1817 0.0000 14.3124 
u = 7.9580 7.7704 7.7704 7.7704 7.7704 7.7704 7.7704 7.7704 7.6900 7.6900 7.6900 7.6900 7.6900 7.6900 7.6900 7.6101 7.6101 7.6101 7.6101 7.6101 7.6101 7.6101 7.5401 11.3487 11.3487 11.9962 9.1017 
v = 35.6440 26.4767 26.4767 26.4767 26.4767 26.4767 26.4767 26.4767 23.2404 23.2404 23.2404 23.2404 23.2404 23.2404 23.2404 20.1612 20.1612 20.1612 20.1612 20.1612 20.1612 20.1612 17.5386 101.2079 101.2079 78.2486 29.0430 
