ExternalI = 5.5000 0.0000 0.0000 0.0000 0.0000 0.0000 0.0000 0.0000 4.0000 4.0000 4.0000 4.0000 4.0000 4.0000 4.0000 0.0000 0.0000 0.0000 0.0000 0.0000 0.0000 0.0000 0.0000 8.0000 8.0000 0.0000 0.0000 
before u = 7.9580 7.7704 7.7704 7.7704 7.7704 7.7704 7.7704 7.7704 7.6900 7.6900 7.6900 7.6900 7.6900 7.6900 7.6900 7.6101 7.6101 7.6101 7.6101 7.6101 7.6101 7.6101 7.5401 11.3487 11.3487 11.9962 9.1017 
before v = 35.6440 26.4767 26.4767 26.4767 26.4767 26.4767 26.4767 26.4767 23.2404 23.2404 23.2404 23.2404 23.2404 23.2404 23.2404 20.1612 20.1612 20.1612 20.1612 20.1612 20.1612 20.1612 17.5386 101.2079 101.2079 78.2486 29.0430 
Ibias = 9.4000 9.4000 9.4000 9.4000 9.4000 9.4000 9.4000 9.4000 2.0000 2.0000 2.0000 2.0000 2.0000 2.0000 2.0000 2.0000 2.0000 2.0000 2.0000 2.0000 2.0000 2.0000 -2.0000 16.0000 16.0000 10.0000 -11.0000 
fa1 = 0.8298 0.2402 0.2402 0.2402 0.2402 0.2402 0.2402 0.2402 0.1934 0.1934 0.1934 0.1934 0.1934 0.1934 0.1934 0.1653 0.1653 0.1653 0.1653 0.1653 0.1653 0.1653 0.1482 180.9263 180.9263 68.1718 0.7929 
fa2 = 0.8301 0.2401 0.2401 0.2401 0.2401 0.2401 0.2401 0.2401 0.1934 0.1934 0.1934 0.1934 0.1934 0.1934 0.1934 0.1652 0.1652 0.1652 0.1652 0.1652 0.1652 0.1652 0.1481 185.5687 185.5687 69.2873 0.7906 
fa3 = 0.8301 0.2401 0.2401 0.2401 0.2401 0.2401 0.2401 0.2401 0.1934 0.1934 0.1934 0.1934 0.1934 0.1934 0.1934 0.1652 0.1652 0.1652 0.1652 0.1652 0.1652 0.1652 0.1481 185.6887 185.6887 69.3056 0.7906 
fa4 = 0.8303 0.2401 0.2401 0.2401 0.2401 0.2401 0.2401 0.2401 0.1933 0.1933 0.1933 0.1933 0.1933 0.1933 0.1933 0.1652 0.1652 0.1652 0.1652 0.1652 0.1652 0.1652 0.1481 190.5263 190.5263 70.4496 0.7882 
fb1 = -0.1757 -0.2049 -0.2049 -0.2049 -0.2049 -0.2049 -0.2049 -0.2049 -0.2146 -0.2146 -0.2146 -0.2146 -0.2146 -0.2146 -0.2146 -0.2238 -0.2238 -0.2238 -0.2238 -0.2238 -0.2238 -0.2238 -0.2314 0.1779 0.1779 0.0731 -0.0659 
fb2 = -0.1757 -0.2049 -0.2049 -0.2049 -0.2049 -0.2049 -0.2049 -0.2049 -0.2146 -0.2146 -0.2146 -0.2146 -0.2146 -0.2146 -0.2146 -0.2237 -0.2237 -0.2237 -0.2237 -0.2237 -0.2237 -0.2237 -0.2314 0.1815 0.1815 0.0744 -0.0658 
fb3 = -0.1757 -0.2049 -0.2049 -0.2049 -0.2049 -0.2049 -0.2049 -0.2049 -0.2146 -0.2146 -0.2146 -0.2146 -0.2146 -0.2146 -0.2146 -0.2237 -0.2237 -0.2237 -0.2237 -0.2237 -0.2237 -0.2237 -0.2314 0.1816 0.1816 0.0744 -0.0658 
fb4 = -0.1756 -0.2048 -0.2048 -0.2048 -0.2048 -0.2048 -0.2048 -0.2048 -0.2145 -0.2145 -0.2145 -0.2145 -0.2145 -0.2145 -0.2145 -0.2237 -0.2237 -0.2237 -0.2237 -0.2237 -0.2237 -0.2237 -0.2314 0.1852 0.1852 0.0758 -0.0658 
I = 14.9000 9.4000 9.4000 9.4000 9.4000 9.4000 9.4000 9.4000 6.0000 6.0000 6.0000 6.0000 6.0000 6.0000 6.0000 2.0000 2.0000 2.0000 2.0000 2.0000 2.0000 2.0000 -2.0000 26.1773 26.1773 10.0000 3.2838 
S1 = 0.0000 0.0000 0.0000 0.0000 0.0000 0.0000 0.0000 0.0000 0.0000 0.0000 0.0000 0.0000 0.0000 0.0000 0.0000 0.0000 0.0000 0.0000 0.0000 0.0000 0.0000 0.0000 0.0000 0.0000 0.0000 0.0000 0.0000 
S2 = 0.0000 0.0000 0.0000 0.0000 0.0000 0.0000 0.0000 0.0000 0.0000 0.0000 0.0000 0.0000 0.0000 0.0000 0.0000 0.0000 0.0000 0.0000 0.0000 0.0000 0.0000 0.0000 0.0000 2.1773 2.1773 0.0000 14.2838 
u = 7.9562 7.7683 7.7683 7.7683 7.7683 7.7683 7.7683 7.7683 7.6879 7.6879 7.6879 7.6879 7.6879 7.6879 7.6879 7.6078 7.6078 7.6078 7.6078 7.6078 7.6078 7.6078 7.5378 11.3505 11.3505 11.9970 9.1010 
v = 35.6524 26.4791 26.4791 26.4791 26.4791 26.4791 26.4791 26.4791 23.2424 23.2424 23.2424 23.2424 23.2424 23.2424 23.2424 20.1629 20.1629 20.1629 20.1629 20.1629 20.1629 20.1629 17.5401 103.0645 103.0645 78.9416 29.0509 
