ExternalI = 5.5000 0.0000 0.0000 0.0000 0.0000 0.0000 0.0000 0.0000 4.0000 4.0000 4.0000 4.0000 4.0000 4.0000 4.0000 0.0000 0.0000 0.0000 0.0000 0.0000 0.0000 0.0000 0.0000 8.0000 8.0000 0.0000 0.0000 
before u = 7.9562 7.7683 7.7683 7.7683 7.7683 7.7683 7.7683 7.7683 7.6879 7.6879 7.6879 7.6879 7.6879 7.6879 7.6879 7.6078 7.6078 7.6078 7.6078 7.6078 7.6078 7.6078 7.5378 11.3505 11.3505 11.9970 9.1010 
before v = 35.6524 26.4791 26.4791 26.4791 26.4791 26.4791 26.4791 26.4791 23.2424 23.2424 23.2424 23.2424 23.2424 23.2424 23.2424 20.1629 20.1629 20.1629 20.1629 20.1629 20.1629 20.1629 17.5401 103.0645 103.0645 78.9416 29.0509 
Ibias = 9.4000 9.4000 9.4000 9.4000 9.4000 9.4000 9.4000 9.4000 2.0000 2.0000 2.0000 2.0000 2.0000 2.0000 2.0000 2.0000 2.0000 2.0000 2.0000 2.0000 2.0000 2.0000 -2.0000 16.0000 16.0000 10.0000 -11.0000 
fa1 = 0.8303 0.2401 0.2401 0.2401 0.2401 0.2401 0.2401 0.2401 0.1933 0.1933 0.1933 0.1933 0.1933 0.1933 0.1933 0.1652 0.1652 0.1652 0.1652 0.1652 0.1652 0.1652 0.1481 190.5205 190.5205 70.4494 0.7597 
fa2 = 0.8306 0.2401 0.2401 0.2401 0.2401 0.2401 0.2401 0.2401 0.1933 0.1933 0.1933 0.1933 0.1933 0.1933 0.1933 0.1652 0.1652 0.1652 0.1652 0.1652 0.1652 0.1652 0.1481 195.5524 195.5524 71.6218 0.7574 
fa3 = 0.8306 0.2401 0.2401 0.2401 0.2401 0.2401 0.2401 0.2401 0.1933 0.1933 0.1933 0.1933 0.1933 0.1933 0.1933 0.1652 0.1652 0.1652 0.1652 0.1652 0.1652 0.1652 0.1481 195.6863 195.6863 71.6414 0.7574 
fa4 = 0.8309 0.2400 0.2400 0.2400 0.2400 0.2400 0.2400 0.2400 0.1933 0.1933 0.1933 0.1933 0.1933 0.1933 0.1933 0.1652 0.1652 0.1652 0.1652 0.1652 0.1652 0.1652 0.1481 200.9358 200.9358 72.8443 0.7552 
fb1 = -0.1756 -0.2048 -0.2048 -0.2048 -0.2048 -0.2048 -0.2048 -0.2048 -0.2145 -0.2145 -0.2145 -0.2145 -0.2145 -0.2145 -0.2145 -0.2237 -0.2237 -0.2237 -0.2237 -0.2237 -0.2237 -0.2237 -0.2314 0.1852 0.1852 0.0758 -0.0658 
fb2 = -0.1756 -0.2048 -0.2048 -0.2048 -0.2048 -0.2048 -0.2048 -0.2048 -0.2145 -0.2145 -0.2145 -0.2145 -0.2145 -0.2145 -0.2145 -0.2236 -0.2236 -0.2236 -0.2236 -0.2236 -0.2236 -0.2236 -0.2313 0.1890 0.1890 0.0772 -0.0658 
fb3 = -0.1756 -0.2048 -0.2048 -0.2048 -0.2048 -0.2048 -0.2048 -0.2048 -0.2145 -0.2145 -0.2145 -0.2145 -0.2145 -0.2145 -0.2145 -0.2236 -0.2236 -0.2236 -0.2236 -0.2236 -0.2236 -0.2236 -0.2313 0.1891 0.1891 0.0773 -0.0658 
fb4 = -0.1755 -0.2047 -0.2047 -0.2047 -0.2047 -0.2047 -0.2047 -0.2047 -0.2145 -0.2145 -0.2145 -0.2145 -0.2145 -0.2145 -0.2145 -0.2236 -0.2236 -0.2236 -0.2236 -0.2236 -0.2236 -0.2236 -0.2313 0.1930 0.1930 0.0787 -0.0658 
I = 14.9000 9.4000 9.4000 9.4000 9.4000 9.4000 9.4000 9.4000 6.0000 6.0000 6.0000 6.0000 6.0000 6.0000 6.0000 2.0000 2.0000 2.0000 2.0000 2.0000 2.0000 2.0000 -2.0000 26.1729 26.1729 10.0000 3.2552 
S1 = 0.0000 0.0000 0.0000 0.0000 0.0000 0.0000 0.0000 0.0000 0.0000 0.0000 0.0000 0.0000 0.0000 0.0000 0.0000 0.0000 0.0000 0.0000 0.0000 0.0000 0.0000 0.0000 0.0000 0.0000 0.0000 0.0000 0.0000 
S2 = 0.0000 0.0000 0.0000 0.0000 0.0000 0.0000 0.0000 0.0000 0.0000 0.0000 0.0000 0.0000 0.0000 0.0000 0.0000 0.0000 0.0000 0.0000 0.0000 0.0000 0.0000 0.0000 0.0000 2.1729 2.1729 0.0000 14.2552 
u = 7.9545 7.7663 7.7663 7.7663 7.7663 7.7663 7.7663 7.7663 7.6857 7.6857 7.6857 7.6857 7.6857 7.6857 7.6857 7.6056 7.6056 7.6056 7.6056 7.6056 7.6056 7.6056 7.5355 11.3524 11.3524 11.9977 9.1004 
v = 35.6607 26.4815 26.4815 26.4815 26.4815 26.4815 26.4815 26.4815 23.2443 23.2443 23.2443 23.2443 23.2443 23.2443 23.2443 20.1645 20.1645 20.1645 20.1645 20.1645 20.1645 20.1645 17.5416 105.0210 105.0210 79.6580 29.0585 
