ExternalI = 5.5000 0.0000 0.0000 0.0000 0.0000 0.0000 0.0000 0.0000 4.0000 4.0000 4.0000 4.0000 4.0000 4.0000 4.0000 0.0000 0.0000 0.0000 0.0000 0.0000 0.0000 0.0000 0.0000 8.0000 8.0000 0.0000 0.0000 
before u = 7.9545 7.7663 7.7663 7.7663 7.7663 7.7663 7.7663 7.7663 7.6857 7.6857 7.6857 7.6857 7.6857 7.6857 7.6857 7.6056 7.6056 7.6056 7.6056 7.6056 7.6056 7.6056 7.5355 11.3524 11.3524 11.9977 9.1004 
before v = 35.6607 26.4815 26.4815 26.4815 26.4815 26.4815 26.4815 26.4815 23.2443 23.2443 23.2443 23.2443 23.2443 23.2443 23.2443 20.1645 20.1645 20.1645 20.1645 20.1645 20.1645 20.1645 17.5416 105.0210 105.0210 79.6580 29.0585 
Ibias = 9.4000 9.4000 9.4000 9.4000 9.4000 9.4000 9.4000 9.4000 2.0000 2.0000 2.0000 2.0000 2.0000 2.0000 2.0000 2.0000 2.0000 2.0000 2.0000 2.0000 2.0000 2.0000 -2.0000 16.0000 16.0000 10.0000 -11.0000 
fa1 = 0.8309 0.2400 0.2400 0.2400 0.2400 0.2400 0.2400 0.2400 0.1933 0.1933 0.1933 0.1933 0.1933 0.1933 0.1933 0.1652 0.1652 0.1652 0.1652 0.1652 0.1652 0.1652 0.1481 200.9298 200.9298 72.8442 0.7267 
fa2 = 0.8311 0.2400 0.2400 0.2400 0.2400 0.2400 0.2400 0.2400 0.1932 0.1932 0.1932 0.1932 0.1932 0.1932 0.1932 0.1651 0.1651 0.1651 0.1651 0.1651 0.1651 0.1651 0.1480 206.3960 206.3960 74.0775 0.7246 
fa3 = 0.8311 0.2400 0.2400 0.2400 0.2400 0.2400 0.2400 0.2400 0.1932 0.1932 0.1932 0.1932 0.1932 0.1932 0.1932 0.1651 0.1651 0.1651 0.1651 0.1651 0.1651 0.1651 0.1480 206.5458 206.5458 74.0984 0.7246 
fa4 = 0.8314 0.2400 0.2400 0.2400 0.2400 0.2400 0.2400 0.2400 0.1932 0.1932 0.1932 0.1932 0.1932 0.1932 0.1932 0.1651 0.1651 0.1651 0.1651 0.1651 0.1651 0.1651 0.1480 212.2554 212.2554 75.3644 0.7225 
fb1 = -0.1755 -0.2047 -0.2047 -0.2047 -0.2047 -0.2047 -0.2047 -0.2047 -0.2145 -0.2145 -0.2145 -0.2145 -0.2145 -0.2145 -0.2145 -0.2236 -0.2236 -0.2236 -0.2236 -0.2236 -0.2236 -0.2236 -0.2313 0.1930 0.1930 0.0787 -0.0658 
fb2 = -0.1755 -0.2047 -0.2047 -0.2047 -0.2047 -0.2047 -0.2047 -0.2047 -0.2144 -0.2144 -0.2144 -0.2144 -0.2144 -0.2144 -0.2144 -0.2235 -0.2235 -0.2235 -0.2235 -0.2235 -0.2235 -0.2235 -0.2312 0.1970 0.1970 0.0801 -0.0658 
fb3 = -0.1755 -0.2047 -0.2047 -0.2047 -0.2047 -0.2047 -0.2047 -0.2047 -0.2144 -0.2144 -0.2144 -0.2144 -0.2144 -0.2144 -0.2144 -0.2235 -0.2235 -0.2235 -0.2235 -0.2235 -0.2235 -0.2235 -0.2312 0.1971 0.1971 0.0802 -0.0658 
fb4 = -0.1754 -0.2046 -0.2046 -0.2046 -0.2046 -0.2046 -0.2046 -0.2046 -0.2144 -0.2144 -0.2144 -0.2144 -0.2144 -0.2144 -0.2144 -0.2235 -0.2235 -0.2235 -0.2235 -0.2235 -0.2235 -0.2235 -0.2312 0.2013 0.2013 0.0816 -0.0657 
I = 14.9000 9.4000 9.4000 9.4000 9.4000 9.4000 9.4000 9.4000 6.0000 6.0000 6.0000 6.0000 6.0000 6.0000 6.0000 2.0000 2.0000 2.0000 2.0000 2.0000 2.0000 2.0000 -2.0000 26.1686 26.1686 10.0000 3.2267 
S1 = 0.0000 0.0000 0.0000 0.0000 0.0000 0.0000 0.0000 0.0000 0.0000 0.0000 0.0000 0.0000 0.0000 0.0000 0.0000 0.0000 0.0000 0.0000 0.0000 0.0000 0.0000 0.0000 0.0000 0.0000 0.0000 0.0000 0.0000 
S2 = 0.0000 0.0000 0.0000 0.0000 0.0000 0.0000 0.0000 0.0000 0.0000 0.0000 0.0000 0.0000 0.0000 0.0000 0.0000 0.0000 0.0000 0.0000 0.0000 0.0000 0.0000 0.0000 0.0000 2.1686 2.1686 0.0000 14.2267 
u = 7.9527 7.7642 7.7642 7.7642 7.7642 7.7642 7.7642 7.7642 7.6836 7.6836 7.6836 7.6836 7.6836 7.6836 7.6836 7.6033 7.6033 7.6033 7.6033 7.6033 7.6033 7.6033 7.5332 11.3543 11.3543 11.9985 9.0997 
v = 35.6690 26.4839 26.4839 26.4839 26.4839 26.4839 26.4839 26.4839 23.2462 23.2462 23.2462 23.2462 23.2462 23.2462 23.2462 20.1662 20.1662 20.1662 20.1662 20.1662 20.1662 20.1662 17.5431 107.0861 107.0861 80.3989 29.0657 
