ExternalI = 5.5000 0.0000 0.0000 0.0000 0.0000 0.0000 0.0000 0.0000 4.0000 4.0000 4.0000 4.0000 4.0000 4.0000 4.0000 0.0000 0.0000 0.0000 0.0000 0.0000 0.0000 0.0000 0.0000 8.0000 8.0000 0.0000 0.0000 
before u = 7.9527 7.7642 7.7642 7.7642 7.7642 7.7642 7.7642 7.7642 7.6836 7.6836 7.6836 7.6836 7.6836 7.6836 7.6836 7.6033 7.6033 7.6033 7.6033 7.6033 7.6033 7.6033 7.5332 11.3543 11.3543 11.9985 9.0997 
before v = 35.6690 26.4839 26.4839 26.4839 26.4839 26.4839 26.4839 26.4839 23.2462 23.2462 23.2462 23.2462 23.2462 23.2462 23.2462 20.1662 20.1662 20.1662 20.1662 20.1662 20.1662 20.1662 17.5431 107.0861 107.0861 80.3989 29.0657 
Ibias = 9.4000 9.4000 9.4000 9.4000 9.4000 9.4000 9.4000 9.4000 2.0000 2.0000 2.0000 2.0000 2.0000 2.0000 2.0000 2.0000 2.0000 2.0000 2.0000 2.0000 2.0000 2.0000 -2.0000 16.0000 16.0000 10.0000 -11.0000 
fa1 = 0.8314 0.2400 0.2400 0.2400 0.2400 0.2400 0.2400 0.2400 0.1932 0.1932 0.1932 0.1932 0.1932 0.1932 0.1932 0.1651 0.1651 0.1651 0.1651 0.1651 0.1651 0.1651 0.1480 212.2492 212.2492 75.3642 0.6940 
fa2 = 0.8317 0.2399 0.2399 0.2399 0.2399 0.2399 0.2399 0.2399 0.1932 0.1932 0.1932 0.1932 0.1932 0.1932 0.1932 0.1651 0.1651 0.1651 0.1651 0.1651 0.1651 0.1651 0.1480 218.2011 218.2011 76.6627 0.6920 
fa3 = 0.8317 0.2399 0.2399 0.2399 0.2399 0.2399 0.2399 0.2399 0.1932 0.1932 0.1932 0.1932 0.1932 0.1932 0.1932 0.1651 0.1651 0.1651 0.1651 0.1651 0.1651 0.1651 0.1480 218.3693 218.3693 76.6852 0.6920 
fa4 = 0.8319 0.2399 0.2399 0.2399 0.2399 0.2399 0.2399 0.2399 0.1931 0.1931 0.1931 0.1931 0.1931 0.1931 0.1931 0.1651 0.1651 0.1651 0.1651 0.1651 0.1651 0.1651 0.1480 224.5942 224.5942 78.0187 0.6900 
fb1 = -0.1754 -0.2046 -0.2046 -0.2046 -0.2046 -0.2046 -0.2046 -0.2046 -0.2144 -0.2144 -0.2144 -0.2144 -0.2144 -0.2144 -0.2144 -0.2235 -0.2235 -0.2235 -0.2235 -0.2235 -0.2235 -0.2235 -0.2312 0.2013 0.2013 0.0816 -0.0657 
fb2 = -0.1754 -0.2046 -0.2046 -0.2046 -0.2046 -0.2046 -0.2046 -0.2046 -0.2143 -0.2143 -0.2143 -0.2143 -0.2143 -0.2143 -0.2143 -0.2234 -0.2234 -0.2234 -0.2234 -0.2234 -0.2234 -0.2234 -0.2311 0.2055 0.2055 0.0831 -0.0657 
fb3 = -0.1754 -0.2046 -0.2046 -0.2046 -0.2046 -0.2046 -0.2046 -0.2046 -0.2143 -0.2143 -0.2143 -0.2143 -0.2143 -0.2143 -0.2143 -0.2234 -0.2234 -0.2234 -0.2234 -0.2234 -0.2234 -0.2234 -0.2311 0.2056 0.2056 0.0831 -0.0657 
fb4 = -0.1753 -0.2045 -0.2045 -0.2045 -0.2045 -0.2045 -0.2045 -0.2045 -0.2143 -0.2143 -0.2143 -0.2143 -0.2143 -0.2143 -0.2143 -0.2234 -0.2234 -0.2234 -0.2234 -0.2234 -0.2234 -0.2234 -0.2311 0.2100 0.2100 0.0847 -0.0657 
I = 14.9000 9.4000 9.4000 9.4000 9.4000 9.4000 9.4000 9.4000 6.0000 6.0000 6.0000 6.0000 6.0000 6.0000 6.0000 2.0000 2.0000 2.0000 2.0000 2.0000 2.0000 2.0000 -2.0000 26.1643 26.1643 10.0000 3.1982 
S1 = 0.0000 0.0000 0.0000 0.0000 0.0000 0.0000 0.0000 0.0000 0.0000 0.0000 0.0000 0.0000 0.0000 0.0000 0.0000 0.0000 0.0000 0.0000 0.0000 0.0000 0.0000 0.0000 0.0000 0.0000 0.0000 0.0000 0.0000 
S2 = 0.0000 0.0000 0.0000 0.0000 0.0000 0.0000 0.0000 0.0000 0.0000 0.0000 0.0000 0.0000 0.0000 0.0000 0.0000 0.0000 0.0000 0.0000 0.0000 0.0000 0.0000 0.0000 0.0000 2.1643 2.1643 0.0000 14.1982 
u = 7.9510 7.7622 7.7622 7.7622 7.7622 7.7622 7.7622 7.7622 7.6814 7.6814 7.6814 7.6814 7.6814 7.6814 7.6814 7.6011 7.6011 7.6011 7.6011 7.6011 7.6011 7.6011 7.5308 11.3564 11.3564 11.9994 9.0991 
v = 35.6773 26.4863 26.4863 26.4863 26.4863 26.4863 26.4863 26.4863 23.2482 23.2482 23.2482 23.2482 23.2482 23.2482 23.2482 20.1678 20.1678 20.1678 20.1678 20.1678 20.1678 20.1678 17.5445 109.2695 109.2695 81.1657 29.0726 
