ExternalI = 5.5000 0.0000 0.0000 0.0000 0.0000 0.0000 0.0000 0.0000 4.0000 4.0000 4.0000 4.0000 4.0000 4.0000 4.0000 0.0000 0.0000 0.0000 0.0000 0.0000 0.0000 0.0000 0.0000 8.0000 8.0000 0.0000 0.0000 
before u = 7.9510 7.7622 7.7622 7.7622 7.7622 7.7622 7.7622 7.7622 7.6814 7.6814 7.6814 7.6814 7.6814 7.6814 7.6814 7.6011 7.6011 7.6011 7.6011 7.6011 7.6011 7.6011 7.5308 11.3564 11.3564 11.9994 9.0991 
before v = 35.6773 26.4863 26.4863 26.4863 26.4863 26.4863 26.4863 26.4863 23.2482 23.2482 23.2482 23.2482 23.2482 23.2482 23.2482 20.1678 20.1678 20.1678 20.1678 20.1678 20.1678 20.1678 17.5445 109.2695 109.2695 81.1657 29.0726 
Ibias = 9.4000 9.4000 9.4000 9.4000 9.4000 9.4000 9.4000 9.4000 2.0000 2.0000 2.0000 2.0000 2.0000 2.0000 2.0000 2.0000 2.0000 2.0000 2.0000 2.0000 2.0000 2.0000 -2.0000 16.0000 16.0000 10.0000 -11.0000 
fa1 = 0.8319 0.2399 0.2399 0.2399 0.2399 0.2399 0.2399 0.2399 0.1931 0.1931 0.1931 0.1931 0.1931 0.1931 0.1931 0.1651 0.1651 0.1651 0.1651 0.1651 0.1651 0.1651 0.1480 224.5877 224.5877 78.0185 0.6616 
fa2 = 0.8322 0.2399 0.2399 0.2399 0.2399 0.2399 0.2399 0.2399 0.1931 0.1931 0.1931 0.1931 0.1931 0.1931 0.1931 0.1650 0.1650 0.1650 0.1650 0.1650 0.1650 0.1650 0.1479 231.0845 231.0845 79.3869 0.6597 
fa3 = 0.8322 0.2399 0.2399 0.2399 0.2399 0.2399 0.2399 0.2399 0.1931 0.1931 0.1931 0.1931 0.1931 0.1931 0.1931 0.1650 0.1650 0.1650 0.1650 0.1650 0.1650 0.1650 0.1479 231.2739 231.2739 79.4110 0.6597 
fa4 = 0.8325 0.2398 0.2398 0.2398 0.2398 0.2398 0.2398 0.2398 0.1931 0.1931 0.1931 0.1931 0.1931 0.1931 0.1931 0.1650 0.1650 0.1650 0.1650 0.1650 0.1650 0.1650 0.1479 238.0782 238.0782 80.8169 0.6578 
fb1 = -0.1753 -0.2045 -0.2045 -0.2045 -0.2045 -0.2045 -0.2045 -0.2045 -0.2143 -0.2143 -0.2143 -0.2143 -0.2143 -0.2143 -0.2143 -0.2234 -0.2234 -0.2234 -0.2234 -0.2234 -0.2234 -0.2234 -0.2311 0.2099 0.2099 0.0847 -0.0657 
fb2 = -0.1753 -0.2045 -0.2045 -0.2045 -0.2045 -0.2045 -0.2045 -0.2045 -0.2142 -0.2142 -0.2142 -0.2142 -0.2142 -0.2142 -0.2142 -0.2233 -0.2233 -0.2233 -0.2233 -0.2233 -0.2233 -0.2233 -0.2310 0.2144 0.2144 0.0862 -0.0657 
fb3 = -0.1753 -0.2045 -0.2045 -0.2045 -0.2045 -0.2045 -0.2045 -0.2045 -0.2142 -0.2142 -0.2142 -0.2142 -0.2142 -0.2142 -0.2142 -0.2233 -0.2233 -0.2233 -0.2233 -0.2233 -0.2233 -0.2233 -0.2310 0.2145 0.2145 0.0863 -0.0657 
fb4 = -0.1752 -0.2044 -0.2044 -0.2044 -0.2044 -0.2044 -0.2044 -0.2044 -0.2142 -0.2142 -0.2142 -0.2142 -0.2142 -0.2142 -0.2142 -0.2233 -0.2233 -0.2233 -0.2233 -0.2233 -0.2233 -0.2233 -0.2310 0.2192 0.2192 0.0878 -0.0657 
I = 14.9000 9.4000 9.4000 9.4000 9.4000 9.4000 9.4000 9.4000 6.0000 6.0000 6.0000 6.0000 6.0000 6.0000 6.0000 2.0000 2.0000 2.0000 2.0000 2.0000 2.0000 2.0000 -2.0000 26.1599 26.1599 10.0000 3.1698 
S1 = 0.0000 0.0000 0.0000 0.0000 0.0000 0.0000 0.0000 0.0000 0.0000 0.0000 0.0000 0.0000 0.0000 0.0000 0.0000 0.0000 0.0000 0.0000 0.0000 0.0000 0.0000 0.0000 0.0000 0.0000 0.0000 0.0000 0.0000 
S2 = 0.0000 0.0000 0.0000 0.0000 0.0000 0.0000 0.0000 0.0000 0.0000 0.0000 0.0000 0.0000 0.0000 0.0000 0.0000 0.0000 0.0000 0.0000 0.0000 0.0000 0.0000 0.0000 0.0000 2.1599 2.1599 0.0000 14.1698 
u = 7.9492 7.7601 7.7601 7.7601 7.7601 7.7601 7.7601 7.7601 7.6793 7.6793 7.6793 7.6793 7.6793 7.6793 7.6793 7.5989 7.5989 7.5989 7.5989 7.5989 7.5989 7.5989 7.5285 11.3585 11.3585 12.0002 9.0984 
v = 35.6856 26.4887 26.4887 26.4887 26.4887 26.4887 26.4887 26.4887 23.2501 23.2501 23.2501 23.2501 23.2501 23.2501 23.2501 20.1695 20.1695 20.1695 20.1695 20.1695 20.1695 20.1695 17.5460 111.5818 111.5818 81.9598 29.0792 
