ExternalI = 5.5000 0.0000 0.0000 0.0000 0.0000 0.0000 0.0000 0.0000 4.0000 4.0000 4.0000 4.0000 4.0000 4.0000 4.0000 0.0000 0.0000 0.0000 0.0000 0.0000 0.0000 0.0000 0.0000 8.0000 8.0000 0.0000 0.0000 
before u = 7.9492 7.7601 7.7601 7.7601 7.7601 7.7601 7.7601 7.7601 7.6793 7.6793 7.6793 7.6793 7.6793 7.6793 7.6793 7.5989 7.5989 7.5989 7.5989 7.5989 7.5989 7.5989 7.5285 11.3585 11.3585 12.0002 9.0984 
before v = 35.6856 26.4887 26.4887 26.4887 26.4887 26.4887 26.4887 26.4887 23.2501 23.2501 23.2501 23.2501 23.2501 23.2501 23.2501 20.1695 20.1695 20.1695 20.1695 20.1695 20.1695 20.1695 17.5460 111.5818 111.5818 81.9598 29.0792 
Ibias = 9.4000 9.4000 9.4000 9.4000 9.4000 9.4000 9.4000 9.4000 2.0000 2.0000 2.0000 2.0000 2.0000 2.0000 2.0000 2.0000 2.0000 2.0000 2.0000 2.0000 2.0000 2.0000 -2.0000 16.0000 16.0000 10.0000 -11.0000 
fa1 = 0.8325 0.2398 0.2398 0.2398 0.2398 0.2398 0.2398 0.2398 0.1931 0.1931 0.1931 0.1931 0.1931 0.1931 0.1931 0.1650 0.1650 0.1650 0.1650 0.1650 0.1650 0.1650 0.1479 238.0713 238.0713 80.8167 0.6295 
fa2 = 0.8327 0.2398 0.2398 0.2398 0.2398 0.2398 0.2398 0.2398 0.1931 0.1931 0.1931 0.1931 0.1931 0.1931 0.1931 0.1650 0.1650 0.1650 0.1650 0.1650 0.1650 0.1650 0.1479 245.1816 245.1816 82.2600 0.6277 
fa3 = 0.8327 0.2398 0.2398 0.2398 0.2398 0.2398 0.2398 0.2398 0.1931 0.1931 0.1931 0.1931 0.1931 0.1931 0.1931 0.1650 0.1650 0.1650 0.1650 0.1650 0.1650 0.1650 0.1479 245.3957 245.3957 82.2859 0.6277 
fa4 = 0.8330 0.2398 0.2398 0.2398 0.2398 0.2398 0.2398 0.2398 0.1930 0.1930 0.1930 0.1930 0.1930 0.1930 0.1930 0.1649 0.1649 0.1649 0.1649 0.1649 0.1649 0.1649 0.1479 252.8534 252.8534 83.7696 0.6259 
fb1 = -0.1752 -0.2044 -0.2044 -0.2044 -0.2044 -0.2044 -0.2044 -0.2044 -0.2142 -0.2142 -0.2142 -0.2142 -0.2142 -0.2142 -0.2142 -0.2233 -0.2233 -0.2233 -0.2233 -0.2233 -0.2233 -0.2233 -0.2310 0.2192 0.2192 0.0878 -0.0657 
fb2 = -0.1752 -0.2044 -0.2044 -0.2044 -0.2044 -0.2044 -0.2044 -0.2044 -0.2141 -0.2141 -0.2141 -0.2141 -0.2141 -0.2141 -0.2141 -0.2232 -0.2232 -0.2232 -0.2232 -0.2232 -0.2232 -0.2232 -0.2309 0.2239 0.2239 0.0894 -0.0656 
fb3 = -0.1752 -0.2044 -0.2044 -0.2044 -0.2044 -0.2044 -0.2044 -0.2044 -0.2141 -0.2141 -0.2141 -0.2141 -0.2141 -0.2141 -0.2141 -0.2232 -0.2232 -0.2232 -0.2232 -0.2232 -0.2232 -0.2232 -0.2309 0.2240 0.2240 0.0895 -0.0656 
fb4 = -0.1751 -0.2044 -0.2044 -0.2044 -0.2044 -0.2044 -0.2044 -0.2044 -0.2141 -0.2141 -0.2141 -0.2141 -0.2141 -0.2141 -0.2141 -0.2232 -0.2232 -0.2232 -0.2232 -0.2232 -0.2232 -0.2232 -0.2309 0.2289 0.2289 0.0911 -0.0656 
I = 14.9000 9.4000 9.4000 9.4000 9.4000 9.4000 9.4000 9.4000 6.0000 6.0000 6.0000 6.0000 6.0000 6.0000 6.0000 2.0000 2.0000 2.0000 2.0000 2.0000 2.0000 2.0000 -2.0000 26.1556 26.1556 10.0000 3.1415 
S1 = 0.0000 0.0000 0.0000 0.0000 0.0000 0.0000 0.0000 0.0000 0.0000 0.0000 0.0000 0.0000 0.0000 0.0000 0.0000 0.0000 0.0000 0.0000 0.0000 0.0000 0.0000 0.0000 0.0000 0.0000 0.0000 0.0000 0.0000 
S2 = 0.0000 0.0000 0.0000 0.0000 0.0000 0.0000 0.0000 0.0000 0.0000 0.0000 0.0000 0.0000 0.0000 0.0000 0.0000 0.0000 0.0000 0.0000 0.0000 0.0000 0.0000 0.0000 0.0000 2.1556 2.1556 0.0000 14.1415 
u = 7.9475 7.7581 7.7581 7.7581 7.7581 7.7581 7.7581 7.7581 7.6772 7.6772 7.6772 7.6772 7.6772 7.6772 7.6772 7.5966 7.5966 7.5966 7.5966 7.5966 7.5966 7.5966 7.5262 11.3608 11.3608 12.0011 9.0978 
v = 35.6939 26.4911 26.4911 26.4911 26.4911 26.4911 26.4911 26.4911 23.2520 23.2520 23.2520 23.2520 23.2520 23.2520 23.2520 20.1711 20.1711 20.1711 20.1711 20.1711 20.1711 20.1711 17.5475 114.0352 114.0352 82.7826 29.0855 
