ExternalI = 5.5000 0.0000 0.0000 0.0000 0.0000 0.0000 0.0000 0.0000 4.0000 4.0000 4.0000 4.0000 4.0000 4.0000 4.0000 0.0000 0.0000 0.0000 0.0000 0.0000 0.0000 0.0000 0.0000 8.0000 8.0000 0.0000 0.0000 
before u = 7.9475 7.7581 7.7581 7.7581 7.7581 7.7581 7.7581 7.7581 7.6772 7.6772 7.6772 7.6772 7.6772 7.6772 7.6772 7.5966 7.5966 7.5966 7.5966 7.5966 7.5966 7.5966 7.5262 11.3608 11.3608 12.0011 9.0978 
before v = 35.6939 26.4911 26.4911 26.4911 26.4911 26.4911 26.4911 26.4911 23.2520 23.2520 23.2520 23.2520 23.2520 23.2520 23.2520 20.1711 20.1711 20.1711 20.1711 20.1711 20.1711 20.1711 17.5475 114.0352 114.0352 82.7826 29.0855 
Ibias = 9.4000 9.4000 9.4000 9.4000 9.4000 9.4000 9.4000 9.4000 2.0000 2.0000 2.0000 2.0000 2.0000 2.0000 2.0000 2.0000 2.0000 2.0000 2.0000 2.0000 2.0000 2.0000 -2.0000 16.0000 16.0000 10.0000 -11.0000 
fa1 = 0.8330 0.2398 0.2398 0.2398 0.2398 0.2398 0.2398 0.2398 0.1930 0.1930 0.1930 0.1930 0.1930 0.1930 0.1930 0.1649 0.1649 0.1649 0.1649 0.1649 0.1649 0.1649 0.1479 252.8461 252.8461 83.7694 0.5976 
fa2 = 0.8333 0.2397 0.2397 0.2397 0.2397 0.2397 0.2397 0.2397 0.1930 0.1930 0.1930 0.1930 0.1930 0.1930 0.1930 0.1649 0.1649 0.1649 0.1649 0.1649 0.1649 0.1649 0.1478 260.6496 260.6496 85.2933 0.5959 
fa3 = 0.8333 0.2397 0.2397 0.2397 0.2397 0.2397 0.2397 0.2397 0.1930 0.1930 0.1930 0.1930 0.1930 0.1930 0.1930 0.1649 0.1649 0.1649 0.1649 0.1649 0.1649 0.1649 0.1478 260.8924 260.8924 85.3211 0.5959 
fa4 = 0.8336 0.2397 0.2397 0.2397 0.2397 0.2397 0.2397 0.2397 0.1930 0.1930 0.1930 0.1930 0.1930 0.1930 0.1930 0.1649 0.1649 0.1649 0.1649 0.1649 0.1649 0.1649 0.1478 269.0900 269.0900 86.8884 0.5943 
fb1 = -0.1751 -0.2044 -0.2044 -0.2044 -0.2044 -0.2044 -0.2044 -0.2044 -0.2141 -0.2141 -0.2141 -0.2141 -0.2141 -0.2141 -0.2141 -0.2232 -0.2232 -0.2232 -0.2232 -0.2232 -0.2232 -0.2232 -0.2309 0.2289 0.2289 0.0911 -0.0656 
fb2 = -0.1751 -0.2043 -0.2043 -0.2043 -0.2043 -0.2043 -0.2043 -0.2043 -0.2140 -0.2140 -0.2140 -0.2140 -0.2140 -0.2140 -0.2140 -0.2231 -0.2231 -0.2231 -0.2231 -0.2231 -0.2231 -0.2231 -0.2308 0.2340 0.2340 0.0928 -0.0656 
fb3 = -0.1751 -0.2043 -0.2043 -0.2043 -0.2043 -0.2043 -0.2043 -0.2043 -0.2140 -0.2140 -0.2140 -0.2140 -0.2140 -0.2140 -0.2140 -0.2231 -0.2231 -0.2231 -0.2231 -0.2231 -0.2231 -0.2231 -0.2308 0.2341 0.2341 0.0928 -0.0656 
fb4 = -0.1750 -0.2043 -0.2043 -0.2043 -0.2043 -0.2043 -0.2043 -0.2043 -0.2140 -0.2140 -0.2140 -0.2140 -0.2140 -0.2140 -0.2140 -0.2231 -0.2231 -0.2231 -0.2231 -0.2231 -0.2231 -0.2231 -0.2308 0.2393 0.2393 0.0945 -0.0656 
I = 14.9000 9.4000 9.4000 9.4000 9.4000 9.4000 9.4000 9.4000 6.0000 6.0000 6.0000 6.0000 6.0000 6.0000 6.0000 2.0000 2.0000 2.0000 2.0000 2.0000 2.0000 2.0000 -2.0000 26.1513 26.1513 10.0000 3.1132 
S1 = 0.0000 0.0000 0.0000 0.0000 0.0000 0.0000 0.0000 0.0000 0.0000 0.0000 0.0000 0.0000 0.0000 0.0000 0.0000 0.0000 0.0000 0.0000 0.0000 0.0000 0.0000 0.0000 0.0000 0.0000 0.0000 0.0000 0.0000 
S2 = 0.0000 0.0000 0.0000 0.0000 0.0000 0.0000 0.0000 0.0000 0.0000 0.0000 0.0000 0.0000 0.0000 0.0000 0.0000 0.0000 0.0000 0.0000 0.0000 0.0000 0.0000 0.0000 0.0000 2.1513 2.1513 0.0000 14.1132 
u = 7.9457 7.7560 7.7560 7.7560 7.7560 7.7560 7.7560 7.7560 7.6750 7.6750 7.6750 7.6750 7.6750 7.6750 7.6750 7.5944 7.5944 7.5944 7.5944 7.5944 7.5944 7.5944 7.5239 11.3631 11.3631 12.0021 9.0971 
v = 35.7023 26.4935 26.4935 26.4935 26.4935 26.4935 26.4935 26.4935 23.2540 23.2540 23.2540 23.2540 23.2540 23.2540 23.2540 20.1728 20.1728 20.1728 20.1728 20.1728 20.1728 20.1728 17.5490 116.6436 116.6436 83.6357 29.0915 
