ExternalI = 5.5000 0.0000 0.0000 0.0000 0.0000 0.0000 0.0000 0.0000 4.0000 4.0000 4.0000 4.0000 4.0000 4.0000 4.0000 0.0000 0.0000 0.0000 0.0000 0.0000 0.0000 0.0000 0.0000 8.0000 8.0000 0.0000 0.0000 
before u = 7.9457 7.7560 7.7560 7.7560 7.7560 7.7560 7.7560 7.7560 7.6750 7.6750 7.6750 7.6750 7.6750 7.6750 7.6750 7.5944 7.5944 7.5944 7.5944 7.5944 7.5944 7.5944 7.5239 11.3631 11.3631 12.0021 9.0971 
before v = 35.7023 26.4935 26.4935 26.4935 26.4935 26.4935 26.4935 26.4935 23.2540 23.2540 23.2540 23.2540 23.2540 23.2540 23.2540 20.1728 20.1728 20.1728 20.1728 20.1728 20.1728 20.1728 17.5490 116.6436 116.6436 83.6357 29.0915 
Ibias = 9.4000 9.4000 9.4000 9.4000 9.4000 9.4000 9.4000 9.4000 2.0000 2.0000 2.0000 2.0000 2.0000 2.0000 2.0000 2.0000 2.0000 2.0000 2.0000 2.0000 2.0000 2.0000 -2.0000 16.0000 16.0000 10.0000 -11.0000 
fa1 = 0.8336 0.2397 0.2397 0.2397 0.2397 0.2397 0.2397 0.2397 0.1930 0.1930 0.1930 0.1930 0.1930 0.1930 0.1930 0.1649 0.1649 0.1649 0.1649 0.1649 0.1649 0.1649 0.1478 269.0822 269.0822 86.8882 0.5660 
fa2 = 0.8338 0.2397 0.2397 0.2397 0.2397 0.2397 0.2397 0.2397 0.1929 0.1929 0.1929 0.1929 0.1929 0.1929 0.1929 0.1649 0.1649 0.1649 0.1649 0.1649 0.1649 0.1649 0.1478 277.6718 277.6718 88.4987 0.5645 
fa3 = 0.8338 0.2397 0.2397 0.2397 0.2397 0.2397 0.2397 0.2397 0.1929 0.1929 0.1929 0.1929 0.1929 0.1929 0.1929 0.1649 0.1649 0.1649 0.1649 0.1649 0.1649 0.1649 0.1478 277.9484 277.9484 88.5287 0.5645 
fa4 = 0.8341 0.2396 0.2396 0.2396 0.2396 0.2396 0.2396 0.2396 0.1929 0.1929 0.1929 0.1929 0.1929 0.1929 0.1929 0.1648 0.1648 0.1648 0.1648 0.1648 0.1648 0.1648 0.1478 286.9870 286.9870 90.1860 0.5629 
fb1 = -0.1750 -0.2043 -0.2043 -0.2043 -0.2043 -0.2043 -0.2043 -0.2043 -0.2140 -0.2140 -0.2140 -0.2140 -0.2140 -0.2140 -0.2140 -0.2231 -0.2231 -0.2231 -0.2231 -0.2231 -0.2231 -0.2231 -0.2308 0.2393 0.2393 0.0945 -0.0656 
fb2 = -0.1750 -0.2042 -0.2042 -0.2042 -0.2042 -0.2042 -0.2042 -0.2042 -0.2139 -0.2139 -0.2139 -0.2139 -0.2139 -0.2139 -0.2139 -0.2230 -0.2230 -0.2230 -0.2230 -0.2230 -0.2230 -0.2230 -0.2307 0.2447 0.2447 0.0962 -0.0656 
fb3 = -0.1750 -0.2042 -0.2042 -0.2042 -0.2042 -0.2042 -0.2042 -0.2042 -0.2139 -0.2139 -0.2139 -0.2139 -0.2139 -0.2139 -0.2139 -0.2230 -0.2230 -0.2230 -0.2230 -0.2230 -0.2230 -0.2230 -0.2307 0.2448 0.2448 0.0963 -0.0656 
fb4 = -0.1749 -0.2042 -0.2042 -0.2042 -0.2042 -0.2042 -0.2042 -0.2042 -0.2139 -0.2139 -0.2139 -0.2139 -0.2139 -0.2139 -0.2139 -0.2230 -0.2230 -0.2230 -0.2230 -0.2230 -0.2230 -0.2230 -0.2307 0.2504 0.2504 0.0980 -0.0655 
I = 14.9000 9.4000 9.4000 9.4000 9.4000 9.4000 9.4000 9.4000 6.0000 6.0000 6.0000 6.0000 6.0000 6.0000 6.0000 2.0000 2.0000 2.0000 2.0000 2.0000 2.0000 2.0000 -2.0000 26.1470 26.1470 10.0000 3.0850 
S1 = 0.0000 0.0000 0.0000 0.0000 0.0000 0.0000 0.0000 0.0000 0.0000 0.0000 0.0000 0.0000 0.0000 0.0000 0.0000 0.0000 0.0000 0.0000 0.0000 0.0000 0.0000 0.0000 0.0000 0.0000 0.0000 0.0000 0.0000 
S2 = 0.0000 0.0000 0.0000 0.0000 0.0000 0.0000 0.0000 0.0000 0.0000 0.0000 0.0000 0.0000 0.0000 0.0000 0.0000 0.0000 0.0000 0.0000 0.0000 0.0000 0.0000 0.0000 0.0000 2.1470 2.1470 0.0000 14.0850 
u = 7.9440 7.7540 7.7540 7.7540 7.7540 7.7540 7.7540 7.7540 7.6729 7.6729 7.6729 7.6729 7.6729 7.6729 7.6729 7.5922 7.5922 7.5922 7.5922 7.5922 7.5922 7.5922 7.5216 11.3656 11.3656 12.0030 9.0964 
v = 35.7106 26.4959 26.4959 26.4959 26.4959 26.4959 26.4959 26.4959 23.2559 23.2559 23.2559 23.2559 23.2559 23.2559 23.2559 20.1744 20.1744 20.1744 20.1744 20.1744 20.1744 20.1744 17.5505 119.4224 119.4224 84.5209 29.0971 
