ExternalI = 5.5000 0.0000 0.0000 0.0000 0.0000 0.0000 0.0000 0.0000 4.0000 4.0000 4.0000 4.0000 4.0000 4.0000 4.0000 0.0000 0.0000 0.0000 0.0000 0.0000 0.0000 0.0000 0.0000 8.0000 8.0000 0.0000 0.0000 
before u = 7.9440 7.7540 7.7540 7.7540 7.7540 7.7540 7.7540 7.7540 7.6729 7.6729 7.6729 7.6729 7.6729 7.6729 7.6729 7.5922 7.5922 7.5922 7.5922 7.5922 7.5922 7.5922 7.5216 11.3656 11.3656 12.0030 9.0964 
before v = 35.7106 26.4959 26.4959 26.4959 26.4959 26.4959 26.4959 26.4959 23.2559 23.2559 23.2559 23.2559 23.2559 23.2559 23.2559 20.1744 20.1744 20.1744 20.1744 20.1744 20.1744 20.1744 17.5505 119.4224 119.4224 84.5209 29.0971 
Ibias = 9.4000 9.4000 9.4000 9.4000 9.4000 9.4000 9.4000 9.4000 2.0000 2.0000 2.0000 2.0000 2.0000 2.0000 2.0000 2.0000 2.0000 2.0000 2.0000 2.0000 2.0000 2.0000 -2.0000 16.0000 16.0000 10.0000 -11.0000 
fa1 = 0.8341 0.2396 0.2396 0.2396 0.2396 0.2396 0.2396 0.2396 0.1929 0.1929 0.1929 0.1929 0.1929 0.1929 0.1929 0.1648 0.1648 0.1648 0.1648 0.1648 0.1648 0.1648 0.1478 286.9786 286.9786 90.1858 0.5347 
fa2 = 0.8344 0.2396 0.2396 0.2396 0.2396 0.2396 0.2396 0.2396 0.1929 0.1929 0.1929 0.1929 0.1929 0.1929 0.1929 0.1648 0.1648 0.1648 0.1648 0.1648 0.1648 0.1648 0.1477 296.4637 296.4637 91.8897 0.5333 
fa3 = 0.8344 0.2396 0.2396 0.2396 0.2396 0.2396 0.2396 0.2396 0.1929 0.1929 0.1929 0.1929 0.1929 0.1929 0.1929 0.1648 0.1648 0.1648 0.1648 0.1648 0.1648 0.1648 0.1477 296.7800 296.7800 91.9220 0.5333 
fa4 = 0.8347 0.2396 0.2396 0.2396 0.2396 0.2396 0.2396 0.2396 0.1929 0.1929 0.1929 0.1929 0.1929 0.1929 0.1929 0.1648 0.1648 0.1648 0.1648 0.1648 0.1648 0.1648 0.1477 306.7787 306.7787 93.6764 0.5318 
fb1 = -0.1749 -0.2042 -0.2042 -0.2042 -0.2042 -0.2042 -0.2042 -0.2042 -0.2139 -0.2139 -0.2139 -0.2139 -0.2139 -0.2139 -0.2139 -0.2230 -0.2230 -0.2230 -0.2230 -0.2230 -0.2230 -0.2230 -0.2307 0.2504 0.2504 0.0980 -0.0655 
fb2 = -0.1749 -0.2041 -0.2041 -0.2041 -0.2041 -0.2041 -0.2041 -0.2041 -0.2138 -0.2138 -0.2138 -0.2138 -0.2138 -0.2138 -0.2138 -0.2229 -0.2229 -0.2229 -0.2229 -0.2229 -0.2229 -0.2229 -0.2306 0.2561 0.2561 0.0998 -0.0655 
fb3 = -0.1749 -0.2041 -0.2041 -0.2041 -0.2041 -0.2041 -0.2041 -0.2041 -0.2138 -0.2138 -0.2138 -0.2138 -0.2138 -0.2138 -0.2138 -0.2229 -0.2229 -0.2229 -0.2229 -0.2229 -0.2229 -0.2229 -0.2306 0.2563 0.2563 0.0999 -0.0655 
fb4 = -0.1748 -0.2041 -0.2041 -0.2041 -0.2041 -0.2041 -0.2041 -0.2041 -0.2138 -0.2138 -0.2138 -0.2138 -0.2138 -0.2138 -0.2138 -0.2229 -0.2229 -0.2229 -0.2229 -0.2229 -0.2229 -0.2229 -0.2306 0.2622 0.2622 0.1017 -0.0655 
I = 14.9000 9.4000 9.4000 9.4000 9.4000 9.4000 9.4000 9.4000 6.0000 6.0000 6.0000 6.0000 6.0000 6.0000 6.0000 2.0000 2.0000 2.0000 2.0000 2.0000 2.0000 2.0000 -2.0000 26.1427 26.1427 10.0000 3.0568 
S1 = 0.0000 0.0000 0.0000 0.0000 0.0000 0.0000 0.0000 0.0000 0.0000 0.0000 0.0000 0.0000 0.0000 0.0000 0.0000 0.0000 0.0000 0.0000 0.0000 0.0000 0.0000 0.0000 0.0000 0.0000 0.0000 0.0000 0.0000 
S2 = 0.0000 0.0000 0.0000 0.0000 0.0000 0.0000 0.0000 0.0000 0.0000 0.0000 0.0000 0.0000 0.0000 0.0000 0.0000 0.0000 0.0000 0.0000 0.0000 0.0000 0.0000 0.0000 0.0000 2.1427 2.1427 0.0000 14.0568 
u = 7.9422 7.7519 7.7519 7.7519 7.7519 7.7519 7.7519 7.7519 7.6707 7.6707 7.6707 7.6707 7.6707 7.6707 7.6707 7.5900 7.5900 7.5900 7.5900 7.5900 7.5900 7.5900 7.5193 11.3681 11.3681 12.0040 9.0958 
v = 35.7189 26.4983 26.4983 26.4983 26.4983 26.4983 26.4983 26.4983 23.2578 23.2578 23.2578 23.2578 23.2578 23.2578 23.2578 20.1761 20.1761 20.1761 20.1761 20.1761 20.1761 20.1761 17.5519 122.3895 122.3895 85.4401 29.1025 
