ExternalI = 5.5000 0.0000 0.0000 0.0000 0.0000 0.0000 0.0000 0.0000 4.0000 4.0000 4.0000 4.0000 4.0000 4.0000 4.0000 0.0000 0.0000 0.0000 0.0000 0.0000 0.0000 0.0000 0.0000 8.0000 8.0000 0.0000 0.0000 
before u = 7.9422 7.7519 7.7519 7.7519 7.7519 7.7519 7.7519 7.7519 7.6707 7.6707 7.6707 7.6707 7.6707 7.6707 7.6707 7.5900 7.5900 7.5900 7.5900 7.5900 7.5900 7.5900 7.5193 11.3681 11.3681 12.0040 9.0958 
before v = 35.7189 26.4983 26.4983 26.4983 26.4983 26.4983 26.4983 26.4983 23.2578 23.2578 23.2578 23.2578 23.2578 23.2578 23.2578 20.1761 20.1761 20.1761 20.1761 20.1761 20.1761 20.1761 17.5519 122.3895 122.3895 85.4401 29.1025 
Ibias = 9.4000 9.4000 9.4000 9.4000 9.4000 9.4000 9.4000 9.4000 2.0000 2.0000 2.0000 2.0000 2.0000 2.0000 2.0000 2.0000 2.0000 2.0000 2.0000 2.0000 2.0000 2.0000 -2.0000 16.0000 16.0000 10.0000 -11.0000 
fa1 = 0.8347 0.2396 0.2396 0.2396 0.2396 0.2396 0.2396 0.2396 0.1929 0.1929 0.1929 0.1929 0.1929 0.1929 0.1929 0.1648 0.1648 0.1648 0.1648 0.1648 0.1648 0.1648 0.1477 306.7695 306.7695 93.6761 0.5037 
fa2 = 0.8350 0.2395 0.2395 0.2395 0.2395 0.2395 0.2395 0.2395 0.1928 0.1928 0.1928 0.1928 0.1928 0.1928 0.1928 0.1648 0.1648 0.1648 0.1648 0.1648 0.1648 0.1648 0.1477 317.2789 317.2789 95.4807 0.5023 
fa3 = 0.8350 0.2395 0.2395 0.2395 0.2395 0.2395 0.2395 0.2395 0.1928 0.1928 0.1928 0.1928 0.1928 0.1928 0.1928 0.1648 0.1648 0.1648 0.1648 0.1648 0.1648 0.1648 0.1477 317.6422 317.6422 95.5156 0.5023 
fa4 = 0.8352 0.2395 0.2395 0.2395 0.2395 0.2395 0.2395 0.2395 0.1928 0.1928 0.1928 0.1928 0.1928 0.1928 0.1928 0.1647 0.1647 0.1647 0.1647 0.1647 0.1647 0.1647 0.1477 328.7420 328.7420 97.3747 0.5010 
fb1 = -0.1748 -0.2041 -0.2041 -0.2041 -0.2041 -0.2041 -0.2041 -0.2041 -0.2138 -0.2138 -0.2138 -0.2138 -0.2138 -0.2138 -0.2138 -0.2229 -0.2229 -0.2229 -0.2229 -0.2229 -0.2229 -0.2229 -0.2306 0.2622 0.2622 0.1017 -0.0655 
fb2 = -0.1748 -0.2040 -0.2040 -0.2040 -0.2040 -0.2040 -0.2040 -0.2040 -0.2138 -0.2138 -0.2138 -0.2138 -0.2138 -0.2138 -0.2138 -0.2228 -0.2228 -0.2228 -0.2228 -0.2228 -0.2228 -0.2228 -0.2305 0.2683 0.2683 0.1035 -0.0655 
fb3 = -0.1748 -0.2040 -0.2040 -0.2040 -0.2040 -0.2040 -0.2040 -0.2040 -0.2138 -0.2138 -0.2138 -0.2138 -0.2138 -0.2138 -0.2138 -0.2228 -0.2228 -0.2228 -0.2228 -0.2228 -0.2228 -0.2228 -0.2305 0.2685 0.2685 0.1036 -0.0655 
fb4 = -0.1747 -0.2040 -0.2040 -0.2040 -0.2040 -0.2040 -0.2040 -0.2040 -0.2137 -0.2137 -0.2137 -0.2137 -0.2137 -0.2137 -0.2137 -0.2228 -0.2228 -0.2228 -0.2228 -0.2228 -0.2228 -0.2228 -0.2305 0.2748 0.2748 0.1055 -0.0655 
I = 14.9000 9.4000 9.4000 9.4000 9.4000 9.4000 9.4000 9.4000 6.0000 6.0000 6.0000 6.0000 6.0000 6.0000 6.0000 2.0000 2.0000 2.0000 2.0000 2.0000 2.0000 2.0000 -2.0000 26.1384 26.1384 10.0000 3.0287 
S1 = 0.0000 0.0000 0.0000 0.0000 0.0000 0.0000 0.0000 0.0000 0.0000 0.0000 0.0000 0.0000 0.0000 0.0000 0.0000 0.0000 0.0000 0.0000 0.0000 0.0000 0.0000 0.0000 0.0000 0.0000 0.0000 0.0000 0.0000 
S2 = 0.0000 0.0000 0.0000 0.0000 0.0000 0.0000 0.0000 0.0000 0.0000 0.0000 0.0000 0.0000 0.0000 0.0000 0.0000 0.0000 0.0000 0.0000 0.0000 0.0000 0.0000 0.0000 0.0000 2.1384 2.1384 0.0000 14.0287 
u = 7.9405 7.7499 7.7499 7.7499 7.7499 7.7499 7.7499 7.7499 7.6686 7.6686 7.6686 7.6686 7.6686 7.6686 7.6686 7.5877 7.5877 7.5877 7.5877 7.5877 7.5877 7.5877 7.5170 11.3708 11.3708 12.0050 9.0951 
v = 35.7273 26.5007 26.5007 26.5007 26.5007 26.5007 26.5007 26.5007 23.2598 23.2598 23.2598 23.2598 23.2598 23.2598 23.2598 20.1777 20.1777 20.1777 20.1777 20.1777 20.1777 20.1777 17.5534 125.5651 125.5651 86.3952 29.1075 
