ExternalI = 5.5000 0.0000 0.0000 0.0000 0.0000 0.0000 0.0000 0.0000 4.0000 4.0000 4.0000 4.0000 4.0000 4.0000 4.0000 0.0000 0.0000 0.0000 0.0000 0.0000 0.0000 0.0000 0.0000 8.0000 8.0000 0.0000 0.0000 
before u = 7.9405 7.7499 7.7499 7.7499 7.7499 7.7499 7.7499 7.7499 7.6686 7.6686 7.6686 7.6686 7.6686 7.6686 7.6686 7.5877 7.5877 7.5877 7.5877 7.5877 7.5877 7.5877 7.5170 11.3708 11.3708 12.0050 9.0951 
before v = 35.7273 26.5007 26.5007 26.5007 26.5007 26.5007 26.5007 26.5007 23.2598 23.2598 23.2598 23.2598 23.2598 23.2598 23.2598 20.1777 20.1777 20.1777 20.1777 20.1777 20.1777 20.1777 17.5534 125.5651 125.5651 86.3952 29.1075 
Ibias = 9.4000 9.4000 9.4000 9.4000 9.4000 9.4000 9.4000 9.4000 2.0000 2.0000 2.0000 2.0000 2.0000 2.0000 2.0000 2.0000 2.0000 2.0000 2.0000 2.0000 2.0000 2.0000 -2.0000 16.0000 16.0000 10.0000 -11.0000 
fa1 = 0.8352 0.2395 0.2395 0.2395 0.2395 0.2395 0.2395 0.2395 0.1928 0.1928 0.1928 0.1928 0.1928 0.1928 0.1928 0.1647 0.1647 0.1647 0.1647 0.1647 0.1647 0.1647 0.1477 328.7318 328.7318 97.3744 0.4729 
fa2 = 0.8355 0.2395 0.2395 0.2395 0.2395 0.2395 0.2395 0.2395 0.1928 0.1928 0.1928 0.1928 0.1928 0.1928 0.1928 0.1647 0.1647 0.1647 0.1647 0.1647 0.1647 0.1647 0.1476 340.4184 340.4184 99.2878 0.4716 
fa3 = 0.8355 0.2395 0.2395 0.2395 0.2395 0.2395 0.2395 0.2395 0.1928 0.1928 0.1928 0.1928 0.1928 0.1928 0.1928 0.1647 0.1647 0.1647 0.1647 0.1647 0.1647 0.1647 0.1476 340.8379 340.8379 99.3256 0.4716 
fa4 = 0.8358 0.2394 0.2394 0.2394 0.2394 0.2394 0.2394 0.2394 0.1927 0.1927 0.1927 0.1927 0.1927 0.1927 0.1927 0.1647 0.1647 0.1647 0.1647 0.1647 0.1647 0.1647 0.1476 353.2064 353.2064 101.2980 0.4704 
fb1 = -0.1747 -0.2040 -0.2040 -0.2040 -0.2040 -0.2040 -0.2040 -0.2040 -0.2137 -0.2137 -0.2137 -0.2137 -0.2137 -0.2137 -0.2137 -0.2228 -0.2228 -0.2228 -0.2228 -0.2228 -0.2228 -0.2228 -0.2305 0.2748 0.2748 0.1055 -0.0655 
fb2 = -0.1747 -0.2039 -0.2039 -0.2039 -0.2039 -0.2039 -0.2039 -0.2039 -0.2137 -0.2137 -0.2137 -0.2137 -0.2137 -0.2137 -0.2137 -0.2228 -0.2228 -0.2228 -0.2228 -0.2228 -0.2228 -0.2228 -0.2304 0.2814 0.2814 0.1074 -0.0655 
fb3 = -0.1747 -0.2039 -0.2039 -0.2039 -0.2039 -0.2039 -0.2039 -0.2039 -0.2137 -0.2137 -0.2137 -0.2137 -0.2137 -0.2137 -0.2137 -0.2228 -0.2228 -0.2228 -0.2228 -0.2228 -0.2228 -0.2228 -0.2304 0.2816 0.2816 0.1075 -0.0655 
fb4 = -0.1746 -0.2039 -0.2039 -0.2039 -0.2039 -0.2039 -0.2039 -0.2039 -0.2136 -0.2136 -0.2136 -0.2136 -0.2136 -0.2136 -0.2136 -0.2227 -0.2227 -0.2227 -0.2227 -0.2227 -0.2227 -0.2227 -0.2304 0.2884 0.2884 0.1094 -0.0654 
I = 14.9000 9.4000 9.4000 9.4000 9.4000 9.4000 9.4000 9.4000 6.0000 6.0000 6.0000 6.0000 6.0000 6.0000 6.0000 2.0000 2.0000 2.0000 2.0000 2.0000 2.0000 2.0000 -2.0000 26.1341 26.1341 10.0000 3.0007 
S1 = 0.0000 0.0000 0.0000 0.0000 0.0000 0.0000 0.0000 0.0000 0.0000 0.0000 0.0000 0.0000 0.0000 0.0000 0.0000 0.0000 0.0000 0.0000 0.0000 0.0000 0.0000 0.0000 0.0000 0.0000 0.0000 0.0000 0.0000 
S2 = 0.0000 0.0000 0.0000 0.0000 0.0000 0.0000 0.0000 0.0000 0.0000 0.0000 0.0000 0.0000 0.0000 0.0000 0.0000 0.0000 0.0000 0.0000 0.0000 0.0000 0.0000 0.0000 0.0000 2.1341 2.1341 0.0000 14.0007 
u = 7.9387 7.7479 7.7479 7.7479 7.7479 7.7479 7.7479 7.7479 7.6665 7.6665 7.6665 7.6665 7.6665 7.6665 7.6665 7.5855 7.5855 7.5855 7.5855 7.5855 7.5855 7.5855 7.5147 11.3736 11.3736 12.0061 9.0945 
v = 35.7357 26.5031 26.5031 26.5031 26.5031 26.5031 26.5031 26.5031 23.2617 23.2617 23.2617 23.2617 23.2617 23.2617 23.2617 20.1794 20.1794 20.1794 20.1794 20.1794 20.1794 20.1794 17.5549 128.9725 128.9725 87.3883 29.1122 
