ExternalI = 5.5000 0.0000 0.0000 0.0000 0.0000 0.0000 0.0000 0.0000 4.0000 4.0000 4.0000 4.0000 4.0000 4.0000 4.0000 0.0000 0.0000 0.0000 0.0000 0.0000 0.0000 0.0000 0.0000 8.0000 8.0000 0.0000 0.0000 
before u = 7.9387 7.7479 7.7479 7.7479 7.7479 7.7479 7.7479 7.7479 7.6665 7.6665 7.6665 7.6665 7.6665 7.6665 7.6665 7.5855 7.5855 7.5855 7.5855 7.5855 7.5855 7.5855 7.5147 11.3736 11.3736 12.0061 9.0945 
before v = 35.7357 26.5031 26.5031 26.5031 26.5031 26.5031 26.5031 26.5031 23.2617 23.2617 23.2617 23.2617 23.2617 23.2617 23.2617 20.1794 20.1794 20.1794 20.1794 20.1794 20.1794 20.1794 17.5549 128.9725 128.9725 87.3883 29.1122 
Ibias = 9.4000 9.4000 9.4000 9.4000 9.4000 9.4000 9.4000 9.4000 2.0000 2.0000 2.0000 2.0000 2.0000 2.0000 2.0000 2.0000 2.0000 2.0000 2.0000 2.0000 2.0000 2.0000 -2.0000 16.0000 16.0000 10.0000 -11.0000 
fa1 = 0.8358 0.2394 0.2394 0.2394 0.2394 0.2394 0.2394 0.2394 0.1927 0.1927 0.1927 0.1927 0.1927 0.1927 0.1927 0.1647 0.1647 0.1647 0.1647 0.1647 0.1647 0.1647 0.1476 353.1951 353.1951 101.2977 0.4424 
fa2 = 0.8361 0.2394 0.2394 0.2394 0.2394 0.2394 0.2394 0.2394 0.1927 0.1927 0.1927 0.1927 0.1927 0.1927 0.1927 0.1646 0.1646 0.1646 0.1646 0.1646 0.1646 0.1646 0.1476 366.2415 366.2415 103.3288 0.4412 
fa3 = 0.8361 0.2394 0.2394 0.2394 0.2394 0.2394 0.2394 0.2394 0.1927 0.1927 0.1927 0.1927 0.1927 0.1927 0.1927 0.1646 0.1646 0.1646 0.1646 0.1646 0.1646 0.1646 0.1476 366.7282 366.7282 103.3698 0.4412 
fa4 = 0.8364 0.2394 0.2394 0.2394 0.2394 0.2394 0.2394 0.2394 0.1927 0.1927 0.1927 0.1927 0.1927 0.1927 0.1927 0.1646 0.1646 0.1646 0.1646 0.1646 0.1646 0.1646 0.1476 380.5666 380.5666 105.4649 0.4401 
fb1 = -0.1746 -0.2039 -0.2039 -0.2039 -0.2039 -0.2039 -0.2039 -0.2039 -0.2136 -0.2136 -0.2136 -0.2136 -0.2136 -0.2136 -0.2136 -0.2227 -0.2227 -0.2227 -0.2227 -0.2227 -0.2227 -0.2227 -0.2304 0.2884 0.2884 0.1094 -0.0654 
fb2 = -0.1746 -0.2039 -0.2039 -0.2039 -0.2039 -0.2039 -0.2039 -0.2039 -0.2136 -0.2136 -0.2136 -0.2136 -0.2136 -0.2136 -0.2136 -0.2227 -0.2227 -0.2227 -0.2227 -0.2227 -0.2227 -0.2227 -0.2303 0.2955 0.2955 0.1114 -0.0654 
fb3 = -0.1746 -0.2039 -0.2039 -0.2039 -0.2039 -0.2039 -0.2039 -0.2039 -0.2136 -0.2136 -0.2136 -0.2136 -0.2136 -0.2136 -0.2136 -0.2227 -0.2227 -0.2227 -0.2227 -0.2227 -0.2227 -0.2227 -0.2303 0.2957 0.2957 0.1115 -0.0654 
fb4 = -0.1745 -0.2038 -0.2038 -0.2038 -0.2038 -0.2038 -0.2038 -0.2038 -0.2135 -0.2135 -0.2135 -0.2135 -0.2135 -0.2135 -0.2135 -0.2226 -0.2226 -0.2226 -0.2226 -0.2226 -0.2226 -0.2226 -0.2303 0.3030 0.3030 0.1135 -0.0654 
I = 14.9000 9.4000 9.4000 9.4000 9.4000 9.4000 9.4000 9.4000 6.0000 6.0000 6.0000 6.0000 6.0000 6.0000 6.0000 2.0000 2.0000 2.0000 2.0000 2.0000 2.0000 2.0000 -2.0000 26.1299 26.1299 10.0000 2.9727 
S1 = 0.0000 0.0000 0.0000 0.0000 0.0000 0.0000 0.0000 0.0000 0.0000 0.0000 0.0000 0.0000 0.0000 0.0000 0.0000 0.0000 0.0000 0.0000 0.0000 0.0000 0.0000 0.0000 0.0000 0.0000 0.0000 0.0000 0.0000 
S2 = 0.0000 0.0000 0.0000 0.0000 0.0000 0.0000 0.0000 0.0000 0.0000 0.0000 0.0000 0.0000 0.0000 0.0000 0.0000 0.0000 0.0000 0.0000 0.0000 0.0000 0.0000 0.0000 0.0000 2.1299 2.1299 0.0000 13.9727 
u = 7.9370 7.7458 7.7458 7.7458 7.7458 7.7458 7.7458 7.7458 7.6643 7.6643 7.6643 7.6643 7.6643 7.6643 7.6643 7.5833 7.5833 7.5833 7.5833 7.5833 7.5833 7.5833 7.5124 11.3766 11.3766 12.0072 9.0938 
v = 35.7440 26.5055 26.5055 26.5055 26.5055 26.5055 26.5055 26.5055 23.2636 23.2636 23.2636 23.2636 23.2636 23.2636 23.2636 20.1810 20.1810 20.1810 20.1810 20.1810 20.1810 20.1810 17.5564 132.6387 132.6387 88.4219 29.1166 
