ExternalI = 5.5000 0.0000 0.0000 0.0000 0.0000 0.0000 0.0000 0.0000 4.0000 4.0000 4.0000 4.0000 4.0000 4.0000 4.0000 0.0000 0.0000 0.0000 0.0000 0.0000 0.0000 0.0000 0.0000 8.0000 8.0000 0.0000 0.0000 
before u = 7.9370 7.7458 7.7458 7.7458 7.7458 7.7458 7.7458 7.7458 7.6643 7.6643 7.6643 7.6643 7.6643 7.6643 7.6643 7.5833 7.5833 7.5833 7.5833 7.5833 7.5833 7.5833 7.5124 11.4766 11.4766 12.0072 9.0938 
before v = 35.7440 26.5055 26.5055 26.5055 26.5055 26.5055 26.5055 26.5055 23.2636 23.2636 23.2636 23.2636 23.2636 23.2636 23.2636 20.1810 20.1810 20.1810 20.1810 20.1810 20.1810 20.1810 17.5564 55.0000 55.0000 88.4219 29.1166 
Ibias = 9.4000 9.4000 9.4000 9.4000 9.4000 9.4000 9.4000 9.4000 2.0000 2.0000 2.0000 2.0000 2.0000 2.0000 2.0000 2.0000 2.0000 2.0000 2.0000 2.0000 2.0000 2.0000 -2.0000 16.0000 16.0000 10.0000 -11.0000 
fa1 = 0.8364 0.2394 0.2394 0.2394 0.2394 0.2394 0.2394 0.2394 0.1927 0.1927 0.1927 0.1927 0.1927 0.1927 0.1927 0.1646 0.1646 0.1646 0.1646 0.1646 0.1646 0.1646 0.1476 31.1490 31.1490 105.4645 1.9121 
fa2 = 0.8367 0.2393 0.2393 0.2393 0.2393 0.2393 0.2393 0.2393 0.1926 0.1926 0.1926 0.1926 0.1926 0.1926 0.1926 0.1646 0.1646 0.1646 0.1646 0.1646 0.1646 0.1646 0.1475 31.3681 31.3681 107.6232 1.9061 
fa3 = 0.8367 0.2393 0.2393 0.2393 0.2393 0.2393 0.2393 0.2393 0.1926 0.1926 0.1926 0.1926 0.1926 0.1926 0.1926 0.1646 0.1646 0.1646 0.1646 0.1646 0.1646 0.1646 0.1475 31.3696 31.3696 107.6676 1.9061 
fa4 = 0.8369 0.2393 0.2393 0.2393 0.2393 0.2393 0.2393 0.2393 0.1926 0.1926 0.1926 0.1926 0.1926 0.1926 0.1926 0.1646 0.1646 0.1646 0.1646 0.1646 0.1646 0.1646 0.1475 31.5922 31.5922 109.8958 1.9000 
fb1 = -0.1745 -0.2038 -0.2038 -0.2038 -0.2038 -0.2038 -0.2038 -0.2038 -0.2135 -0.2135 -0.2135 -0.2135 -0.2135 -0.2135 -0.2135 -0.2226 -0.2226 -0.2226 -0.2226 -0.2226 -0.2226 -0.2226 -0.2303 -0.0095 -0.0095 0.1135 -0.0654 
fb2 = -0.1745 -0.2038 -0.2038 -0.2038 -0.2038 -0.2038 -0.2038 -0.2038 -0.2135 -0.2135 -0.2135 -0.2135 -0.2135 -0.2135 -0.2135 -0.2226 -0.2226 -0.2226 -0.2226 -0.2226 -0.2226 -0.2226 -0.2302 -0.0089 -0.0089 0.1156 -0.0654 
fb3 = -0.1745 -0.2038 -0.2038 -0.2038 -0.2038 -0.2038 -0.2038 -0.2038 -0.2135 -0.2135 -0.2135 -0.2135 -0.2135 -0.2135 -0.2135 -0.2226 -0.2226 -0.2226 -0.2226 -0.2226 -0.2226 -0.2226 -0.2302 -0.0089 -0.0089 0.1157 -0.0654 
fb4 = -0.1744 -0.2037 -0.2037 -0.2037 -0.2037 -0.2037 -0.2037 -0.2037 -0.2134 -0.2134 -0.2134 -0.2134 -0.2134 -0.2134 -0.2134 -0.2225 -0.2225 -0.2225 -0.2225 -0.2225 -0.2225 -0.2225 -0.2302 -0.0083 -0.0083 0.1178 -0.0653 
I = 14.9000 9.4000 9.4000 9.4000 9.4000 9.4000 9.4000 9.4000 6.0000 6.0000 6.0000 6.0000 6.0000 6.0000 6.0000 2.0000 2.0000 2.0000 2.0000 2.0000 2.0000 2.0000 -2.0000 26.6256 26.6256 10.0000 4.4447 
S1 = 0.0000 0.0000 0.0000 0.0000 0.0000 0.0000 0.0000 0.0000 0.0000 0.0000 0.0000 0.0000 0.0000 0.0000 0.0000 0.0000 0.0000 0.0000 0.0000 0.0000 0.0000 0.0000 0.0000 0.0000 0.0000 0.0000 0.0000 
S2 = 0.0000 0.0000 0.0000 0.0000 0.0000 0.0000 0.0000 0.0000 0.0000 0.0000 0.0000 0.0000 0.0000 0.0000 0.0000 0.0000 0.0000 0.0000 0.0000 0.0000 0.0000 0.0000 0.0000 2.6256 2.6256 0.0000 15.4447 
u = 7.9352 7.7438 7.7438 7.7438 7.7438 7.7438 7.7438 7.7438 7.6622 7.6622 7.6622 7.6622 7.6622 7.6622 7.6622 7.5810 7.5810 7.5810 7.5810 7.5810 7.5810 7.5810 7.5101 11.4765 11.4765 12.0084 9.0932 
v = 35.7524 26.5079 26.5079 26.5079 26.5079 26.5079 26.5079 26.5079 23.2655 23.2655 23.2655 23.2655 23.2655 23.2655 23.2655 20.1827 20.1827 20.1827 20.1827 20.1827 20.1827 20.1827 17.5578 55.3137 55.3137 89.4985 29.1357 
