ExternalI = 5.5000 0.0000 0.0000 0.0000 0.0000 0.0000 0.0000 0.0000 4.0000 4.0000 4.0000 4.0000 4.0000 4.0000 4.0000 0.0000 0.0000 0.0000 0.0000 0.0000 0.0000 0.0000 0.0000 8.0000 8.0000 0.0000 0.0000 
before u = 7.9352 7.7438 7.7438 7.7438 7.7438 7.7438 7.7438 7.7438 7.6622 7.6622 7.6622 7.6622 7.6622 7.6622 7.6622 7.5810 7.5810 7.5810 7.5810 7.5810 7.5810 7.5810 7.5101 11.4765 11.4765 12.0084 9.0932 
before v = 35.7524 26.5079 26.5079 26.5079 26.5079 26.5079 26.5079 26.5079 23.2655 23.2655 23.2655 23.2655 23.2655 23.2655 23.2655 20.1827 20.1827 20.1827 20.1827 20.1827 20.1827 20.1827 17.5578 55.3137 55.3137 89.4985 29.1357 
Ibias = 9.4000 9.4000 9.4000 9.4000 9.4000 9.4000 9.4000 9.4000 2.0000 2.0000 2.0000 2.0000 2.0000 2.0000 2.0000 2.0000 2.0000 2.0000 2.0000 2.0000 2.0000 2.0000 -2.0000 16.0000 16.0000 10.0000 -11.0000 
fa1 = 0.8369 0.2393 0.2393 0.2393 0.2393 0.2393 0.2393 0.2393 0.1926 0.1926 0.1926 0.1926 0.1926 0.1926 0.1926 0.1646 0.1646 0.1646 0.1646 0.1646 0.1646 0.1646 0.1475 31.5870 31.5870 109.8953 1.8691 
fa2 = 0.8372 0.2393 0.2393 0.2393 0.2393 0.2393 0.2393 0.2393 0.1926 0.1926 0.1926 0.1926 0.1926 0.1926 0.1926 0.1645 0.1645 0.1645 0.1645 0.1645 0.1645 0.1645 0.1475 31.8131 31.8131 112.1926 1.8632 
fa3 = 0.8372 0.2393 0.2393 0.2393 0.2393 0.2393 0.2393 0.2393 0.1926 0.1926 0.1926 0.1926 0.1926 0.1926 0.1926 0.1645 0.1645 0.1645 0.1645 0.1645 0.1645 0.1645 0.1475 31.8147 31.8147 112.2409 1.8632 
fa4 = 0.8375 0.2392 0.2392 0.2392 0.2392 0.2392 0.2392 0.2392 0.1926 0.1926 0.1926 0.1926 0.1926 0.1926 0.1926 0.1645 0.1645 0.1645 0.1645 0.1645 0.1645 0.1645 0.1474 32.0445 32.0445 114.6136 1.8573 
fb1 = -0.1744 -0.2037 -0.2037 -0.2037 -0.2037 -0.2037 -0.2037 -0.2037 -0.2134 -0.2134 -0.2134 -0.2134 -0.2134 -0.2134 -0.2134 -0.2225 -0.2225 -0.2225 -0.2225 -0.2225 -0.2225 -0.2225 -0.2302 -0.0083 -0.0083 0.1178 -0.0653 
fb2 = -0.1743 -0.2037 -0.2037 -0.2037 -0.2037 -0.2037 -0.2037 -0.2037 -0.2134 -0.2134 -0.2134 -0.2134 -0.2134 -0.2134 -0.2134 -0.2225 -0.2225 -0.2225 -0.2225 -0.2225 -0.2225 -0.2225 -0.2301 -0.0076 -0.0076 0.1200 -0.0653 
fb3 = -0.1743 -0.2037 -0.2037 -0.2037 -0.2037 -0.2037 -0.2037 -0.2037 -0.2134 -0.2134 -0.2134 -0.2134 -0.2134 -0.2134 -0.2134 -0.2225 -0.2225 -0.2225 -0.2225 -0.2225 -0.2225 -0.2225 -0.2301 -0.0076 -0.0076 0.1201 -0.0653 
fb4 = -0.1743 -0.2036 -0.2036 -0.2036 -0.2036 -0.2036 -0.2036 -0.2036 -0.2133 -0.2133 -0.2133 -0.2133 -0.2133 -0.2133 -0.2133 -0.2224 -0.2224 -0.2224 -0.2224 -0.2224 -0.2224 -0.2224 -0.2301 -0.0070 -0.0070 0.1223 -0.0652 
I = 14.9000 9.4000 9.4000 9.4000 9.4000 9.4000 9.4000 9.4000 6.0000 6.0000 6.0000 6.0000 6.0000 6.0000 6.0000 2.0000 2.0000 2.0000 2.0000 2.0000 2.0000 2.0000 -2.0000 26.6204 26.6204 10.0000 4.4138 
S1 = 0.0000 0.0000 0.0000 0.0000 0.0000 0.0000 0.0000 0.0000 0.0000 0.0000 0.0000 0.0000 0.0000 0.0000 0.0000 0.0000 0.0000 0.0000 0.0000 0.0000 0.0000 0.0000 0.0000 0.0000 0.0000 0.0000 0.0000 
S2 = 0.0000 0.0000 0.0000 0.0000 0.0000 0.0000 0.0000 0.0000 0.0000 0.0000 0.0000 0.0000 0.0000 0.0000 0.0000 0.0000 0.0000 0.0000 0.0000 0.0000 0.0000 0.0000 0.0000 2.6204 2.6204 0.0000 15.4138 
u = 7.9335 7.7418 7.7418 7.7418 7.7418 7.7418 7.7418 7.7418 7.6601 7.6601 7.6601 7.6601 7.6601 7.6601 7.6601 7.5788 7.5788 7.5788 7.5788 7.5788 7.5788 7.5788 7.5078 11.4764 11.4764 12.0096 9.0925 
v = 35.7608 26.5103 26.5103 26.5103 26.5103 26.5103 26.5103 26.5103 23.2675 23.2675 23.2675 23.2675 23.2675 23.2675 23.2675 20.1843 20.1843 20.1843 20.1843 20.1843 20.1843 20.1843 17.5593 55.6318 55.6318 90.6208 29.1543 
