ExternalI = 5.5000 0.0000 0.0000 0.0000 0.0000 0.0000 0.0000 0.0000 4.0000 4.0000 4.0000 4.0000 4.0000 4.0000 4.0000 0.0000 0.0000 0.0000 0.0000 0.0000 0.0000 0.0000 0.0000 8.0000 8.0000 0.0000 0.0000 
before u = 7.9335 7.7418 7.7418 7.7418 7.7418 7.7418 7.7418 7.7418 7.6601 7.6601 7.6601 7.6601 7.6601 7.6601 7.6601 7.5788 7.5788 7.5788 7.5788 7.5788 7.5788 7.5788 7.5078 11.4764 11.4764 12.0096 9.0925 
before v = 35.7608 26.5103 26.5103 26.5103 26.5103 26.5103 26.5103 26.5103 23.2675 23.2675 23.2675 23.2675 23.2675 23.2675 23.2675 20.1843 20.1843 20.1843 20.1843 20.1843 20.1843 20.1843 17.5593 55.6318 55.6318 90.6208 29.1543 
Ibias = 9.4000 9.4000 9.4000 9.4000 9.4000 9.4000 9.4000 9.4000 2.0000 2.0000 2.0000 2.0000 2.0000 2.0000 2.0000 2.0000 2.0000 2.0000 2.0000 2.0000 2.0000 2.0000 -2.0000 16.0000 16.0000 10.0000 -11.0000 
fa1 = 0.8375 0.2392 0.2392 0.2392 0.2392 0.2392 0.2392 0.2392 0.1926 0.1926 0.1926 0.1926 0.1926 0.1926 0.1926 0.1645 0.1645 0.1645 0.1645 0.1645 0.1645 0.1645 0.1474 32.0392 32.0392 114.6131 1.8265 
fa2 = 0.8378 0.2392 0.2392 0.2392 0.2392 0.2392 0.2392 0.2392 0.1925 0.1925 0.1925 0.1925 0.1925 0.1925 0.1925 0.1645 0.1645 0.1645 0.1645 0.1645 0.1645 0.1645 0.1474 32.2727 32.2727 117.0610 1.8207 
fa3 = 0.8378 0.2392 0.2392 0.2392 0.2392 0.2392 0.2392 0.2392 0.1925 0.1925 0.1925 0.1925 0.1925 0.1925 0.1925 0.1645 0.1645 0.1645 0.1645 0.1645 0.1645 0.1645 0.1474 32.2744 32.2744 117.1136 1.8208 
fa4 = 0.8381 0.2392 0.2392 0.2392 0.2392 0.2392 0.2392 0.2392 0.1925 0.1925 0.1925 0.1925 0.1925 0.1925 0.1925 0.1645 0.1645 0.1645 0.1645 0.1645 0.1645 0.1645 0.1474 32.5116 32.5116 119.6437 1.8150 
fb1 = -0.1743 -0.2036 -0.2036 -0.2036 -0.2036 -0.2036 -0.2036 -0.2036 -0.2133 -0.2133 -0.2133 -0.2133 -0.2133 -0.2133 -0.2133 -0.2224 -0.2224 -0.2224 -0.2224 -0.2224 -0.2224 -0.2224 -0.2301 -0.0070 -0.0070 0.1223 -0.0652 
fb2 = -0.1742 -0.2036 -0.2036 -0.2036 -0.2036 -0.2036 -0.2036 -0.2036 -0.2133 -0.2133 -0.2133 -0.2133 -0.2133 -0.2133 -0.2133 -0.2224 -0.2224 -0.2224 -0.2224 -0.2224 -0.2224 -0.2224 -0.2300 -0.0064 -0.0064 0.1246 -0.0652 
fb3 = -0.1742 -0.2036 -0.2036 -0.2036 -0.2036 -0.2036 -0.2036 -0.2036 -0.2133 -0.2133 -0.2133 -0.2133 -0.2133 -0.2133 -0.2133 -0.2224 -0.2224 -0.2224 -0.2224 -0.2224 -0.2224 -0.2224 -0.2300 -0.0064 -0.0064 0.1246 -0.0652 
fb4 = -0.1742 -0.2035 -0.2035 -0.2035 -0.2035 -0.2035 -0.2035 -0.2035 -0.2132 -0.2132 -0.2132 -0.2132 -0.2132 -0.2132 -0.2132 -0.2223 -0.2223 -0.2223 -0.2223 -0.2223 -0.2223 -0.2223 -0.2300 -0.0057 -0.0057 0.1270 -0.0651 
I = 14.9000 9.4000 9.4000 9.4000 9.4000 9.4000 9.4000 9.4000 6.0000 6.0000 6.0000 6.0000 6.0000 6.0000 6.0000 2.0000 2.0000 2.0000 2.0000 2.0000 2.0000 2.0000 -2.0000 26.6151 26.6151 10.0000 4.3830 
S1 = 0.0000 0.0000 0.0000 0.0000 0.0000 0.0000 0.0000 0.0000 0.0000 0.0000 0.0000 0.0000 0.0000 0.0000 0.0000 0.0000 0.0000 0.0000 0.0000 0.0000 0.0000 0.0000 0.0000 0.0000 0.0000 0.0000 0.0000 
S2 = 0.0000 0.0000 0.0000 0.0000 0.0000 0.0000 0.0000 0.0000 0.0000 0.0000 0.0000 0.0000 0.0000 0.0000 0.0000 0.0000 0.0000 0.0000 0.0000 0.0000 0.0000 0.0000 0.0000 2.6151 2.6151 0.0000 15.3830 
u = 7.9317 7.7397 7.7397 7.7397 7.7397 7.7397 7.7397 7.7397 7.6579 7.6579 7.6579 7.6579 7.6579 7.6579 7.6579 7.5766 7.5766 7.5766 7.5766 7.5766 7.5766 7.5766 7.5055 11.4764 11.4764 12.0108 9.0919 
v = 35.7691 26.5126 26.5126 26.5126 26.5126 26.5126 26.5126 26.5126 23.2694 23.2694 23.2694 23.2694 23.2694 23.2694 23.2694 20.1860 20.1860 20.1860 20.1860 20.1860 20.1860 20.1860 17.5608 55.9546 55.9546 91.7918 29.1725 
