ExternalI = 5.5000 0.0000 0.0000 0.0000 0.0000 0.0000 0.0000 0.0000 4.0000 4.0000 4.0000 4.0000 4.0000 4.0000 4.0000 0.0000 0.0000 0.0000 0.0000 0.0000 0.0000 0.0000 0.0000 8.0000 8.0000 0.0000 0.0000 
before u = 7.9317 7.7397 7.7397 7.7397 7.7397 7.7397 7.7397 7.7397 7.6579 7.6579 7.6579 7.6579 7.6579 7.6579 7.6579 7.5766 7.5766 7.5766 7.5766 7.5766 7.5766 7.5766 7.5055 11.4764 11.4764 12.0108 9.0919 
before v = 35.7691 26.5126 26.5126 26.5126 26.5126 26.5126 26.5126 26.5126 23.2694 23.2694 23.2694 23.2694 23.2694 23.2694 23.2694 20.1860 20.1860 20.1860 20.1860 20.1860 20.1860 20.1860 17.5608 55.9546 55.9546 91.7918 29.1725 
Ibias = 9.4000 9.4000 9.4000 9.4000 9.4000 9.4000 9.4000 9.4000 2.0000 2.0000 2.0000 2.0000 2.0000 2.0000 2.0000 2.0000 2.0000 2.0000 2.0000 2.0000 2.0000 2.0000 -2.0000 16.0000 16.0000 10.0000 -11.0000 
fa1 = 0.8381 0.2392 0.2392 0.2392 0.2392 0.2392 0.2392 0.2392 0.1925 0.1925 0.1925 0.1925 0.1925 0.1925 0.1925 0.1645 0.1645 0.1645 0.1645 0.1645 0.1645 0.1645 0.1474 32.5064 32.5064 119.6431 1.7843 
fa2 = 0.8384 0.2391 0.2391 0.2391 0.2391 0.2391 0.2391 0.2391 0.1925 0.1925 0.1925 0.1925 0.1925 0.1925 0.1925 0.1644 0.1644 0.1644 0.1644 0.1644 0.1644 0.1644 0.1474 32.7474 32.7474 122.2551 1.7786 
fa3 = 0.8384 0.2391 0.2391 0.2391 0.2391 0.2391 0.2391 0.2391 0.1925 0.1925 0.1925 0.1925 0.1925 0.1925 0.1925 0.1644 0.1644 0.1644 0.1644 0.1644 0.1644 0.1644 0.1474 32.7492 32.7492 122.3124 1.7787 
fa4 = 0.8387 0.2391 0.2391 0.2391 0.2391 0.2391 0.2391 0.2391 0.1924 0.1924 0.1924 0.1924 0.1924 0.1924 0.1924 0.1644 0.1644 0.1644 0.1644 0.1644 0.1644 0.1644 0.1473 32.9942 32.9942 125.0141 1.7731 
fb1 = -0.1742 -0.2035 -0.2035 -0.2035 -0.2035 -0.2035 -0.2035 -0.2035 -0.2132 -0.2132 -0.2132 -0.2132 -0.2132 -0.2132 -0.2132 -0.2223 -0.2223 -0.2223 -0.2223 -0.2223 -0.2223 -0.2223 -0.2300 -0.0057 -0.0057 0.1270 -0.0651 
fb2 = -0.1741 -0.2035 -0.2035 -0.2035 -0.2035 -0.2035 -0.2035 -0.2035 -0.2132 -0.2132 -0.2132 -0.2132 -0.2132 -0.2132 -0.2132 -0.2223 -0.2223 -0.2223 -0.2223 -0.2223 -0.2223 -0.2223 -0.2299 -0.0051 -0.0051 0.1293 -0.0651 
fb3 = -0.1741 -0.2035 -0.2035 -0.2035 -0.2035 -0.2035 -0.2035 -0.2035 -0.2132 -0.2132 -0.2132 -0.2132 -0.2132 -0.2132 -0.2132 -0.2223 -0.2223 -0.2223 -0.2223 -0.2223 -0.2223 -0.2223 -0.2299 -0.0051 -0.0051 0.1294 -0.0651 
fb4 = -0.1741 -0.2034 -0.2034 -0.2034 -0.2034 -0.2034 -0.2034 -0.2034 -0.2131 -0.2131 -0.2131 -0.2131 -0.2131 -0.2131 -0.2131 -0.2222 -0.2222 -0.2222 -0.2222 -0.2222 -0.2222 -0.2222 -0.2299 -0.0044 -0.0044 0.1318 -0.0651 
I = 14.9000 9.4000 9.4000 9.4000 9.4000 9.4000 9.4000 9.4000 6.0000 6.0000 6.0000 6.0000 6.0000 6.0000 6.0000 2.0000 2.0000 2.0000 2.0000 2.0000 2.0000 2.0000 -2.0000 26.6099 26.6099 10.0000 4.3522 
S1 = 0.0000 0.0000 0.0000 0.0000 0.0000 0.0000 0.0000 0.0000 0.0000 0.0000 0.0000 0.0000 0.0000 0.0000 0.0000 0.0000 0.0000 0.0000 0.0000 0.0000 0.0000 0.0000 0.0000 0.0000 0.0000 0.0000 0.0000 
S2 = 0.0000 0.0000 0.0000 0.0000 0.0000 0.0000 0.0000 0.0000 0.0000 0.0000 0.0000 0.0000 0.0000 0.0000 0.0000 0.0000 0.0000 0.0000 0.0000 0.0000 0.0000 0.0000 0.0000 2.6099 2.6099 0.0000 15.3522 
u = 7.9300 7.7377 7.7377 7.7377 7.7377 7.7377 7.7377 7.7377 7.6558 7.6558 7.6558 7.6558 7.6558 7.6558 7.6558 7.5744 7.5744 7.5744 7.5744 7.5744 7.5744 7.5744 7.5032 11.4763 11.4763 12.0121 9.0912 
v = 35.7775 26.5150 26.5150 26.5150 26.5150 26.5150 26.5150 26.5150 23.2713 23.2713 23.2713 23.2713 23.2713 23.2713 23.2713 20.1876 20.1876 20.1876 20.1876 20.1876 20.1876 20.1876 17.5623 56.2821 56.2821 93.0148 29.1903 
