ExternalI = 5.5000 0.0000 0.0000 0.0000 0.0000 0.0000 0.0000 0.0000 4.0000 4.0000 4.0000 4.0000 4.0000 4.0000 4.0000 0.0000 0.0000 0.0000 0.0000 0.0000 0.0000 0.0000 0.0000 8.0000 8.0000 0.0000 0.0000 
before u = 7.9300 7.7377 7.7377 7.7377 7.7377 7.7377 7.7377 7.7377 7.6558 7.6558 7.6558 7.6558 7.6558 7.6558 7.6558 7.5744 7.5744 7.5744 7.5744 7.5744 7.5744 7.5744 7.5032 11.4763 11.4763 12.0121 9.0912 
before v = 35.7775 26.5150 26.5150 26.5150 26.5150 26.5150 26.5150 26.5150 23.2713 23.2713 23.2713 23.2713 23.2713 23.2713 23.2713 20.1876 20.1876 20.1876 20.1876 20.1876 20.1876 20.1876 17.5623 56.2821 56.2821 93.0148 29.1903 
Ibias = 9.4000 9.4000 9.4000 9.4000 9.4000 9.4000 9.4000 9.4000 2.0000 2.0000 2.0000 2.0000 2.0000 2.0000 2.0000 2.0000 2.0000 2.0000 2.0000 2.0000 2.0000 2.0000 -2.0000 16.0000 16.0000 10.0000 -11.0000 
fa1 = 0.8387 0.2391 0.2391 0.2391 0.2391 0.2391 0.2391 0.2391 0.1924 0.1924 0.1924 0.1924 0.1924 0.1924 0.1924 0.1644 0.1644 0.1644 0.1644 0.1644 0.1644 0.1644 0.1473 32.9890 32.9890 125.0135 1.7424 
fa2 = 0.8390 0.2391 0.2391 0.2391 0.2391 0.2391 0.2391 0.2391 0.1924 0.1924 0.1924 0.1924 0.1924 0.1924 0.1924 0.1644 0.1644 0.1644 0.1644 0.1644 0.1644 0.1644 0.1473 33.2380 33.2380 127.8045 1.7369 
fa3 = 0.8390 0.2391 0.2391 0.2391 0.2391 0.2391 0.2391 0.2391 0.1924 0.1924 0.1924 0.1924 0.1924 0.1924 0.1924 0.1644 0.1644 0.1644 0.1644 0.1644 0.1644 0.1644 0.1473 33.2398 33.2398 127.8672 1.7369 
fa4 = 0.8393 0.2390 0.2390 0.2390 0.2390 0.2390 0.2390 0.2390 0.1924 0.1924 0.1924 0.1924 0.1924 0.1924 0.1924 0.1643 0.1643 0.1643 0.1643 0.1643 0.1643 0.1643 0.1473 33.4929 33.4929 130.7564 1.7315 
fb1 = -0.1741 -0.2034 -0.2034 -0.2034 -0.2034 -0.2034 -0.2034 -0.2034 -0.2131 -0.2131 -0.2131 -0.2131 -0.2131 -0.2131 -0.2131 -0.2222 -0.2222 -0.2222 -0.2222 -0.2222 -0.2222 -0.2222 -0.2299 -0.0044 -0.0044 0.1318 -0.0651 
fb2 = -0.1740 -0.2034 -0.2034 -0.2034 -0.2034 -0.2034 -0.2034 -0.2034 -0.2131 -0.2131 -0.2131 -0.2131 -0.2131 -0.2131 -0.2131 -0.2222 -0.2222 -0.2222 -0.2222 -0.2222 -0.2222 -0.2222 -0.2298 -0.0037 -0.0037 0.1343 -0.0650 
fb3 = -0.1740 -0.2034 -0.2034 -0.2034 -0.2034 -0.2034 -0.2034 -0.2034 -0.2131 -0.2131 -0.2131 -0.2131 -0.2131 -0.2131 -0.2131 -0.2222 -0.2222 -0.2222 -0.2222 -0.2222 -0.2222 -0.2222 -0.2298 -0.0037 -0.0037 0.1344 -0.0650 
fb4 = -0.1740 -0.2034 -0.2034 -0.2034 -0.2034 -0.2034 -0.2034 -0.2034 -0.2131 -0.2131 -0.2131 -0.2131 -0.2131 -0.2131 -0.2131 -0.2221 -0.2221 -0.2221 -0.2221 -0.2221 -0.2221 -0.2221 -0.2298 -0.0031 -0.0031 0.1369 -0.0650 
I = 14.9000 9.4000 9.4000 9.4000 9.4000 9.4000 9.4000 9.4000 6.0000 6.0000 6.0000 6.0000 6.0000 6.0000 6.0000 2.0000 2.0000 2.0000 2.0000 2.0000 2.0000 2.0000 -2.0000 26.6047 26.6047 10.0000 4.3215 
S1 = 0.0000 0.0000 0.0000 0.0000 0.0000 0.0000 0.0000 0.0000 0.0000 0.0000 0.0000 0.0000 0.0000 0.0000 0.0000 0.0000 0.0000 0.0000 0.0000 0.0000 0.0000 0.0000 0.0000 0.0000 0.0000 0.0000 0.0000 
S2 = 0.0000 0.0000 0.0000 0.0000 0.0000 0.0000 0.0000 0.0000 0.0000 0.0000 0.0000 0.0000 0.0000 0.0000 0.0000 0.0000 0.0000 0.0000 0.0000 0.0000 0.0000 0.0000 0.0000 2.6047 2.6047 0.0000 15.3215 
u = 7.9283 7.7356 7.7356 7.7356 7.7356 7.7356 7.7356 7.7356 7.6537 7.6537 7.6537 7.6537 7.6537 7.6537 7.6537 7.5722 7.5722 7.5722 7.5722 7.5722 7.5722 7.5722 7.5009 11.4763 11.4763 12.0135 9.0906 
v = 35.7859 26.5174 26.5174 26.5174 26.5174 26.5174 26.5174 26.5174 23.2732 23.2732 23.2732 23.2732 23.2732 23.2732 23.2732 20.1892 20.1892 20.1892 20.1892 20.1892 20.1892 20.1892 17.5637 56.6145 56.6145 94.2933 29.2077 
