ExternalI = 5.5000 0.0000 0.0000 0.0000 0.0000 0.0000 0.0000 0.0000 4.0000 4.0000 4.0000 4.0000 4.0000 4.0000 4.0000 0.0000 0.0000 0.0000 0.0000 0.0000 0.0000 0.0000 0.0000 8.0000 8.0000 0.0000 0.0000 
before u = 7.9283 7.7356 7.7356 7.7356 7.7356 7.7356 7.7356 7.7356 7.6537 7.6537 7.6537 7.6537 7.6537 7.6537 7.6537 7.5722 7.5722 7.5722 7.5722 7.5722 7.5722 7.5722 7.5009 11.4763 11.4763 12.0135 9.0906 
before v = 35.7859 26.5174 26.5174 26.5174 26.5174 26.5174 26.5174 26.5174 23.2732 23.2732 23.2732 23.2732 23.2732 23.2732 23.2732 20.1892 20.1892 20.1892 20.1892 20.1892 20.1892 20.1892 17.5637 56.6145 56.6145 94.2933 29.2077 
Ibias = 9.4000 9.4000 9.4000 9.4000 9.4000 9.4000 9.4000 9.4000 2.0000 2.0000 2.0000 2.0000 2.0000 2.0000 2.0000 2.0000 2.0000 2.0000 2.0000 2.0000 2.0000 2.0000 -2.0000 16.0000 16.0000 10.0000 -11.0000 
fa1 = 0.8393 0.2390 0.2390 0.2390 0.2390 0.2390 0.2390 0.2390 0.1924 0.1924 0.1924 0.1924 0.1924 0.1924 0.1924 0.1643 0.1643 0.1643 0.1643 0.1643 0.1643 0.1643 0.1473 33.4877 33.4877 130.7557 1.7008 
fa2 = 0.8396 0.2390 0.2390 0.2390 0.2390 0.2390 0.2390 0.2390 0.1923 0.1923 0.1923 0.1923 0.1923 0.1923 0.1923 0.1643 0.1643 0.1643 0.1643 0.1643 0.1643 0.1643 0.1473 33.7449 33.7449 133.7425 1.6955 
fa3 = 0.8396 0.2390 0.2390 0.2390 0.2390 0.2390 0.2390 0.2390 0.1923 0.1923 0.1923 0.1923 0.1923 0.1923 0.1923 0.1643 0.1643 0.1643 0.1643 0.1643 0.1643 0.1643 0.1473 33.7469 33.7469 133.8112 1.6955 
fa4 = 0.8399 0.2390 0.2390 0.2390 0.2390 0.2390 0.2390 0.2390 0.1923 0.1923 0.1923 0.1923 0.1923 0.1923 0.1923 0.1643 0.1643 0.1643 0.1643 0.1643 0.1643 0.1643 0.1472 34.0083 34.0083 136.9056 1.6902 
fb1 = -0.1740 -0.2034 -0.2034 -0.2034 -0.2034 -0.2034 -0.2034 -0.2034 -0.2131 -0.2131 -0.2131 -0.2131 -0.2131 -0.2131 -0.2131 -0.2221 -0.2221 -0.2221 -0.2221 -0.2221 -0.2221 -0.2221 -0.2298 -0.0031 -0.0031 0.1369 -0.0650 
fb2 = -0.1739 -0.2033 -0.2033 -0.2033 -0.2033 -0.2033 -0.2033 -0.2033 -0.2130 -0.2130 -0.2130 -0.2130 -0.2130 -0.2130 -0.2130 -0.2221 -0.2221 -0.2221 -0.2221 -0.2221 -0.2221 -0.2221 -0.2297 -0.0024 -0.0024 0.1395 -0.0649 
fb3 = -0.1739 -0.2033 -0.2033 -0.2033 -0.2033 -0.2033 -0.2033 -0.2033 -0.2130 -0.2130 -0.2130 -0.2130 -0.2130 -0.2130 -0.2130 -0.2221 -0.2221 -0.2221 -0.2221 -0.2221 -0.2221 -0.2221 -0.2297 -0.0024 -0.0024 0.1396 -0.0649 
fb4 = -0.1739 -0.2033 -0.2033 -0.2033 -0.2033 -0.2033 -0.2033 -0.2033 -0.2130 -0.2130 -0.2130 -0.2130 -0.2130 -0.2130 -0.2130 -0.2220 -0.2220 -0.2220 -0.2220 -0.2220 -0.2220 -0.2220 -0.2297 -0.0017 -0.0017 0.1422 -0.0649 
I = 14.9000 9.4000 9.4000 9.4000 9.4000 9.4000 9.4000 9.4000 6.0000 6.0000 6.0000 6.0000 6.0000 6.0000 6.0000 2.0000 2.0000 2.0000 2.0000 2.0000 2.0000 2.0000 -2.0000 26.5995 26.5995 10.0000 4.2909 
S1 = 0.0000 0.0000 0.0000 0.0000 0.0000 0.0000 0.0000 0.0000 0.0000 0.0000 0.0000 0.0000 0.0000 0.0000 0.0000 0.0000 0.0000 0.0000 0.0000 0.0000 0.0000 0.0000 0.0000 0.0000 0.0000 0.0000 0.0000 
S2 = 0.0000 0.0000 0.0000 0.0000 0.0000 0.0000 0.0000 0.0000 0.0000 0.0000 0.0000 0.0000 0.0000 0.0000 0.0000 0.0000 0.0000 0.0000 0.0000 0.0000 0.0000 0.0000 0.0000 2.5995 2.5995 0.0000 15.2909 
u = 7.9265 7.7336 7.7336 7.7336 7.7336 7.7336 7.7336 7.7336 7.6515 7.6515 7.6515 7.6515 7.6515 7.6515 7.6515 7.5699 7.5699 7.5699 7.5699 7.5699 7.5699 7.5699 7.4986 11.4763 11.4763 12.0149 9.0899 
v = 35.7943 26.5198 26.5198 26.5198 26.5198 26.5198 26.5198 26.5198 23.2752 23.2752 23.2752 23.2752 23.2752 23.2752 23.2752 20.1909 20.1909 20.1909 20.1909 20.1909 20.1909 20.1909 17.5652 56.9519 56.9519 95.6313 29.2246 
