ExternalI = 5.5000 0.0000 0.0000 0.0000 0.0000 0.0000 0.0000 0.0000 4.0000 4.0000 4.0000 4.0000 4.0000 4.0000 4.0000 0.0000 0.0000 0.0000 0.0000 0.0000 0.0000 0.0000 0.0000 8.0000 8.0000 0.0000 0.0000 
before u = 7.9265 7.7336 7.7336 7.7336 7.7336 7.7336 7.7336 7.7336 7.6515 7.6515 7.6515 7.6515 7.6515 7.6515 7.6515 7.5699 7.5699 7.5699 7.5699 7.5699 7.5699 7.5699 7.4986 11.4763 11.4763 12.0149 9.0899 
before v = 35.7943 26.5198 26.5198 26.5198 26.5198 26.5198 26.5198 26.5198 23.2752 23.2752 23.2752 23.2752 23.2752 23.2752 23.2752 20.1909 20.1909 20.1909 20.1909 20.1909 20.1909 20.1909 17.5652 56.9519 56.9519 95.6313 29.2246 
Ibias = 9.4000 9.4000 9.4000 9.4000 9.4000 9.4000 9.4000 9.4000 2.0000 2.0000 2.0000 2.0000 2.0000 2.0000 2.0000 2.0000 2.0000 2.0000 2.0000 2.0000 2.0000 2.0000 -2.0000 16.0000 16.0000 10.0000 -11.0000 
fa1 = 0.8399 0.2390 0.2390 0.2390 0.2390 0.2390 0.2390 0.2390 0.1923 0.1923 0.1923 0.1923 0.1923 0.1923 0.1923 0.1643 0.1643 0.1643 0.1643 0.1643 0.1643 0.1643 0.1472 34.0031 34.0031 136.9048 1.6597 
fa2 = 0.8402 0.2389 0.2389 0.2389 0.2389 0.2389 0.2389 0.2389 0.1923 0.1923 0.1923 0.1923 0.1923 0.1923 0.1923 0.1643 0.1643 0.1643 0.1643 0.1643 0.1643 0.1643 0.1472 34.2688 34.2688 140.1063 1.6545 
fa3 = 0.8402 0.2389 0.2389 0.2389 0.2389 0.2389 0.2389 0.2389 0.1923 0.1923 0.1923 0.1923 0.1923 0.1923 0.1923 0.1643 0.1643 0.1643 0.1643 0.1643 0.1643 0.1643 0.1472 34.2709 34.2709 140.1816 1.6545 
fa4 = 0.8404 0.2389 0.2389 0.2389 0.2389 0.2389 0.2389 0.2389 0.1923 0.1923 0.1923 0.1923 0.1923 0.1923 0.1923 0.1642 0.1642 0.1642 0.1642 0.1642 0.1642 0.1642 0.1472 34.5411 34.5411 143.5011 1.6494 
fb1 = -0.1739 -0.2033 -0.2033 -0.2033 -0.2033 -0.2033 -0.2033 -0.2033 -0.2130 -0.2130 -0.2130 -0.2130 -0.2130 -0.2130 -0.2130 -0.2220 -0.2220 -0.2220 -0.2220 -0.2220 -0.2220 -0.2220 -0.2297 -0.0017 -0.0017 0.1422 -0.0649 
fb2 = -0.1738 -0.2032 -0.2032 -0.2032 -0.2032 -0.2032 -0.2032 -0.2032 -0.2129 -0.2129 -0.2129 -0.2129 -0.2129 -0.2129 -0.2129 -0.2220 -0.2220 -0.2220 -0.2220 -0.2220 -0.2220 -0.2220 -0.2296 -0.0010 -0.0010 0.1450 -0.0649 
fb3 = -0.1738 -0.2032 -0.2032 -0.2032 -0.2032 -0.2032 -0.2032 -0.2032 -0.2129 -0.2129 -0.2129 -0.2129 -0.2129 -0.2129 -0.2129 -0.2220 -0.2220 -0.2220 -0.2220 -0.2220 -0.2220 -0.2220 -0.2296 -0.0010 -0.0010 0.1450 -0.0649 
fb4 = -0.1738 -0.2032 -0.2032 -0.2032 -0.2032 -0.2032 -0.2032 -0.2032 -0.2129 -0.2129 -0.2129 -0.2129 -0.2129 -0.2129 -0.2129 -0.2219 -0.2219 -0.2219 -0.2219 -0.2219 -0.2219 -0.2219 -0.2296 -0.0003 -0.0003 0.1478 -0.0648 
I = 14.9000 9.4000 9.4000 9.4000 9.4000 9.4000 9.4000 9.4000 6.0000 6.0000 6.0000 6.0000 6.0000 6.0000 6.0000 2.0000 2.0000 2.0000 2.0000 2.0000 2.0000 2.0000 -2.0000 26.5943 26.5943 10.0000 4.2603 
S1 = 0.0000 0.0000 0.0000 0.0000 0.0000 0.0000 0.0000 0.0000 0.0000 0.0000 0.0000 0.0000 0.0000 0.0000 0.0000 0.0000 0.0000 0.0000 0.0000 0.0000 0.0000 0.0000 0.0000 0.0000 0.0000 0.0000 0.0000 
S2 = 0.0000 0.0000 0.0000 0.0000 0.0000 0.0000 0.0000 0.0000 0.0000 0.0000 0.0000 0.0000 0.0000 0.0000 0.0000 0.0000 0.0000 0.0000 0.0000 0.0000 0.0000 0.0000 0.0000 2.5943 2.5943 0.0000 15.2603 
u = 7.9248 7.7316 7.7316 7.7316 7.7316 7.7316 7.7316 7.7316 7.6494 7.6494 7.6494 7.6494 7.6494 7.6494 7.6494 7.5677 7.5677 7.5677 7.5677 7.5677 7.5677 7.5677 7.4963 11.4762 11.4762 12.0163 9.0893 
v = 35.8027 26.5222 26.5222 26.5222 26.5222 26.5222 26.5222 26.5222 23.2771 23.2771 23.2771 23.2771 23.2771 23.2771 23.2771 20.1925 20.1925 20.1925 20.1925 20.1925 20.1925 20.1925 17.5667 57.2946 57.2946 97.0329 29.2412 
