ExternalI = 5.5000 0.0000 0.0000 0.0000 0.0000 0.0000 0.0000 0.0000 4.0000 4.0000 4.0000 4.0000 4.0000 4.0000 4.0000 0.0000 0.0000 0.0000 0.0000 0.0000 0.0000 0.0000 0.0000 8.0000 8.0000 0.0000 0.0000 
before u = 7.9248 7.7316 7.7316 7.7316 7.7316 7.7316 7.7316 7.7316 7.6494 7.6494 7.6494 7.6494 7.6494 7.6494 7.6494 7.5677 7.5677 7.5677 7.5677 7.5677 7.5677 7.5677 7.4963 11.4762 11.4762 12.0163 9.0893 
before v = 35.8027 26.5222 26.5222 26.5222 26.5222 26.5222 26.5222 26.5222 23.2771 23.2771 23.2771 23.2771 23.2771 23.2771 23.2771 20.1925 20.1925 20.1925 20.1925 20.1925 20.1925 20.1925 17.5667 57.2946 57.2946 97.0329 29.2412 
Ibias = 9.4000 9.4000 9.4000 9.4000 9.4000 9.4000 9.4000 9.4000 2.0000 2.0000 2.0000 2.0000 2.0000 2.0000 2.0000 2.0000 2.0000 2.0000 2.0000 2.0000 2.0000 2.0000 -2.0000 16.0000 16.0000 10.0000 -11.0000 
fa1 = 0.8404 0.2389 0.2389 0.2389 0.2389 0.2389 0.2389 0.2389 0.1923 0.1923 0.1923 0.1923 0.1923 0.1923 0.1923 0.1642 0.1642 0.1642 0.1642 0.1642 0.1642 0.1642 0.1472 34.5359 34.5359 143.5003 1.6189 
fa2 = 0.8407 0.2389 0.2389 0.2389 0.2389 0.2389 0.2389 0.2389 0.1922 0.1922 0.1922 0.1922 0.1922 0.1922 0.1922 0.1642 0.1642 0.1642 0.1642 0.1642 0.1642 0.1642 0.1472 34.8106 34.8106 146.9373 1.6138 
fa3 = 0.8407 0.2389 0.2389 0.2389 0.2389 0.2389 0.2389 0.2389 0.1922 0.1922 0.1922 0.1922 0.1922 0.1922 0.1922 0.1642 0.1642 0.1642 0.1642 0.1642 0.1642 0.1642 0.1472 34.8128 34.8128 147.0202 1.6138 
fa4 = 0.8410 0.2388 0.2388 0.2388 0.2388 0.2388 0.2388 0.2388 0.1922 0.1922 0.1922 0.1922 0.1922 0.1922 0.1922 0.1642 0.1642 0.1642 0.1642 0.1642 0.1642 0.1642 0.1471 35.0921 35.0921 150.5873 1.6088 
fb1 = -0.1738 -0.2032 -0.2032 -0.2032 -0.2032 -0.2032 -0.2032 -0.2032 -0.2129 -0.2129 -0.2129 -0.2129 -0.2129 -0.2129 -0.2129 -0.2219 -0.2219 -0.2219 -0.2219 -0.2219 -0.2219 -0.2219 -0.2296 -0.0003 -0.0003 0.1478 -0.0648 
fb2 = -0.1737 -0.2031 -0.2031 -0.2031 -0.2031 -0.2031 -0.2031 -0.2031 -0.2128 -0.2128 -0.2128 -0.2128 -0.2128 -0.2128 -0.2128 -0.2219 -0.2219 -0.2219 -0.2219 -0.2219 -0.2219 -0.2219 -0.2295 0.0003 0.0003 0.1507 -0.0648 
fb3 = -0.1737 -0.2031 -0.2031 -0.2031 -0.2031 -0.2031 -0.2031 -0.2031 -0.2128 -0.2128 -0.2128 -0.2128 -0.2128 -0.2128 -0.2128 -0.2219 -0.2219 -0.2219 -0.2219 -0.2219 -0.2219 -0.2219 -0.2295 0.0003 0.0003 0.1507 -0.0648 
fb4 = -0.1737 -0.2031 -0.2031 -0.2031 -0.2031 -0.2031 -0.2031 -0.2031 -0.2128 -0.2128 -0.2128 -0.2128 -0.2128 -0.2128 -0.2128 -0.2218 -0.2218 -0.2218 -0.2218 -0.2218 -0.2218 -0.2218 -0.2295 0.0010 0.0010 0.1537 -0.0647 
I = 14.9000 9.4000 9.4000 9.4000 9.4000 9.4000 9.4000 9.4000 6.0000 6.0000 6.0000 6.0000 6.0000 6.0000 6.0000 2.0000 2.0000 2.0000 2.0000 2.0000 2.0000 2.0000 -2.0000 26.5891 26.5891 10.0000 4.2298 
S1 = 0.0000 0.0000 0.0000 0.0000 0.0000 0.0000 0.0000 0.0000 0.0000 0.0000 0.0000 0.0000 0.0000 0.0000 0.0000 0.0000 0.0000 0.0000 0.0000 0.0000 0.0000 0.0000 0.0000 0.0000 0.0000 0.0000 0.0000 
S2 = 0.0000 0.0000 0.0000 0.0000 0.0000 0.0000 0.0000 0.0000 0.0000 0.0000 0.0000 0.0000 0.0000 0.0000 0.0000 0.0000 0.0000 0.0000 0.0000 0.0000 0.0000 0.0000 0.0000 2.5891 2.5891 0.0000 15.2298 
u = 7.9230 7.7296 7.7296 7.7296 7.7296 7.7296 7.7296 7.7296 7.6473 7.6473 7.6473 7.6473 7.6473 7.6473 7.6473 7.5655 7.5655 7.5655 7.5655 7.5655 7.5655 7.5655 7.4940 11.4762 11.4762 12.0178 9.0886 
v = 35.8111 26.5246 26.5246 26.5246 26.5246 26.5246 26.5246 26.5246 23.2790 23.2790 23.2790 23.2790 23.2790 23.2790 23.2790 20.1942 20.1942 20.1942 20.1942 20.1942 20.1942 20.1942 17.5682 57.6428 57.6428 98.5029 29.2573 
