ExternalI = 5.5000 0.0000 0.0000 0.0000 0.0000 0.0000 0.0000 0.0000 4.0000 4.0000 4.0000 4.0000 4.0000 4.0000 4.0000 0.0000 0.0000 0.0000 0.0000 0.0000 0.0000 0.0000 0.0000 8.0000 8.0000 0.0000 0.0000 
before u = 7.9230 7.7296 7.7296 7.7296 7.7296 7.7296 7.7296 7.7296 7.6473 7.6473 7.6473 7.6473 7.6473 7.6473 7.6473 7.5655 7.5655 7.5655 7.5655 7.5655 7.5655 7.5655 7.4940 11.4762 11.4762 12.0178 9.0886 
before v = 35.8111 26.5246 26.5246 26.5246 26.5246 26.5246 26.5246 26.5246 23.2790 23.2790 23.2790 23.2790 23.2790 23.2790 23.2790 20.1942 20.1942 20.1942 20.1942 20.1942 20.1942 20.1942 17.5682 57.6428 57.6428 98.5029 29.2573 
Ibias = 9.4000 9.4000 9.4000 9.4000 9.4000 9.4000 9.4000 9.4000 2.0000 2.0000 2.0000 2.0000 2.0000 2.0000 2.0000 2.0000 2.0000 2.0000 2.0000 2.0000 2.0000 2.0000 -2.0000 16.0000 16.0000 10.0000 -11.0000 
fa1 = 0.8410 0.2388 0.2388 0.2388 0.2388 0.2388 0.2388 0.2388 0.1922 0.1922 0.1922 0.1922 0.1922 0.1922 0.1922 0.1642 0.1642 0.1642 0.1642 0.1642 0.1642 0.1642 0.1471 35.0869 35.0869 150.5863 1.5784 
fa2 = 0.8413 0.2388 0.2388 0.2388 0.2388 0.2388 0.2388 0.2388 0.1922 0.1922 0.1922 0.1922 0.1922 0.1922 0.1922 0.1642 0.1642 0.1642 0.1642 0.1642 0.1642 0.1642 0.1471 35.3708 35.3708 154.2827 1.5735 
fa3 = 0.8413 0.2388 0.2388 0.2388 0.2388 0.2388 0.2388 0.2388 0.1922 0.1922 0.1922 0.1922 0.1922 0.1922 0.1922 0.1642 0.1642 0.1642 0.1642 0.1642 0.1642 0.1642 0.1471 35.3731 35.3731 154.3740 1.5735 
fa4 = 0.8417 0.2388 0.2388 0.2388 0.2388 0.2388 0.2388 0.2388 0.1921 0.1921 0.1921 0.1921 0.1921 0.1921 0.1921 0.1641 0.1641 0.1641 0.1641 0.1641 0.1641 0.1641 0.1471 35.6619 35.6619 158.2139 1.5687 
fb1 = -0.1737 -0.2031 -0.2031 -0.2031 -0.2031 -0.2031 -0.2031 -0.2031 -0.2128 -0.2128 -0.2128 -0.2128 -0.2128 -0.2128 -0.2128 -0.2218 -0.2218 -0.2218 -0.2218 -0.2218 -0.2218 -0.2218 -0.2295 0.0010 0.0010 0.1537 -0.0647 
fb2 = -0.1736 -0.2030 -0.2030 -0.2030 -0.2030 -0.2030 -0.2030 -0.2030 -0.2127 -0.2127 -0.2127 -0.2127 -0.2127 -0.2127 -0.2127 -0.2218 -0.2218 -0.2218 -0.2218 -0.2218 -0.2218 -0.2218 -0.2294 0.0017 0.0017 0.1567 -0.0647 
fb3 = -0.1736 -0.2030 -0.2030 -0.2030 -0.2030 -0.2030 -0.2030 -0.2030 -0.2127 -0.2127 -0.2127 -0.2127 -0.2127 -0.2127 -0.2127 -0.2218 -0.2218 -0.2218 -0.2218 -0.2218 -0.2218 -0.2218 -0.2294 0.0018 0.0018 0.1567 -0.0647 
fb4 = -0.1736 -0.2030 -0.2030 -0.2030 -0.2030 -0.2030 -0.2030 -0.2030 -0.2127 -0.2127 -0.2127 -0.2127 -0.2127 -0.2127 -0.2127 -0.2217 -0.2217 -0.2217 -0.2217 -0.2217 -0.2217 -0.2217 -0.2294 0.0025 0.0025 0.1598 -0.0647 
I = 14.9000 9.4000 9.4000 9.4000 9.4000 9.4000 9.4000 9.4000 6.0000 6.0000 6.0000 6.0000 6.0000 6.0000 6.0000 2.0000 2.0000 2.0000 2.0000 2.0000 2.0000 2.0000 -2.0000 26.5839 26.5839 10.0000 4.1993 
S1 = 0.0000 0.0000 0.0000 0.0000 0.0000 0.0000 0.0000 0.0000 0.0000 0.0000 0.0000 0.0000 0.0000 0.0000 0.0000 0.0000 0.0000 0.0000 0.0000 0.0000 0.0000 0.0000 0.0000 0.0000 0.0000 0.0000 0.0000 
S2 = 0.0000 0.0000 0.0000 0.0000 0.0000 0.0000 0.0000 0.0000 0.0000 0.0000 0.0000 0.0000 0.0000 0.0000 0.0000 0.0000 0.0000 0.0000 0.0000 0.0000 0.0000 0.0000 0.0000 2.5839 2.5839 0.0000 15.1993 
u = 7.9213 7.7275 7.7275 7.7275 7.7275 7.7275 7.7275 7.7275 7.6451 7.6451 7.6451 7.6451 7.6451 7.6451 7.6451 7.5633 7.5633 7.5633 7.5633 7.5633 7.5633 7.5633 7.4917 11.4763 11.4763 12.0194 9.0880 
v = 35.8195 26.5270 26.5270 26.5270 26.5270 26.5270 26.5270 26.5270 23.2809 23.2809 23.2809 23.2809 23.2809 23.2809 23.2809 20.1958 20.1958 20.1958 20.1958 20.1958 20.1958 20.1958 17.5696 57.9965 57.9965 100.0464 29.2730 
