ExternalI = 5.5000 0.0000 0.0000 0.0000 0.0000 0.0000 0.0000 0.0000 4.0000 4.0000 4.0000 4.0000 4.0000 4.0000 4.0000 0.0000 0.0000 0.0000 0.0000 0.0000 0.0000 0.0000 0.0000 8.0000 8.0000 0.0000 0.0000 
before u = 7.9213 7.7275 7.7275 7.7275 7.7275 7.7275 7.7275 7.7275 7.6451 7.6451 7.6451 7.6451 7.6451 7.6451 7.6451 7.5633 7.5633 7.5633 7.5633 7.5633 7.5633 7.5633 7.4917 11.4763 11.4763 12.0194 9.0880 
before v = 35.8195 26.5270 26.5270 26.5270 26.5270 26.5270 26.5270 26.5270 23.2809 23.2809 23.2809 23.2809 23.2809 23.2809 23.2809 20.1958 20.1958 20.1958 20.1958 20.1958 20.1958 20.1958 17.5696 57.9965 57.9965 100.0464 29.2730 
Ibias = 9.4000 9.4000 9.4000 9.4000 9.4000 9.4000 9.4000 9.4000 2.0000 2.0000 2.0000 2.0000 2.0000 2.0000 2.0000 2.0000 2.0000 2.0000 2.0000 2.0000 2.0000 2.0000 -2.0000 16.0000 16.0000 10.0000 -11.0000 
fa1 = 0.8417 0.2388 0.2388 0.2388 0.2388 0.2388 0.2388 0.2388 0.1921 0.1921 0.1921 0.1921 0.1921 0.1921 0.1921 0.1641 0.1641 0.1641 0.1641 0.1641 0.1641 0.1641 0.1471 35.6567 35.6567 158.2128 1.5383 
fa2 = 0.8420 0.2387 0.2387 0.2387 0.2387 0.2387 0.2387 0.2387 0.1921 0.1921 0.1921 0.1921 0.1921 0.1921 0.1921 0.1641 0.1641 0.1641 0.1641 0.1641 0.1641 0.1641 0.1471 35.9503 35.9503 162.1953 1.5335 
fa3 = 0.8420 0.2387 0.2387 0.2387 0.2387 0.2387 0.2387 0.2387 0.1921 0.1921 0.1921 0.1921 0.1921 0.1921 0.1921 0.1641 0.1641 0.1641 0.1641 0.1641 0.1641 0.1641 0.1471 35.9527 35.9527 162.2962 1.5335 
fa4 = 0.8423 0.2387 0.2387 0.2387 0.2387 0.2387 0.2387 0.2387 0.1921 0.1921 0.1921 0.1921 0.1921 0.1921 0.1921 0.1641 0.1641 0.1641 0.1641 0.1641 0.1641 0.1641 0.1470 36.2514 36.2514 166.4373 1.5288 
fb1 = -0.1736 -0.2030 -0.2030 -0.2030 -0.2030 -0.2030 -0.2030 -0.2030 -0.2127 -0.2127 -0.2127 -0.2127 -0.2127 -0.2127 -0.2127 -0.2217 -0.2217 -0.2217 -0.2217 -0.2217 -0.2217 -0.2217 -0.2294 0.0025 0.0025 0.1598 -0.0647 
fb2 = -0.1735 -0.2029 -0.2029 -0.2029 -0.2029 -0.2029 -0.2029 -0.2029 -0.2126 -0.2126 -0.2126 -0.2126 -0.2126 -0.2126 -0.2126 -0.2217 -0.2217 -0.2217 -0.2217 -0.2217 -0.2217 -0.2217 -0.2293 0.0032 0.0032 0.1629 -0.0646 
fb3 = -0.1735 -0.2029 -0.2029 -0.2029 -0.2029 -0.2029 -0.2029 -0.2029 -0.2126 -0.2126 -0.2126 -0.2126 -0.2126 -0.2126 -0.2126 -0.2217 -0.2217 -0.2217 -0.2217 -0.2217 -0.2217 -0.2217 -0.2293 0.0032 0.0032 0.1630 -0.0646 
fb4 = -0.1735 -0.2029 -0.2029 -0.2029 -0.2029 -0.2029 -0.2029 -0.2029 -0.2126 -0.2126 -0.2126 -0.2126 -0.2126 -0.2126 -0.2126 -0.2217 -0.2217 -0.2217 -0.2217 -0.2217 -0.2217 -0.2217 -0.2293 0.0039 0.0039 0.1663 -0.0646 
I = 14.9000 9.4000 9.4000 9.4000 9.4000 9.4000 9.4000 9.4000 6.0000 6.0000 6.0000 6.0000 6.0000 6.0000 6.0000 2.0000 2.0000 2.0000 2.0000 2.0000 2.0000 2.0000 -2.0000 26.5787 26.5787 10.0000 4.1689 
S1 = 0.0000 0.0000 0.0000 0.0000 0.0000 0.0000 0.0000 0.0000 0.0000 0.0000 0.0000 0.0000 0.0000 0.0000 0.0000 0.0000 0.0000 0.0000 0.0000 0.0000 0.0000 0.0000 0.0000 0.0000 0.0000 0.0000 0.0000 
S2 = 0.0000 0.0000 0.0000 0.0000 0.0000 0.0000 0.0000 0.0000 0.0000 0.0000 0.0000 0.0000 0.0000 0.0000 0.0000 0.0000 0.0000 0.0000 0.0000 0.0000 0.0000 0.0000 0.0000 2.5787 2.5787 0.0000 15.1689 
u = 7.9196 7.7255 7.7255 7.7255 7.7255 7.7255 7.7255 7.7255 7.6430 7.6430 7.6430 7.6430 7.6430 7.6430 7.6430 7.5611 7.5611 7.5611 7.5611 7.5611 7.5611 7.5611 7.4894 11.4763 11.4763 12.0210 9.0873 
v = 35.8279 26.5294 26.5294 26.5294 26.5294 26.5294 26.5294 26.5294 23.2828 23.2828 23.2828 23.2828 23.2828 23.2828 23.2828 20.1974 20.1974 20.1974 20.1974 20.1974 20.1974 20.1974 17.5711 58.3560 58.3560 101.6691 29.2884 
