ExternalI = 5.5000 0.0000 0.0000 0.0000 0.0000 0.0000 0.0000 0.0000 4.0000 4.0000 4.0000 4.0000 4.0000 4.0000 4.0000 0.0000 0.0000 0.0000 0.0000 0.0000 0.0000 0.0000 0.0000 8.0000 8.0000 0.0000 0.0000 
before u = 7.9196 7.7255 7.7255 7.7255 7.7255 7.7255 7.7255 7.7255 7.6430 7.6430 7.6430 7.6430 7.6430 7.6430 7.6430 7.5611 7.5611 7.5611 7.5611 7.5611 7.5611 7.5611 7.4894 11.4763 11.4763 12.0210 9.0873 
before v = 35.8279 26.5294 26.5294 26.5294 26.5294 26.5294 26.5294 26.5294 23.2828 23.2828 23.2828 23.2828 23.2828 23.2828 23.2828 20.1974 20.1974 20.1974 20.1974 20.1974 20.1974 20.1974 17.5711 58.3560 58.3560 101.6691 29.2884 
Ibias = 9.4000 9.4000 9.4000 9.4000 9.4000 9.4000 9.4000 9.4000 2.0000 2.0000 2.0000 2.0000 2.0000 2.0000 2.0000 2.0000 2.0000 2.0000 2.0000 2.0000 2.0000 2.0000 -2.0000 16.0000 16.0000 10.0000 -11.0000 
fa1 = 0.8423 0.2387 0.2387 0.2387 0.2387 0.2387 0.2387 0.2387 0.1921 0.1921 0.1921 0.1921 0.1921 0.1921 0.1921 0.1641 0.1641 0.1641 0.1641 0.1641 0.1641 0.1641 0.1470 36.2462 36.2462 166.4361 1.4985 
fa2 = 0.8426 0.2387 0.2387 0.2387 0.2387 0.2387 0.2387 0.2387 0.1921 0.1921 0.1921 0.1921 0.1921 0.1921 0.1921 0.1640 0.1640 0.1640 0.1640 0.1640 0.1640 0.1640 0.1470 36.5499 36.5499 170.7350 1.4939 
fa3 = 0.8426 0.2387 0.2387 0.2387 0.2387 0.2387 0.2387 0.2387 0.1921 0.1921 0.1921 0.1921 0.1921 0.1921 0.1921 0.1640 0.1640 0.1640 0.1640 0.1640 0.1640 0.1640 0.1470 36.5524 36.5524 170.8468 1.4939 
fa4 = 0.8429 0.2386 0.2386 0.2386 0.2386 0.2386 0.2386 0.2386 0.1920 0.1920 0.1920 0.1920 0.1920 0.1920 0.1920 0.1640 0.1640 0.1640 0.1640 0.1640 0.1640 0.1640 0.1470 36.8614 36.8614 175.3216 1.4893 
fb1 = -0.1735 -0.2029 -0.2029 -0.2029 -0.2029 -0.2029 -0.2029 -0.2029 -0.2126 -0.2126 -0.2126 -0.2126 -0.2126 -0.2126 -0.2126 -0.2217 -0.2217 -0.2217 -0.2217 -0.2217 -0.2217 -0.2217 -0.2293 0.0039 0.0039 0.1663 -0.0646 
fb2 = -0.1734 -0.2029 -0.2029 -0.2029 -0.2029 -0.2029 -0.2029 -0.2029 -0.2125 -0.2125 -0.2125 -0.2125 -0.2125 -0.2125 -0.2125 -0.2216 -0.2216 -0.2216 -0.2216 -0.2216 -0.2216 -0.2216 -0.2292 0.0046 0.0046 0.1696 -0.0646 
fb3 = -0.1734 -0.2029 -0.2029 -0.2029 -0.2029 -0.2029 -0.2029 -0.2029 -0.2125 -0.2125 -0.2125 -0.2125 -0.2125 -0.2125 -0.2125 -0.2216 -0.2216 -0.2216 -0.2216 -0.2216 -0.2216 -0.2216 -0.2292 0.0046 0.0046 0.1697 -0.0646 
fb4 = -0.1734 -0.2028 -0.2028 -0.2028 -0.2028 -0.2028 -0.2028 -0.2028 -0.2125 -0.2125 -0.2125 -0.2125 -0.2125 -0.2125 -0.2125 -0.2216 -0.2216 -0.2216 -0.2216 -0.2216 -0.2216 -0.2216 -0.2292 0.0054 0.0054 0.1731 -0.0645 
I = 14.9000 9.4000 9.4000 9.4000 9.4000 9.4000 9.4000 9.4000 6.0000 6.0000 6.0000 6.0000 6.0000 6.0000 6.0000 2.0000 2.0000 2.0000 2.0000 2.0000 2.0000 2.0000 -2.0000 26.5736 26.5736 10.0000 4.1386 
S1 = 0.0000 0.0000 0.0000 0.0000 0.0000 0.0000 0.0000 0.0000 0.0000 0.0000 0.0000 0.0000 0.0000 0.0000 0.0000 0.0000 0.0000 0.0000 0.0000 0.0000 0.0000 0.0000 0.0000 0.0000 0.0000 0.0000 0.0000 
S2 = 0.0000 0.0000 0.0000 0.0000 0.0000 0.0000 0.0000 0.0000 0.0000 0.0000 0.0000 0.0000 0.0000 0.0000 0.0000 0.0000 0.0000 0.0000 0.0000 0.0000 0.0000 0.0000 0.0000 2.5736 2.5736 0.0000 15.1386 
u = 7.9178 7.7235 7.7235 7.7235 7.7235 7.7235 7.7235 7.7235 7.6409 7.6409 7.6409 7.6409 7.6409 7.6409 7.6409 7.5588 7.5588 7.5588 7.5588 7.5588 7.5588 7.5588 7.4871 11.4763 11.4763 12.0227 9.0867 
v = 35.8364 26.5318 26.5318 26.5318 26.5318 26.5318 26.5318 26.5318 23.2848 23.2848 23.2848 23.2848 23.2848 23.2848 23.2848 20.1991 20.1991 20.1991 20.1991 20.1991 20.1991 20.1991 17.5726 58.7215 58.7215 103.3773 29.3033 
