ExternalI = 5.5000 0.0000 0.0000 0.0000 0.0000 0.0000 0.0000 0.0000 4.0000 4.0000 4.0000 4.0000 4.0000 4.0000 4.0000 0.0000 0.0000 0.0000 0.0000 0.0000 0.0000 0.0000 0.0000 8.0000 8.0000 0.0000 0.0000 
before u = 7.9178 7.7235 7.7235 7.7235 7.7235 7.7235 7.7235 7.7235 7.6409 7.6409 7.6409 7.6409 7.6409 7.6409 7.6409 7.5588 7.5588 7.5588 7.5588 7.5588 7.5588 7.5588 7.4871 11.4763 11.4763 12.0227 9.0867 
before v = 35.8364 26.5318 26.5318 26.5318 26.5318 26.5318 26.5318 26.5318 23.2848 23.2848 23.2848 23.2848 23.2848 23.2848 23.2848 20.1991 20.1991 20.1991 20.1991 20.1991 20.1991 20.1991 17.5726 58.7215 58.7215 103.3773 29.3033 
Ibias = 9.4000 9.4000 9.4000 9.4000 9.4000 9.4000 9.4000 9.4000 2.0000 2.0000 2.0000 2.0000 2.0000 2.0000 2.0000 2.0000 2.0000 2.0000 2.0000 2.0000 2.0000 2.0000 -2.0000 16.0000 16.0000 10.0000 -11.0000 
fa1 = 0.8429 0.2386 0.2386 0.2386 0.2386 0.2386 0.2386 0.2386 0.1920 0.1920 0.1920 0.1920 0.1920 0.1920 0.1920 0.1640 0.1640 0.1640 0.1640 0.1640 0.1640 0.1640 0.1470 36.8562 36.8562 175.3202 1.4591 
fa2 = 0.8432 0.2386 0.2386 0.2386 0.2386 0.2386 0.2386 0.2386 0.1920 0.1920 0.1920 0.1920 0.1920 0.1920 0.1920 0.1640 0.1640 0.1640 0.1640 0.1640 0.1640 0.1640 0.1470 37.1704 37.1704 179.9700 1.4546 
fa3 = 0.8432 0.2386 0.2386 0.2386 0.2386 0.2386 0.2386 0.2386 0.1920 0.1920 0.1920 0.1920 0.1920 0.1920 0.1920 0.1640 0.1640 0.1640 0.1640 0.1640 0.1640 0.1640 0.1470 37.1731 37.1731 180.0941 1.4546 
fa4 = 0.8435 0.2386 0.2386 0.2386 0.2386 0.2386 0.2386 0.2386 0.1920 0.1920 0.1920 0.1920 0.1920 0.1920 0.1920 0.1640 0.1640 0.1640 0.1640 0.1640 0.1640 0.1640 0.1469 37.4928 37.4928 184.9395 1.4502 
fb1 = -0.1734 -0.2028 -0.2028 -0.2028 -0.2028 -0.2028 -0.2028 -0.2028 -0.2125 -0.2125 -0.2125 -0.2125 -0.2125 -0.2125 -0.2125 -0.2216 -0.2216 -0.2216 -0.2216 -0.2216 -0.2216 -0.2216 -0.2292 0.0054 0.0054 0.1731 -0.0645 
fb2 = -0.1733 -0.2028 -0.2028 -0.2028 -0.2028 -0.2028 -0.2028 -0.2028 -0.2125 -0.2125 -0.2125 -0.2125 -0.2125 -0.2125 -0.2125 -0.2215 -0.2215 -0.2215 -0.2215 -0.2215 -0.2215 -0.2215 -0.2291 0.0061 0.0061 0.1765 -0.0645 
fb3 = -0.1733 -0.2028 -0.2028 -0.2028 -0.2028 -0.2028 -0.2028 -0.2028 -0.2125 -0.2125 -0.2125 -0.2125 -0.2125 -0.2125 -0.2125 -0.2215 -0.2215 -0.2215 -0.2215 -0.2215 -0.2215 -0.2215 -0.2291 0.0061 0.0061 0.1766 -0.0645 
fb4 = -0.1733 -0.2027 -0.2027 -0.2027 -0.2027 -0.2027 -0.2027 -0.2027 -0.2124 -0.2124 -0.2124 -0.2124 -0.2124 -0.2124 -0.2124 -0.2215 -0.2215 -0.2215 -0.2215 -0.2215 -0.2215 -0.2215 -0.2291 0.0068 0.0068 0.1802 -0.0644 
I = 14.9000 9.4000 9.4000 9.4000 9.4000 9.4000 9.4000 9.4000 6.0000 6.0000 6.0000 6.0000 6.0000 6.0000 6.0000 2.0000 2.0000 2.0000 2.0000 2.0000 2.0000 2.0000 -2.0000 26.5684 26.5684 10.0000 4.1083 
S1 = 0.0000 0.0000 0.0000 0.0000 0.0000 0.0000 0.0000 0.0000 0.0000 0.0000 0.0000 0.0000 0.0000 0.0000 0.0000 0.0000 0.0000 0.0000 0.0000 0.0000 0.0000 0.0000 0.0000 0.0000 0.0000 0.0000 0.0000 
S2 = 0.0000 0.0000 0.0000 0.0000 0.0000 0.0000 0.0000 0.0000 0.0000 0.0000 0.0000 0.0000 0.0000 0.0000 0.0000 0.0000 0.0000 0.0000 0.0000 0.0000 0.0000 0.0000 0.0000 2.5684 2.5684 0.0000 15.1083 
u = 7.9161 7.7214 7.7214 7.7214 7.7214 7.7214 7.7214 7.7214 7.6388 7.6388 7.6388 7.6388 7.6388 7.6388 7.6388 7.5566 7.5566 7.5566 7.5566 7.5566 7.5566 7.5566 7.4848 11.4764 11.4764 12.0245 9.0860 
v = 35.8448 26.5341 26.5341 26.5341 26.5341 26.5341 26.5341 26.5341 23.2867 23.2867 23.2867 23.2867 23.2867 23.2867 23.2867 20.2007 20.2007 20.2007 20.2007 20.2007 20.2007 20.2007 17.5740 59.0933 59.0933 105.1780 29.3179 
