ExternalI = 5.5000 0.0000 0.0000 0.0000 0.0000 0.0000 0.0000 0.0000 4.0000 4.0000 4.0000 4.0000 4.0000 4.0000 4.0000 0.0000 0.0000 0.0000 0.0000 0.0000 0.0000 0.0000 0.0000 8.0000 8.0000 0.0000 0.0000 
before u = 7.9161 7.7214 7.7214 7.7214 7.7214 7.7214 7.7214 7.7214 7.6388 7.6388 7.6388 7.6388 7.6388 7.6388 7.6388 7.5566 7.5566 7.5566 7.5566 7.5566 7.5566 7.5566 7.4848 11.4764 11.4764 12.0245 9.0860 
before v = 35.8448 26.5341 26.5341 26.5341 26.5341 26.5341 26.5341 26.5341 23.2867 23.2867 23.2867 23.2867 23.2867 23.2867 23.2867 20.2007 20.2007 20.2007 20.2007 20.2007 20.2007 20.2007 17.5740 59.0933 59.0933 105.1780 29.3179 
Ibias = 9.4000 9.4000 9.4000 9.4000 9.4000 9.4000 9.4000 9.4000 2.0000 2.0000 2.0000 2.0000 2.0000 2.0000 2.0000 2.0000 2.0000 2.0000 2.0000 2.0000 2.0000 2.0000 -2.0000 16.0000 16.0000 10.0000 -11.0000 
fa1 = 0.8435 0.2386 0.2386 0.2386 0.2386 0.2386 0.2386 0.2386 0.1920 0.1920 0.1920 0.1920 0.1920 0.1920 0.1920 0.1640 0.1640 0.1640 0.1640 0.1640 0.1640 0.1640 0.1469 37.4876 37.4876 184.9379 1.4200 
fa2 = 0.8438 0.2385 0.2385 0.2385 0.2385 0.2385 0.2385 0.2385 0.1919 0.1919 0.1919 0.1919 0.1919 0.1919 0.1919 0.1639 0.1639 0.1639 0.1639 0.1639 0.1639 0.1639 0.1469 37.8128 37.8128 189.9777 1.4156 
fa3 = 0.8438 0.2385 0.2385 0.2385 0.2385 0.2385 0.2385 0.2385 0.1919 0.1919 0.1919 0.1919 0.1919 0.1919 0.1919 0.1639 0.1639 0.1639 0.1639 0.1639 0.1639 0.1639 0.1469 37.8156 37.8156 190.1160 1.4156 
fa4 = 0.8441 0.2385 0.2385 0.2385 0.2385 0.2385 0.2385 0.2385 0.1919 0.1919 0.1919 0.1919 0.1919 0.1919 0.1919 0.1639 0.1639 0.1639 0.1639 0.1639 0.1639 0.1639 0.1469 38.1465 38.1465 195.3740 1.4113 
fb1 = -0.1733 -0.2027 -0.2027 -0.2027 -0.2027 -0.2027 -0.2027 -0.2027 -0.2124 -0.2124 -0.2124 -0.2124 -0.2124 -0.2124 -0.2124 -0.2215 -0.2215 -0.2215 -0.2215 -0.2215 -0.2215 -0.2215 -0.2291 0.0068 0.0068 0.1802 -0.0644 
fb2 = -0.1732 -0.2027 -0.2027 -0.2027 -0.2027 -0.2027 -0.2027 -0.2027 -0.2124 -0.2124 -0.2124 -0.2124 -0.2124 -0.2124 -0.2124 -0.2214 -0.2214 -0.2214 -0.2214 -0.2214 -0.2214 -0.2214 -0.2290 0.0076 0.0076 0.1839 -0.0644 
fb3 = -0.1732 -0.2027 -0.2027 -0.2027 -0.2027 -0.2027 -0.2027 -0.2027 -0.2124 -0.2124 -0.2124 -0.2124 -0.2124 -0.2124 -0.2124 -0.2214 -0.2214 -0.2214 -0.2214 -0.2214 -0.2214 -0.2214 -0.2290 0.0076 0.0076 0.1840 -0.0644 
fb4 = -0.1732 -0.2026 -0.2026 -0.2026 -0.2026 -0.2026 -0.2026 -0.2026 -0.2123 -0.2123 -0.2123 -0.2123 -0.2123 -0.2123 -0.2123 -0.2214 -0.2214 -0.2214 -0.2214 -0.2214 -0.2214 -0.2214 -0.2290 0.0084 0.0084 0.1878 -0.0644 
I = 14.9000 9.4000 9.4000 9.4000 9.4000 9.4000 9.4000 9.4000 6.0000 6.0000 6.0000 6.0000 6.0000 6.0000 6.0000 2.0000 2.0000 2.0000 2.0000 2.0000 2.0000 2.0000 -2.0000 26.5633 26.5633 10.0000 4.0781 
S1 = 0.0000 0.0000 0.0000 0.0000 0.0000 0.0000 0.0000 0.0000 0.0000 0.0000 0.0000 0.0000 0.0000 0.0000 0.0000 0.0000 0.0000 0.0000 0.0000 0.0000 0.0000 0.0000 0.0000 0.0000 0.0000 0.0000 0.0000 
S2 = 0.0000 0.0000 0.0000 0.0000 0.0000 0.0000 0.0000 0.0000 0.0000 0.0000 0.0000 0.0000 0.0000 0.0000 0.0000 0.0000 0.0000 0.0000 0.0000 0.0000 0.0000 0.0000 0.0000 2.5633 2.5633 0.0000 15.0781 
u = 7.9144 7.7194 7.7194 7.7194 7.7194 7.7194 7.7194 7.7194 7.6366 7.6366 7.6366 7.6366 7.6366 7.6366 7.6366 7.5544 7.5544 7.5544 7.5544 7.5544 7.5544 7.5544 7.4825 11.4765 11.4765 12.0263 9.0854 
v = 35.8532 26.5365 26.5365 26.5365 26.5365 26.5365 26.5365 26.5365 23.2886 23.2886 23.2886 23.2886 23.2886 23.2886 23.2886 20.2024 20.2024 20.2024 20.2024 20.2024 20.2024 20.2024 17.5755 59.4714 59.4714 107.0788 29.3320 
