ExternalI = 5.5000 0.0000 0.0000 0.0000 0.0000 0.0000 0.0000 0.0000 4.0000 4.0000 4.0000 4.0000 4.0000 4.0000 4.0000 0.0000 0.0000 0.0000 0.0000 0.0000 0.0000 0.0000 0.0000 8.0000 8.0000 0.0000 0.0000 
before u = 7.9144 7.7194 7.7194 7.7194 7.7194 7.7194 7.7194 7.7194 7.6366 7.6366 7.6366 7.6366 7.6366 7.6366 7.6366 7.5544 7.5544 7.5544 7.5544 7.5544 7.5544 7.5544 7.4825 11.4765 11.4765 12.0263 9.0854 
before v = 35.8532 26.5365 26.5365 26.5365 26.5365 26.5365 26.5365 26.5365 23.2886 23.2886 23.2886 23.2886 23.2886 23.2886 23.2886 20.2024 20.2024 20.2024 20.2024 20.2024 20.2024 20.2024 17.5755 59.4714 59.4714 107.0788 29.3320 
Ibias = 9.4000 9.4000 9.4000 9.4000 9.4000 9.4000 9.4000 9.4000 2.0000 2.0000 2.0000 2.0000 2.0000 2.0000 2.0000 2.0000 2.0000 2.0000 2.0000 2.0000 2.0000 2.0000 -2.0000 16.0000 16.0000 10.0000 -11.0000 
fa1 = 0.8441 0.2385 0.2385 0.2385 0.2385 0.2385 0.2385 0.2385 0.1919 0.1919 0.1919 0.1919 0.1919 0.1919 0.1919 0.1639 0.1639 0.1639 0.1639 0.1639 0.1639 0.1639 0.1469 38.1414 38.1414 195.3722 1.3812 
fa2 = 0.8444 0.2385 0.2385 0.2385 0.2385 0.2385 0.2385 0.2385 0.1919 0.1919 0.1919 0.1919 0.1919 0.1919 0.1919 0.1639 0.1639 0.1639 0.1639 0.1639 0.1639 0.1639 0.1469 38.4780 38.4780 200.8469 1.3770 
fa3 = 0.8444 0.2385 0.2385 0.2385 0.2385 0.2385 0.2385 0.2385 0.1919 0.1919 0.1919 0.1919 0.1919 0.1919 0.1919 0.1639 0.1639 0.1639 0.1639 0.1639 0.1639 0.1639 0.1469 38.4810 38.4810 201.0014 1.3770 
fa4 = 0.8447 0.2384 0.2384 0.2384 0.2384 0.2384 0.2384 0.2384 0.1918 0.1918 0.1918 0.1918 0.1918 0.1918 0.1918 0.1639 0.1639 0.1639 0.1639 0.1639 0.1639 0.1639 0.1468 38.8236 38.8236 206.7202 1.3728 
fb1 = -0.1732 -0.2026 -0.2026 -0.2026 -0.2026 -0.2026 -0.2026 -0.2026 -0.2123 -0.2123 -0.2123 -0.2123 -0.2123 -0.2123 -0.2123 -0.2214 -0.2214 -0.2214 -0.2214 -0.2214 -0.2214 -0.2214 -0.2290 0.0084 0.0084 0.1878 -0.0644 
fb2 = -0.1731 -0.2026 -0.2026 -0.2026 -0.2026 -0.2026 -0.2026 -0.2026 -0.2123 -0.2123 -0.2123 -0.2123 -0.2123 -0.2123 -0.2123 -0.2213 -0.2213 -0.2213 -0.2213 -0.2213 -0.2213 -0.2213 -0.2290 0.0091 0.0091 0.1917 -0.0643 
fb3 = -0.1731 -0.2026 -0.2026 -0.2026 -0.2026 -0.2026 -0.2026 -0.2026 -0.2123 -0.2123 -0.2123 -0.2123 -0.2123 -0.2123 -0.2123 -0.2213 -0.2213 -0.2213 -0.2213 -0.2213 -0.2213 -0.2213 -0.2290 0.0091 0.0091 0.1918 -0.0643 
fb4 = -0.1731 -0.2025 -0.2025 -0.2025 -0.2025 -0.2025 -0.2025 -0.2025 -0.2122 -0.2122 -0.2122 -0.2122 -0.2122 -0.2122 -0.2122 -0.2213 -0.2213 -0.2213 -0.2213 -0.2213 -0.2213 -0.2213 -0.2289 0.0099 0.0099 0.1958 -0.0643 
I = 14.9000 9.4000 9.4000 9.4000 9.4000 9.4000 9.4000 9.4000 6.0000 6.0000 6.0000 6.0000 6.0000 6.0000 6.0000 2.0000 2.0000 2.0000 2.0000 2.0000 2.0000 2.0000 -2.0000 26.5582 26.5582 10.0000 4.0479 
S1 = 0.0000 0.0000 0.0000 0.0000 0.0000 0.0000 0.0000 0.0000 0.0000 0.0000 0.0000 0.0000 0.0000 0.0000 0.0000 0.0000 0.0000 0.0000 0.0000 0.0000 0.0000 0.0000 0.0000 0.0000 0.0000 0.0000 0.0000 
S2 = 0.0000 0.0000 0.0000 0.0000 0.0000 0.0000 0.0000 0.0000 0.0000 0.0000 0.0000 0.0000 0.0000 0.0000 0.0000 0.0000 0.0000 0.0000 0.0000 0.0000 0.0000 0.0000 0.0000 2.5582 2.5582 0.0000 15.0479 
u = 7.9126 7.7174 7.7174 7.7174 7.7174 7.7174 7.7174 7.7174 7.6345 7.6345 7.6345 7.6345 7.6345 7.6345 7.6345 7.5522 7.5522 7.5522 7.5522 7.5522 7.5522 7.5522 7.4802 11.4766 11.4766 12.0282 9.0847 
v = 35.8617 26.5389 26.5389 26.5389 26.5389 26.5389 26.5389 26.5389 23.2905 23.2905 23.2905 23.2905 23.2905 23.2905 23.2905 20.2040 20.2040 20.2040 20.2040 20.2040 20.2040 20.2040 17.5770 59.8562 59.8562 109.0885 29.3458 
