ExternalI = 5.5000 0.0000 0.0000 0.0000 0.0000 0.0000 0.0000 0.0000 4.0000 4.0000 4.0000 4.0000 4.0000 4.0000 4.0000 0.0000 0.0000 0.0000 0.0000 0.0000 0.0000 0.0000 0.0000 8.0000 8.0000 0.0000 0.0000 
before u = 9.9716 9.9715 9.9715 9.9715 9.9715 9.9715 9.9715 9.9715 9.9715 9.9715 9.9715 9.9715 9.9715 9.9715 9.9715 9.9714 9.9714 9.9714 9.9714 9.9714 9.9714 9.9714 9.9714 9.9878 9.9878 10.0070 9.9874 
before v = 12.1259 11.7207 11.7207 11.7207 11.7207 11.7207 11.7207 11.7207 11.4705 11.4705 11.4705 11.4705 11.4705 11.4705 11.4705 11.1762 11.1762 11.1762 11.1762 11.1762 11.1762 11.1762 10.8822 13.5348 13.5348 74.1083 10.9551 
Ibias = 9.4000 9.4000 9.4000 9.4000 9.4000 9.4000 9.4000 9.4000 2.0000 2.0000 2.0000 2.0000 2.0000 2.0000 2.0000 2.0000 2.0000 2.0000 2.0000 2.0000 2.0000 2.0000 -2.0000 16.0000 16.0000 10.0000 -11.0000 
fa1 = 24.4323 19.7613 19.7613 19.7613 19.7613 19.7613 19.7613 19.7613 16.8799 16.8799 16.8799 16.8799 16.8799 16.8799 16.8799 13.4962 13.4962 13.4962 13.4962 13.4962 13.4962 13.4962 10.1190 40.7354 40.7354 57.3497 10.9480 
fa2 = 24.1867 19.5596 19.5596 19.5596 19.5596 19.5596 19.5596 19.5596 16.7062 16.7062 16.7062 16.7062 16.7062 16.7062 16.7062 13.3560 13.3560 13.3560 13.3560 13.3560 13.3560 13.3560 10.0131 40.3473 40.3473 58.1923 10.8326 
fa3 = 24.1891 19.5617 19.5617 19.5617 19.5617 19.5617 19.5617 19.5617 16.7080 16.7080 16.7080 16.7080 16.7080 16.7080 16.7080 13.3575 13.3575 13.3575 13.3575 13.3575 13.3575 13.3575 10.0142 40.3510 40.3510 58.2048 10.8338 
fa4 = 23.9471 19.3629 19.3629 19.3629 19.3629 19.3629 19.3629 19.3629 16.5366 16.5366 16.5366 16.5366 16.5366 16.5366 16.5366 13.2191 13.2191 13.2191 13.2191 13.2191 13.2191 13.2191 9.9097 39.9698 39.9698 59.0669 10.7199 
fb1 = -0.3504 -0.3520 -0.3520 -0.3520 -0.3520 -0.3520 -0.3520 -0.3520 -0.3530 -0.3530 -0.3530 -0.3530 -0.3530 -0.3530 -0.3530 -0.3542 -0.3542 -0.3542 -0.3542 -0.3542 -0.3542 -0.3542 -0.3553 -0.1456 -0.1456 0.0963 -0.1559 
fb2 = -0.3498 -0.3515 -0.3515 -0.3515 -0.3515 -0.3515 -0.3515 -0.3515 -0.3526 -0.3526 -0.3526 -0.3526 -0.3526 -0.3526 -0.3526 -0.3538 -0.3538 -0.3538 -0.3538 -0.3538 -0.3538 -0.3538 -0.3551 -0.1448 -0.1448 0.0974 -0.1557 
fb3 = -0.3498 -0.3515 -0.3515 -0.3515 -0.3515 -0.3515 -0.3515 -0.3515 -0.3526 -0.3526 -0.3526 -0.3526 -0.3526 -0.3526 -0.3526 -0.3538 -0.3538 -0.3538 -0.3538 -0.3538 -0.3538 -0.3538 -0.3551 -0.1448 -0.1448 0.0974 -0.1557 
fb4 = -0.3493 -0.3511 -0.3511 -0.3511 -0.3511 -0.3511 -0.3511 -0.3511 -0.3522 -0.3522 -0.3522 -0.3522 -0.3522 -0.3522 -0.3522 -0.3535 -0.3535 -0.3535 -0.3535 -0.3535 -0.3535 -0.3535 -0.3548 -0.1440 -0.1440 0.0986 -0.1555 
I = 14.9000 9.4000 9.4000 9.4000 9.4000 9.4000 9.4000 9.4000 6.0000 6.0000 6.0000 6.0000 6.0000 6.0000 6.0000 2.0000 2.0000 2.0000 2.0000 2.0000 2.0000 2.0000 -2.0000 24.0000 24.0000 10.0000 -11.0000 
S1 = 0.0000 0.0000 0.0000 0.0000 0.0000 0.0000 0.0000 0.0000 0.0000 0.0000 0.0000 0.0000 0.0000 0.0000 0.0000 0.0000 0.0000 0.0000 0.0000 0.0000 0.0000 0.0000 0.0000 0.0000 0.0000 0.0000 0.0000 
S2 = 0.0000 0.0000 0.0000 0.0000 0.0000 0.0000 0.0000 0.0000 0.0000 0.0000 0.0000 0.0000 0.0000 0.0000 0.0000 0.0000 0.0000 0.0000 0.0000 0.0000 0.0000 0.0000 0.0000 0.0000 0.0000 0.0000 0.0000 
u = 9.9681 9.9680 9.9680 9.9680 9.9680 9.9680 9.9680 9.9680 9.9680 9.9680 9.9680 9.9680 9.9680 9.9680 9.9680 9.9679 9.9679 9.9679 9.9679 9.9679 9.9679 9.9679 9.9678 9.9863 9.9863 10.0080 9.9858 
v = 12.3677 11.9164 11.9164 11.9164 11.9164 11.9164 11.9164 11.9164 11.6376 11.6376 11.6376 11.6376 11.6376 11.6376 11.6376 11.3098 11.3098 11.3098 11.3098 11.3098 11.3098 11.3098 10.9823 13.9383 13.9383 74.6903 11.0634 
