ExternalI = 5.5000 0.0000 0.0000 0.0000 0.0000 0.0000 0.0000 0.0000 4.0000 4.0000 4.0000 4.0000 4.0000 4.0000 4.0000 0.0000 0.0000 0.0000 0.0000 0.0000 0.0000 0.0000 0.0000 8.0000 8.0000 0.0000 0.0000 
before u = 9.7132 9.7076 9.7076 9.7076 9.7076 9.7076 9.7076 9.7076 9.7042 9.7042 9.7042 9.7042 9.7042 9.7042 9.7042 9.7002 9.7002 9.7002 9.7002 9.7002 9.7002 9.7002 9.6964 9.9082 9.9082 10.2042 9.8714 
before v = 22.9963 20.2468 20.2468 20.2468 20.2468 20.2468 20.2468 20.2468 18.6251 18.6251 18.6251 18.6251 18.6251 18.6251 18.6251 16.7869 16.7869 16.7869 16.7869 16.7869 16.7869 16.7869 15.0184 33.9836 33.9836 76.9877 15.8227 
Ibias = 9.4000 9.4000 9.4000 9.4000 9.4000 9.4000 9.4000 9.4000 2.0000 2.0000 2.0000 2.0000 2.0000 2.0000 2.0000 2.0000 2.0000 2.0000 2.0000 2.0000 2.0000 2.0000 -2.0000 16.0000 16.0000 10.0000 -11.0000 
fa1 = 7.3511 5.3494 5.3494 5.3494 5.3494 5.3494 5.3494 5.3494 4.2963 4.2963 4.2963 4.2963 4.2963 4.2963 4.2963 3.2111 3.2111 3.2111 3.2111 3.2111 3.2111 3.2111 2.2706 18.3365 18.3365 65.9170 3.0566 
fa2 = 7.3100 5.3140 5.3140 5.3140 5.3140 5.3140 5.3140 5.3140 4.2655 4.2655 4.2655 4.2655 4.2655 4.2655 4.2655 3.1861 3.1861 3.1861 3.1861 3.1861 3.1861 3.1861 2.2518 18.3113 18.3113 66.9620 3.0307 
fa3 = 7.3102 5.3143 5.3143 5.3143 5.3143 5.3143 5.3143 5.3143 4.2657 4.2657 4.2657 4.2657 4.2657 4.2657 4.2657 3.1863 3.1863 3.1863 3.1863 3.1863 3.1863 3.1863 2.2520 18.3113 18.3113 66.9786 3.0310 
fa4 = 7.2695 5.2792 5.2792 5.2792 5.2792 5.2792 5.2792 5.2792 4.2351 4.2351 4.2351 4.2351 4.2351 4.2351 4.2351 3.1616 3.1616 3.1616 3.1616 3.1616 3.1616 3.1616 2.2334 18.2869 18.2869 68.0497 3.0054 
fb1 = -0.2965 -0.3073 -0.3073 -0.3073 -0.3073 -0.3073 -0.3073 -0.3073 -0.3137 -0.3137 -0.3137 -0.3137 -0.3137 -0.3137 -0.3137 -0.3209 -0.3209 -0.3209 -0.3209 -0.3209 -0.3209 -0.3209 -0.3278 -0.0622 -0.0622 0.1039 -0.1341 
fb2 = -0.2963 -0.3071 -0.3071 -0.3071 -0.3071 -0.3071 -0.3071 -0.3071 -0.3135 -0.3135 -0.3135 -0.3135 -0.3135 -0.3135 -0.3135 -0.3207 -0.3207 -0.3207 -0.3207 -0.3207 -0.3207 -0.3207 -0.3277 -0.0619 -0.0619 0.1052 -0.1341 
fb3 = -0.2963 -0.3071 -0.3071 -0.3071 -0.3071 -0.3071 -0.3071 -0.3071 -0.3135 -0.3135 -0.3135 -0.3135 -0.3135 -0.3135 -0.3135 -0.3207 -0.3207 -0.3207 -0.3207 -0.3207 -0.3207 -0.3207 -0.3277 -0.0619 -0.0619 0.1052 -0.1341 
fb4 = -0.2961 -0.3070 -0.3070 -0.3070 -0.3070 -0.3070 -0.3070 -0.3070 -0.3134 -0.3134 -0.3134 -0.3134 -0.3134 -0.3134 -0.3134 -0.3206 -0.3206 -0.3206 -0.3206 -0.3206 -0.3206 -0.3206 -0.3276 -0.0615 -0.0615 0.1065 -0.1340 
I = 14.9000 9.4000 9.4000 9.4000 9.4000 9.4000 9.4000 9.4000 6.0000 6.0000 6.0000 6.0000 6.0000 6.0000 6.0000 2.0000 2.0000 2.0000 2.0000 2.0000 2.0000 2.0000 -2.0000 24.0000 24.0000 10.0000 -9.6182 
S1 = 0.0000 0.0000 0.0000 0.0000 0.0000 0.0000 0.0000 0.0000 0.0000 0.0000 0.0000 0.0000 0.0000 0.0000 0.0000 0.0000 0.0000 0.0000 0.0000 0.0000 0.0000 0.0000 0.0000 0.0000 0.0000 0.0000 0.0000 
S2 = 0.0000 0.0000 0.0000 0.0000 0.0000 0.0000 0.0000 0.0000 0.0000 0.0000 0.0000 0.0000 0.0000 0.0000 0.0000 0.0000 0.0000 0.0000 0.0000 0.0000 0.0000 0.0000 0.0000 0.0000 0.0000 0.0000 1.3818 
u = 9.7102 9.7045 9.7045 9.7045 9.7045 9.7045 9.7045 9.7045 9.7010 9.7010 9.7010 9.7010 9.7010 9.7010 9.7010 9.6970 9.6970 9.6970 9.6970 9.6970 9.6970 9.6970 9.6931 9.9075 9.9075 10.2053 9.8701 
v = 23.0694 20.2999 20.2999 20.2999 20.2999 20.2999 20.2999 20.2999 18.6677 18.6677 18.6677 18.6677 18.6677 18.6677 18.6677 16.8187 16.8187 16.8187 16.8187 16.8187 16.8187 16.8187 15.0409 34.1667 34.1667 77.6575 15.8530 
