ExternalI = 5.5000 0.0000 0.0000 0.0000 0.0000 0.0000 0.0000 0.0000 4.0000 4.0000 4.0000 4.0000 4.0000 4.0000 4.0000 0.0000 0.0000 0.0000 0.0000 0.0000 0.0000 0.0000 0.0000 8.0000 8.0000 0.0000 0.0000 
before u = 7.9126 7.7174 7.7174 7.7174 7.7174 7.7174 7.7174 7.7174 7.6345 7.6345 7.6345 7.6345 7.6345 7.6345 7.6345 7.5522 7.5522 7.5522 7.5522 7.5522 7.5522 7.5522 7.4802 11.4766 11.4766 12.0282 9.0847 
before v = 35.8617 26.5389 26.5389 26.5389 26.5389 26.5389 26.5389 26.5389 23.2905 23.2905 23.2905 23.2905 23.2905 23.2905 23.2905 20.2040 20.2040 20.2040 20.2040 20.2040 20.2040 20.2040 17.5770 59.8562 59.8562 109.0885 29.3458 
Ibias = 9.4000 9.4000 9.4000 9.4000 9.4000 9.4000 9.4000 9.4000 2.0000 2.0000 2.0000 2.0000 2.0000 2.0000 2.0000 2.0000 2.0000 2.0000 2.0000 2.0000 2.0000 2.0000 -2.0000 16.0000 16.0000 10.0000 -11.0000 
fa1 = 0.8447 0.2384 0.2384 0.2384 0.2384 0.2384 0.2384 0.2384 0.1918 0.1918 0.1918 0.1918 0.1918 0.1918 0.1918 0.1639 0.1639 0.1639 0.1639 0.1639 0.1639 0.1639 0.1468 38.8185 38.8185 206.7181 1.3427 
fa2 = 0.8450 0.2384 0.2384 0.2384 0.2384 0.2384 0.2384 0.2384 0.1918 0.1918 0.1918 0.1918 0.1918 0.1918 0.1918 0.1638 0.1638 0.1638 0.1638 0.1638 0.1638 0.1638 0.1468 39.1671 39.1671 212.6793 1.3387 
fa3 = 0.8450 0.2384 0.2384 0.2384 0.2384 0.2384 0.2384 0.2384 0.1918 0.1918 0.1918 0.1918 0.1918 0.1918 0.1918 0.1638 0.1638 0.1638 0.1638 0.1638 0.1638 0.1638 0.1468 39.1702 39.1702 212.8525 1.3387 
fa4 = 0.8453 0.2384 0.2384 0.2384 0.2384 0.2384 0.2384 0.2384 0.1918 0.1918 0.1918 0.1918 0.1918 0.1918 0.1918 0.1638 0.1638 0.1638 0.1638 0.1638 0.1638 0.1638 0.1468 39.5251 39.5251 219.0876 1.3347 
fb1 = -0.1731 -0.2025 -0.2025 -0.2025 -0.2025 -0.2025 -0.2025 -0.2025 -0.2122 -0.2122 -0.2122 -0.2122 -0.2122 -0.2122 -0.2122 -0.2213 -0.2213 -0.2213 -0.2213 -0.2213 -0.2213 -0.2213 -0.2289 0.0099 0.0099 0.1958 -0.0643 
fb2 = -0.1730 -0.2025 -0.2025 -0.2025 -0.2025 -0.2025 -0.2025 -0.2025 -0.2122 -0.2122 -0.2122 -0.2122 -0.2122 -0.2122 -0.2122 -0.2212 -0.2212 -0.2212 -0.2212 -0.2212 -0.2212 -0.2212 -0.2289 0.0107 0.0107 0.1999 -0.0643 
fb3 = -0.1730 -0.2025 -0.2025 -0.2025 -0.2025 -0.2025 -0.2025 -0.2025 -0.2122 -0.2122 -0.2122 -0.2122 -0.2122 -0.2122 -0.2122 -0.2212 -0.2212 -0.2212 -0.2212 -0.2212 -0.2212 -0.2212 -0.2289 0.0107 0.0107 0.2000 -0.0643 
fb4 = -0.1730 -0.2024 -0.2024 -0.2024 -0.2024 -0.2024 -0.2024 -0.2024 -0.2121 -0.2121 -0.2121 -0.2121 -0.2121 -0.2121 -0.2121 -0.2212 -0.2212 -0.2212 -0.2212 -0.2212 -0.2212 -0.2212 -0.2288 0.0115 0.0115 0.2043 -0.0642 
I = 14.9000 9.4000 9.4000 9.4000 9.4000 9.4000 9.4000 9.4000 6.0000 6.0000 6.0000 6.0000 6.0000 6.0000 6.0000 2.0000 2.0000 2.0000 2.0000 2.0000 2.0000 2.0000 -2.0000 26.5530 26.5530 10.0000 4.0178 
S1 = 0.0000 0.0000 0.0000 0.0000 0.0000 0.0000 0.0000 0.0000 0.0000 0.0000 0.0000 0.0000 0.0000 0.0000 0.0000 0.0000 0.0000 0.0000 0.0000 0.0000 0.0000 0.0000 0.0000 0.0000 0.0000 0.0000 0.0000 
S2 = 0.0000 0.0000 0.0000 0.0000 0.0000 0.0000 0.0000 0.0000 0.0000 0.0000 0.0000 0.0000 0.0000 0.0000 0.0000 0.0000 0.0000 0.0000 0.0000 0.0000 0.0000 0.0000 0.0000 2.5530 2.5530 0.0000 15.0178 
u = 7.9109 7.7154 7.7154 7.7154 7.7154 7.7154 7.7154 7.7154 7.6324 7.6324 7.6324 7.6324 7.6324 7.6324 7.6324 7.5500 7.5500 7.5500 7.5500 7.5500 7.5500 7.5500 7.4780 11.4767 11.4767 12.0302 9.0841 
v = 35.8701 26.5413 26.5413 26.5413 26.5413 26.5413 26.5413 26.5413 23.2924 23.2924 23.2924 23.2924 23.2924 23.2924 23.2924 20.2056 20.2056 20.2056 20.2056 20.2056 20.2056 20.2056 17.5784 60.2479 60.2479 111.2166 29.3592 
