ExternalI = 5.5000 0.0000 0.0000 0.0000 0.0000 0.0000 0.0000 0.0000 4.0000 4.0000 4.0000 4.0000 4.0000 4.0000 4.0000 0.0000 0.0000 0.0000 0.0000 0.0000 0.0000 0.0000 0.0000 8.0000 8.0000 0.0000 0.0000 
before u = 7.9109 7.7154 7.7154 7.7154 7.7154 7.7154 7.7154 7.7154 7.6324 7.6324 7.6324 7.6324 7.6324 7.6324 7.6324 7.5500 7.5500 7.5500 7.5500 7.5500 7.5500 7.5500 7.4780 11.4767 11.4767 12.0302 9.0841 
before v = 35.8701 26.5413 26.5413 26.5413 26.5413 26.5413 26.5413 26.5413 23.2924 23.2924 23.2924 23.2924 23.2924 23.2924 23.2924 20.2056 20.2056 20.2056 20.2056 20.2056 20.2056 20.2056 17.5784 60.2479 60.2479 111.2166 29.3592 
Ibias = 9.4000 9.4000 9.4000 9.4000 9.4000 9.4000 9.4000 9.4000 2.0000 2.0000 2.0000 2.0000 2.0000 2.0000 2.0000 2.0000 2.0000 2.0000 2.0000 2.0000 2.0000 2.0000 -2.0000 16.0000 16.0000 10.0000 -11.0000 
fa1 = 0.8453 0.2384 0.2384 0.2384 0.2384 0.2384 0.2384 0.2384 0.1918 0.1918 0.1918 0.1918 0.1918 0.1918 0.1918 0.1638 0.1638 0.1638 0.1638 0.1638 0.1638 0.1638 0.1468 39.5200 39.5200 219.0852 1.3046 
fa2 = 0.8457 0.2383 0.2383 0.2383 0.2383 0.2383 0.2383 0.2383 0.1918 0.1918 0.1918 0.1918 0.1918 0.1918 0.1918 0.1638 0.1638 0.1638 0.1638 0.1638 0.1638 0.1638 0.1468 39.8811 39.8811 225.5922 1.3007 
fa3 = 0.8457 0.2383 0.2383 0.2383 0.2383 0.2383 0.2383 0.2383 0.1918 0.1918 0.1918 0.1918 0.1918 0.1918 0.1918 0.1638 0.1638 0.1638 0.1638 0.1638 0.1638 0.1638 0.1468 39.8844 39.8844 225.7870 1.3007 
fa4 = 0.8460 0.2383 0.2383 0.2383 0.2383 0.2383 0.2383 0.2383 0.1917 0.1917 0.1917 0.1917 0.1917 0.1917 0.1917 0.1637 0.1637 0.1637 0.1637 0.1637 0.1637 0.1637 0.1467 40.2520 40.2520 232.6024 1.2968 
fb1 = -0.1730 -0.2024 -0.2024 -0.2024 -0.2024 -0.2024 -0.2024 -0.2024 -0.2121 -0.2121 -0.2121 -0.2121 -0.2121 -0.2121 -0.2121 -0.2212 -0.2212 -0.2212 -0.2212 -0.2212 -0.2212 -0.2212 -0.2288 0.0115 0.0115 0.2043 -0.0642 
fb2 = -0.1729 -0.2024 -0.2024 -0.2024 -0.2024 -0.2024 -0.2024 -0.2024 -0.2121 -0.2121 -0.2121 -0.2121 -0.2121 -0.2121 -0.2121 -0.2211 -0.2211 -0.2211 -0.2211 -0.2211 -0.2211 -0.2211 -0.2288 0.0122 0.0122 0.2086 -0.0642 
fb3 = -0.1729 -0.2024 -0.2024 -0.2024 -0.2024 -0.2024 -0.2024 -0.2024 -0.2121 -0.2121 -0.2121 -0.2121 -0.2121 -0.2121 -0.2121 -0.2211 -0.2211 -0.2211 -0.2211 -0.2211 -0.2211 -0.2211 -0.2288 0.0123 0.0123 0.2088 -0.0642 
fb4 = -0.1729 -0.2024 -0.2024 -0.2024 -0.2024 -0.2024 -0.2024 -0.2024 -0.2120 -0.2120 -0.2120 -0.2120 -0.2120 -0.2120 -0.2120 -0.2211 -0.2211 -0.2211 -0.2211 -0.2211 -0.2211 -0.2211 -0.2287 0.0131 0.0131 0.2133 -0.0642 
I = 14.9000 9.4000 9.4000 9.4000 9.4000 9.4000 9.4000 9.4000 6.0000 6.0000 6.0000 6.0000 6.0000 6.0000 6.0000 2.0000 2.0000 2.0000 2.0000 2.0000 2.0000 2.0000 -2.0000 26.5479 26.5479 10.0000 3.9878 
S1 = 0.0000 0.0000 0.0000 0.0000 0.0000 0.0000 0.0000 0.0000 0.0000 0.0000 0.0000 0.0000 0.0000 0.0000 0.0000 0.0000 0.0000 0.0000 0.0000 0.0000 0.0000 0.0000 0.0000 0.0000 0.0000 0.0000 0.0000 
S2 = 0.0000 0.0000 0.0000 0.0000 0.0000 0.0000 0.0000 0.0000 0.0000 0.0000 0.0000 0.0000 0.0000 0.0000 0.0000 0.0000 0.0000 0.0000 0.0000 0.0000 0.0000 0.0000 0.0000 2.5479 2.5479 0.0000 14.9878 
u = 7.9092 7.7133 7.7133 7.7133 7.7133 7.7133 7.7133 7.7133 7.6303 7.6303 7.6303 7.6303 7.6303 7.6303 7.6303 7.5478 7.5478 7.5478 7.5478 7.5478 7.5478 7.5478 7.4757 11.4768 11.4768 12.0323 9.0835 
v = 35.8786 26.5437 26.5437 26.5437 26.5437 26.5437 26.5437 26.5437 23.2944 23.2944 23.2944 23.2944 23.2944 23.2944 23.2944 20.2073 20.2073 20.2073 20.2073 20.2073 20.2073 20.2073 17.5799 60.6468 60.6468 113.4740 29.3722 
