ExternalI = 5.5000 0.0000 0.0000 0.0000 0.0000 0.0000 0.0000 0.0000 4.0000 4.0000 4.0000 4.0000 4.0000 4.0000 4.0000 0.0000 0.0000 0.0000 0.0000 0.0000 0.0000 0.0000 0.0000 8.0000 8.0000 0.0000 0.0000 
before u = 7.9092 7.7133 7.7133 7.7133 7.7133 7.7133 7.7133 7.7133 7.6303 7.6303 7.6303 7.6303 7.6303 7.6303 7.6303 7.5478 7.5478 7.5478 7.5478 7.5478 7.5478 7.5478 7.4757 11.4768 11.4768 12.0323 9.0835 
before v = 35.8786 26.5437 26.5437 26.5437 26.5437 26.5437 26.5437 26.5437 23.2944 23.2944 23.2944 23.2944 23.2944 23.2944 23.2944 20.2073 20.2073 20.2073 20.2073 20.2073 20.2073 20.2073 17.5799 60.6468 60.6468 113.4740 29.3722 
Ibias = 9.4000 9.4000 9.4000 9.4000 9.4000 9.4000 9.4000 9.4000 2.0000 2.0000 2.0000 2.0000 2.0000 2.0000 2.0000 2.0000 2.0000 2.0000 2.0000 2.0000 2.0000 2.0000 -2.0000 16.0000 16.0000 10.0000 -11.0000 
fa1 = 0.8460 0.2383 0.2383 0.2383 0.2383 0.2383 0.2383 0.2383 0.1917 0.1917 0.1917 0.1917 0.1917 0.1917 0.1917 0.1637 0.1637 0.1637 0.1637 0.1637 0.1637 0.1637 0.1467 40.2469 40.2469 232.5996 1.2668 
fa2 = 0.8463 0.2383 0.2383 0.2383 0.2383 0.2383 0.2383 0.2383 0.1917 0.1917 0.1917 0.1917 0.1917 0.1917 0.1917 0.1637 0.1637 0.1637 0.1637 0.1637 0.1637 0.1637 0.1467 40.6211 40.6211 239.7212 1.2630 
fa3 = 0.8463 0.2383 0.2383 0.2383 0.2383 0.2383 0.2383 0.2383 0.1917 0.1917 0.1917 0.1917 0.1917 0.1917 0.1917 0.1637 0.1637 0.1637 0.1637 0.1637 0.1637 0.1637 0.1467 40.6246 40.6246 239.9410 1.2630 
fa4 = 0.8466 0.2382 0.2382 0.2382 0.2382 0.2382 0.2382 0.2382 0.1917 0.1917 0.1917 0.1917 0.1917 0.1917 0.1917 0.1637 0.1637 0.1637 0.1637 0.1637 0.1637 0.1637 0.1467 41.0057 41.0057 247.4111 1.2593 
fb1 = -0.1729 -0.2024 -0.2024 -0.2024 -0.2024 -0.2024 -0.2024 -0.2024 -0.2120 -0.2120 -0.2120 -0.2120 -0.2120 -0.2120 -0.2120 -0.2211 -0.2211 -0.2211 -0.2211 -0.2211 -0.2211 -0.2211 -0.2287 0.0131 0.0131 0.2132 -0.0642 
fb2 = -0.1728 -0.2023 -0.2023 -0.2023 -0.2023 -0.2023 -0.2023 -0.2023 -0.2120 -0.2120 -0.2120 -0.2120 -0.2120 -0.2120 -0.2120 -0.2210 -0.2210 -0.2210 -0.2210 -0.2210 -0.2210 -0.2210 -0.2287 0.0139 0.0139 0.2179 -0.0641 
fb3 = -0.1728 -0.2023 -0.2023 -0.2023 -0.2023 -0.2023 -0.2023 -0.2023 -0.2120 -0.2120 -0.2120 -0.2120 -0.2120 -0.2120 -0.2120 -0.2210 -0.2210 -0.2210 -0.2210 -0.2210 -0.2210 -0.2210 -0.2287 0.0139 0.0139 0.2180 -0.0641 
fb4 = -0.1728 -0.2023 -0.2023 -0.2023 -0.2023 -0.2023 -0.2023 -0.2023 -0.2119 -0.2119 -0.2119 -0.2119 -0.2119 -0.2119 -0.2119 -0.2210 -0.2210 -0.2210 -0.2210 -0.2210 -0.2210 -0.2210 -0.2286 0.0147 0.0147 0.2228 -0.0641 
I = 14.9000 9.4000 9.4000 9.4000 9.4000 9.4000 9.4000 9.4000 6.0000 6.0000 6.0000 6.0000 6.0000 6.0000 6.0000 2.0000 2.0000 2.0000 2.0000 2.0000 2.0000 2.0000 -2.0000 26.5428 26.5428 10.0000 3.9578 
S1 = 0.0000 0.0000 0.0000 0.0000 0.0000 0.0000 0.0000 0.0000 0.0000 0.0000 0.0000 0.0000 0.0000 0.0000 0.0000 0.0000 0.0000 0.0000 0.0000 0.0000 0.0000 0.0000 0.0000 0.0000 0.0000 0.0000 0.0000 
S2 = 0.0000 0.0000 0.0000 0.0000 0.0000 0.0000 0.0000 0.0000 0.0000 0.0000 0.0000 0.0000 0.0000 0.0000 0.0000 0.0000 0.0000 0.0000 0.0000 0.0000 0.0000 0.0000 0.0000 2.5428 2.5428 0.0000 14.9578 
u = 7.9075 7.7113 7.7113 7.7113 7.7113 7.7113 7.7113 7.7113 7.6282 7.6282 7.6282 7.6282 7.6282 7.6282 7.6282 7.5456 7.5456 7.5456 7.5456 7.5456 7.5456 7.5456 7.4734 11.4769 11.4769 12.0345 9.0828 
v = 35.8871 26.5461 26.5461 26.5461 26.5461 26.5461 26.5461 26.5461 23.2963 23.2963 23.2963 23.2963 23.2963 23.2963 23.2963 20.2089 20.2089 20.2089 20.2089 20.2089 20.2089 20.2089 17.5814 61.0530 61.0530 115.8729 29.3848 
