ExternalI = 5.5000 0.0000 0.0000 0.0000 0.0000 0.0000 0.0000 0.0000 4.0000 4.0000 4.0000 4.0000 4.0000 4.0000 4.0000 0.0000 0.0000 0.0000 0.0000 0.0000 0.0000 0.0000 0.0000 8.0000 8.0000 0.0000 0.0000 
before u = 7.9075 7.7113 7.7113 7.7113 7.7113 7.7113 7.7113 7.7113 7.6282 7.6282 7.6282 7.6282 7.6282 7.6282 7.6282 7.5456 7.5456 7.5456 7.5456 7.5456 7.5456 7.5456 7.4734 11.4769 11.4769 12.0345 9.0828 
before v = 35.8871 26.5461 26.5461 26.5461 26.5461 26.5461 26.5461 26.5461 23.2963 23.2963 23.2963 23.2963 23.2963 23.2963 23.2963 20.2089 20.2089 20.2089 20.2089 20.2089 20.2089 20.2089 17.5814 61.0530 61.0530 115.8729 29.3848 
Ibias = 9.4000 9.4000 9.4000 9.4000 9.4000 9.4000 9.4000 9.4000 2.0000 2.0000 2.0000 2.0000 2.0000 2.0000 2.0000 2.0000 2.0000 2.0000 2.0000 2.0000 2.0000 2.0000 -2.0000 16.0000 16.0000 10.0000 -11.0000 
fa1 = 0.8466 0.2382 0.2382 0.2382 0.2382 0.2382 0.2382 0.2382 0.1917 0.1917 0.1917 0.1917 0.1917 0.1917 0.1917 0.1637 0.1637 0.1637 0.1637 0.1637 0.1637 0.1637 0.1467 41.0006 41.0006 247.4079 1.2293 
fa2 = 0.8469 0.2382 0.2382 0.2382 0.2382 0.2382 0.2382 0.2382 0.1916 0.1916 0.1916 0.1916 0.1916 0.1916 0.1916 0.1637 0.1637 0.1637 0.1637 0.1637 0.1637 0.1637 0.1467 41.3884 41.3884 255.2240 1.2257 
fa3 = 0.8469 0.2382 0.2382 0.2382 0.2382 0.2382 0.2382 0.2382 0.1916 0.1916 0.1916 0.1916 0.1916 0.1916 0.1916 0.1637 0.1637 0.1637 0.1637 0.1637 0.1637 0.1637 0.1467 41.3921 41.3921 255.4729 1.2257 
fa4 = 0.8472 0.2382 0.2382 0.2382 0.2382 0.2382 0.2382 0.2382 0.1916 0.1916 0.1916 0.1916 0.1916 0.1916 0.1916 0.1636 0.1636 0.1636 0.1636 0.1636 0.1636 0.1636 0.1466 41.7872 41.7872 263.6844 1.2220 
fb1 = -0.1728 -0.2023 -0.2023 -0.2023 -0.2023 -0.2023 -0.2023 -0.2023 -0.2119 -0.2119 -0.2119 -0.2119 -0.2119 -0.2119 -0.2119 -0.2210 -0.2210 -0.2210 -0.2210 -0.2210 -0.2210 -0.2210 -0.2286 0.0147 0.0147 0.2228 -0.0641 
fb2 = -0.1727 -0.2022 -0.2022 -0.2022 -0.2022 -0.2022 -0.2022 -0.2022 -0.2119 -0.2119 -0.2119 -0.2119 -0.2119 -0.2119 -0.2119 -0.2209 -0.2209 -0.2209 -0.2209 -0.2209 -0.2209 -0.2209 -0.2286 0.0155 0.0155 0.2277 -0.0641 
fb3 = -0.1727 -0.2022 -0.2022 -0.2022 -0.2022 -0.2022 -0.2022 -0.2022 -0.2119 -0.2119 -0.2119 -0.2119 -0.2119 -0.2119 -0.2119 -0.2209 -0.2209 -0.2209 -0.2209 -0.2209 -0.2209 -0.2209 -0.2286 0.0155 0.0155 0.2279 -0.0641 
fb4 = -0.1726 -0.2022 -0.2022 -0.2022 -0.2022 -0.2022 -0.2022 -0.2022 -0.2118 -0.2118 -0.2118 -0.2118 -0.2118 -0.2118 -0.2118 -0.2209 -0.2209 -0.2209 -0.2209 -0.2209 -0.2209 -0.2209 -0.2285 0.0163 0.0163 0.2330 -0.0641 
I = 14.9000 9.4000 9.4000 9.4000 9.4000 9.4000 9.4000 9.4000 6.0000 6.0000 6.0000 6.0000 6.0000 6.0000 6.0000 2.0000 2.0000 2.0000 2.0000 2.0000 2.0000 2.0000 -2.0000 26.5378 26.5378 10.0000 3.9279 
S1 = 0.0000 0.0000 0.0000 0.0000 0.0000 0.0000 0.0000 0.0000 0.0000 0.0000 0.0000 0.0000 0.0000 0.0000 0.0000 0.0000 0.0000 0.0000 0.0000 0.0000 0.0000 0.0000 0.0000 0.0000 0.0000 0.0000 0.0000 
S2 = 0.0000 0.0000 0.0000 0.0000 0.0000 0.0000 0.0000 0.0000 0.0000 0.0000 0.0000 0.0000 0.0000 0.0000 0.0000 0.0000 0.0000 0.0000 0.0000 0.0000 0.0000 0.0000 0.0000 2.5378 2.5378 0.0000 14.9279 
u = 7.9057 7.7093 7.7093 7.7093 7.7093 7.7093 7.7093 7.7093 7.6260 7.6260 7.6260 7.6260 7.6260 7.6260 7.6260 7.5434 7.5434 7.5434 7.5434 7.5434 7.5434 7.5434 7.4711 11.4771 11.4771 12.0368 9.0822 
v = 35.8955 26.5484 26.5484 26.5484 26.5484 26.5484 26.5484 26.5484 23.2982 23.2982 23.2982 23.2982 23.2982 23.2982 23.2982 20.2106 20.2106 20.2106 20.2106 20.2106 20.2106 20.2106 17.5828 61.4669 61.4669 118.4270 29.3971 
