ExternalI = 5.5000 0.0000 0.0000 0.0000 0.0000 0.0000 0.0000 0.0000 4.0000 4.0000 4.0000 4.0000 4.0000 4.0000 4.0000 0.0000 0.0000 0.0000 0.0000 0.0000 0.0000 0.0000 0.0000 8.0000 8.0000 0.0000 0.0000 
before u = 7.9057 7.7093 7.7093 7.7093 7.7093 7.7093 7.7093 7.7093 7.6260 7.6260 7.6260 7.6260 7.6260 7.6260 7.6260 7.5434 7.5434 7.5434 7.5434 7.5434 7.5434 7.5434 7.4711 11.4771 11.4771 12.0368 9.0822 
before v = 35.8955 26.5484 26.5484 26.5484 26.5484 26.5484 26.5484 26.5484 23.2982 23.2982 23.2982 23.2982 23.2982 23.2982 23.2982 20.2106 20.2106 20.2106 20.2106 20.2106 20.2106 20.2106 17.5828 61.4669 61.4669 118.4270 29.3971 
Ibias = 9.4000 9.4000 9.4000 9.4000 9.4000 9.4000 9.4000 9.4000 2.0000 2.0000 2.0000 2.0000 2.0000 2.0000 2.0000 2.0000 2.0000 2.0000 2.0000 2.0000 2.0000 2.0000 -2.0000 16.0000 16.0000 10.0000 -11.0000 
fa1 = 0.8472 0.2382 0.2382 0.2382 0.2382 0.2382 0.2382 0.2382 0.1916 0.1916 0.1916 0.1916 0.1916 0.1916 0.1916 0.1636 0.1636 0.1636 0.1636 0.1636 0.1636 0.1636 0.1466 41.7821 41.7821 263.6806 1.1922 
fa2 = 0.8476 0.2381 0.2381 0.2381 0.2381 0.2381 0.2381 0.2381 0.1916 0.1916 0.1916 0.1916 0.1916 0.1916 0.1916 0.1636 0.1636 0.1636 0.1636 0.1636 0.1636 0.1636 0.1466 42.1843 42.1843 272.2845 1.1886 
fa3 = 0.8476 0.2381 0.2381 0.2381 0.2381 0.2381 0.2381 0.2381 0.1916 0.1916 0.1916 0.1916 0.1916 0.1916 0.1916 0.1636 0.1636 0.1636 0.1636 0.1636 0.1636 0.1636 0.1466 42.1882 42.1882 272.5676 1.1886 
fa4 = 0.8479 0.2381 0.2381 0.2381 0.2381 0.2381 0.2381 0.2381 0.1916 0.1916 0.1916 0.1916 0.1916 0.1916 0.1916 0.1636 0.1636 0.1636 0.1636 0.1636 0.1636 0.1636 0.1466 42.5979 42.5979 281.6218 1.1851 
fb1 = -0.1726 -0.2022 -0.2022 -0.2022 -0.2022 -0.2022 -0.2022 -0.2022 -0.2118 -0.2118 -0.2118 -0.2118 -0.2118 -0.2118 -0.2118 -0.2209 -0.2209 -0.2209 -0.2209 -0.2209 -0.2209 -0.2209 -0.2285 0.0163 0.0163 0.2330 -0.0641 
fb2 = -0.1726 -0.2021 -0.2021 -0.2021 -0.2021 -0.2021 -0.2021 -0.2021 -0.2118 -0.2118 -0.2118 -0.2118 -0.2118 -0.2118 -0.2118 -0.2208 -0.2208 -0.2208 -0.2208 -0.2208 -0.2208 -0.2208 -0.2285 0.0172 0.0172 0.2382 -0.0640 
fb3 = -0.1726 -0.2021 -0.2021 -0.2021 -0.2021 -0.2021 -0.2021 -0.2021 -0.2118 -0.2118 -0.2118 -0.2118 -0.2118 -0.2118 -0.2118 -0.2208 -0.2208 -0.2208 -0.2208 -0.2208 -0.2208 -0.2208 -0.2285 0.0172 0.0172 0.2384 -0.0640 
fb4 = -0.1725 -0.2021 -0.2021 -0.2021 -0.2021 -0.2021 -0.2021 -0.2021 -0.2118 -0.2118 -0.2118 -0.2118 -0.2118 -0.2118 -0.2118 -0.2208 -0.2208 -0.2208 -0.2208 -0.2208 -0.2208 -0.2208 -0.2284 0.0180 0.0180 0.2438 -0.0640 
I = 14.9000 9.4000 9.4000 9.4000 9.4000 9.4000 9.4000 9.4000 6.0000 6.0000 6.0000 6.0000 6.0000 6.0000 6.0000 2.0000 2.0000 2.0000 2.0000 2.0000 2.0000 2.0000 -2.0000 26.5327 26.5327 10.0000 3.8981 
S1 = 0.0000 0.0000 0.0000 0.0000 0.0000 0.0000 0.0000 0.0000 0.0000 0.0000 0.0000 0.0000 0.0000 0.0000 0.0000 0.0000 0.0000 0.0000 0.0000 0.0000 0.0000 0.0000 0.0000 0.0000 0.0000 0.0000 0.0000 
S2 = 0.0000 0.0000 0.0000 0.0000 0.0000 0.0000 0.0000 0.0000 0.0000 0.0000 0.0000 0.0000 0.0000 0.0000 0.0000 0.0000 0.0000 0.0000 0.0000 0.0000 0.0000 0.0000 0.0000 2.5327 2.5327 0.0000 14.8981 
u = 7.9040 7.7073 7.7073 7.7073 7.7073 7.7073 7.7073 7.7073 7.6239 7.6239 7.6239 7.6239 7.6239 7.6239 7.6239 7.5411 7.5411 7.5411 7.5411 7.5411 7.5411 7.5411 7.4688 11.4773 11.4773 12.0392 9.0815 
v = 35.9040 26.5508 26.5508 26.5508 26.5508 26.5508 26.5508 26.5508 23.3001 23.3001 23.3001 23.3001 23.3001 23.3001 23.3001 20.2122 20.2122 20.2122 20.2122 20.2122 20.2122 20.2122 17.5843 61.8888 61.8888 121.1520 29.4090 
