ExternalI = 5.5000 0.0000 0.0000 0.0000 0.0000 0.0000 0.0000 0.0000 4.0000 4.0000 4.0000 4.0000 4.0000 4.0000 4.0000 0.0000 0.0000 0.0000 0.0000 0.0000 0.0000 0.0000 0.0000 8.0000 8.0000 0.0000 0.0000 
before u = 7.9040 7.7073 7.7073 7.7073 7.7073 7.7073 7.7073 7.7073 7.6239 7.6239 7.6239 7.6239 7.6239 7.6239 7.6239 7.5411 7.5411 7.5411 7.5411 7.5411 7.5411 7.5411 7.4688 11.4773 11.4773 12.0392 9.0815 
before v = 35.9040 26.5508 26.5508 26.5508 26.5508 26.5508 26.5508 26.5508 23.3001 23.3001 23.3001 23.3001 23.3001 23.3001 23.3001 20.2122 20.2122 20.2122 20.2122 20.2122 20.2122 20.2122 17.5843 61.8888 61.8888 121.1520 29.4090 
Ibias = 9.4000 9.4000 9.4000 9.4000 9.4000 9.4000 9.4000 9.4000 2.0000 2.0000 2.0000 2.0000 2.0000 2.0000 2.0000 2.0000 2.0000 2.0000 2.0000 2.0000 2.0000 2.0000 -2.0000 16.0000 16.0000 10.0000 -11.0000 
fa1 = 0.8479 0.2381 0.2381 0.2381 0.2381 0.2381 0.2381 0.2381 0.1916 0.1916 0.1916 0.1916 0.1916 0.1916 0.1916 0.1636 0.1636 0.1636 0.1636 0.1636 0.1636 0.1636 0.1466 42.5929 42.5929 281.6174 1.1553 
fa2 = 0.8482 0.2381 0.2381 0.2381 0.2381 0.2381 0.2381 0.2381 0.1915 0.1915 0.1915 0.1915 0.1915 0.1915 0.1915 0.1636 0.1636 0.1636 0.1636 0.1636 0.1636 0.1636 0.1466 43.0101 43.0101 291.1186 1.1519 
fa3 = 0.8482 0.2381 0.2381 0.2381 0.2381 0.2381 0.2381 0.2381 0.1915 0.1915 0.1915 0.1915 0.1915 0.1915 0.1915 0.1636 0.1636 0.1636 0.1636 0.1636 0.1636 0.1636 0.1466 43.0142 43.0142 291.4420 1.1519 
fa4 = 0.8485 0.2380 0.2380 0.2380 0.2380 0.2380 0.2380 0.2380 0.1915 0.1915 0.1915 0.1915 0.1915 0.1915 0.1915 0.1635 0.1635 0.1635 0.1635 0.1635 0.1635 0.1635 0.1465 43.4393 43.4393 301.4584 1.1485 
fb1 = -0.1725 -0.2021 -0.2021 -0.2021 -0.2021 -0.2021 -0.2021 -0.2021 -0.2118 -0.2118 -0.2118 -0.2118 -0.2118 -0.2118 -0.2118 -0.2208 -0.2208 -0.2208 -0.2208 -0.2208 -0.2208 -0.2208 -0.2284 0.0180 0.0180 0.2438 -0.0640 
fb2 = -0.1725 -0.2020 -0.2020 -0.2020 -0.2020 -0.2020 -0.2020 -0.2020 -0.2117 -0.2117 -0.2117 -0.2117 -0.2117 -0.2117 -0.2117 -0.2207 -0.2207 -0.2207 -0.2207 -0.2207 -0.2207 -0.2207 -0.2284 0.0189 0.0189 0.2494 -0.0640 
fb3 = -0.1725 -0.2020 -0.2020 -0.2020 -0.2020 -0.2020 -0.2020 -0.2020 -0.2117 -0.2117 -0.2117 -0.2117 -0.2117 -0.2117 -0.2117 -0.2207 -0.2207 -0.2207 -0.2207 -0.2207 -0.2207 -0.2207 -0.2284 0.0189 0.0189 0.2496 -0.0640 
fb4 = -0.1724 -0.2020 -0.2020 -0.2020 -0.2020 -0.2020 -0.2020 -0.2020 -0.2117 -0.2117 -0.2117 -0.2117 -0.2117 -0.2117 -0.2117 -0.2207 -0.2207 -0.2207 -0.2207 -0.2207 -0.2207 -0.2207 -0.2283 0.0197 0.0197 0.2554 -0.0639 
I = 14.9000 9.4000 9.4000 9.4000 9.4000 9.4000 9.4000 9.4000 6.0000 6.0000 6.0000 6.0000 6.0000 6.0000 6.0000 2.0000 2.0000 2.0000 2.0000 2.0000 2.0000 2.0000 -2.0000 26.5276 26.5276 10.0000 3.8683 
S1 = 0.0000 0.0000 0.0000 0.0000 0.0000 0.0000 0.0000 0.0000 0.0000 0.0000 0.0000 0.0000 0.0000 0.0000 0.0000 0.0000 0.0000 0.0000 0.0000 0.0000 0.0000 0.0000 0.0000 0.0000 0.0000 0.0000 0.0000 
S2 = 0.0000 0.0000 0.0000 0.0000 0.0000 0.0000 0.0000 0.0000 0.0000 0.0000 0.0000 0.0000 0.0000 0.0000 0.0000 0.0000 0.0000 0.0000 0.0000 0.0000 0.0000 0.0000 0.0000 2.5276 2.5276 0.0000 14.8683 
u = 7.9023 7.7052 7.7052 7.7052 7.7052 7.7052 7.7052 7.7052 7.6218 7.6218 7.6218 7.6218 7.6218 7.6218 7.6218 7.5389 7.5389 7.5389 7.5389 7.5389 7.5389 7.5389 7.4665 11.4775 11.4775 12.0417 9.0809 
v = 35.9125 26.5532 26.5532 26.5532 26.5532 26.5532 26.5532 26.5532 23.3020 23.3020 23.3020 23.3020 23.3020 23.3020 23.3020 20.2138 20.2138 20.2138 20.2138 20.2138 20.2138 20.2138 17.5858 62.3189 62.3189 124.0657 29.4205 
