ExternalI = 5.5000 0.0000 0.0000 0.0000 0.0000 0.0000 0.0000 0.0000 4.0000 4.0000 4.0000 4.0000 4.0000 4.0000 4.0000 0.0000 0.0000 0.0000 0.0000 0.0000 0.0000 0.0000 0.0000 8.0000 8.0000 0.0000 0.0000 
before u = 7.9023 7.7052 7.7052 7.7052 7.7052 7.7052 7.7052 7.7052 7.6218 7.6218 7.6218 7.6218 7.6218 7.6218 7.6218 7.5389 7.5389 7.5389 7.5389 7.5389 7.5389 7.5389 7.4665 11.4775 11.4775 12.0417 9.0809 
before v = 35.9125 26.5532 26.5532 26.5532 26.5532 26.5532 26.5532 26.5532 23.3020 23.3020 23.3020 23.3020 23.3020 23.3020 23.3020 20.2138 20.2138 20.2138 20.2138 20.2138 20.2138 20.2138 17.5858 62.3189 62.3189 124.0657 29.4205 
Ibias = 9.4000 9.4000 9.4000 9.4000 9.4000 9.4000 9.4000 9.4000 2.0000 2.0000 2.0000 2.0000 2.0000 2.0000 2.0000 2.0000 2.0000 2.0000 2.0000 2.0000 2.0000 2.0000 -2.0000 16.0000 16.0000 10.0000 -11.0000 
fa1 = 0.8485 0.2380 0.2380 0.2380 0.2380 0.2380 0.2380 0.2380 0.1915 0.1915 0.1915 0.1915 0.1915 0.1915 0.1915 0.1635 0.1635 0.1635 0.1635 0.1635 0.1635 0.1635 0.1465 43.4342 43.4342 301.4532 1.1188 
fa2 = 0.8489 0.2380 0.2380 0.2380 0.2380 0.2380 0.2380 0.2380 0.1915 0.1915 0.1915 0.1915 0.1915 0.1915 0.1915 0.1635 0.1635 0.1635 0.1635 0.1635 0.1635 0.1635 0.1465 43.8672 43.8672 311.9810 1.1155 
fa3 = 0.8489 0.2380 0.2380 0.2380 0.2380 0.2380 0.2380 0.2380 0.1915 0.1915 0.1915 0.1915 0.1915 0.1915 0.1915 0.1635 0.1635 0.1635 0.1635 0.1635 0.1635 0.1635 0.1465 43.8716 43.8716 312.3519 1.1155 
fa4 = 0.8492 0.2380 0.2380 0.2380 0.2380 0.2380 0.2380 0.2380 0.1914 0.1914 0.1914 0.1914 0.1914 0.1914 0.1914 0.1635 0.1635 0.1635 0.1635 0.1635 0.1635 0.1635 0.1465 44.3128 44.3128 323.4720 1.1122 
fb1 = -0.1724 -0.2020 -0.2020 -0.2020 -0.2020 -0.2020 -0.2020 -0.2020 -0.2117 -0.2117 -0.2117 -0.2117 -0.2117 -0.2117 -0.2117 -0.2207 -0.2207 -0.2207 -0.2207 -0.2207 -0.2207 -0.2207 -0.2283 0.0197 0.0197 0.2554 -0.0639 
fb2 = -0.1724 -0.2020 -0.2020 -0.2020 -0.2020 -0.2020 -0.2020 -0.2020 -0.2116 -0.2116 -0.2116 -0.2116 -0.2116 -0.2116 -0.2116 -0.2207 -0.2207 -0.2207 -0.2207 -0.2207 -0.2207 -0.2207 -0.2283 0.0206 0.0206 0.2614 -0.0639 
fb3 = -0.1724 -0.2020 -0.2020 -0.2020 -0.2020 -0.2020 -0.2020 -0.2020 -0.2116 -0.2116 -0.2116 -0.2116 -0.2116 -0.2116 -0.2116 -0.2207 -0.2207 -0.2207 -0.2207 -0.2207 -0.2207 -0.2207 -0.2283 0.0206 0.0206 0.2616 -0.0639 
fb4 = -0.1723 -0.2019 -0.2019 -0.2019 -0.2019 -0.2019 -0.2019 -0.2019 -0.2116 -0.2116 -0.2116 -0.2116 -0.2116 -0.2116 -0.2116 -0.2206 -0.2206 -0.2206 -0.2206 -0.2206 -0.2206 -0.2206 -0.2282 0.0215 0.0215 0.2679 -0.0639 
I = 14.9000 9.4000 9.4000 9.4000 9.4000 9.4000 9.4000 9.4000 6.0000 6.0000 6.0000 6.0000 6.0000 6.0000 6.0000 2.0000 2.0000 2.0000 2.0000 2.0000 2.0000 2.0000 -2.0000 26.5226 26.5226 10.0000 3.8385 
S1 = 0.0000 0.0000 0.0000 0.0000 0.0000 0.0000 0.0000 0.0000 0.0000 0.0000 0.0000 0.0000 0.0000 0.0000 0.0000 0.0000 0.0000 0.0000 0.0000 0.0000 0.0000 0.0000 0.0000 0.0000 0.0000 0.0000 0.0000 
S2 = 0.0000 0.0000 0.0000 0.0000 0.0000 0.0000 0.0000 0.0000 0.0000 0.0000 0.0000 0.0000 0.0000 0.0000 0.0000 0.0000 0.0000 0.0000 0.0000 0.0000 0.0000 0.0000 0.0000 2.5226 2.5226 0.0000 14.8385 
u = 7.9006 7.7032 7.7032 7.7032 7.7032 7.7032 7.7032 7.7032 7.6197 7.6197 7.6197 7.6197 7.6197 7.6197 7.6197 7.5367 7.5367 7.5367 7.5367 7.5367 7.5367 7.5367 7.4642 11.4777 11.4777 12.0443 9.0803 
v = 35.9210 26.5556 26.5556 26.5556 26.5556 26.5556 26.5556 26.5556 23.3039 23.3039 23.3039 23.3039 23.3039 23.3039 23.3039 20.2155 20.2155 20.2155 20.2155 20.2155 20.2155 20.2155 17.5872 62.7576 62.7576 127.1884 29.4316 
