ExternalI = 5.5000 0.0000 0.0000 0.0000 0.0000 0.0000 0.0000 0.0000 4.0000 4.0000 4.0000 4.0000 4.0000 4.0000 4.0000 0.0000 0.0000 0.0000 0.0000 0.0000 0.0000 0.0000 0.0000 8.0000 8.0000 0.0000 0.0000 
before u = 7.9006 7.7032 7.7032 7.7032 7.7032 7.7032 7.7032 7.7032 7.6197 7.6197 7.6197 7.6197 7.6197 7.6197 7.6197 7.5367 7.5367 7.5367 7.5367 7.5367 7.5367 7.5367 7.4642 11.4777 11.4777 12.0443 9.0803 
before v = 35.9210 26.5556 26.5556 26.5556 26.5556 26.5556 26.5556 26.5556 23.3039 23.3039 23.3039 23.3039 23.3039 23.3039 23.3039 20.2155 20.2155 20.2155 20.2155 20.2155 20.2155 20.2155 17.5872 62.7576 62.7576 127.1884 29.4316 
Ibias = 9.4000 9.4000 9.4000 9.4000 9.4000 9.4000 9.4000 9.4000 2.0000 2.0000 2.0000 2.0000 2.0000 2.0000 2.0000 2.0000 2.0000 2.0000 2.0000 2.0000 2.0000 2.0000 -2.0000 16.0000 16.0000 10.0000 -11.0000 
fa1 = 0.8492 0.2380 0.2380 0.2380 0.2380 0.2380 0.2380 0.2380 0.1914 0.1914 0.1914 0.1914 0.1914 0.1914 0.1914 0.1635 0.1635 0.1635 0.1635 0.1635 0.1635 0.1635 0.1465 44.3078 44.3078 323.4658 1.0825 
fa2 = 0.8495 0.2379 0.2379 0.2379 0.2379 0.2379 0.2379 0.2379 0.1914 0.1914 0.1914 0.1914 0.1914 0.1914 0.1914 0.1634 0.1634 0.1634 0.1634 0.1634 0.1634 0.1634 0.1464 44.7573 44.7573 335.1735 1.0794 
fa3 = 0.8495 0.2379 0.2379 0.2379 0.2379 0.2379 0.2379 0.2379 0.1914 0.1914 0.1914 0.1914 0.1914 0.1914 0.1914 0.1634 0.1634 0.1634 0.1634 0.1634 0.1634 0.1634 0.1464 44.7618 44.7618 335.6012 1.0794 
fa4 = 0.8498 0.2379 0.2379 0.2379 0.2379 0.2379 0.2379 0.2379 0.1914 0.1914 0.1914 0.1914 0.1914 0.1914 0.1914 0.1634 0.1634 0.1634 0.1634 0.1634 0.1634 0.1634 0.1464 45.2200 45.2200 347.9931 1.0762 
fb1 = -0.1723 -0.2019 -0.2019 -0.2019 -0.2019 -0.2019 -0.2019 -0.2019 -0.2116 -0.2116 -0.2116 -0.2116 -0.2116 -0.2116 -0.2116 -0.2206 -0.2206 -0.2206 -0.2206 -0.2206 -0.2206 -0.2206 -0.2282 0.0215 0.0215 0.2679 -0.0639 
fb2 = -0.1723 -0.2019 -0.2019 -0.2019 -0.2019 -0.2019 -0.2019 -0.2019 -0.2115 -0.2115 -0.2115 -0.2115 -0.2115 -0.2115 -0.2115 -0.2206 -0.2206 -0.2206 -0.2206 -0.2206 -0.2206 -0.2206 -0.2282 0.0224 0.0224 0.2743 -0.0639 
fb3 = -0.1723 -0.2019 -0.2019 -0.2019 -0.2019 -0.2019 -0.2019 -0.2019 -0.2115 -0.2115 -0.2115 -0.2115 -0.2115 -0.2115 -0.2115 -0.2206 -0.2206 -0.2206 -0.2206 -0.2206 -0.2206 -0.2206 -0.2282 0.0224 0.0224 0.2745 -0.0639 
fb4 = -0.1722 -0.2018 -0.2018 -0.2018 -0.2018 -0.2018 -0.2018 -0.2018 -0.2115 -0.2115 -0.2115 -0.2115 -0.2115 -0.2115 -0.2115 -0.2205 -0.2205 -0.2205 -0.2205 -0.2205 -0.2205 -0.2205 -0.2281 0.0233 0.0233 0.2812 -0.0638 
I = 14.9000 9.4000 9.4000 9.4000 9.4000 9.4000 9.4000 9.4000 6.0000 6.0000 6.0000 6.0000 6.0000 6.0000 6.0000 2.0000 2.0000 2.0000 2.0000 2.0000 2.0000 2.0000 -2.0000 26.5175 26.5175 10.0000 3.8088 
S1 = 0.0000 0.0000 0.0000 0.0000 0.0000 0.0000 0.0000 0.0000 0.0000 0.0000 0.0000 0.0000 0.0000 0.0000 0.0000 0.0000 0.0000 0.0000 0.0000 0.0000 0.0000 0.0000 0.0000 0.0000 0.0000 0.0000 0.0000 
S2 = 0.0000 0.0000 0.0000 0.0000 0.0000 0.0000 0.0000 0.0000 0.0000 0.0000 0.0000 0.0000 0.0000 0.0000 0.0000 0.0000 0.0000 0.0000 0.0000 0.0000 0.0000 0.0000 0.0000 2.5175 2.5175 0.0000 14.8088 
u = 7.8988 7.7012 7.7012 7.7012 7.7012 7.7012 7.7012 7.7012 7.6176 7.6176 7.6176 7.6176 7.6176 7.6176 7.6176 7.5345 7.5345 7.5345 7.5345 7.5345 7.5345 7.5345 7.4620 11.4779 11.4779 12.0470 9.0796 
v = 35.9295 26.5580 26.5580 26.5580 26.5580 26.5580 26.5580 26.5580 23.3059 23.3059 23.3059 23.3059 23.3059 23.3059 23.3059 20.2171 20.2171 20.2171 20.2171 20.2171 20.2171 20.2171 17.5887 63.2052 63.2052 130.5434 29.4424 
