ExternalI = 5.5000 0.0000 0.0000 0.0000 0.0000 0.0000 0.0000 0.0000 4.0000 4.0000 4.0000 4.0000 4.0000 4.0000 4.0000 0.0000 0.0000 0.0000 0.0000 0.0000 0.0000 0.0000 0.0000 8.0000 8.0000 0.0000 0.0000 
before u = 7.8988 7.7012 7.7012 7.7012 7.7012 7.7012 7.7012 7.7012 7.6176 7.6176 7.6176 7.6176 7.6176 7.6176 7.6176 7.5345 7.5345 7.5345 7.5345 7.5345 7.5345 7.5345 7.4620 11.4779 11.4779 12.1470 9.0796 
before v = 35.9295 26.5580 26.5580 26.5580 26.5580 26.5580 26.5580 26.5580 23.3059 23.3059 23.3059 23.3059 23.3059 23.3059 23.3059 20.2171 20.2171 20.2171 20.2171 20.2171 20.2171 20.2171 17.5887 63.2052 63.2052 60.5000 29.4424 
Ibias = 9.4000 9.4000 9.4000 9.4000 9.4000 9.4000 9.4000 9.4000 2.0000 2.0000 2.0000 2.0000 2.0000 2.0000 2.0000 2.0000 2.0000 2.0000 2.0000 2.0000 2.0000 2.0000 -2.0000 16.0000 16.0000 10.0000 -11.0000 
fa1 = 0.8498 0.2379 0.2379 0.2379 0.2379 0.2379 0.2379 0.2379 0.1914 0.1914 0.1914 0.1914 0.1914 0.1914 0.1914 0.1634 0.1634 0.1634 0.1634 0.1634 0.1634 0.1634 0.1464 45.2150 45.2150 22.7630 2.5466 
fa2 = 0.8502 0.2379 0.2379 0.2379 0.2379 0.2379 0.2379 0.2379 0.1914 0.1914 0.1914 0.1914 0.1914 0.1914 0.1914 0.1634 0.1634 0.1634 0.1634 0.1634 0.1634 0.1634 0.1464 45.6818 45.6818 22.9729 2.5387 
fa3 = 0.8502 0.2379 0.2379 0.2379 0.2379 0.2379 0.2379 0.2379 0.1914 0.1914 0.1914 0.1914 0.1914 0.1914 0.1914 0.1634 0.1634 0.1634 0.1634 0.1634 0.1634 0.1634 0.1464 45.6866 45.6866 22.9748 2.5387 
fa4 = 0.8505 0.2378 0.2378 0.2378 0.2378 0.2378 0.2378 0.2378 0.1913 0.1913 0.1913 0.1913 0.1913 0.1913 0.1913 0.1634 0.1634 0.1634 0.1634 0.1634 0.1634 0.1634 0.1464 46.1626 46.1626 23.1878 2.5309 
fb1 = -0.1722 -0.2018 -0.2018 -0.2018 -0.2018 -0.2018 -0.2018 -0.2018 -0.2115 -0.2115 -0.2115 -0.2115 -0.2115 -0.2115 -0.2115 -0.2205 -0.2205 -0.2205 -0.2205 -0.2205 -0.2205 -0.2205 -0.2281 0.0233 0.0233 -0.0009 -0.0638 
fb2 = -0.1722 -0.2018 -0.2018 -0.2018 -0.2018 -0.2018 -0.2018 -0.2018 -0.2114 -0.2114 -0.2114 -0.2114 -0.2114 -0.2114 -0.2114 -0.2205 -0.2205 -0.2205 -0.2205 -0.2205 -0.2205 -0.2205 -0.2281 0.0242 0.0242 -0.0005 -0.0638 
fb3 = -0.1722 -0.2018 -0.2018 -0.2018 -0.2018 -0.2018 -0.2018 -0.2018 -0.2114 -0.2114 -0.2114 -0.2114 -0.2114 -0.2114 -0.2114 -0.2205 -0.2205 -0.2205 -0.2205 -0.2205 -0.2205 -0.2205 -0.2281 0.0242 0.0242 -0.0005 -0.0638 
fb4 = -0.1721 -0.2017 -0.2017 -0.2017 -0.2017 -0.2017 -0.2017 -0.2017 -0.2114 -0.2114 -0.2114 -0.2114 -0.2114 -0.2114 -0.2114 -0.2204 -0.2204 -0.2204 -0.2204 -0.2204 -0.2204 -0.2204 -0.2280 0.0251 0.0251 -0.0000 -0.0637 
I = 14.9000 9.4000 9.4000 9.4000 9.4000 9.4000 9.4000 9.4000 6.0000 6.0000 6.0000 6.0000 6.0000 6.0000 6.0000 2.0000 2.0000 2.0000 2.0000 2.0000 2.0000 2.0000 -2.0000 26.5125 26.5125 10.0000 5.2792 
S1 = 0.0000 0.0000 0.0000 0.0000 0.0000 0.0000 0.0000 0.0000 0.0000 0.0000 0.0000 0.0000 0.0000 0.0000 0.0000 0.0000 0.0000 0.0000 0.0000 0.0000 0.0000 0.0000 0.0000 0.0000 0.0000 0.0000 0.0000 
S2 = 0.0000 0.0000 0.0000 0.0000 0.0000 0.0000 0.0000 0.0000 0.0000 0.0000 0.0000 0.0000 0.0000 0.0000 0.0000 0.0000 0.0000 0.0000 0.0000 0.0000 0.0000 0.0000 0.0000 2.5125 2.5125 0.0000 16.2792 
u = 7.8971 7.6992 7.6992 7.6992 7.6992 7.6992 7.6992 7.6992 7.6155 7.6155 7.6155 7.6155 7.6155 7.6155 7.6155 7.5323 7.5323 7.5323 7.5323 7.5323 7.5323 7.5323 7.4597 11.4781 11.4781 12.1470 9.0790 
v = 35.9380 26.5603 26.5603 26.5603 26.5603 26.5603 26.5603 26.5603 23.3078 23.3078 23.3078 23.3078 23.3078 23.3078 23.3078 20.2187 20.2187 20.2187 20.2187 20.2187 20.2187 20.2187 17.5902 63.6621 63.6621 60.7297 29.4678 
