ExternalI = 5.5000 0.0000 0.0000 0.0000 0.0000 0.0000 0.0000 0.0000 4.0000 4.0000 4.0000 4.0000 4.0000 4.0000 4.0000 0.0000 0.0000 0.0000 0.0000 0.0000 0.0000 0.0000 0.0000 8.0000 8.0000 0.0000 0.0000 
before u = 7.8971 7.6992 7.6992 7.6992 7.6992 7.6992 7.6992 7.6992 7.6155 7.6155 7.6155 7.6155 7.6155 7.6155 7.6155 7.5323 7.5323 7.5323 7.5323 7.5323 7.5323 7.5323 7.4597 11.4781 11.4781 12.1470 9.0790 
before v = 35.9380 26.5603 26.5603 26.5603 26.5603 26.5603 26.5603 26.5603 23.3078 23.3078 23.3078 23.3078 23.3078 23.3078 23.3078 20.2187 20.2187 20.2187 20.2187 20.2187 20.2187 20.2187 17.5902 63.6621 63.6621 60.7297 29.4678 
Ibias = 9.4000 9.4000 9.4000 9.4000 9.4000 9.4000 9.4000 9.4000 2.0000 2.0000 2.0000 2.0000 2.0000 2.0000 2.0000 2.0000 2.0000 2.0000 2.0000 2.0000 2.0000 2.0000 -2.0000 16.0000 16.0000 10.0000 -11.0000 
fa1 = 0.8505 0.2378 0.2378 0.2378 0.2378 0.2378 0.2378 0.2378 0.1913 0.1913 0.1913 0.1913 0.1913 0.1913 0.1913 0.1634 0.1634 0.1634 0.1634 0.1634 0.1634 0.1634 0.1464 46.1575 46.1575 23.1878 2.4983 
fa2 = 0.8508 0.2378 0.2378 0.2378 0.2378 0.2378 0.2378 0.2378 0.1913 0.1913 0.1913 0.1913 0.1913 0.1913 0.1913 0.1633 0.1633 0.1633 0.1633 0.1633 0.1633 0.1633 0.1463 46.6426 46.6426 23.4038 2.4906 
fa3 = 0.8508 0.2378 0.2378 0.2378 0.2378 0.2378 0.2378 0.2378 0.1913 0.1913 0.1913 0.1913 0.1913 0.1913 0.1913 0.1633 0.1633 0.1633 0.1633 0.1633 0.1633 0.1633 0.1463 46.6477 46.6477 23.4058 2.4907 
fa4 = 0.8511 0.2378 0.2378 0.2378 0.2378 0.2378 0.2378 0.2378 0.1913 0.1913 0.1913 0.1913 0.1913 0.1913 0.1913 0.1633 0.1633 0.1633 0.1633 0.1633 0.1633 0.1633 0.1463 47.1423 47.1423 23.6250 2.4830 
fb1 = -0.1721 -0.2017 -0.2017 -0.2017 -0.2017 -0.2017 -0.2017 -0.2017 -0.2114 -0.2114 -0.2114 -0.2114 -0.2114 -0.2114 -0.2114 -0.2204 -0.2204 -0.2204 -0.2204 -0.2204 -0.2204 -0.2204 -0.2280 0.0251 0.0251 -0.0000 -0.0637 
fb2 = -0.1721 -0.2017 -0.2017 -0.2017 -0.2017 -0.2017 -0.2017 -0.2017 -0.2113 -0.2113 -0.2113 -0.2113 -0.2113 -0.2113 -0.2113 -0.2204 -0.2204 -0.2204 -0.2204 -0.2204 -0.2204 -0.2204 -0.2280 0.0260 0.0260 0.0004 -0.0637 
fb3 = -0.1721 -0.2017 -0.2017 -0.2017 -0.2017 -0.2017 -0.2017 -0.2017 -0.2113 -0.2113 -0.2113 -0.2113 -0.2113 -0.2113 -0.2113 -0.2204 -0.2204 -0.2204 -0.2204 -0.2204 -0.2204 -0.2204 -0.2280 0.0260 0.0260 0.0004 -0.0637 
fb4 = -0.1720 -0.2016 -0.2016 -0.2016 -0.2016 -0.2016 -0.2016 -0.2016 -0.2113 -0.2113 -0.2113 -0.2113 -0.2113 -0.2113 -0.2113 -0.2203 -0.2203 -0.2203 -0.2203 -0.2203 -0.2203 -0.2203 -0.2279 0.0269 0.0269 0.0009 -0.0636 
I = 14.9000 9.4000 9.4000 9.4000 9.4000 9.4000 9.4000 9.4000 6.0000 6.0000 6.0000 6.0000 6.0000 6.0000 6.0000 2.0000 2.0000 2.0000 2.0000 2.0000 2.0000 2.0000 -2.0000 26.5075 26.5075 10.0000 5.2467 
S1 = 0.0000 0.0000 0.0000 0.0000 0.0000 0.0000 0.0000 0.0000 0.0000 0.0000 0.0000 0.0000 0.0000 0.0000 0.0000 0.0000 0.0000 0.0000 0.0000 0.0000 0.0000 0.0000 0.0000 0.0000 0.0000 0.0000 0.0000 
S2 = 0.0000 0.0000 0.0000 0.0000 0.0000 0.0000 0.0000 0.0000 0.0000 0.0000 0.0000 0.0000 0.0000 0.0000 0.0000 0.0000 0.0000 0.0000 0.0000 0.0000 0.0000 0.0000 0.0000 2.5075 2.5075 0.0000 16.2467 
u = 7.8954 7.6972 7.6972 7.6972 7.6972 7.6972 7.6972 7.6972 7.6133 7.6133 7.6133 7.6133 7.6133 7.6133 7.6133 7.5301 7.5301 7.5301 7.5301 7.5301 7.5301 7.5301 7.4574 11.4784 11.4784 12.1470 9.0783 
v = 35.9465 26.5627 26.5627 26.5627 26.5627 26.5627 26.5627 26.5627 23.3097 23.3097 23.3097 23.3097 23.3097 23.3097 23.3097 20.2204 20.2204 20.2204 20.2204 20.2204 20.2204 20.2204 17.5916 64.1286 64.1286 60.9638 29.4927 
