ExternalI = 5.5000 0.0000 0.0000 0.0000 0.0000 0.0000 0.0000 0.0000 4.0000 4.0000 4.0000 4.0000 4.0000 4.0000 4.0000 0.0000 0.0000 0.0000 0.0000 0.0000 0.0000 0.0000 0.0000 8.0000 8.0000 0.0000 0.0000 
before u = 7.8954 7.6972 7.6972 7.6972 7.6972 7.6972 7.6972 7.6972 7.6133 7.6133 7.6133 7.6133 7.6133 7.6133 7.6133 7.5301 7.5301 7.5301 7.5301 7.5301 7.5301 7.5301 7.4574 11.4784 11.4784 12.1470 9.0783 
before v = 35.9465 26.5627 26.5627 26.5627 26.5627 26.5627 26.5627 26.5627 23.3097 23.3097 23.3097 23.3097 23.3097 23.3097 23.3097 20.2204 20.2204 20.2204 20.2204 20.2204 20.2204 20.2204 17.5916 64.1286 64.1286 60.9638 29.4927 
Ibias = 9.4000 9.4000 9.4000 9.4000 9.4000 9.4000 9.4000 9.4000 2.0000 2.0000 2.0000 2.0000 2.0000 2.0000 2.0000 2.0000 2.0000 2.0000 2.0000 2.0000 2.0000 2.0000 -2.0000 16.0000 16.0000 10.0000 -11.0000 
fa1 = 0.8511 0.2378 0.2378 0.2378 0.2378 0.2378 0.2378 0.2378 0.1913 0.1913 0.1913 0.1913 0.1913 0.1913 0.1913 0.1633 0.1633 0.1633 0.1633 0.1633 0.1633 0.1633 0.1463 47.1373 47.1373 23.6250 2.4505 
fa2 = 0.8515 0.2378 0.2378 0.2378 0.2378 0.2378 0.2378 0.2378 0.1912 0.1912 0.1912 0.1912 0.1912 0.1912 0.1912 0.1633 0.1633 0.1633 0.1633 0.1633 0.1633 0.1633 0.1463 47.6414 47.6414 23.8472 2.4430 
fa3 = 0.8515 0.2378 0.2378 0.2378 0.2378 0.2378 0.2378 0.2378 0.1912 0.1912 0.1912 0.1912 0.1912 0.1912 0.1912 0.1633 0.1633 0.1633 0.1633 0.1633 0.1633 0.1633 0.1463 47.6468 47.6468 23.8493 2.4430 
fa4 = 0.8518 0.2377 0.2377 0.2377 0.2377 0.2377 0.2377 0.2377 0.1912 0.1912 0.1912 0.1912 0.1912 0.1912 0.1912 0.1633 0.1633 0.1633 0.1633 0.1633 0.1633 0.1633 0.1463 48.1611 48.1611 24.0749 2.4355 
fb1 = -0.1720 -0.2016 -0.2016 -0.2016 -0.2016 -0.2016 -0.2016 -0.2016 -0.2113 -0.2113 -0.2113 -0.2113 -0.2113 -0.2113 -0.2113 -0.2203 -0.2203 -0.2203 -0.2203 -0.2203 -0.2203 -0.2203 -0.2279 0.0269 0.0269 0.0009 -0.0636 
fb2 = -0.1720 -0.2016 -0.2016 -0.2016 -0.2016 -0.2016 -0.2016 -0.2016 -0.2112 -0.2112 -0.2112 -0.2112 -0.2112 -0.2112 -0.2112 -0.2203 -0.2203 -0.2203 -0.2203 -0.2203 -0.2203 -0.2203 -0.2279 0.0279 0.0279 0.0014 -0.0635 
fb3 = -0.1720 -0.2016 -0.2016 -0.2016 -0.2016 -0.2016 -0.2016 -0.2016 -0.2112 -0.2112 -0.2112 -0.2112 -0.2112 -0.2112 -0.2112 -0.2203 -0.2203 -0.2203 -0.2203 -0.2203 -0.2203 -0.2203 -0.2279 0.0279 0.0279 0.0014 -0.0635 
fb4 = -0.1719 -0.2015 -0.2015 -0.2015 -0.2015 -0.2015 -0.2015 -0.2015 -0.2112 -0.2112 -0.2112 -0.2112 -0.2112 -0.2112 -0.2112 -0.2202 -0.2202 -0.2202 -0.2202 -0.2202 -0.2202 -0.2202 -0.2278 0.0288 0.0288 0.0019 -0.0635 
I = 14.9000 9.4000 9.4000 9.4000 9.4000 9.4000 9.4000 9.4000 6.0000 6.0000 6.0000 6.0000 6.0000 6.0000 6.0000 2.0000 2.0000 2.0000 2.0000 2.0000 2.0000 2.0000 -2.0000 26.5024 26.5024 10.0000 5.2142 
S1 = 0.0000 0.0000 0.0000 0.0000 0.0000 0.0000 0.0000 0.0000 0.0000 0.0000 0.0000 0.0000 0.0000 0.0000 0.0000 0.0000 0.0000 0.0000 0.0000 0.0000 0.0000 0.0000 0.0000 0.0000 0.0000 0.0000 0.0000 
S2 = 0.0000 0.0000 0.0000 0.0000 0.0000 0.0000 0.0000 0.0000 0.0000 0.0000 0.0000 0.0000 0.0000 0.0000 0.0000 0.0000 0.0000 0.0000 0.0000 0.0000 0.0000 0.0000 0.0000 2.5024 2.5024 0.0000 16.2142 
u = 7.8937 7.6952 7.6952 7.6952 7.6952 7.6952 7.6952 7.6952 7.6112 7.6112 7.6112 7.6112 7.6112 7.6112 7.6112 7.5279 7.5279 7.5279 7.5279 7.5279 7.5279 7.5279 7.4551 11.4787 11.4787 12.1470 9.0777 
v = 35.9550 26.5651 26.5651 26.5651 26.5651 26.5651 26.5651 26.5651 23.3116 23.3116 23.3116 23.3116 23.3116 23.3116 23.3116 20.2220 20.2220 20.2220 20.2220 20.2220 20.2220 20.2220 17.5931 64.6050 64.6050 61.2023 29.5171 
