ExternalI = 5.5000 0.0000 0.0000 0.0000 0.0000 0.0000 0.0000 0.0000 4.0000 4.0000 4.0000 4.0000 4.0000 4.0000 4.0000 0.0000 0.0000 0.0000 0.0000 0.0000 0.0000 0.0000 0.0000 8.0000 8.0000 0.0000 0.0000 
before u = 7.8937 7.6952 7.6952 7.6952 7.6952 7.6952 7.6952 7.6952 7.6112 7.6112 7.6112 7.6112 7.6112 7.6112 7.6112 7.5279 7.5279 7.5279 7.5279 7.5279 7.5279 7.5279 7.4551 11.4787 11.4787 12.1470 9.0777 
before v = 35.9550 26.5651 26.5651 26.5651 26.5651 26.5651 26.5651 26.5651 23.3116 23.3116 23.3116 23.3116 23.3116 23.3116 23.3116 20.2220 20.2220 20.2220 20.2220 20.2220 20.2220 20.2220 17.5931 64.6050 64.6050 61.2023 29.5171 
Ibias = 9.4000 9.4000 9.4000 9.4000 9.4000 9.4000 9.4000 9.4000 2.0000 2.0000 2.0000 2.0000 2.0000 2.0000 2.0000 2.0000 2.0000 2.0000 2.0000 2.0000 2.0000 2.0000 -2.0000 16.0000 16.0000 10.0000 -11.0000 
fa1 = 0.8518 0.2377 0.2377 0.2377 0.2377 0.2377 0.2377 0.2377 0.1912 0.1912 0.1912 0.1912 0.1912 0.1912 0.1912 0.1633 0.1633 0.1633 0.1633 0.1633 0.1633 0.1633 0.1463 48.1560 48.1560 24.0749 2.4031 
fa2 = 0.8521 0.2377 0.2377 0.2377 0.2377 0.2377 0.2377 0.2377 0.1912 0.1912 0.1912 0.1912 0.1912 0.1912 0.1912 0.1632 0.1632 0.1632 0.1632 0.1632 0.1632 0.1632 0.1462 48.6803 48.6803 24.3037 2.3957 
fa3 = 0.8521 0.2377 0.2377 0.2377 0.2377 0.2377 0.2377 0.2377 0.1912 0.1912 0.1912 0.1912 0.1912 0.1912 0.1912 0.1632 0.1632 0.1632 0.1632 0.1632 0.1632 0.1632 0.1462 48.6861 48.6861 24.3059 2.3957 
fa4 = 0.8525 0.2377 0.2377 0.2377 0.2377 0.2377 0.2377 0.2377 0.1911 0.1911 0.1911 0.1911 0.1911 0.1911 0.1911 0.1632 0.1632 0.1632 0.1632 0.1632 0.1632 0.1632 0.1462 49.2209 49.2209 24.5381 2.3884 
fb1 = -0.1719 -0.2015 -0.2015 -0.2015 -0.2015 -0.2015 -0.2015 -0.2015 -0.2112 -0.2112 -0.2112 -0.2112 -0.2112 -0.2112 -0.2112 -0.2202 -0.2202 -0.2202 -0.2202 -0.2202 -0.2202 -0.2202 -0.2278 0.0288 0.0288 0.0019 -0.0635 
fb2 = -0.1719 -0.2015 -0.2015 -0.2015 -0.2015 -0.2015 -0.2015 -0.2015 -0.2112 -0.2112 -0.2112 -0.2112 -0.2112 -0.2112 -0.2112 -0.2202 -0.2202 -0.2202 -0.2202 -0.2202 -0.2202 -0.2202 -0.2278 0.0298 0.0298 0.0023 -0.0634 
fb3 = -0.1719 -0.2015 -0.2015 -0.2015 -0.2015 -0.2015 -0.2015 -0.2015 -0.2112 -0.2112 -0.2112 -0.2112 -0.2112 -0.2112 -0.2112 -0.2202 -0.2202 -0.2202 -0.2202 -0.2202 -0.2202 -0.2202 -0.2278 0.0298 0.0298 0.0024 -0.0634 
fb4 = -0.1718 -0.2015 -0.2015 -0.2015 -0.2015 -0.2015 -0.2015 -0.2015 -0.2111 -0.2111 -0.2111 -0.2111 -0.2111 -0.2111 -0.2111 -0.2201 -0.2201 -0.2201 -0.2201 -0.2201 -0.2201 -0.2201 -0.2277 0.0308 0.0308 0.0028 -0.0634 
I = 14.9000 9.4000 9.4000 9.4000 9.4000 9.4000 9.4000 9.4000 6.0000 6.0000 6.0000 6.0000 6.0000 6.0000 6.0000 2.0000 2.0000 2.0000 2.0000 2.0000 2.0000 2.0000 -2.0000 26.4974 26.4974 10.0000 5.1817 
S1 = 0.0000 0.0000 0.0000 0.0000 0.0000 0.0000 0.0000 0.0000 0.0000 0.0000 0.0000 0.0000 0.0000 0.0000 0.0000 0.0000 0.0000 0.0000 0.0000 0.0000 0.0000 0.0000 0.0000 0.0000 0.0000 0.0000 0.0000 
S2 = 0.0000 0.0000 0.0000 0.0000 0.0000 0.0000 0.0000 0.0000 0.0000 0.0000 0.0000 0.0000 0.0000 0.0000 0.0000 0.0000 0.0000 0.0000 0.0000 0.0000 0.0000 0.0000 0.0000 2.4974 2.4974 0.0000 16.1817 
u = 7.8920 7.6931 7.6931 7.6931 7.6931 7.6931 7.6931 7.6931 7.6091 7.6091 7.6091 7.6091 7.6091 7.6091 7.6091 7.5257 7.5257 7.5257 7.5257 7.5257 7.5257 7.5257 7.4528 11.4790 11.4790 12.1471 9.0771 
v = 35.9635 26.5675 26.5675 26.5675 26.5675 26.5675 26.5675 26.5675 23.3135 23.3135 23.3135 23.3135 23.3135 23.3135 23.3135 20.2236 20.2236 20.2236 20.2236 20.2236 20.2236 20.2236 17.5946 65.0919 65.0919 61.4453 29.5411 
