ExternalI = 5.5000 0.0000 0.0000 0.0000 0.0000 0.0000 0.0000 0.0000 4.0000 4.0000 4.0000 4.0000 4.0000 4.0000 4.0000 0.0000 0.0000 0.0000 0.0000 0.0000 0.0000 0.0000 0.0000 8.0000 8.0000 0.0000 0.0000 
before u = 7.8920 7.6931 7.6931 7.6931 7.6931 7.6931 7.6931 7.6931 7.6091 7.6091 7.6091 7.6091 7.6091 7.6091 7.6091 7.5257 7.5257 7.5257 7.5257 7.5257 7.5257 7.5257 7.4528 11.4790 11.4790 12.1471 9.0771 
before v = 35.9635 26.5675 26.5675 26.5675 26.5675 26.5675 26.5675 26.5675 23.3135 23.3135 23.3135 23.3135 23.3135 23.3135 23.3135 20.2236 20.2236 20.2236 20.2236 20.2236 20.2236 20.2236 17.5946 65.0919 65.0919 61.4453 29.5411 
Ibias = 9.4000 9.4000 9.4000 9.4000 9.4000 9.4000 9.4000 9.4000 2.0000 2.0000 2.0000 2.0000 2.0000 2.0000 2.0000 2.0000 2.0000 2.0000 2.0000 2.0000 2.0000 2.0000 -2.0000 16.0000 16.0000 10.0000 -11.0000 
fa1 = 0.8525 0.2377 0.2377 0.2377 0.2377 0.2377 0.2377 0.2377 0.1911 0.1911 0.1911 0.1911 0.1911 0.1911 0.1911 0.1632 0.1632 0.1632 0.1632 0.1632 0.1632 0.1632 0.1462 49.2159 49.2159 24.5381 2.3561 
fa2 = 0.8528 0.2376 0.2376 0.2376 0.2376 0.2376 0.2376 0.2376 0.1911 0.1911 0.1911 0.1911 0.1911 0.1911 0.1911 0.1632 0.1632 0.1632 0.1632 0.1632 0.1632 0.1632 0.1462 49.7614 49.7614 24.7737 2.3489 
fa3 = 0.8528 0.2376 0.2376 0.2376 0.2376 0.2376 0.2376 0.2376 0.1911 0.1911 0.1911 0.1911 0.1911 0.1911 0.1911 0.1632 0.1632 0.1632 0.1632 0.1632 0.1632 0.1632 0.1462 49.7674 49.7674 24.7760 2.3489 
fa4 = 0.8532 0.2376 0.2376 0.2376 0.2376 0.2376 0.2376 0.2376 0.1911 0.1911 0.1911 0.1911 0.1911 0.1911 0.1911 0.1631 0.1631 0.1631 0.1631 0.1631 0.1631 0.1631 0.1462 50.3241 50.3241 25.0151 2.3418 
fb1 = -0.1718 -0.2015 -0.2015 -0.2015 -0.2015 -0.2015 -0.2015 -0.2015 -0.2111 -0.2111 -0.2111 -0.2111 -0.2111 -0.2111 -0.2111 -0.2201 -0.2201 -0.2201 -0.2201 -0.2201 -0.2201 -0.2201 -0.2277 0.0308 0.0308 0.0028 -0.0634 
fb2 = -0.1718 -0.2014 -0.2014 -0.2014 -0.2014 -0.2014 -0.2014 -0.2014 -0.2111 -0.2111 -0.2111 -0.2111 -0.2111 -0.2111 -0.2111 -0.2201 -0.2201 -0.2201 -0.2201 -0.2201 -0.2201 -0.2201 -0.2277 0.0318 0.0318 0.0033 -0.0633 
fb3 = -0.1718 -0.2014 -0.2014 -0.2014 -0.2014 -0.2014 -0.2014 -0.2014 -0.2111 -0.2111 -0.2111 -0.2111 -0.2111 -0.2111 -0.2111 -0.2201 -0.2201 -0.2201 -0.2201 -0.2201 -0.2201 -0.2201 -0.2277 0.0318 0.0318 0.0033 -0.0633 
fb4 = -0.1717 -0.2014 -0.2014 -0.2014 -0.2014 -0.2014 -0.2014 -0.2014 -0.2110 -0.2110 -0.2110 -0.2110 -0.2110 -0.2110 -0.2110 -0.2200 -0.2200 -0.2200 -0.2200 -0.2200 -0.2200 -0.2200 -0.2276 0.0328 0.0328 0.0038 -0.0633 
I = 14.9000 9.4000 9.4000 9.4000 9.4000 9.4000 9.4000 9.4000 6.0000 6.0000 6.0000 6.0000 6.0000 6.0000 6.0000 2.0000 2.0000 2.0000 2.0000 2.0000 2.0000 2.0000 -2.0000 26.4924 26.4924 10.0000 5.1494 
S1 = 0.0000 0.0000 0.0000 0.0000 0.0000 0.0000 0.0000 0.0000 0.0000 0.0000 0.0000 0.0000 0.0000 0.0000 0.0000 0.0000 0.0000 0.0000 0.0000 0.0000 0.0000 0.0000 0.0000 0.0000 0.0000 0.0000 0.0000 
S2 = 0.0000 0.0000 0.0000 0.0000 0.0000 0.0000 0.0000 0.0000 0.0000 0.0000 0.0000 0.0000 0.0000 0.0000 0.0000 0.0000 0.0000 0.0000 0.0000 0.0000 0.0000 0.0000 0.0000 2.4924 2.4924 0.0000 16.1494 
u = 7.8902 7.6911 7.6911 7.6911 7.6911 7.6911 7.6911 7.6911 7.6070 7.6070 7.6070 7.6070 7.6070 7.6070 7.6070 7.5235 7.5235 7.5235 7.5235 7.5235 7.5235 7.5235 7.4506 11.4793 11.4793 12.1471 9.0764 
v = 35.9720 26.5699 26.5699 26.5699 26.5699 26.5699 26.5699 26.5699 23.3154 23.3154 23.3154 23.3154 23.3154 23.3154 23.3154 20.2253 20.2253 20.2253 20.2253 20.2253 20.2253 20.2253 17.5960 65.5895 65.5895 61.6931 29.5646 
