ExternalI = 5.5000 0.0000 0.0000 0.0000 0.0000 0.0000 0.0000 0.0000 4.0000 4.0000 4.0000 4.0000 4.0000 4.0000 4.0000 0.0000 0.0000 0.0000 0.0000 0.0000 0.0000 0.0000 0.0000 8.0000 8.0000 0.0000 0.0000 
before u = 7.8902 7.6911 7.6911 7.6911 7.6911 7.6911 7.6911 7.6911 7.6070 7.6070 7.6070 7.6070 7.6070 7.6070 7.6070 7.5235 7.5235 7.5235 7.5235 7.5235 7.5235 7.5235 7.4506 11.4793 11.4793 12.1471 9.0764 
before v = 35.9720 26.5699 26.5699 26.5699 26.5699 26.5699 26.5699 26.5699 23.3154 23.3154 23.3154 23.3154 23.3154 23.3154 23.3154 20.2253 20.2253 20.2253 20.2253 20.2253 20.2253 20.2253 17.5960 65.5895 65.5895 61.6931 29.5646 
Ibias = 9.4000 9.4000 9.4000 9.4000 9.4000 9.4000 9.4000 9.4000 2.0000 2.0000 2.0000 2.0000 2.0000 2.0000 2.0000 2.0000 2.0000 2.0000 2.0000 2.0000 2.0000 2.0000 -2.0000 16.0000 16.0000 10.0000 -11.0000 
fa1 = 0.8532 0.2376 0.2376 0.2376 0.2376 0.2376 0.2376 0.2376 0.1911 0.1911 0.1911 0.1911 0.1911 0.1911 0.1911 0.1631 0.1631 0.1631 0.1631 0.1631 0.1631 0.1631 0.1462 50.3190 50.3190 25.0151 2.3095 
fa2 = 0.8535 0.2376 0.2376 0.2376 0.2376 0.2376 0.2376 0.2376 0.1911 0.1911 0.1911 0.1911 0.1911 0.1911 0.1911 0.1631 0.1631 0.1631 0.1631 0.1631 0.1631 0.1631 0.1461 50.8868 50.8868 25.2578 2.3025 
fa3 = 0.8535 0.2376 0.2376 0.2376 0.2376 0.2376 0.2376 0.2376 0.1911 0.1911 0.1911 0.1911 0.1911 0.1911 0.1911 0.1631 0.1631 0.1631 0.1631 0.1631 0.1631 0.1631 0.1461 50.8932 50.8932 25.2602 2.3025 
fa4 = 0.8538 0.2375 0.2375 0.2375 0.2375 0.2375 0.2375 0.2375 0.1910 0.1910 0.1910 0.1910 0.1910 0.1910 0.1910 0.1631 0.1631 0.1631 0.1631 0.1631 0.1631 0.1631 0.1461 51.4727 51.4727 25.5065 2.2955 
fb1 = -0.1717 -0.2014 -0.2014 -0.2014 -0.2014 -0.2014 -0.2014 -0.2014 -0.2110 -0.2110 -0.2110 -0.2110 -0.2110 -0.2110 -0.2110 -0.2200 -0.2200 -0.2200 -0.2200 -0.2200 -0.2200 -0.2200 -0.2276 0.0328 0.0328 0.0038 -0.0633 
fb2 = -0.1717 -0.2013 -0.2013 -0.2013 -0.2013 -0.2013 -0.2013 -0.2013 -0.2110 -0.2110 -0.2110 -0.2110 -0.2110 -0.2110 -0.2110 -0.2200 -0.2200 -0.2200 -0.2200 -0.2200 -0.2200 -0.2200 -0.2276 0.0338 0.0338 0.0043 -0.0632 
fb3 = -0.1717 -0.2013 -0.2013 -0.2013 -0.2013 -0.2013 -0.2013 -0.2013 -0.2110 -0.2110 -0.2110 -0.2110 -0.2110 -0.2110 -0.2110 -0.2200 -0.2200 -0.2200 -0.2200 -0.2200 -0.2200 -0.2200 -0.2276 0.0338 0.0338 0.0043 -0.0632 
fb4 = -0.1716 -0.2013 -0.2013 -0.2013 -0.2013 -0.2013 -0.2013 -0.2013 -0.2109 -0.2109 -0.2109 -0.2109 -0.2109 -0.2109 -0.2109 -0.2199 -0.2199 -0.2199 -0.2199 -0.2199 -0.2199 -0.2199 -0.2275 0.0348 0.0348 0.0048 -0.0632 
I = 14.9000 9.4000 9.4000 9.4000 9.4000 9.4000 9.4000 9.4000 6.0000 6.0000 6.0000 6.0000 6.0000 6.0000 6.0000 2.0000 2.0000 2.0000 2.0000 2.0000 2.0000 2.0000 -2.0000 26.4875 26.4875 10.0000 5.1171 
S1 = 0.0000 0.0000 0.0000 0.0000 0.0000 0.0000 0.0000 0.0000 0.0000 0.0000 0.0000 0.0000 0.0000 0.0000 0.0000 0.0000 0.0000 0.0000 0.0000 0.0000 0.0000 0.0000 0.0000 0.0000 0.0000 0.0000 0.0000 
S2 = 0.0000 0.0000 0.0000 0.0000 0.0000 0.0000 0.0000 0.0000 0.0000 0.0000 0.0000 0.0000 0.0000 0.0000 0.0000 0.0000 0.0000 0.0000 0.0000 0.0000 0.0000 0.0000 0.0000 2.4875 2.4875 0.0000 16.1171 
u = 7.8885 7.6891 7.6891 7.6891 7.6891 7.6891 7.6891 7.6891 7.6049 7.6049 7.6049 7.6049 7.6049 7.6049 7.6049 7.5213 7.5213 7.5213 7.5213 7.5213 7.5213 7.5213 7.4483 11.4796 11.4796 12.1471 9.0758 
v = 35.9806 26.5722 26.5722 26.5722 26.5722 26.5722 26.5722 26.5722 23.3173 23.3173 23.3173 23.3173 23.3173 23.3173 23.3173 20.2269 20.2269 20.2269 20.2269 20.2269 20.2269 20.2269 17.5975 66.0984 66.0984 61.9457 29.5876 
