ExternalI = 5.5000 0.0000 0.0000 0.0000 0.0000 0.0000 0.0000 0.0000 4.0000 4.0000 4.0000 4.0000 4.0000 4.0000 4.0000 0.0000 0.0000 0.0000 0.0000 0.0000 0.0000 0.0000 0.0000 8.0000 8.0000 0.0000 0.0000 
before u = 7.8885 7.6891 7.6891 7.6891 7.6891 7.6891 7.6891 7.6891 7.6049 7.6049 7.6049 7.6049 7.6049 7.6049 7.6049 7.5213 7.5213 7.5213 7.5213 7.5213 7.5213 7.5213 7.4483 11.4796 11.4796 12.1471 9.0758 
before v = 35.9806 26.5722 26.5722 26.5722 26.5722 26.5722 26.5722 26.5722 23.3173 23.3173 23.3173 23.3173 23.3173 23.3173 23.3173 20.2269 20.2269 20.2269 20.2269 20.2269 20.2269 20.2269 17.5975 66.0984 66.0984 61.9457 29.5876 
Ibias = 9.4000 9.4000 9.4000 9.4000 9.4000 9.4000 9.4000 9.4000 2.0000 2.0000 2.0000 2.0000 2.0000 2.0000 2.0000 2.0000 2.0000 2.0000 2.0000 2.0000 2.0000 2.0000 -2.0000 16.0000 16.0000 10.0000 -11.0000 
fa1 = 0.8538 0.2375 0.2375 0.2375 0.2375 0.2375 0.2375 0.2375 0.1910 0.1910 0.1910 0.1910 0.1910 0.1910 0.1910 0.1631 0.1631 0.1631 0.1631 0.1631 0.1631 0.1631 0.1461 51.4677 51.4677 25.5065 2.2633 
fa2 = 0.8542 0.2375 0.2375 0.2375 0.2375 0.2375 0.2375 0.2375 0.1910 0.1910 0.1910 0.1910 0.1910 0.1910 0.1910 0.1631 0.1631 0.1631 0.1631 0.1631 0.1631 0.1631 0.1461 52.0589 52.0589 25.7566 2.2564 
fa3 = 0.8542 0.2375 0.2375 0.2375 0.2375 0.2375 0.2375 0.2375 0.1910 0.1910 0.1910 0.1910 0.1910 0.1910 0.1910 0.1631 0.1631 0.1631 0.1631 0.1631 0.1631 0.1631 0.1461 52.0658 52.0658 25.7590 2.2565 
fa4 = 0.8545 0.2375 0.2375 0.2375 0.2375 0.2375 0.2375 0.2375 0.1910 0.1910 0.1910 0.1910 0.1910 0.1910 0.1910 0.1630 0.1630 0.1630 0.1630 0.1630 0.1630 0.1630 0.1461 52.6694 52.6694 26.0129 2.2496 
fb1 = -0.1716 -0.2013 -0.2013 -0.2013 -0.2013 -0.2013 -0.2013 -0.2013 -0.2109 -0.2109 -0.2109 -0.2109 -0.2109 -0.2109 -0.2109 -0.2199 -0.2199 -0.2199 -0.2199 -0.2199 -0.2199 -0.2199 -0.2275 0.0348 0.0348 0.0048 -0.0632 
fb2 = -0.1716 -0.2012 -0.2012 -0.2012 -0.2012 -0.2012 -0.2012 -0.2012 -0.2109 -0.2109 -0.2109 -0.2109 -0.2109 -0.2109 -0.2109 -0.2199 -0.2199 -0.2199 -0.2199 -0.2199 -0.2199 -0.2199 -0.2275 0.0358 0.0358 0.0053 -0.0631 
fb3 = -0.1716 -0.2012 -0.2012 -0.2012 -0.2012 -0.2012 -0.2012 -0.2012 -0.2109 -0.2109 -0.2109 -0.2109 -0.2109 -0.2109 -0.2109 -0.2199 -0.2199 -0.2199 -0.2199 -0.2199 -0.2199 -0.2199 -0.2275 0.0358 0.0358 0.0054 -0.0631 
fb4 = -0.1715 -0.2012 -0.2012 -0.2012 -0.2012 -0.2012 -0.2012 -0.2012 -0.2108 -0.2108 -0.2108 -0.2108 -0.2108 -0.2108 -0.2108 -0.2199 -0.2199 -0.2199 -0.2199 -0.2199 -0.2199 -0.2199 -0.2274 0.0369 0.0369 0.0059 -0.0631 
I = 14.9000 9.4000 9.4000 9.4000 9.4000 9.4000 9.4000 9.4000 6.0000 6.0000 6.0000 6.0000 6.0000 6.0000 6.0000 2.0000 2.0000 2.0000 2.0000 2.0000 2.0000 2.0000 -2.0000 26.4825 26.4825 10.0000 5.0849 
S1 = 0.0000 0.0000 0.0000 0.0000 0.0000 0.0000 0.0000 0.0000 0.0000 0.0000 0.0000 0.0000 0.0000 0.0000 0.0000 0.0000 0.0000 0.0000 0.0000 0.0000 0.0000 0.0000 0.0000 0.0000 0.0000 0.0000 0.0000 
S2 = 0.0000 0.0000 0.0000 0.0000 0.0000 0.0000 0.0000 0.0000 0.0000 0.0000 0.0000 0.0000 0.0000 0.0000 0.0000 0.0000 0.0000 0.0000 0.0000 0.0000 0.0000 0.0000 0.0000 2.4825 2.4825 0.0000 16.0849 
u = 7.8868 7.6871 7.6871 7.6871 7.6871 7.6871 7.6871 7.6871 7.6028 7.6028 7.6028 7.6028 7.6028 7.6028 7.6028 7.5191 7.5191 7.5191 7.5191 7.5191 7.5191 7.5191 7.4460 11.4800 11.4800 12.1472 9.0752 
v = 35.9891 26.5746 26.5746 26.5746 26.5746 26.5746 26.5746 26.5746 23.3192 23.3192 23.3192 23.3192 23.3192 23.3192 23.3192 20.2285 20.2285 20.2285 20.2285 20.2285 20.2285 20.2285 17.5989 66.6191 66.6191 62.2033 29.6102 
