ExternalI = 5.5000 0.0000 0.0000 0.0000 0.0000 0.0000 0.0000 0.0000 4.0000 4.0000 4.0000 4.0000 4.0000 4.0000 4.0000 0.0000 0.0000 0.0000 0.0000 0.0000 0.0000 0.0000 0.0000 8.0000 8.0000 0.0000 0.0000 
before u = 7.8868 7.6871 7.6871 7.6871 7.6871 7.6871 7.6871 7.6871 7.6028 7.6028 7.6028 7.6028 7.6028 7.6028 7.6028 7.5191 7.5191 7.5191 7.5191 7.5191 7.5191 7.5191 7.4460 11.4800 11.4800 12.1472 9.0752 
before v = 35.9891 26.5746 26.5746 26.5746 26.5746 26.5746 26.5746 26.5746 23.3192 23.3192 23.3192 23.3192 23.3192 23.3192 23.3192 20.2285 20.2285 20.2285 20.2285 20.2285 20.2285 20.2285 17.5989 66.6191 66.6191 62.2033 29.6102 
Ibias = 9.4000 9.4000 9.4000 9.4000 9.4000 9.4000 9.4000 9.4000 2.0000 2.0000 2.0000 2.0000 2.0000 2.0000 2.0000 2.0000 2.0000 2.0000 2.0000 2.0000 2.0000 2.0000 -2.0000 16.0000 16.0000 10.0000 -11.0000 
fa1 = 0.8545 0.2375 0.2375 0.2375 0.2375 0.2375 0.2375 0.2375 0.1910 0.1910 0.1910 0.1910 0.1910 0.1910 0.1910 0.1630 0.1630 0.1630 0.1630 0.1630 0.1630 0.1630 0.1461 52.6644 52.6644 26.0129 2.2175 
fa2 = 0.8549 0.2374 0.2374 0.2374 0.2374 0.2374 0.2374 0.2374 0.1909 0.1909 0.1909 0.1909 0.1909 0.1909 0.1909 0.1630 0.1630 0.1630 0.1630 0.1630 0.1630 0.1630 0.1460 53.2804 53.2804 26.2706 2.2108 
fa3 = 0.8549 0.2374 0.2374 0.2374 0.2374 0.2374 0.2374 0.2374 0.1909 0.1909 0.1909 0.1909 0.1909 0.1909 0.1909 0.1630 0.1630 0.1630 0.1630 0.1630 0.1630 0.1630 0.1460 53.2876 53.2876 26.2731 2.2108 
fa4 = 0.8552 0.2374 0.2374 0.2374 0.2374 0.2374 0.2374 0.2374 0.1909 0.1909 0.1909 0.1909 0.1909 0.1909 0.1909 0.1630 0.1630 0.1630 0.1630 0.1630 0.1630 0.1630 0.1460 53.9167 53.9167 26.5348 2.2042 
fb1 = -0.1715 -0.2012 -0.2012 -0.2012 -0.2012 -0.2012 -0.2012 -0.2012 -0.2108 -0.2108 -0.2108 -0.2108 -0.2108 -0.2108 -0.2108 -0.2199 -0.2199 -0.2199 -0.2199 -0.2199 -0.2199 -0.2199 -0.2274 0.0369 0.0369 0.0059 -0.0631 
fb2 = -0.1715 -0.2011 -0.2011 -0.2011 -0.2011 -0.2011 -0.2011 -0.2011 -0.2108 -0.2108 -0.2108 -0.2108 -0.2108 -0.2108 -0.2108 -0.2198 -0.2198 -0.2198 -0.2198 -0.2198 -0.2198 -0.2198 -0.2274 0.0379 0.0379 0.0064 -0.0630 
fb3 = -0.1715 -0.2011 -0.2011 -0.2011 -0.2011 -0.2011 -0.2011 -0.2011 -0.2108 -0.2108 -0.2108 -0.2108 -0.2108 -0.2108 -0.2108 -0.2198 -0.2198 -0.2198 -0.2198 -0.2198 -0.2198 -0.2198 -0.2274 0.0379 0.0379 0.0064 -0.0630 
fb4 = -0.1714 -0.2011 -0.2011 -0.2011 -0.2011 -0.2011 -0.2011 -0.2011 -0.2107 -0.2107 -0.2107 -0.2107 -0.2107 -0.2107 -0.2107 -0.2198 -0.2198 -0.2198 -0.2198 -0.2198 -0.2198 -0.2198 -0.2273 0.0390 0.0390 0.0069 -0.0630 
I = 14.9000 9.4000 9.4000 9.4000 9.4000 9.4000 9.4000 9.4000 6.0000 6.0000 6.0000 6.0000 6.0000 6.0000 6.0000 2.0000 2.0000 2.0000 2.0000 2.0000 2.0000 2.0000 -2.0000 26.4775 26.4775 10.0000 5.0527 
S1 = 0.0000 0.0000 0.0000 0.0000 0.0000 0.0000 0.0000 0.0000 0.0000 0.0000 0.0000 0.0000 0.0000 0.0000 0.0000 0.0000 0.0000 0.0000 0.0000 0.0000 0.0000 0.0000 0.0000 0.0000 0.0000 0.0000 0.0000 
S2 = 0.0000 0.0000 0.0000 0.0000 0.0000 0.0000 0.0000 0.0000 0.0000 0.0000 0.0000 0.0000 0.0000 0.0000 0.0000 0.0000 0.0000 0.0000 0.0000 0.0000 0.0000 0.0000 0.0000 2.4775 2.4775 0.0000 16.0527 
u = 7.8851 7.6851 7.6851 7.6851 7.6851 7.6851 7.6851 7.6851 7.6007 7.6007 7.6007 7.6007 7.6007 7.6007 7.6007 7.5169 7.5169 7.5169 7.5169 7.5169 7.5169 7.5169 7.4437 11.4804 11.4804 12.1473 9.0745 
v = 35.9977 26.5770 26.5770 26.5770 26.5770 26.5770 26.5770 26.5770 23.3211 23.3211 23.3211 23.3211 23.3211 23.3211 23.3211 20.2302 20.2302 20.2302 20.2302 20.2302 20.2302 20.2302 17.6004 67.1520 67.1520 62.4660 29.6323 
