ExternalI = 5.5000 0.0000 0.0000 0.0000 0.0000 0.0000 0.0000 0.0000 4.0000 4.0000 4.0000 4.0000 4.0000 4.0000 4.0000 0.0000 0.0000 0.0000 0.0000 0.0000 0.0000 0.0000 0.0000 8.0000 8.0000 0.0000 0.0000 
before u = 7.8851 7.6851 7.6851 7.6851 7.6851 7.6851 7.6851 7.6851 7.6007 7.6007 7.6007 7.6007 7.6007 7.6007 7.6007 7.5169 7.5169 7.5169 7.5169 7.5169 7.5169 7.5169 7.4437 11.4804 11.4804 12.1473 9.0745 
before v = 35.9977 26.5770 26.5770 26.5770 26.5770 26.5770 26.5770 26.5770 23.3211 23.3211 23.3211 23.3211 23.3211 23.3211 23.3211 20.2302 20.2302 20.2302 20.2302 20.2302 20.2302 20.2302 17.6004 67.1520 67.1520 62.4660 29.6323 
Ibias = 9.4000 9.4000 9.4000 9.4000 9.4000 9.4000 9.4000 9.4000 2.0000 2.0000 2.0000 2.0000 2.0000 2.0000 2.0000 2.0000 2.0000 2.0000 2.0000 2.0000 2.0000 2.0000 -2.0000 16.0000 16.0000 10.0000 -11.0000 
fa1 = 0.8552 0.2374 0.2374 0.2374 0.2374 0.2374 0.2374 0.2374 0.1909 0.1909 0.1909 0.1909 0.1909 0.1909 0.1909 0.1630 0.1630 0.1630 0.1630 0.1630 0.1630 0.1630 0.1460 53.9117 53.9117 26.5348 2.1721 
fa2 = 0.8555 0.2374 0.2374 0.2374 0.2374 0.2374 0.2374 0.2374 0.1909 0.1909 0.1909 0.1909 0.1909 0.1909 0.1909 0.1630 0.1630 0.1630 0.1630 0.1630 0.1630 0.1630 0.1460 54.5539 54.5539 26.8004 2.1655 
fa3 = 0.8555 0.2374 0.2374 0.2374 0.2374 0.2374 0.2374 0.2374 0.1909 0.1909 0.1909 0.1909 0.1909 0.1909 0.1909 0.1630 0.1630 0.1630 0.1630 0.1630 0.1630 0.1630 0.1460 54.5616 54.5616 26.8031 2.1656 
fa4 = 0.8559 0.2373 0.2373 0.2373 0.2373 0.2373 0.2373 0.2373 0.1909 0.1909 0.1909 0.1909 0.1909 0.1909 0.1909 0.1629 0.1629 0.1629 0.1629 0.1629 0.1629 0.1629 0.1460 55.2175 55.2175 27.0729 2.1591 
fb1 = -0.1714 -0.2011 -0.2011 -0.2011 -0.2011 -0.2011 -0.2011 -0.2011 -0.2107 -0.2107 -0.2107 -0.2107 -0.2107 -0.2107 -0.2107 -0.2198 -0.2198 -0.2198 -0.2198 -0.2198 -0.2198 -0.2198 -0.2273 0.0390 0.0390 0.0069 -0.0630 
fb2 = -0.1714 -0.2011 -0.2011 -0.2011 -0.2011 -0.2011 -0.2011 -0.2011 -0.2107 -0.2107 -0.2107 -0.2107 -0.2107 -0.2107 -0.2107 -0.2197 -0.2197 -0.2197 -0.2197 -0.2197 -0.2197 -0.2197 -0.2273 0.0401 0.0401 0.0074 -0.0629 
fb3 = -0.1714 -0.2011 -0.2011 -0.2011 -0.2011 -0.2011 -0.2011 -0.2011 -0.2107 -0.2107 -0.2107 -0.2107 -0.2107 -0.2107 -0.2107 -0.2197 -0.2197 -0.2197 -0.2197 -0.2197 -0.2197 -0.2197 -0.2273 0.0401 0.0401 0.0075 -0.0629 
fb4 = -0.1713 -0.2010 -0.2010 -0.2010 -0.2010 -0.2010 -0.2010 -0.2010 -0.2107 -0.2107 -0.2107 -0.2107 -0.2107 -0.2107 -0.2107 -0.2197 -0.2197 -0.2197 -0.2197 -0.2197 -0.2197 -0.2197 -0.2273 0.0412 0.0412 0.0080 -0.0629 
I = 14.9000 9.4000 9.4000 9.4000 9.4000 9.4000 9.4000 9.4000 6.0000 6.0000 6.0000 6.0000 6.0000 6.0000 6.0000 2.0000 2.0000 2.0000 2.0000 2.0000 2.0000 2.0000 -2.0000 26.4726 26.4726 10.0000 5.0206 
S1 = 0.0000 0.0000 0.0000 0.0000 0.0000 0.0000 0.0000 0.0000 0.0000 0.0000 0.0000 0.0000 0.0000 0.0000 0.0000 0.0000 0.0000 0.0000 0.0000 0.0000 0.0000 0.0000 0.0000 0.0000 0.0000 0.0000 0.0000 
S2 = 0.0000 0.0000 0.0000 0.0000 0.0000 0.0000 0.0000 0.0000 0.0000 0.0000 0.0000 0.0000 0.0000 0.0000 0.0000 0.0000 0.0000 0.0000 0.0000 0.0000 0.0000 0.0000 0.0000 2.4726 2.4726 0.0000 16.0206 
u = 7.8834 7.6831 7.6831 7.6831 7.6831 7.6831 7.6831 7.6831 7.5986 7.5986 7.5986 7.5986 7.5986 7.5986 7.5986 7.5147 7.5147 7.5147 7.5147 7.5147 7.5147 7.5147 7.4415 11.4808 11.4808 12.1473 9.0739 
v = 36.0062 26.5794 26.5794 26.5794 26.5794 26.5794 26.5794 26.5794 23.3231 23.3231 23.3231 23.3231 23.3231 23.3231 23.3231 20.2318 20.2318 20.2318 20.2318 20.2318 20.2318 20.2318 17.6019 67.6976 67.6976 62.7340 29.6539 
