ExternalI = 5.5000 0.0000 0.0000 0.0000 0.0000 0.0000 0.0000 0.0000 4.0000 4.0000 4.0000 4.0000 4.0000 4.0000 4.0000 0.0000 0.0000 0.0000 0.0000 0.0000 0.0000 0.0000 0.0000 8.0000 8.0000 0.0000 0.0000 
before u = 7.8834 7.6831 7.6831 7.6831 7.6831 7.6831 7.6831 7.6831 7.5986 7.5986 7.5986 7.5986 7.5986 7.5986 7.5986 7.5147 7.5147 7.5147 7.5147 7.5147 7.5147 7.5147 7.4415 11.4808 11.4808 12.1473 9.0739 
before v = 36.0062 26.5794 26.5794 26.5794 26.5794 26.5794 26.5794 26.5794 23.3231 23.3231 23.3231 23.3231 23.3231 23.3231 23.3231 20.2318 20.2318 20.2318 20.2318 20.2318 20.2318 20.2318 17.6019 67.6976 67.6976 62.7340 29.6539 
Ibias = 9.4000 9.4000 9.4000 9.4000 9.4000 9.4000 9.4000 9.4000 2.0000 2.0000 2.0000 2.0000 2.0000 2.0000 2.0000 2.0000 2.0000 2.0000 2.0000 2.0000 2.0000 2.0000 -2.0000 16.0000 16.0000 10.0000 -11.0000 
fa1 = 0.8559 0.2373 0.2373 0.2373 0.2373 0.2373 0.2373 0.2373 0.1909 0.1909 0.1909 0.1909 0.1909 0.1909 0.1909 0.1629 0.1629 0.1629 0.1629 0.1629 0.1629 0.1629 0.1460 55.2126 55.2126 27.0729 2.1270 
fa2 = 0.8562 0.2373 0.2373 0.2373 0.2373 0.2373 0.2373 0.2373 0.1908 0.1908 0.1908 0.1908 0.1908 0.1908 0.1908 0.1629 0.1629 0.1629 0.1629 0.1629 0.1629 0.1629 0.1459 55.8823 55.8823 27.3469 2.1207 
fa3 = 0.8562 0.2373 0.2373 0.2373 0.2373 0.2373 0.2373 0.2373 0.1908 0.1908 0.1908 0.1908 0.1908 0.1908 0.1908 0.1629 0.1629 0.1629 0.1629 0.1629 0.1629 0.1629 0.1459 55.8905 55.8905 27.3496 2.1207 
fa4 = 0.8566 0.2373 0.2373 0.2373 0.2373 0.2373 0.2373 0.2373 0.1908 0.1908 0.1908 0.1908 0.1908 0.1908 0.1908 0.1629 0.1629 0.1629 0.1629 0.1629 0.1629 0.1629 0.1459 56.5748 56.5748 27.6279 2.1144 
fb1 = -0.1713 -0.2010 -0.2010 -0.2010 -0.2010 -0.2010 -0.2010 -0.2010 -0.2107 -0.2107 -0.2107 -0.2107 -0.2107 -0.2107 -0.2107 -0.2197 -0.2197 -0.2197 -0.2197 -0.2197 -0.2197 -0.2197 -0.2273 0.0412 0.0412 0.0080 -0.0629 
fb2 = -0.1713 -0.2010 -0.2010 -0.2010 -0.2010 -0.2010 -0.2010 -0.2010 -0.2106 -0.2106 -0.2106 -0.2106 -0.2106 -0.2106 -0.2106 -0.2196 -0.2196 -0.2196 -0.2196 -0.2196 -0.2196 -0.2196 -0.2272 0.0423 0.0423 0.0085 -0.0628 
fb3 = -0.1713 -0.2010 -0.2010 -0.2010 -0.2010 -0.2010 -0.2010 -0.2010 -0.2106 -0.2106 -0.2106 -0.2106 -0.2106 -0.2106 -0.2106 -0.2196 -0.2196 -0.2196 -0.2196 -0.2196 -0.2196 -0.2196 -0.2272 0.0423 0.0423 0.0085 -0.0628 
fb4 = -0.1712 -0.2009 -0.2009 -0.2009 -0.2009 -0.2009 -0.2009 -0.2009 -0.2106 -0.2106 -0.2106 -0.2106 -0.2106 -0.2106 -0.2106 -0.2196 -0.2196 -0.2196 -0.2196 -0.2196 -0.2196 -0.2196 -0.2272 0.0434 0.0434 0.0091 -0.0628 
I = 14.9000 9.4000 9.4000 9.4000 9.4000 9.4000 9.4000 9.4000 6.0000 6.0000 6.0000 6.0000 6.0000 6.0000 6.0000 2.0000 2.0000 2.0000 2.0000 2.0000 2.0000 2.0000 -2.0000 26.4676 26.4676 10.0000 4.9885 
S1 = 0.0000 0.0000 0.0000 0.0000 0.0000 0.0000 0.0000 0.0000 0.0000 0.0000 0.0000 0.0000 0.0000 0.0000 0.0000 0.0000 0.0000 0.0000 0.0000 0.0000 0.0000 0.0000 0.0000 0.0000 0.0000 0.0000 0.0000 
S2 = 0.0000 0.0000 0.0000 0.0000 0.0000 0.0000 0.0000 0.0000 0.0000 0.0000 0.0000 0.0000 0.0000 0.0000 0.0000 0.0000 0.0000 0.0000 0.0000 0.0000 0.0000 0.0000 0.0000 2.4676 2.4676 0.0000 15.9885 
u = 7.8817 7.6811 7.6811 7.6811 7.6811 7.6811 7.6811 7.6811 7.5965 7.5965 7.5965 7.5965 7.5965 7.5965 7.5965 7.5125 7.5125 7.5125 7.5125 7.5125 7.5125 7.5125 7.4392 11.4812 11.4812 12.1474 9.0733 
v = 36.0148 26.5817 26.5817 26.5817 26.5817 26.5817 26.5817 26.5817 23.3250 23.3250 23.3250 23.3250 23.3250 23.3250 23.3250 20.2334 20.2334 20.2334 20.2334 20.2334 20.2334 20.2334 17.6033 68.2564 68.2564 63.0075 29.6752 
