ExternalI = 5.5000 0.0000 0.0000 0.0000 0.0000 0.0000 0.0000 0.0000 4.0000 4.0000 4.0000 4.0000 4.0000 4.0000 4.0000 0.0000 0.0000 0.0000 0.0000 0.0000 0.0000 0.0000 0.0000 8.0000 8.0000 0.0000 0.0000 
before u = 7.8817 7.6811 7.6811 7.6811 7.6811 7.6811 7.6811 7.6811 7.5965 7.5965 7.5965 7.5965 7.5965 7.5965 7.5965 7.5125 7.5125 7.5125 7.5125 7.5125 7.5125 7.5125 7.4392 11.4812 11.4812 12.1474 9.0733 
before v = 36.0148 26.5817 26.5817 26.5817 26.5817 26.5817 26.5817 26.5817 23.3250 23.3250 23.3250 23.3250 23.3250 23.3250 23.3250 20.2334 20.2334 20.2334 20.2334 20.2334 20.2334 20.2334 17.6033 68.2564 68.2564 63.0075 29.6752 
Ibias = 9.4000 9.4000 9.4000 9.4000 9.4000 9.4000 9.4000 9.4000 2.0000 2.0000 2.0000 2.0000 2.0000 2.0000 2.0000 2.0000 2.0000 2.0000 2.0000 2.0000 2.0000 2.0000 -2.0000 16.0000 16.0000 10.0000 -11.0000 
fa1 = 0.8566 0.2373 0.2373 0.2373 0.2373 0.2373 0.2373 0.2373 0.1908 0.1908 0.1908 0.1908 0.1908 0.1908 0.1908 0.1629 0.1629 0.1629 0.1629 0.1629 0.1629 0.1629 0.1459 56.5699 56.5699 27.6279 2.0824 
fa2 = 0.8569 0.2372 0.2372 0.2372 0.2372 0.2372 0.2372 0.2372 0.1908 0.1908 0.1908 0.1908 0.1908 0.1908 0.1908 0.1628 0.1628 0.1628 0.1628 0.1628 0.1628 0.1628 0.1459 57.2688 57.2688 27.9105 2.0762 
fa3 = 0.8569 0.2372 0.2372 0.2372 0.2372 0.2372 0.2372 0.2372 0.1908 0.1908 0.1908 0.1908 0.1908 0.1908 0.1908 0.1628 0.1628 0.1628 0.1628 0.1628 0.1628 0.1628 0.1459 57.2775 57.2775 27.9134 2.0762 
fa4 = 0.8573 0.2372 0.2372 0.2372 0.2372 0.2372 0.2372 0.2372 0.1907 0.1907 0.1907 0.1907 0.1907 0.1907 0.1907 0.1628 0.1628 0.1628 0.1628 0.1628 0.1628 0.1628 0.1459 57.9919 57.9919 28.2005 2.0700 
fb1 = -0.1712 -0.2009 -0.2009 -0.2009 -0.2009 -0.2009 -0.2009 -0.2009 -0.2106 -0.2106 -0.2106 -0.2106 -0.2106 -0.2106 -0.2106 -0.2196 -0.2196 -0.2196 -0.2196 -0.2196 -0.2196 -0.2196 -0.2272 0.0434 0.0434 0.0091 -0.0628 
fb2 = -0.1712 -0.2009 -0.2009 -0.2009 -0.2009 -0.2009 -0.2009 -0.2009 -0.2105 -0.2105 -0.2105 -0.2105 -0.2105 -0.2105 -0.2105 -0.2195 -0.2195 -0.2195 -0.2195 -0.2195 -0.2195 -0.2195 -0.2271 0.0445 0.0445 0.0096 -0.0627 
fb3 = -0.1712 -0.2009 -0.2009 -0.2009 -0.2009 -0.2009 -0.2009 -0.2009 -0.2105 -0.2105 -0.2105 -0.2105 -0.2105 -0.2105 -0.2105 -0.2195 -0.2195 -0.2195 -0.2195 -0.2195 -0.2195 -0.2195 -0.2271 0.0445 0.0445 0.0096 -0.0627 
fb4 = -0.1711 -0.2008 -0.2008 -0.2008 -0.2008 -0.2008 -0.2008 -0.2008 -0.2105 -0.2105 -0.2105 -0.2105 -0.2105 -0.2105 -0.2105 -0.2195 -0.2195 -0.2195 -0.2195 -0.2195 -0.2195 -0.2195 -0.2271 0.0457 0.0457 0.0102 -0.0627 
I = 14.9000 9.4000 9.4000 9.4000 9.4000 9.4000 9.4000 9.4000 6.0000 6.0000 6.0000 6.0000 6.0000 6.0000 6.0000 2.0000 2.0000 2.0000 2.0000 2.0000 2.0000 2.0000 -2.0000 26.4627 26.4627 10.0000 4.9566 
S1 = 0.0000 0.0000 0.0000 0.0000 0.0000 0.0000 0.0000 0.0000 0.0000 0.0000 0.0000 0.0000 0.0000 0.0000 0.0000 0.0000 0.0000 0.0000 0.0000 0.0000 0.0000 0.0000 0.0000 0.0000 0.0000 0.0000 0.0000 
S2 = 0.0000 0.0000 0.0000 0.0000 0.0000 0.0000 0.0000 0.0000 0.0000 0.0000 0.0000 0.0000 0.0000 0.0000 0.0000 0.0000 0.0000 0.0000 0.0000 0.0000 0.0000 0.0000 0.0000 2.4627 2.4627 0.0000 15.9566 
u = 7.8799 7.6791 7.6791 7.6791 7.6791 7.6791 7.6791 7.6791 7.5944 7.5944 7.5944 7.5944 7.5944 7.5944 7.5944 7.5103 7.5103 7.5103 7.5103 7.5103 7.5103 7.5103 7.4369 11.4816 11.4816 12.1475 9.0727 
v = 36.0233 26.5841 26.5841 26.5841 26.5841 26.5841 26.5841 26.5841 23.3269 23.3269 23.3269 23.3269 23.3269 23.3269 23.3269 20.2350 20.2350 20.2350 20.2350 20.2350 20.2350 20.2350 17.6048 68.8292 68.8292 63.2866 29.6959 
