ExternalI = 5.5000 0.0000 0.0000 0.0000 0.0000 0.0000 0.0000 0.0000 4.0000 4.0000 4.0000 4.0000 4.0000 4.0000 4.0000 0.0000 0.0000 0.0000 0.0000 0.0000 0.0000 0.0000 0.0000 8.0000 8.0000 0.0000 0.0000 
before u = 7.8799 7.6791 7.6791 7.6791 7.6791 7.6791 7.6791 7.6791 7.5944 7.5944 7.5944 7.5944 7.5944 7.5944 7.5944 7.5103 7.5103 7.5103 7.5103 7.5103 7.5103 7.5103 7.4369 11.4816 11.4816 12.1475 9.0727 
before v = 36.0233 26.5841 26.5841 26.5841 26.5841 26.5841 26.5841 26.5841 23.3269 23.3269 23.3269 23.3269 23.3269 23.3269 23.3269 20.2350 20.2350 20.2350 20.2350 20.2350 20.2350 20.2350 17.6048 68.8292 68.8292 63.2866 29.6959 
Ibias = 9.4000 9.4000 9.4000 9.4000 9.4000 9.4000 9.4000 9.4000 2.0000 2.0000 2.0000 2.0000 2.0000 2.0000 2.0000 2.0000 2.0000 2.0000 2.0000 2.0000 2.0000 2.0000 -2.0000 16.0000 16.0000 10.0000 -11.0000 
fa1 = 0.8573 0.2372 0.2372 0.2372 0.2372 0.2372 0.2372 0.2372 0.1907 0.1907 0.1907 0.1907 0.1907 0.1907 0.1907 0.1628 0.1628 0.1628 0.1628 0.1628 0.1628 0.1628 0.1459 57.9869 57.9869 28.2005 2.0381 
fa2 = 0.8576 0.2372 0.2372 0.2372 0.2372 0.2372 0.2372 0.2372 0.1907 0.1907 0.1907 0.1907 0.1907 0.1907 0.1907 0.1628 0.1628 0.1628 0.1628 0.1628 0.1628 0.1628 0.1458 58.7167 58.7167 28.4921 2.0321 
fa3 = 0.8576 0.2372 0.2372 0.2372 0.2372 0.2372 0.2372 0.2372 0.1907 0.1907 0.1907 0.1907 0.1907 0.1907 0.1907 0.1628 0.1628 0.1628 0.1628 0.1628 0.1628 0.1628 0.1458 58.7259 58.7259 28.4952 2.0321 
fa4 = 0.8580 0.2371 0.2371 0.2371 0.2371 0.2371 0.2371 0.2371 0.1907 0.1907 0.1907 0.1907 0.1907 0.1907 0.1907 0.1628 0.1628 0.1628 0.1628 0.1628 0.1628 0.1628 0.1458 59.4721 59.4721 28.7915 2.0261 
fb1 = -0.1711 -0.2008 -0.2008 -0.2008 -0.2008 -0.2008 -0.2008 -0.2008 -0.2105 -0.2105 -0.2105 -0.2105 -0.2105 -0.2105 -0.2105 -0.2195 -0.2195 -0.2195 -0.2195 -0.2195 -0.2195 -0.2195 -0.2271 0.0457 0.0457 0.0102 -0.0627 
fb2 = -0.1711 -0.2008 -0.2008 -0.2008 -0.2008 -0.2008 -0.2008 -0.2008 -0.2104 -0.2104 -0.2104 -0.2104 -0.2104 -0.2104 -0.2104 -0.2194 -0.2194 -0.2194 -0.2194 -0.2194 -0.2194 -0.2194 -0.2270 0.0468 0.0468 0.0108 -0.0626 
fb3 = -0.1711 -0.2008 -0.2008 -0.2008 -0.2008 -0.2008 -0.2008 -0.2008 -0.2104 -0.2104 -0.2104 -0.2104 -0.2104 -0.2104 -0.2104 -0.2194 -0.2194 -0.2194 -0.2194 -0.2194 -0.2194 -0.2194 -0.2270 0.0469 0.0469 0.0108 -0.0626 
fb4 = -0.1710 -0.2007 -0.2007 -0.2007 -0.2007 -0.2007 -0.2007 -0.2007 -0.2104 -0.2104 -0.2104 -0.2104 -0.2104 -0.2104 -0.2104 -0.2194 -0.2194 -0.2194 -0.2194 -0.2194 -0.2194 -0.2194 -0.2270 0.0480 0.0480 0.0113 -0.0626 
I = 14.9000 9.4000 9.4000 9.4000 9.4000 9.4000 9.4000 9.4000 6.0000 6.0000 6.0000 6.0000 6.0000 6.0000 6.0000 2.0000 2.0000 2.0000 2.0000 2.0000 2.0000 2.0000 -2.0000 26.4578 26.4578 10.0000 4.9246 
S1 = 0.0000 0.0000 0.0000 0.0000 0.0000 0.0000 0.0000 0.0000 0.0000 0.0000 0.0000 0.0000 0.0000 0.0000 0.0000 0.0000 0.0000 0.0000 0.0000 0.0000 0.0000 0.0000 0.0000 0.0000 0.0000 0.0000 0.0000 
S2 = 0.0000 0.0000 0.0000 0.0000 0.0000 0.0000 0.0000 0.0000 0.0000 0.0000 0.0000 0.0000 0.0000 0.0000 0.0000 0.0000 0.0000 0.0000 0.0000 0.0000 0.0000 0.0000 0.0000 2.4578 2.4578 0.0000 15.9246 
u = 7.8782 7.6771 7.6771 7.6771 7.6771 7.6771 7.6771 7.6771 7.5923 7.5923 7.5923 7.5923 7.5923 7.5923 7.5923 7.5081 7.5081 7.5081 7.5081 7.5081 7.5081 7.5081 7.4347 11.4821 11.4821 12.1476 9.0720 
v = 36.0319 26.5865 26.5865 26.5865 26.5865 26.5865 26.5865 26.5865 23.3288 23.3288 23.3288 23.3288 23.3288 23.3288 23.3288 20.2367 20.2367 20.2367 20.2367 20.2367 20.2367 20.2367 17.6062 69.4164 69.4164 63.5716 29.7162 
