ExternalI = 5.5000 0.0000 0.0000 0.0000 0.0000 0.0000 0.0000 0.0000 4.0000 4.0000 4.0000 4.0000 4.0000 4.0000 4.0000 0.0000 0.0000 0.0000 0.0000 0.0000 0.0000 0.0000 0.0000 8.0000 8.0000 0.0000 0.0000 
before u = 7.8782 7.6771 7.6771 7.6771 7.6771 7.6771 7.6771 7.6771 7.5923 7.5923 7.5923 7.5923 7.5923 7.5923 7.5923 7.5081 7.5081 7.5081 7.5081 7.5081 7.5081 7.5081 7.4347 11.4821 11.4821 12.1476 9.0720 
before v = 36.0319 26.5865 26.5865 26.5865 26.5865 26.5865 26.5865 26.5865 23.3288 23.3288 23.3288 23.3288 23.3288 23.3288 23.3288 20.2367 20.2367 20.2367 20.2367 20.2367 20.2367 20.2367 17.6062 69.4164 69.4164 63.5716 29.7162 
Ibias = 9.4000 9.4000 9.4000 9.4000 9.4000 9.4000 9.4000 9.4000 2.0000 2.0000 2.0000 2.0000 2.0000 2.0000 2.0000 2.0000 2.0000 2.0000 2.0000 2.0000 2.0000 2.0000 -2.0000 16.0000 16.0000 10.0000 -11.0000 
fa1 = 0.8580 0.2371 0.2371 0.2371 0.2371 0.2371 0.2371 0.2371 0.1907 0.1907 0.1907 0.1907 0.1907 0.1907 0.1907 0.1628 0.1628 0.1628 0.1628 0.1628 0.1628 0.1628 0.1458 59.4671 59.4671 28.7915 1.9942 
fa2 = 0.8583 0.2371 0.2371 0.2371 0.2371 0.2371 0.2371 0.2371 0.1907 0.1907 0.1907 0.1907 0.1907 0.1907 0.1907 0.1627 0.1627 0.1627 0.1627 0.1627 0.1627 0.1627 0.1458 60.2296 60.2296 29.0925 1.9883 
fa3 = 0.8583 0.2371 0.2371 0.2371 0.2371 0.2371 0.2371 0.2371 0.1907 0.1907 0.1907 0.1907 0.1907 0.1907 0.1907 0.1627 0.1627 0.1627 0.1627 0.1627 0.1627 0.1627 0.1458 60.2394 60.2394 29.0957 1.9884 
fa4 = 0.8587 0.2371 0.2371 0.2371 0.2371 0.2371 0.2371 0.2371 0.1906 0.1906 0.1906 0.1906 0.1906 0.1906 0.1906 0.1627 0.1627 0.1627 0.1627 0.1627 0.1627 0.1627 0.1458 61.0192 61.0192 29.4016 1.9825 
fb1 = -0.1710 -0.2007 -0.2007 -0.2007 -0.2007 -0.2007 -0.2007 -0.2007 -0.2104 -0.2104 -0.2104 -0.2104 -0.2104 -0.2104 -0.2104 -0.2194 -0.2194 -0.2194 -0.2194 -0.2194 -0.2194 -0.2194 -0.2270 0.0480 0.0480 0.0113 -0.0626 
fb2 = -0.1710 -0.2007 -0.2007 -0.2007 -0.2007 -0.2007 -0.2007 -0.2007 -0.2103 -0.2103 -0.2103 -0.2103 -0.2103 -0.2103 -0.2103 -0.2193 -0.2193 -0.2193 -0.2193 -0.2193 -0.2193 -0.2193 -0.2269 0.0492 0.0492 0.0119 -0.0625 
fb3 = -0.1710 -0.2007 -0.2007 -0.2007 -0.2007 -0.2007 -0.2007 -0.2007 -0.2103 -0.2103 -0.2103 -0.2103 -0.2103 -0.2103 -0.2103 -0.2193 -0.2193 -0.2193 -0.2193 -0.2193 -0.2193 -0.2193 -0.2269 0.0492 0.0492 0.0119 -0.0625 
fb4 = -0.1709 -0.2006 -0.2006 -0.2006 -0.2006 -0.2006 -0.2006 -0.2006 -0.2103 -0.2103 -0.2103 -0.2103 -0.2103 -0.2103 -0.2103 -0.2193 -0.2193 -0.2193 -0.2193 -0.2193 -0.2193 -0.2193 -0.2269 0.0504 0.0504 0.0125 -0.0625 
I = 14.9000 9.4000 9.4000 9.4000 9.4000 9.4000 9.4000 9.4000 6.0000 6.0000 6.0000 6.0000 6.0000 6.0000 6.0000 2.0000 2.0000 2.0000 2.0000 2.0000 2.0000 2.0000 -2.0000 26.4528 26.4528 10.0000 4.8928 
S1 = 0.0000 0.0000 0.0000 0.0000 0.0000 0.0000 0.0000 0.0000 0.0000 0.0000 0.0000 0.0000 0.0000 0.0000 0.0000 0.0000 0.0000 0.0000 0.0000 0.0000 0.0000 0.0000 0.0000 0.0000 0.0000 0.0000 0.0000 
S2 = 0.0000 0.0000 0.0000 0.0000 0.0000 0.0000 0.0000 0.0000 0.0000 0.0000 0.0000 0.0000 0.0000 0.0000 0.0000 0.0000 0.0000 0.0000 0.0000 0.0000 0.0000 0.0000 0.0000 2.4528 2.4528 0.0000 15.8928 
u = 7.8765 7.6750 7.6750 7.6750 7.6750 7.6750 7.6750 7.6750 7.5902 7.5902 7.5902 7.5902 7.5902 7.5902 7.5902 7.5059 7.5059 7.5059 7.5059 7.5059 7.5059 7.5059 7.4324 11.4826 11.4826 12.1477 9.0714 
v = 36.0405 26.5888 26.5888 26.5888 26.5888 26.5888 26.5888 26.5888 23.3307 23.3307 23.3307 23.3307 23.3307 23.3307 23.3307 20.2383 20.2383 20.2383 20.2383 20.2383 20.2383 20.2383 17.6077 70.0188 70.0188 63.8625 29.7361 
