ExternalI = 5.5000 0.0000 0.0000 0.0000 0.0000 0.0000 0.0000 0.0000 4.0000 4.0000 4.0000 4.0000 4.0000 4.0000 4.0000 0.0000 0.0000 0.0000 0.0000 0.0000 0.0000 0.0000 0.0000 8.0000 8.0000 0.0000 0.0000 
before u = 7.8765 7.6750 7.6750 7.6750 7.6750 7.6750 7.6750 7.6750 7.5902 7.5902 7.5902 7.5902 7.5902 7.5902 7.5902 7.5059 7.5059 7.5059 7.5059 7.5059 7.5059 7.5059 7.4324 11.4826 11.4826 12.1477 9.0714 
before v = 36.0405 26.5888 26.5888 26.5888 26.5888 26.5888 26.5888 26.5888 23.3307 23.3307 23.3307 23.3307 23.3307 23.3307 23.3307 20.2383 20.2383 20.2383 20.2383 20.2383 20.2383 20.2383 17.6077 70.0188 70.0188 63.8625 29.7361 
Ibias = 9.4000 9.4000 9.4000 9.4000 9.4000 9.4000 9.4000 9.4000 2.0000 2.0000 2.0000 2.0000 2.0000 2.0000 2.0000 2.0000 2.0000 2.0000 2.0000 2.0000 2.0000 2.0000 -2.0000 16.0000 16.0000 10.0000 -11.0000 
fa1 = 0.8587 0.2371 0.2371 0.2371 0.2371 0.2371 0.2371 0.2371 0.1906 0.1906 0.1906 0.1906 0.1906 0.1906 0.1906 0.1627 0.1627 0.1627 0.1627 0.1627 0.1627 0.1627 0.1458 61.0143 61.0143 29.4016 1.9507 
fa2 = 0.8590 0.2371 0.2371 0.2371 0.2371 0.2371 0.2371 0.2371 0.1906 0.1906 0.1906 0.1906 0.1906 0.1906 0.1906 0.1627 0.1627 0.1627 0.1627 0.1627 0.1627 0.1627 0.1457 61.8114 61.8114 29.7124 1.9450 
fa3 = 0.8590 0.2371 0.2371 0.2371 0.2371 0.2371 0.2371 0.2371 0.1906 0.1906 0.1906 0.1906 0.1906 0.1906 0.1906 0.1627 0.1627 0.1627 0.1627 0.1627 0.1627 0.1627 0.1457 61.8219 61.8219 29.7157 1.9450 
fa4 = 0.8594 0.2370 0.2370 0.2370 0.2370 0.2370 0.2370 0.2370 0.1906 0.1906 0.1906 0.1906 0.1906 0.1906 0.1906 0.1627 0.1627 0.1627 0.1627 0.1627 0.1627 0.1627 0.1457 62.6373 62.6373 30.0317 1.9393 
fb1 = -0.1709 -0.2006 -0.2006 -0.2006 -0.2006 -0.2006 -0.2006 -0.2006 -0.2103 -0.2103 -0.2103 -0.2103 -0.2103 -0.2103 -0.2103 -0.2193 -0.2193 -0.2193 -0.2193 -0.2193 -0.2193 -0.2193 -0.2269 0.0504 0.0504 0.0125 -0.0625 
fb2 = -0.1708 -0.2006 -0.2006 -0.2006 -0.2006 -0.2006 -0.2006 -0.2006 -0.2102 -0.2102 -0.2102 -0.2102 -0.2102 -0.2102 -0.2102 -0.2192 -0.2192 -0.2192 -0.2192 -0.2192 -0.2192 -0.2192 -0.2268 0.0516 0.0516 0.0131 -0.0624 
fb3 = -0.1708 -0.2006 -0.2006 -0.2006 -0.2006 -0.2006 -0.2006 -0.2006 -0.2102 -0.2102 -0.2102 -0.2102 -0.2102 -0.2102 -0.2102 -0.2192 -0.2192 -0.2192 -0.2192 -0.2192 -0.2192 -0.2192 -0.2268 0.0517 0.0517 0.0131 -0.0624 
fb4 = -0.1708 -0.2006 -0.2006 -0.2006 -0.2006 -0.2006 -0.2006 -0.2006 -0.2102 -0.2102 -0.2102 -0.2102 -0.2102 -0.2102 -0.2102 -0.2192 -0.2192 -0.2192 -0.2192 -0.2192 -0.2192 -0.2192 -0.2268 0.0529 0.0529 0.0137 -0.0624 
I = 14.9000 9.4000 9.4000 9.4000 9.4000 9.4000 9.4000 9.4000 6.0000 6.0000 6.0000 6.0000 6.0000 6.0000 6.0000 2.0000 2.0000 2.0000 2.0000 2.0000 2.0000 2.0000 -2.0000 26.4479 26.4479 10.0000 4.8610 
S1 = 0.0000 0.0000 0.0000 0.0000 0.0000 0.0000 0.0000 0.0000 0.0000 0.0000 0.0000 0.0000 0.0000 0.0000 0.0000 0.0000 0.0000 0.0000 0.0000 0.0000 0.0000 0.0000 0.0000 0.0000 0.0000 0.0000 0.0000 
S2 = 0.0000 0.0000 0.0000 0.0000 0.0000 0.0000 0.0000 0.0000 0.0000 0.0000 0.0000 0.0000 0.0000 0.0000 0.0000 0.0000 0.0000 0.0000 0.0000 0.0000 0.0000 0.0000 0.0000 2.4479 2.4479 0.0000 15.8610 
u = 7.8748 7.6730 7.6730 7.6730 7.6730 7.6730 7.6730 7.6730 7.5881 7.5881 7.5881 7.5881 7.5881 7.5881 7.5881 7.5038 7.5038 7.5038 7.5038 7.5038 7.5038 7.5038 7.4301 11.4831 11.4831 12.1479 9.0708 
v = 36.0491 26.5912 26.5912 26.5912 26.5912 26.5912 26.5912 26.5912 23.3326 23.3326 23.3326 23.3326 23.3326 23.3326 23.3326 20.2399 20.2399 20.2399 20.2399 20.2399 20.2399 20.2399 17.6092 70.6370 70.6370 64.1597 29.7556 
