ExternalI = 5.5000 0.0000 0.0000 0.0000 0.0000 0.0000 0.0000 0.0000 4.0000 4.0000 4.0000 4.0000 4.0000 4.0000 4.0000 0.0000 0.0000 0.0000 0.0000 0.0000 0.0000 0.0000 0.0000 8.0000 8.0000 0.0000 0.0000 
before u = 7.8748 7.6730 7.6730 7.6730 7.6730 7.6730 7.6730 7.6730 7.5881 7.5881 7.5881 7.5881 7.5881 7.5881 7.5881 7.5038 7.5038 7.5038 7.5038 7.5038 7.5038 7.5038 7.4301 11.4831 11.4831 12.1479 9.0708 
before v = 36.0491 26.5912 26.5912 26.5912 26.5912 26.5912 26.5912 26.5912 23.3326 23.3326 23.3326 23.3326 23.3326 23.3326 23.3326 20.2399 20.2399 20.2399 20.2399 20.2399 20.2399 20.2399 17.6092 70.6370 70.6370 64.1597 29.7556 
Ibias = 9.4000 9.4000 9.4000 9.4000 9.4000 9.4000 9.4000 9.4000 2.0000 2.0000 2.0000 2.0000 2.0000 2.0000 2.0000 2.0000 2.0000 2.0000 2.0000 2.0000 2.0000 2.0000 -2.0000 16.0000 16.0000 10.0000 -11.0000 
fa1 = 0.8594 0.2370 0.2370 0.2370 0.2370 0.2370 0.2370 0.2370 0.1906 0.1906 0.1906 0.1906 0.1906 0.1906 0.1906 0.1627 0.1627 0.1627 0.1627 0.1627 0.1627 0.1627 0.1457 62.6324 62.6324 30.0317 1.9075 
fa2 = 0.8597 0.2370 0.2370 0.2370 0.2370 0.2370 0.2370 0.2370 0.1905 0.1905 0.1905 0.1905 0.1905 0.1905 0.1905 0.1626 0.1626 0.1626 0.1626 0.1626 0.1626 0.1626 0.1457 63.4662 63.4662 30.3528 1.9020 
fa3 = 0.8597 0.2370 0.2370 0.2370 0.2370 0.2370 0.2370 0.2370 0.1905 0.1905 0.1905 0.1905 0.1905 0.1905 0.1905 0.1626 0.1626 0.1626 0.1626 0.1626 0.1626 0.1626 0.1457 63.4774 63.4774 30.3562 1.9020 
fa4 = 0.8601 0.2370 0.2370 0.2370 0.2370 0.2370 0.2370 0.2370 0.1905 0.1905 0.1905 0.1905 0.1905 0.1905 0.1905 0.1626 0.1626 0.1626 0.1626 0.1626 0.1626 0.1626 0.1457 64.3307 64.3307 30.6826 1.8964 
fb1 = -0.1708 -0.2006 -0.2006 -0.2006 -0.2006 -0.2006 -0.2006 -0.2006 -0.2102 -0.2102 -0.2102 -0.2102 -0.2102 -0.2102 -0.2102 -0.2192 -0.2192 -0.2192 -0.2192 -0.2192 -0.2192 -0.2192 -0.2268 0.0529 0.0529 0.0137 -0.0624 
fb2 = -0.1707 -0.2005 -0.2005 -0.2005 -0.2005 -0.2005 -0.2005 -0.2005 -0.2101 -0.2101 -0.2101 -0.2101 -0.2101 -0.2101 -0.2101 -0.2191 -0.2191 -0.2191 -0.2191 -0.2191 -0.2191 -0.2191 -0.2267 0.0541 0.0541 0.0143 -0.0623 
fb3 = -0.1707 -0.2005 -0.2005 -0.2005 -0.2005 -0.2005 -0.2005 -0.2005 -0.2101 -0.2101 -0.2101 -0.2101 -0.2101 -0.2101 -0.2101 -0.2191 -0.2191 -0.2191 -0.2191 -0.2191 -0.2191 -0.2191 -0.2267 0.0541 0.0541 0.0143 -0.0623 
fb4 = -0.1707 -0.2005 -0.2005 -0.2005 -0.2005 -0.2005 -0.2005 -0.2005 -0.2101 -0.2101 -0.2101 -0.2101 -0.2101 -0.2101 -0.2101 -0.2191 -0.2191 -0.2191 -0.2191 -0.2191 -0.2191 -0.2191 -0.2267 0.0554 0.0554 0.0149 -0.0623 
I = 14.9000 9.4000 9.4000 9.4000 9.4000 9.4000 9.4000 9.4000 6.0000 6.0000 6.0000 6.0000 6.0000 6.0000 6.0000 2.0000 2.0000 2.0000 2.0000 2.0000 2.0000 2.0000 -2.0000 26.4430 26.4430 10.0000 4.8293 
S1 = 0.0000 0.0000 0.0000 0.0000 0.0000 0.0000 0.0000 0.0000 0.0000 0.0000 0.0000 0.0000 0.0000 0.0000 0.0000 0.0000 0.0000 0.0000 0.0000 0.0000 0.0000 0.0000 0.0000 0.0000 0.0000 0.0000 0.0000 
S2 = 0.0000 0.0000 0.0000 0.0000 0.0000 0.0000 0.0000 0.0000 0.0000 0.0000 0.0000 0.0000 0.0000 0.0000 0.0000 0.0000 0.0000 0.0000 0.0000 0.0000 0.0000 0.0000 0.0000 2.4430 2.4430 0.0000 15.8293 
u = 7.8731 7.6710 7.6710 7.6710 7.6710 7.6710 7.6710 7.6710 7.5860 7.5860 7.5860 7.5860 7.5860 7.5860 7.5860 7.5016 7.5016 7.5016 7.5016 7.5016 7.5016 7.5016 7.4279 11.4836 11.4836 12.1480 9.0702 
v = 36.0577 26.5936 26.5936 26.5936 26.5936 26.5936 26.5936 26.5936 23.3345 23.3345 23.3345 23.3345 23.3345 23.3345 23.3345 20.2416 20.2416 20.2416 20.2416 20.2416 20.2416 20.2416 17.6106 71.2718 71.2718 64.4632 29.7746 
