ExternalI = 5.5000 0.0000 0.0000 0.0000 0.0000 0.0000 0.0000 0.0000 4.0000 4.0000 4.0000 4.0000 4.0000 4.0000 4.0000 0.0000 0.0000 0.0000 0.0000 0.0000 0.0000 0.0000 0.0000 8.0000 8.0000 0.0000 0.0000 
before u = 7.8731 7.6710 7.6710 7.6710 7.6710 7.6710 7.6710 7.6710 7.5860 7.5860 7.5860 7.5860 7.5860 7.5860 7.5860 7.5016 7.5016 7.5016 7.5016 7.5016 7.5016 7.5016 7.4279 11.4836 11.4836 12.1480 9.0702 
before v = 36.0577 26.5936 26.5936 26.5936 26.5936 26.5936 26.5936 26.5936 23.3345 23.3345 23.3345 23.3345 23.3345 23.3345 23.3345 20.2416 20.2416 20.2416 20.2416 20.2416 20.2416 20.2416 17.6106 71.2718 71.2718 64.4632 29.7746 
Ibias = 9.4000 9.4000 9.4000 9.4000 9.4000 9.4000 9.4000 9.4000 2.0000 2.0000 2.0000 2.0000 2.0000 2.0000 2.0000 2.0000 2.0000 2.0000 2.0000 2.0000 2.0000 2.0000 -2.0000 16.0000 16.0000 10.0000 -11.0000 
fa1 = 0.8601 0.2370 0.2370 0.2370 0.2370 0.2370 0.2370 0.2370 0.1905 0.1905 0.1905 0.1905 0.1905 0.1905 0.1905 0.1626 0.1626 0.1626 0.1626 0.1626 0.1626 0.1626 0.1457 64.3258 64.3258 30.6826 1.8647 
fa2 = 0.8605 0.2369 0.2369 0.2369 0.2369 0.2369 0.2369 0.2369 0.1905 0.1905 0.1905 0.1905 0.1905 0.1905 0.1905 0.1626 0.1626 0.1626 0.1626 0.1626 0.1626 0.1626 0.1456 65.1986 65.1986 31.0144 1.8593 
fa3 = 0.8605 0.2369 0.2369 0.2369 0.2369 0.2369 0.2369 0.2369 0.1905 0.1905 0.1905 0.1905 0.1905 0.1905 0.1905 0.1626 0.1626 0.1626 0.1626 0.1626 0.1626 0.1626 0.1456 65.2105 65.2105 31.0180 1.8593 
fa4 = 0.8608 0.2369 0.2369 0.2369 0.2369 0.2369 0.2369 0.2369 0.1905 0.1905 0.1905 0.1905 0.1905 0.1905 0.1905 0.1626 0.1626 0.1626 0.1626 0.1626 0.1626 0.1626 0.1456 66.1040 66.1040 31.3554 1.8539 
fb1 = -0.1707 -0.2005 -0.2005 -0.2005 -0.2005 -0.2005 -0.2005 -0.2005 -0.2101 -0.2101 -0.2101 -0.2101 -0.2101 -0.2101 -0.2101 -0.2191 -0.2191 -0.2191 -0.2191 -0.2191 -0.2191 -0.2191 -0.2267 0.0554 0.0554 0.0149 -0.0623 
fb2 = -0.1706 -0.2004 -0.2004 -0.2004 -0.2004 -0.2004 -0.2004 -0.2004 -0.2101 -0.2101 -0.2101 -0.2101 -0.2101 -0.2101 -0.2101 -0.2190 -0.2190 -0.2190 -0.2190 -0.2190 -0.2190 -0.2190 -0.2266 0.0567 0.0567 0.0155 -0.0623 
fb3 = -0.1706 -0.2004 -0.2004 -0.2004 -0.2004 -0.2004 -0.2004 -0.2004 -0.2101 -0.2101 -0.2101 -0.2101 -0.2101 -0.2101 -0.2101 -0.2190 -0.2190 -0.2190 -0.2190 -0.2190 -0.2190 -0.2190 -0.2266 0.0567 0.0567 0.0155 -0.0623 
fb4 = -0.1706 -0.2004 -0.2004 -0.2004 -0.2004 -0.2004 -0.2004 -0.2004 -0.2100 -0.2100 -0.2100 -0.2100 -0.2100 -0.2100 -0.2100 -0.2190 -0.2190 -0.2190 -0.2190 -0.2190 -0.2190 -0.2190 -0.2266 0.0580 0.0580 0.0161 -0.0622 
I = 14.9000 9.4000 9.4000 9.4000 9.4000 9.4000 9.4000 9.4000 6.0000 6.0000 6.0000 6.0000 6.0000 6.0000 6.0000 2.0000 2.0000 2.0000 2.0000 2.0000 2.0000 2.0000 -2.0000 26.4381 26.4381 10.0000 4.7976 
S1 = 0.0000 0.0000 0.0000 0.0000 0.0000 0.0000 0.0000 0.0000 0.0000 0.0000 0.0000 0.0000 0.0000 0.0000 0.0000 0.0000 0.0000 0.0000 0.0000 0.0000 0.0000 0.0000 0.0000 0.0000 0.0000 0.0000 0.0000 
S2 = 0.0000 0.0000 0.0000 0.0000 0.0000 0.0000 0.0000 0.0000 0.0000 0.0000 0.0000 0.0000 0.0000 0.0000 0.0000 0.0000 0.0000 0.0000 0.0000 0.0000 0.0000 0.0000 0.0000 2.4381 2.4381 0.0000 15.7976 
u = 7.8714 7.6690 7.6690 7.6690 7.6690 7.6690 7.6690 7.6690 7.5839 7.5839 7.5839 7.5839 7.5839 7.5839 7.5839 7.4994 7.4994 7.4994 7.4994 7.4994 7.4994 7.4994 7.4256 11.4842 11.4842 12.1482 9.0695 
v = 36.0663 26.5960 26.5960 26.5960 26.5960 26.5960 26.5960 26.5960 23.3364 23.3364 23.3364 23.3364 23.3364 23.3364 23.3364 20.2432 20.2432 20.2432 20.2432 20.2432 20.2432 20.2432 17.6121 71.9238 71.9238 64.7734 29.7932 
