ExternalI = 5.5000 0.0000 0.0000 0.0000 0.0000 0.0000 0.0000 0.0000 4.0000 4.0000 4.0000 4.0000 4.0000 4.0000 4.0000 0.0000 0.0000 0.0000 0.0000 0.0000 0.0000 0.0000 0.0000 8.0000 8.0000 0.0000 0.0000 
before u = 7.8714 7.6690 7.6690 7.6690 7.6690 7.6690 7.6690 7.6690 7.5839 7.5839 7.5839 7.5839 7.5839 7.5839 7.5839 7.4994 7.4994 7.4994 7.4994 7.4994 7.4994 7.4994 7.4256 11.4842 11.4842 12.1482 9.0695 
before v = 36.0663 26.5960 26.5960 26.5960 26.5960 26.5960 26.5960 26.5960 23.3364 23.3364 23.3364 23.3364 23.3364 23.3364 23.3364 20.2432 20.2432 20.2432 20.2432 20.2432 20.2432 20.2432 17.6121 71.9238 71.9238 64.7734 29.7932 
Ibias = 9.4000 9.4000 9.4000 9.4000 9.4000 9.4000 9.4000 9.4000 2.0000 2.0000 2.0000 2.0000 2.0000 2.0000 2.0000 2.0000 2.0000 2.0000 2.0000 2.0000 2.0000 2.0000 -2.0000 16.0000 16.0000 10.0000 -11.0000 
fa1 = 0.8608 0.2369 0.2369 0.2369 0.2369 0.2369 0.2369 0.2369 0.1905 0.1905 0.1905 0.1905 0.1905 0.1905 0.1905 0.1626 0.1626 0.1626 0.1626 0.1626 0.1626 0.1626 0.1456 66.0991 66.0991 31.3554 1.8223 
fa2 = 0.8612 0.2369 0.2369 0.2369 0.2369 0.2369 0.2369 0.2369 0.1904 0.1904 0.1904 0.1904 0.1904 0.1904 0.1904 0.1625 0.1625 0.1625 0.1625 0.1625 0.1625 0.1625 0.1456 67.0133 67.0133 31.6983 1.8170 
fa3 = 0.8612 0.2369 0.2369 0.2369 0.2369 0.2369 0.2369 0.2369 0.1904 0.1904 0.1904 0.1904 0.1904 0.1904 0.1904 0.1625 0.1625 0.1625 0.1625 0.1625 0.1625 0.1625 0.1456 67.0260 67.0260 31.7021 1.8170 
fa4 = 0.8615 0.2368 0.2368 0.2368 0.2368 0.2368 0.2368 0.2368 0.1904 0.1904 0.1904 0.1904 0.1904 0.1904 0.1904 0.1625 0.1625 0.1625 0.1625 0.1625 0.1625 0.1625 0.1456 67.9623 67.9623 32.0509 1.8117 
fb1 = -0.1706 -0.2004 -0.2004 -0.2004 -0.2004 -0.2004 -0.2004 -0.2004 -0.2100 -0.2100 -0.2100 -0.2100 -0.2100 -0.2100 -0.2100 -0.2190 -0.2190 -0.2190 -0.2190 -0.2190 -0.2190 -0.2190 -0.2266 0.0580 0.0580 0.0161 -0.0622 
fb2 = -0.1705 -0.2003 -0.2003 -0.2003 -0.2003 -0.2003 -0.2003 -0.2003 -0.2100 -0.2100 -0.2100 -0.2100 -0.2100 -0.2100 -0.2100 -0.2190 -0.2190 -0.2190 -0.2190 -0.2190 -0.2190 -0.2190 -0.2265 0.0593 0.0593 0.0168 -0.0622 
fb3 = -0.1705 -0.2003 -0.2003 -0.2003 -0.2003 -0.2003 -0.2003 -0.2003 -0.2100 -0.2100 -0.2100 -0.2100 -0.2100 -0.2100 -0.2100 -0.2190 -0.2190 -0.2190 -0.2190 -0.2190 -0.2190 -0.2190 -0.2265 0.0593 0.0593 0.0168 -0.0622 
fb4 = -0.1705 -0.2003 -0.2003 -0.2003 -0.2003 -0.2003 -0.2003 -0.2003 -0.2099 -0.2099 -0.2099 -0.2099 -0.2099 -0.2099 -0.2099 -0.2189 -0.2189 -0.2189 -0.2189 -0.2189 -0.2189 -0.2189 -0.2265 0.0607 0.0607 0.0174 -0.0621 
I = 14.9000 9.4000 9.4000 9.4000 9.4000 9.4000 9.4000 9.4000 6.0000 6.0000 6.0000 6.0000 6.0000 6.0000 6.0000 2.0000 2.0000 2.0000 2.0000 2.0000 2.0000 2.0000 -2.0000 26.4333 26.4333 10.0000 4.7660 
S1 = 0.0000 0.0000 0.0000 0.0000 0.0000 0.0000 0.0000 0.0000 0.0000 0.0000 0.0000 0.0000 0.0000 0.0000 0.0000 0.0000 0.0000 0.0000 0.0000 0.0000 0.0000 0.0000 0.0000 0.0000 0.0000 0.0000 0.0000 
S2 = 0.0000 0.0000 0.0000 0.0000 0.0000 0.0000 0.0000 0.0000 0.0000 0.0000 0.0000 0.0000 0.0000 0.0000 0.0000 0.0000 0.0000 0.0000 0.0000 0.0000 0.0000 0.0000 0.0000 2.4333 2.4333 0.0000 15.7660 
u = 7.8697 7.6670 7.6670 7.6670 7.6670 7.6670 7.6670 7.6670 7.5818 7.5818 7.5818 7.5818 7.5818 7.5818 7.5818 7.4972 7.4972 7.4972 7.4972 7.4972 7.4972 7.4972 7.4233 11.4848 11.4848 12.1483 9.0689 
v = 36.0749 26.5983 26.5983 26.5983 26.5983 26.5983 26.5983 26.5983 23.3383 23.3383 23.3383 23.3383 23.3383 23.3383 23.3383 20.2448 20.2448 20.2448 20.2448 20.2448 20.2448 20.2448 17.6135 72.5941 72.5941 65.0904 29.8114 
