ExternalI = 5.5000 0.0000 0.0000 0.0000 0.0000 0.0000 0.0000 0.0000 4.0000 4.0000 4.0000 4.0000 4.0000 4.0000 4.0000 0.0000 0.0000 0.0000 0.0000 0.0000 0.0000 0.0000 0.0000 8.0000 8.0000 0.0000 0.0000 
before u = 7.8697 7.6670 7.6670 7.6670 7.6670 7.6670 7.6670 7.6670 7.5818 7.5818 7.5818 7.5818 7.5818 7.5818 7.5818 7.4972 7.4972 7.4972 7.4972 7.4972 7.4972 7.4972 7.4233 11.4848 11.4848 12.1483 9.0689 
before v = 36.0749 26.5983 26.5983 26.5983 26.5983 26.5983 26.5983 26.5983 23.3383 23.3383 23.3383 23.3383 23.3383 23.3383 23.3383 20.2448 20.2448 20.2448 20.2448 20.2448 20.2448 20.2448 17.6135 72.5941 72.5941 65.0904 29.8114 
Ibias = 9.4000 9.4000 9.4000 9.4000 9.4000 9.4000 9.4000 9.4000 2.0000 2.0000 2.0000 2.0000 2.0000 2.0000 2.0000 2.0000 2.0000 2.0000 2.0000 2.0000 2.0000 2.0000 -2.0000 16.0000 16.0000 10.0000 -11.0000 
fa1 = 0.8615 0.2368 0.2368 0.2368 0.2368 0.2368 0.2368 0.2368 0.1904 0.1904 0.1904 0.1904 0.1904 0.1904 0.1904 0.1625 0.1625 0.1625 0.1625 0.1625 0.1625 0.1625 0.1456 67.9574 67.9574 32.0509 1.7802 
fa2 = 0.8619 0.2368 0.2368 0.2368 0.2368 0.2368 0.2368 0.2368 0.1904 0.1904 0.1904 0.1904 0.1904 0.1904 0.1904 0.1625 0.1625 0.1625 0.1625 0.1625 0.1625 0.1625 0.1455 68.9156 68.9156 32.4056 1.7750 
fa3 = 0.8619 0.2368 0.2368 0.2368 0.2368 0.2368 0.2368 0.2368 0.1904 0.1904 0.1904 0.1904 0.1904 0.1904 0.1904 0.1625 0.1625 0.1625 0.1625 0.1625 0.1625 0.1625 0.1455 68.9292 68.9292 32.4095 1.7750 
fa4 = 0.8623 0.2368 0.2368 0.2368 0.2368 0.2368 0.2368 0.2368 0.1903 0.1903 0.1903 0.1903 0.1903 0.1903 0.1903 0.1624 0.1624 0.1624 0.1624 0.1624 0.1624 0.1624 0.1455 69.9110 69.9110 32.7703 1.7699 
fb1 = -0.1705 -0.2003 -0.2003 -0.2003 -0.2003 -0.2003 -0.2003 -0.2003 -0.2099 -0.2099 -0.2099 -0.2099 -0.2099 -0.2099 -0.2099 -0.2189 -0.2189 -0.2189 -0.2189 -0.2189 -0.2189 -0.2189 -0.2265 0.0607 0.0607 0.0174 -0.0621 
fb2 = -0.1704 -0.2002 -0.2002 -0.2002 -0.2002 -0.2002 -0.2002 -0.2002 -0.2099 -0.2099 -0.2099 -0.2099 -0.2099 -0.2099 -0.2099 -0.2189 -0.2189 -0.2189 -0.2189 -0.2189 -0.2189 -0.2189 -0.2264 0.0620 0.0620 0.0180 -0.0621 
fb3 = -0.1704 -0.2002 -0.2002 -0.2002 -0.2002 -0.2002 -0.2002 -0.2002 -0.2099 -0.2099 -0.2099 -0.2099 -0.2099 -0.2099 -0.2099 -0.2189 -0.2189 -0.2189 -0.2189 -0.2189 -0.2189 -0.2189 -0.2264 0.0621 0.0621 0.0180 -0.0621 
fb4 = -0.1704 -0.2002 -0.2002 -0.2002 -0.2002 -0.2002 -0.2002 -0.2002 -0.2098 -0.2098 -0.2098 -0.2098 -0.2098 -0.2098 -0.2098 -0.2188 -0.2188 -0.2188 -0.2188 -0.2188 -0.2188 -0.2188 -0.2264 0.0634 0.0634 0.0187 -0.0620 
I = 14.9000 9.4000 9.4000 9.4000 9.4000 9.4000 9.4000 9.4000 6.0000 6.0000 6.0000 6.0000 6.0000 6.0000 6.0000 2.0000 2.0000 2.0000 2.0000 2.0000 2.0000 2.0000 -2.0000 26.4284 26.4284 10.0000 4.7345 
S1 = 0.0000 0.0000 0.0000 0.0000 0.0000 0.0000 0.0000 0.0000 0.0000 0.0000 0.0000 0.0000 0.0000 0.0000 0.0000 0.0000 0.0000 0.0000 0.0000 0.0000 0.0000 0.0000 0.0000 0.0000 0.0000 0.0000 0.0000 
S2 = 0.0000 0.0000 0.0000 0.0000 0.0000 0.0000 0.0000 0.0000 0.0000 0.0000 0.0000 0.0000 0.0000 0.0000 0.0000 0.0000 0.0000 0.0000 0.0000 0.0000 0.0000 0.0000 0.0000 2.4284 2.4284 0.0000 15.7345 
u = 7.8680 7.6650 7.6650 7.6650 7.6650 7.6650 7.6650 7.6650 7.5797 7.5797 7.5797 7.5797 7.5797 7.5797 7.5797 7.4950 7.4950 7.4950 7.4950 7.4950 7.4950 7.4950 7.4211 11.4854 11.4854 12.1485 9.0683 
v = 36.0835 26.6007 26.6007 26.6007 26.6007 26.6007 26.6007 26.6007 23.3402 23.3402 23.3402 23.3402 23.3402 23.3402 23.3402 20.2464 20.2464 20.2464 20.2464 20.2464 20.2464 20.2464 17.6150 73.2833 73.2833 65.4145 29.8291 
