ExternalI = 5.5000 0.0000 0.0000 0.0000 0.0000 0.0000 0.0000 0.0000 4.0000 4.0000 4.0000 4.0000 4.0000 4.0000 4.0000 0.0000 0.0000 0.0000 0.0000 0.0000 0.0000 0.0000 0.0000 8.0000 8.0000 0.0000 0.0000 
before u = 7.8680 7.6650 7.6650 7.6650 7.6650 7.6650 7.6650 7.6650 7.5797 7.5797 7.5797 7.5797 7.5797 7.5797 7.5797 7.4950 7.4950 7.4950 7.4950 7.4950 7.4950 7.4950 7.4211 11.4854 11.4854 12.1485 9.0683 
before v = 36.0835 26.6007 26.6007 26.6007 26.6007 26.6007 26.6007 26.6007 23.3402 23.3402 23.3402 23.3402 23.3402 23.3402 23.3402 20.2464 20.2464 20.2464 20.2464 20.2464 20.2464 20.2464 17.6150 73.2833 73.2833 65.4145 29.8291 
Ibias = 9.4000 9.4000 9.4000 9.4000 9.4000 9.4000 9.4000 9.4000 2.0000 2.0000 2.0000 2.0000 2.0000 2.0000 2.0000 2.0000 2.0000 2.0000 2.0000 2.0000 2.0000 2.0000 -2.0000 16.0000 16.0000 10.0000 -11.0000 
fa1 = 0.8623 0.2368 0.2368 0.2368 0.2368 0.2368 0.2368 0.2368 0.1903 0.1903 0.1903 0.1903 0.1903 0.1903 0.1903 0.1624 0.1624 0.1624 0.1624 0.1624 0.1624 0.1624 0.1455 69.9060 69.9060 32.7703 1.7384 
fa2 = 0.8626 0.2367 0.2367 0.2367 0.2367 0.2367 0.2367 0.2367 0.1903 0.1903 0.1903 0.1903 0.1903 0.1903 0.1903 0.1624 0.1624 0.1624 0.1624 0.1624 0.1624 0.1624 0.1455 70.9112 70.9112 33.1371 1.7334 
fa3 = 0.8626 0.2367 0.2367 0.2367 0.2367 0.2367 0.2367 0.2367 0.1903 0.1903 0.1903 0.1903 0.1903 0.1903 0.1903 0.1624 0.1624 0.1624 0.1624 0.1624 0.1624 0.1624 0.1455 70.9257 70.9257 33.1413 1.7334 
fa4 = 0.8630 0.2367 0.2367 0.2367 0.2367 0.2367 0.2367 0.2367 0.1903 0.1903 0.1903 0.1903 0.1903 0.1903 0.1903 0.1624 0.1624 0.1624 0.1624 0.1624 0.1624 0.1624 0.1455 71.9559 71.9559 33.5146 1.7284 
fb1 = -0.1704 -0.2002 -0.2002 -0.2002 -0.2002 -0.2002 -0.2002 -0.2002 -0.2098 -0.2098 -0.2098 -0.2098 -0.2098 -0.2098 -0.2098 -0.2188 -0.2188 -0.2188 -0.2188 -0.2188 -0.2188 -0.2188 -0.2264 0.0634 0.0634 0.0187 -0.0620 
fb2 = -0.1703 -0.2002 -0.2002 -0.2002 -0.2002 -0.2002 -0.2002 -0.2002 -0.2098 -0.2098 -0.2098 -0.2098 -0.2098 -0.2098 -0.2098 -0.2188 -0.2188 -0.2188 -0.2188 -0.2188 -0.2188 -0.2188 -0.2263 0.0648 0.0648 0.0193 -0.0620 
fb3 = -0.1703 -0.2002 -0.2002 -0.2002 -0.2002 -0.2002 -0.2002 -0.2002 -0.2098 -0.2098 -0.2098 -0.2098 -0.2098 -0.2098 -0.2098 -0.2188 -0.2188 -0.2188 -0.2188 -0.2188 -0.2188 -0.2188 -0.2263 0.0648 0.0648 0.0193 -0.0620 
fb4 = -0.1703 -0.2001 -0.2001 -0.2001 -0.2001 -0.2001 -0.2001 -0.2001 -0.2097 -0.2097 -0.2097 -0.2097 -0.2097 -0.2097 -0.2097 -0.2187 -0.2187 -0.2187 -0.2187 -0.2187 -0.2187 -0.2187 -0.2263 0.0662 0.0662 0.0200 -0.0620 
I = 14.9000 9.4000 9.4000 9.4000 9.4000 9.4000 9.4000 9.4000 6.0000 6.0000 6.0000 6.0000 6.0000 6.0000 6.0000 2.0000 2.0000 2.0000 2.0000 2.0000 2.0000 2.0000 -2.0000 26.4235 26.4235 10.0000 4.7030 
S1 = 0.0000 0.0000 0.0000 0.0000 0.0000 0.0000 0.0000 0.0000 0.0000 0.0000 0.0000 0.0000 0.0000 0.0000 0.0000 0.0000 0.0000 0.0000 0.0000 0.0000 0.0000 0.0000 0.0000 0.0000 0.0000 0.0000 0.0000 
S2 = 0.0000 0.0000 0.0000 0.0000 0.0000 0.0000 0.0000 0.0000 0.0000 0.0000 0.0000 0.0000 0.0000 0.0000 0.0000 0.0000 0.0000 0.0000 0.0000 0.0000 0.0000 0.0000 0.0000 2.4235 2.4235 0.0000 15.7030 
u = 7.8663 7.6630 7.6630 7.6630 7.6630 7.6630 7.6630 7.6630 7.5776 7.5776 7.5776 7.5776 7.5776 7.5776 7.5776 7.4928 7.4928 7.4928 7.4928 7.4928 7.4928 7.4928 7.4188 11.4861 11.4861 12.1487 9.0677 
v = 36.0922 26.6031 26.6031 26.6031 26.6031 26.6031 26.6031 26.6031 23.3421 23.3421 23.3421 23.3421 23.3421 23.3421 23.3421 20.2481 20.2481 20.2481 20.2481 20.2481 20.2481 20.2481 17.6164 73.9926 73.9926 65.7459 29.8464 
