ExternalI = 5.5000 0.0000 0.0000 0.0000 0.0000 0.0000 0.0000 0.0000 4.0000 4.0000 4.0000 4.0000 4.0000 4.0000 4.0000 0.0000 0.0000 0.0000 0.0000 0.0000 0.0000 0.0000 0.0000 8.0000 8.0000 0.0000 0.0000 
before u = 7.8663 7.6630 7.6630 7.6630 7.6630 7.6630 7.6630 7.6630 7.5776 7.5776 7.5776 7.5776 7.5776 7.5776 7.5776 7.4928 7.4928 7.4928 7.4928 7.4928 7.4928 7.4928 7.4188 11.4861 11.4861 12.1487 9.0677 
before v = 36.0922 26.6031 26.6031 26.6031 26.6031 26.6031 26.6031 26.6031 23.3421 23.3421 23.3421 23.3421 23.3421 23.3421 23.3421 20.2481 20.2481 20.2481 20.2481 20.2481 20.2481 20.2481 17.6164 73.9926 73.9926 65.7459 29.8464 
Ibias = 9.4000 9.4000 9.4000 9.4000 9.4000 9.4000 9.4000 9.4000 2.0000 2.0000 2.0000 2.0000 2.0000 2.0000 2.0000 2.0000 2.0000 2.0000 2.0000 2.0000 2.0000 2.0000 -2.0000 16.0000 16.0000 10.0000 -11.0000 
fa1 = 0.8630 0.2367 0.2367 0.2367 0.2367 0.2367 0.2367 0.2367 0.1903 0.1903 0.1903 0.1903 0.1903 0.1903 0.1903 0.1624 0.1624 0.1624 0.1624 0.1624 0.1624 0.1624 0.1455 71.9509 71.9509 33.5145 1.6970 
fa2 = 0.8634 0.2367 0.2367 0.2367 0.2367 0.2367 0.2367 0.2367 0.1902 0.1902 0.1902 0.1902 0.1902 0.1902 0.1902 0.1624 0.1624 0.1624 0.1624 0.1624 0.1624 0.1624 0.1454 73.0060 73.0060 33.8942 1.6921 
fa3 = 0.8634 0.2367 0.2367 0.2367 0.2367 0.2367 0.2367 0.2367 0.1902 0.1902 0.1902 0.1902 0.1902 0.1902 0.1902 0.1624 0.1624 0.1624 0.1624 0.1624 0.1624 0.1624 0.1454 73.0216 73.0216 33.8985 1.6922 
fa4 = 0.8637 0.2366 0.2366 0.2366 0.2366 0.2366 0.2366 0.2366 0.1902 0.1902 0.1902 0.1902 0.1902 0.1902 0.1902 0.1623 0.1623 0.1623 0.1623 0.1623 0.1623 0.1623 0.1454 74.1034 74.1034 34.2849 1.6873 
fb1 = -0.1703 -0.2001 -0.2001 -0.2001 -0.2001 -0.2001 -0.2001 -0.2001 -0.2097 -0.2097 -0.2097 -0.2097 -0.2097 -0.2097 -0.2097 -0.2187 -0.2187 -0.2187 -0.2187 -0.2187 -0.2187 -0.2187 -0.2263 0.0662 0.0662 0.0200 -0.0620 
fb2 = -0.1702 -0.2001 -0.2001 -0.2001 -0.2001 -0.2001 -0.2001 -0.2001 -0.2097 -0.2097 -0.2097 -0.2097 -0.2097 -0.2097 -0.2097 -0.2187 -0.2187 -0.2187 -0.2187 -0.2187 -0.2187 -0.2187 -0.2262 0.0677 0.0677 0.0207 -0.0619 
fb3 = -0.1702 -0.2001 -0.2001 -0.2001 -0.2001 -0.2001 -0.2001 -0.2001 -0.2097 -0.2097 -0.2097 -0.2097 -0.2097 -0.2097 -0.2097 -0.2187 -0.2187 -0.2187 -0.2187 -0.2187 -0.2187 -0.2187 -0.2262 0.0677 0.0677 0.0207 -0.0619 
fb4 = -0.1702 -0.2000 -0.2000 -0.2000 -0.2000 -0.2000 -0.2000 -0.2000 -0.2096 -0.2096 -0.2096 -0.2096 -0.2096 -0.2096 -0.2096 -0.2186 -0.2186 -0.2186 -0.2186 -0.2186 -0.2186 -0.2186 -0.2262 0.0692 0.0692 0.0214 -0.0619 
I = 14.9000 9.4000 9.4000 9.4000 9.4000 9.4000 9.4000 9.4000 6.0000 6.0000 6.0000 6.0000 6.0000 6.0000 6.0000 2.0000 2.0000 2.0000 2.0000 2.0000 2.0000 2.0000 -2.0000 26.4187 26.4187 10.0000 4.6716 
S1 = 0.0000 0.0000 0.0000 0.0000 0.0000 0.0000 0.0000 0.0000 0.0000 0.0000 0.0000 0.0000 0.0000 0.0000 0.0000 0.0000 0.0000 0.0000 0.0000 0.0000 0.0000 0.0000 0.0000 0.0000 0.0000 0.0000 0.0000 
S2 = 0.0000 0.0000 0.0000 0.0000 0.0000 0.0000 0.0000 0.0000 0.0000 0.0000 0.0000 0.0000 0.0000 0.0000 0.0000 0.0000 0.0000 0.0000 0.0000 0.0000 0.0000 0.0000 0.0000 2.4187 2.4187 0.0000 15.6716 
u = 7.8646 7.6610 7.6610 7.6610 7.6610 7.6610 7.6610 7.6610 7.5755 7.5755 7.5755 7.5755 7.5755 7.5755 7.5755 7.4906 7.4906 7.4906 7.4906 7.4906 7.4906 7.4906 7.4165 11.4867 11.4867 12.1489 9.0671 
v = 36.1008 26.6054 26.6054 26.6054 26.6054 26.6054 26.6054 26.6054 23.3440 23.3440 23.3440 23.3440 23.3440 23.3440 23.3440 20.2497 20.2497 20.2497 20.2497 20.2497 20.2497 20.2497 17.6179 74.7227 74.7227 66.0849 29.8634 
