ExternalI = 5.5000 0.0000 0.0000 0.0000 0.0000 0.0000 0.0000 0.0000 4.0000 4.0000 4.0000 4.0000 4.0000 4.0000 4.0000 0.0000 0.0000 0.0000 0.0000 0.0000 0.0000 0.0000 0.0000 8.0000 8.0000 0.0000 0.0000 
before u = 7.8646 7.6610 7.6610 7.6610 7.6610 7.6610 7.6610 7.6610 7.5755 7.5755 7.5755 7.5755 7.5755 7.5755 7.5755 7.4906 7.4906 7.4906 7.4906 7.4906 7.4906 7.4906 7.4165 11.4867 11.4867 12.1489 9.0671 
before v = 36.1008 26.6054 26.6054 26.6054 26.6054 26.6054 26.6054 26.6054 23.3440 23.3440 23.3440 23.3440 23.3440 23.3440 23.3440 20.2497 20.2497 20.2497 20.2497 20.2497 20.2497 20.2497 17.6179 74.7227 74.7227 66.0849 29.8634 
Ibias = 9.4000 9.4000 9.4000 9.4000 9.4000 9.4000 9.4000 9.4000 2.0000 2.0000 2.0000 2.0000 2.0000 2.0000 2.0000 2.0000 2.0000 2.0000 2.0000 2.0000 2.0000 2.0000 -2.0000 16.0000 16.0000 10.0000 -11.0000 
fa1 = 0.8637 0.2366 0.2366 0.2366 0.2366 0.2366 0.2366 0.2366 0.1902 0.1902 0.1902 0.1902 0.1902 0.1902 0.1902 0.1623 0.1623 0.1623 0.1623 0.1623 0.1623 0.1623 0.1454 74.0984 74.0984 34.2849 1.6560 
fa2 = 0.8641 0.2366 0.2366 0.2366 0.2366 0.2366 0.2366 0.2366 0.1902 0.1902 0.1902 0.1902 0.1902 0.1902 0.1902 0.1623 0.1623 0.1623 0.1623 0.1623 0.1623 0.1623 0.1454 75.2068 75.2068 34.6780 1.6512 
fa3 = 0.8641 0.2366 0.2366 0.2366 0.2366 0.2366 0.2366 0.2366 0.1902 0.1902 0.1902 0.1902 0.1902 0.1902 0.1902 0.1623 0.1623 0.1623 0.1623 0.1623 0.1623 0.1623 0.1454 75.2235 75.2235 34.6825 1.6512 
fa4 = 0.8645 0.2366 0.2366 0.2366 0.2366 0.2366 0.2366 0.2366 0.1902 0.1902 0.1902 0.1902 0.1902 0.1902 0.1902 0.1623 0.1623 0.1623 0.1623 0.1623 0.1623 0.1623 0.1454 76.3604 76.3604 35.0826 1.6465 
fb1 = -0.1702 -0.2000 -0.2000 -0.2000 -0.2000 -0.2000 -0.2000 -0.2000 -0.2096 -0.2096 -0.2096 -0.2096 -0.2096 -0.2096 -0.2096 -0.2186 -0.2186 -0.2186 -0.2186 -0.2186 -0.2186 -0.2186 -0.2262 0.0692 0.0692 0.0214 -0.0619 
fb2 = -0.1701 -0.2000 -0.2000 -0.2000 -0.2000 -0.2000 -0.2000 -0.2000 -0.2096 -0.2096 -0.2096 -0.2096 -0.2096 -0.2096 -0.2096 -0.2186 -0.2186 -0.2186 -0.2186 -0.2186 -0.2186 -0.2186 -0.2261 0.0706 0.0706 0.0220 -0.0618 
fb3 = -0.1701 -0.2000 -0.2000 -0.2000 -0.2000 -0.2000 -0.2000 -0.2000 -0.2096 -0.2096 -0.2096 -0.2096 -0.2096 -0.2096 -0.2096 -0.2186 -0.2186 -0.2186 -0.2186 -0.2186 -0.2186 -0.2186 -0.2261 0.0707 0.0707 0.0221 -0.0618 
fb4 = -0.1701 -0.1999 -0.1999 -0.1999 -0.1999 -0.1999 -0.1999 -0.1999 -0.2096 -0.2096 -0.2096 -0.2096 -0.2096 -0.2096 -0.2096 -0.2185 -0.2185 -0.2185 -0.2185 -0.2185 -0.2185 -0.2185 -0.2261 0.0722 0.0722 0.0227 -0.0618 
I = 14.9000 9.4000 9.4000 9.4000 9.4000 9.4000 9.4000 9.4000 6.0000 6.0000 6.0000 6.0000 6.0000 6.0000 6.0000 2.0000 2.0000 2.0000 2.0000 2.0000 2.0000 2.0000 -2.0000 26.4139 26.4139 10.0000 4.6403 
S1 = 0.0000 0.0000 0.0000 0.0000 0.0000 0.0000 0.0000 0.0000 0.0000 0.0000 0.0000 0.0000 0.0000 0.0000 0.0000 0.0000 0.0000 0.0000 0.0000 0.0000 0.0000 0.0000 0.0000 0.0000 0.0000 0.0000 0.0000 
S2 = 0.0000 0.0000 0.0000 0.0000 0.0000 0.0000 0.0000 0.0000 0.0000 0.0000 0.0000 0.0000 0.0000 0.0000 0.0000 0.0000 0.0000 0.0000 0.0000 0.0000 0.0000 0.0000 0.0000 2.4139 2.4139 0.0000 15.6403 
u = 7.8629 7.6590 7.6590 7.6590 7.6590 7.6590 7.6590 7.6590 7.5734 7.5734 7.5734 7.5734 7.5734 7.5734 7.5734 7.4884 7.4884 7.4884 7.4884 7.4884 7.4884 7.4884 7.4143 11.4875 11.4875 12.1491 9.0664 
v = 36.1094 26.6078 26.6078 26.6078 26.6078 26.6078 26.6078 26.6078 23.3459 23.3459 23.3459 23.3459 23.3459 23.3459 23.3459 20.2513 20.2513 20.2513 20.2513 20.2513 20.2513 20.2513 17.6193 75.4749 75.4749 66.4317 29.8799 
