ExternalI = 5.5000 0.0000 0.0000 0.0000 0.0000 0.0000 0.0000 0.0000 4.0000 4.0000 4.0000 4.0000 4.0000 4.0000 4.0000 0.0000 0.0000 0.0000 0.0000 0.0000 0.0000 0.0000 0.0000 8.0000 8.0000 0.0000 0.0000 
before u = 7.8629 7.6590 7.6590 7.6590 7.6590 7.6590 7.6590 7.6590 7.5734 7.5734 7.5734 7.5734 7.5734 7.5734 7.5734 7.4884 7.4884 7.4884 7.4884 7.4884 7.4884 7.4884 7.4143 11.4875 11.4875 12.1491 9.0664 
before v = 36.1094 26.6078 26.6078 26.6078 26.6078 26.6078 26.6078 26.6078 23.3459 23.3459 23.3459 23.3459 23.3459 23.3459 23.3459 20.2513 20.2513 20.2513 20.2513 20.2513 20.2513 20.2513 17.6193 75.4749 75.4749 66.4317 29.8799 
Ibias = 9.4000 9.4000 9.4000 9.4000 9.4000 9.4000 9.4000 9.4000 2.0000 2.0000 2.0000 2.0000 2.0000 2.0000 2.0000 2.0000 2.0000 2.0000 2.0000 2.0000 2.0000 2.0000 -2.0000 16.0000 16.0000 10.0000 -11.0000 
fa1 = 0.8645 0.2366 0.2366 0.2366 0.2366 0.2366 0.2366 0.2366 0.1902 0.1902 0.1902 0.1902 0.1902 0.1902 0.1902 0.1623 0.1623 0.1623 0.1623 0.1623 0.1623 0.1623 0.1454 76.3554 76.3554 35.0826 1.6152 
fa2 = 0.8648 0.2366 0.2366 0.2366 0.2366 0.2366 0.2366 0.2366 0.1901 0.1901 0.1901 0.1901 0.1901 0.1901 0.1901 0.1623 0.1623 0.1623 0.1623 0.1623 0.1623 0.1623 0.1453 77.5208 77.5208 35.4897 1.6106 
fa3 = 0.8648 0.2366 0.2366 0.2366 0.2366 0.2366 0.2366 0.2366 0.1901 0.1901 0.1901 0.1901 0.1901 0.1901 0.1901 0.1623 0.1623 0.1623 0.1623 0.1623 0.1623 0.1623 0.1453 77.5386 77.5386 35.4944 1.6106 
fa4 = 0.8652 0.2365 0.2365 0.2365 0.2365 0.2365 0.2365 0.2365 0.1901 0.1901 0.1901 0.1901 0.1901 0.1901 0.1901 0.1622 0.1622 0.1622 0.1622 0.1622 0.1622 0.1622 0.1453 78.7344 78.7344 35.9089 1.6060 
fb1 = -0.1701 -0.1999 -0.1999 -0.1999 -0.1999 -0.1999 -0.1999 -0.1999 -0.2096 -0.2096 -0.2096 -0.2096 -0.2096 -0.2096 -0.2096 -0.2185 -0.2185 -0.2185 -0.2185 -0.2185 -0.2185 -0.2185 -0.2261 0.0722 0.0722 0.0227 -0.0618 
fb2 = -0.1700 -0.1999 -0.1999 -0.1999 -0.1999 -0.1999 -0.1999 -0.1999 -0.2095 -0.2095 -0.2095 -0.2095 -0.2095 -0.2095 -0.2095 -0.2185 -0.2185 -0.2185 -0.2185 -0.2185 -0.2185 -0.2185 -0.2260 0.0737 0.0737 0.0234 -0.0618 
fb3 = -0.1700 -0.1999 -0.1999 -0.1999 -0.1999 -0.1999 -0.1999 -0.1999 -0.2095 -0.2095 -0.2095 -0.2095 -0.2095 -0.2095 -0.2095 -0.2185 -0.2185 -0.2185 -0.2185 -0.2185 -0.2185 -0.2185 -0.2260 0.0737 0.0737 0.0235 -0.0618 
fb4 = -0.1700 -0.1998 -0.1998 -0.1998 -0.1998 -0.1998 -0.1998 -0.1998 -0.2095 -0.2095 -0.2095 -0.2095 -0.2095 -0.2095 -0.2095 -0.2184 -0.2184 -0.2184 -0.2184 -0.2184 -0.2184 -0.2184 -0.2260 0.0752 0.0752 0.0242 -0.0617 
I = 14.9000 9.4000 9.4000 9.4000 9.4000 9.4000 9.4000 9.4000 6.0000 6.0000 6.0000 6.0000 6.0000 6.0000 6.0000 2.0000 2.0000 2.0000 2.0000 2.0000 2.0000 2.0000 -2.0000 26.4090 26.4090 10.0000 4.6090 
S1 = 0.0000 0.0000 0.0000 0.0000 0.0000 0.0000 0.0000 0.0000 0.0000 0.0000 0.0000 0.0000 0.0000 0.0000 0.0000 0.0000 0.0000 0.0000 0.0000 0.0000 0.0000 0.0000 0.0000 0.0000 0.0000 0.0000 0.0000 
S2 = 0.0000 0.0000 0.0000 0.0000 0.0000 0.0000 0.0000 0.0000 0.0000 0.0000 0.0000 0.0000 0.0000 0.0000 0.0000 0.0000 0.0000 0.0000 0.0000 0.0000 0.0000 0.0000 0.0000 2.4090 2.4090 0.0000 15.6090 
u = 7.8612 7.6570 7.6570 7.6570 7.6570 7.6570 7.6570 7.6570 7.5713 7.5713 7.5713 7.5713 7.5713 7.5713 7.5713 7.4862 7.4862 7.4862 7.4862 7.4862 7.4862 7.4862 7.4120 11.4882 11.4882 12.1494 9.0658 
v = 36.1181 26.6102 26.6102 26.6102 26.6102 26.6102 26.6102 26.6102 23.3478 23.3478 23.3478 23.3478 23.3478 23.3478 23.3478 20.2529 20.2529 20.2529 20.2529 20.2529 20.2529 20.2529 17.6208 76.2503 76.2503 66.7866 29.8960 
