ExternalI = 5.5000 0.0000 0.0000 0.0000 0.0000 0.0000 0.0000 0.0000 4.0000 4.0000 4.0000 4.0000 4.0000 4.0000 4.0000 0.0000 0.0000 0.0000 0.0000 0.0000 0.0000 0.0000 0.0000 8.0000 8.0000 0.0000 0.0000 
before u = 9.7043 9.6984 9.6984 9.6984 9.6984 9.6984 9.6984 9.6984 9.6948 9.6948 9.6948 9.6948 9.6948 9.6948 9.6948 9.6906 9.6906 9.6906 9.6906 9.6906 9.6906 9.6906 9.6866 9.9063 9.9063 10.2074 9.8674 
before v = 23.2132 20.4041 20.4041 20.4041 20.4041 20.4041 20.4041 20.4041 18.7512 18.7512 18.7512 18.7512 18.7512 18.7512 18.7512 16.8810 16.8810 16.8810 16.8810 16.8810 16.8810 16.8810 15.0848 34.5315 34.5315 79.0636 15.9121 
Ibias = 9.4000 9.4000 9.4000 9.4000 9.4000 9.4000 9.4000 9.4000 2.0000 2.0000 2.0000 2.0000 2.0000 2.0000 2.0000 2.0000 2.0000 2.0000 2.0000 2.0000 2.0000 2.0000 -2.0000 16.0000 16.0000 10.0000 -11.0000 
fa1 = 7.1102 5.1424 5.1424 5.1424 5.1424 5.1424 5.1424 5.1424 4.1159 4.1159 4.1159 4.1159 4.1159 4.1159 4.1159 3.0651 3.0651 3.0651 3.0651 3.0651 3.0651 3.0651 2.1610 18.1962 18.1962 72.6440 2.8977 
fa2 = 7.0711 5.1088 5.1088 5.1088 5.1088 5.1088 5.1088 5.1088 4.0866 4.0866 4.0866 4.0866 4.0866 4.0866 4.0866 3.0414 3.0414 3.0414 3.0414 3.0414 3.0414 3.0414 2.1433 18.1752 18.1752 73.8564 2.8734 
fa3 = 7.0713 5.1090 5.1090 5.1090 5.1090 5.1090 5.1090 5.1090 4.0868 4.0868 4.0868 4.0868 4.0868 4.0868 4.0868 3.0416 3.0416 3.0416 3.0416 3.0416 3.0416 3.0416 2.1435 18.1752 18.1752 73.8768 2.8736 
fa4 = 7.0325 5.0757 5.0757 5.0757 5.0757 5.0757 5.0757 5.0757 4.0578 4.0578 4.0578 4.0578 4.0578 4.0578 4.0578 3.0182 3.0182 3.0182 3.0182 3.0182 3.0182 3.0182 2.1259 18.1549 18.1549 75.1212 2.8494 
fb1 = -0.2953 -0.3063 -0.3063 -0.3063 -0.3063 -0.3063 -0.3063 -0.3063 -0.3128 -0.3128 -0.3128 -0.3128 -0.3128 -0.3128 -0.3128 -0.3201 -0.3201 -0.3201 -0.3201 -0.3201 -0.3201 -0.3201 -0.3271 -0.0600 -0.0600 0.1121 -0.1337 
fb2 = -0.2951 -0.3062 -0.3062 -0.3062 -0.3062 -0.3062 -0.3062 -0.3062 -0.3126 -0.3126 -0.3126 -0.3126 -0.3126 -0.3126 -0.3126 -0.3200 -0.3200 -0.3200 -0.3200 -0.3200 -0.3200 -0.3200 -0.3270 -0.0596 -0.0596 0.1135 -0.1336 
fb3 = -0.2951 -0.3062 -0.3062 -0.3062 -0.3062 -0.3062 -0.3062 -0.3062 -0.3126 -0.3126 -0.3126 -0.3126 -0.3126 -0.3126 -0.3126 -0.3200 -0.3200 -0.3200 -0.3200 -0.3200 -0.3200 -0.3200 -0.3270 -0.0596 -0.0596 0.1136 -0.1336 
fb4 = -0.2949 -0.3060 -0.3060 -0.3060 -0.3060 -0.3060 -0.3060 -0.3060 -0.3125 -0.3125 -0.3125 -0.3125 -0.3125 -0.3125 -0.3125 -0.3199 -0.3199 -0.3199 -0.3199 -0.3199 -0.3199 -0.3199 -0.3269 -0.0593 -0.0593 0.1150 -0.1336 
I = 14.9000 9.4000 9.4000 9.4000 9.4000 9.4000 9.4000 9.4000 6.0000 6.0000 6.0000 6.0000 6.0000 6.0000 6.0000 2.0000 2.0000 2.0000 2.0000 2.0000 2.0000 2.0000 -2.0000 24.0000 24.0000 10.0000 -9.6265 
S1 = 0.0000 0.0000 0.0000 0.0000 0.0000 0.0000 0.0000 0.0000 0.0000 0.0000 0.0000 0.0000 0.0000 0.0000 0.0000 0.0000 0.0000 0.0000 0.0000 0.0000 0.0000 0.0000 0.0000 0.0000 0.0000 0.0000 0.0000 
S2 = 0.0000 0.0000 0.0000 0.0000 0.0000 0.0000 0.0000 0.0000 0.0000 0.0000 0.0000 0.0000 0.0000 0.0000 0.0000 0.0000 0.0000 0.0000 0.0000 0.0000 0.0000 0.0000 0.0000 0.0000 0.0000 0.0000 1.3735 
u = 9.7014 9.6953 9.6953 9.6953 9.6953 9.6953 9.6953 9.6953 9.6916 9.6916 9.6916 9.6916 9.6916 9.6916 9.6916 9.6874 9.6874 9.6874 9.6874 9.6874 9.6874 9.6874 9.6833 9.9057 9.9057 10.2086 9.8660 
v = 23.2839 20.4552 20.4552 20.4552 20.4552 20.4552 20.4552 20.4552 18.7921 18.7921 18.7921 18.7921 18.7921 18.7921 18.7921 16.9114 16.9114 16.9114 16.9114 16.9114 16.9114 16.9114 15.1062 34.7133 34.7133 79.8024 15.9408 
