ExternalI = 5.5000 0.0000 0.0000 0.0000 0.0000 0.0000 0.0000 0.0000 4.0000 4.0000 4.0000 4.0000 4.0000 4.0000 4.0000 0.0000 0.0000 0.0000 0.0000 0.0000 0.0000 0.0000 0.0000 8.0000 8.0000 0.0000 0.0000 
before u = 7.8612 7.6570 7.6570 7.6570 7.6570 7.6570 7.6570 7.6570 7.5713 7.5713 7.5713 7.5713 7.5713 7.5713 7.5713 7.4862 7.4862 7.4862 7.4862 7.4862 7.4862 7.4862 7.4120 11.4882 11.4882 12.1494 9.0658 
before v = 36.1181 26.6102 26.6102 26.6102 26.6102 26.6102 26.6102 26.6102 23.3478 23.3478 23.3478 23.3478 23.3478 23.3478 23.3478 20.2529 20.2529 20.2529 20.2529 20.2529 20.2529 20.2529 17.6208 76.2503 76.2503 66.7866 29.8960 
Ibias = 9.4000 9.4000 9.4000 9.4000 9.4000 9.4000 9.4000 9.4000 2.0000 2.0000 2.0000 2.0000 2.0000 2.0000 2.0000 2.0000 2.0000 2.0000 2.0000 2.0000 2.0000 2.0000 -2.0000 16.0000 16.0000 10.0000 -11.0000 
fa1 = 0.8652 0.2365 0.2365 0.2365 0.2365 0.2365 0.2365 0.2365 0.1901 0.1901 0.1901 0.1901 0.1901 0.1901 0.1901 0.1622 0.1622 0.1622 0.1622 0.1622 0.1622 0.1622 0.1453 78.7294 78.7294 35.9089 1.5748 
fa2 = 0.8656 0.2365 0.2365 0.2365 0.2365 0.2365 0.2365 0.2365 0.1901 0.1901 0.1901 0.1901 0.1901 0.1901 0.1901 0.1622 0.1622 0.1622 0.1622 0.1622 0.1622 0.1622 0.1453 79.9556 79.9556 36.3307 1.5703 
fa3 = 0.8656 0.2365 0.2365 0.2365 0.2365 0.2365 0.2365 0.2365 0.1901 0.1901 0.1901 0.1901 0.1901 0.1901 0.1901 0.1622 0.1622 0.1622 0.1622 0.1622 0.1622 0.1622 0.1453 79.9748 79.9748 36.3357 1.5703 
fa4 = 0.8659 0.2365 0.2365 0.2365 0.2365 0.2365 0.2365 0.2365 0.1900 0.1900 0.1900 0.1900 0.1900 0.1900 0.1900 0.1622 0.1622 0.1622 0.1622 0.1622 0.1622 0.1622 0.1453 81.2335 81.2335 36.7652 1.5659 
fb1 = -0.1700 -0.1998 -0.1998 -0.1998 -0.1998 -0.1998 -0.1998 -0.1998 -0.2095 -0.2095 -0.2095 -0.2095 -0.2095 -0.2095 -0.2095 -0.2184 -0.2184 -0.2184 -0.2184 -0.2184 -0.2184 -0.2184 -0.2260 0.0752 0.0752 0.0242 -0.0617 
fb2 = -0.1699 -0.1998 -0.1998 -0.1998 -0.1998 -0.1998 -0.1998 -0.1998 -0.2094 -0.2094 -0.2094 -0.2094 -0.2094 -0.2094 -0.2094 -0.2184 -0.2184 -0.2184 -0.2184 -0.2184 -0.2184 -0.2184 -0.2259 0.0768 0.0768 0.0249 -0.0617 
fb3 = -0.1699 -0.1998 -0.1998 -0.1998 -0.1998 -0.1998 -0.1998 -0.1998 -0.2094 -0.2094 -0.2094 -0.2094 -0.2094 -0.2094 -0.2094 -0.2184 -0.2184 -0.2184 -0.2184 -0.2184 -0.2184 -0.2184 -0.2259 0.0768 0.0768 0.0249 -0.0617 
fb4 = -0.1699 -0.1998 -0.1998 -0.1998 -0.1998 -0.1998 -0.1998 -0.1998 -0.2094 -0.2094 -0.2094 -0.2094 -0.2094 -0.2094 -0.2094 -0.2183 -0.2183 -0.2183 -0.2183 -0.2183 -0.2183 -0.2183 -0.2259 0.0784 0.0784 0.0256 -0.0617 
I = 14.9000 9.4000 9.4000 9.4000 9.4000 9.4000 9.4000 9.4000 6.0000 6.0000 6.0000 6.0000 6.0000 6.0000 6.0000 2.0000 2.0000 2.0000 2.0000 2.0000 2.0000 2.0000 -2.0000 26.4042 26.4042 10.0000 4.5778 
S1 = 0.0000 0.0000 0.0000 0.0000 0.0000 0.0000 0.0000 0.0000 0.0000 0.0000 0.0000 0.0000 0.0000 0.0000 0.0000 0.0000 0.0000 0.0000 0.0000 0.0000 0.0000 0.0000 0.0000 0.0000 0.0000 0.0000 0.0000 
S2 = 0.0000 0.0000 0.0000 0.0000 0.0000 0.0000 0.0000 0.0000 0.0000 0.0000 0.0000 0.0000 0.0000 0.0000 0.0000 0.0000 0.0000 0.0000 0.0000 0.0000 0.0000 0.0000 0.0000 2.4042 2.4042 0.0000 15.5778 
u = 7.8595 7.6550 7.6550 7.6550 7.6550 7.6550 7.6550 7.6550 7.5692 7.5692 7.5692 7.5692 7.5692 7.5692 7.5692 7.4841 7.4841 7.4841 7.4841 7.4841 7.4841 7.4841 7.4098 11.4890 11.4890 12.1496 9.0652 
v = 36.1267 26.6125 26.6125 26.6125 26.6125 26.6125 26.6125 26.6125 23.3497 23.3497 23.3497 23.3497 23.3497 23.3497 23.3497 20.2545 20.2545 20.2545 20.2545 20.2545 20.2545 20.2545 17.6222 77.0500 77.0500 67.1500 29.9117 
