ExternalI = 5.5000 0.0000 0.0000 0.0000 0.0000 0.0000 0.0000 0.0000 4.0000 4.0000 4.0000 4.0000 4.0000 4.0000 4.0000 0.0000 0.0000 0.0000 0.0000 0.0000 0.0000 0.0000 0.0000 8.0000 8.0000 0.0000 0.0000 
before u = 7.8595 7.6550 7.6550 7.6550 7.6550 7.6550 7.6550 7.6550 7.5692 7.5692 7.5692 7.5692 7.5692 7.5692 7.5692 7.4841 7.4841 7.4841 7.4841 7.4841 7.4841 7.4841 7.4098 11.4890 11.4890 12.1496 9.0652 
before v = 36.1267 26.6125 26.6125 26.6125 26.6125 26.6125 26.6125 26.6125 23.3497 23.3497 23.3497 23.3497 23.3497 23.3497 23.3497 20.2545 20.2545 20.2545 20.2545 20.2545 20.2545 20.2545 17.6222 77.0500 77.0500 67.1500 29.9117 
Ibias = 9.4000 9.4000 9.4000 9.4000 9.4000 9.4000 9.4000 9.4000 2.0000 2.0000 2.0000 2.0000 2.0000 2.0000 2.0000 2.0000 2.0000 2.0000 2.0000 2.0000 2.0000 2.0000 -2.0000 16.0000 16.0000 10.0000 -11.0000 
fa1 = 0.8659 0.2365 0.2365 0.2365 0.2365 0.2365 0.2365 0.2365 0.1900 0.1900 0.1900 0.1900 0.1900 0.1900 0.1900 0.1622 0.1622 0.1622 0.1622 0.1622 0.1622 0.1622 0.1453 81.2286 81.2286 36.7652 1.5347 
fa2 = 0.8663 0.2364 0.2364 0.2364 0.2364 0.2364 0.2364 0.2364 0.1900 0.1900 0.1900 0.1900 0.1900 0.1900 0.1900 0.1621 0.1621 0.1621 0.1621 0.1621 0.1621 0.1621 0.1452 82.5198 82.5198 37.2025 1.5304 
fa3 = 0.8663 0.2364 0.2364 0.2364 0.2364 0.2364 0.2364 0.2364 0.1900 0.1900 0.1900 0.1900 0.1900 0.1900 0.1900 0.1621 0.1621 0.1621 0.1621 0.1621 0.1621 0.1621 0.1452 82.5404 82.5404 37.2077 1.5304 
fa4 = 0.8667 0.2364 0.2364 0.2364 0.2364 0.2364 0.2364 0.2364 0.1900 0.1900 0.1900 0.1900 0.1900 0.1900 0.1900 0.1621 0.1621 0.1621 0.1621 0.1621 0.1621 0.1621 0.1452 83.8666 83.8666 37.6531 1.5261 
fb1 = -0.1699 -0.1998 -0.1998 -0.1998 -0.1998 -0.1998 -0.1998 -0.1998 -0.2094 -0.2094 -0.2094 -0.2094 -0.2094 -0.2094 -0.2094 -0.2183 -0.2183 -0.2183 -0.2183 -0.2183 -0.2183 -0.2183 -0.2259 0.0784 0.0784 0.0256 -0.0617 
fb2 = -0.1698 -0.1997 -0.1997 -0.1997 -0.1997 -0.1997 -0.1997 -0.1997 -0.2093 -0.2093 -0.2093 -0.2093 -0.2093 -0.2093 -0.2093 -0.2183 -0.2183 -0.2183 -0.2183 -0.2183 -0.2183 -0.2183 -0.2259 0.0800 0.0800 0.0263 -0.0616 
fb3 = -0.1698 -0.1997 -0.1997 -0.1997 -0.1997 -0.1997 -0.1997 -0.1997 -0.2093 -0.2093 -0.2093 -0.2093 -0.2093 -0.2093 -0.2093 -0.2183 -0.2183 -0.2183 -0.2183 -0.2183 -0.2183 -0.2183 -0.2259 0.0801 0.0801 0.0263 -0.0616 
fb4 = -0.1698 -0.1997 -0.1997 -0.1997 -0.1997 -0.1997 -0.1997 -0.1997 -0.2093 -0.2093 -0.2093 -0.2093 -0.2093 -0.2093 -0.2093 -0.2183 -0.2183 -0.2183 -0.2183 -0.2183 -0.2183 -0.2183 -0.2258 0.0817 0.0817 0.0271 -0.0616 
I = 14.9000 9.4000 9.4000 9.4000 9.4000 9.4000 9.4000 9.4000 6.0000 6.0000 6.0000 6.0000 6.0000 6.0000 6.0000 2.0000 2.0000 2.0000 2.0000 2.0000 2.0000 2.0000 -2.0000 26.3994 26.3994 10.0000 4.5466 
S1 = 0.0000 0.0000 0.0000 0.0000 0.0000 0.0000 0.0000 0.0000 0.0000 0.0000 0.0000 0.0000 0.0000 0.0000 0.0000 0.0000 0.0000 0.0000 0.0000 0.0000 0.0000 0.0000 0.0000 0.0000 0.0000 0.0000 0.0000 
S2 = 0.0000 0.0000 0.0000 0.0000 0.0000 0.0000 0.0000 0.0000 0.0000 0.0000 0.0000 0.0000 0.0000 0.0000 0.0000 0.0000 0.0000 0.0000 0.0000 0.0000 0.0000 0.0000 0.0000 2.3994 2.3994 0.0000 15.5466 
u = 7.8578 7.6530 7.6530 7.6530 7.6530 7.6530 7.6530 7.6530 7.5671 7.5671 7.5671 7.5671 7.5671 7.5671 7.5671 7.4819 7.4819 7.4819 7.4819 7.4819 7.4819 7.4819 7.4075 11.4898 11.4898 12.1499 9.0646 
v = 36.1354 26.6149 26.6149 26.6149 26.6149 26.6149 26.6149 26.6149 23.3516 23.3516 23.3516 23.3516 23.3516 23.3516 23.3516 20.2562 20.2562 20.2562 20.2562 20.2562 20.2562 20.2562 17.6237 77.8754 77.8754 67.5220 29.9270 
