ExternalI = 5.5000 0.0000 0.0000 0.0000 0.0000 0.0000 0.0000 0.0000 4.0000 4.0000 4.0000 4.0000 4.0000 4.0000 4.0000 0.0000 0.0000 0.0000 0.0000 0.0000 0.0000 0.0000 0.0000 8.0000 8.0000 0.0000 0.0000 
before u = 7.8578 7.6530 7.6530 7.6530 7.6530 7.6530 7.6530 7.6530 7.5671 7.5671 7.5671 7.5671 7.5671 7.5671 7.5671 7.4819 7.4819 7.4819 7.4819 7.4819 7.4819 7.4819 7.4075 11.4898 11.4898 12.1499 9.0646 
before v = 36.1354 26.6149 26.6149 26.6149 26.6149 26.6149 26.6149 26.6149 23.3516 23.3516 23.3516 23.3516 23.3516 23.3516 23.3516 20.2562 20.2562 20.2562 20.2562 20.2562 20.2562 20.2562 17.6237 77.8754 77.8754 67.5220 29.9270 
Ibias = 9.4000 9.4000 9.4000 9.4000 9.4000 9.4000 9.4000 9.4000 2.0000 2.0000 2.0000 2.0000 2.0000 2.0000 2.0000 2.0000 2.0000 2.0000 2.0000 2.0000 2.0000 2.0000 -2.0000 16.0000 16.0000 10.0000 -11.0000 
fa1 = 0.8667 0.2364 0.2364 0.2364 0.2364 0.2364 0.2364 0.2364 0.1900 0.1900 0.1900 0.1900 0.1900 0.1900 0.1900 0.1621 0.1621 0.1621 0.1621 0.1621 0.1621 0.1621 0.1452 83.8616 83.8616 37.6530 1.4950 
fa2 = 0.8671 0.2364 0.2364 0.2364 0.2364 0.2364 0.2364 0.2364 0.1900 0.1900 0.1900 0.1900 0.1900 0.1900 0.1900 0.1621 0.1621 0.1621 0.1621 0.1621 0.1621 0.1621 0.1452 85.2226 85.2226 38.1065 1.4908 
fa3 = 0.8671 0.2364 0.2364 0.2364 0.2364 0.2364 0.2364 0.2364 0.1900 0.1900 0.1900 0.1900 0.1900 0.1900 0.1900 0.1621 0.1621 0.1621 0.1621 0.1621 0.1621 0.1621 0.1452 85.2448 85.2448 38.1120 1.4908 
fa4 = 0.8674 0.2363 0.2363 0.2363 0.2363 0.2363 0.2363 0.2363 0.1899 0.1899 0.1899 0.1899 0.1899 0.1899 0.1899 0.1621 0.1621 0.1621 0.1621 0.1621 0.1621 0.1621 0.1451 86.6433 86.6433 38.5739 1.4866 
fb1 = -0.1698 -0.1997 -0.1997 -0.1997 -0.1997 -0.1997 -0.1997 -0.1997 -0.2093 -0.2093 -0.2093 -0.2093 -0.2093 -0.2093 -0.2093 -0.2183 -0.2183 -0.2183 -0.2183 -0.2183 -0.2183 -0.2183 -0.2258 0.0817 0.0817 0.0271 -0.0616 
fb2 = -0.1697 -0.1996 -0.1996 -0.1996 -0.1996 -0.1996 -0.1996 -0.1996 -0.2092 -0.2092 -0.2092 -0.2092 -0.2092 -0.2092 -0.2092 -0.2182 -0.2182 -0.2182 -0.2182 -0.2182 -0.2182 -0.2182 -0.2258 0.0834 0.0834 0.0278 -0.0615 
fb3 = -0.1697 -0.1996 -0.1996 -0.1996 -0.1996 -0.1996 -0.1996 -0.1996 -0.2092 -0.2092 -0.2092 -0.2092 -0.2092 -0.2092 -0.2092 -0.2182 -0.2182 -0.2182 -0.2182 -0.2182 -0.2182 -0.2182 -0.2258 0.0834 0.0834 0.0278 -0.0615 
fb4 = -0.1697 -0.1996 -0.1996 -0.1996 -0.1996 -0.1996 -0.1996 -0.1996 -0.2092 -0.2092 -0.2092 -0.2092 -0.2092 -0.2092 -0.2092 -0.2182 -0.2182 -0.2182 -0.2182 -0.2182 -0.2182 -0.2182 -0.2257 0.0851 0.0851 0.0286 -0.0615 
I = 14.9000 9.4000 9.4000 9.4000 9.4000 9.4000 9.4000 9.4000 6.0000 6.0000 6.0000 6.0000 6.0000 6.0000 6.0000 2.0000 2.0000 2.0000 2.0000 2.0000 2.0000 2.0000 -2.0000 26.3946 26.3946 10.0000 4.5155 
S1 = 0.0000 0.0000 0.0000 0.0000 0.0000 0.0000 0.0000 0.0000 0.0000 0.0000 0.0000 0.0000 0.0000 0.0000 0.0000 0.0000 0.0000 0.0000 0.0000 0.0000 0.0000 0.0000 0.0000 0.0000 0.0000 0.0000 0.0000 
S2 = 0.0000 0.0000 0.0000 0.0000 0.0000 0.0000 0.0000 0.0000 0.0000 0.0000 0.0000 0.0000 0.0000 0.0000 0.0000 0.0000 0.0000 0.0000 0.0000 0.0000 0.0000 0.0000 0.0000 2.3946 2.3946 0.0000 15.5155 
u = 7.8561 7.6510 7.6510 7.6510 7.6510 7.6510 7.6510 7.6510 7.5650 7.5650 7.5650 7.5650 7.5650 7.5650 7.5650 7.4797 7.4797 7.4797 7.4797 7.4797 7.4797 7.4797 7.4052 11.4906 11.4906 12.1502 9.0640 
v = 36.1441 26.6172 26.6172 26.6172 26.6172 26.6172 26.6172 26.6172 23.3535 23.3535 23.3535 23.3535 23.3535 23.3535 23.3535 20.2578 20.2578 20.2578 20.2578 20.2578 20.2578 20.2578 17.6252 78.7278 78.7278 67.9031 29.9419 
