ExternalI = 5.5000 0.0000 0.0000 0.0000 0.0000 0.0000 0.0000 0.0000 4.0000 4.0000 4.0000 4.0000 4.0000 4.0000 4.0000 0.0000 0.0000 0.0000 0.0000 0.0000 0.0000 0.0000 0.0000 8.0000 8.0000 0.0000 0.0000 
before u = 7.8561 7.6510 7.6510 7.6510 7.6510 7.6510 7.6510 7.6510 7.5650 7.5650 7.5650 7.5650 7.5650 7.5650 7.5650 7.4797 7.4797 7.4797 7.4797 7.4797 7.4797 7.4797 7.4052 11.4906 11.4906 12.1502 9.0640 
before v = 36.1441 26.6172 26.6172 26.6172 26.6172 26.6172 26.6172 26.6172 23.3535 23.3535 23.3535 23.3535 23.3535 23.3535 23.3535 20.2578 20.2578 20.2578 20.2578 20.2578 20.2578 20.2578 17.6252 78.7278 78.7278 67.9031 29.9419 
Ibias = 9.4000 9.4000 9.4000 9.4000 9.4000 9.4000 9.4000 9.4000 2.0000 2.0000 2.0000 2.0000 2.0000 2.0000 2.0000 2.0000 2.0000 2.0000 2.0000 2.0000 2.0000 2.0000 -2.0000 16.0000 16.0000 10.0000 -11.0000 
fa1 = 0.8674 0.2363 0.2363 0.2363 0.2363 0.2363 0.2363 0.2363 0.1899 0.1899 0.1899 0.1899 0.1899 0.1899 0.1899 0.1621 0.1621 0.1621 0.1621 0.1621 0.1621 0.1621 0.1451 86.6384 86.6384 38.5739 1.4555 
fa2 = 0.8678 0.2363 0.2363 0.2363 0.2363 0.2363 0.2363 0.2363 0.1899 0.1899 0.1899 0.1899 0.1899 0.1899 0.1899 0.1620 0.1620 0.1620 0.1620 0.1620 0.1620 0.1620 0.1451 88.0742 88.0742 39.0443 1.4514 
fa3 = 0.8678 0.2363 0.2363 0.2363 0.2363 0.2363 0.2363 0.2363 0.1899 0.1899 0.1899 0.1899 0.1899 0.1899 0.1899 0.1620 0.1620 0.1620 0.1620 0.1620 0.1620 0.1620 0.1451 88.0981 88.0981 39.0501 1.4515 
fa4 = 0.8682 0.2363 0.2363 0.2363 0.2363 0.2363 0.2363 0.2363 0.1899 0.1899 0.1899 0.1899 0.1899 0.1899 0.1899 0.1620 0.1620 0.1620 0.1620 0.1620 0.1620 0.1620 0.1451 89.5742 89.5742 39.5295 1.4474 
fb1 = -0.1697 -0.1996 -0.1996 -0.1996 -0.1996 -0.1996 -0.1996 -0.1996 -0.2092 -0.2092 -0.2092 -0.2092 -0.2092 -0.2092 -0.2092 -0.2182 -0.2182 -0.2182 -0.2182 -0.2182 -0.2182 -0.2182 -0.2257 0.0851 0.0851 0.0286 -0.0615 
fb2 = -0.1696 -0.1995 -0.1995 -0.1995 -0.1995 -0.1995 -0.1995 -0.1995 -0.2091 -0.2091 -0.2091 -0.2091 -0.2091 -0.2091 -0.2091 -0.2181 -0.2181 -0.2181 -0.2181 -0.2181 -0.2181 -0.2181 -0.2257 0.0868 0.0868 0.0294 -0.0615 
fb3 = -0.1696 -0.1995 -0.1995 -0.1995 -0.1995 -0.1995 -0.1995 -0.1995 -0.2091 -0.2091 -0.2091 -0.2091 -0.2091 -0.2091 -0.2091 -0.2181 -0.2181 -0.2181 -0.2181 -0.2181 -0.2181 -0.2181 -0.2257 0.0869 0.0869 0.0294 -0.0615 
fb4 = -0.1696 -0.1995 -0.1995 -0.1995 -0.1995 -0.1995 -0.1995 -0.1995 -0.2091 -0.2091 -0.2091 -0.2091 -0.2091 -0.2091 -0.2091 -0.2181 -0.2181 -0.2181 -0.2181 -0.2181 -0.2181 -0.2181 -0.2256 0.0886 0.0886 0.0302 -0.0614 
I = 14.9000 9.4000 9.4000 9.4000 9.4000 9.4000 9.4000 9.4000 6.0000 6.0000 6.0000 6.0000 6.0000 6.0000 6.0000 2.0000 2.0000 2.0000 2.0000 2.0000 2.0000 2.0000 -2.0000 26.3898 26.3898 10.0000 4.4845 
S1 = 0.0000 0.0000 0.0000 0.0000 0.0000 0.0000 0.0000 0.0000 0.0000 0.0000 0.0000 0.0000 0.0000 0.0000 0.0000 0.0000 0.0000 0.0000 0.0000 0.0000 0.0000 0.0000 0.0000 0.0000 0.0000 0.0000 0.0000 
S2 = 0.0000 0.0000 0.0000 0.0000 0.0000 0.0000 0.0000 0.0000 0.0000 0.0000 0.0000 0.0000 0.0000 0.0000 0.0000 0.0000 0.0000 0.0000 0.0000 0.0000 0.0000 0.0000 0.0000 2.3898 2.3898 0.0000 15.4845 
u = 7.8544 7.6490 7.6490 7.6490 7.6490 7.6490 7.6490 7.6490 7.5629 7.5629 7.5629 7.5629 7.5629 7.5629 7.5629 7.4775 7.4775 7.4775 7.4775 7.4775 7.4775 7.4775 7.4030 11.4915 11.4915 12.1505 9.0634 
v = 36.1527 26.6196 26.6196 26.6196 26.6196 26.6196 26.6196 26.6196 23.3554 23.3554 23.3554 23.3554 23.3554 23.3554 23.3554 20.2594 20.2594 20.2594 20.2594 20.2594 20.2594 20.2594 17.6266 79.6087 79.6087 68.2936 29.9564 
