ExternalI = 5.5000 0.0000 0.0000 0.0000 0.0000 0.0000 0.0000 0.0000 4.0000 4.0000 4.0000 4.0000 4.0000 4.0000 4.0000 0.0000 0.0000 0.0000 0.0000 0.0000 0.0000 0.0000 0.0000 8.0000 8.0000 0.0000 0.0000 
before u = 7.8544 7.6490 7.6490 7.6490 7.6490 7.6490 7.6490 7.6490 7.5629 7.5629 7.5629 7.5629 7.5629 7.5629 7.5629 7.4775 7.4775 7.4775 7.4775 7.4775 7.4775 7.4775 7.4030 11.4915 11.4915 12.1505 9.0634 
before v = 36.1527 26.6196 26.6196 26.6196 26.6196 26.6196 26.6196 26.6196 23.3554 23.3554 23.3554 23.3554 23.3554 23.3554 23.3554 20.2594 20.2594 20.2594 20.2594 20.2594 20.2594 20.2594 17.6266 79.6087 79.6087 68.2936 29.9564 
Ibias = 9.4000 9.4000 9.4000 9.4000 9.4000 9.4000 9.4000 9.4000 2.0000 2.0000 2.0000 2.0000 2.0000 2.0000 2.0000 2.0000 2.0000 2.0000 2.0000 2.0000 2.0000 2.0000 -2.0000 16.0000 16.0000 10.0000 -11.0000 
fa1 = 0.8682 0.2363 0.2363 0.2363 0.2363 0.2363 0.2363 0.2363 0.1899 0.1899 0.1899 0.1899 0.1899 0.1899 0.1899 0.1620 0.1620 0.1620 0.1620 0.1620 0.1620 0.1620 0.1451 89.5692 89.5692 39.5295 1.4164 
fa2 = 0.8686 0.2362 0.2362 0.2362 0.2362 0.2362 0.2362 0.2362 0.1898 0.1898 0.1898 0.1898 0.1898 0.1898 0.1898 0.1620 0.1620 0.1620 0.1620 0.1620 0.1620 0.1620 0.1451 91.0855 91.0855 40.0178 1.4124 
fa3 = 0.8686 0.2362 0.2362 0.2362 0.2362 0.2362 0.2362 0.2362 0.1898 0.1898 0.1898 0.1898 0.1898 0.1898 0.1898 0.1620 0.1620 0.1620 0.1620 0.1620 0.1620 0.1620 0.1451 91.1113 91.1113 40.0238 1.4125 
fa4 = 0.8690 0.2362 0.2362 0.2362 0.2362 0.2362 0.2362 0.2362 0.1898 0.1898 0.1898 0.1898 0.1898 0.1898 0.1898 0.1620 0.1620 0.1620 0.1620 0.1620 0.1620 0.1620 0.1450 92.6708 92.6708 40.5215 1.4085 
fb1 = -0.1696 -0.1995 -0.1995 -0.1995 -0.1995 -0.1995 -0.1995 -0.1995 -0.2091 -0.2091 -0.2091 -0.2091 -0.2091 -0.2091 -0.2091 -0.2181 -0.2181 -0.2181 -0.2181 -0.2181 -0.2181 -0.2181 -0.2256 0.0886 0.0886 0.0302 -0.0614 
fb2 = -0.1695 -0.1994 -0.1994 -0.1994 -0.1994 -0.1994 -0.1994 -0.1994 -0.2090 -0.2090 -0.2090 -0.2090 -0.2090 -0.2090 -0.2090 -0.2180 -0.2180 -0.2180 -0.2180 -0.2180 -0.2180 -0.2180 -0.2256 0.0904 0.0904 0.0310 -0.0614 
fb3 = -0.1695 -0.1994 -0.1994 -0.1994 -0.1994 -0.1994 -0.1994 -0.1994 -0.2090 -0.2090 -0.2090 -0.2090 -0.2090 -0.2090 -0.2090 -0.2180 -0.2180 -0.2180 -0.2180 -0.2180 -0.2180 -0.2180 -0.2256 0.0904 0.0904 0.0310 -0.0614 
fb4 = -0.1695 -0.1994 -0.1994 -0.1994 -0.1994 -0.1994 -0.1994 -0.1994 -0.2090 -0.2090 -0.2090 -0.2090 -0.2090 -0.2090 -0.2090 -0.2180 -0.2180 -0.2180 -0.2180 -0.2180 -0.2180 -0.2180 -0.2255 0.0922 0.0922 0.0318 -0.0614 
I = 14.9000 9.4000 9.4000 9.4000 9.4000 9.4000 9.4000 9.4000 6.0000 6.0000 6.0000 6.0000 6.0000 6.0000 6.0000 2.0000 2.0000 2.0000 2.0000 2.0000 2.0000 2.0000 -2.0000 26.3850 26.3850 10.0000 4.4535 
S1 = 0.0000 0.0000 0.0000 0.0000 0.0000 0.0000 0.0000 0.0000 0.0000 0.0000 0.0000 0.0000 0.0000 0.0000 0.0000 0.0000 0.0000 0.0000 0.0000 0.0000 0.0000 0.0000 0.0000 0.0000 0.0000 0.0000 0.0000 
S2 = 0.0000 0.0000 0.0000 0.0000 0.0000 0.0000 0.0000 0.0000 0.0000 0.0000 0.0000 0.0000 0.0000 0.0000 0.0000 0.0000 0.0000 0.0000 0.0000 0.0000 0.0000 0.0000 0.0000 2.3850 2.3850 0.0000 15.4535 
u = 7.8527 7.6470 7.6470 7.6470 7.6470 7.6470 7.6470 7.6470 7.5608 7.5608 7.5608 7.5608 7.5608 7.5608 7.5608 7.4753 7.4753 7.4753 7.4753 7.4753 7.4753 7.4753 7.4007 11.4924 11.4924 12.1508 9.0627 
v = 36.1614 26.6220 26.6220 26.6220 26.6220 26.6220 26.6220 26.6220 23.3573 23.3573 23.3573 23.3573 23.3573 23.3573 23.3573 20.2610 20.2610 20.2610 20.2610 20.2610 20.2610 20.2610 17.6281 80.5197 80.5197 68.6939 29.9705 
