ExternalI = 5.5000 0.0000 0.0000 0.0000 0.0000 0.0000 0.0000 0.0000 4.0000 4.0000 4.0000 4.0000 4.0000 4.0000 4.0000 0.0000 0.0000 0.0000 0.0000 0.0000 0.0000 0.0000 0.0000 8.0000 8.0000 0.0000 0.0000 
before u = 7.8527 7.6470 7.6470 7.6470 7.6470 7.6470 7.6470 7.6470 7.5608 7.5608 7.5608 7.5608 7.5608 7.5608 7.5608 7.4753 7.4753 7.4753 7.4753 7.4753 7.4753 7.4753 7.4007 11.4924 11.4924 12.1508 9.0627 
before v = 36.1614 26.6220 26.6220 26.6220 26.6220 26.6220 26.6220 26.6220 23.3573 23.3573 23.3573 23.3573 23.3573 23.3573 23.3573 20.2610 20.2610 20.2610 20.2610 20.2610 20.2610 20.2610 17.6281 80.5197 80.5197 68.6939 29.9705 
Ibias = 9.4000 9.4000 9.4000 9.4000 9.4000 9.4000 9.4000 9.4000 2.0000 2.0000 2.0000 2.0000 2.0000 2.0000 2.0000 2.0000 2.0000 2.0000 2.0000 2.0000 2.0000 2.0000 -2.0000 16.0000 16.0000 10.0000 -11.0000 
fa1 = 0.8690 0.2362 0.2362 0.2362 0.2362 0.2362 0.2362 0.2362 0.1898 0.1898 0.1898 0.1898 0.1898 0.1898 0.1898 0.1620 0.1620 0.1620 0.1620 0.1620 0.1620 0.1620 0.1450 92.6658 92.6658 40.5215 1.3776 
fa2 = 0.8694 0.2362 0.2362 0.2362 0.2362 0.2362 0.2362 0.2362 0.1898 0.1898 0.1898 0.1898 0.1898 0.1898 0.1898 0.1619 0.1619 0.1619 0.1619 0.1619 0.1619 0.1619 0.1450 94.2686 94.2686 41.0286 1.3738 
fa3 = 0.8693 0.2362 0.2362 0.2362 0.2362 0.2362 0.2362 0.2362 0.1898 0.1898 0.1898 0.1898 0.1898 0.1898 0.1898 0.1619 0.1619 0.1619 0.1619 0.1619 0.1619 0.1619 0.1450 94.2964 94.2964 41.0350 1.3738 
fa4 = 0.8697 0.2362 0.2362 0.2362 0.2362 0.2362 0.2362 0.2362 0.1898 0.1898 0.1898 0.1898 0.1898 0.1898 0.1898 0.1619 0.1619 0.1619 0.1619 0.1619 0.1619 0.1619 0.1450 95.9458 95.9458 41.5519 1.3699 
fb1 = -0.1695 -0.1994 -0.1994 -0.1994 -0.1994 -0.1994 -0.1994 -0.1994 -0.2090 -0.2090 -0.2090 -0.2090 -0.2090 -0.2090 -0.2090 -0.2180 -0.2180 -0.2180 -0.2180 -0.2180 -0.2180 -0.2180 -0.2255 0.0922 0.0922 0.0318 -0.0614 
fb2 = -0.1694 -0.1993 -0.1993 -0.1993 -0.1993 -0.1993 -0.1993 -0.1993 -0.2090 -0.2090 -0.2090 -0.2090 -0.2090 -0.2090 -0.2090 -0.2179 -0.2179 -0.2179 -0.2179 -0.2179 -0.2179 -0.2179 -0.2255 0.0941 0.0941 0.0326 -0.0613 
fb3 = -0.1694 -0.1993 -0.1993 -0.1993 -0.1993 -0.1993 -0.1993 -0.1993 -0.2090 -0.2090 -0.2090 -0.2090 -0.2090 -0.2090 -0.2090 -0.2179 -0.2179 -0.2179 -0.2179 -0.2179 -0.2179 -0.2179 -0.2255 0.0941 0.0941 0.0326 -0.0613 
fb4 = -0.1694 -0.1993 -0.1993 -0.1993 -0.1993 -0.1993 -0.1993 -0.1993 -0.2089 -0.2089 -0.2089 -0.2089 -0.2089 -0.2089 -0.2089 -0.2179 -0.2179 -0.2179 -0.2179 -0.2179 -0.2179 -0.2179 -0.2254 0.0960 0.0960 0.0334 -0.0613 
I = 14.9000 9.4000 9.4000 9.4000 9.4000 9.4000 9.4000 9.4000 6.0000 6.0000 6.0000 6.0000 6.0000 6.0000 6.0000 2.0000 2.0000 2.0000 2.0000 2.0000 2.0000 2.0000 -2.0000 26.3803 26.3803 10.0000 4.4226 
S1 = 0.0000 0.0000 0.0000 0.0000 0.0000 0.0000 0.0000 0.0000 0.0000 0.0000 0.0000 0.0000 0.0000 0.0000 0.0000 0.0000 0.0000 0.0000 0.0000 0.0000 0.0000 0.0000 0.0000 0.0000 0.0000 0.0000 0.0000 
S2 = 0.0000 0.0000 0.0000 0.0000 0.0000 0.0000 0.0000 0.0000 0.0000 0.0000 0.0000 0.0000 0.0000 0.0000 0.0000 0.0000 0.0000 0.0000 0.0000 0.0000 0.0000 0.0000 0.0000 2.3803 2.3803 0.0000 15.4226 
u = 7.8510 7.6451 7.6451 7.6451 7.6451 7.6451 7.6451 7.6451 7.5587 7.5587 7.5587 7.5587 7.5587 7.5587 7.5587 7.4732 7.4732 7.4732 7.4732 7.4732 7.4732 7.4732 7.3985 11.4933 11.4933 12.1511 9.0621 
v = 36.1701 26.6243 26.6243 26.6243 26.6243 26.6243 26.6243 26.6243 23.3592 23.3592 23.3592 23.3592 23.3592 23.3592 23.3592 20.2626 20.2626 20.2626 20.2626 20.2626 20.2626 20.2626 17.6295 81.4626 81.4626 69.1042 29.9843 
