ExternalI = 5.5000 0.0000 0.0000 0.0000 0.0000 0.0000 0.0000 0.0000 4.0000 4.0000 4.0000 4.0000 4.0000 4.0000 4.0000 0.0000 0.0000 0.0000 0.0000 0.0000 0.0000 0.0000 0.0000 8.0000 8.0000 0.0000 0.0000 
before u = 7.8510 7.6451 7.6451 7.6451 7.6451 7.6451 7.6451 7.6451 7.5587 7.5587 7.5587 7.5587 7.5587 7.5587 7.5587 7.4732 7.4732 7.4732 7.4732 7.4732 7.4732 7.4732 7.3985 11.4933 11.4933 12.1511 9.0621 
before v = 36.1701 26.6243 26.6243 26.6243 26.6243 26.6243 26.6243 26.6243 23.3592 23.3592 23.3592 23.3592 23.3592 23.3592 23.3592 20.2626 20.2626 20.2626 20.2626 20.2626 20.2626 20.2626 17.6295 81.4626 81.4626 69.1042 29.9843 
Ibias = 9.4000 9.4000 9.4000 9.4000 9.4000 9.4000 9.4000 9.4000 2.0000 2.0000 2.0000 2.0000 2.0000 2.0000 2.0000 2.0000 2.0000 2.0000 2.0000 2.0000 2.0000 2.0000 -2.0000 16.0000 16.0000 10.0000 -11.0000 
fa1 = 0.8697 0.2362 0.2362 0.2362 0.2362 0.2362 0.2362 0.2362 0.1898 0.1898 0.1898 0.1898 0.1898 0.1898 0.1898 0.1619 0.1619 0.1619 0.1619 0.1619 0.1619 0.1619 0.1450 95.9408 95.9408 41.5519 1.3391 
fa2 = 0.8701 0.2361 0.2361 0.2361 0.2361 0.2361 0.2361 0.2361 0.1897 0.1897 0.1897 0.1897 0.1897 0.1897 0.1897 0.1619 0.1619 0.1619 0.1619 0.1619 0.1619 0.1619 0.1450 97.6366 97.6366 42.0787 1.3354 
fa3 = 0.8701 0.2361 0.2361 0.2361 0.2361 0.2361 0.2361 0.2361 0.1897 0.1897 0.1897 0.1897 0.1897 0.1897 0.1897 0.1619 0.1619 0.1619 0.1619 0.1619 0.1619 0.1619 0.1450 97.6668 97.6668 42.0854 1.3354 
fa4 = 0.8705 0.2361 0.2361 0.2361 0.2361 0.2361 0.2361 0.2361 0.1897 0.1897 0.1897 0.1897 0.1897 0.1897 0.1897 0.1618 0.1618 0.1618 0.1618 0.1618 0.1618 0.1618 0.1449 99.4129 99.4129 42.6227 1.3317 
fb1 = -0.1694 -0.1993 -0.1993 -0.1993 -0.1993 -0.1993 -0.1993 -0.1993 -0.2089 -0.2089 -0.2089 -0.2089 -0.2089 -0.2089 -0.2089 -0.2179 -0.2179 -0.2179 -0.2179 -0.2179 -0.2179 -0.2179 -0.2254 0.0960 0.0960 0.0334 -0.0613 
fb2 = -0.1693 -0.1993 -0.1993 -0.1993 -0.1993 -0.1993 -0.1993 -0.1993 -0.2089 -0.2089 -0.2089 -0.2089 -0.2089 -0.2089 -0.2089 -0.2178 -0.2178 -0.2178 -0.2178 -0.2178 -0.2178 -0.2178 -0.2254 0.0979 0.0979 0.0342 -0.0613 
fb3 = -0.1693 -0.1993 -0.1993 -0.1993 -0.1993 -0.1993 -0.1993 -0.1993 -0.2089 -0.2089 -0.2089 -0.2089 -0.2089 -0.2089 -0.2089 -0.2178 -0.2178 -0.2178 -0.2178 -0.2178 -0.2178 -0.2178 -0.2254 0.0979 0.0979 0.0342 -0.0613 
fb4 = -0.1693 -0.1992 -0.1992 -0.1992 -0.1992 -0.1992 -0.1992 -0.1992 -0.2088 -0.2088 -0.2088 -0.2088 -0.2088 -0.2088 -0.2088 -0.2178 -0.2178 -0.2178 -0.2178 -0.2178 -0.2178 -0.2178 -0.2253 0.0999 0.0999 0.0351 -0.0612 
I = 14.9000 9.4000 9.4000 9.4000 9.4000 9.4000 9.4000 9.4000 6.0000 6.0000 6.0000 6.0000 6.0000 6.0000 6.0000 2.0000 2.0000 2.0000 2.0000 2.0000 2.0000 2.0000 -2.0000 26.3755 26.3755 10.0000 4.3918 
S1 = 0.0000 0.0000 0.0000 0.0000 0.0000 0.0000 0.0000 0.0000 0.0000 0.0000 0.0000 0.0000 0.0000 0.0000 0.0000 0.0000 0.0000 0.0000 0.0000 0.0000 0.0000 0.0000 0.0000 0.0000 0.0000 0.0000 0.0000 
S2 = 0.0000 0.0000 0.0000 0.0000 0.0000 0.0000 0.0000 0.0000 0.0000 0.0000 0.0000 0.0000 0.0000 0.0000 0.0000 0.0000 0.0000 0.0000 0.0000 0.0000 0.0000 0.0000 0.0000 2.3755 2.3755 0.0000 15.3918 
u = 7.8493 7.6431 7.6431 7.6431 7.6431 7.6431 7.6431 7.6431 7.5566 7.5566 7.5566 7.5566 7.5566 7.5566 7.5566 7.4710 7.4710 7.4710 7.4710 7.4710 7.4710 7.4710 7.3962 11.4943 11.4943 12.1514 9.0615 
v = 36.1788 26.6267 26.6267 26.6267 26.6267 26.6267 26.6267 26.6267 23.3611 23.3611 23.3611 23.3611 23.3611 23.3611 23.3611 20.2643 20.2643 20.2643 20.2643 20.2643 20.2643 20.2643 17.6310 82.4392 82.4392 69.5250 29.9976 
