ExternalI = 5.5000 0.0000 0.0000 0.0000 0.0000 0.0000 0.0000 0.0000 4.0000 4.0000 4.0000 4.0000 4.0000 4.0000 4.0000 0.0000 0.0000 0.0000 0.0000 0.0000 0.0000 0.0000 0.0000 8.0000 8.0000 0.0000 0.0000 
before u = 7.8493 7.6431 7.6431 7.6431 7.6431 7.6431 7.6431 7.6431 7.5566 7.5566 7.5566 7.5566 7.5566 7.5566 7.5566 7.4710 7.4710 7.4710 7.4710 7.4710 7.4710 7.4710 7.3962 11.4943 11.4943 12.1514 9.0615 
before v = 36.1788 26.6267 26.6267 26.6267 26.6267 26.6267 26.6267 26.6267 23.3611 23.3611 23.3611 23.3611 23.3611 23.3611 23.3611 20.2643 20.2643 20.2643 20.2643 20.2643 20.2643 20.2643 17.6310 82.4392 82.4392 69.5250 29.9976 
Ibias = 9.4000 9.4000 9.4000 9.4000 9.4000 9.4000 9.4000 9.4000 2.0000 2.0000 2.0000 2.0000 2.0000 2.0000 2.0000 2.0000 2.0000 2.0000 2.0000 2.0000 2.0000 2.0000 -2.0000 16.0000 16.0000 10.0000 -11.0000 
fa1 = 0.8705 0.2361 0.2361 0.2361 0.2361 0.2361 0.2361 0.2361 0.1897 0.1897 0.1897 0.1897 0.1897 0.1897 0.1897 0.1618 0.1618 0.1618 0.1618 0.1618 0.1618 0.1618 0.1449 99.4079 99.4079 42.6227 1.3009 
fa2 = 0.8709 0.2361 0.2361 0.2361 0.2361 0.2361 0.2361 0.2361 0.1897 0.1897 0.1897 0.1897 0.1897 0.1897 0.1897 0.1618 0.1618 0.1618 0.1618 0.1618 0.1618 0.1618 0.1449 101.2042 101.2042 43.1703 1.2973 
fa3 = 0.8709 0.2361 0.2361 0.2361 0.2361 0.2361 0.2361 0.2361 0.1897 0.1897 0.1897 0.1897 0.1897 0.1897 0.1897 0.1618 0.1618 0.1618 0.1618 0.1618 0.1618 0.1618 0.1449 101.2369 101.2369 43.1774 1.2973 
fa4 = 0.8713 0.2360 0.2360 0.2360 0.2360 0.2360 0.2360 0.2360 0.1896 0.1896 0.1896 0.1896 0.1896 0.1896 0.1896 0.1618 0.1618 0.1618 0.1618 0.1618 0.1618 0.1618 0.1449 103.0875 103.0875 43.7360 1.2937 
fb1 = -0.1693 -0.1992 -0.1992 -0.1992 -0.1992 -0.1992 -0.1992 -0.1992 -0.2088 -0.2088 -0.2088 -0.2088 -0.2088 -0.2088 -0.2088 -0.2178 -0.2178 -0.2178 -0.2178 -0.2178 -0.2178 -0.2178 -0.2253 0.0999 0.0999 0.0351 -0.0612 
fb2 = -0.1692 -0.1992 -0.1992 -0.1992 -0.1992 -0.1992 -0.1992 -0.1992 -0.2088 -0.2088 -0.2088 -0.2088 -0.2088 -0.2088 -0.2088 -0.2177 -0.2177 -0.2177 -0.2177 -0.2177 -0.2177 -0.2177 -0.2253 0.1018 0.1018 0.0359 -0.0612 
fb3 = -0.1692 -0.1992 -0.1992 -0.1992 -0.1992 -0.1992 -0.1992 -0.1992 -0.2088 -0.2088 -0.2088 -0.2088 -0.2088 -0.2088 -0.2088 -0.2177 -0.2177 -0.2177 -0.2177 -0.2177 -0.2177 -0.2177 -0.2253 0.1019 0.1019 0.0359 -0.0612 
fb4 = -0.1692 -0.1991 -0.1991 -0.1991 -0.1991 -0.1991 -0.1991 -0.1991 -0.2087 -0.2087 -0.2087 -0.2087 -0.2087 -0.2087 -0.2087 -0.2177 -0.2177 -0.2177 -0.2177 -0.2177 -0.2177 -0.2177 -0.2252 0.1039 0.1039 0.0368 -0.0612 
I = 14.9000 9.4000 9.4000 9.4000 9.4000 9.4000 9.4000 9.4000 6.0000 6.0000 6.0000 6.0000 6.0000 6.0000 6.0000 2.0000 2.0000 2.0000 2.0000 2.0000 2.0000 2.0000 -2.0000 26.3708 26.3708 10.0000 4.3610 
S1 = 0.0000 0.0000 0.0000 0.0000 0.0000 0.0000 0.0000 0.0000 0.0000 0.0000 0.0000 0.0000 0.0000 0.0000 0.0000 0.0000 0.0000 0.0000 0.0000 0.0000 0.0000 0.0000 0.0000 0.0000 0.0000 0.0000 0.0000 
S2 = 0.0000 0.0000 0.0000 0.0000 0.0000 0.0000 0.0000 0.0000 0.0000 0.0000 0.0000 0.0000 0.0000 0.0000 0.0000 0.0000 0.0000 0.0000 0.0000 0.0000 0.0000 0.0000 0.0000 2.3708 2.3708 0.0000 15.3610 
u = 7.8476 7.6411 7.6411 7.6411 7.6411 7.6411 7.6411 7.6411 7.5545 7.5545 7.5545 7.5545 7.5545 7.5545 7.5545 7.4688 7.4688 7.4688 7.4688 7.4688 7.4688 7.4688 7.3940 11.4953 11.4953 12.1518 9.0609 
v = 36.1875 26.6291 26.6291 26.6291 26.6291 26.6291 26.6291 26.6291 23.3630 23.3630 23.3630 23.3630 23.3630 23.3630 23.3630 20.2659 20.2659 20.2659 20.2659 20.2659 20.2659 20.2659 17.6324 83.4515 83.4515 69.9568 30.0106 
