ExternalI = 5.5000 0.0000 0.0000 0.0000 0.0000 0.0000 0.0000 0.0000 4.0000 4.0000 4.0000 4.0000 4.0000 4.0000 4.0000 0.0000 0.0000 0.0000 0.0000 0.0000 0.0000 0.0000 0.0000 8.0000 8.0000 0.0000 0.0000 
before u = 7.8476 7.6411 7.6411 7.6411 7.6411 7.6411 7.6411 7.6411 7.5545 7.5545 7.5545 7.5545 7.5545 7.5545 7.5545 7.4688 7.4688 7.4688 7.4688 7.4688 7.4688 7.4688 7.3940 11.4953 11.4953 12.1518 9.0609 
before v = 36.1875 26.6291 26.6291 26.6291 26.6291 26.6291 26.6291 26.6291 23.3630 23.3630 23.3630 23.3630 23.3630 23.3630 23.3630 20.2659 20.2659 20.2659 20.2659 20.2659 20.2659 20.2659 17.6324 83.4515 83.4515 69.9568 30.0106 
Ibias = 9.4000 9.4000 9.4000 9.4000 9.4000 9.4000 9.4000 9.4000 2.0000 2.0000 2.0000 2.0000 2.0000 2.0000 2.0000 2.0000 2.0000 2.0000 2.0000 2.0000 2.0000 2.0000 -2.0000 16.0000 16.0000 10.0000 -11.0000 
fa1 = 0.8713 0.2360 0.2360 0.2360 0.2360 0.2360 0.2360 0.2360 0.1896 0.1896 0.1896 0.1896 0.1896 0.1896 0.1896 0.1618 0.1618 0.1618 0.1618 0.1618 0.1618 0.1618 0.1449 103.0825 103.0825 43.7359 1.2630 
fa2 = 0.8717 0.2360 0.2360 0.2360 0.2360 0.2360 0.2360 0.2360 0.1896 0.1896 0.1896 0.1896 0.1896 0.1896 0.1896 0.1618 0.1618 0.1618 0.1618 0.1618 0.1618 0.1618 0.1449 104.9873 104.9873 44.3055 1.2595 
fa3 = 0.8717 0.2360 0.2360 0.2360 0.2360 0.2360 0.2360 0.2360 0.1896 0.1896 0.1896 0.1896 0.1896 0.1896 0.1896 0.1618 0.1618 0.1618 0.1618 0.1618 0.1618 0.1618 0.1449 105.0227 105.0227 44.3129 1.2596 
fa4 = 0.8721 0.2360 0.2360 0.2360 0.2360 0.2360 0.2360 0.2360 0.1896 0.1896 0.1896 0.1896 0.1896 0.1896 0.1896 0.1617 0.1617 0.1617 0.1617 0.1617 0.1617 0.1617 0.1448 106.9863 106.9863 44.8940 1.2561 
fb1 = -0.1692 -0.1991 -0.1991 -0.1991 -0.1991 -0.1991 -0.1991 -0.1991 -0.2087 -0.2087 -0.2087 -0.2087 -0.2087 -0.2087 -0.2087 -0.2177 -0.2177 -0.2177 -0.2177 -0.2177 -0.2177 -0.2177 -0.2252 0.1039 0.1039 0.0368 -0.0612 
fb2 = -0.1691 -0.1991 -0.1991 -0.1991 -0.1991 -0.1991 -0.1991 -0.1991 -0.2087 -0.2087 -0.2087 -0.2087 -0.2087 -0.2087 -0.2087 -0.2176 -0.2176 -0.2176 -0.2176 -0.2176 -0.2176 -0.2176 -0.2252 0.1060 0.1060 0.0377 -0.0611 
fb3 = -0.1691 -0.1991 -0.1991 -0.1991 -0.1991 -0.1991 -0.1991 -0.1991 -0.2087 -0.2087 -0.2087 -0.2087 -0.2087 -0.2087 -0.2087 -0.2176 -0.2176 -0.2176 -0.2176 -0.2176 -0.2176 -0.2176 -0.2252 0.1060 0.1060 0.0377 -0.0611 
fb4 = -0.1691 -0.1990 -0.1990 -0.1990 -0.1990 -0.1990 -0.1990 -0.1990 -0.2086 -0.2086 -0.2086 -0.2086 -0.2086 -0.2086 -0.2086 -0.2176 -0.2176 -0.2176 -0.2176 -0.2176 -0.2176 -0.2176 -0.2251 0.1081 0.1081 0.0386 -0.0611 
I = 14.9000 9.4000 9.4000 9.4000 9.4000 9.4000 9.4000 9.4000 6.0000 6.0000 6.0000 6.0000 6.0000 6.0000 6.0000 2.0000 2.0000 2.0000 2.0000 2.0000 2.0000 2.0000 -2.0000 26.3660 26.3660 10.0000 4.3303 
S1 = 0.0000 0.0000 0.0000 0.0000 0.0000 0.0000 0.0000 0.0000 0.0000 0.0000 0.0000 0.0000 0.0000 0.0000 0.0000 0.0000 0.0000 0.0000 0.0000 0.0000 0.0000 0.0000 0.0000 0.0000 0.0000 0.0000 0.0000 
S2 = 0.0000 0.0000 0.0000 0.0000 0.0000 0.0000 0.0000 0.0000 0.0000 0.0000 0.0000 0.0000 0.0000 0.0000 0.0000 0.0000 0.0000 0.0000 0.0000 0.0000 0.0000 0.0000 0.0000 2.3660 2.3660 0.0000 15.3303 
u = 7.8459 7.6391 7.6391 7.6391 7.6391 7.6391 7.6391 7.6391 7.5525 7.5525 7.5525 7.5525 7.5525 7.5525 7.5525 7.4666 7.4666 7.4666 7.4666 7.4666 7.4666 7.4666 7.3917 11.4964 11.4964 12.1522 9.0603 
v = 36.1963 26.6314 26.6314 26.6314 26.6314 26.6314 26.6314 26.6314 23.3649 23.3649 23.3649 23.3649 23.3649 23.3649 23.3649 20.2675 20.2675 20.2675 20.2675 20.2675 20.2675 20.2675 17.6339 84.5017 84.5017 70.3999 30.0232 
