ExternalI = 5.5000 0.0000 0.0000 0.0000 0.0000 0.0000 0.0000 0.0000 4.0000 4.0000 4.0000 4.0000 4.0000 4.0000 4.0000 0.0000 0.0000 0.0000 0.0000 0.0000 0.0000 0.0000 0.0000 8.0000 8.0000 0.0000 0.0000 
before u = 7.8459 7.6391 7.6391 7.6391 7.6391 7.6391 7.6391 7.6391 7.5525 7.5525 7.5525 7.5525 7.5525 7.5525 7.5525 7.4666 7.4666 7.4666 7.4666 7.4666 7.4666 7.4666 7.3917 11.4964 11.4964 12.1522 9.0603 
before v = 36.1963 26.6314 26.6314 26.6314 26.6314 26.6314 26.6314 26.6314 23.3649 23.3649 23.3649 23.3649 23.3649 23.3649 23.3649 20.2675 20.2675 20.2675 20.2675 20.2675 20.2675 20.2675 17.6339 84.5017 84.5017 70.3999 30.0232 
Ibias = 9.4000 9.4000 9.4000 9.4000 9.4000 9.4000 9.4000 9.4000 2.0000 2.0000 2.0000 2.0000 2.0000 2.0000 2.0000 2.0000 2.0000 2.0000 2.0000 2.0000 2.0000 2.0000 -2.0000 16.0000 16.0000 10.0000 -11.0000 
fa1 = 0.8721 0.2360 0.2360 0.2360 0.2360 0.2360 0.2360 0.2360 0.1896 0.1896 0.1896 0.1896 0.1896 0.1896 0.1896 0.1617 0.1617 0.1617 0.1617 0.1617 0.1617 0.1617 0.1448 106.9813 106.9813 44.8940 1.2254 
fa2 = 0.8724 0.2359 0.2359 0.2359 0.2359 0.2359 0.2359 0.2359 0.1896 0.1896 0.1896 0.1896 0.1896 0.1896 0.1896 0.1617 0.1617 0.1617 0.1617 0.1617 0.1617 0.1617 0.1448 109.0035 109.0035 45.4866 1.2221 
fa3 = 0.8724 0.2359 0.2359 0.2359 0.2359 0.2359 0.2359 0.2359 0.1896 0.1896 0.1896 0.1896 0.1896 0.1896 0.1896 0.1617 0.1617 0.1617 0.1617 0.1617 0.1617 0.1617 0.1448 109.0420 109.0420 45.4944 1.2221 
fa4 = 0.8728 0.2359 0.2359 0.2359 0.2359 0.2359 0.2359 0.2359 0.1895 0.1895 0.1895 0.1895 0.1895 0.1895 0.1895 0.1617 0.1617 0.1617 0.1617 0.1617 0.1617 0.1617 0.1448 111.1279 111.1279 46.0992 1.2187 
fb1 = -0.1691 -0.1990 -0.1990 -0.1990 -0.1990 -0.1990 -0.1990 -0.1990 -0.2086 -0.2086 -0.2086 -0.2086 -0.2086 -0.2086 -0.2086 -0.2176 -0.2176 -0.2176 -0.2176 -0.2176 -0.2176 -0.2176 -0.2251 0.1081 0.1081 0.0386 -0.0611 
fb2 = -0.1690 -0.1990 -0.1990 -0.1990 -0.1990 -0.1990 -0.1990 -0.1990 -0.2086 -0.2086 -0.2086 -0.2086 -0.2086 -0.2086 -0.2086 -0.2175 -0.2175 -0.2175 -0.2175 -0.2175 -0.2175 -0.2175 -0.2251 0.1102 0.1102 0.0395 -0.0611 
fb3 = -0.1690 -0.1990 -0.1990 -0.1990 -0.1990 -0.1990 -0.1990 -0.1990 -0.2086 -0.2086 -0.2086 -0.2086 -0.2086 -0.2086 -0.2086 -0.2175 -0.2175 -0.2175 -0.2175 -0.2175 -0.2175 -0.2175 -0.2251 0.1102 0.1102 0.0395 -0.0611 
fb4 = -0.1689 -0.1989 -0.1989 -0.1989 -0.1989 -0.1989 -0.1989 -0.1989 -0.2085 -0.2085 -0.2085 -0.2085 -0.2085 -0.2085 -0.2085 -0.2175 -0.2175 -0.2175 -0.2175 -0.2175 -0.2175 -0.2175 -0.2250 0.1124 0.1124 0.0404 -0.0611 
I = 14.9000 9.4000 9.4000 9.4000 9.4000 9.4000 9.4000 9.4000 6.0000 6.0000 6.0000 6.0000 6.0000 6.0000 6.0000 2.0000 2.0000 2.0000 2.0000 2.0000 2.0000 2.0000 -2.0000 26.3613 26.3613 10.0000 4.2996 
S1 = 0.0000 0.0000 0.0000 0.0000 0.0000 0.0000 0.0000 0.0000 0.0000 0.0000 0.0000 0.0000 0.0000 0.0000 0.0000 0.0000 0.0000 0.0000 0.0000 0.0000 0.0000 0.0000 0.0000 0.0000 0.0000 0.0000 0.0000 
S2 = 0.0000 0.0000 0.0000 0.0000 0.0000 0.0000 0.0000 0.0000 0.0000 0.0000 0.0000 0.0000 0.0000 0.0000 0.0000 0.0000 0.0000 0.0000 0.0000 0.0000 0.0000 0.0000 0.0000 2.3613 2.3613 0.0000 15.2996 
u = 7.8442 7.6371 7.6371 7.6371 7.6371 7.6371 7.6371 7.6371 7.5504 7.5504 7.5504 7.5504 7.5504 7.5504 7.5504 7.4644 7.4644 7.4644 7.4644 7.4644 7.4644 7.4644 7.3895 11.4975 11.4975 12.1526 9.0597 
v = 36.2050 26.6338 26.6338 26.6338 26.6338 26.6338 26.6338 26.6338 23.3668 23.3668 23.3668 23.3668 23.3668 23.3668 23.3668 20.2691 20.2691 20.2691 20.2691 20.2691 20.2691 20.2691 17.6353 85.5920 85.5920 70.8548 30.0354 
