ExternalI = 5.5000 0.0000 0.0000 0.0000 0.0000 0.0000 0.0000 0.0000 4.0000 4.0000 4.0000 4.0000 4.0000 4.0000 4.0000 0.0000 0.0000 0.0000 0.0000 0.0000 0.0000 0.0000 0.0000 8.0000 8.0000 0.0000 0.0000 
before u = 7.8442 7.6371 7.6371 7.6371 7.6371 7.6371 7.6371 7.6371 7.5504 7.5504 7.5504 7.5504 7.5504 7.5504 7.5504 7.4644 7.4644 7.4644 7.4644 7.4644 7.4644 7.4644 7.3895 11.4975 11.4975 12.1526 9.0597 
before v = 36.2050 26.6338 26.6338 26.6338 26.6338 26.6338 26.6338 26.6338 23.3668 23.3668 23.3668 23.3668 23.3668 23.3668 23.3668 20.2691 20.2691 20.2691 20.2691 20.2691 20.2691 20.2691 17.6353 85.5920 85.5920 70.8548 30.0354 
Ibias = 9.4000 9.4000 9.4000 9.4000 9.4000 9.4000 9.4000 9.4000 2.0000 2.0000 2.0000 2.0000 2.0000 2.0000 2.0000 2.0000 2.0000 2.0000 2.0000 2.0000 2.0000 2.0000 -2.0000 16.0000 16.0000 10.0000 -11.0000 
fa1 = 0.8728 0.2359 0.2359 0.2359 0.2359 0.2359 0.2359 0.2359 0.1895 0.1895 0.1895 0.1895 0.1895 0.1895 0.1895 0.1617 0.1617 0.1617 0.1617 0.1617 0.1617 0.1617 0.1448 111.1228 111.1228 46.0992 1.1881 
fa2 = 0.8732 0.2359 0.2359 0.2359 0.2359 0.2359 0.2359 0.2359 0.1895 0.1895 0.1895 0.1895 0.1895 0.1895 0.1895 0.1617 0.1617 0.1617 0.1617 0.1617 0.1617 0.1617 0.1448 113.2723 113.2723 46.7162 1.1849 
fa3 = 0.8732 0.2359 0.2359 0.2359 0.2359 0.2359 0.2359 0.2359 0.1895 0.1895 0.1895 0.1895 0.1895 0.1895 0.1895 0.1617 0.1617 0.1617 0.1617 0.1617 0.1617 0.1617 0.1448 113.3141 113.3141 46.7245 1.1849 
fa4 = 0.8736 0.2358 0.2358 0.2358 0.2358 0.2358 0.2358 0.2358 0.1895 0.1895 0.1895 0.1895 0.1895 0.1895 0.1895 0.1616 0.1616 0.1616 0.1616 0.1616 0.1616 0.1616 0.1447 115.5326 115.5326 47.3543 1.1817 
fb1 = -0.1689 -0.1989 -0.1989 -0.1989 -0.1989 -0.1989 -0.1989 -0.1989 -0.2085 -0.2085 -0.2085 -0.2085 -0.2085 -0.2085 -0.2085 -0.2175 -0.2175 -0.2175 -0.2175 -0.2175 -0.2175 -0.2175 -0.2250 0.1124 0.1124 0.0404 -0.0611 
fb2 = -0.1689 -0.1989 -0.1989 -0.1989 -0.1989 -0.1989 -0.1989 -0.1989 -0.2085 -0.2085 -0.2085 -0.2085 -0.2085 -0.2085 -0.2085 -0.2175 -0.2175 -0.2175 -0.2175 -0.2175 -0.2175 -0.2175 -0.2250 0.1146 0.1146 0.0413 -0.0610 
fb3 = -0.1689 -0.1989 -0.1989 -0.1989 -0.1989 -0.1989 -0.1989 -0.1989 -0.2085 -0.2085 -0.2085 -0.2085 -0.2085 -0.2085 -0.2085 -0.2175 -0.2175 -0.2175 -0.2175 -0.2175 -0.2175 -0.2175 -0.2250 0.1147 0.1147 0.0413 -0.0610 
fb4 = -0.1688 -0.1989 -0.1989 -0.1989 -0.1989 -0.1989 -0.1989 -0.1989 -0.2085 -0.2085 -0.2085 -0.2085 -0.2085 -0.2085 -0.2085 -0.2174 -0.2174 -0.2174 -0.2174 -0.2174 -0.2174 -0.2174 -0.2249 0.1169 0.1169 0.0422 -0.0610 
I = 14.9000 9.4000 9.4000 9.4000 9.4000 9.4000 9.4000 9.4000 6.0000 6.0000 6.0000 6.0000 6.0000 6.0000 6.0000 2.0000 2.0000 2.0000 2.0000 2.0000 2.0000 2.0000 -2.0000 26.3566 26.3566 10.0000 4.2690 
S1 = 0.0000 0.0000 0.0000 0.0000 0.0000 0.0000 0.0000 0.0000 0.0000 0.0000 0.0000 0.0000 0.0000 0.0000 0.0000 0.0000 0.0000 0.0000 0.0000 0.0000 0.0000 0.0000 0.0000 0.0000 0.0000 0.0000 0.0000 
S2 = 0.0000 0.0000 0.0000 0.0000 0.0000 0.0000 0.0000 0.0000 0.0000 0.0000 0.0000 0.0000 0.0000 0.0000 0.0000 0.0000 0.0000 0.0000 0.0000 0.0000 0.0000 0.0000 0.0000 2.3566 2.3566 0.0000 15.2690 
u = 7.8426 7.6351 7.6351 7.6351 7.6351 7.6351 7.6351 7.6351 7.5483 7.5483 7.5483 7.5483 7.5483 7.5483 7.5483 7.4623 7.4623 7.4623 7.4623 7.4623 7.4623 7.4623 7.3872 11.4986 11.4986 12.1530 9.0591 
v = 36.2137 26.6361 26.6361 26.6361 26.6361 26.6361 26.6361 26.6361 23.3687 23.3687 23.3687 23.3687 23.3687 23.3687 23.3687 20.2707 20.2707 20.2707 20.2707 20.2707 20.2707 20.2707 17.6367 86.7251 86.7251 71.3220 30.0473 
