ExternalI = 5.5000 0.0000 0.0000 0.0000 0.0000 0.0000 0.0000 0.0000 4.0000 4.0000 4.0000 4.0000 4.0000 4.0000 4.0000 0.0000 0.0000 0.0000 0.0000 0.0000 0.0000 0.0000 0.0000 8.0000 8.0000 0.0000 0.0000 
before u = 7.8426 7.6351 7.6351 7.6351 7.6351 7.6351 7.6351 7.6351 7.5483 7.5483 7.5483 7.5483 7.5483 7.5483 7.5483 7.4623 7.4623 7.4623 7.4623 7.4623 7.4623 7.4623 7.3872 11.4986 11.4986 12.1530 9.0591 
before v = 36.2137 26.6361 26.6361 26.6361 26.6361 26.6361 26.6361 26.6361 23.3687 23.3687 23.3687 23.3687 23.3687 23.3687 23.3687 20.2707 20.2707 20.2707 20.2707 20.2707 20.2707 20.2707 17.6367 86.7251 86.7251 71.3220 30.0473 
Ibias = 9.4000 9.4000 9.4000 9.4000 9.4000 9.4000 9.4000 9.4000 2.0000 2.0000 2.0000 2.0000 2.0000 2.0000 2.0000 2.0000 2.0000 2.0000 2.0000 2.0000 2.0000 2.0000 -2.0000 16.0000 16.0000 10.0000 -11.0000 
fa1 = 0.8736 0.2358 0.2358 0.2358 0.2358 0.2358 0.2358 0.2358 0.1895 0.1895 0.1895 0.1895 0.1895 0.1895 0.1895 0.1616 0.1616 0.1616 0.1616 0.1616 0.1616 0.1616 0.1447 115.5275 115.5275 47.3542 1.1511 
fa2 = 0.8740 0.2358 0.2358 0.2358 0.2358 0.2358 0.2358 0.2358 0.1894 0.1894 0.1894 0.1894 0.1894 0.1894 0.1894 0.1616 0.1616 0.1616 0.1616 0.1616 0.1616 0.1616 0.1447 117.8151 117.8151 47.9969 1.1480 
fa3 = 0.8740 0.2358 0.2358 0.2358 0.2358 0.2358 0.2358 0.2358 0.1894 0.1894 0.1894 0.1894 0.1894 0.1894 0.1894 0.1616 0.1616 0.1616 0.1616 0.1616 0.1616 0.1616 0.1447 117.8606 117.8606 48.0057 1.1480 
fa4 = 0.8744 0.2358 0.2358 0.2358 0.2358 0.2358 0.2358 0.2358 0.1894 0.1894 0.1894 0.1894 0.1894 0.1894 0.1894 0.1616 0.1616 0.1616 0.1616 0.1616 0.1616 0.1616 0.1447 120.2233 120.2233 48.6620 1.1449 
fb1 = -0.1688 -0.1989 -0.1989 -0.1989 -0.1989 -0.1989 -0.1989 -0.1989 -0.2085 -0.2085 -0.2085 -0.2085 -0.2085 -0.2085 -0.2085 -0.2174 -0.2174 -0.2174 -0.2174 -0.2174 -0.2174 -0.2174 -0.2249 0.1169 0.1169 0.0422 -0.0610 
fb2 = -0.1688 -0.1988 -0.1988 -0.1988 -0.1988 -0.1988 -0.1988 -0.1988 -0.2084 -0.2084 -0.2084 -0.2084 -0.2084 -0.2084 -0.2084 -0.2174 -0.2174 -0.2174 -0.2174 -0.2174 -0.2174 -0.2174 -0.2249 0.1192 0.1192 0.0432 -0.0610 
fb3 = -0.1688 -0.1988 -0.1988 -0.1988 -0.1988 -0.1988 -0.1988 -0.1988 -0.2084 -0.2084 -0.2084 -0.2084 -0.2084 -0.2084 -0.2084 -0.2174 -0.2174 -0.2174 -0.2174 -0.2174 -0.2174 -0.2174 -0.2249 0.1193 0.1193 0.0432 -0.0610 
fb4 = -0.1687 -0.1988 -0.1988 -0.1988 -0.1988 -0.1988 -0.1988 -0.1988 -0.2084 -0.2084 -0.2084 -0.2084 -0.2084 -0.2084 -0.2084 -0.2173 -0.2173 -0.2173 -0.2173 -0.2173 -0.2173 -0.2173 -0.2248 0.1216 0.1216 0.0441 -0.0609 
I = 14.9000 9.4000 9.4000 9.4000 9.4000 9.4000 9.4000 9.4000 6.0000 6.0000 6.0000 6.0000 6.0000 6.0000 6.0000 2.0000 2.0000 2.0000 2.0000 2.0000 2.0000 2.0000 -2.0000 26.3519 26.3519 10.0000 4.2385 
S1 = 0.0000 0.0000 0.0000 0.0000 0.0000 0.0000 0.0000 0.0000 0.0000 0.0000 0.0000 0.0000 0.0000 0.0000 0.0000 0.0000 0.0000 0.0000 0.0000 0.0000 0.0000 0.0000 0.0000 0.0000 0.0000 0.0000 0.0000 
S2 = 0.0000 0.0000 0.0000 0.0000 0.0000 0.0000 0.0000 0.0000 0.0000 0.0000 0.0000 0.0000 0.0000 0.0000 0.0000 0.0000 0.0000 0.0000 0.0000 0.0000 0.0000 0.0000 0.0000 2.3519 2.3519 0.0000 15.2385 
u = 7.8409 7.6331 7.6331 7.6331 7.6331 7.6331 7.6331 7.6331 7.5462 7.5462 7.5462 7.5462 7.5462 7.5462 7.5462 7.4601 7.4601 7.4601 7.4601 7.4601 7.4601 7.4601 7.3850 11.4998 11.4998 12.1534 9.0585 
v = 36.2225 26.6385 26.6385 26.6385 26.6385 26.6385 26.6385 26.6385 23.3706 23.3706 23.3706 23.3706 23.3706 23.3706 23.3706 20.2723 20.2723 20.2723 20.2723 20.2723 20.2723 20.2723 17.6382 87.9036 87.9036 71.8021 30.0587 
