ExternalI = 5.5000 0.0000 0.0000 0.0000 0.0000 0.0000 0.0000 0.0000 4.0000 4.0000 4.0000 4.0000 4.0000 4.0000 4.0000 0.0000 0.0000 0.0000 0.0000 0.0000 0.0000 0.0000 0.0000 8.0000 8.0000 0.0000 0.0000 
before u = 7.8409 7.6331 7.6331 7.6331 7.6331 7.6331 7.6331 7.6331 7.5462 7.5462 7.5462 7.5462 7.5462 7.5462 7.5462 7.4601 7.4601 7.4601 7.4601 7.4601 7.4601 7.4601 7.3850 11.4998 11.4998 12.1534 9.0585 
before v = 36.2225 26.6385 26.6385 26.6385 26.6385 26.6385 26.6385 26.6385 23.3706 23.3706 23.3706 23.3706 23.3706 23.3706 23.3706 20.2723 20.2723 20.2723 20.2723 20.2723 20.2723 20.2723 17.6382 87.9036 87.9036 71.8021 30.0587 
Ibias = 9.4000 9.4000 9.4000 9.4000 9.4000 9.4000 9.4000 9.4000 2.0000 2.0000 2.0000 2.0000 2.0000 2.0000 2.0000 2.0000 2.0000 2.0000 2.0000 2.0000 2.0000 2.0000 -2.0000 16.0000 16.0000 10.0000 -11.0000 
fa1 = 0.8744 0.2358 0.2358 0.2358 0.2358 0.2358 0.2358 0.2358 0.1894 0.1894 0.1894 0.1894 0.1894 0.1894 0.1894 0.1616 0.1616 0.1616 0.1616 0.1616 0.1616 0.1616 0.1447 120.2182 120.2182 48.6619 1.1144 
fa2 = 0.8748 0.2358 0.2358 0.2358 0.2358 0.2358 0.2358 0.2358 0.1894 0.1894 0.1894 0.1894 0.1894 0.1894 0.1894 0.1616 0.1616 0.1616 0.1616 0.1616 0.1616 0.1616 0.1447 122.6558 122.6558 49.3317 1.1114 
fa3 = 0.8748 0.2358 0.2358 0.2358 0.2358 0.2358 0.2358 0.2358 0.1894 0.1894 0.1894 0.1894 0.1894 0.1894 0.1894 0.1616 0.1616 0.1616 0.1616 0.1616 0.1616 0.1616 0.1447 122.7055 122.7055 49.3410 1.1114 
fa4 = 0.8752 0.2357 0.2357 0.2357 0.2357 0.2357 0.2357 0.2357 0.1894 0.1894 0.1894 0.1894 0.1894 0.1894 0.1894 0.1615 0.1615 0.1615 0.1615 0.1615 0.1615 0.1615 0.1446 125.2250 125.2250 50.0252 1.1084 
fb1 = -0.1687 -0.1988 -0.1988 -0.1988 -0.1988 -0.1988 -0.1988 -0.1988 -0.2084 -0.2084 -0.2084 -0.2084 -0.2084 -0.2084 -0.2084 -0.2173 -0.2173 -0.2173 -0.2173 -0.2173 -0.2173 -0.2173 -0.2248 0.1216 0.1216 0.0441 -0.0609 
fb2 = -0.1687 -0.1987 -0.1987 -0.1987 -0.1987 -0.1987 -0.1987 -0.1987 -0.2083 -0.2083 -0.2083 -0.2083 -0.2083 -0.2083 -0.2083 -0.2173 -0.2173 -0.2173 -0.2173 -0.2173 -0.2173 -0.2173 -0.2248 0.1240 0.1240 0.0451 -0.0609 
fb3 = -0.1687 -0.1987 -0.1987 -0.1987 -0.1987 -0.1987 -0.1987 -0.1987 -0.2083 -0.2083 -0.2083 -0.2083 -0.2083 -0.2083 -0.2083 -0.2173 -0.2173 -0.2173 -0.2173 -0.2173 -0.2173 -0.2173 -0.2248 0.1241 0.1241 0.0451 -0.0609 
fb4 = -0.1686 -0.1987 -0.1987 -0.1987 -0.1987 -0.1987 -0.1987 -0.1987 -0.2083 -0.2083 -0.2083 -0.2083 -0.2083 -0.2083 -0.2083 -0.2172 -0.2172 -0.2172 -0.2172 -0.2172 -0.2172 -0.2172 -0.2247 0.1265 0.1265 0.0461 -0.0609 
I = 14.9000 9.4000 9.4000 9.4000 9.4000 9.4000 9.4000 9.4000 6.0000 6.0000 6.0000 6.0000 6.0000 6.0000 6.0000 2.0000 2.0000 2.0000 2.0000 2.0000 2.0000 2.0000 -2.0000 26.3471 26.3471 10.0000 4.2080 
S1 = 0.0000 0.0000 0.0000 0.0000 0.0000 0.0000 0.0000 0.0000 0.0000 0.0000 0.0000 0.0000 0.0000 0.0000 0.0000 0.0000 0.0000 0.0000 0.0000 0.0000 0.0000 0.0000 0.0000 0.0000 0.0000 0.0000 0.0000 
S2 = 0.0000 0.0000 0.0000 0.0000 0.0000 0.0000 0.0000 0.0000 0.0000 0.0000 0.0000 0.0000 0.0000 0.0000 0.0000 0.0000 0.0000 0.0000 0.0000 0.0000 0.0000 0.0000 0.0000 2.3471 2.3471 0.0000 15.2080 
u = 7.8392 7.6311 7.6311 7.6311 7.6311 7.6311 7.6311 7.6311 7.5441 7.5441 7.5441 7.5441 7.5441 7.5441 7.5441 7.4579 7.4579 7.4579 7.4579 7.4579 7.4579 7.4579 7.3827 11.5010 11.5010 12.1539 9.0579 
v = 36.2312 26.6408 26.6408 26.6408 26.6408 26.6408 26.6408 26.6408 23.3725 23.3725 23.3725 23.3725 23.3725 23.3725 23.3725 20.2740 20.2740 20.2740 20.2740 20.2740 20.2740 20.2740 17.6396 89.1305 89.1305 72.2955 30.0699 
