ExternalI = 5.5000 0.0000 0.0000 0.0000 0.0000 0.0000 0.0000 0.0000 4.0000 4.0000 4.0000 4.0000 4.0000 4.0000 4.0000 0.0000 0.0000 0.0000 0.0000 0.0000 0.0000 0.0000 0.0000 8.0000 8.0000 0.0000 0.0000 
before u = 7.8392 7.6311 7.6311 7.6311 7.6311 7.6311 7.6311 7.6311 7.5441 7.5441 7.5441 7.5441 7.5441 7.5441 7.5441 7.4579 7.4579 7.4579 7.4579 7.4579 7.4579 7.4579 7.3827 11.5010 11.5010 12.1539 9.0579 
before v = 36.2312 26.6408 26.6408 26.6408 26.6408 26.6408 26.6408 26.6408 23.3725 23.3725 23.3725 23.3725 23.3725 23.3725 23.3725 20.2740 20.2740 20.2740 20.2740 20.2740 20.2740 20.2740 17.6396 89.1305 89.1305 72.2955 30.0699 
Ibias = 9.4000 9.4000 9.4000 9.4000 9.4000 9.4000 9.4000 9.4000 2.0000 2.0000 2.0000 2.0000 2.0000 2.0000 2.0000 2.0000 2.0000 2.0000 2.0000 2.0000 2.0000 2.0000 -2.0000 16.0000 16.0000 10.0000 -11.0000 
fa1 = 0.8752 0.2357 0.2357 0.2357 0.2357 0.2357 0.2357 0.2357 0.1894 0.1894 0.1894 0.1894 0.1894 0.1894 0.1894 0.1615 0.1615 0.1615 0.1615 0.1615 0.1615 0.1615 0.1446 125.2198 125.2198 50.0251 1.0780 
fa2 = 0.8756 0.2357 0.2357 0.2357 0.2357 0.2357 0.2357 0.2357 0.1893 0.1893 0.1893 0.1893 0.1893 0.1893 0.1893 0.1615 0.1615 0.1615 0.1615 0.1615 0.1615 0.1615 0.1446 127.8209 127.8209 50.7237 1.0751 
fa3 = 0.8756 0.2357 0.2357 0.2357 0.2357 0.2357 0.2357 0.2357 0.1893 0.1893 0.1893 0.1893 0.1893 0.1893 0.1893 0.1615 0.1615 0.1615 0.1615 0.1615 0.1615 0.1615 0.1446 127.8753 127.8753 50.7334 1.0751 
fa4 = 0.8760 0.2357 0.2357 0.2357 0.2357 0.2357 0.2357 0.2357 0.1893 0.1893 0.1893 0.1893 0.1893 0.1893 0.1893 0.1615 0.1615 0.1615 0.1615 0.1615 0.1615 0.1615 0.1446 130.5658 130.5658 51.4472 1.0722 
fb1 = -0.1686 -0.1987 -0.1987 -0.1987 -0.1987 -0.1987 -0.1987 -0.1987 -0.2083 -0.2083 -0.2083 -0.2083 -0.2083 -0.2083 -0.2083 -0.2172 -0.2172 -0.2172 -0.2172 -0.2172 -0.2172 -0.2172 -0.2247 0.1265 0.1265 0.0461 -0.0609 
fb2 = -0.1686 -0.1986 -0.1986 -0.1986 -0.1986 -0.1986 -0.1986 -0.1986 -0.2082 -0.2082 -0.2082 -0.2082 -0.2082 -0.2082 -0.2082 -0.2172 -0.2172 -0.2172 -0.2172 -0.2172 -0.2172 -0.2172 -0.2247 0.1290 0.1290 0.0471 -0.0609 
fb3 = -0.1686 -0.1986 -0.1986 -0.1986 -0.1986 -0.1986 -0.1986 -0.1986 -0.2082 -0.2082 -0.2082 -0.2082 -0.2082 -0.2082 -0.2082 -0.2172 -0.2172 -0.2172 -0.2172 -0.2172 -0.2172 -0.2172 -0.2247 0.1290 0.1290 0.0471 -0.0609 
fb4 = -0.1685 -0.1986 -0.1986 -0.1986 -0.1986 -0.1986 -0.1986 -0.1986 -0.2082 -0.2082 -0.2082 -0.2082 -0.2082 -0.2082 -0.2082 -0.2171 -0.2171 -0.2171 -0.2171 -0.2171 -0.2171 -0.2171 -0.2247 0.1316 0.1316 0.0481 -0.0608 
I = 14.9000 9.4000 9.4000 9.4000 9.4000 9.4000 9.4000 9.4000 6.0000 6.0000 6.0000 6.0000 6.0000 6.0000 6.0000 2.0000 2.0000 2.0000 2.0000 2.0000 2.0000 2.0000 -2.0000 26.3425 26.3425 10.0000 4.1776 
S1 = 0.0000 0.0000 0.0000 0.0000 0.0000 0.0000 0.0000 0.0000 0.0000 0.0000 0.0000 0.0000 0.0000 0.0000 0.0000 0.0000 0.0000 0.0000 0.0000 0.0000 0.0000 0.0000 0.0000 0.0000 0.0000 0.0000 0.0000 
S2 = 0.0000 0.0000 0.0000 0.0000 0.0000 0.0000 0.0000 0.0000 0.0000 0.0000 0.0000 0.0000 0.0000 0.0000 0.0000 0.0000 0.0000 0.0000 0.0000 0.0000 0.0000 0.0000 0.0000 2.3425 2.3425 0.0000 15.1776 
u = 7.8375 7.6291 7.6291 7.6291 7.6291 7.6291 7.6291 7.6291 7.5420 7.5420 7.5420 7.5420 7.5420 7.5420 7.5420 7.4558 7.4558 7.4558 7.4558 7.4558 7.4558 7.4558 7.3805 11.5023 11.5023 12.1543 9.0572 
v = 36.2400 26.6432 26.6432 26.6432 26.6432 26.6432 26.6432 26.6432 23.3744 23.3744 23.3744 23.3744 23.3744 23.3744 23.3744 20.2756 20.2756 20.2756 20.2756 20.2756 20.2756 20.2756 17.6411 90.4092 90.4092 72.8028 30.0806 
