ExternalI = 5.5000 0.0000 0.0000 0.0000 0.0000 0.0000 0.0000 0.0000 4.0000 4.0000 4.0000 4.0000 4.0000 4.0000 4.0000 0.0000 0.0000 0.0000 0.0000 0.0000 0.0000 0.0000 0.0000 8.0000 8.0000 0.0000 0.0000 
before u = 7.8375 7.6291 7.6291 7.6291 7.6291 7.6291 7.6291 7.6291 7.5420 7.5420 7.5420 7.5420 7.5420 7.5420 7.5420 7.4558 7.4558 7.4558 7.4558 7.4558 7.4558 7.4558 7.3805 11.5023 11.5023 12.1543 9.0572 
before v = 36.2400 26.6432 26.6432 26.6432 26.6432 26.6432 26.6432 26.6432 23.3744 23.3744 23.3744 23.3744 23.3744 23.3744 23.3744 20.2756 20.2756 20.2756 20.2756 20.2756 20.2756 20.2756 17.6411 90.4092 90.4092 72.8028 30.0806 
Ibias = 9.4000 9.4000 9.4000 9.4000 9.4000 9.4000 9.4000 9.4000 2.0000 2.0000 2.0000 2.0000 2.0000 2.0000 2.0000 2.0000 2.0000 2.0000 2.0000 2.0000 2.0000 2.0000 -2.0000 16.0000 16.0000 10.0000 -11.0000 
fa1 = 0.8760 0.2357 0.2357 0.2357 0.2357 0.2357 0.2357 0.2357 0.1893 0.1893 0.1893 0.1893 0.1893 0.1893 0.1893 0.1615 0.1615 0.1615 0.1615 0.1615 0.1615 0.1615 0.1446 130.5606 130.5606 51.4471 1.0419 
fa2 = 0.8764 0.2356 0.2356 0.2356 0.2356 0.2356 0.2356 0.2356 0.1893 0.1893 0.1893 0.1893 0.1893 0.1893 0.1893 0.1614 0.1614 0.1614 0.1614 0.1614 0.1614 0.1614 0.1446 133.3401 133.3401 52.1760 1.0391 
fa3 = 0.8764 0.2356 0.2356 0.2356 0.2356 0.2356 0.2356 0.2356 0.1893 0.1893 0.1893 0.1893 0.1893 0.1893 0.1893 0.1614 0.1614 0.1614 0.1614 0.1614 0.1614 0.1614 0.1446 133.3996 133.3996 52.1864 1.0391 
fa4 = 0.8768 0.2356 0.2356 0.2356 0.2356 0.2356 0.2356 0.2356 0.1892 0.1892 0.1892 0.1892 0.1892 0.1892 0.1892 0.1614 0.1614 0.1614 0.1614 0.1614 0.1614 0.1614 0.1445 136.2768 136.2768 52.9314 1.0363 
fb1 = -0.1685 -0.1986 -0.1986 -0.1986 -0.1986 -0.1986 -0.1986 -0.1986 -0.2082 -0.2082 -0.2082 -0.2082 -0.2082 -0.2082 -0.2082 -0.2171 -0.2171 -0.2171 -0.2171 -0.2171 -0.2171 -0.2171 -0.2247 0.1316 0.1316 0.0481 -0.0608 
fb2 = -0.1685 -0.1985 -0.1985 -0.1985 -0.1985 -0.1985 -0.1985 -0.1985 -0.2081 -0.2081 -0.2081 -0.2081 -0.2081 -0.2081 -0.2081 -0.2171 -0.2171 -0.2171 -0.2171 -0.2171 -0.2171 -0.2171 -0.2246 0.1342 0.1342 0.0491 -0.0608 
fb3 = -0.1685 -0.1985 -0.1985 -0.1985 -0.1985 -0.1985 -0.1985 -0.1985 -0.2081 -0.2081 -0.2081 -0.2081 -0.2081 -0.2081 -0.2081 -0.2171 -0.2171 -0.2171 -0.2171 -0.2171 -0.2171 -0.2171 -0.2246 0.1342 0.1342 0.0492 -0.0608 
fb4 = -0.1684 -0.1985 -0.1985 -0.1985 -0.1985 -0.1985 -0.1985 -0.1985 -0.2081 -0.2081 -0.2081 -0.2081 -0.2081 -0.2081 -0.2081 -0.2170 -0.2170 -0.2170 -0.2170 -0.2170 -0.2170 -0.2170 -0.2246 0.1369 0.1369 0.0502 -0.0608 
I = 14.9000 9.4000 9.4000 9.4000 9.4000 9.4000 9.4000 9.4000 6.0000 6.0000 6.0000 6.0000 6.0000 6.0000 6.0000 2.0000 2.0000 2.0000 2.0000 2.0000 2.0000 2.0000 -2.0000 26.3378 26.3378 10.0000 4.1472 
S1 = 0.0000 0.0000 0.0000 0.0000 0.0000 0.0000 0.0000 0.0000 0.0000 0.0000 0.0000 0.0000 0.0000 0.0000 0.0000 0.0000 0.0000 0.0000 0.0000 0.0000 0.0000 0.0000 0.0000 0.0000 0.0000 0.0000 0.0000 
S2 = 0.0000 0.0000 0.0000 0.0000 0.0000 0.0000 0.0000 0.0000 0.0000 0.0000 0.0000 0.0000 0.0000 0.0000 0.0000 0.0000 0.0000 0.0000 0.0000 0.0000 0.0000 0.0000 0.0000 2.3378 2.3378 0.0000 15.1472 
u = 7.8358 7.6272 7.6272 7.6272 7.6272 7.6272 7.6272 7.6272 7.5400 7.5400 7.5400 7.5400 7.5400 7.5400 7.5400 7.4536 7.4536 7.4536 7.4536 7.4536 7.4536 7.4536 7.3782 11.5037 11.5037 12.1548 9.0566 
v = 36.2487 26.6456 26.6456 26.6456 26.6456 26.6456 26.6456 26.6456 23.3763 23.3763 23.3763 23.3763 23.3763 23.3763 23.3763 20.2772 20.2772 20.2772 20.2772 20.2772 20.2772 20.2772 17.6425 91.7430 91.7430 73.3246 30.0910 
