ExternalI = 5.5000 0.0000 0.0000 0.0000 0.0000 0.0000 0.0000 0.0000 4.0000 4.0000 4.0000 4.0000 4.0000 4.0000 4.0000 0.0000 0.0000 0.0000 0.0000 0.0000 0.0000 0.0000 0.0000 8.0000 8.0000 0.0000 0.0000 
before u = 7.8358 7.6272 7.6272 7.6272 7.6272 7.6272 7.6272 7.6272 7.5400 7.5400 7.5400 7.5400 7.5400 7.5400 7.5400 7.4536 7.4536 7.4536 7.4536 7.4536 7.4536 7.4536 7.3782 11.5037 11.5037 12.1548 9.0566 
before v = 36.2487 26.6456 26.6456 26.6456 26.6456 26.6456 26.6456 26.6456 23.3763 23.3763 23.3763 23.3763 23.3763 23.3763 23.3763 20.2772 20.2772 20.2772 20.2772 20.2772 20.2772 20.2772 17.6425 91.7430 91.7430 73.3246 30.0910 
Ibias = 9.4000 9.4000 9.4000 9.4000 9.4000 9.4000 9.4000 9.4000 2.0000 2.0000 2.0000 2.0000 2.0000 2.0000 2.0000 2.0000 2.0000 2.0000 2.0000 2.0000 2.0000 2.0000 -2.0000 16.0000 16.0000 10.0000 -11.0000 
fa1 = 0.8768 0.2356 0.2356 0.2356 0.2356 0.2356 0.2356 0.2356 0.1892 0.1892 0.1892 0.1892 0.1892 0.1892 0.1892 0.1614 0.1614 0.1614 0.1614 0.1614 0.1614 0.1614 0.1445 136.2716 136.2716 52.9313 1.0060 
fa2 = 0.8772 0.2356 0.2356 0.2356 0.2356 0.2356 0.2356 0.2356 0.1892 0.1892 0.1892 0.1892 0.1892 0.1892 0.1892 0.1614 0.1614 0.1614 0.1614 0.1614 0.1614 0.1614 0.1445 139.2462 139.2462 53.6924 1.0034 
fa3 = 0.8772 0.2356 0.2356 0.2356 0.2356 0.2356 0.2356 0.2356 0.1892 0.1892 0.1892 0.1892 0.1892 0.1892 0.1892 0.1614 0.1614 0.1614 0.1614 0.1614 0.1614 0.1614 0.1445 139.3115 139.3115 53.7033 1.0034 
fa4 = 0.8776 0.2355 0.2355 0.2355 0.2355 0.2355 0.2355 0.2355 0.1892 0.1892 0.1892 0.1892 0.1892 0.1892 0.1892 0.1614 0.1614 0.1614 0.1614 0.1614 0.1614 0.1614 0.1445 142.3932 142.3932 54.4814 1.0007 
fb1 = -0.1684 -0.1985 -0.1985 -0.1985 -0.1985 -0.1985 -0.1985 -0.1985 -0.2081 -0.2081 -0.2081 -0.2081 -0.2081 -0.2081 -0.2081 -0.2170 -0.2170 -0.2170 -0.2170 -0.2170 -0.2170 -0.2170 -0.2246 0.1369 0.1369 0.0502 -0.0608 
fb2 = -0.1684 -0.1985 -0.1985 -0.1985 -0.1985 -0.1985 -0.1985 -0.1985 -0.2080 -0.2080 -0.2080 -0.2080 -0.2080 -0.2080 -0.2080 -0.2170 -0.2170 -0.2170 -0.2170 -0.2170 -0.2170 -0.2170 -0.2245 0.1396 0.1396 0.0513 -0.0607 
fb3 = -0.1684 -0.1985 -0.1985 -0.1985 -0.1985 -0.1985 -0.1985 -0.1985 -0.2080 -0.2080 -0.2080 -0.2080 -0.2080 -0.2080 -0.2080 -0.2170 -0.2170 -0.2170 -0.2170 -0.2170 -0.2170 -0.2170 -0.2245 0.1397 0.1397 0.0513 -0.0607 
fb4 = -0.1683 -0.1984 -0.1984 -0.1984 -0.1984 -0.1984 -0.1984 -0.1984 -0.2080 -0.2080 -0.2080 -0.2080 -0.2080 -0.2080 -0.2080 -0.2169 -0.2169 -0.2169 -0.2169 -0.2169 -0.2169 -0.2169 -0.2245 0.1424 0.1424 0.0523 -0.0607 
I = 14.9000 9.4000 9.4000 9.4000 9.4000 9.4000 9.4000 9.4000 6.0000 6.0000 6.0000 6.0000 6.0000 6.0000 6.0000 2.0000 2.0000 2.0000 2.0000 2.0000 2.0000 2.0000 -2.0000 26.3331 26.3331 10.0000 4.1169 
S1 = 0.0000 0.0000 0.0000 0.0000 0.0000 0.0000 0.0000 0.0000 0.0000 0.0000 0.0000 0.0000 0.0000 0.0000 0.0000 0.0000 0.0000 0.0000 0.0000 0.0000 0.0000 0.0000 0.0000 0.0000 0.0000 0.0000 0.0000 
S2 = 0.0000 0.0000 0.0000 0.0000 0.0000 0.0000 0.0000 0.0000 0.0000 0.0000 0.0000 0.0000 0.0000 0.0000 0.0000 0.0000 0.0000 0.0000 0.0000 0.0000 0.0000 0.0000 0.0000 2.3331 2.3331 0.0000 15.1169 
u = 7.8341 7.6252 7.6252 7.6252 7.6252 7.6252 7.6252 7.6252 7.5379 7.5379 7.5379 7.5379 7.5379 7.5379 7.5379 7.4514 7.4514 7.4514 7.4514 7.4514 7.4514 7.4514 7.3760 11.5051 11.5051 12.1553 9.0560 
v = 36.2575 26.6479 26.6479 26.6479 26.6479 26.6479 26.6479 26.6479 23.3782 23.3782 23.3782 23.3782 23.3782 23.3782 23.3782 20.2788 20.2788 20.2788 20.2788 20.2788 20.2788 20.2788 17.6440 93.1360 93.1360 73.8616 30.1010 
