ExternalI = 5.5000 0.0000 0.0000 0.0000 0.0000 0.0000 0.0000 0.0000 4.0000 4.0000 4.0000 4.0000 4.0000 4.0000 4.0000 0.0000 0.0000 0.0000 0.0000 0.0000 0.0000 0.0000 0.0000 8.0000 8.0000 0.0000 0.0000 
before u = 7.8341 7.6252 7.6252 7.6252 7.6252 7.6252 7.6252 7.6252 7.5379 7.5379 7.5379 7.5379 7.5379 7.5379 7.5379 7.4514 7.4514 7.4514 7.4514 7.4514 7.4514 7.4514 7.3760 11.5051 11.5051 12.1553 9.0560 
before v = 36.2575 26.6479 26.6479 26.6479 26.6479 26.6479 26.6479 26.6479 23.3782 23.3782 23.3782 23.3782 23.3782 23.3782 23.3782 20.2788 20.2788 20.2788 20.2788 20.2788 20.2788 20.2788 17.6440 93.1360 93.1360 73.8616 30.1010 
Ibias = 9.4000 9.4000 9.4000 9.4000 9.4000 9.4000 9.4000 9.4000 2.0000 2.0000 2.0000 2.0000 2.0000 2.0000 2.0000 2.0000 2.0000 2.0000 2.0000 2.0000 2.0000 2.0000 -2.0000 16.0000 16.0000 10.0000 -11.0000 
fa1 = 0.8776 0.2355 0.2355 0.2355 0.2355 0.2355 0.2355 0.2355 0.1892 0.1892 0.1892 0.1892 0.1892 0.1892 0.1892 0.1614 0.1614 0.1614 0.1614 0.1614 0.1614 0.1614 0.1445 142.3878 142.3878 54.4814 0.9705 
fa2 = 0.8780 0.2355 0.2355 0.2355 0.2355 0.2355 0.2355 0.2355 0.1892 0.1892 0.1892 0.1892 0.1892 0.1892 0.1892 0.1613 0.1613 0.1613 0.1613 0.1613 0.1613 0.1613 0.1445 145.5761 145.5761 55.2765 0.9679 
fa3 = 0.8780 0.2355 0.2355 0.2355 0.2355 0.2355 0.2355 0.2355 0.1892 0.1892 0.1892 0.1892 0.1892 0.1892 0.1892 0.1613 0.1613 0.1613 0.1613 0.1613 0.1613 0.1613 0.1445 145.6480 145.6480 55.2881 0.9679 
fa4 = 0.8784 0.2355 0.2355 0.2355 0.2355 0.2355 0.2355 0.2355 0.1891 0.1891 0.1891 0.1891 0.1891 0.1891 0.1891 0.1613 0.1613 0.1613 0.1613 0.1613 0.1613 0.1613 0.1444 148.9538 148.9538 56.1014 0.9653 
fb1 = -0.1683 -0.1984 -0.1984 -0.1984 -0.1984 -0.1984 -0.1984 -0.1984 -0.2080 -0.2080 -0.2080 -0.2080 -0.2080 -0.2080 -0.2080 -0.2169 -0.2169 -0.2169 -0.2169 -0.2169 -0.2169 -0.2169 -0.2245 0.1424 0.1424 0.0523 -0.0607 
fb2 = -0.1683 -0.1984 -0.1984 -0.1984 -0.1984 -0.1984 -0.1984 -0.1984 -0.2080 -0.2080 -0.2080 -0.2080 -0.2080 -0.2080 -0.2080 -0.2169 -0.2169 -0.2169 -0.2169 -0.2169 -0.2169 -0.2169 -0.2244 0.1453 0.1453 0.0534 -0.0607 
fb3 = -0.1683 -0.1984 -0.1984 -0.1984 -0.1984 -0.1984 -0.1984 -0.1984 -0.2080 -0.2080 -0.2080 -0.2080 -0.2080 -0.2080 -0.2080 -0.2169 -0.2169 -0.2169 -0.2169 -0.2169 -0.2169 -0.2169 -0.2244 0.1453 0.1453 0.0534 -0.0607 
fb4 = -0.1682 -0.1983 -0.1983 -0.1983 -0.1983 -0.1983 -0.1983 -0.1983 -0.2079 -0.2079 -0.2079 -0.2079 -0.2079 -0.2079 -0.2079 -0.2168 -0.2168 -0.2168 -0.2168 -0.2168 -0.2168 -0.2168 -0.2244 0.1482 0.1482 0.0545 -0.0607 
I = 14.9000 9.4000 9.4000 9.4000 9.4000 9.4000 9.4000 9.4000 6.0000 6.0000 6.0000 6.0000 6.0000 6.0000 6.0000 2.0000 2.0000 2.0000 2.0000 2.0000 2.0000 2.0000 -2.0000 26.3284 26.3284 10.0000 4.0867 
S1 = 0.0000 0.0000 0.0000 0.0000 0.0000 0.0000 0.0000 0.0000 0.0000 0.0000 0.0000 0.0000 0.0000 0.0000 0.0000 0.0000 0.0000 0.0000 0.0000 0.0000 0.0000 0.0000 0.0000 0.0000 0.0000 0.0000 0.0000 
S2 = 0.0000 0.0000 0.0000 0.0000 0.0000 0.0000 0.0000 0.0000 0.0000 0.0000 0.0000 0.0000 0.0000 0.0000 0.0000 0.0000 0.0000 0.0000 0.0000 0.0000 0.0000 0.0000 0.0000 2.3284 2.3284 0.0000 15.0867 
u = 7.8324 7.6232 7.6232 7.6232 7.6232 7.6232 7.6232 7.6232 7.5358 7.5358 7.5358 7.5358 7.5358 7.5358 7.5358 7.4492 7.4492 7.4492 7.4492 7.4492 7.4492 7.4492 7.3737 11.5065 11.5065 12.1559 9.0554 
v = 36.2663 26.6503 26.6503 26.6503 26.6503 26.6503 26.6503 26.6503 23.3800 23.3800 23.3800 23.3800 23.3800 23.3800 23.3800 20.2804 20.2804 20.2804 20.2804 20.2804 20.2804 20.2804 17.6454 94.5923 94.5923 74.4145 30.1107 
