ExternalI = 5.5000 0.0000 0.0000 0.0000 0.0000 0.0000 0.0000 0.0000 4.0000 4.0000 4.0000 4.0000 4.0000 4.0000 4.0000 0.0000 0.0000 0.0000 0.0000 0.0000 0.0000 0.0000 0.0000 8.0000 8.0000 0.0000 0.0000 
before u = 7.8324 7.6232 7.6232 7.6232 7.6232 7.6232 7.6232 7.6232 7.5358 7.5358 7.5358 7.5358 7.5358 7.5358 7.5358 7.4492 7.4492 7.4492 7.4492 7.4492 7.4492 7.4492 7.3737 11.5065 11.5065 12.1559 9.0554 
before v = 36.2663 26.6503 26.6503 26.6503 26.6503 26.6503 26.6503 26.6503 23.3800 23.3800 23.3800 23.3800 23.3800 23.3800 23.3800 20.2804 20.2804 20.2804 20.2804 20.2804 20.2804 20.2804 17.6454 94.5923 94.5923 74.4145 30.1107 
Ibias = 9.4000 9.4000 9.4000 9.4000 9.4000 9.4000 9.4000 9.4000 2.0000 2.0000 2.0000 2.0000 2.0000 2.0000 2.0000 2.0000 2.0000 2.0000 2.0000 2.0000 2.0000 2.0000 -2.0000 16.0000 16.0000 10.0000 -11.0000 
fa1 = 0.8784 0.2355 0.2355 0.2355 0.2355 0.2355 0.2355 0.2355 0.1891 0.1891 0.1891 0.1891 0.1891 0.1891 0.1891 0.1613 0.1613 0.1613 0.1613 0.1613 0.1613 0.1613 0.1444 148.9484 148.9484 56.1013 0.9352 
fa2 = 0.8789 0.2354 0.2354 0.2354 0.2354 0.2354 0.2354 0.2354 0.1891 0.1891 0.1891 0.1891 0.1891 0.1891 0.1891 0.1613 0.1613 0.1613 0.1613 0.1613 0.1613 0.1613 0.1444 152.3714 152.3714 56.9325 0.9327 
fa3 = 0.8788 0.2354 0.2354 0.2354 0.2354 0.2354 0.2354 0.2354 0.1891 0.1891 0.1891 0.1891 0.1891 0.1891 0.1891 0.1613 0.1613 0.1613 0.1613 0.1613 0.1613 0.1613 0.1444 152.4506 152.4506 56.9449 0.9327 
fa4 = 0.8793 0.2354 0.2354 0.2354 0.2354 0.2354 0.2354 0.2354 0.1891 0.1891 0.1891 0.1891 0.1891 0.1891 0.1891 0.1613 0.1613 0.1613 0.1613 0.1613 0.1613 0.1613 0.1444 156.0029 156.0029 57.7954 0.9303 
fb1 = -0.1682 -0.1983 -0.1983 -0.1983 -0.1983 -0.1983 -0.1983 -0.1983 -0.2079 -0.2079 -0.2079 -0.2079 -0.2079 -0.2079 -0.2079 -0.2168 -0.2168 -0.2168 -0.2168 -0.2168 -0.2168 -0.2168 -0.2244 0.1482 0.1482 0.0545 -0.0607 
fb2 = -0.1682 -0.1983 -0.1983 -0.1983 -0.1983 -0.1983 -0.1983 -0.1983 -0.2079 -0.2079 -0.2079 -0.2079 -0.2079 -0.2079 -0.2079 -0.2168 -0.2168 -0.2168 -0.2168 -0.2168 -0.2168 -0.2168 -0.2243 0.1512 0.1512 0.0557 -0.0606 
fb3 = -0.1682 -0.1983 -0.1983 -0.1983 -0.1983 -0.1983 -0.1983 -0.1983 -0.2079 -0.2079 -0.2079 -0.2079 -0.2079 -0.2079 -0.2079 -0.2168 -0.2168 -0.2168 -0.2168 -0.2168 -0.2168 -0.2168 -0.2243 0.1513 0.1513 0.0557 -0.0606 
fb4 = -0.1681 -0.1982 -0.1982 -0.1982 -0.1982 -0.1982 -0.1982 -0.1982 -0.2078 -0.2078 -0.2078 -0.2078 -0.2078 -0.2078 -0.2078 -0.2168 -0.2168 -0.2168 -0.2168 -0.2168 -0.2168 -0.2168 -0.2243 0.1543 0.1543 0.0568 -0.0606 
I = 14.9000 9.4000 9.4000 9.4000 9.4000 9.4000 9.4000 9.4000 6.0000 6.0000 6.0000 6.0000 6.0000 6.0000 6.0000 2.0000 2.0000 2.0000 2.0000 2.0000 2.0000 2.0000 -2.0000 26.3238 26.3238 10.0000 4.0565 
S1 = 0.0000 0.0000 0.0000 0.0000 0.0000 0.0000 0.0000 0.0000 0.0000 0.0000 0.0000 0.0000 0.0000 0.0000 0.0000 0.0000 0.0000 0.0000 0.0000 0.0000 0.0000 0.0000 0.0000 0.0000 0.0000 0.0000 0.0000 
S2 = 0.0000 0.0000 0.0000 0.0000 0.0000 0.0000 0.0000 0.0000 0.0000 0.0000 0.0000 0.0000 0.0000 0.0000 0.0000 0.0000 0.0000 0.0000 0.0000 0.0000 0.0000 0.0000 0.0000 2.3238 2.3238 0.0000 15.0565 
u = 7.8308 7.6212 7.6212 7.6212 7.6212 7.6212 7.6212 7.6212 7.5337 7.5337 7.5337 7.5337 7.5337 7.5337 7.5337 7.4471 7.4471 7.4471 7.4471 7.4471 7.4471 7.4471 7.3715 11.5080 11.5080 12.1564 9.0548 
v = 36.2751 26.6526 26.6526 26.6526 26.6526 26.6526 26.6526 26.6526 23.3819 23.3819 23.3819 23.3819 23.3819 23.3819 23.3819 20.2820 20.2820 20.2820 20.2820 20.2820 20.2820 20.2820 17.6469 96.1166 96.1166 74.9839 30.1200 
