ExternalI = 5.5000 0.0000 0.0000 0.0000 0.0000 0.0000 0.0000 0.0000 4.0000 4.0000 4.0000 4.0000 4.0000 4.0000 4.0000 0.0000 0.0000 0.0000 0.0000 0.0000 0.0000 0.0000 0.0000 8.0000 8.0000 0.0000 0.0000 
before u = 7.8308 7.6212 7.6212 7.6212 7.6212 7.6212 7.6212 7.6212 7.5337 7.5337 7.5337 7.5337 7.5337 7.5337 7.5337 7.4471 7.4471 7.4471 7.4471 7.4471 7.4471 7.4471 7.3715 11.5080 11.5080 12.1564 9.0548 
before v = 36.2751 26.6526 26.6526 26.6526 26.6526 26.6526 26.6526 26.6526 23.3819 23.3819 23.3819 23.3819 23.3819 23.3819 23.3819 20.2820 20.2820 20.2820 20.2820 20.2820 20.2820 20.2820 17.6469 96.1166 96.1166 74.9839 30.1200 
Ibias = 9.4000 9.4000 9.4000 9.4000 9.4000 9.4000 9.4000 9.4000 2.0000 2.0000 2.0000 2.0000 2.0000 2.0000 2.0000 2.0000 2.0000 2.0000 2.0000 2.0000 2.0000 2.0000 -2.0000 16.0000 16.0000 10.0000 -11.0000 
fa1 = 0.8793 0.2354 0.2354 0.2354 0.2354 0.2354 0.2354 0.2354 0.1891 0.1891 0.1891 0.1891 0.1891 0.1891 0.1891 0.1613 0.1613 0.1613 0.1613 0.1613 0.1613 0.1613 0.1444 155.9974 155.9974 57.7953 0.9002 
fa2 = 0.8797 0.2354 0.2354 0.2354 0.2354 0.2354 0.2354 0.2354 0.1890 0.1890 0.1890 0.1890 0.1890 0.1890 0.1890 0.1612 0.1612 0.1612 0.1612 0.1612 0.1612 0.1612 0.1444 159.6786 159.6786 58.6649 0.8978 
fa3 = 0.8797 0.2354 0.2354 0.2354 0.2354 0.2354 0.2354 0.2354 0.1890 0.1890 0.1890 0.1890 0.1890 0.1890 0.1890 0.1612 0.1612 0.1612 0.1612 0.1612 0.1612 0.1612 0.1444 159.7660 159.7660 58.6780 0.8978 
fa4 = 0.8801 0.2354 0.2354 0.2354 0.2354 0.2354 0.2354 0.2354 0.1890 0.1890 0.1890 0.1890 0.1890 0.1890 0.1890 0.1612 0.1612 0.1612 0.1612 0.1612 0.1612 0.1612 0.1443 163.5899 163.5899 59.5680 0.8955 
fb1 = -0.1681 -0.1982 -0.1982 -0.1982 -0.1982 -0.1982 -0.1982 -0.1982 -0.2078 -0.2078 -0.2078 -0.2078 -0.2078 -0.2078 -0.2078 -0.2168 -0.2168 -0.2168 -0.2168 -0.2168 -0.2168 -0.2168 -0.2243 0.1543 0.1543 0.0568 -0.0606 
fb2 = -0.1681 -0.1982 -0.1982 -0.1982 -0.1982 -0.1982 -0.1982 -0.1982 -0.2078 -0.2078 -0.2078 -0.2078 -0.2078 -0.2078 -0.2078 -0.2167 -0.2167 -0.2167 -0.2167 -0.2167 -0.2167 -0.2167 -0.2242 0.1574 0.1574 0.0580 -0.0606 
fb3 = -0.1681 -0.1982 -0.1982 -0.1982 -0.1982 -0.1982 -0.1982 -0.1982 -0.2078 -0.2078 -0.2078 -0.2078 -0.2078 -0.2078 -0.2078 -0.2167 -0.2167 -0.2167 -0.2167 -0.2167 -0.2167 -0.2167 -0.2242 0.1575 0.1575 0.0580 -0.0606 
fb4 = -0.1680 -0.1981 -0.1981 -0.1981 -0.1981 -0.1981 -0.1981 -0.1981 -0.2077 -0.2077 -0.2077 -0.2077 -0.2077 -0.2077 -0.2077 -0.2167 -0.2167 -0.2167 -0.2167 -0.2167 -0.2167 -0.2167 -0.2242 0.1607 0.1607 0.0591 -0.0606 
I = 14.9000 9.4000 9.4000 9.4000 9.4000 9.4000 9.4000 9.4000 6.0000 6.0000 6.0000 6.0000 6.0000 6.0000 6.0000 2.0000 2.0000 2.0000 2.0000 2.0000 2.0000 2.0000 -2.0000 26.3191 26.3191 10.0000 4.0264 
S1 = 0.0000 0.0000 0.0000 0.0000 0.0000 0.0000 0.0000 0.0000 0.0000 0.0000 0.0000 0.0000 0.0000 0.0000 0.0000 0.0000 0.0000 0.0000 0.0000 0.0000 0.0000 0.0000 0.0000 0.0000 0.0000 0.0000 0.0000 
S2 = 0.0000 0.0000 0.0000 0.0000 0.0000 0.0000 0.0000 0.0000 0.0000 0.0000 0.0000 0.0000 0.0000 0.0000 0.0000 0.0000 0.0000 0.0000 0.0000 0.0000 0.0000 0.0000 0.0000 2.3191 2.3191 0.0000 15.0264 
u = 7.8291 7.6192 7.6192 7.6192 7.6192 7.6192 7.6192 7.6192 7.5316 7.5316 7.5316 7.5316 7.5316 7.5316 7.5316 7.4449 7.4449 7.4449 7.4449 7.4449 7.4449 7.4449 7.3692 11.5096 11.5096 12.1570 9.0542 
v = 36.2839 26.6550 26.6550 26.6550 26.6550 26.6550 26.6550 26.6550 23.3838 23.3838 23.3838 23.3838 23.3838 23.3838 23.3838 20.2836 20.2836 20.2836 20.2836 20.2836 20.2836 20.2836 17.6483 97.7141 97.7141 75.5706 30.1290 
