ExternalI = 5.5000 0.0000 0.0000 0.0000 0.0000 0.0000 0.0000 0.0000 4.0000 4.0000 4.0000 4.0000 4.0000 4.0000 4.0000 0.0000 0.0000 0.0000 0.0000 0.0000 0.0000 0.0000 0.0000 8.0000 8.0000 0.0000 0.0000 
before u = 7.8291 7.6192 7.6192 7.6192 7.6192 7.6192 7.6192 7.6192 7.5316 7.5316 7.5316 7.5316 7.5316 7.5316 7.5316 7.4449 7.4449 7.4449 7.4449 7.4449 7.4449 7.4449 7.3692 11.5096 11.5096 12.1570 9.0542 
before v = 36.2839 26.6550 26.6550 26.6550 26.6550 26.6550 26.6550 26.6550 23.3838 23.3838 23.3838 23.3838 23.3838 23.3838 23.3838 20.2836 20.2836 20.2836 20.2836 20.2836 20.2836 20.2836 17.6483 97.7141 97.7141 75.5706 30.1290 
Ibias = 9.4000 9.4000 9.4000 9.4000 9.4000 9.4000 9.4000 9.4000 2.0000 2.0000 2.0000 2.0000 2.0000 2.0000 2.0000 2.0000 2.0000 2.0000 2.0000 2.0000 2.0000 2.0000 -2.0000 16.0000 16.0000 10.0000 -11.0000 
fa1 = 0.8801 0.2354 0.2354 0.2354 0.2354 0.2354 0.2354 0.2354 0.1890 0.1890 0.1890 0.1890 0.1890 0.1890 0.1890 0.1612 0.1612 0.1612 0.1612 0.1612 0.1612 0.1612 0.1443 163.5843 163.5843 59.5680 0.8654 
fa2 = 0.8805 0.2353 0.2353 0.2353 0.2353 0.2353 0.2353 0.2353 0.1890 0.1890 0.1890 0.1890 0.1890 0.1890 0.1890 0.1612 0.1612 0.1612 0.1612 0.1612 0.1612 0.1612 0.1443 167.5503 167.5503 60.4783 0.8632 
fa3 = 0.8805 0.2353 0.2353 0.2353 0.2353 0.2353 0.2353 0.2353 0.1890 0.1890 0.1890 0.1890 0.1890 0.1890 0.1890 0.1612 0.1612 0.1612 0.1612 0.1612 0.1612 0.1612 0.1443 167.6471 167.6471 60.4923 0.8632 
fa4 = 0.8809 0.2353 0.2353 0.2353 0.2353 0.2353 0.2353 0.2353 0.1890 0.1890 0.1890 0.1890 0.1890 0.1890 0.1890 0.1612 0.1612 0.1612 0.1612 0.1612 0.1612 0.1612 0.1443 171.7708 171.7708 61.4244 0.8609 
fb1 = -0.1680 -0.1981 -0.1981 -0.1981 -0.1981 -0.1981 -0.1981 -0.1981 -0.2077 -0.2077 -0.2077 -0.2077 -0.2077 -0.2077 -0.2077 -0.2167 -0.2167 -0.2167 -0.2167 -0.2167 -0.2167 -0.2167 -0.2242 0.1607 0.1607 0.0591 -0.0606 
fb2 = -0.1680 -0.1981 -0.1981 -0.1981 -0.1981 -0.1981 -0.1981 -0.1981 -0.2077 -0.2077 -0.2077 -0.2077 -0.2077 -0.2077 -0.2077 -0.2166 -0.2166 -0.2166 -0.2166 -0.2166 -0.2166 -0.2166 -0.2241 0.1639 0.1639 0.0603 -0.0605 
fb3 = -0.1680 -0.1981 -0.1981 -0.1981 -0.1981 -0.1981 -0.1981 -0.1981 -0.2077 -0.2077 -0.2077 -0.2077 -0.2077 -0.2077 -0.2077 -0.2166 -0.2166 -0.2166 -0.2166 -0.2166 -0.2166 -0.2166 -0.2241 0.1640 0.1640 0.0603 -0.0605 
fb4 = -0.1679 -0.1981 -0.1981 -0.1981 -0.1981 -0.1981 -0.1981 -0.1981 -0.2076 -0.2076 -0.2076 -0.2076 -0.2076 -0.2076 -0.2076 -0.2166 -0.2166 -0.2166 -0.2166 -0.2166 -0.2166 -0.2166 -0.2241 0.1673 0.1673 0.0615 -0.0605 
I = 14.9000 9.4000 9.4000 9.4000 9.4000 9.4000 9.4000 9.4000 6.0000 6.0000 6.0000 6.0000 6.0000 6.0000 6.0000 2.0000 2.0000 2.0000 2.0000 2.0000 2.0000 2.0000 -2.0000 26.3145 26.3145 10.0000 3.9964 
S1 = 0.0000 0.0000 0.0000 0.0000 0.0000 0.0000 0.0000 0.0000 0.0000 0.0000 0.0000 0.0000 0.0000 0.0000 0.0000 0.0000 0.0000 0.0000 0.0000 0.0000 0.0000 0.0000 0.0000 0.0000 0.0000 0.0000 0.0000 
S2 = 0.0000 0.0000 0.0000 0.0000 0.0000 0.0000 0.0000 0.0000 0.0000 0.0000 0.0000 0.0000 0.0000 0.0000 0.0000 0.0000 0.0000 0.0000 0.0000 0.0000 0.0000 0.0000 0.0000 2.3145 2.3145 0.0000 14.9964 
u = 7.8274 7.6172 7.6172 7.6172 7.6172 7.6172 7.6172 7.6172 7.5296 7.5296 7.5296 7.5296 7.5296 7.5296 7.5296 7.4427 7.4427 7.4427 7.4427 7.4427 7.4427 7.4427 7.3670 11.5113 11.5113 12.1576 9.0536 
v = 36.2927 26.6573 26.6573 26.6573 26.6573 26.6573 26.6573 26.6573 23.3857 23.3857 23.3857 23.3857 23.3857 23.3857 23.3857 20.2853 20.2853 20.2853 20.2853 20.2853 20.2853 20.2853 17.6498 99.3903 99.3903 76.1755 30.1376 
