ExternalI = 5.5000 0.0000 0.0000 0.0000 0.0000 0.0000 0.0000 0.0000 4.0000 4.0000 4.0000 4.0000 4.0000 4.0000 4.0000 0.0000 0.0000 0.0000 0.0000 0.0000 0.0000 0.0000 0.0000 8.0000 8.0000 0.0000 0.0000 
before u = 9.6984 9.6922 9.6922 9.6922 9.6922 9.6922 9.6922 9.6922 9.6885 9.6885 9.6885 9.6885 9.6885 9.6885 9.6885 9.6842 9.6842 9.6842 9.6842 9.6842 9.6842 9.6842 9.6801 9.9051 9.9051 10.2097 9.8647 
before v = 23.3538 20.5056 20.5056 20.5056 20.5056 20.5056 20.5056 20.5056 18.8324 18.8324 18.8324 18.8324 18.8324 18.8324 18.8324 16.9413 16.9413 16.9413 16.9413 16.9413 16.9413 16.9413 15.1273 34.8946 34.8946 80.5665 15.9690 
Ibias = 9.4000 9.4000 9.4000 9.4000 9.4000 9.4000 9.4000 9.4000 2.0000 2.0000 2.0000 2.0000 2.0000 2.0000 2.0000 2.0000 2.0000 2.0000 2.0000 2.0000 2.0000 2.0000 -2.0000 16.0000 16.0000 10.0000 -11.0000 
fa1 = 6.9561 5.0101 5.0101 5.0101 5.0101 5.0101 5.0101 5.0101 4.0007 4.0007 4.0007 4.0007 4.0007 4.0007 4.0007 2.9721 2.9721 2.9721 2.9721 2.9721 2.9721 2.9721 2.0914 18.1164 18.1164 77.7292 2.7966 
fa2 = 6.9183 4.9776 4.9776 4.9776 4.9776 4.9776 4.9776 4.9776 3.9724 3.9724 3.9724 3.9724 3.9724 3.9724 3.9724 2.9493 2.9493 2.9493 2.9493 2.9493 2.9493 2.9493 2.0743 18.0981 18.0981 79.0736 2.7732 
fa3 = 6.9185 4.9778 4.9778 4.9778 4.9778 4.9778 4.9778 4.9778 3.9726 3.9726 3.9726 3.9726 3.9726 3.9726 3.9726 2.9494 2.9494 2.9494 2.9494 2.9494 2.9494 2.9494 2.0745 18.0981 18.0981 79.0970 2.7734 
fa4 = 6.8810 4.9456 4.9456 4.9456 4.9456 4.9456 4.9456 4.9456 3.9445 3.9445 3.9445 3.9445 3.9445 3.9445 3.9445 2.9268 2.9268 2.9268 2.9268 2.9268 2.9268 2.9268 2.0576 18.0806 18.0806 80.4781 2.7502 
fb1 = -0.2945 -0.3057 -0.3057 -0.3057 -0.3057 -0.3057 -0.3057 -0.3057 -0.3122 -0.3122 -0.3122 -0.3122 -0.3122 -0.3122 -0.3122 -0.3196 -0.3196 -0.3196 -0.3196 -0.3196 -0.3196 -0.3196 -0.3267 -0.0585 -0.0585 0.1181 -0.1334 
fb2 = -0.2943 -0.3055 -0.3055 -0.3055 -0.3055 -0.3055 -0.3055 -0.3055 -0.3121 -0.3121 -0.3121 -0.3121 -0.3121 -0.3121 -0.3121 -0.3195 -0.3195 -0.3195 -0.3195 -0.3195 -0.3195 -0.3195 -0.3266 -0.0582 -0.0582 0.1196 -0.1333 
fb3 = -0.2943 -0.3055 -0.3055 -0.3055 -0.3055 -0.3055 -0.3055 -0.3055 -0.3121 -0.3121 -0.3121 -0.3121 -0.3121 -0.3121 -0.3121 -0.3195 -0.3195 -0.3195 -0.3195 -0.3195 -0.3195 -0.3195 -0.3266 -0.0582 -0.0582 0.1196 -0.1333 
fb4 = -0.2941 -0.3053 -0.3053 -0.3053 -0.3053 -0.3053 -0.3053 -0.3053 -0.3119 -0.3119 -0.3119 -0.3119 -0.3119 -0.3119 -0.3119 -0.3194 -0.3194 -0.3194 -0.3194 -0.3194 -0.3194 -0.3194 -0.3265 -0.0578 -0.0578 0.1212 -0.1333 
I = 14.9000 9.4000 9.4000 9.4000 9.4000 9.4000 9.4000 9.4000 6.0000 6.0000 6.0000 6.0000 6.0000 6.0000 6.0000 2.0000 2.0000 2.0000 2.0000 2.0000 2.0000 2.0000 -2.0000 24.0000 24.0000 10.0000 -9.6320 
S1 = 0.0000 0.0000 0.0000 0.0000 0.0000 0.0000 0.0000 0.0000 0.0000 0.0000 0.0000 0.0000 0.0000 0.0000 0.0000 0.0000 0.0000 0.0000 0.0000 0.0000 0.0000 0.0000 0.0000 0.0000 0.0000 0.0000 0.0000 
S2 = 0.0000 0.0000 0.0000 0.0000 0.0000 0.0000 0.0000 0.0000 0.0000 0.0000 0.0000 0.0000 0.0000 0.0000 0.0000 0.0000 0.0000 0.0000 0.0000 0.0000 0.0000 0.0000 0.0000 0.0000 0.0000 0.0000 1.3680 
u = 9.6955 9.6892 9.6892 9.6892 9.6892 9.6892 9.6892 9.6892 9.6854 9.6854 9.6854 9.6854 9.6854 9.6854 9.6854 9.6810 9.6810 9.6810 9.6810 9.6810 9.6810 9.6810 9.6768 9.9046 9.9046 10.2109 9.8634 
v = 23.4230 20.5554 20.5554 20.5554 20.5554 20.5554 20.5554 20.5554 18.8721 18.8721 18.8721 18.8721 18.8721 18.8721 18.8721 16.9708 16.9708 16.9708 16.9708 16.9708 16.9708 16.9708 15.1481 35.0756 35.0756 81.3574 15.9968 
