ExternalI = 5.5000 0.0000 0.0000 0.0000 0.0000 0.0000 0.0000 0.0000 4.0000 4.0000 4.0000 4.0000 4.0000 4.0000 4.0000 0.0000 0.0000 0.0000 0.0000 0.0000 0.0000 0.0000 0.0000 8.0000 8.0000 0.0000 0.0000 
before u = 7.8274 7.6172 7.6172 7.6172 7.6172 7.6172 7.6172 7.6172 7.5296 7.5296 7.5296 7.5296 7.5296 7.5296 7.5296 7.4427 7.4427 7.4427 7.4427 7.4427 7.4427 7.4427 7.3670 11.5113 11.5113 12.1576 9.0536 
before v = 36.2927 26.6573 26.6573 26.6573 26.6573 26.6573 26.6573 26.6573 23.3857 23.3857 23.3857 23.3857 23.3857 23.3857 23.3857 20.2853 20.2853 20.2853 20.2853 20.2853 20.2853 20.2853 17.6498 99.3903 99.3903 76.1755 30.1376 
Ibias = 9.4000 9.4000 9.4000 9.4000 9.4000 9.4000 9.4000 9.4000 2.0000 2.0000 2.0000 2.0000 2.0000 2.0000 2.0000 2.0000 2.0000 2.0000 2.0000 2.0000 2.0000 2.0000 -2.0000 16.0000 16.0000 10.0000 -11.0000 
fa1 = 0.8809 0.2353 0.2353 0.2353 0.2353 0.2353 0.2353 0.2353 0.1890 0.1890 0.1890 0.1890 0.1890 0.1890 0.1890 0.1612 0.1612 0.1612 0.1612 0.1612 0.1612 0.1612 0.1443 171.7651 171.7651 61.4243 0.8309 
fa2 = 0.8813 0.2353 0.2353 0.2353 0.2353 0.2353 0.2353 0.2353 0.1889 0.1889 0.1889 0.1889 0.1889 0.1889 0.1889 0.1611 0.1611 0.1611 0.1611 0.1611 0.1611 0.1611 0.1443 176.0460 176.0460 62.3780 0.8288 
fa3 = 0.8813 0.2353 0.2353 0.2353 0.2353 0.2353 0.2353 0.2353 0.1889 0.1889 0.1889 0.1889 0.1889 0.1889 0.1889 0.1611 0.1611 0.1611 0.1611 0.1611 0.1611 0.1611 0.1443 176.1535 176.1535 62.3928 0.8288 
fa4 = 0.8817 0.2352 0.2352 0.2352 0.2352 0.2352 0.2352 0.2352 0.1889 0.1889 0.1889 0.1889 0.1889 0.1889 0.1889 0.1611 0.1611 0.1611 0.1611 0.1611 0.1611 0.1611 0.1442 180.6093 180.6093 63.3697 0.8267 
fb1 = -0.1679 -0.1981 -0.1981 -0.1981 -0.1981 -0.1981 -0.1981 -0.1981 -0.2076 -0.2076 -0.2076 -0.2076 -0.2076 -0.2076 -0.2076 -0.2166 -0.2166 -0.2166 -0.2166 -0.2166 -0.2166 -0.2166 -0.2241 0.1673 0.1673 0.0615 -0.0605 
fb2 = -0.1679 -0.1980 -0.1980 -0.1980 -0.1980 -0.1980 -0.1980 -0.1980 -0.2076 -0.2076 -0.2076 -0.2076 -0.2076 -0.2076 -0.2076 -0.2165 -0.2165 -0.2165 -0.2165 -0.2165 -0.2165 -0.2165 -0.2240 0.1708 0.1708 0.0628 -0.0605 
fb3 = -0.1679 -0.1980 -0.1980 -0.1980 -0.1980 -0.1980 -0.1980 -0.1980 -0.2076 -0.2076 -0.2076 -0.2076 -0.2076 -0.2076 -0.2076 -0.2165 -0.2165 -0.2165 -0.2165 -0.2165 -0.2165 -0.2165 -0.2240 0.1708 0.1708 0.0628 -0.0605 
fb4 = -0.1678 -0.1980 -0.1980 -0.1980 -0.1980 -0.1980 -0.1980 -0.1980 -0.2075 -0.2075 -0.2075 -0.2075 -0.2075 -0.2075 -0.2075 -0.2165 -0.2165 -0.2165 -0.2165 -0.2165 -0.2165 -0.2165 -0.2240 0.1743 0.1743 0.0640 -0.0605 
I = 14.9000 9.4000 9.4000 9.4000 9.4000 9.4000 9.4000 9.4000 6.0000 6.0000 6.0000 6.0000 6.0000 6.0000 6.0000 2.0000 2.0000 2.0000 2.0000 2.0000 2.0000 2.0000 -2.0000 26.3099 26.3099 10.0000 3.9664 
S1 = 0.0000 0.0000 0.0000 0.0000 0.0000 0.0000 0.0000 0.0000 0.0000 0.0000 0.0000 0.0000 0.0000 0.0000 0.0000 0.0000 0.0000 0.0000 0.0000 0.0000 0.0000 0.0000 0.0000 0.0000 0.0000 0.0000 0.0000 
S2 = 0.0000 0.0000 0.0000 0.0000 0.0000 0.0000 0.0000 0.0000 0.0000 0.0000 0.0000 0.0000 0.0000 0.0000 0.0000 0.0000 0.0000 0.0000 0.0000 0.0000 0.0000 0.0000 0.0000 2.3099 2.3099 0.0000 14.9664 
u = 7.8257 7.6153 7.6153 7.6153 7.6153 7.6153 7.6153 7.6153 7.5275 7.5275 7.5275 7.5275 7.5275 7.5275 7.5275 7.4406 7.4406 7.4406 7.4406 7.4406 7.4406 7.4406 7.3648 11.5130 11.5130 12.1582 9.0530 
v = 36.3015 26.6597 26.6597 26.6597 26.6597 26.6597 26.6597 26.6597 23.3876 23.3876 23.3876 23.3876 23.3876 23.3876 23.3876 20.2869 20.2869 20.2869 20.2869 20.2869 20.2869 20.2869 17.6512 101.1516 101.1516 76.7994 30.1459 
