ExternalI = 5.5000 0.0000 0.0000 0.0000 0.0000 0.0000 0.0000 0.0000 4.0000 4.0000 4.0000 4.0000 4.0000 4.0000 4.0000 0.0000 0.0000 0.0000 0.0000 0.0000 0.0000 0.0000 0.0000 8.0000 8.0000 0.0000 0.0000 
before u = 7.8257 7.6153 7.6153 7.6153 7.6153 7.6153 7.6153 7.6153 7.5275 7.5275 7.5275 7.5275 7.5275 7.5275 7.5275 7.4406 7.4406 7.4406 7.4406 7.4406 7.4406 7.4406 7.3648 11.5130 11.5130 12.1582 9.0530 
before v = 36.3015 26.6597 26.6597 26.6597 26.6597 26.6597 26.6597 26.6597 23.3876 23.3876 23.3876 23.3876 23.3876 23.3876 23.3876 20.2869 20.2869 20.2869 20.2869 20.2869 20.2869 20.2869 17.6512 101.1516 101.1516 76.7994 30.1459 
Ibias = 9.4000 9.4000 9.4000 9.4000 9.4000 9.4000 9.4000 9.4000 2.0000 2.0000 2.0000 2.0000 2.0000 2.0000 2.0000 2.0000 2.0000 2.0000 2.0000 2.0000 2.0000 2.0000 -2.0000 16.0000 16.0000 10.0000 -11.0000 
fa1 = 0.8817 0.2352 0.2352 0.2352 0.2352 0.2352 0.2352 0.2352 0.1889 0.1889 0.1889 0.1889 0.1889 0.1889 0.1889 0.1611 0.1611 0.1611 0.1611 0.1611 0.1611 0.1611 0.1442 180.6034 180.6034 63.3696 0.7967 
fa2 = 0.8822 0.2352 0.2352 0.2352 0.2352 0.2352 0.2352 0.2352 0.1889 0.1889 0.1889 0.1889 0.1889 0.1889 0.1889 0.1611 0.1611 0.1611 0.1611 0.1611 0.1611 0.1611 0.1442 185.2334 185.2334 64.3694 0.7947 
fa3 = 0.8822 0.2352 0.2352 0.2352 0.2352 0.2352 0.2352 0.2352 0.1889 0.1889 0.1889 0.1889 0.1889 0.1889 0.1889 0.1611 0.1611 0.1611 0.1611 0.1611 0.1611 0.1611 0.1442 185.3530 185.3530 64.3852 0.7947 
fa4 = 0.8826 0.2352 0.2352 0.2352 0.2352 0.2352 0.2352 0.2352 0.1888 0.1888 0.1888 0.1888 0.1888 0.1888 0.1888 0.1610 0.1610 0.1610 0.1610 0.1610 0.1610 0.1610 0.1442 190.1775 190.1775 65.4097 0.7927 
fb1 = -0.1678 -0.1980 -0.1980 -0.1980 -0.1980 -0.1980 -0.1980 -0.1980 -0.2075 -0.2075 -0.2075 -0.2075 -0.2075 -0.2075 -0.2075 -0.2165 -0.2165 -0.2165 -0.2165 -0.2165 -0.2165 -0.2165 -0.2240 0.1743 0.1743 0.0640 -0.0605 
fb2 = -0.1678 -0.1979 -0.1979 -0.1979 -0.1979 -0.1979 -0.1979 -0.1979 -0.2075 -0.2075 -0.2075 -0.2075 -0.2075 -0.2075 -0.2075 -0.2164 -0.2164 -0.2164 -0.2164 -0.2164 -0.2164 -0.2164 -0.2239 0.1779 0.1779 0.0653 -0.0605 
fb3 = -0.1678 -0.1979 -0.1979 -0.1979 -0.1979 -0.1979 -0.1979 -0.1979 -0.2075 -0.2075 -0.2075 -0.2075 -0.2075 -0.2075 -0.2075 -0.2164 -0.2164 -0.2164 -0.2164 -0.2164 -0.2164 -0.2164 -0.2239 0.1780 0.1780 0.0653 -0.0605 
fb4 = -0.1677 -0.1979 -0.1979 -0.1979 -0.1979 -0.1979 -0.1979 -0.1979 -0.2075 -0.2075 -0.2075 -0.2075 -0.2075 -0.2075 -0.2075 -0.2164 -0.2164 -0.2164 -0.2164 -0.2164 -0.2164 -0.2164 -0.2239 0.1817 0.1817 0.0666 -0.0604 
I = 14.9000 9.4000 9.4000 9.4000 9.4000 9.4000 9.4000 9.4000 6.0000 6.0000 6.0000 6.0000 6.0000 6.0000 6.0000 2.0000 2.0000 2.0000 2.0000 2.0000 2.0000 2.0000 -2.0000 26.3052 26.3052 10.0000 3.9364 
S1 = 0.0000 0.0000 0.0000 0.0000 0.0000 0.0000 0.0000 0.0000 0.0000 0.0000 0.0000 0.0000 0.0000 0.0000 0.0000 0.0000 0.0000 0.0000 0.0000 0.0000 0.0000 0.0000 0.0000 0.0000 0.0000 0.0000 0.0000 
S2 = 0.0000 0.0000 0.0000 0.0000 0.0000 0.0000 0.0000 0.0000 0.0000 0.0000 0.0000 0.0000 0.0000 0.0000 0.0000 0.0000 0.0000 0.0000 0.0000 0.0000 0.0000 0.0000 0.0000 2.3052 2.3052 0.0000 14.9364 
u = 7.8240 7.6133 7.6133 7.6133 7.6133 7.6133 7.6133 7.6133 7.5254 7.5254 7.5254 7.5254 7.5254 7.5254 7.5254 7.4384 7.4384 7.4384 7.4384 7.4384 7.4384 7.4384 7.3625 11.5147 11.5147 12.1589 9.0524 
v = 36.3103 26.6620 26.6620 26.6620 26.6620 26.6620 26.6620 26.6620 23.3895 23.3895 23.3895 23.3895 23.3895 23.3895 23.3895 20.2885 20.2885 20.2885 20.2885 20.2885 20.2885 20.2885 17.6526 103.0049 103.0049 77.4432 30.1539 
