ExternalI = 5.5000 0.0000 0.0000 0.0000 0.0000 0.0000 0.0000 0.0000 4.0000 4.0000 4.0000 4.0000 4.0000 4.0000 4.0000 0.0000 0.0000 0.0000 0.0000 0.0000 0.0000 0.0000 0.0000 8.0000 8.0000 0.0000 0.0000 
before u = 9.6896 9.6831 9.6831 9.6831 9.6831 9.6831 9.6831 9.6831 9.6792 9.6792 9.6792 9.6792 9.6792 9.6792 9.6792 9.6747 9.6747 9.6747 9.6747 9.6747 9.6747 9.6747 9.6703 9.9034 9.9034 10.2134 9.8607 
before v = 23.5592 20.6531 20.6531 20.6531 20.6531 20.6531 20.6531 20.6531 18.9499 18.9499 18.9499 18.9499 18.9499 18.9499 18.9499 17.0285 17.0285 17.0285 17.0285 17.0285 17.0285 17.0285 15.1886 35.4366 35.4366 83.0255 16.0508 
Ibias = 9.4000 9.4000 9.4000 9.4000 9.4000 9.4000 9.4000 9.4000 2.0000 2.0000 2.0000 2.0000 2.0000 2.0000 2.0000 2.0000 2.0000 2.0000 2.0000 2.0000 2.0000 2.0000 -2.0000 16.0000 16.0000 10.0000 -11.0000 
fa1 = 6.7343 4.8197 4.8197 4.8197 4.8197 4.8197 4.8197 4.8197 3.8351 3.8351 3.8351 3.8351 3.8351 3.8351 3.8351 2.8386 2.8386 2.8386 2.8386 2.8386 2.8386 2.8386 1.9918 18.0169 18.0169 86.4394 2.6519 
fa2 = 6.6982 4.7887 4.7887 4.7887 4.7887 4.7887 4.7887 4.7887 3.8082 3.8082 3.8082 3.8082 3.8082 3.8082 3.8082 2.8170 2.8170 2.8170 2.8170 2.8170 2.8170 2.8170 1.9756 18.0026 18.0026 88.0203 2.6298 
fa3 = 6.6984 4.7890 4.7890 4.7890 4.7890 4.7890 4.7890 4.7890 3.8084 3.8084 3.8084 3.8084 3.8084 3.8084 3.8084 2.8172 2.8172 2.8172 2.8172 2.8172 2.8172 2.8172 1.9758 18.0026 18.0026 88.0494 2.6300 
fa4 = 6.6627 4.7583 4.7583 4.7583 4.7583 4.7583 4.7583 4.7583 3.7817 3.7817 3.7817 3.7817 3.7817 3.7817 3.7817 2.7957 2.7957 2.7957 2.7957 2.7957 2.7957 2.7957 1.9598 17.9890 17.9890 89.6759 2.6081 
fb1 = -0.2933 -0.3047 -0.3047 -0.3047 -0.3047 -0.3047 -0.3047 -0.3047 -0.3114 -0.3114 -0.3114 -0.3114 -0.3114 -0.3114 -0.3114 -0.3189 -0.3189 -0.3189 -0.3189 -0.3189 -0.3189 -0.3189 -0.3261 -0.0563 -0.0563 0.1278 -0.1330 
fb2 = -0.2932 -0.3046 -0.3046 -0.3046 -0.3046 -0.3046 -0.3046 -0.3046 -0.3112 -0.3112 -0.3112 -0.3112 -0.3112 -0.3112 -0.3112 -0.3188 -0.3188 -0.3188 -0.3188 -0.3188 -0.3188 -0.3188 -0.3260 -0.0560 -0.0560 0.1295 -0.1329 
fb3 = -0.2932 -0.3046 -0.3046 -0.3046 -0.3046 -0.3046 -0.3046 -0.3046 -0.3112 -0.3112 -0.3112 -0.3112 -0.3112 -0.3112 -0.3112 -0.3188 -0.3188 -0.3188 -0.3188 -0.3188 -0.3188 -0.3188 -0.3260 -0.0560 -0.0560 0.1296 -0.1329 
fb4 = -0.2930 -0.3044 -0.3044 -0.3044 -0.3044 -0.3044 -0.3044 -0.3044 -0.3111 -0.3111 -0.3111 -0.3111 -0.3111 -0.3111 -0.3111 -0.3186 -0.3186 -0.3186 -0.3186 -0.3186 -0.3186 -0.3186 -0.3258 -0.0556 -0.0556 0.1313 -0.1329 
I = 14.9000 9.4000 9.4000 9.4000 9.4000 9.4000 9.4000 9.4000 6.0000 6.0000 6.0000 6.0000 6.0000 6.0000 6.0000 2.0000 2.0000 2.0000 2.0000 2.0000 2.0000 2.0000 -2.0000 24.0000 24.0000 10.0000 -9.6402 
S1 = 0.0000 0.0000 0.0000 0.0000 0.0000 0.0000 0.0000 0.0000 0.0000 0.0000 0.0000 0.0000 0.0000 0.0000 0.0000 0.0000 0.0000 0.0000 0.0000 0.0000 0.0000 0.0000 0.0000 0.0000 0.0000 0.0000 0.0000 
S2 = 0.0000 0.0000 0.0000 0.0000 0.0000 0.0000 0.0000 0.0000 0.0000 0.0000 0.0000 0.0000 0.0000 0.0000 0.0000 0.0000 0.0000 0.0000 0.0000 0.0000 0.0000 0.0000 0.0000 0.0000 0.0000 0.0000 1.3598 
u = 9.6867 9.6800 9.6800 9.6800 9.6800 9.6800 9.6800 9.6800 9.6761 9.6761 9.6761 9.6761 9.6761 9.6761 9.6761 9.6715 9.6715 9.6715 9.6715 9.6715 9.6715 9.6715 9.6670 9.9029 9.9029 10.2147 9.8594 
v = 23.6261 20.7010 20.7010 20.7010 20.7010 20.7010 20.7010 20.7010 18.9880 18.9880 18.9880 18.9880 18.9880 18.9880 18.9880 17.0567 17.0567 17.0567 17.0567 17.0567 17.0567 17.0567 15.2083 35.6166 35.6166 83.9059 16.0771 
