ExternalI = 5.5000 0.0000 0.0000 0.0000 0.0000 0.0000 0.0000 0.0000 4.0000 4.0000 4.0000 4.0000 4.0000 4.0000 4.0000 0.0000 0.0000 0.0000 0.0000 0.0000 0.0000 0.0000 0.0000 8.0000 8.0000 0.0000 0.0000 
before u = 9.6867 9.6800 9.6800 9.6800 9.6800 9.6800 9.6800 9.6800 9.6761 9.6761 9.6761 9.6761 9.6761 9.6761 9.6761 9.6715 9.6715 9.6715 9.6715 9.6715 9.6715 9.6715 9.6670 9.9029 9.9029 10.2147 9.8594 
before v = 23.6261 20.7010 20.7010 20.7010 20.7010 20.7010 20.7010 20.7010 18.9880 18.9880 18.9880 18.9880 18.9880 18.9880 18.9880 17.0567 17.0567 17.0567 17.0567 17.0567 17.0567 17.0567 15.2083 35.6166 35.6166 83.9059 16.0771 
Ibias = 9.4000 9.4000 9.4000 9.4000 9.4000 9.4000 9.4000 9.4000 2.0000 2.0000 2.0000 2.0000 2.0000 2.0000 2.0000 2.0000 2.0000 2.0000 2.0000 2.0000 2.0000 2.0000 -2.0000 16.0000 16.0000 10.0000 -11.0000 
fa1 = 6.6627 4.7583 4.7583 4.7583 4.7583 4.7583 4.7583 4.7583 3.7817 3.7817 3.7817 3.7817 3.7817 3.7817 3.7817 2.7957 2.7957 2.7957 2.7957 2.7957 2.7957 2.7957 1.9598 17.9890 17.9890 89.6757 2.6054 
fa2 = 6.6272 4.7278 4.7278 4.7278 4.7278 4.7278 4.7278 4.7278 3.7553 3.7553 3.7553 3.7553 3.7553 3.7553 3.7553 2.7745 2.7745 2.7745 2.7745 2.7745 2.7745 2.7745 1.9439 17.9761 17.9761 91.3476 2.5837 
fa3 = 6.6274 4.7280 4.7280 4.7280 4.7280 4.7280 4.7280 4.7280 3.7555 3.7555 3.7555 3.7555 3.7555 3.7555 3.7555 2.7746 2.7746 2.7746 2.7746 2.7746 2.7746 2.7746 1.9441 17.9761 17.9761 91.3790 2.5839 
fa4 = 6.5922 4.6979 4.6979 4.6979 4.6979 4.6979 4.6979 4.6979 3.7293 3.7293 3.7293 3.7293 3.7293 3.7293 3.7293 2.7536 2.7536 2.7536 2.7536 2.7536 2.7536 2.7536 1.9284 17.9638 17.9638 93.1002 2.5625 
fb1 = -0.2930 -0.3044 -0.3044 -0.3044 -0.3044 -0.3044 -0.3044 -0.3044 -0.3111 -0.3111 -0.3111 -0.3111 -0.3111 -0.3111 -0.3111 -0.3186 -0.3186 -0.3186 -0.3186 -0.3186 -0.3186 -0.3186 -0.3258 -0.0556 -0.0556 0.1313 -0.1329 
fb2 = -0.2928 -0.3042 -0.3042 -0.3042 -0.3042 -0.3042 -0.3042 -0.3042 -0.3110 -0.3110 -0.3110 -0.3110 -0.3110 -0.3110 -0.3110 -0.3185 -0.3185 -0.3185 -0.3185 -0.3185 -0.3185 -0.3185 -0.3257 -0.0552 -0.0552 0.1331 -0.1328 
fb3 = -0.2928 -0.3042 -0.3042 -0.3042 -0.3042 -0.3042 -0.3042 -0.3042 -0.3110 -0.3110 -0.3110 -0.3110 -0.3110 -0.3110 -0.3110 -0.3185 -0.3185 -0.3185 -0.3185 -0.3185 -0.3185 -0.3185 -0.3257 -0.0552 -0.0552 0.1331 -0.1328 
fb4 = -0.2926 -0.3041 -0.3041 -0.3041 -0.3041 -0.3041 -0.3041 -0.3041 -0.3108 -0.3108 -0.3108 -0.3108 -0.3108 -0.3108 -0.3108 -0.3184 -0.3184 -0.3184 -0.3184 -0.3184 -0.3184 -0.3184 -0.3256 -0.0549 -0.0549 0.1350 -0.1327 
I = 14.9000 9.4000 9.4000 9.4000 9.4000 9.4000 9.4000 9.4000 6.0000 6.0000 6.0000 6.0000 6.0000 6.0000 6.0000 2.0000 2.0000 2.0000 2.0000 2.0000 2.0000 2.0000 -2.0000 24.0000 24.0000 10.0000 -9.6429 
S1 = 0.0000 0.0000 0.0000 0.0000 0.0000 0.0000 0.0000 0.0000 0.0000 0.0000 0.0000 0.0000 0.0000 0.0000 0.0000 0.0000 0.0000 0.0000 0.0000 0.0000 0.0000 0.0000 0.0000 0.0000 0.0000 0.0000 0.0000 
S2 = 0.0000 0.0000 0.0000 0.0000 0.0000 0.0000 0.0000 0.0000 0.0000 0.0000 0.0000 0.0000 0.0000 0.0000 0.0000 0.0000 0.0000 0.0000 0.0000 0.0000 0.0000 0.0000 0.0000 0.0000 0.0000 0.0000 1.3571 
u = 9.6837 9.6770 9.6770 9.6770 9.6770 9.6770 9.6770 9.6770 9.6729 9.6729 9.6729 9.6729 9.6729 9.6729 9.6729 9.6683 9.6683 9.6683 9.6683 9.6683 9.6683 9.6683 9.6637 9.9023 9.9023 10.2161 9.8581 
v = 23.6924 20.7482 20.7482 20.7482 20.7482 20.7482 20.7482 20.7482 19.0255 19.0255 19.0255 19.0255 19.0255 19.0255 19.0255 17.0844 17.0844 17.0844 17.0844 17.0844 17.0844 17.0844 15.2278 35.7964 35.7964 84.8196 16.1029 
